Orthogroup	Prak	Prav
OG0000000	Prak.g_01562	Prav.g_01695, Prav.g_00973
OG0000002	Prak.g_00908, Prak.g_00913	Prav.g_01466
OG0000002	Prak.g_01202, Prak.g_01323, Prak.g_01200, Prak.g_01207, Prak.g_01494, Prak.g_00805	Prav.g_01276
OG0000004	Prak.g_00826	Prav.g_01293
OG0000004	Prak.g_00248	Prav.g_00806
OG0000005	Prak.g_01474	Prav.g_01654
OG0000006	Prak.g_00258	Prav.g_02001
OG0000007	Prak.g_00458	Prav.g_01095
OG0000007	Prak.g_01645	Prav.g_01761
OG0000008	Prak.g_01544	Prav.g_01749
OG0000008	Prak.g_01545, Prak.g_01546	Prav.g_01750
OG0000010	Prak.g_00739, Prak.g_01034, Prak.g_00435	Prav.g_01072
OG0000012	Prak.g_01506, Prak.g_00584	Prav.g_01221
OG0000013	Prak.g_00343	Prav.g_01973
OG0000014	Prak.g_00325	Prav.g_01952
OG0000015	Prak.g_01584, Prak.g_01630	Prav.g_00363, Prav.g_00961
OG0000016	Prak.g_00013	Prav.g_00081
OG0000016	Prak.g_01230	Prav.g_01385
OG0000017	Prak.g_00559	Prav.g_01194
OG0000018	Prak.g_01194	Prav.g_00046
OG0000018	Prak.g_00873	Prav.g_00424
OG0000019	Prak.g_00266	Prav.g_01896
OG0000019	Prak.g_01196	Prav.g_00375
OG0000020	Prak.g_01498	Prav.g_00014
OG0000020	Prak.g_01527	Prav.g_01386
OG0000021	Prak.g_01499	Prav.g_00984
OG0000022	Prak.g_01482	Prav.g_00360
OG0000023	Prak.g_00721	Prav.g_00979
OG0000024	Prak.g_01038	Prav.g_00343
OG0000024	Prak.g_00802	Prav.g_01273
OG0000025	Prak.g_00881	Prav.g_00431, Prav.g_01977
OG0000026	Prak.g_00032	Prav.g_01324, Prav.g_00099, Prav.g_00226
OG0000027	Prak.g_01521	Prav.g_01068, Prav.g_01416
OG0000028	Prak.g_01543	Prav.g_01885
OG0000029	Prak.g_01534, Prak.g_01576	Prav.g_00350
OG0000030	Prak.g_01853	Prav.g_00699
OG0000033	Prak.g_00181	Prav.g_00869
OG0000034	Prak.g_01288	Prav.g_01448
OG0000037	Prak.g_00115	Prav.g_00174
OG0000038	Prak.g_01893	Prav.g_00739
OG0000039	Prak.g_00814	Prav.g_01284
OG0000041	Prak.g_01692	Prav.g_01808
OG0000042	Prak.g_01850	Prav.g_00696
OG0000043	Prak.g_01193	Prav.g_00467
OG0000045	Prak.g_01216	Prav.g_00990
OG0000048	Prak.g_00289	Prav.g_00993
OG0000050	Prak.g_00741	Prav.g_01013
OG0000052	Prak.g_01369	Prav.g_01533
OG0000053	Prak.g_01590, Prak.g_01412	Prav.g_01598
OG0000054	Prak.g_00568	Prav.g_01202
OG0000055	Prak.g_01221	Prav.g_00376
OG0000057	Prak.g_00829	Prav.g_01296
OG0000058	Prak.g_01351	Prav.g_01512
OG0000059	Prak.g_01732	Prav.g_00292
OG0000061	Prak.g_01172	Prav.g_00065
OG0000062	Prak.g_01476	Prav.g_01551, Prav.g_01338, Prav.g_01656
OG0000063	Prak.g_01530	Prav.g_00101
OG0000065	Prak.g_00113	Prav.g_00172
OG0000066	Prak.g_00498, Prak.g_01557	Prav.g_01137
OG0000067	Prak.g_00845	Prav.g_00397
OG0000068	Prak.g_01329	Prav.g_01473
OG0000069	Prak.g_00416	Prav.g_01881, Prav.g_01689
OG0000070	Prak.g_00412	Prav.g_01049
OG0000071	Prak.g_01277	Prav.g_01438
OG0000072	Prak.g_00183	Prav.g_00867
OG0000073	Prak.g_00461	Prav.g_01097
OG0000074	Prak.g_00809	Prav.g_01280
OG0000075	Prak.g_01816	Prav.g_00665
OG0000076	Prak.g_01842	Prav.g_00689
OG0000077	Prak.g_00083	Prav.g_00143
OG0000078	Prak.g_00256	Prav.g_00799
OG0000079	Prak.g_00269	Prav.g_01899
OG0000081	Prak.g_00490	Prav.g_01129
OG0000082	Prak.g_00546, Prak.g_01634	Prav.g_01182
OG0000084	Prak.g_01388	Prav.g_01574
OG0000085	Prak.g_01637, Prak.g_01516	Prav.g_01754
OG0000086	Prak.g_00092	Prav.g_00153
OG0000087	Prak.g_00147	Prav.g_00204
OG0000088	Prak.g_00178	Prav.g_00872
OG0000089	Prak.g_00379	Prav.g_00975
OG0000090	Prak.g_00492	Prav.g_01131
OG0000091	Prak.g_01100	Prav.g_01240
OG0000092	Prak.g_00775	Prav.g_00504
OG0000093	Prak.g_01071	Prav.g_01497, Prav.g_00525
OG0000094	Prak.g_01022	Prav.g_00914
OG0000095	Prak.g_00920	Prav.g_00933
OG0000096	Prak.g_00702	Prav.g_01732, Prav.g_01400
OG0000097	Prak.g_01126	Prav.g_01840
OG0000098	Prak.g_01305	Prav.g_01455
OG0000099	Prak.g_01352	Prav.g_01514
OG0000100	Prak.g_01470	Prav.g_01652
OG0000101	Prak.g_01780	Prav.g_00632
OG0000102	Prak.g_01847	Prav.g_00694
OG0000103	Prak.g_01932	Prav.g_00773
OG0000104	Prak.g_01941	Prav.g_00782
OG0000105	Prak.g_00292	Prav.g_01920
OG0000106	Prak.g_00687	Prav.g_00989
OG0000107	Prak.g_01709	Prav.g_01001
OG0000108	Prak.g_00441	Prav.g_01078
OG0000109	Prak.g_00455	Prav.g_01092
OG0000110	Prak.g_00535	Prav.g_01172
OG0000111	Prak.g_00830	Prav.g_01297
OG0000112	Prak.g_00608	Prav.g_00364
OG0000113	Prak.g_00868	Prav.g_00419
OG0000114	Prak.g_00770	Prav.g_00499
OG0000115	Prak.g_01241	Prav.g_00010
OG0000116	Prak.g_01183	Prav.g_00055
OG0000117	Prak.g_01145	Prav.g_01390
OG0000118	Prak.g_01290	Prav.g_01450
OG0000119	Prak.g_01226, Prak.g_01488	Prav.g_01469
OG0000120	Prak.g_01349	Prav.g_01513
OG0000121	Prak.g_01393	Prav.g_01580
OG0000122	Prak.g_01248, Prak.g_01434	Prav.g_01618
OG0000123	Prak.g_01787	Prav.g_00639
OG0000124	Prak.g_01859	Prav.g_00705
OG0000125	Prak.g_01895	Prav.g_00741
OG0000126	Prak.g_01940	Prav.g_00781
OG0000128	Prak.g_00011	Prav.g_00079
OG0000129	Prak.g_00045	Prav.g_00115
OG0000130	Prak.g_00074	Prav.g_00134
OG0000131	Prak.g_00156	Prav.g_00212
OG0000132	Prak.g_00176	Prav.g_00874
OG0000133	Prak.g_00339	Prav.g_01968
OG0000134	Prak.g_00381	Prav.g_00976
OG0000135	Prak.g_01259	Prav.g_00999
OG0000136	Prak.g_00403	Prav.g_01040
OG0000137	Prak.g_00436	Prav.g_01073
OG0000138	Prak.g_00456	Prav.g_01093
OG0000139	Prak.g_00496	Prav.g_01135
OG0000140	Prak.g_00497	Prav.g_01136
OG0000141	Prak.g_00569	Prav.g_01203
OG0000142	Prak.g_01108	Prav.g_01233
OG0000143	Prak.g_01104	Prav.g_01237
OG0000144	Prak.g_01090	Prav.g_01250
OG0000145	Prak.g_01261	Prav.g_00362
OG0000146	Prak.g_00607	Prav.g_00365
OG0000147	Prak.g_00606	Prav.g_00366
OG0000148	Prak.g_00862	Prav.g_00413
OG0000149	Prak.g_00894	Prav.g_00443
OG0000150	Prak.g_00904	Prav.g_00451
OG0000151	Prak.g_00780	Prav.g_00509
OG0000152	Prak.g_00973	Prav.g_00556
OG0000153	Prak.g_00992	Prav.g_00575
OG0000154	Prak.g_01012	Prav.g_00907
OG0000155	Prak.g_01151	Prav.g_01861
OG0000156	Prak.g_01266	Prav.g_01427
OG0000157	Prak.g_01267	Prav.g_01428
OG0000158	Prak.g_01824	Prav.g_01505
OG0000159	Prak.g_00065	Prav.g_01506
OG0000160	Prak.g_01392	Prav.g_01579
OG0000161	Prak.g_01398	Prav.g_01585
OG0000162	Prak.g_01404	Prav.g_01591
OG0000163	Prak.g_01443	Prav.g_01625
OG0000164	Prak.g_01669	Prav.g_01785
OG0000165	Prak.g_01676	Prav.g_01792
OG0000166	Prak.g_01743	Prav.g_00596
OG0000167	Prak.g_01814	Prav.g_00663
OG0000168	Prak.g_01825	Prav.g_00673
OG0000169	Prak.g_01835	Prav.g_00683
OG0000170	Prak.g_01838	Prav.g_00685
OG0000171	Prak.g_01858	Prav.g_00704
OG0000172	Prak.g_01865	Prav.g_00712
OG0000173	Prak.g_01880	Prav.g_00727
OG0000174	Prak.g_01910	Prav.g_00755
OG0000175	Prak.g_01923	Prav.g_00765
OG0000176	Prak.g_00004	Prav.g_00790
OG0000177	Prak.g_00005	Prav.g_00791
OG0000178	Prak.g_00006	Prav.g_00792
OG0000179	Prak.g_00016	Prav.g_00084
OG0000180	Prak.g_00017	Prav.g_00085
OG0000181	Prak.g_00018	Prav.g_00086
OG0000182	Prak.g_00019	Prav.g_00087
OG0000183	Prak.g_00023	Prav.g_00091
OG0000184	Prak.g_00049	Prav.g_00117
OG0000185	Prak.g_00052	Prav.g_00120
OG0000186	Prak.g_00068	Prav.g_00129
OG0000187	Prak.g_00069	Prav.g_00130
OG0000188	Prak.g_00086	Prav.g_00147
OG0000189	Prak.g_00100	Prav.g_00161
OG0000190	Prak.g_00102	Prav.g_00162
OG0000191	Prak.g_00125	Prav.g_00182
OG0000192	Prak.g_00130	Prav.g_00186
OG0000193	Prak.g_00157	Prav.g_00213
OG0000194	Prak.g_00160	Prav.g_00216
OG0000195	Prak.g_00162	Prav.g_00887
OG0000196	Prak.g_00173	Prav.g_00877
OG0000197	Prak.g_00174	Prav.g_00876
OG0000198	Prak.g_00175	Prav.g_00875
OG0000199	Prak.g_00182	Prav.g_00868
OG0000200	Prak.g_00196	Prav.g_00854
OG0000201	Prak.g_00205	Prav.g_00846
OG0000202	Prak.g_00206	Prav.g_00845
OG0000203	Prak.g_00207	Prav.g_00844
OG0000204	Prak.g_00208	Prav.g_00843
OG0000205	Prak.g_00215	Prav.g_00836
OG0000206	Prak.g_00220	Prav.g_00831
OG0000207	Prak.g_00223	Prav.g_00829
OG0000208	Prak.g_00224	Prav.g_00828
OG0000209	Prak.g_00233	Prav.g_00819
OG0000210	Prak.g_00234	Prav.g_00818
OG0000211	Prak.g_00249	Prav.g_00805
OG0000212	Prak.g_00257	Prav.g_00798
OG0000213	Prak.g_00275	Prav.g_01904
OG0000214	Prak.g_00285	Prav.g_01914
OG0000215	Prak.g_00312	Prav.g_01938
OG0000216	Prak.g_00313	Prav.g_01940
OG0000217	Prak.g_00316	Prav.g_01943
OG0000218	Prak.g_00318	Prav.g_01945
OG0000219	Prak.g_00319	Prav.g_01946
OG0000220	Prak.g_00320	Prav.g_01947
OG0000221	Prak.g_00321	Prav.g_01948
OG0000222	Prak.g_00328	Prav.g_01956
OG0000223	Prak.g_00340	Prav.g_01969
OG0000224	Prak.g_00342	Prav.g_01971
OG0000225	Prak.g_00368	Prav.g_01992
OG0000226	Prak.g_00372	Prav.g_01996
OG0000227	Prak.g_00374	Prav.g_01998
OG0000228	Prak.g_00378	Prav.g_00974
OG0000229	Prak.g_00398	Prav.g_01035
OG0000230	Prak.g_00400	Prav.g_01037
OG0000231	Prak.g_00411	Prav.g_01048
OG0000232	Prak.g_00422	Prav.g_01056
OG0000233	Prak.g_00428	Prav.g_01061
OG0000234	Prak.g_00437	Prav.g_01074
OG0000235	Prak.g_00440	Prav.g_01077
OG0000236	Prak.g_00454	Prav.g_01091
OG0000237	Prak.g_00467	Prav.g_01104
OG0000238	Prak.g_00473	Prav.g_01110
OG0000239	Prak.g_00484	Prav.g_01123
OG0000240	Prak.g_00485	Prav.g_01124
OG0000241	Prak.g_00489	Prav.g_01128
OG0000242	Prak.g_00491	Prav.g_01130
OG0000243	Prak.g_00502	Prav.g_00954, Prav.g_01141
OG0000244	Prak.g_00506	Prav.g_01144
OG0000245	Prak.g_00508	Prav.g_01146
OG0000246	Prak.g_00512	Prav.g_01150
OG0000247	Prak.g_00522	Prav.g_01160
OG0000248	Prak.g_00525	Prav.g_01162
OG0000249	Prak.g_00527	Prav.g_01164
OG0000250	Prak.g_00532	Prav.g_01169
OG0000251	Prak.g_00552	Prav.g_01187
OG0000252	Prak.g_00555	Prav.g_01190
OG0000253	Prak.g_00556	Prav.g_01191
OG0000254	Prak.g_00573	Prav.g_01207
OG0000255	Prak.g_00579	Prav.g_01213
OG0000256	Prak.g_00589	Prav.g_01225
OG0000257	Prak.g_01113	Prav.g_01228
OG0000258	Prak.g_01099	Prav.g_01241
OG0000259	Prak.g_01082	Prav.g_01258
OG0000260	Prak.g_01079	Prav.g_01261
OG0000261	Prak.g_01076	Prav.g_01263
OG0000262	Prak.g_01072	Prav.g_01267
OG0000263	Prak.g_00808	Prav.g_01279
OG0000264	Prak.g_00819	Prav.g_01289
OG0000265	Prak.g_00837	Prav.g_00306
OG0000266	Prak.g_01053	Prav.g_00316
OG0000267	Prak.g_01041	Prav.g_00327
OG0000268	Prak.g_01040	Prav.g_00328
OG0000269	Prak.g_00840	Prav.g_00392
OG0000270	Prak.g_00843	Prav.g_00395
OG0000271	Prak.g_00851	Prav.g_00403
OG0000272	Prak.g_00852	Prav.g_00404
OG0000273	Prak.g_00876	Prav.g_00427
OG0000274	Prak.g_00877	Prav.g_00428
OG0000275	Prak.g_00880	Prav.g_00430
OG0000276	Prak.g_00886	Prav.g_00435
OG0000277	Prak.g_00887	Prav.g_00436
OG0000278	Prak.g_00890	Prav.g_00439
OG0000279	Prak.g_00897	Prav.g_00446
OG0000280	Prak.g_00898	Prav.g_00447
OG0000281	Prak.g_00905	Prav.g_00452
OG0000282	Prak.g_00772	Prav.g_00501
OG0000283	Prak.g_00949	Prav.g_00533
OG0000284	Prak.g_00954	Prav.g_00538
OG0000285	Prak.g_00959	Prav.g_00543
OG0000286	Prak.g_00972	Prav.g_00555
OG0000287	Prak.g_01238	Prav.g_00572
OG0000288	Prak.g_01011	Prav.g_00906
OG0000289	Prak.g_01027	Prav.g_00917
OG0000290	Prak.g_00923	Prav.g_00930
OG0000291	Prak.g_00921	Prav.g_00932
OG0000292	Prak.g_01217	Prav.g_00261
OG0000293	Prak.g_01182	Prav.g_00056
OG0000294	Prak.g_01181	Prav.g_00057
OG0000295	Prak.g_01158	Prav.g_00077
OG0000296	Prak.g_01156	Prav.g_01867
OG0000297	Prak.g_01147	Prav.g_01859
OG0000298	Prak.g_01146	Prav.g_01858
OG0000299	Prak.g_01127	Prav.g_01841
OG0000300	Prak.g_01124	Prav.g_01838
OG0000301	Prak.g_01123	Prav.g_00955, Prav.g_01837
OG0000302	Prak.g_01121	Prav.g_01835
OG0000303	Prak.g_01115	Prav.g_01828
OG0000304	Prak.g_00594	Prav.g_01824
OG0000305	Prak.g_01215	Prav.g_01465
OG0000306	Prak.g_00909	Prav.g_01468
OG0000307	Prak.g_01338	Prav.g_01482
OG0000308	Prak.g_01339	Prav.g_01483
OG0000309	Prak.g_01343	Prav.g_01487
OG0000310	Prak.g_01377	Prav.g_01563
OG0000311	Prak.g_01379	Prav.g_01565
OG0000312	Prak.g_01382	Prav.g_01568
OG0000313	Prak.g_01395	Prav.g_01582
OG0000314	Prak.g_01418	Prav.g_01605
OG0000315	Prak.g_01428	Prav.g_01615
OG0000316	Prak.g_01453	Prav.g_01635
OG0000317	Prak.g_01642	Prav.g_01759
OG0000318	Prak.g_01646	Prav.g_01762
OG0000319	Prak.g_01659	Prav.g_01775
OG0000320	Prak.g_01661	Prav.g_01777
OG0000321	Prak.g_01662	Prav.g_01778
OG0000322	Prak.g_01663	Prav.g_01779
OG0000323	Prak.g_01672	Prav.g_01788
OG0000324	Prak.g_01699	Prav.g_01815
OG0000325	Prak.g_01710	Prav.g_00269
OG0000326	Prak.g_01717	Prav.g_00275
OG0000327	Prak.g_01738	Prav.g_00591
OG0000328	Prak.g_01739	Prav.g_00592
OG0000329	Prak.g_01756	Prav.g_00609
OG0000330	Prak.g_01757	Prav.g_00610
OG0000331	Prak.g_01758	Prav.g_00611
OG0000332	Prak.g_01772	Prav.g_00625
OG0000333	Prak.g_01774	Prav.g_00627
OG0000334	Prak.g_01783	Prav.g_00635
OG0000335	Prak.g_01788	Prav.g_00640
OG0000336	Prak.g_01792	Prav.g_00644
OG0000337	Prak.g_01810	Prav.g_00661
OG0000338	Prak.g_01811	Prav.g_00662
OG0000339	Prak.g_01817	Prav.g_00666
OG0000340	Prak.g_01826	Prav.g_00674
OG0000341	Prak.g_01828	Prav.g_00676
OG0000342	Prak.g_01829	Prav.g_00677
OG0000343	Prak.g_01830	Prav.g_00678
OG0000344	Prak.g_01833	Prav.g_00681
OG0000345	Prak.g_01839	Prav.g_00686
OG0000346	Prak.g_01843	Prav.g_00690
OG0000347	Prak.g_01860	Prav.g_00706
OG0000348	Prak.g_01868	Prav.g_00715
OG0000349	Prak.g_01886	Prav.g_00732
OG0000350	Prak.g_00656	Prav.g_00751
OG0000351	Prak.g_01926	Prav.g_00768
OG0000352	Prak.g_01927	Prav.g_00769
OG0000353	Prak.g_01944	Prav.g_00785
OG0000355	Prak.g_00001	Prav.g_00787
OG0000356	Prak.g_00002	Prav.g_00788
OG0000357	Prak.g_00003	Prav.g_00789
OG0000358	Prak.g_00007	Prav.g_00793
OG0000359	Prak.g_00008	Prav.g_00794
OG0000360	Prak.g_00009	Prav.g_00795
OG0000361	Prak.g_00010	Prav.g_00078
OG0000362	Prak.g_00012	Prav.g_00080
OG0000363	Prak.g_00014	Prav.g_00082
OG0000364	Prak.g_00015	Prav.g_00083
OG0000365	Prak.g_00020	Prav.g_00088
OG0000366	Prak.g_00021	Prav.g_00089
OG0000367	Prak.g_00022	Prav.g_00090
OG0000368	Prak.g_00024	Prav.g_00092
OG0000369	Prak.g_00025	Prav.g_00093
OG0000370	Prak.g_00026	Prav.g_00094
OG0000371	Prak.g_00033	Prav.g_00100
OG0000372	Prak.g_00036	Prav.g_00103
OG0000373	Prak.g_00037	Prav.g_00104
OG0000374	Prak.g_00038	Prav.g_00105
OG0000375	Prak.g_00040	Prav.g_00111
OG0000376	Prak.g_00042	Prav.g_00113
OG0000377	Prak.g_00046	Prav.g_00116
OG0000378	Prak.g_00050	Prav.g_00118
OG0000379	Prak.g_00053	Prav.g_00121
OG0000380	Prak.g_00070	Prav.g_00131
OG0000381	Prak.g_00075	Prav.g_00135
OG0000382	Prak.g_00085	Prav.g_00146
OG0000383	Prak.g_00087	Prav.g_00148
OG0000384	Prak.g_00088	Prav.g_00149
OG0000385	Prak.g_00089	Prav.g_00150
OG0000386	Prak.g_00090	Prav.g_00151
OG0000387	Prak.g_00104	Prav.g_00164
OG0000388	Prak.g_00108	Prav.g_00167
OG0000389	Prak.g_00111	Prav.g_00171
OG0000390	Prak.g_00121	Prav.g_00178
OG0000391	Prak.g_00124	Prav.g_00181
OG0000392	Prak.g_00128	Prav.g_00185
OG0000393	Prak.g_00131	Prav.g_00187
OG0000394	Prak.g_00132	Prav.g_00188
OG0000395	Prak.g_00133	Prav.g_00189
OG0000396	Prak.g_00135	Prav.g_00192
OG0000397	Prak.g_00137	Prav.g_00194
OG0000398	Prak.g_00140	Prav.g_00196
OG0000399	Prak.g_00141	Prav.g_00197
OG0000400	Prak.g_00142	Prav.g_00198
OG0000401	Prak.g_00143	Prav.g_00199
OG0000402	Prak.g_01035	Prav.g_00201
OG0000403	Prak.g_00145	Prav.g_00202
OG0000404	Prak.g_00146	Prav.g_00203
OG0000405	Prak.g_00150	Prav.g_00207
OG0000406	Prak.g_00158	Prav.g_00214
OG0000407	Prak.g_00159	Prav.g_00215
OG0000409	Prak.g_00163	Prav.g_00886
OG0000410	Prak.g_00164	Prav.g_00885
OG0000411	Prak.g_00165	Prav.g_00884
OG0000412	Prak.g_00166	Prav.g_00883
OG0000413	Prak.g_00168	Prav.g_00882
OG0000414	Prak.g_00169	Prav.g_00881
OG0000415	Prak.g_00170	Prav.g_00880
OG0000416	Prak.g_00171	Prav.g_00879
OG0000417	Prak.g_00172	Prav.g_00878
OG0000418	Prak.g_00177	Prav.g_00873
OG0000419	Prak.g_00179	Prav.g_00871
OG0000420	Prak.g_00180	Prav.g_00870
OG0000421	Prak.g_00185	Prav.g_00865
OG0000422	Prak.g_00186	Prav.g_00864
OG0000423	Prak.g_00187	Prav.g_00863
OG0000424	Prak.g_00188	Prav.g_00862
OG0000425	Prak.g_00189	Prav.g_00861
OG0000426	Prak.g_00190	Prav.g_00860
OG0000427	Prak.g_00191	Prav.g_00859
OG0000428	Prak.g_00193	Prav.g_00857
OG0000429	Prak.g_00194	Prav.g_00856
OG0000430	Prak.g_00195	Prav.g_00855
OG0000431	Prak.g_00197	Prav.g_00853
OG0000432	Prak.g_00201	Prav.g_00850
OG0000433	Prak.g_00202	Prav.g_00849
OG0000434	Prak.g_00203	Prav.g_00848
OG0000435	Prak.g_00204	Prav.g_00847
OG0000436	Prak.g_00209	Prav.g_00842
OG0000437	Prak.g_00210	Prav.g_00841
OG0000438	Prak.g_00211	Prav.g_00840
OG0000439	Prak.g_00213	Prav.g_00838
OG0000440	Prak.g_00214	Prav.g_00837
OG0000441	Prak.g_00217	Prav.g_00834
OG0000442	Prak.g_00218	Prav.g_00833
OG0000443	Prak.g_00219	Prav.g_00832
OG0000444	Prak.g_00225	Prav.g_00827
OG0000445	Prak.g_00226	Prav.g_00826
OG0000446	Prak.g_00227	Prav.g_00825
OG0000447	Prak.g_00228	Prav.g_00824
OG0000448	Prak.g_00229	Prav.g_00823
OG0000449	Prak.g_00230	Prav.g_00822
OG0000450	Prak.g_00231	Prav.g_00821
OG0000451	Prak.g_00232	Prav.g_00820
OG0000452	Prak.g_00235	Prav.g_00817
OG0000453	Prak.g_00236	Prav.g_00816
OG0000454	Prak.g_00237	Prav.g_00815
OG0000455	Prak.g_00238	Prav.g_00814
OG0000456	Prak.g_00239	Prav.g_00813
OG0000457	Prak.g_00241	Prav.g_00812
OG0000458	Prak.g_00242	Prav.g_00811
OG0000459	Prak.g_00243	Prav.g_00810
OG0000460	Prak.g_00251	Prav.g_00803
OG0000461	Prak.g_00259	Prav.g_01889
OG0000462	Prak.g_00261	Prav.g_01891
OG0000463	Prak.g_00262	Prav.g_01892
OG0000464	Prak.g_00263	Prav.g_01893
OG0000465	Prak.g_00264	Prav.g_01894
OG0000466	Prak.g_00267	Prav.g_01897
OG0000467	Prak.g_00268	Prav.g_01898
OG0000468	Prak.g_00271	Prav.g_01900
OG0000469	Prak.g_00279	Prav.g_01909
OG0000470	Prak.g_00281	Prav.g_01911
OG0000471	Prak.g_00282	Prav.g_01912
OG0000472	Prak.g_00284	Prav.g_01913
OG0000473	Prak.g_00286	Prav.g_01915
OG0000474	Prak.g_00287	Prav.g_01916
OG0000475	Prak.g_00288	Prav.g_01917
OG0000476	Prak.g_00290	Prav.g_01918
OG0000477	Prak.g_00293	Prav.g_01921
OG0000478	Prak.g_00294	Prav.g_01922
OG0000479	Prak.g_00295	Prav.g_01923
OG0000480	Prak.g_00300	Prav.g_01928
OG0000481	Prak.g_00303	Prav.g_01930
OG0000482	Prak.g_00304	Prav.g_01931
OG0000483	Prak.g_00307	Prav.g_01934
OG0000484	Prak.g_00308	Prav.g_01935
OG0000485	Prak.g_00310	Prav.g_01936
OG0000486	Prak.g_00311	Prav.g_01937
OG0000487	Prak.g_00314	Prav.g_01941
OG0000488	Prak.g_00317	Prav.g_01944
OG0000489	Prak.g_00322	Prav.g_01949
OG0000490	Prak.g_00326	Prav.g_01954
OG0000491	Prak.g_00327	Prav.g_01955
OG0000492	Prak.g_00329	Prav.g_01957
OG0000493	Prak.g_00330	Prav.g_01958
OG0000494	Prak.g_00331	Prav.g_01959
OG0000495	Prak.g_00332	Prav.g_01960
OG0000496	Prak.g_00333	Prav.g_01961
OG0000497	Prak.g_00334	Prav.g_01962
OG0000498	Prak.g_00335	Prav.g_01963
OG0000499	Prak.g_00336	Prav.g_01964
OG0000500	Prak.g_00337	Prav.g_01965
OG0000501	Prak.g_00338	Prav.g_01967
OG0000502	Prak.g_00341	Prav.g_01970
OG0000503	Prak.g_00356	Prav.g_01980
OG0000504	Prak.g_00358	Prav.g_01981
OG0000505	Prak.g_00359	Prav.g_01982
OG0000506	Prak.g_00360	Prav.g_01984
OG0000507	Prak.g_00363	Prav.g_01987
OG0000508	Prak.g_00367	Prav.g_01991
OG0000509	Prak.g_00369	Prav.g_01993
OG0000510	Prak.g_00370	Prav.g_01994
OG0000511	Prak.g_00371	Prav.g_01995
OG0000512	Prak.g_00373	Prav.g_01997
OG0000513	Prak.g_00382	Prav.g_00977
OG0000514	Prak.g_00393	Prav.g_01030
OG0000515	Prak.g_00394	Prav.g_01031
OG0000516	Prak.g_00395	Prav.g_01032
OG0000517	Prak.g_00397	Prav.g_01034
OG0000518	Prak.g_00408	Prav.g_01045
OG0000519	Prak.g_00409	Prav.g_01046
OG0000520	Prak.g_00410	Prav.g_01047
OG0000521	Prak.g_00418	Prav.g_01052
OG0000522	Prak.g_00420	Prav.g_01053
OG0000523	Prak.g_00421	Prav.g_01054
OG0000524	Prak.g_00426	Prav.g_01059
OG0000525	Prak.g_00430	Prav.g_01062
OG0000526	Prak.g_00431	Prav.g_01063
OG0000527	Prak.g_00434	Prav.g_01071
OG0000528	Prak.g_00439	Prav.g_01076
OG0000529	Prak.g_00442	Prav.g_01079
OG0000530	Prak.g_00445	Prav.g_01082
OG0000531	Prak.g_00446	Prav.g_01083
OG0000532	Prak.g_00448	Prav.g_01085
OG0000533	Prak.g_00449	Prav.g_01086
OG0000534	Prak.g_00450	Prav.g_01087
OG0000535	Prak.g_00451	Prav.g_01088
OG0000536	Prak.g_00452	Prav.g_01089
OG0000537	Prak.g_00453	Prav.g_01090
OG0000538	Prak.g_00462	Prav.g_01098
OG0000539	Prak.g_00463	Prav.g_01099
OG0000540	Prak.g_00464	Prav.g_01100
OG0000541	Prak.g_00465	Prav.g_01101
OG0000542	Prak.g_00466	Prav.g_01103
OG0000543	Prak.g_00468	Prav.g_01105
OG0000544	Prak.g_00469	Prav.g_01106
OG0000545	Prak.g_00471	Prav.g_01108
OG0000546	Prak.g_00474	Prav.g_01111
OG0000547	Prak.g_00476	Prav.g_01113
OG0000548	Prak.g_00477	Prav.g_01114
OG0000549	Prak.g_00479	Prav.g_01116
OG0000550	Prak.g_00483	Prav.g_01121
OG0000551	Prak.g_00486	Prav.g_01125
OG0000552	Prak.g_00487	Prav.g_01126
OG0000553	Prak.g_00488	Prav.g_01127
OG0000554	Prak.g_00493	Prav.g_01132
OG0000555	Prak.g_00501	Prav.g_01140
OG0000556	Prak.g_00503	Prav.g_01142
OG0000557	Prak.g_00504	Prav.g_01143
OG0000558	Prak.g_00507	Prav.g_01145
OG0000559	Prak.g_00511	Prav.g_01149
OG0000560	Prak.g_00514	Prav.g_01152
OG0000561	Prak.g_00515	Prav.g_01153
OG0000562	Prak.g_00516	Prav.g_01154
OG0000563	Prak.g_00517	Prav.g_01155
OG0000564	Prak.g_00518	Prav.g_01156
OG0000565	Prak.g_00520	Prav.g_01159
OG0000566	Prak.g_00524	Prav.g_01161
OG0000567	Prak.g_00528	Prav.g_01165
OG0000568	Prak.g_00529	Prav.g_01166
OG0000569	Prak.g_00530	Prav.g_01167
OG0000570	Prak.g_00531	Prav.g_01168
OG0000571	Prak.g_00533	Prav.g_01170
OG0000572	Prak.g_00547	Prav.g_01183
OG0000573	Prak.g_00553	Prav.g_01188
OG0000574	Prak.g_00554	Prav.g_01189
OG0000575	Prak.g_00558	Prav.g_01193
OG0000576	Prak.g_00560	Prav.g_01195
OG0000577	Prak.g_00561	Prav.g_01196
OG0000578	Prak.g_00562	Prav.g_01197
OG0000579	Prak.g_00563	Prav.g_01198
OG0000580	Prak.g_00564	Prav.g_01199
OG0000581	Prak.g_00567	Prav.g_01201
OG0000582	Prak.g_00570	Prav.g_01204
OG0000583	Prak.g_00571	Prav.g_01205
OG0000584	Prak.g_00572	Prav.g_01206
OG0000585	Prak.g_00574	Prav.g_01208
OG0000586	Prak.g_00575	Prav.g_01209
OG0000587	Prak.g_00576	Prav.g_01210
OG0000588	Prak.g_00580	Prav.g_01214
OG0000589	Prak.g_00582	Prav.g_01219
OG0000590	Prak.g_00583	Prav.g_01220
OG0000591	Prak.g_00587	Prav.g_01223
OG0000592	Prak.g_00588	Prav.g_01224
OG0000593	Prak.g_01111	Prav.g_01230
OG0000594	Prak.g_01110	Prav.g_01231
OG0000595	Prak.g_01109	Prav.g_01232
OG0000596	Prak.g_01105	Prav.g_01236
OG0000597	Prak.g_01102	Prav.g_01238
OG0000598	Prak.g_01101	Prav.g_01239
OG0000599	Prak.g_01098	Prav.g_01242
OG0000600	Prak.g_01097	Prav.g_01243
OG0000601	Prak.g_01096	Prav.g_01244
OG0000602	Prak.g_01094	Prav.g_01246
OG0000603	Prak.g_01093	Prav.g_01247
OG0000604	Prak.g_01092	Prav.g_01248
OG0000605	Prak.g_01091	Prav.g_01249
OG0000606	Prak.g_01088	Prav.g_01252
OG0000607	Prak.g_01085	Prav.g_01255
OG0000608	Prak.g_01084	Prav.g_01256
OG0000609	Prak.g_01083	Prav.g_01257
OG0000610	Prak.g_01077	Prav.g_01262
OG0000611	Prak.g_01074	Prav.g_01265
OG0000612	Prak.g_01073	Prav.g_01266
OG0000613	Prak.g_00800	Prav.g_01271
OG0000614	Prak.g_00821	Prav.g_01290
OG0000615	Prak.g_00832	Prav.g_01298
OG0000616	Prak.g_01934	Prav.g_01312
OG0000617	Prak.g_01057	Prav.g_00312
OG0000618	Prak.g_01056	Prav.g_00313
OG0000619	Prak.g_01055	Prav.g_00314
OG0000620	Prak.g_01052	Prav.g_00317
OG0000621	Prak.g_01051	Prav.g_00318
OG0000622	Prak.g_01050	Prav.g_00319
OG0000623	Prak.g_01049	Prav.g_00320
OG0000624	Prak.g_01047	Prav.g_00321
OG0000625	Prak.g_01046	Prav.g_00322
OG0000626	Prak.g_01045	Prav.g_00323
OG0000627	Prak.g_01044	Prav.g_00324
OG0000628	Prak.g_01043	Prav.g_00325
OG0000629	Prak.g_01042	Prav.g_00326
OG0000630	Prak.g_01039	Prav.g_00329
OG0000631	Prak.g_00946	Prav.g_00388
OG0000632	Prak.g_00947	Prav.g_00389
OG0000633	Prak.g_00948	Prav.g_00390
OG0000634	Prak.g_00841	Prav.g_00393
OG0000635	Prak.g_00842	Prav.g_00394
OG0000636	Prak.g_00844	Prav.g_00396
OG0000637	Prak.g_00846	Prav.g_00398
OG0000638	Prak.g_00847	Prav.g_00399
OG0000639	Prak.g_00848	Prav.g_00400
OG0000640	Prak.g_00849	Prav.g_00401
OG0000641	Prak.g_00853	Prav.g_00405
OG0000642	Prak.g_00854	Prav.g_00406
OG0000643	Prak.g_00855	Prav.g_00407
OG0000644	Prak.g_00856	Prav.g_00408
OG0000645	Prak.g_00857	Prav.g_00409
OG0000646	Prak.g_00859	Prav.g_00411
OG0000647	Prak.g_00861	Prav.g_00412
OG0000648	Prak.g_00863	Prav.g_00414
OG0000649	Prak.g_00864	Prav.g_00415
OG0000650	Prak.g_00865	Prav.g_00416
OG0000651	Prak.g_00866	Prav.g_00417
OG0000652	Prak.g_00867	Prav.g_00418
OG0000653	Prak.g_00869	Prav.g_00420
OG0000654	Prak.g_00870	Prav.g_00421
OG0000655	Prak.g_00871	Prav.g_00422
OG0000656	Prak.g_00874	Prav.g_00425
OG0000657	Prak.g_00882	Prav.g_00432
OG0000658	Prak.g_00884	Prav.g_00433
OG0000659	Prak.g_00885	Prav.g_00434
OG0000660	Prak.g_00889	Prav.g_00438
OG0000661	Prak.g_00891	Prav.g_00440
OG0000662	Prak.g_00893	Prav.g_00442
OG0000663	Prak.g_00895	Prav.g_00444
OG0000664	Prak.g_00896	Prav.g_00445
OG0000665	Prak.g_00902	Prav.g_00449
OG0000666	Prak.g_00903	Prav.g_00450
OG0000667	Prak.g_00907	Prav.g_00454
OG0000668	Prak.g_00748	Prav.g_00483
OG0000669	Prak.g_00759	Prav.g_00490
OG0000670	Prak.g_00762	Prav.g_00492
OG0000671	Prak.g_00765	Prav.g_00494
OG0000672	Prak.g_00768	Prav.g_00497
OG0000673	Prak.g_00771	Prav.g_00500
OG0000674	Prak.g_00773	Prav.g_00502
OG0000675	Prak.g_00774	Prav.g_00503
OG0000676	Prak.g_00776	Prav.g_00505
OG0000677	Prak.g_00777	Prav.g_00506
OG0000678	Prak.g_00779	Prav.g_00508
OG0000679	Prak.g_00783	Prav.g_00512
OG0000680	Prak.g_00784	Prav.g_00513
OG0000681	Prak.g_00787	Prav.g_00515
OG0000682	Prak.g_00788	Prav.g_00516
OG0000683	Prak.g_00789	Prav.g_00517
OG0000684	Prak.g_00791	Prav.g_00519
OG0000685	Prak.g_00793	Prav.g_00521
OG0000686	Prak.g_00794	Prav.g_00522
OG0000687	Prak.g_00795	Prav.g_00523
OG0000688	Prak.g_01069	Prav.g_00526
OG0000689	Prak.g_01068	Prav.g_00527
OG0000690	Prak.g_01067	Prav.g_00528
OG0000691	Prak.g_01066	Prav.g_00529
OG0000692	Prak.g_01064	Prav.g_00530
OG0000693	Prak.g_01063	Prav.g_00531
OG0000694	Prak.g_01062	Prav.g_00532
OG0000695	Prak.g_00950	Prav.g_00534
OG0000696	Prak.g_00951	Prav.g_00535
OG0000697	Prak.g_00952	Prav.g_00536
OG0000698	Prak.g_00955	Prav.g_00539
OG0000699	Prak.g_00956	Prav.g_00540
OG0000700	Prak.g_00957	Prav.g_00541
OG0000701	Prak.g_00958	Prav.g_00542
OG0000702	Prak.g_00960	Prav.g_00544
OG0000703	Prak.g_00961	Prav.g_00545
OG0000704	Prak.g_00963	Prav.g_00546
OG0000705	Prak.g_00966	Prav.g_00550
OG0000706	Prak.g_00967	Prav.g_00551
OG0000707	Prak.g_00968	Prav.g_00552
OG0000708	Prak.g_00970	Prav.g_00553
OG0000709	Prak.g_00974	Prav.g_00557
OG0000710	Prak.g_00977	Prav.g_00560
OG0000711	Prak.g_00995	Prav.g_00577
OG0000712	Prak.g_00996	Prav.g_00579
OG0000713	Prak.g_00997	Prav.g_00580
OG0000714	Prak.g_00998	Prav.g_00581
OG0000715	Prak.g_01000	Prav.g_00583
OG0000716	Prak.g_01002	Prav.g_00585
OG0000717	Prak.g_01003	Prav.g_00586
OG0000718	Prak.g_01007	Prav.g_00902
OG0000719	Prak.g_01009	Prav.g_00904
OG0000720	Prak.g_01021	Prav.g_00913
OG0000721	Prak.g_01025	Prav.g_00915
OG0000722	Prak.g_01026	Prav.g_00916
OG0000723	Prak.g_01030	Prav.g_00919
OG0000724	Prak.g_00925	Prav.g_00928
OG0000725	Prak.g_00919	Prav.g_00934
OG0000726	Prak.g_00918	Prav.g_00935
OG0000727	Prak.g_00917	Prav.g_00936
OG0000728	Prak.g_00915	Prav.g_00938
OG0000729	Prak.g_01255	Prav.g_00263
OG0000730	Prak.g_01214	Prav.g_00004
OG0000731	Prak.g_00362	Prav.g_00008
OG0000732	Prak.g_01885	Prav.g_00016
OG0000733	Prak.g_01551	Prav.g_00034
OG0000734	Prak.g_01188	Prav.g_00050
OG0000735	Prak.g_01186	Prav.g_00052
OG0000736	Prak.g_01185	Prav.g_00053
OG0000737	Prak.g_01184	Prav.g_00054
OG0000738	Prak.g_01180	Prav.g_00058
OG0000739	Prak.g_01179	Prav.g_00059
OG0000740	Prak.g_01178	Prav.g_00060
OG0000741	Prak.g_01176	Prav.g_00061
OG0000742	Prak.g_01173	Prav.g_00064
OG0000743	Prak.g_01171	Prav.g_00066
OG0000744	Prak.g_01170	Prav.g_00067
OG0000745	Prak.g_01169	Prav.g_00068
OG0000746	Prak.g_01167	Prav.g_00070
OG0000747	Prak.g_01166	Prav.g_00071
OG0000748	Prak.g_01162	Prav.g_00074
OG0000749	Prak.g_01161	Prav.g_00075
OG0000750	Prak.g_01160	Prav.g_00076
OG0000751	Prak.g_01157	Prav.g_01868
OG0000752	Prak.g_01155	Prav.g_01866
OG0000753	Prak.g_01153	Prav.g_01863
OG0000754	Prak.g_01150	Prav.g_01860
OG0000755	Prak.g_01144	Prav.g_01857
OG0000756	Prak.g_01143	Prav.g_01856
OG0000757	Prak.g_01136	Prav.g_01850
OG0000758	Prak.g_01135	Prav.g_01849
OG0000759	Prak.g_01134	Prav.g_01848
OG0000760	Prak.g_01133	Prav.g_01847
OG0000761	Prak.g_01132	Prav.g_01846
OG0000762	Prak.g_01131	Prav.g_01845
OG0000763	Prak.g_01129	Prav.g_01843
OG0000764	Prak.g_01128	Prav.g_01842
OG0000765	Prak.g_01120	Prav.g_01833
OG0000766	Prak.g_01119	Prav.g_01832
OG0000767	Prak.g_01117	Prav.g_01830
OG0000768	Prak.g_01116	Prav.g_01829
OG0000769	Prak.g_01114	Prav.g_01827
OG0000770	Prak.g_00593	Prav.g_01825
OG0000771	Prak.g_01487	Prav.g_02003
OG0000772	Prak.g_01571	Prav.g_01409
OG0000773	Prak.g_01268	Prav.g_01429
OG0000774	Prak.g_01270	Prav.g_01431
OG0000775	Prak.g_01272	Prav.g_01433
OG0000776	Prak.g_01273	Prav.g_01434
OG0000777	Prak.g_01274	Prav.g_01435
OG0000778	Prak.g_01275	Prav.g_01436
OG0000779	Prak.g_01279	Prav.g_01440
OG0000780	Prak.g_01280	Prav.g_01441
OG0000781	Prak.g_01284	Prav.g_01444
OG0000782	Prak.g_01285	Prav.g_01445
OG0000783	Prak.g_01286	Prav.g_01446
OG0000784	Prak.g_01287	Prav.g_01447
OG0000785	Prak.g_01289	Prav.g_01449
OG0000786	Prak.g_01292	Prav.g_01451
OG0000787	Prak.g_01293	Prav.g_01452
OG0000788	Prak.g_00460	Prav.g_01460
OG0000789	Prak.g_01490	Prav.g_01463
OG0000790	Prak.g_01334	Prav.g_01478
OG0000791	Prak.g_01336	Prav.g_01480
OG0000792	Prak.g_01337	Prav.g_01481
OG0000793	Prak.g_01340	Prav.g_01484
OG0000794	Prak.g_01341	Prav.g_01485
OG0000795	Prak.g_01342	Prav.g_01486
OG0000796	Prak.g_01346	Prav.g_01490
OG0000797	Prak.g_01347	Prav.g_01491
OG0000798	Prak.g_00696	Prav.g_01556
OG0000799	Prak.g_01374	Prav.g_01560
OG0000800	Prak.g_01375	Prav.g_01561
OG0000801	Prak.g_01376	Prav.g_01562
OG0000802	Prak.g_01378	Prav.g_01564
OG0000803	Prak.g_01380	Prav.g_01566
OG0000804	Prak.g_01381	Prav.g_01567
OG0000805	Prak.g_01383	Prav.g_01569
OG0000806	Prak.g_01385	Prav.g_01571
OG0000807	Prak.g_01386	Prav.g_01572
OG0000808	Prak.g_01387	Prav.g_01573
OG0000809	Prak.g_01389	Prav.g_01576
OG0000810	Prak.g_01390	Prav.g_01577
OG0000811	Prak.g_01394	Prav.g_01581
OG0000812	Prak.g_01396	Prav.g_01583
OG0000813	Prak.g_01397	Prav.g_01584
OG0000814	Prak.g_01399	Prav.g_01586
OG0000815	Prak.g_01400	Prav.g_01587
OG0000816	Prak.g_01402	Prav.g_01589
OG0000817	Prak.g_01403	Prav.g_01590
OG0000818	Prak.g_01408	Prav.g_01595
OG0000819	Prak.g_01409	Prav.g_01596
OG0000820	Prak.g_01410	Prav.g_01597
OG0000821	Prak.g_01414	Prav.g_01601
OG0000822	Prak.g_01415	Prav.g_01602
OG0000823	Prak.g_01416	Prav.g_01603
OG0000824	Prak.g_01419	Prav.g_01606
OG0000825	Prak.g_01420	Prav.g_01607
OG0000826	Prak.g_01421	Prav.g_01608
OG0000827	Prak.g_01422	Prav.g_01609
OG0000828	Prak.g_01425	Prav.g_01612
OG0000829	Prak.g_01426	Prav.g_01613
OG0000830	Prak.g_01427	Prav.g_01614
OG0000831	Prak.g_01429	Prav.g_01616
OG0000832	Prak.g_01439	Prav.g_01622
OG0000833	Prak.g_01448	Prav.g_01630
OG0000834	Prak.g_01449	Prav.g_01631
OG0000835	Prak.g_01450	Prav.g_01632
OG0000836	Prak.g_01451	Prav.g_01633
OG0000837	Prak.g_01452	Prav.g_01634
OG0000838	Prak.g_01454	Prav.g_01636
OG0000839	Prak.g_01455	Prav.g_01637
OG0000840	Prak.g_01456	Prav.g_01638
OG0000841	Prak.g_01457	Prav.g_01639
OG0000842	Prak.g_01458	Prav.g_01640
OG0000843	Prak.g_01459	Prav.g_01641
OG0000844	Prak.g_01460	Prav.g_01642
OG0000845	Prak.g_01461	Prav.g_01643
OG0000846	Prak.g_01462	Prav.g_01644
OG0000847	Prak.g_01463	Prav.g_01645
OG0000848	Prak.g_01464	Prav.g_01646
OG0000849	Prak.g_01465	Prav.g_01647
OG0000850	Prak.g_01467	Prav.g_01649
OG0000851	Prak.g_01468	Prav.g_01650
OG0000852	Prak.g_01469	Prav.g_01651
OG0000853	Prak.g_01475	Prav.g_01655
OG0000854	Prak.g_01477	Prav.g_01657
OG0000855	Prak.g_01478	Prav.g_01658
OG0000856	Prak.g_00590	Prav.g_01671
OG0000857	Prak.g_00860	Prav.g_01699
OG0000858	Prak.g_01638	Prav.g_01755
OG0000859	Prak.g_01639	Prav.g_01756
OG0000860	Prak.g_01647	Prav.g_01763
OG0000861	Prak.g_01648	Prav.g_01764
OG0000862	Prak.g_01649	Prav.g_01765
OG0000863	Prak.g_01651	Prav.g_01767
OG0000864	Prak.g_01652	Prav.g_01768
OG0000865	Prak.g_01653	Prav.g_01769
OG0000866	Prak.g_01654	Prav.g_01770
OG0000867	Prak.g_01655	Prav.g_01771
OG0000868	Prak.g_01657	Prav.g_01772
OG0000869	Prak.g_01660	Prav.g_01776
OG0000870	Prak.g_01665	Prav.g_01781
OG0000871	Prak.g_01666	Prav.g_01782
OG0000872	Prak.g_01667	Prav.g_01783
OG0000873	Prak.g_01670	Prav.g_01786
OG0000874	Prak.g_01673	Prav.g_01789
OG0000875	Prak.g_01674	Prav.g_01790
OG0000876	Prak.g_01675	Prav.g_01791
OG0000877	Prak.g_01677	Prav.g_01793
OG0000878	Prak.g_01678	Prav.g_01794
OG0000879	Prak.g_01679	Prav.g_01795
OG0000880	Prak.g_01680	Prav.g_01796
OG0000881	Prak.g_01684	Prav.g_01800
OG0000882	Prak.g_01689	Prav.g_01805
OG0000883	Prak.g_01691	Prav.g_01807
OG0000884	Prak.g_01693	Prav.g_01809
OG0000885	Prak.g_01694	Prav.g_01810
OG0000886	Prak.g_01695	Prav.g_01811
OG0000887	Prak.g_01696	Prav.g_01812
OG0000888	Prak.g_01698	Prav.g_01814
OG0000889	Prak.g_01700	Prav.g_01816
OG0000890	Prak.g_01701	Prav.g_01817
OG0000891	Prak.g_01702	Prav.g_01818
OG0000892	Prak.g_01704	Prav.g_00264
OG0000893	Prak.g_01708	Prav.g_00268
OG0000894	Prak.g_01711	Prav.g_00270
OG0000895	Prak.g_01715	Prav.g_00273
OG0000896	Prak.g_01716	Prav.g_00274
OG0000897	Prak.g_01718	Prav.g_00276
OG0000898	Prak.g_01719	Prav.g_00277
OG0000899	Prak.g_01720	Prav.g_00278
OG0000900	Prak.g_01721	Prav.g_00279
OG0000901	Prak.g_01724	Prav.g_00282
OG0000902	Prak.g_01726	Prav.g_00284
OG0000903	Prak.g_01730	Prav.g_00287
OG0000904	Prak.g_01734	Prav.g_00289
OG0000905	Prak.g_01728	Prav.g_00294
OG0000906	Prak.g_01727	Prav.g_00295
OG0000907	Prak.g_01737	Prav.g_00590
OG0000908	Prak.g_01740	Prav.g_00593
OG0000909	Prak.g_01741	Prav.g_00594
OG0000910	Prak.g_01742	Prav.g_00595
OG0000911	Prak.g_01744	Prav.g_00597
OG0000912	Prak.g_01745	Prav.g_00598
OG0000913	Prak.g_01746	Prav.g_00599
OG0000914	Prak.g_01747	Prav.g_00600
OG0000915	Prak.g_01748	Prav.g_00601
OG0000916	Prak.g_01749	Prav.g_00602
OG0000917	Prak.g_01750	Prav.g_00603
OG0000918	Prak.g_01751	Prav.g_00604
OG0000919	Prak.g_01752	Prav.g_00605
OG0000920	Prak.g_01753	Prav.g_00606
OG0000921	Prak.g_01754	Prav.g_00607
OG0000922	Prak.g_01755	Prav.g_00608
OG0000923	Prak.g_01759	Prav.g_00612
OG0000924	Prak.g_01760	Prav.g_00613
OG0000925	Prak.g_01761	Prav.g_00614
OG0000926	Prak.g_01762	Prav.g_00615
OG0000927	Prak.g_01764	Prav.g_00617
OG0000928	Prak.g_01765	Prav.g_00618
OG0000929	Prak.g_01766	Prav.g_00619
OG0000930	Prak.g_01767	Prav.g_00620
OG0000931	Prak.g_01768	Prav.g_00621
OG0000932	Prak.g_01769	Prav.g_00622
OG0000933	Prak.g_01773	Prav.g_00626
OG0000934	Prak.g_01775	Prav.g_00628
OG0000935	Prak.g_01776	Prav.g_00629
OG0000936	Prak.g_01777	Prav.g_00630
OG0000937	Prak.g_01778	Prav.g_00631
OG0000938	Prak.g_01781	Prav.g_00633
OG0000939	Prak.g_01782	Prav.g_00634
OG0000940	Prak.g_01789	Prav.g_00641
OG0000941	Prak.g_01791	Prav.g_00643
OG0000942	Prak.g_01793	Prav.g_00645
OG0000943	Prak.g_01794	Prav.g_00646
OG0000944	Prak.g_01796	Prav.g_00647
OG0000945	Prak.g_01797	Prav.g_00648
OG0000946	Prak.g_01802	Prav.g_00653
OG0000947	Prak.g_01804	Prav.g_00655
OG0000948	Prak.g_01805	Prav.g_00656
OG0000949	Prak.g_01808	Prav.g_00659
OG0000950	Prak.g_01815	Prav.g_00664
OG0000951	Prak.g_01819	Prav.g_00668
OG0000952	Prak.g_01823	Prav.g_00672
OG0000953	Prak.g_01827	Prav.g_00675
OG0000954	Prak.g_01831	Prav.g_00679
OG0000955	Prak.g_01832	Prav.g_00680
OG0000956	Prak.g_01834	Prav.g_00682
OG0000957	Prak.g_01840	Prav.g_00687
OG0000958	Prak.g_01841	Prav.g_00688
OG0000959	Prak.g_01845	Prav.g_00692
OG0000960	Prak.g_01846	Prav.g_00693
OG0000961	Prak.g_01849	Prav.g_00695
OG0000962	Prak.g_01851	Prav.g_00697
OG0000963	Prak.g_01855	Prav.g_00701
OG0000964	Prak.g_01856	Prav.g_00702
OG0000965	Prak.g_01857	Prav.g_00703
OG0000966	Prak.g_01863	Prav.g_00710
OG0000967	Prak.g_01867	Prav.g_00714
OG0000968	Prak.g_01869	Prav.g_00716
OG0000969	Prak.g_01870	Prav.g_00717
OG0000970	Prak.g_01871	Prav.g_00718
OG0000971	Prak.g_01872	Prav.g_00719
OG0000972	Prak.g_01873	Prav.g_00720
OG0000973	Prak.g_01874	Prav.g_00721
OG0000974	Prak.g_01875	Prav.g_00722
OG0000975	Prak.g_01876	Prav.g_00723
OG0000976	Prak.g_01877	Prav.g_00724
OG0000977	Prak.g_01878	Prav.g_00725
OG0000978	Prak.g_01879	Prav.g_00726
OG0000979	Prak.g_01882	Prav.g_00729
OG0000980	Prak.g_01884	Prav.g_00731
OG0000981	Prak.g_01887	Prav.g_00733
OG0000982	Prak.g_01889	Prav.g_00735
OG0000983	Prak.g_01890	Prav.g_00736
OG0000984	Prak.g_01891	Prav.g_00737
OG0000985	Prak.g_01894	Prav.g_00740
OG0000986	Prak.g_01896	Prav.g_00742
OG0000987	Prak.g_01897	Prav.g_00743
OG0000988	Prak.g_01900	Prav.g_00746
OG0000989	Prak.g_01904	Prav.g_00750
OG0000990	Prak.g_01908	Prav.g_00753
OG0000991	Prak.g_01909	Prav.g_00754
OG0000992	Prak.g_01912	Prav.g_00756
OG0000993	Prak.g_01913	Prav.g_00757
OG0000994	Prak.g_01914	Prav.g_00758
OG0000995	Prak.g_01918	Prav.g_00762
OG0000996	Prak.g_01919	Prav.g_00763
OG0000997	Prak.g_01922	Prav.g_00764
OG0000998	Prak.g_01924	Prav.g_00766
OG0000999	Prak.g_01925	Prav.g_00767
OG0001000	Prak.g_01928	Prav.g_00770
OG0001001	Prak.g_01931	Prav.g_00772
OG0001002	Prak.g_01936	Prav.g_00776
OG0001003	Prak.g_01937	Prav.g_00778
OG0001004	Prak.g_01938	Prav.g_00779
OG0001005	Prak.g_01939	Prav.g_00780
OG0001006	Prak.g_01943	Prav.g_00784
OG0001007	Prak.g_01945	Prav.g_00786
OG0001008	Prak.g_00399	Prav.g_01036
OG0001009	Prak.g_00027	Prav.g_00095
OG0001010	Prak.g_00028	Prav.g_00096
OG0001011	Prak.g_00030	Prav.g_00097
OG0001012	Prak.g_00044	Prav.g_00114
OG0001013	Prak.g_00051	Prav.g_00119
OG0001014	Prak.g_00054	Prav.g_00122
OG0001015	Prak.g_00056	Prav.g_00123
OG0001016	Prak.g_00078	Prav.g_00138
OG0001017	Prak.g_00082	Prav.g_00142
OG0001018	Prak.g_00084	Prav.g_00145
OG0001019	Prak.g_00093	Prav.g_00154
OG0001020	Prak.g_00094	Prav.g_00155
OG0001021	Prak.g_00095	Prav.g_00156
OG0001022	Prak.g_00098	Prav.g_00159
OG0001023	Prak.g_00099	Prav.g_00160
OG0001024	Prak.g_00103	Prav.g_00163
OG0001025	Prak.g_00110	Prav.g_00169
OG0001026	Prak.g_00119	Prav.g_00176
OG0001027	Prak.g_00120	Prav.g_00177
OG0001028	Prak.g_00122	Prav.g_00179
OG0001029	Prak.g_00123	Prav.g_00180
OG0001030	Prak.g_00139	Prav.g_00195
OG0001031	Prak.g_00199	Prav.g_00852
OG0001032	Prak.g_00200	Prav.g_00851
OG0001033	Prak.g_00221	Prav.g_00830
OG0001034	Prak.g_00252	Prav.g_00802
OG0001035	Prak.g_00272	Prav.g_01901
OG0001036	Prak.g_00276	Prav.g_01906
OG0001037	Prak.g_00277	Prav.g_01907
OG0001038	Prak.g_00296	Prav.g_01924
OG0001039	Prak.g_00299	Prav.g_01927
OG0001040	Prak.g_00301	Prav.g_01929
OG0001041	Prak.g_00306	Prav.g_01933
OG0001042	Prak.g_00323	Prav.g_01950
OG0001043	Prak.g_00324	Prav.g_01951
OG0001044	Prak.g_00355	Prav.g_01979
OG0001045	Prak.g_00364	Prav.g_01988
OG0001046	Prak.g_01597	Prav.g_00996
OG0001047	Prak.g_00401	Prav.g_01038
OG0001048	Prak.g_00402	Prav.g_01039
OG0001049	Prak.g_00404	Prav.g_01041
OG0001050	Prak.g_00405	Prav.g_01042
OG0001051	Prak.g_00406	Prav.g_01043
OG0001052	Prak.g_00432	Prav.g_01069
OG0001053	Prak.g_00444	Prav.g_01081
OG0001054	Prak.g_00459	Prav.g_01096
OG0001055	Prak.g_00478	Prav.g_01115
OG0001056	Prak.g_00495	Prav.g_01134
OG0001057	Prak.g_00500	Prav.g_01139
OG0001058	Prak.g_00509	Prav.g_01147
OG0001059	Prak.g_00513	Prav.g_01151
OG0001060	Prak.g_00519	Prav.g_01158
OG0001061	Prak.g_00534	Prav.g_01171
OG0001062	Prak.g_00536	Prav.g_01173
OG0001063	Prak.g_00538	Prav.g_01175
OG0001064	Prak.g_00539	Prav.g_01176
OG0001065	Prak.g_00540	Prav.g_01177
OG0001066	Prak.g_00541	Prav.g_01178
OG0001067	Prak.g_00542	Prav.g_01179
OG0001068	Prak.g_00543	Prav.g_01180
OG0001069	Prak.g_00544	Prav.g_01181
OG0001070	Prak.g_00548	Prav.g_01184
OG0001071	Prak.g_00549	Prav.g_01185
OG0001072	Prak.g_00551	Prav.g_01186
OG0001073	Prak.g_00565	Prav.g_01200
OG0001074	Prak.g_00577	Prav.g_01211
OG0001075	Prak.g_00578	Prav.g_01212
OG0001076	Prak.g_00585	Prav.g_01222
OG0001077	Prak.g_00591	Prav.g_01226
OG0001078	Prak.g_01107	Prav.g_01234
OG0001079	Prak.g_01095	Prav.g_01245
OG0001080	Prak.g_01089	Prav.g_01251
OG0001081	Prak.g_01087	Prav.g_01253
OG0001082	Prak.g_01086	Prav.g_01254
OG0001083	Prak.g_01081	Prav.g_01259
OG0001084	Prak.g_01080	Prav.g_01260
OG0001085	Prak.g_00797	Prav.g_01268
OG0001086	Prak.g_00798	Prav.g_01269
OG0001087	Prak.g_00816	Prav.g_01286
OG0001088	Prak.g_00817	Prav.g_01287
OG0001089	Prak.g_00828	Prav.g_01295
OG0001090	Prak.g_00838	Prav.g_00307
OG0001091	Prak.g_01060	Prav.g_00309
OG0001092	Prak.g_01059	Prav.g_00310
OG0001093	Prak.g_01054	Prav.g_00315
OG0001094	Prak.g_01061	Prav.g_00391
OG0001095	Prak.g_00858	Prav.g_00410
OG0001096	Prak.g_00872	Prav.g_00423
OG0001097	Prak.g_00892	Prav.g_00441
OG0001098	Prak.g_00911	Prav.g_00456
OG0001099	Prak.g_00753	Prav.g_00487
OG0001100	Prak.g_00761	Prav.g_00491
OG0001101	Prak.g_00764	Prav.g_00493
OG0001102	Prak.g_00767	Prav.g_00496
OG0001103	Prak.g_00769	Prav.g_00498
OG0001104	Prak.g_00792	Prav.g_00520
OG0001105	Prak.g_00796	Prav.g_00524
OG0001106	Prak.g_00964	Prav.g_00547
OG0001107	Prak.g_00971	Prav.g_00554
OG0001108	Prak.g_00975	Prav.g_00558
OG0001109	Prak.g_00976	Prav.g_00559
OG0001110	Prak.g_00978	Prav.g_00561
OG0001111	Prak.g_00979	Prav.g_00562
OG0001112	Prak.g_00980	Prav.g_00563
OG0001113	Prak.g_00981	Prav.g_00564
OG0001114	Prak.g_00982	Prav.g_00565
OG0001115	Prak.g_00984	Prav.g_00567
OG0001116	Prak.g_00985	Prav.g_00568
OG0001117	Prak.g_00986	Prav.g_00569
OG0001118	Prak.g_00987	Prav.g_00570
OG0001119	Prak.g_00988	Prav.g_00571
OG0001120	Prak.g_00990	Prav.g_00573
OG0001122	Prak.g_01010	Prav.g_00905
OG0001123	Prak.g_01016	Prav.g_00909
OG0001124	Prak.g_01018	Prav.g_00911
OG0001125	Prak.g_01020	Prav.g_00912
OG0001126	Prak.g_00931	Prav.g_00922
OG0001127	Prak.g_00930	Prav.g_00923
OG0001128	Prak.g_00928	Prav.g_00925
OG0001129	Prak.g_00927	Prav.g_00926
OG0001130	Prak.g_00926	Prav.g_00927
OG0001131	Prak.g_00383	Prav.g_00242
OG0001132	Prak.g_00712	Prav.g_00252
OG0001133	Prak.g_01328	Prav.g_00019
OG0001134	Prak.g_01550	Prav.g_00033
OG0001135	Prak.g_01553	Prav.g_00036
OG0001136	Prak.g_01175	Prav.g_00062
OG0001137	Prak.g_01163	Prav.g_00073
OG0001138	Prak.g_01142	Prav.g_01855
OG0001139	Prak.g_01140	Prav.g_01854
OG0001140	Prak.g_01139	Prav.g_01853
OG0001141	Prak.g_01138	Prav.g_01852
OG0001142	Prak.g_01137	Prav.g_01851
OG0001143	Prak.g_01130	Prav.g_01844
OG0001144	Prak.g_01125	Prav.g_01839
OG0001145	Prak.g_01269	Prav.g_01430
OG0001146	Prak.g_01281	Prav.g_01442
OG0001147	Prak.g_01301	Prav.g_01459
OG0001148	Prak.g_01331	Prav.g_01475
OG0001149	Prak.g_01332	Prav.g_01476
OG0001150	Prak.g_01333	Prav.g_01477
OG0001151	Prak.g_01344	Prav.g_01488
OG0001152	Prak.g_01345	Prav.g_01489
OG0001153	Prak.g_01423	Prav.g_01610
OG0001154	Prak.g_01424	Prav.g_01611
OG0001155	Prak.g_01441	Prav.g_01623
OG0001156	Prak.g_01444	Prav.g_01626
OG0001157	Prak.g_01445	Prav.g_01627
OG0001158	Prak.g_01446	Prav.g_01628
OG0001159	Prak.g_01447	Prav.g_01629
OG0001160	Prak.g_01473	Prav.g_01653
OG0001161	Prak.g_01588	Prav.g_01664
OG0001162	Prak.g_01526	Prav.g_01675
OG0001163	Prak.g_01636	Prav.g_01753
OG0001164	Prak.g_01640	Prav.g_01757
OG0001165	Prak.g_01643	Prav.g_01760
OG0001166	Prak.g_01664	Prav.g_01780
OG0001167	Prak.g_01681	Prav.g_01797
OG0001168	Prak.g_01683	Prav.g_01799
OG0001169	Prak.g_01685	Prav.g_01801
OG0001170	Prak.g_01687	Prav.g_01803
OG0001171	Prak.g_01697	Prav.g_01813
OG0001172	Prak.g_01713	Prav.g_00271
OG0001173	Prak.g_01714	Prav.g_00272
OG0001174	Prak.g_01722	Prav.g_00280
OG0001175	Prak.g_01723	Prav.g_00281
OG0001176	Prak.g_01731	Prav.g_00288
OG0001177	Prak.g_01733	Prav.g_00291
OG0001178	Prak.g_01650	Prav.g_00296
OG0001179	Prak.g_01763	Prav.g_00616
OG0001180	Prak.g_01786	Prav.g_00638
OG0001181	Prak.g_01790	Prav.g_00642
OG0001182	Prak.g_01798	Prav.g_00649
OG0001183	Prak.g_01803	Prav.g_00654
OG0001184	Prak.g_01821	Prav.g_00670
OG0001185	Prak.g_01837	Prav.g_00684
OG0001186	Prak.g_01861	Prav.g_00707
OG0001187	Prak.g_01864	Prav.g_00711
OG0001188	Prak.g_01866	Prav.g_00713
OG0001189	Prak.g_01883	Prav.g_00730
OG0001190	Prak.g_01888	Prav.g_00734
OG0001191	Prak.g_01898	Prav.g_00744
OG0001192	Prak.g_01903	Prav.g_00749
OG0001193	Prak.g_01915	Prav.g_00759
OG0001194	Prak.g_01916	Prav.g_00760
OG0001195	Prak.g_01917	Prav.g_00761
OG0001196	Prak.g_01933	Prav.g_00774
OG0001197	Prak.g_01935	Prav.g_00775
OG0001198	Prak.g_01942	Prav.g_00783
OG0001199	Prak.g_00079	Prav.g_00139
OG0001200	Prak.g_00081	Prav.g_00141
OG0001201	Prak.g_00114	Prav.g_00173
OG0001202	Prak.g_00212	Prav.g_00839
OG0001203	Prak.g_00254	Prav.g_00800
OG0001204	Prak.g_00260	Prav.g_01890
OG0001205	Prak.g_00407	Prav.g_01044
OG0001206	Prak.g_00427	Prav.g_01060
OG0001207	Prak.g_00438	Prav.g_01075
OG0001208	Prak.g_00443	Prav.g_01080
OG0001209	Prak.g_00494	Prav.g_01133
OG0001210	Prak.g_00499	Prav.g_01138
OG0001211	Prak.g_00510	Prav.g_01148
OG0001212	Prak.g_00557	Prav.g_01192
OG0001213	Prak.g_00592	Prav.g_01227
OG0001214	Prak.g_01106	Prav.g_01235
OG0001215	Prak.g_00818	Prav.g_01288
OG0001216	Prak.g_00839	Prav.g_00308
OG0001217	Prak.g_00728	Prav.g_00346
OG0001218	Prak.g_01235	Prav.g_00355
OG0001219	Prak.g_00944	Prav.g_00385
OG0001220	Prak.g_00901	Prav.g_00448
OG0001221	Prak.g_00781	Prav.g_00510
OG0001222	Prak.g_01023	Prav.g_00548
OG0001223	Prak.g_00991	Prav.g_00574
OG0001224	Prak.g_00924	Prav.g_00929
OG0001225	Prak.g_00922	Prav.g_00931
OG0001226	Prak.g_00600	Prav.g_00236
OG0001227	Prak.g_01220	Prav.g_00255
OG0001228	Prak.g_01122	Prav.g_01836
OG0001229	Prak.g_01234	Prav.g_01471
OG0001230	Prak.g_01384	Prav.g_01570
OG0001231	Prak.g_00384	Prav.g_01673
OG0001232	Prak.g_01668	Prav.g_01784
OG0001233	Prak.g_01688	Prav.g_01804
OG0001234	Prak.g_01725	Prav.g_00283
OG0001235	Prak.g_01729	Prav.g_00293
OG0001236	Prak.g_01818	Prav.g_00667
OG0001237	Prak.g_01822	Prav.g_00671
OG0001238	Prak.g_01899	Prav.g_00745
OG0001239	Prak.g_00076	Prav.g_00136
OG0001240	Prak.g_00097	Prav.g_00158
OG0001241	Prak.g_00107	Prav.g_00166
OG0001242	Prak.g_00127	Prav.g_00184
OG0001243	Prak.g_00134	Prav.g_00190
OG0001244	Prak.g_00149	Prav.g_00206
OG0001245	Prak.g_01211	Prav.g_00997
OG0001247	Prak.g_00811	Prav.g_01281
OG0001248	Prak.g_00813	Prav.g_01283
OG0001249	Prak.g_00353	Prav.g_00373
OG0001250	Prak.g_00888	Prav.g_00437
OG0001251	Prak.g_00749	Prav.g_00484
OG0001252	Prak.g_00929	Prav.g_00924
OG0001253	Prak.g_00603	Prav.g_00256
OG0001254	Prak.g_01552	Prav.g_00035
OG0001255	Prak.g_01190	Prav.g_00049
OG0001256	Prak.g_01480	Prav.g_01666
OG0001258	Prak.g_01641	Prav.g_01758
OG0001259	Prak.g_01686	Prav.g_01802
OG0001260	Prak.g_01703	Prav.g_01819
OG0001261	Prak.g_01771	Prav.g_00624
OG0001262	Prak.g_01881	Prav.g_00728
OG0001263	Prak.g_00136	Prav.g_00193
OG0001265	Prak.g_00126	Prav.g_00183
OG0001266	Prak.g_00216	Prav.g_00835
OG0001267	Prak.g_00298	Prav.g_01926
OG0001268	Prak.g_00361	Prav.g_01985
OG0001269	Prak.g_00900	Prav.g_00978
OG0001270	Prak.g_00396	Prav.g_01033
OG0001271	Prak.g_00433	Prav.g_01070
OG0001272	Prak.g_00447	Prav.g_01084
OG0001273	Prak.g_01112	Prav.g_01229
OG0001274	Prak.g_00240	Prav.g_01308, Prav.g_01311
OG0001275	Prak.g_01001	Prav.g_00584
OG0001276	Prak.g_01015	Prav.g_00908
OG0001277	Prak.g_01921	Prav.g_00244
OG0001278	Prak.g_01118	Prav.g_01831
OG0001279	Prak.g_00668	Prav.g_01392
OG0001280	Prak.g_01276	Prav.g_01437
OG0001281	Prak.g_01282	Prav.g_01443
OG0001282	Prak.g_01330	Prav.g_01474
OG0001283	Prak.g_01930	Prav.g_01493
OG0001284	Prak.g_01466	Prav.g_01648
OG0001285	Prak.g_01671	Prav.g_01787
OG0001286	Prak.g_01784	Prav.g_00636
OG0001287	Prak.g_01844	Prav.g_00691
OG0001288	Prak.g_01854	Prav.g_00700
OG0001289	Prak.g_00091	Prav.g_00152
OG0001290	Prak.g_00106	Prav.g_00165
OG0001291	Prak.g_00144	Prav.g_00200
OG0001292	Prak.g_00265	Prav.g_01895
OG0001293	Prak.g_00278	Prav.g_01908
OG0001295	Prak.g_01514	Prav.g_01065
OG0001296	Prak.g_00470	Prav.g_01107
OG0001297	Prak.g_00475	Prav.g_01112
OG0001298	Prak.g_00537	Prav.g_01174
OG0001299	Prak.g_01075	Prav.g_01264
OG0001300	Prak.g_00822	Prav.g_01291
OG0001301	Prak.g_00827	Prav.g_01294
OG0001302	Prak.g_00940	Prav.g_00383
OG0001303	Prak.g_01607	Prav.g_00946
OG0001304	Prak.g_01028	Prav.g_00918
OG0001305	Prak.g_00916	Prav.g_00937
OG0001306	Prak.g_01187	Prav.g_00051
OG0001307	Prak.g_01304	Prav.g_01456
OG0001308	Prak.g_01401	Prav.g_01588
OG0001309	Prak.g_01508	Prav.g_01670
OG0001310	Prak.g_01658	Prav.g_01773
OG0001311	Prak.g_01017	Prav.g_00910
OG0001315	Prak.g_01225	Prav.g_00126
OG0001316	Prak.g_00148	Prav.g_00205
OG0001317	Prak.g_00250	Prav.g_00804
OG0001318	Prak.g_00274	Prav.g_01903
OG0001319	Prak.g_00291	Prav.g_01919
OG0001320	Prak.g_01573, Prak.g_01606	Prav.g_00998
OG0001321	Prak.g_00413	Prav.g_01050
OG0001322	Prak.g_00414	Prav.g_01051
OG0001323	Prak.g_00480	Prav.g_01117
OG0001324	Prak.g_00823	Prav.g_01292
OG0001325	Prak.g_01058	Prav.g_00311
OG0001327	Prak.g_00758	Prav.g_00227
OG0001328	Prak.g_01258	Prav.g_00254
OG0001329	Prak.g_01604	Prav.g_00026
OG0001330	Prak.g_01497	Prav.g_01408
OG0001331	Prak.g_01335	Prav.g_01479
OG0001332	Prak.g_01437	Prav.g_01621
OG0001333	Prak.g_01682	Prav.g_01798
OG0001334	Prak.g_01806	Prav.g_00657
OG0001335	Prak.g_01807	Prav.g_00658
OG0001339	Prak.g_00109	Prav.g_00168
OG0001340	Prak.g_00349	Prav.g_01974
OG0001341	Prak.g_01227	Prav.g_00344
OG0001342	Prak.g_01627	Prav.g_00377
OG0001343	Prak.g_00746	Prav.g_00481
OG0001344	Prak.g_01168	Prav.g_00069
OG0001345	Prak.g_01152	Prav.g_01862
OG0001346	Prak.g_01278	Prav.g_01439
OG0001348	Prak.g_01512	Prav.g_01693
OG0001349	Prak.g_01353	Prav.g_01558
OG0001350	Prak.g_00253	Prav.g_00801
OG0001352	Prak.g_00807	Prav.g_01278
OG0001353	Prak.g_00878	Prav.g_00429
OG0001354	Prak.g_00983	Prav.g_00566
OG0001355	Prak.g_01037	Prav.g_01704, Prav.g_00969
OG0001356	Prak.g_01633	Prav.g_00957
OG0001359	Prak.g_00747	Prav.g_00482
OG0001362	Prak.g_01405	Prav.g_01592
OG0001363	Prak.g_01407	Prav.g_01594
OG0001364	Prak.g_01809	Prav.g_00660
OG0001365	Prak.g_01892	Prav.g_00738
OG0001369	Prak.g_00096	Prav.g_00157
OG0001371	Prak.g_00806	Prav.g_01277
OG0001372	Prak.g_00601	Prav.g_00354, Prav.g_01325
OG0001375	Prak.g_00745	Prav.g_00480
OG0001379	Prak.g_01271	Prav.g_01432
OG0001380	Prak.g_01237	Prav.g_01461
OG0001381	Prak.g_01197	Prav.g_01467
OG0001382	Prak.g_01240	Prav.g_01686
OG0001397	Prak.g_01406	Prav.g_01593
OG0001398	Prak.g_01537	Prav.g_01700
OG0001401	Prak.g_00883	Prav.g_01365
OG0001402	Prak.g_00586	Prav.g_01328
OG0001403	Prak.g_00031	Prav.g_00098
OG0001404	Prak.g_00073	Prav.g_00133
OG0001407	Prak.g_01244	Prav.g_00234
OG0001409	Prak.g_01164	Prav.g_00072
OG0001410	Prak.g_01303	Prav.g_01457
OG0001411	Prak.g_00066	Prav.g_01507
OG0001414	Prak.g_00245	Prav.g_00809
OG0001415	Prak.g_00247	Prav.g_00807
OG0001418	Prak.g_00812	Prav.g_01282
OG0001419	Prak.g_01243	Prav.g_00235
OG0001421	Prak.g_01481	Prav.g_01667
OG0001422	Prak.g_01247	Prav.g_01691
OG0001424	Prak.g_00709	Prav.g_00251, Prav.g_01877
OG0001425	Prak.g_01902	Prav.g_00748
OG0001428	Prak.g_00184	Prav.g_00866
OG0001429	Prak.g_00945	Prav.g_00386
OG0001430	Prak.g_01236	Prav.g_01403
OG0001431	Prak.g_01218, Prak.g_01522	Prav.g_01406
OG0001433	Prak.g_01632	Prav.g_00958
OG0001434	Prak.g_00790	Prav.g_00518
OG0001435	Prak.g_00766	Prav.g_00495
OG0001437	Prak.g_00246	Prav.g_00808
OG0001440	Prak.g_01609, Prak.g_01603	Prav.g_01022
OG0001443	Prak.g_01233	Prav.g_01744
OG0001446	Prak.g_00717	Prav.g_00144
OG0001448	Prak.g_00417	Prav.g_00986
OG0001450	Prak.g_00815	Prav.g_01285
OG0001451	Prak.g_00912	Prav.g_00457
OG0001455	Prak.g_01228	Prav.g_00021, Prav.g_01388
OG0001460	Prak.g_01631	Prav.g_00959
OG0001463	Prak.g_00305	Prav.g_01932
OG0001464	Prak.g_00350	Prav.g_01975
OG0001465	Prak.g_00834	Prav.g_01300
OG0001467	Prak.g_01324	Prav.g_00374
OG0001468	Prak.g_00737	Prav.g_00225
OG0001472	Prak.g_00609	Prav.g_01669
OG0001481	Prak.g_01257	Prav.g_00992
OG0001485	Prak.g_00661	Prav.g_01705
OG0001486	Prak.g_01174	Prav.g_00063
OG0001491	Prak.g_00937	Prav.g_00381
OG0001500	Prak.g_00280	Prav.g_01910
OG0001501	Prak.g_00756	Prav.g_01313
OG0001503	Prak.g_00723	Prav.g_00039
OG0001505	Prak.g_00695	Prav.g_01548, Prav.g_01503
OG0001506	Prak.g_01435	Prav.g_01619
OG0001521	Prak.g_00935	Prav.g_00345
OG0001523	Prak.g_01555	Prav.g_00037
OG0001524	Prak.g_01556	Prav.g_00038
OG0001525	Prak.g_01610	Prav.g_01678
OG0001526	Prak.g_00061	Prav.g_01504
OG0001549	Prak.g_00910	Prav.g_00455
OG0001550	Prak.g_00727	Prav.g_00024
OG0001552	Prak.g_01484	Prav.g_02005
OG0001565	Prak.g_00642	Prav.g_01021
OG0001566	Prak.g_00803	Prav.g_01274
OG0001569	Prak.g_00632	Prav.g_00262
OG0001571	Prak.g_00671	Prav.g_00017
OG0001581	Prak.g_01296	Prav.g_00211
OG0001583	Prak.g_00936	Prav.g_00380
OG0001587	Prak.g_01705	Prav.g_00265
OG0001595	Prak.g_00071	Prav.g_00132
OG0001596	Prak.g_00080	Prav.g_00140
OG0001597	Prak.g_01432	Prav.g_00981
OG0001598	Prak.g_00825	Prav.g_01879, Prav.g_01383
OG0001599	Prak.g_00425	Prav.g_01058
OG0001600	Prak.g_00472	Prav.g_01109
OG0001601	Prak.g_00801	Prav.g_01272
OG0001603	Prak.g_00939	Prav.g_00382
OG0001604	Prak.g_00778	Prav.g_00507
OG0001605	Prak.g_00722	Prav.g_00901
OG0001606	Prak.g_00732	Prav.g_00241
OG0001608	Prak.g_01031	Prav.g_01464
OG0001609	Prak.g_01433	Prav.g_01617
OG0001610	Prak.g_01436	Prav.g_01620
OG0001611	Prak.g_01566	Prav.g_01680
OG0001628	Prak.g_00599	Prav.g_00357, Prav.g_01015
OG0001629	Prak.g_00680	Prav.g_00358
OG0001630	Prak.g_00754	Prav.g_00488
OG0001631	Prak.g_00663	Prav.g_00231
OG0001648	Prak.g_01581	Prav.g_00991
OG0001649	Prak.g_00730	Prav.g_00232
OG0001650	Prak.g_01519	Prav.g_01717
OG0001651	Prak.g_01208	Prav.g_01679
OG0001663	Prak.g_01191	Prav.g_00048
OG0001664	Prak.g_01542	Prav.g_01882
OG0001665	Prak.g_01198	Prav.g_01886
OG0001668	Prak.g_01569, Prak.g_01599	Prav.g_01747
OG0001670	Prak.g_00648	Prav.g_01710
OG0001685	Prak.g_00604	Prav.g_00459
OG0001686	Prak.g_01212	Prav.g_00900
OG0001687	Prak.g_00423	Prav.g_00223
OG0001689	Prak.g_01852	Prav.g_00698
OG0001701	Prak.g_00062	Prav.g_00267
OG0001705	Prak.g_01707	Prav.g_01011
OG0001706	Prak.g_01532	Prav.g_00891
OG0001707	Prak.g_01219	Prav.g_00249
OG0001709	Prak.g_01367	Prav.g_01559
OG0001710	Prak.g_00617	Prav.g_00286
OG0001722	Prak.g_00752	Prav.g_00486
OG0001780	Prak.g_01358	Prav.g_01515
OG0001820	Prak.g_00711	Prav.g_01381
OG0001834	Prak.g_01355	Prav.g_01517
OG0001836	Prak.g_01325	Prav.g_00950
OG0001842	Prak.g_00714	Prav.g_00966
OG0001930	Prak.g_00715	Prav.g_00967
OG0001931	Prak.g_00716	Prav.g_00968
OG0001963	Prak.g_01500	Prav.g_01742
OG0001988	Prak.g_01253	Prav.g_00109
OG0002030	Prak.g_01558	Prav.g_00941
OG0002034	Prak.g_00595	Prav.g_01823
OG0002036	Prak.g_01491	Prav.g_01724
OG0002096	Prak.g_00698, Prak.g_01364	Prav.g_01519
OG0002275	Prak.g_01615	Prav.g_01743
OG0002293	Prak.g_00674	Prav.g_01368
OG0002326	Prak.g_01582	Prav.g_01389
OG0002346	Prak.g_01199	Prav.g_01887
OG0002377	Prak.g_01327	Prav.g_00949, Prav.g_01366
OG0002499	Prak.g_01501	Prav.g_01725
OG0002556	Prak.g_01299	Prav.g_01540
OG0002557	Prak.g_01298	Prav.g_01539
OG0002558	Prak.g_01297	Prav.g_01538
OG0002588	Prak.g_01370	Prav.g_01543
OG0002702	Prak.g_01617	Prav.g_01874
OG0002786	Prak.g_00637	Prav.g_01215
OG0002903	Prak.g_00636	Prav.g_01216
OG0003084	Prak.g_01635	Prav.g_01372
