Orthogroup	Species	Prbg	Orthologs
OG0000000	Prbb	Prbg.g_01524	Prbb.g_01144, Prbb.g_01792, Prbb.g_00429, Prbb.g_01246, Prbb.g_01321, Prbb.g_01356
OG0000000	Prbm	Prbg.g_01524	Prbm.g_01140, Prbm.g_01814, Prbm.g_01313, Prbm.g_00433, Prbm.g_01231, Prbm.g_01384
OG0000000	Praj	Prbg.g_01524	Praj.g_01099, Praj.g_01737, Praj.g_00415, Praj.g_01204, Praj.g_01274, Praj.g_01311
OG0000000	Prbc	Prbg.g_01524	Prbc.g_00609, Prbc.g_00812
OG0000000	Pral	Prbg.g_01524	Pral.g_00040
OG0000000	Pram	Prbg.g_01524	Pram.g_01513
OG0000000	Prbh	Prbg.g_01524	Prbh.g_01901
OG0000000	Prat	Prbg.g_01524	Prat.g_01190
OG0000000	Prak	Prbg.g_01524	Prak.g_01210
OG0000000	Prap	Prbg.g_01524	Prap.g_00494
OG0000000	Prbe	Prbg.g_01524	Prbe.g_01587
OG0000000	Prbf	Prbg.g_01524	Prbf.g_00880
OG0000000	Prbn	Prbg.g_01524	Prbn.g_01151
OG0000000	Pras	Prbg.g_01567	Pras.g_00493, Pras.g_00470
OG0000000	Prai	Prbg.g_01567	Prai.g_01612, Prai.g_01592
OG0000000	Prac	Prbg.g_01567	Prac.g_00277, Prac.g_00292
OG0000000	Praq	Prbg.g_01567	Praq.g_01956, Praq.g_00026
OG0000000	Prar	Prbg.g_01567	Prar.g_00713, Prar.g_00729
OG0000000	Prau	Prbg.g_01567	Prau.g_01665, Prau.g_01648
OG0000000	Praa	Prbg.g_01567	Praa.g_01235, Praa.g_01598, Praa.g_01244
OG0000000	Prbd	Prbg.g_01567	Prbd.g_01914, Prbd.g_01568
OG0000000	Pray	Prbg.g_01567	Pray.g_01576, Pray.g_01603
OG0000000	Praz	Prbg.g_01567	Praz.g_00894, Praz.g_00921
OG0000000	Prba	Prbg.g_01567	Prba.g_00243, Prba.g_00269
OG0000000	Prad	Prbg.g_01567	Prad.g_01982, Prad.g_00392
OG0000000	Prbc	Prbg.g_01567	Prbc.g_00104, Prbc.g_02164, Prbc.g_00806, Prbc.g_02165
OG0000000	Prbb	Prbg.g_01567	Prbb.g_01354, Prbb.g_00432, Prbb.g_01120, Prbb.g_01401, Prbb.g_01785, Prbb.g_00431, Prbb.g_01121, Prbb.g_01319, Prbb.g_01244
OG0000000	Prbm	Prbg.g_01567	Prbm.g_00435, Prbm.g_01116, Prbm.g_01406, Prbm.g_01808, Prbm.g_01117, Prbm.g_01229, Prbm.g_01382, Prbm.g_01407, Prbm.g_00436
OG0000000	Praj	Prbg.g_01567	Praj.g_00418, Praj.g_01077, Praj.g_01357, Praj.g_01730, Praj.g_01272, Praj.g_01309, Praj.g_01078, Praj.g_00417, Praj.g_01202
OG0000000	Prab	Prbg.g_01567	Prab.g_00760, Prab.g_01630, Prab.g_01598
OG0000000	Pran	Prbg.g_01567	Pran.g_01423, Pran.g_00931, Pran.g_00601
OG0000000	Prag	Prbg.g_01567	Prag.g_00721, Prag.g_01648, Prag.g_01608, Prag.g_01230, Prag.g_01348
OG0000000	Praw	Prbg.g_01567	Praw.g_01780, Praw.g_00494, Praw.g_00455, Praw.g_00893, Praw.g_00974
OG0000000	Prae	Prbg.g_01567	Prae.g_01580
OG0000000	Prbi	Prbg.g_01567	Prbi.g_01709
OG0000000	Prax	Prbg.g_01567	Prax.g_01608, Prax.g_00496
OG0000000	Prao	Prbg.g_01567	Prao.g_01515
OG0000000	Prav	Prbg.g_01567	Prav.g_01695, Prav.g_00973
OG0000000	Prat	Prbg.g_01567	Prat.g_01549
OG0000000	Praf	Prbg.g_01567	Praf.g_00813
OG0000000	Prah	Prbg.g_01567	Prah.g_01348
OG0000000	Prbj	Prbg.g_01567	Prbj.g_00164
OG0000000	Prbk	Prbg.g_01567	Prbk.g_00165
OG0000000	Prbl	Prbg.g_01567	Prbl.g_00116
OG0000000	Pral	Prbg.g_01567	Pral.g_00037
OG0000000	Pram	Prbg.g_01567	Pram.g_01511
OG0000000	Prbh	Prbg.g_01567	Prbh.g_01903
OG0000000	Prak	Prbg.g_01567	Prak.g_01562
OG0000000	Prap	Prbg.g_01567	Prap.g_01862
OG0000000	Prbe	Prbg.g_01567	Prbe.g_01119
OG0000000	Prbf	Prbg.g_01567	Prbf.g_00776
OG0000000	Prbn	Prbg.g_01567	Prbn.g_01662
OG0000000	Praa	Prbg.g_01523, Prbg.g_01568, Prbg.g_01583	Praa.g_01597
OG0000000	Prad	Prbg.g_01523, Prbg.g_01568, Prbg.g_01583	Prad.g_01297
OG0000000	Praj	Prbg.g_01523	Praj.g_01307
OG0000000	Praj	Prbg.g_01568	Praj.g_01307
OG0000000	Praj	Prbg.g_01523	Praj.g_01359
OG0000000	Praj	Prbg.g_01568	Praj.g_01359
OG0000000	Praj	Prbg.g_01523	Praj.g_01732
OG0000000	Praj	Prbg.g_01568	Praj.g_01732
OG0000000	Prak	Prbg.g_01523	Prak.g_01209
OG0000000	Prak	Prbg.g_01568	Prak.g_01209
OG0000000	Prak	Prbg.g_01523	Prak.g_01563
OG0000000	Prak	Prbg.g_01568	Prak.g_01563
OG0000000	Pral	Prbg.g_01523	Pral.g_00038
OG0000000	Pral	Prbg.g_01568	Pral.g_00038
OG0000000	Pral	Prbg.g_01523	Pral.g_01333
OG0000000	Pral	Prbg.g_01568	Pral.g_01333
OG0000000	Pram	Prbg.g_01523	Pram.g_01512
OG0000000	Pram	Prbg.g_01568	Pram.g_01512
OG0000000	Prap	Prbg.g_01523	Prap.g_00493
OG0000000	Prap	Prbg.g_01568	Prap.g_00493
OG0000000	Prap	Prbg.g_01523	Prap.g_01861
OG0000000	Prap	Prbg.g_01568	Prap.g_01861
OG0000000	Prbb	Prbg.g_01523	Prbb.g_01123
OG0000000	Prbb	Prbg.g_01568	Prbb.g_01123
OG0000000	Prbb	Prbg.g_01523	Prbb.g_01352
OG0000000	Prbb	Prbg.g_01568	Prbb.g_01352
OG0000000	Prbb	Prbg.g_01523	Prbb.g_01403
OG0000000	Prbb	Prbg.g_01568	Prbb.g_01403
OG0000000	Prbb	Prbg.g_01523	Prbb.g_01787
OG0000000	Prbb	Prbg.g_01568	Prbb.g_01787
OG0000000	Prbc	Prbg.g_01523	Prbc.g_00618
OG0000000	Prbc	Prbg.g_01568	Prbc.g_00618
OG0000000	Prbc	Prbg.g_01523	Prbc.g_02167
OG0000000	Prbc	Prbg.g_01568	Prbc.g_02167
OG0000000	Prbe	Prbg.g_01523	Prbe.g_01120
OG0000000	Prbe	Prbg.g_01568	Prbe.g_01120
OG0000000	Prbf	Prbg.g_01523	Prbf.g_00775
OG0000000	Prbf	Prbg.g_01568	Prbf.g_00775
OG0000000	Prbf	Prbg.g_01523	Prbf.g_00881
OG0000000	Prbf	Prbg.g_01568	Prbf.g_00881
OG0000000	Prbh	Prbg.g_01523	Prbh.g_01902
OG0000000	Prbm	Prbg.g_01523	Prbm.g_01119
OG0000000	Prbm	Prbg.g_01523	Prbm.g_01404
OG0000000	Prbm	Prbg.g_01523	Prbm.g_01810
OG0000000	Prbn	Prbg.g_01523	Prbn.g_01152
OG0000000	Prbn	Prbg.g_01523	Prbn.g_01663
OG0000000	Prbh	Prbg.g_01568	Prbh.g_01902
OG0000000	Prbm	Prbg.g_01568	Prbm.g_01119
OG0000000	Prbm	Prbg.g_01568	Prbm.g_01404
OG0000000	Prbm	Prbg.g_01568	Prbm.g_01810
OG0000000	Prbn	Prbg.g_01568	Prbn.g_01152
OG0000000	Prbn	Prbg.g_01568	Prbn.g_01663
OG0000000	Prat	Prbg.g_01583	Prat.g_01189
OG0000000	Praj	Prbg.g_01583	Praj.g_01100
OG0000000	Prbc	Prbg.g_01583	Prbc.g_00608
OG0000000	Prbb	Prbg.g_01583	Prbb.g_01145
OG0000000	Prbm	Prbg.g_01583	Prbm.g_01141
OG0000000	Pram	Prbg.g_01583	Pram.g_01556
OG0000000	Prbh	Prbg.g_01583	Prbh.g_01858
OG0000000	Prak	Prbg.g_01583	Prak.g_01578
OG0000000	Prap	Prbg.g_01583	Prap.g_01846
OG0000000	Prbe	Prbg.g_01583	Prbe.g_01052
OG0000000	Prbf	Prbg.g_01583	Prbf.g_00760
OG0000000	Prbn	Prbg.g_01583	Prbn.g_01678
OG0000001	Prax	Prbg.g_00502	Prax.g_01878
OG0000001	Prbi	Prbg.g_00502	Prbi.g_01424
OG0000001	Prao	Prbg.g_00502	Prao.g_01254
OG0000001	Prav	Prbg.g_00502	Prav.g_01458
OG0000001	Prag	Prbg.g_00502	Prag.g_01374
OG0000001	Praw	Prbg.g_00502	Praw.g_01000
OG0000001	Prad	Prbg.g_00502	Prad.g_00609
OG0000001	Prac	Prbg.g_00502	Prac.g_00202
OG0000001	Praq	Prbg.g_00502	Praq.g_00160
OG0000001	Prar	Prbg.g_00502	Prar.g_00926
OG0000001	Prbd	Prbg.g_00502	Prbd.g_01779
OG0000001	Prae	Prbg.g_00502	Prae.g_01353
OG0000001	Praa	Prbg.g_00502	Praa.g_01351
OG0000001	Pray	Prbg.g_00502	Pray.g_01844
OG0000001	Praz	Prbg.g_00502	Praz.g_01154
OG0000001	Prba	Prbg.g_00502	Prba.g_00211
OG0000001	Prai	Prbg.g_00502	Prai.g_01235, Prai.g_01356
OG0000001	Prau	Prbg.g_00502	Prau.g_01394
OG0000001	Pras	Prbg.g_00502	Pras.g_00235
OG0000001	Syan	Prbg.g_00502	Syan.g_02267, Syan.g_02266, Syan.g_01149, Syan.g_02528
OG0000001	Syak	Prbg.g_00502	Syak.g_00342, Syak.g_02139, Syak.g_02138, Syak.g_00275, Syak.g_00579
OG0000001	Syam	Prbg.g_00502	Syam.g_00946, Syam.g_02177, Syam.g_02178, Syam.g_00929
OG0000001	Syad	Prbg.g_00502	Syad.g_00628, Syad.g_02863, Syad.g_02862, Syad.g_02864, Syad.g_02865, Syad.g_01238, Syad.g_00611
OG0000001	Syaj	Prbg.g_00502	Syaj.g_02674, Syaj.g_01948, Syaj.g_01947, Syaj.g_01949, Syaj.g_01952, Syaj.g_01950, Syaj.g_02660
OG0000001	Syae	Prbg.g_00502	Syae.g_02061, Syae.g_01416, Syae.g_01417, Syae.g_02055
OG0000001	Syac	Prbg.g_00502	Syac.g_02154, Syac.g_00341, Syac.g_00340, Syac.g_02169
OG0000001	Syah	Prbg.g_00502	Syah.g_00726, Syah.g_01516, Syah.g_00040, Syah.g_00041, Syah.g_00710
OG0000001	Syaf	Prbg.g_00502	Syaf.g_01640, Syaf.g_00846, Syaf.g_00845, Syaf.g_01634
OG0000001	Syai	Prbg.g_00502	Syai.g_01716, Syai.g_01197, Syai.g_02594, Syai.g_00891, Syai.g_02595, Syai.g_01729
OG0000001	Prbj	Prbg.g_00502	Prbj.g_00672, Prbj.g_00169, Prbj.g_01549, Prbj.g_02662, Prbj.g_02690
OG0000001	Prbk	Prbg.g_00502	Prbk.g_01196, Prbk.g_00170, Prbk.g_00561, Prbk.g_02701, Prbk.g_00630
OG0000001	Prbl	Prbg.g_00502	Prbl.g_00725, Prbl.g_00121, Prbl.g_02599, Prbl.g_00808, Prbl.g_02598, Prbl.g_02578
OG0000001	Praf	Prbg.g_00502	Praf.g_01895, Praf.g_00818, Praf.g_01896, Praf.g_01031, Praf.g_02422, Praf.g_01293
OG0000001	Prah	Prbg.g_00502	Prah.g_00324, Prah.g_01343, Prah.g_01159, Prah.g_02270, Prah.g_00896
OG0000001	Syag	Prbg.g_00502	Syag.g_00575, Syag.g_01942, Syag.g_01943, Syag.g_00520
OG0000001	Syab	Prbg.g_00502	Syab.g_01549, Syab.g_02553, Syab.g_02555, Syab.g_01509, Syab.g_01510, Syab.g_00673
OG0000001	Syal	Prbg.g_00502	Syal.g_02193, Syal.g_02215, Syal.g_00874, Syal.g_01184
OG0000001	Syar	Prbg.g_00502	Syar.g_00069, Syar.g_00070, Syar.g_02229
OG0000001	Syao	Prbg.g_00502	Syao.g_00314, Syao.g_02557, Syao.g_02556, Syao.g_01317, Syao.g_02558
OG0000001	Syat	Prbg.g_00502	Syat.g_02910, Syat.g_02911, Syat.g_02908, Syat.g_02909, Syat.g_01540, Syat.g_00878
OG0000001	Syaq	Prbg.g_00502	Syaq.g_01436, Syaq.g_00118, Syaq.g_01435, Syaq.g_00115, Syaq.g_01434, Syaq.g_02178, Syaq.g_02413
OG0000001	Syaa	Prbg.g_00502	Syaa.g_02435, Syaa.g_02438, Syaa.g_02437, Syaa.g_02436, Syaa.g_02439, Syaa.g_02329
OG0000001	Syap	Prbg.g_00502	Syap.g_00785, Syap.g_02195, Syap.g_02194, Syap.g_02201, Syap.g_02615, Syap.g_00399
OG0000001	Syas	Prbg.g_00502	Syas.g_00966, Syas.g_00967, Syas.g_00093, Syas.g_02373
OG0000001	Prbb	Prbg.g_00502	Prbb.g_01611
OG0000001	Prbc	Prbg.g_00502	Prbc.g_00588
OG0000001	Praj	Prbg.g_00502	Praj.g_01549
OG0000001	Prbm	Prbg.g_00502	Prbm.g_01633
OG0000001	Pral	Prbg.g_00502	Pral.g_01236
OG0000001	Prat	Prbg.g_00502	Prat.g_01285, Prat.g_01286
OG0000001	Prbh	Prbg.g_00502	Prbh.g_00001
OG0000001	Pram	Prbg.g_00502	Pram.g_01954, Pram.g_01953
OG0000001	Prap	Prbg.g_00502	Prap.g_01925
OG0000001	Prbe	Prbg.g_00502	Prbe.g_00400
OG0000001	Prbf	Prbg.g_00502	Prbf.g_00068
OG0000001	Prbn	Prbg.g_00502	Prbn.g_01213
OG0000001	Prak	Prbg.g_00502	Prak.g_01302
OG0000001	Pral	Prbg.g_01069	Pral.g_01671
OG0000001	Prat	Prbg.g_01069	Prat.g_00851
OG0000001	Prbm	Prbg.g_01069	Prbm.g_00496, Prbm.g_01940
OG0000001	Praj	Prbg.g_01069	Praj.g_00463, Praj.g_01861
OG0000001	Prbb	Prbg.g_01069	Prbb.g_00474, Prbb.g_01915
OG0000001	Prbc	Prbg.g_01069	Prbc.g_01530, Prbc.g_00925
OG0000001	Pram	Prbg.g_01069	Pram.g_00719
OG0000001	Prbh	Prbg.g_01069	Prbh.g_00863
OG0000001	Prap	Prbg.g_01069	Prap.g_00653
OG0000001	Prbe	Prbg.g_01069	Prbe.g_00112
OG0000001	Prbf	Prbg.g_01069	Prbf.g_00831
OG0000001	Prbn	Prbg.g_01069	Prbn.g_01923
OG0000001	Prak	Prbg.g_01069	Prak.g_00755
OG0000002	Syai	Prbg.g_01222, Prbg.g_01227, Prbg.g_01516, Prbg.g_00523, Prbg.g_01514, Prbg.g_01521, Prbg.g_00694, Prbg.g_01119	Syai.g_01728
OG0000002	Syam	Prbg.g_01222, Prbg.g_01227, Prbg.g_01516, Prbg.g_00523, Prbg.g_01514, Prbg.g_01521, Prbg.g_00694, Prbg.g_01119	Syam.g_00931
OG0000002	Syad	Prbg.g_01222, Prbg.g_01227, Prbg.g_01516, Prbg.g_00523, Prbg.g_01514, Prbg.g_01521, Prbg.g_00694, Prbg.g_01119	Syad.g_00619
OG0000002	Syaj	Prbg.g_01222, Prbg.g_01227, Prbg.g_01516, Prbg.g_00523, Prbg.g_01514, Prbg.g_01521, Prbg.g_00694, Prbg.g_01119	Syaj.g_02667
OG0000002	Syab	Prbg.g_01222, Prbg.g_01227, Prbg.g_01516, Prbg.g_00523, Prbg.g_01514, Prbg.g_01521, Prbg.g_00694, Prbg.g_01119	Syab.g_02285
OG0000002	Syac	Prbg.g_01222, Prbg.g_01227, Prbg.g_01516, Prbg.g_00523, Prbg.g_01514, Prbg.g_01521, Prbg.g_00694, Prbg.g_01119	Syac.g_01084
OG0000002	Syah	Prbg.g_01222, Prbg.g_01227, Prbg.g_01516, Prbg.g_00523, Prbg.g_01514, Prbg.g_01521, Prbg.g_00694, Prbg.g_01119	Syah.g_01829
OG0000002	Prav	Prbg.g_01222, Prbg.g_01227	Prav.g_01466
OG0000002	Prag	Prbg.g_01222, Prbg.g_01227	Prag.g_01382
OG0000002	Praw	Prbg.g_01222, Prbg.g_01227	Praw.g_01009
OG0000002	Prad	Prbg.g_01222, Prbg.g_01227	Prad.g_00601
OG0000002	Prai	Prbg.g_01222, Prbg.g_01227	Prai.g_01363
OG0000002	Pras	Prbg.g_01222, Prbg.g_01227	Pras.g_00243
OG0000002	Prau	Prbg.g_01222, Prbg.g_01227	Prau.g_01402
OG0000002	Prax	Prbg.g_01222, Prbg.g_01227	Prax.g_01870
OG0000002	Prbd	Prbg.g_01222, Prbg.g_01227	Prbd.g_01771
OG0000002	Pray	Prbg.g_01222, Prbg.g_01227	Pray.g_01836
OG0000002	Praz	Prbg.g_01222, Prbg.g_01227	Praz.g_01146
OG0000002	Prba	Prbg.g_01222, Prbg.g_01227	Prba.g_00203
OG0000002	Prbi	Prbg.g_01222, Prbg.g_01227	Prbi.g_01432
OG0000002	Prac	Prbg.g_01222, Prbg.g_01227	Prac.g_00210
OG0000002	Praq	Prbg.g_01222, Prbg.g_01227	Praq.g_00168
OG0000002	Prar	Prbg.g_01222, Prbg.g_01227	Prar.g_00918
OG0000002	Prae	Prbg.g_01222, Prbg.g_01227	Prae.g_01361
OG0000002	Praa	Prbg.g_01222, Prbg.g_01227	Praa.g_01359
OG0000002	Prao	Prbg.g_01222, Prbg.g_01227	Prao.g_01246
OG0000002	Prbj	Prbg.g_01222, Prbg.g_01227	Prbj.g_02517
OG0000002	Prbk	Prbg.g_01222, Prbg.g_01227	Prbk.g_02574
OG0000002	Prbl	Prbg.g_01222, Prbg.g_01227	Prbl.g_01582
OG0000002	Praf	Prbg.g_01222, Prbg.g_01227	Praf.g_01631
OG0000002	Prah	Prbg.g_01222, Prbg.g_01227	Prah.g_00562
OG0000002	Praj	Prbg.g_01222	Praj.g_00832
OG0000002	Prbc	Prbg.g_01222	Prbc.g_01920
OG0000002	Prbb	Prbg.g_01222	Prbb.g_00844
OG0000002	Prbm	Prbg.g_01222	Prbm.g_00874
OG0000002	Pral	Prbg.g_01222	Pral.g_01549
OG0000002	Prat	Prbg.g_01222	Prat.g_00977
OG0000002	Pram	Prbg.g_01222	Pram.g_00873
OG0000002	Prbh	Prbg.g_01222	Prbh.g_01016
OG0000002	Prak	Prbg.g_01222	Prak.g_00908
OG0000002	Prap	Prbg.g_01222	Prap.g_00720
OG0000002	Prbe	Prbg.g_01222	Prbe.g_01285
OG0000002	Prbf	Prbg.g_01222	Prbf.g_01182
OG0000002	Prbn	Prbg.g_01222	Prbn.g_01483
OG0000002	Pral	Prbg.g_01227	Pral.g_01554
OG0000002	Pram	Prbg.g_01227	Pram.g_00879
OG0000002	Prbh	Prbg.g_01227	Prbh.g_01022
OG0000002	Prak	Prbg.g_01227	Prak.g_00913
OG0000002	Prap	Prbg.g_01227	Prap.g_00715
OG0000002	Prbe	Prbg.g_01227	Prbe.g_01290
OG0000002	Prbf	Prbg.g_01227	Prbf.g_01177
OG0000002	Prbn	Prbg.g_01227	Prbn.g_01478
OG0000002	Prbj	Prbg.g_01516, Prbg.g_00523, Prbg.g_01514, Prbg.g_01521, Prbg.g_00694, Prbg.g_01119	Prbj.g_00030
OG0000002	Prbk	Prbg.g_01516, Prbg.g_00523, Prbg.g_01514, Prbg.g_01521, Prbg.g_00694, Prbg.g_01119	Prbk.g_01649
OG0000002	Prbl	Prbg.g_01516, Prbg.g_00523, Prbg.g_01514, Prbg.g_01521, Prbg.g_00694, Prbg.g_01119	Prbl.g_01092
OG0000002	Praf	Prbg.g_01516, Prbg.g_00523, Prbg.g_01514, Prbg.g_01521, Prbg.g_00694, Prbg.g_01119	Praf.g_00948
OG0000002	Prah	Prbg.g_01516, Prbg.g_00523, Prbg.g_01514, Prbg.g_01521, Prbg.g_00694, Prbg.g_01119	Prah.g_01226
OG0000002	Prag	Prbg.g_01516, Prbg.g_00523, Prbg.g_01514, Prbg.g_01521, Prbg.g_00694, Prbg.g_01119	Prag.g_00656
OG0000002	Praw	Prbg.g_01516, Prbg.g_00523, Prbg.g_01514, Prbg.g_01521, Prbg.g_00694, Prbg.g_01119	Praw.g_01844
OG0000002	Prav	Prbg.g_01516, Prbg.g_00523, Prbg.g_01514, Prbg.g_01521, Prbg.g_00694, Prbg.g_01119	Prav.g_01276
OG0000002	Prab	Prbg.g_01516, Prbg.g_00523, Prbg.g_01514, Prbg.g_01521, Prbg.g_00694, Prbg.g_01119	Prab.g_00683
OG0000002	Pran	Prbg.g_01516, Prbg.g_00523, Prbg.g_01514, Prbg.g_01521, Prbg.g_00694, Prbg.g_01119	Pran.g_01500
OG0000002	Prai	Prbg.g_01516, Prbg.g_00523, Prbg.g_01514, Prbg.g_01521, Prbg.g_00694, Prbg.g_01119	Prai.g_00707
OG0000002	Prac	Prbg.g_01516, Prbg.g_00523, Prbg.g_01514, Prbg.g_01521, Prbg.g_00694, Prbg.g_01119	Prac.g_00693
OG0000002	Praq	Prbg.g_01516, Prbg.g_00523, Prbg.g_01514, Prbg.g_01521, Prbg.g_00694, Prbg.g_01119	Praq.g_00807
OG0000002	Prar	Prbg.g_01516, Prbg.g_00523, Prbg.g_01514, Prbg.g_01521, Prbg.g_00694, Prbg.g_01119	Prar.g_01508
OG0000002	Pras	Prbg.g_01516, Prbg.g_00523, Prbg.g_01514, Prbg.g_01521, Prbg.g_00694, Prbg.g_01119	Pras.g_01554
OG0000002	Prau	Prbg.g_01516, Prbg.g_00523, Prbg.g_01514, Prbg.g_01521, Prbg.g_00694, Prbg.g_01119	Prau.g_00718
OG0000002	Praa	Prbg.g_01516, Prbg.g_00523, Prbg.g_01514, Prbg.g_01521, Prbg.g_00694, Prbg.g_01119	Praa.g_00678
OG0000002	Prae	Prbg.g_01516, Prbg.g_00523, Prbg.g_01514, Prbg.g_01521, Prbg.g_00694, Prbg.g_01119	Prae.g_00652
OG0000002	Prax	Prbg.g_01516, Prbg.g_00523, Prbg.g_01514, Prbg.g_01521, Prbg.g_00694, Prbg.g_01119	Prax.g_00964
OG0000002	Prbi	Prbg.g_01516, Prbg.g_00523, Prbg.g_01514, Prbg.g_01521, Prbg.g_00694, Prbg.g_01119	Prbi.g_00681
OG0000002	Prao	Prbg.g_01516, Prbg.g_00523, Prbg.g_01514, Prbg.g_01521, Prbg.g_00694, Prbg.g_01119	Prao.g_00116
OG0000002	Pray	Prbg.g_01516, Prbg.g_00523, Prbg.g_01514, Prbg.g_01521, Prbg.g_00694, Prbg.g_01119	Pray.g_01085
OG0000002	Praz	Prbg.g_01516, Prbg.g_00523, Prbg.g_01514, Prbg.g_01521, Prbg.g_00694, Prbg.g_01119	Praz.g_01652
OG0000002	Prba	Prbg.g_01516, Prbg.g_00523, Prbg.g_01514, Prbg.g_01521, Prbg.g_00694, Prbg.g_01119	Prba.g_01639
OG0000002	Prbd	Prbg.g_01516, Prbg.g_00523, Prbg.g_01514, Prbg.g_01521, Prbg.g_00694, Prbg.g_01119	Prbd.g_00566
OG0000002	Prad	Prbg.g_01516, Prbg.g_00523, Prbg.g_01514, Prbg.g_01521, Prbg.g_00694, Prbg.g_01119	Prad.g_01252
OG0000002	Praj	Prbg.g_01516	Praj.g_01489
OG0000002	Prbb	Prbg.g_01516	Prbb.g_01546
OG0000002	Prbm	Prbg.g_01516	Prbm.g_01578
OG0000002	Prbc	Prbg.g_01516	Prbc.g_01475
OG0000002	Pral	Prbg.g_01516	Pral.g_01340
OG0000002	Prat	Prbg.g_01516	Prat.g_01184
OG0000002	Pram	Prbg.g_01516	Pram.g_01170
OG0000002	Prbh	Prbg.g_01516	Prbh.g_01313
OG0000002	Prak	Prbg.g_01516	Prak.g_01202
OG0000002	Prap	Prbg.g_01516	Prap.g_00486
OG0000002	Prbe	Prbg.g_01516	Prbe.g_01579
OG0000002	Prbf	Prbg.g_01516	Prbf.g_00888
OG0000002	Prbn	Prbg.g_01516	Prbn.g_01159
OG0000002	Praj	Prbg.g_00523, Prbg.g_01514	Praj.g_01488
OG0000002	Prbb	Prbg.g_00523, Prbg.g_01514	Prbb.g_01545
OG0000002	Prbc	Prbg.g_00523, Prbg.g_01514	Prbc.g_01474
OG0000002	Prbm	Prbg.g_00523, Prbg.g_01514	Prbm.g_01577
OG0000002	Pral	Prbg.g_00523	Pral.g_00430
OG0000002	Prat	Prbg.g_00523	Prat.g_01487
OG0000002	Pram	Prbg.g_00523	Pram.g_01471
OG0000002	Prbh	Prbg.g_00523	Prbh.g_00006
OG0000002	Prak	Prbg.g_00523	Prak.g_01323
OG0000002	Prap	Prbg.g_00523	Prap.g_01946
OG0000002	Prbe	Prbg.g_00523	Prbe.g_00379
OG0000002	Prbf	Prbg.g_00523	Prbf.g_00089
OG0000002	Prbn	Prbg.g_00523	Prbn.g_01234
OG0000002	Pral	Prbg.g_01514	Pral.g_01342
OG0000002	Prat	Prbg.g_01514	Prat.g_01182
OG0000002	Pram	Prbg.g_01514	Pram.g_01168
OG0000002	Prbh	Prbg.g_01514	Prbh.g_01311
OG0000002	Prak	Prbg.g_01514	Prak.g_01200
OG0000002	Prap	Prbg.g_01514	Prap.g_00484
OG0000002	Prbe	Prbg.g_01514	Prbe.g_01577
OG0000002	Prbf	Prbg.g_01514	Prbf.g_00890
OG0000002	Prbn	Prbg.g_01514	Prbn.g_01161
OG0000002	Praj	Prbg.g_01521	Praj.g_01493, Praj.g_01487
OG0000002	Prbb	Prbg.g_01521	Prbb.g_01550, Prbb.g_01544
OG0000002	Prbc	Prbg.g_01521	Prbc.g_01479, Prbc.g_01473
OG0000002	Prbm	Prbg.g_01521	Prbm.g_01582, Prbm.g_01576
OG0000002	Prat	Prbg.g_01521	Prat.g_01187
OG0000002	Pral	Prbg.g_01521	Pral.g_01337
OG0000002	Pram	Prbg.g_01521	Pram.g_01174
OG0000002	Prbh	Prbg.g_01521	Prbh.g_01317
OG0000002	Prak	Prbg.g_01521	Prak.g_01207
OG0000002	Prap	Prbg.g_01521	Prap.g_00491
OG0000002	Prbe	Prbg.g_01521	Prbe.g_01584
OG0000002	Prbf	Prbg.g_01521	Prbf.g_00883
OG0000002	Prbn	Prbg.g_01521	Prbn.g_01154
OG0000002	Praj	Prbg.g_00694	Praj.g_01492
OG0000002	Prbb	Prbg.g_00694	Prbb.g_01549
OG0000002	Prbc	Prbg.g_00694	Prbc.g_01478
OG0000002	Prbm	Prbg.g_00694	Prbm.g_01581
OG0000002	Pram	Prbg.g_00694	Pram.g_01278
OG0000002	Prbh	Prbg.g_00694	Prbh.g_00199
OG0000002	Pral	Prbg.g_00694	Pral.g_01052
OG0000002	Prat	Prbg.g_00694	Prat.g_01462
OG0000002	Prak	Prbg.g_00694	Prak.g_01494
OG0000002	Prap	Prbg.g_00694	Prap.g_00224
OG0000002	Prbe	Prbg.g_00694	Prbe.g_00208
OG0000002	Prbf	Prbg.g_00694	Prbf.g_00260
OG0000002	Prbn	Prbg.g_00694	Prbn.g_00879
OG0000002	Prbm	Prbg.g_01119	Prbm.g_00712
OG0000002	Praj	Prbg.g_01119	Praj.g_00670
OG0000002	Prbc	Prbg.g_01119	Prbc.g_01759
OG0000002	Prbb	Prbg.g_01119	Prbb.g_00683
OG0000002	Pral	Prbg.g_01119	Pral.g_01764
OG0000002	Prat	Prbg.g_01119	Prat.g_00751
OG0000002	Pram	Prbg.g_01119	Pram.g_00768
OG0000002	Prbh	Prbg.g_01119	Prbh.g_00912
OG0000002	Prak	Prbg.g_01119	Prak.g_00805
OG0000002	Prap	Prbg.g_01119	Prap.g_00823
OG0000002	Prbe	Prbg.g_01119	Prbe.g_00452
OG0000002	Prbf	Prbg.g_01119	Prbf.g_01285
OG0000002	Prbn	Prbg.g_01119	Prbn.g_01586
OG0000004	Syaq	Prbg.g_01140	Syaq.g_02603
OG0000004	Praj	Prbg.g_01140	Praj.g_01396
OG0000004	Prbc	Prbg.g_01140	Prbc.g_01381
OG0000004	Prbm	Prbg.g_01140	Prbm.g_01483
OG0000004	Prbb	Prbg.g_01140	Prbb.g_01450
OG0000004	Syan	Prbg.g_01140	Syan.g_00183
OG0000004	Syar	Prbg.g_01140	Syar.g_02051
OG0000004	Syas	Prbg.g_01140	Syas.g_00176
OG0000004	Syao	Prbg.g_01140	Syao.g_02374
OG0000004	Syae	Prbg.g_01140	Syae.g_00779
OG0000004	Syac	Prbg.g_01140	Syac.g_00898
OG0000004	Syah	Prbg.g_01140	Syah.g_02017
OG0000004	Syam	Prbg.g_01140	Syam.g_00787
OG0000004	Syai	Prbg.g_01140	Syai.g_01994
OG0000004	Syaf	Prbg.g_01140	Syaf.g_01455
OG0000004	Syaa	Prbg.g_01140	Syaa.g_00892
OG0000004	Syad	Prbg.g_01140	Syad.g_01304
OG0000004	Syaj	Prbg.g_01140	Syaj.g_00441
OG0000004	Syab	Prbg.g_01140	Syab.g_00549, Syab.g_01193
OG0000004	Syak	Prbg.g_01140	Syak.g_01219, Syak.g_00720
OG0000004	Syag	Prbg.g_01140	Syag.g_00988
OG0000004	Syal	Prbg.g_01140	Syal.g_01809
OG0000004	Prbj	Prbg.g_01140	Prbj.g_00754
OG0000004	Prbk	Prbg.g_01140	Prbk.g_01760
OG0000004	Prbl	Prbg.g_01140	Prbl.g_00021
OG0000004	Praf	Prbg.g_01140	Praf.g_01121
OG0000004	Prah	Prbg.g_01140	Prah.g_01022
OG0000004	Prab	Prbg.g_01140	Prab.g_00700
OG0000004	Pran	Prbg.g_01140	Pran.g_01483
OG0000004	Prai	Prbg.g_01140	Prai.g_00724
OG0000004	Prad	Prbg.g_01140	Prad.g_01269
OG0000004	Praa	Prbg.g_01140	Praa.g_00695
OG0000004	Pray	Prbg.g_01140	Pray.g_01068
OG0000004	Praz	Prbg.g_01140	Praz.g_01635
OG0000004	Prba	Prbg.g_01140	Prba.g_01622
OG0000004	Prax	Prbg.g_01140	Prax.g_00947
OG0000004	Prag	Prbg.g_01140	Prag.g_00673
OG0000004	Praw	Prbg.g_01140	Praw.g_01827
OG0000004	Prac	Prbg.g_01140	Prac.g_00676
OG0000004	Praq	Prbg.g_01140	Praq.g_00824
OG0000004	Prar	Prbg.g_01140	Prar.g_01525
OG0000004	Prae	Prbg.g_01140	Prae.g_00669
OG0000004	Prbd	Prbg.g_01140	Prbd.g_00549
OG0000004	Prav	Prbg.g_01140	Prav.g_01293
OG0000004	Prao	Prbg.g_01140	Prao.g_00133
OG0000004	Prbi	Prbg.g_01140	Prbi.g_00698
OG0000004	Pras	Prbg.g_01140	Pras.g_01571
OG0000004	Prau	Prbg.g_01140	Prau.g_00735
OG0000004	Pral	Prbg.g_01140	Pral.g_01743
OG0000004	Prat	Prbg.g_01140	Prat.g_00772
OG0000004	Pram	Prbg.g_01140	Pram.g_00789
OG0000004	Prbh	Prbg.g_01140	Prbh.g_00933
OG0000004	Prak	Prbg.g_01140	Prak.g_00826
OG0000004	Prap	Prbg.g_01140	Prap.g_00802
OG0000004	Prbe	Prbg.g_01140	Prbe.g_01203
OG0000004	Prbf	Prbg.g_01140	Prbf.g_01264
OG0000004	Prbn	Prbg.g_01140	Prbn.g_01565
OG0000004	Syar	Prbg.g_01014	Syar.g_02225, Syar.g_00842
OG0000004	Syao	Prbg.g_01014	Syao.g_01271, Syao.g_01007
OG0000004	Syas	Prbg.g_01014	Syas.g_00509, Syas.g_00174, Syas.g_00311, Syas.g_00072
OG0000004	Syak	Prbg.g_01014	Syak.g_00003, Syak.g_02297
OG0000004	Syab	Prbg.g_01014	Syab.g_01911, Syab.g_02377
OG0000004	Syal	Prbg.g_01014	Syal.g_02718, Syal.g_00691
OG0000004	Syaq	Prbg.g_01014	Syaq.g_02042, Syaq.g_01567
OG0000004	Syaa	Prbg.g_01014	Syaa.g_01667, Syaa.g_02116
OG0000004	Syae	Prbg.g_01014	Syae.g_00042, Syae.g_02231
OG0000004	Syad	Prbg.g_01014	Syad.g_02184, Syad.g_00810
OG0000004	Syaj	Prbg.g_01014	Syaj.g_01314, Syaj.g_02853
OG0000004	Syag	Prbg.g_01014	Syag.g_00370, Syag.g_01790
OG0000004	Syac	Prbg.g_01014	Syac.g_00948, Syac.g_01975
OG0000004	Syah	Prbg.g_01014	Syah.g_01967, Syah.g_00901
OG0000004	Syaf	Prbg.g_01014	Syaf.g_02351, Syaf.g_02794
OG0000004	Syai	Prbg.g_01014	Syai.g_01062, Syai.g_00530
OG0000004	Syam	Prbg.g_01014	Syam.g_01499, Syam.g_00501
OG0000004	Syan	Prbg.g_01014	Syan.g_00989
OG0000004	Syap	Prbg.g_01014	Syap.g_01987
OG0000004	Praf	Prbg.g_01014	Praf.g_00743
OG0000004	Prah	Prbg.g_01014	Prah.g_01413
OG0000004	Prbj	Prbg.g_01014	Prbj.g_01777
OG0000004	Prbk	Prbg.g_01014	Prbk.g_01134
OG0000004	Prbl	Prbg.g_01014	Prbl.g_01771
OG0000004	Prbm	Prbg.g_01014	Prbm.g_00291
OG0000004	Praj	Prbg.g_01014	Praj.g_00271
OG0000004	Prbb	Prbg.g_01014	Prbb.g_00288
OG0000004	Prbc	Prbg.g_01014	Prbc.g_00339
OG0000004	Pram	Prbg.g_01014	Pram.g_00219
OG0000004	Prbh	Prbg.g_01014	Prbh.g_00548
OG0000004	Prat	Prbg.g_01014	Prat.g_00236
OG0000004	Pral	Prbg.g_01014	Pral.g_00809
OG0000004	Prac	Prbg.g_01014	Prac.g_01698
OG0000004	Praq	Prbg.g_01014	Praq.g_01770
OG0000004	Prar	Prbg.g_01014	Prar.g_00095
OG0000004	Prav	Prbg.g_01014	Prav.g_00806
OG0000004	Prai	Prbg.g_01014	Prai.g_00243
OG0000004	Prab	Prbg.g_01014	Prab.g_00223
OG0000004	Pran	Prbg.g_01014	Pran.g_00200
OG0000004	Prag	Prbg.g_01014	Prag.g_00225
OG0000004	Praw	Prbg.g_01014	Praw.g_01203
OG0000004	Praa	Prbg.g_01014	Praa.g_00232
OG0000004	Pras	Prbg.g_01014	Pras.g_01084
OG0000004	Prau	Prbg.g_01014	Prau.g_00233
OG0000004	Prae	Prbg.g_01014	Prae.g_00235
OG0000004	Prax	Prbg.g_01014	Prax.g_00986
OG0000004	Pray	Prbg.g_01014	Pray.g_00713
OG0000004	Praz	Prbg.g_01014	Praz.g_00592
OG0000004	Prba	Prbg.g_01014	Prba.g_00451
OG0000004	Prbd	Prbg.g_01014	Prbd.g_01007
OG0000004	Prbi	Prbg.g_01014	Prbi.g_00256
OG0000004	Prad	Prbg.g_01014	Prad.g_01759
OG0000004	Prao	Prbg.g_01014	Prao.g_00370
OG0000004	Prak	Prbg.g_01014	Prak.g_00248
OG0000004	Prap	Prbg.g_01014	Prap.g_01480
OG0000004	Prbe	Prbg.g_01014	Prbe.g_01784
OG0000004	Prbf	Prbg.g_01014	Prbf.g_01570
OG0000004	Prbn	Prbg.g_01014	Prbn.g_00318
OG0000005	Syak	Prbg.g_00674	Syak.g_00885, Syak.g_02436
OG0000005	Syap	Prbg.g_00674	Syap.g_01218
OG0000005	Syat	Prbg.g_00674	Syat.g_03105
OG0000005	Syas	Prbg.g_00674	Syas.g_02704
OG0000005	Syab	Prbg.g_00674	Syab.g_02806, Syab.g_02232
OG0000005	Prbc	Prbg.g_00674	Prbc.g_00788
OG0000005	Praj	Prbg.g_00674	Praj.g_01712
OG0000005	Prbb	Prbg.g_00674	Prbb.g_01766
OG0000005	Prbm	Prbg.g_00674	Prbm.g_01790
OG0000005	Syar	Prbg.g_00674	Syar.g_02909
OG0000005	Syaq	Prbg.g_00674	Syaq.g_01692
OG0000005	Syad	Prbg.g_00674	Syad.g_02596
OG0000005	Syaj	Prbg.g_00674	Syaj.g_01698
OG0000005	Syan	Prbg.g_00674	Syan.g_01378
OG0000005	Syao	Prbg.g_00674	Syao.g_01578
OG0000005	Syae	Prbg.g_00674	Syae.g_01143
OG0000005	Syaa	Prbg.g_00674	Syaa.g_00573
OG0000005	Syac	Prbg.g_00674	Syac.g_00569
OG0000005	Syaf	Prbg.g_00674	Syaf.g_01057
OG0000005	Syag	Prbg.g_00674	Syag.g_01667
OG0000005	Syai	Prbg.g_00674	Syai.g_02356
OG0000005	Syal	Prbg.g_00674	Syal.g_00565
OG0000005	Syam	Prbg.g_00674	Syam.g_01970
OG0000005	Syah	Prbg.g_00674	Syah.g_02363
OG0000005	Praf	Prbg.g_00674	Praf.g_00503
OG0000005	Prah	Prbg.g_00674	Prah.g_01652
OG0000005	Prbj	Prbg.g_00674	Prbj.g_00883
OG0000005	Prbk	Prbg.g_00674	Prbk.g_00933
OG0000005	Prbl	Prbg.g_00674	Prbl.g_00419
OG0000005	Prac	Prbg.g_00674	Prac.g_00335
OG0000005	Praq	Prbg.g_00674	Praq.g_00370
OG0000005	Prar	Prbg.g_00674	Prar.g_00771
OG0000005	Praa	Prbg.g_00674	Praa.g_01553
OG0000005	Prad	Prbg.g_00674	Prad.g_00438
OG0000005	Prae	Prbg.g_00674	Prae.g_01535
OG0000005	Prag	Prbg.g_00674	Prag.g_01566
OG0000005	Praw	Prbg.g_00674	Praw.g_00413
OG0000005	Prax	Prbg.g_00674	Prax.g_01652
OG0000005	Pray	Prbg.g_00674	Pray.g_01646
OG0000005	Praz	Prbg.g_00674	Praz.g_00965
OG0000005	Prba	Prbg.g_00674	Prba.g_00312
OG0000005	Prbi	Prbg.g_00674	Prbi.g_01666
OG0000005	Prao	Prbg.g_00674	Prao.g_01472
OG0000005	Prav	Prbg.g_00674	Prav.g_01654
OG0000005	Prbd	Prbg.g_00674	Prbd.g_01612
OG0000005	Pras	Prbg.g_00674	Pras.g_00429
OG0000005	Prau	Prbg.g_00674	Prau.g_01607
OG0000005	Prab	Prbg.g_00674	Prab.g_01542
OG0000005	Pran	Prbg.g_00674	Pran.g_00657
OG0000005	Prai	Prbg.g_00674	Prai.g_01538
OG0000005	Pral	Prbg.g_00674	Pral.g_01075
OG0000005	Prat	Prbg.g_00674	Prat.g_01440
OG0000005	Pram	Prbg.g_00674	Pram.g_01295
OG0000005	Prbh	Prbg.g_00674	Prbh.g_00182
OG0000005	Prak	Prbg.g_00674	Prak.g_01474
OG0000005	Prap	Prbg.g_00674	Prap.g_00204
OG0000005	Prbe	Prbg.g_00674	Prbe.g_00228
OG0000005	Prbf	Prbg.g_00674	Prbf.g_00240
OG0000005	Prbn	Prbg.g_00674	Prbn.g_00899
OG0000006	Prab	Prbg.g_01024	Prab.g_00231
OG0000006	Prai	Prbg.g_01024	Prai.g_00252, Prai.g_00254
OG0000006	Pran	Prbg.g_01024	Pran.g_01951
OG0000006	Prac	Prbg.g_01024	Prac.g_01689
OG0000006	Praq	Prbg.g_01024	Praq.g_01761
OG0000006	Prar	Prbg.g_01024	Prar.g_00086
OG0000006	Praa	Prbg.g_01024	Praa.g_00241, Praa.g_01245
OG0000006	Prad	Prbg.g_01024	Prad.g_01750
OG0000006	Prae	Prbg.g_01024	Prae.g_00244
OG0000006	Prao	Prbg.g_01024	Prao.g_00379
OG0000006	Pras	Prbg.g_01024	Pras.g_00148, Pras.g_01093
OG0000006	Prau	Prbg.g_01024	Prau.g_01316
OG0000006	Prax	Prbg.g_01024	Prax.g_01972
OG0000006	Pray	Prbg.g_01024	Pray.g_00722
OG0000006	Praz	Prbg.g_01024	Praz.g_00601
OG0000006	Prba	Prbg.g_01024	Prba.g_00460
OG0000006	Prbd	Prbg.g_01024	Prbd.g_00998
OG0000006	Prbi	Prbg.g_01024	Prbi.g_00265
OG0000006	Prag	Prbg.g_01024	Prag.g_00234, Prag.g_01231
OG0000006	Prav	Prbg.g_01024	Prav.g_02001
OG0000006	Praw	Prbg.g_01024	Praw.g_01950
OG0000006	Pral	Prbg.g_01024	Pral.g_00797
OG0000006	Praj	Prbg.g_01024	Praj.g_00282, Praj.g_01281, Praj.g_01505
OG0000006	Prbb	Prbg.g_01024	Prbb.g_00299, Prbb.g_01328, Prbb.g_01560
OG0000006	Prbc	Prbg.g_01024	Prbc.g_02202
OG0000006	Prbm	Prbg.g_01024	Prbm.g_00302, Prbm.g_01236, Prbm.g_01588
OG0000006	Prah	Prbg.g_01024	Prah.g_00475, Prah.g_01767
OG0000006	Praf	Prbg.g_01024	Praf.g_00396, Praf.g_01719
OG0000006	Prbj	Prbg.g_01024	Prbj.g_02699
OG0000006	Prbk	Prbg.g_01024	Prbk.g_02695
OG0000006	Prbl	Prbg.g_01024	Prbl.g_02601
OG0000006	Syag	Prbg.g_01024	Syag.g_00435, Syag.g_01772, Syag.g_02678, Syag.g_02687
OG0000006	Syak	Prbg.g_01024	Syak.g_00057, Syak.g_00059, Syak.g_00061, Syak.g_01394, Syak.g_02315, Syak.g_02317
OG0000006	Syaq	Prbg.g_01024	Syaq.g_02108, Syaq.g_02558, Syaq.g_00696, Syaq.g_01590
OG0000006	Syab	Prbg.g_01024	Syab.g_01849, Syab.g_00365, Syab.g_01847, Syab.g_02361
OG0000006	Syal	Prbg.g_01024	Syal.g_02611, Syal.g_00674
OG0000006	Syac	Prbg.g_01024	Syac.g_01002, Syac.g_01958, Syac.g_01961, Syac.g_02194
OG0000006	Syah	Prbg.g_01024	Syah.g_01912, Syah.g_00683, Syah.g_00915, Syah.g_00681, Syah.g_00918
OG0000006	Syai	Prbg.g_01024	Syai.g_01126, Syai.g_00317, Syai.g_00547
OG0000006	Syam	Prbg.g_01024	Syam.g_01446, Syam.g_00286, Syam.g_00518
OG0000006	Syaf	Prbg.g_01024	Syaf.g_02288, Syaf.g_00179, Syaf.g_02778
OG0000006	Syad	Prbg.g_01024	Syad.g_02130, Syad.g_00588, Syad.g_00829
OG0000006	Syaa	Prbg.g_01024	Syaa.g_01611, Syaa.g_01043, Syaa.g_02353, Syaa.g_02099
OG0000006	Syae	Prbg.g_01024	Syae.g_00096, Syae.g_02030, Syae.g_02248
OG0000006	Syat	Prbg.g_01024	Syat.g_00371, Syat.g_01439, Syat.g_01865
OG0000006	Syap	Prbg.g_01024	Syap.g_02770
OG0000006	Syar	Prbg.g_01024	Syar.g_02439, Syar.g_00151, Syar.g_02056, Syar.g_03013
OG0000006	Syan	Prbg.g_01024	Syan.g_00791, Syan.g_00057, Syan.g_00936, Syan.g_01505, Syan.g_02101, Syan.g_02441
OG0000006	Syao	Prbg.g_01024	Syao.g_00919, Syao.g_01518
OG0000006	Syas	Prbg.g_01024	Syas.g_00720, Syas.g_00942, Syas.g_01684, Syas.g_02565
OG0000006	Syaj	Prbg.g_01024	Syaj.g_02635
OG0000006	Prat	Prbg.g_01024	Prat.g_00248
OG0000006	Pram	Prbg.g_01024	Pram.g_00229
OG0000006	Prbh	Prbg.g_01024	Prbh.g_00538
OG0000006	Prak	Prbg.g_01024	Prak.g_00258
OG0000006	Prap	Prbg.g_01024	Prap.g_01470
OG0000006	Prbe	Prbg.g_01024	Prbe.g_01794
OG0000006	Prbf	Prbg.g_01024	Prbf.g_01580
OG0000006	Prbn	Prbg.g_01024	Prbn.g_00308
OG0000007	Prab	Prbg.g_00216	Prab.g_00501
OG0000007	Pran	Prbg.g_00216	Pran.g_01681
OG0000007	Prai	Prbg.g_00216	Prai.g_00527
OG0000007	Prad	Prbg.g_00216	Prad.g_00132
OG0000007	Prax	Prbg.g_00216	Prax.g_00704
OG0000007	Prag	Prbg.g_00216	Prag.g_00476
OG0000007	Praw	Prbg.g_00216	Praw.g_00651
OG0000007	Prav	Prbg.g_00216	Prav.g_01095
OG0000007	Prac	Prbg.g_00216	Prac.g_00874
OG0000007	Prar	Prbg.g_00216	Prar.g_01328
OG0000007	Praq	Prbg.g_00216	Praq.g_01105
OG0000007	Pras	Prbg.g_00216	Pras.g_01375
OG0000007	Prau	Prbg.g_00216	Prau.g_00538
OG0000007	Prao	Prbg.g_00216	Prao.g_00603
OG0000007	Praa	Prbg.g_00216	Praa.g_00497
OG0000007	Prbi	Prbg.g_00216	Prbi.g_00500
OG0000007	Prbd	Prbg.g_00216	Prbd.g_00745
OG0000007	Praz	Prbg.g_00216	Praz.g_01831
OG0000007	Prba	Prbg.g_00216	Prba.g_00964
OG0000007	Pray	Prbg.g_00216	Pray.g_00988, Pray.g_00987
OG0000007	Prae	Prbg.g_00216	Prae.g_00471
OG0000007	Prbb	Prbg.g_00216	Prbb.g_00501
OG0000007	Prbm	Prbg.g_00216	Prbm.g_00522
OG0000007	Praj	Prbg.g_00216	Praj.g_00489
OG0000007	Prbc	Prbg.g_00216	Prbc.g_01556
OG0000007	Prbj	Prbg.g_00216	Prbj.g_01610
OG0000007	Prbl	Prbg.g_00216	Prbl.g_00531
OG0000007	Praf	Prbg.g_00216	Praf.g_00614
OG0000007	Prah	Prbg.g_00216	Prah.g_01546
OG0000007	Syag	Prbg.g_00216	Syag.g_01507
OG0000007	Syak	Prbg.g_00216	Syak.g_02595
OG0000007	Syaq	Prbg.g_00216	Syaq.g_01793
OG0000007	Syab	Prbg.g_00216	Syab.g_02117
OG0000007	Syal	Prbg.g_00216	Syal.g_02918
OG0000007	Syad	Prbg.g_00216	Syad.g_00923
OG0000007	Syaj	Prbg.g_00216	Syaj.g_00091
OG0000007	Syaa	Prbg.g_00216	Syaa.g_02032
OG0000007	Syac	Prbg.g_00216	Syac.g_01885
OG0000007	Syah	Prbg.g_00216	Syah.g_01016
OG0000007	Syai	Prbg.g_00216	Syai.g_00657
OG0000007	Syaf	Prbg.g_00216	Syaf.g_02702
OG0000007	Syam	Prbg.g_00216	Syam.g_00602
OG0000007	Syae	Prbg.g_00216	Syae.g_02328
OG0000007	Syas	Prbg.g_00216	Syas.g_01232
OG0000007	Syap	Prbg.g_00216	Syap.g_00275
OG0000007	Syat	Prbg.g_00216	Syat.g_03191
OG0000007	Syan	Prbg.g_00216	Syan.g_02743
OG0000007	Syao	Prbg.g_00216	Syao.g_00105
OG0000007	Syar	Prbg.g_00216	Syar.g_01491
OG0000007	Pral	Prbg.g_00216	Pral.g_00593
OG0000007	Prat	Prbg.g_00216	Prat.g_00458
OG0000007	Pram	Prbg.g_00216	Pram.g_00433
OG0000007	Prbh	Prbg.g_00216	Prbh.g_00334
OG0000007	Prak	Prbg.g_00216	Prak.g_00458
OG0000007	Prap	Prbg.g_00216	Prap.g_01270
OG0000007	Prbe	Prbg.g_00216	Prbe.g_00636
OG0000007	Prbf	Prbg.g_00216	Prbf.g_01780
OG0000007	Prbn	Prbg.g_00216	Prbn.g_00617
OG0000007	Syap	Prbg.g_01650	Syap.g_00621
OG0000007	Syan	Prbg.g_01650	Syan.g_01400
OG0000007	Syao	Prbg.g_01650	Syao.g_01554
OG0000007	Syar	Prbg.g_01650	Syar.g_02929
OG0000007	Syat	Prbg.g_01650	Syat.g_03124
OG0000007	Syas	Prbg.g_01650	Syas.g_02681
OG0000007	Syak	Prbg.g_01650	Syak.g_02416
OG0000007	Syaq	Prbg.g_01650	Syaq.g_01673
OG0000007	Syab	Prbg.g_01650	Syab.g_02256
OG0000007	Syal	Prbg.g_01650	Syal.g_00587
OG0000007	Syag	Prbg.g_01650	Syag.g_01687
OG0000007	Syaa	Prbg.g_01650	Syaa.g_00551
OG0000007	Syac	Prbg.g_01650	Syac.g_00544
OG0000007	Syah	Prbg.g_01650	Syah.g_02384
OG0000007	Syae	Prbg.g_01650	Syae.g_01163
OG0000007	Syad	Prbg.g_01650	Syad.g_02623
OG0000007	Syaj	Prbg.g_01650	Syaj.g_01721
OG0000007	Syaf	Prbg.g_01650	Syaf.g_01033
OG0000007	Syai	Prbg.g_01650	Syai.g_02378
OG0000007	Syam	Prbg.g_01650	Syam.g_01990
OG0000007	Prbj	Prbg.g_01650	Prbj.g_00857
OG0000007	Prbk	Prbg.g_01650	Prbk.g_00907
OG0000007	Prbl	Prbg.g_01650	Prbl.g_00394
OG0000007	Praf	Prbg.g_01650	Praf.g_00480
OG0000007	Prah	Prbg.g_01650	Prah.g_01676
OG0000007	Prbb	Prbg.g_01650	Prbb.g_01823
OG0000007	Praj	Prbg.g_01650	Praj.g_01768
OG0000007	Prbc	Prbg.g_01650	Prbc.g_00832
OG0000007	Prbm	Prbg.g_01650	Prbm.g_01841
OG0000007	Prab	Prbg.g_01650	Prab.g_01669
OG0000007	Pran	Prbg.g_01650	Pran.g_00970
OG0000007	Prai	Prbg.g_01650	Prai.g_01638
OG0000007	Prag	Prbg.g_01650	Prag.g_01669
OG0000007	Praw	Prbg.g_01650	Praw.g_00515
OG0000007	Prav	Prbg.g_01650	Prav.g_01761
OG0000007	Prad	Prbg.g_01650	Prad.g_00941
OG0000007	Prac	Prbg.g_01650	Prac.g_00625
OG0000007	Praq	Prbg.g_01650	Praq.g_00497
OG0000007	Prar	Prbg.g_01650	Prar.g_01143
OG0000007	Prao	Prbg.g_01650	Prao.g_01552
OG0000007	Prae	Prbg.g_01650	Prae.g_01623
OG0000007	Pray	Prbg.g_01650	Pray.g_01559
OG0000007	Praz	Prbg.g_01650	Praz.g_00877
OG0000007	Praa	Prbg.g_01650	Praa.g_01635
OG0000007	Prba	Prbg.g_01650	Prba.g_00226
OG0000007	Prbi	Prbg.g_01650	Prbi.g_01787
OG0000007	Prbd	Prbg.g_01650	Prbd.g_01525
OG0000007	Pras	Prbg.g_01650	Pras.g_00550
OG0000007	Prau	Prbg.g_01650	Prau.g_01732
OG0000007	Prax	Prbg.g_01650	Prax.g_01559
OG0000007	Prat	Prbg.g_01650	Prat.g_01592
OG0000007	Pral	Prbg.g_01650	Pral.g_00107
OG0000007	Pram	Prbg.g_01650	Pram.g_01632
OG0000007	Prbh	Prbg.g_01650	Prbh.g_01782
OG0000007	Prak	Prbg.g_01650	Prak.g_01645
OG0000007	Prap	Prbg.g_01650	Prap.g_01779
OG0000007	Prbe	Prbg.g_01650	Prbe.g_00985
OG0000007	Prbf	Prbg.g_01650	Prbf.g_00693
OG0000007	Prbn	Prbg.g_01650	Prbn.g_01745
OG0000008	Prai	Prbg.g_00744, Prbg.g_00745	Prai.g_00701
OG0000008	Syat	Prbg.g_00744	Syat.g_02626
OG0000008	Syar	Prbg.g_00744	Syar.g_02097
OG0000008	Syas	Prbg.g_00744	Syas.g_00886
OG0000008	Syan	Prbg.g_00744	Syan.g_00640, Syan.g_02532
OG0000008	Syaq	Prbg.g_00744	Syaq.g_02162
OG0000008	Syab	Prbg.g_00744	Syab.g_01755
OG0000008	Syal	Prbg.g_00744	Syal.g_02512
OG0000008	Syag	Prbg.g_00744	Syag.g_00496
OG0000008	Syak	Prbg.g_00744	Syak.g_00267
OG0000008	Syaa	Prbg.g_00744	Syaa.g_00918
OG0000008	Syae	Prbg.g_00744	Syae.g_00753
OG0000008	Syam	Prbg.g_00744	Syam.g_00810
OG0000008	Syaf	Prbg.g_00744	Syaf.g_01479
OG0000008	Syai	Prbg.g_00744	Syai.g_01956
OG0000008	Syac	Prbg.g_00744	Syac.g_00921
OG0000008	Syah	Prbg.g_00744	Syah.g_01994
OG0000008	Syaj	Prbg.g_00744	Syaj.g_00496
OG0000008	Prah	Prbg.g_00744	Prah.g_00970
OG0000008	Praf	Prbg.g_00744	Praf.g_01223
OG0000008	Prbj	Prbg.g_00744	Prbj.g_00929
OG0000008	Prbk	Prbg.g_00744	Prbk.g_01819
OG0000008	Prbl	Prbg.g_00744	Prbl.g_01855
OG0000008	Prat	Prbg.g_00744	Prat.g_00376
OG0000008	Pral	Prbg.g_00744	Pral.g_00020
OG0000008	Prbm	Prbg.g_00744	Prbm.g_01907
OG0000008	Prbb	Prbg.g_00744	Prbb.g_01884
OG0000008	Praj	Prbg.g_00744	Praj.g_01829
OG0000008	Prbc	Prbg.g_00744	Prbc.g_00893
OG0000008	Prbi	Prbg.g_00744	Prbi.g_01764
OG0000008	Prag	Prbg.g_00744	Prag.g_01655
OG0000008	Praw	Prbg.g_00744	Praw.g_00501
OG0000008	Prav	Prbg.g_00744	Prav.g_01749
OG0000008	Praz	Prbg.g_00744	Praz.g_01241
OG0000008	Pray	Prbg.g_00744	Pray.g_01931
OG0000008	Prba	Prbg.g_00744	Prba.g_01131
OG0000008	Prac	Prbg.g_00744	Prac.g_00904
OG0000008	Praq	Prbg.g_00744	Praq.g_00071
OG0000008	Prar	Prbg.g_00744	Prar.g_01185
OG0000008	Prau	Prbg.g_00744	Prau.g_00781
OG0000008	Praa	Prbg.g_00744	Praa.g_01241
OG0000008	Pram	Prbg.g_00744	Pram.g_01263
OG0000008	Prbh	Prbg.g_00744	Prbh.g_01406
OG0000008	Prak	Prbg.g_00744	Prak.g_01544
OG0000008	Prap	Prbg.g_00744	Prap.g_01888
OG0000008	Prbe	Prbg.g_00744	Prbe.g_00036
OG0000008	Prbf	Prbg.g_00744	Prbf.g_00793
OG0000008	Prbn	Prbg.g_00744	Prbn.g_01645
OG0000008	Syat	Prbg.g_00745	Syat.g_02627
OG0000008	Syar	Prbg.g_00745	Syar.g_02098
OG0000008	Syas	Prbg.g_00745	Syas.g_00887
OG0000008	Syao	Prbg.g_00745	Syao.g_01321
OG0000008	Syan	Prbg.g_00745	Syan.g_00641, Syan.g_02531
OG0000008	Syaq	Prbg.g_00745	Syaq.g_02575
OG0000008	Syag	Prbg.g_00745	Syag.g_01017
OG0000008	Prah	Prbg.g_00745	Prah.g_00969
OG0000008	Praf	Prbg.g_00745	Praf.g_01224
OG0000008	Prbj	Prbg.g_00745	Prbj.g_00928
OG0000008	Prbk	Prbg.g_00745	Prbk.g_01820
OG0000008	Prbl	Prbg.g_00745	Prbl.g_01854
OG0000008	Syak	Prbg.g_00745	Syak.g_00692
OG0000008	Syab	Prbg.g_00745	Syab.g_01168
OG0000008	Syal	Prbg.g_00745	Syal.g_01783
OG0000008	Syad	Prbg.g_00745	Syad.g_01371
OG0000008	Syaj	Prbg.g_00745	Syaj.g_00497
OG0000008	Syac	Prbg.g_00745	Syac.g_00922
OG0000008	Syah	Prbg.g_00745	Syah.g_01993
OG0000008	Syae	Prbg.g_00745	Syae.g_00752
OG0000008	Syai	Prbg.g_00745	Syai.g_01955
OG0000008	Syam	Prbg.g_00745	Syam.g_00811
OG0000008	Syaf	Prbg.g_00745	Syaf.g_01480
OG0000008	Syaa	Prbg.g_00745	Syaa.g_00919
OG0000008	Prag	Prbg.g_00745	Prag.g_01656
OG0000008	Prav	Prbg.g_00745	Prav.g_01750
OG0000008	Praw	Prbg.g_00745	Praw.g_00502
OG0000008	Prbi	Prbg.g_00745	Prbi.g_01540, Prbi.g_01765, Prbi.g_01539
OG0000008	Prbc	Prbg.g_00745	Prbc.g_00894
OG0000008	Prbm	Prbg.g_00745	Prbm.g_01908
OG0000008	Praj	Prbg.g_00745	Praj.g_01830
OG0000008	Prbb	Prbg.g_00745	Prbb.g_01885
OG0000008	Prat	Prbg.g_00745	Prat.g_00377
OG0000008	Pral	Prbg.g_00745	Pral.g_00021
OG0000008	Pram	Prbg.g_00745	Pram.g_01262
OG0000008	Prbh	Prbg.g_00745	Prbh.g_01405
OG0000008	Prak	Prbg.g_00745	Prak.g_01545, Prak.g_01546
OG0000008	Prap	Prbg.g_00745	Prap.g_01887
OG0000008	Prbe	Prbg.g_00745	Prbe.g_00037
OG0000008	Prbf	Prbg.g_00745	Prbf.g_00792
OG0000008	Prbn	Prbg.g_00745	Prbn.g_01646
OG0000009	Syan	Prbg.g_00686	Syan.g_02972
OG0000009	Syab	Prbg.g_00686	Syab.g_00995
OG0000009	Syal	Prbg.g_00686	Syal.g_02089
OG0000009	Syah	Prbg.g_00686	Syah.g_02457
OG0000009	Syae	Prbg.g_00686	Syae.g_00561, Syae.g_00171
OG0000009	Syad	Prbg.g_00686	Syad.g_01952, Syad.g_00868
OG0000009	Syaj	Prbg.g_00686	Syaj.g_01069
OG0000009	Syai	Prbg.g_00686	Syai.g_01626
OG0000009	Syag	Prbg.g_00686	Syag.g_00220, Syag.g_00231
OG0000009	Prab	Prbg.g_00686	Prab.g_01584
OG0000009	Pran	Prbg.g_00686	Pran.g_00615
OG0000009	Prai	Prbg.g_00686	Prai.g_01578
OG0000009	Prbc	Prbg.g_00686	Prbc.g_01344
OG0000009	Prbm	Prbg.g_00686	Prbm.g_01235, Prbm.g_01400
OG0000009	Prbi	Prbg.g_00686	Prbi.g_01338
OG0000009	Prao	Prbg.g_00686	Prao.g_01342
OG0000009	Prae	Prbg.g_00686	Prae.g_01270
OG0000009	Prad	Prbg.g_00686	Prad.g_00317
OG0000009	Prbd	Prbg.g_00686	Prbd.g_01887
OG0000009	Prax	Prbg.g_00686	Prax.g_01950
OG0000009	Praa	Prbg.g_00686	Praa.g_01264
OG0000009	Pray	Prbg.g_00686	Pray.g_01920
OG0000009	Praz	Prbg.g_00686	Praz.g_01230
OG0000009	Prba	Prbg.g_00686	Prba.g_01142
OG0000009	Pras	Prbg.g_00686	Pras.g_00157
OG0000009	Prau	Prbg.g_00686	Prau.g_01324
OG0000009	Prat	Prbg.g_00686	Prat.g_01451
OG0000009	Pram	Prbg.g_00686	Pram.g_00390
OG0000009	Prbh	Prbg.g_00686	Prbh.g_00377
OG0000009	Pral	Prbg.g_00686	Pral.g_01065
OG0000009	Prak	Prbg.g_00686	Prak.g_01486
OG0000009	Prap	Prbg.g_00686	Prap.g_00216
OG0000009	Prbe	Prbg.g_00686	Prbe.g_00216
OG0000009	Prbf	Prbg.g_00686	Prbf.g_00252
OG0000009	Prbn	Prbg.g_00686	Prbn.g_00887
OG0000010	Prab	Prbg.g_00193	Prab.g_00478
OG0000010	Prav	Prbg.g_00193	Prav.g_01072
OG0000010	Pras	Prbg.g_00193	Pras.g_01352
OG0000010	Prau	Prbg.g_00193	Prau.g_00515
OG0000010	Praa	Prbg.g_00193	Praa.g_00474
OG0000010	Pray	Prbg.g_00193	Pray.g_00964
OG0000010	Praz	Prbg.g_00193	Praz.g_01854
OG0000010	Prba	Prbg.g_00193	Prba.g_00987
OG0000010	Prbi	Prbg.g_00193	Prbi.g_00477
OG0000010	Prbd	Prbg.g_00193	Prbd.g_00768
OG0000010	Prac	Prbg.g_00193	Prac.g_01070
OG0000010	Praq	Prbg.g_00193	Praq.g_00525
OG0000010	Prar	Prbg.g_00193	Prar.g_00524
OG0000010	Prad	Prbg.g_00193	Prad.g_00033
OG0000010	Prae	Prbg.g_00193	Prae.g_00448
OG0000010	Prag	Prbg.g_00193	Prag.g_00453
OG0000010	Prao	Prbg.g_00193	Prao.g_00580
OG0000010	Praw	Prbg.g_00193	Praw.g_00673
OG0000010	Prax	Prbg.g_00193	Prax.g_00728
OG0000010	Pran	Prbg.g_00193	Pran.g_01704
OG0000010	Prai	Prbg.g_00193	Prai.g_00504
OG0000010	Praj	Prbg.g_00193	Praj.g_00466
OG0000010	Prbb	Prbg.g_00193	Prbb.g_00477
OG0000010	Prbc	Prbg.g_00193	Prbc.g_01533
OG0000010	Prbm	Prbg.g_00193	Prbm.g_00499
OG0000010	Pral	Prbg.g_00193	Pral.g_00618
OG0000010	Prat	Prbg.g_00193	Prat.g_00433
OG0000010	Pram	Prbg.g_00193	Pram.g_00410
OG0000010	Prbh	Prbg.g_00193	Prbh.g_00357
OG0000010	Prak	Prbg.g_00193	Prak.g_00435
OG0000010	Prap	Prbg.g_00193	Prap.g_01293
OG0000010	Prbe	Prbg.g_00193	Prbe.g_00659
OG0000010	Prbf	Prbg.g_00193	Prbf.g_01757
OG0000010	Prbn	Prbg.g_00193	Prbn.g_00640
OG0000010	Praf	Prbg.g_01053, Prbg.g_01348	Praf.g_01908
OG0000010	Prah	Prbg.g_01053, Prbg.g_01348	Prah.g_00311
OG0000010	Prbj	Prbg.g_01053, Prbg.g_01348	Prbj.g_00129
OG0000010	Prbk	Prbg.g_01053, Prbg.g_01348	Prbk.g_02112
OG0000010	Prbl	Prbg.g_01053, Prbg.g_01348	Prbl.g_01341
OG0000010	Syar	Prbg.g_01053, Prbg.g_01348	Syar.g_01272
OG0000010	Syat	Prbg.g_01053, Prbg.g_01348	Syat.g_01372
OG0000010	Syan	Prbg.g_01053, Prbg.g_01348	Syan.g_02847
OG0000010	Syao	Prbg.g_01053, Prbg.g_01348	Syao.g_02683
OG0000010	Syap	Prbg.g_01053, Prbg.g_01348	Syap.g_02757
OG0000010	Syas	Prbg.g_01053, Prbg.g_01348	Syas.g_01334
OG0000010	Syak	Prbg.g_01053, Prbg.g_01348	Syak.g_01119
OG0000010	Syab	Prbg.g_01053, Prbg.g_01348	Syab.g_00696
OG0000010	Syal	Prbg.g_01053, Prbg.g_01348	Syal.g_00464
OG0000010	Syaq	Prbg.g_01053, Prbg.g_01348	Syaq.g_00443
OG0000010	Syag	Prbg.g_01053, Prbg.g_01348	Syag.g_01355
OG0000010	Syaf	Prbg.g_01053, Prbg.g_01348	Syaf.g_02499
OG0000010	Syai	Prbg.g_01053, Prbg.g_01348	Syai.g_00864
OG0000010	Syam	Prbg.g_01053, Prbg.g_01348	Syam.g_01669
OG0000010	Syaa	Prbg.g_01053, Prbg.g_01348	Syaa.g_01843
OG0000010	Syac	Prbg.g_01053, Prbg.g_01348	Syac.g_01701
OG0000010	Syah	Prbg.g_01053, Prbg.g_01348	Syah.g_01220
OG0000010	Syae	Prbg.g_01053, Prbg.g_01348	Syae.g_02529
OG0000010	Syad	Prbg.g_01053, Prbg.g_01348	Syad.g_02354
OG0000010	Syaj	Prbg.g_01053, Prbg.g_01348	Syaj.g_01445
OG0000010	Prab	Prbg.g_01053, Prbg.g_01348	Prab.g_01104
OG0000010	Pran	Prbg.g_01053, Prbg.g_01348	Pran.g_00175
OG0000010	Prai	Prbg.g_01053, Prbg.g_01348	Prai.g_01292, Prai.g_01067
OG0000010	Prac	Prbg.g_01053, Prbg.g_01348	Prac.g_01592, Prac.g_01248
OG0000010	Prar	Prbg.g_01053, Prbg.g_01348	Prar.g_01567, Prar.g_01912
OG0000010	Praq	Prbg.g_01053, Prbg.g_01348	Praq.g_00552, Praq.g_01626
OG0000010	Prad	Prbg.g_01053, Prbg.g_01348	Prad.g_01304, Prad.g_01011
OG0000010	Pras	Prbg.g_01053, Prbg.g_01348	Pras.g_00523, Pras.g_01942
OG0000010	Prau	Prbg.g_01053, Prbg.g_01348	Prau.g_01698, Prau.g_01096
OG0000010	Praa	Prbg.g_01053, Prbg.g_01348	Praa.g_01047
OG0000010	Prax	Prbg.g_01053, Prbg.g_01348	Prax.g_01212
OG0000010	Prbd	Prbg.g_01053, Prbg.g_01348	Prbd.g_00348
OG0000010	Prag	Prbg.g_01053, Prbg.g_01348	Prag.g_01043
OG0000010	Praw	Prbg.g_01053, Prbg.g_01348	Praw.g_01460
OG0000010	Pray	Prbg.g_01053, Prbg.g_01348	Pray.g_00592
OG0000010	Praz	Prbg.g_01053, Prbg.g_01348	Praz.g_00074
OG0000010	Prba	Prbg.g_01053, Prbg.g_01348	Prba.g_01256
OG0000010	Prao	Prbg.g_01053, Prbg.g_01348	Prao.g_00985
OG0000010	Prav	Prbg.g_01053, Prbg.g_01348	Prav.g_00218
OG0000010	Prae	Prbg.g_01053, Prbg.g_01348	Prae.g_01048
OG0000010	Prbi	Prbg.g_01053, Prbg.g_01348	Prbi.g_01094
OG0000010	Prbb	Prbg.g_01053, Prbg.g_01348	Prbb.g_01072
OG0000010	Praj	Prbg.g_01053, Prbg.g_01348	Praj.g_01026
OG0000010	Prbc	Prbg.g_01053, Prbg.g_01348	Prbc.g_02115
OG0000010	Prbm	Prbg.g_01053, Prbg.g_01348	Prbm.g_01066
OG0000010	Pral	Prbg.g_01053	Pral.g_01832
OG0000010	Prat	Prbg.g_01053	Prat.g_00682
OG0000010	Pram	Prbg.g_01053	Pram.g_00704
OG0000010	Prbh	Prbg.g_01053	Prbh.g_00848
OG0000010	Prak	Prbg.g_01053	Prak.g_00739
OG0000010	Prap	Prbg.g_01053	Prap.g_00669
OG0000010	Prbe	Prbg.g_01053	Prbe.g_00096
OG0000010	Prbf	Prbg.g_01053	Prbf.g_00847
OG0000010	Prbn	Prbg.g_01053	Prbn.g_01939
OG0000010	Pral	Prbg.g_01348	Pral.g_01848
OG0000010	Prat	Prbg.g_01348	Prat.g_00662
OG0000010	Pram	Prbg.g_01348	Pram.g_01000
OG0000010	Prbh	Prbg.g_01348	Prbh.g_01143
OG0000010	Prak	Prbg.g_01348	Prak.g_01034
OG0000010	Prap	Prbg.g_01348	Prap.g_00318
OG0000010	Prbe	Prbg.g_01348	Prbe.g_01411
OG0000010	Prbf	Prbg.g_01348	Prbf.g_01056
OG0000010	Prbn	Prbg.g_01348	Prbn.g_01357
OG0000011	Prai	Prbg.g_00415	Prai.g_01599
OG0000011	Prae	Prbg.g_00415	Prae.g_00398
OG0000011	Prbd	Prbg.g_00415	Prbd.g_00836
OG0000011	Praa	Prbg.g_00415	Praa.g_00396
OG0000011	Prao	Prbg.g_00415	Prao.g_00529
OG0000011	Prbi	Prbg.g_00415	Prbi.g_00426
OG0000011	Prax	Prbg.g_00415	Prax.g_00776
OG0000011	Praj	Prbg.g_00415	Praj.g_01323
OG0000011	Prbc	Prbg.g_00415	Prbc.g_00066
OG0000011	Prbb	Prbg.g_00415	Prbb.g_01368
OG0000011	Prak	Prbg.g_00415	Prak.g_00660
OG0000011	Prap	Prbg.g_00415	Prap.g_00619
OG0000011	Prbe	Prbg.g_00415	Prbe.g_00713
OG0000011	Prbf	Prbg.g_00415	Prbf.g_00347
OG0000011	Prbn	Prbg.g_00415	Prbn.g_00802
OG0000012	Prab	Prbg.g_00342, Prbg.g_00706	Prab.g_00627
OG0000012	Pran	Prbg.g_00342, Prbg.g_00706	Pran.g_01555
OG0000012	Prbd	Prbg.g_00342, Prbg.g_00706	Prbd.g_00621
OG0000012	Prao	Prbg.g_00342, Prbg.g_00706	Prao.g_00062
OG0000012	Prai	Prbg.g_00342, Prbg.g_00706	Prai.g_00652
OG0000012	Pray	Prbg.g_00342, Prbg.g_00706	Pray.g_01140
OG0000012	Praz	Prbg.g_00342, Prbg.g_00706	Praz.g_01707
OG0000012	Prba	Prbg.g_00342, Prbg.g_00706	Prba.g_01694
OG0000012	Prad	Prbg.g_00342, Prbg.g_00706	Prad.g_01412
OG0000012	Prbi	Prbg.g_00342, Prbg.g_00706	Prbi.g_00625
OG0000012	Pras	Prbg.g_00342, Prbg.g_00706	Pras.g_01499
OG0000012	Prau	Prbg.g_00342, Prbg.g_00706	Prau.g_00663
OG0000012	Praa	Prbg.g_00342, Prbg.g_00706	Praa.g_00623
OG0000012	Prax	Prbg.g_00342, Prbg.g_00706	Prax.g_00082
OG0000012	Prac	Prbg.g_00342, Prbg.g_00706	Prac.g_00748
OG0000012	Praq	Prbg.g_00342, Prbg.g_00706	Praq.g_00979
OG0000012	Prar	Prbg.g_00342, Prbg.g_00706	Prar.g_01453
OG0000012	Prav	Prbg.g_00342, Prbg.g_00706	Prav.g_01221
OG0000012	Prae	Prbg.g_00342, Prbg.g_00706	Prae.g_00597
OG0000012	Prag	Prbg.g_00342, Prbg.g_00706	Prag.g_00601
OG0000012	Praw	Prbg.g_00342, Prbg.g_00706	Praw.g_00159
OG0000012	Syai	Prbg.g_00342	Syai.g_01068
OG0000012	Syam	Prbg.g_00342	Syam.g_01492
OG0000012	Syad	Prbg.g_00342	Syad.g_02176
OG0000012	Syag	Prbg.g_00342	Syag.g_00377
OG0000012	Syaq	Prbg.g_00342	Syaq.g_02059
OG0000012	Syaj	Prbg.g_00342	Syaj.g_01306
OG0000012	Syak	Prbg.g_00342	Syak.g_00010
OG0000012	Syaa	Prbg.g_00342	Syaa.g_01660
OG0000012	Syae	Prbg.g_00342	Syae.g_00049
OG0000012	Syac	Prbg.g_00342	Syac.g_00955
OG0000012	Syah	Prbg.g_00342	Syah.g_01960
OG0000012	Praf	Prbg.g_00342	Praf.g_01668
OG0000012	Prah	Prbg.g_00342	Prah.g_00524
OG0000012	Prbj	Prbg.g_00342	Prbj.g_02552
OG0000012	Prbk	Prbg.g_00342	Prbk.g_02610
OG0000012	Prbl	Prbg.g_00342	Prbl.g_01618
OG0000012	Pram	Prbg.g_00342	Pram.g_00561
OG0000012	Prbh	Prbg.g_00342	Prbh.g_01460
OG0000012	Prat	Prbg.g_00342	Prat.g_00586
OG0000012	Prak	Prbg.g_00342	Prak.g_00584
OG0000012	Prap	Prbg.g_00342	Prap.g_01145
OG0000012	Prbe	Prbg.g_00342	Prbe.g_00511
OG0000012	Prbf	Prbg.g_00342	Prbf.g_01905
OG0000012	Prbn	Prbg.g_00342	Prbn.g_00492
OG0000012	Syaq	Prbg.g_00706	Syaq.g_00077
OG0000012	Syao	Prbg.g_00706	Syao.g_01193, Syao.g_01335, Syao.g_01045, Syao.g_00201
OG0000012	Syan	Prbg.g_00706	Syan.g_01076, Syan.g_00452, Syan.g_02349, Syan.g_02485, Syan.g_00008, Syan.g_00942
OG0000012	Syas	Prbg.g_00706	Syas.g_00111, Syas.g_00827
OG0000012	Syat	Prbg.g_00706	Syat.g_03313, Syat.g_02642, Syat.g_02987, Syat.g_00139, Syat.g_00143
OG0000012	Syar	Prbg.g_00706	Syar.g_00690, Syar.g_02860
OG0000012	Syad	Prbg.g_00706	Syad.g_01702
OG0000012	Syaj	Prbg.g_00706	Syaj.g_00003, Syaj.g_01793, Syaj.g_00831
OG0000012	Pral	Prbg.g_00706	Pral.g_00015
OG0000012	Praj	Prbg.g_00706	Praj.g_01066
OG0000012	Prbb	Prbg.g_00706	Prbb.g_01111
OG0000012	Prbc	Prbg.g_00706	Prbc.g_02155
OG0000012	Prbm	Prbg.g_00706	Prbm.g_01106
OG0000012	Prak	Prbg.g_00706	Prak.g_01506
OG0000012	Prap	Prbg.g_00706	Prap.g_00236
OG0000012	Prbe	Prbg.g_00706	Prbe.g_00196
OG0000012	Prbf	Prbg.g_00706	Prbf.g_00272
OG0000012	Prbn	Prbg.g_00706	Prbn.g_00867
OG0000013	Prab	Prbg.g_00104	Prab.g_00315
OG0000013	Pran	Prbg.g_00104	Pran.g_01867
OG0000013	Prai	Prbg.g_00104	Prai.g_00340
OG0000013	Prav	Prbg.g_00104	Prav.g_01973
OG0000013	Prae	Prbg.g_00104	Prae.g_00328
OG0000013	Prax	Prbg.g_00104	Prax.g_00846
OG0000013	Praa	Prbg.g_00104	Praa.g_00327
OG0000013	Prao	Prbg.g_00104	Prao.g_00463
OG0000013	Prau	Prbg.g_00104	Prau.g_00329
OG0000013	Pray	Prbg.g_00104	Pray.g_00805
OG0000013	Praz	Prbg.g_00104	Praz.g_00684
OG0000013	Prba	Prbg.g_00104	Prba.g_00543
OG0000013	Prbi	Prbg.g_00104	Prbi.g_00351
OG0000013	Prbd	Prbg.g_00104	Prbd.g_00912
OG0000013	Pras	Prbg.g_00104	Pras.g_01179
OG0000013	Prag	Prbg.g_00104	Prag.g_00318
OG0000013	Praw	Prbg.g_00104	Praw.g_00807
OG0000013	Prac	Prbg.g_00104	Prac.g_01604
OG0000013	Praq	Prbg.g_00104	Praq.g_01675
OG0000013	Prar	Prbg.g_00104	Prar.g_00260
OG0000013	Prad	Prbg.g_00104	Prad.g_01664
OG0000013	Syaq	Prbg.g_00104	Syaq.g_00569, Syaq.g_00572, Syaq.g_02023
OG0000013	Syap	Prbg.g_00104	Syap.g_01397, Syap.g_00586, Syap.g_00580, Syap.g_00583, Syap.g_00972
OG0000013	Syar	Prbg.g_00104	Syar.g_03281, Syar.g_02032, Syar.g_01103, Syar.g_01106, Syar.g_03167
OG0000013	Syad	Prbg.g_00104	Syad.g_00729, Syad.g_00737, Syad.g_00724
OG0000013	Syaj	Prbg.g_00104	Syaj.g_02774, Syaj.g_02782, Syaj.g_02769
OG0000013	Syae	Prbg.g_00104	Syae.g_02160, Syae.g_02169, Syae.g_02155
OG0000013	Syal	Prbg.g_00104	Syal.g_00315, Syal.g_00322, Syal.g_00310
OG0000013	Syaa	Prbg.g_00104	Syaa.g_02212, Syaa.g_02204, Syaa.g_02217
OG0000013	Syaf	Prbg.g_00104	Syaf.g_00056, Syaf.g_00044, Syaf.g_00061
OG0000013	Syai	Prbg.g_00104	Syai.g_00442, Syai.g_00450, Syai.g_00436
OG0000013	Syam	Prbg.g_00104	Syam.g_00409, Syam.g_00421, Syam.g_00404
OG0000013	Syag	Prbg.g_00104	Syag.g_02811, Syag.g_02820, Syag.g_02806
OG0000013	Syab	Prbg.g_00104	Syab.g_00487, Syab.g_00497, Syab.g_00482
OG0000013	Syac	Prbg.g_00104	Syac.g_02056, Syac.g_02046, Syac.g_02062
OG0000013	Syah	Prbg.g_00104	Syah.g_00822, Syah.g_00831, Syah.g_00817
OG0000013	Syak	Prbg.g_00104	Syak.g_01270, Syak.g_01275
OG0000013	Syao	Prbg.g_00104	Syao.g_01910, Syao.g_01222, Syao.g_01844
OG0000013	Syas	Prbg.g_00104	Syas.g_00158, Syas.g_01552, Syas.g_01555, Syas.g_01557
OG0000013	Syan	Prbg.g_00104	Syan.g_02156, Syan.g_02159, Syan.g_00101
OG0000013	Syat	Prbg.g_00104	Syat.g_01625, Syat.g_01016, Syat.g_01027
OG0000013	Prbj	Prbg.g_00104	Prbj.g_00359
OG0000013	Prbk	Prbg.g_00104	Prbk.g_00853
OG0000013	Prbl	Prbg.g_00104	Prbl.g_01183
OG0000013	Praf	Prbg.g_00104	Praf.g_02073
OG0000013	Prah	Prbg.g_00104	Prah.g_01956
OG0000013	Prbc	Prbg.g_00104	Prbc.g_01219
OG0000013	Praj	Prbg.g_00104	Praj.g_00362
OG0000013	Prbb	Prbg.g_00104	Prbb.g_00378
OG0000013	Prbm	Prbg.g_00104	Prbm.g_00382
OG0000013	Pral	Prbg.g_00104	Pral.g_00712
OG0000013	Prat	Prbg.g_00104	Prat.g_00334
OG0000013	Pram	Prbg.g_00104	Pram.g_00315
OG0000013	Prbh	Prbg.g_00104	Prbh.g_00452
OG0000013	Prak	Prbg.g_00104	Prak.g_00343
OG0000013	Prap	Prbg.g_00104	Prap.g_01385
OG0000013	Prbe	Prbg.g_00104	Prbe.g_01879
OG0000013	Prbf	Prbg.g_00104	Prbf.g_01665
OG0000013	Prbn	Prbg.g_00104	Prbn.g_00092
OG0000014	Prao	Prbg.g_00086	Prao.g_01213
OG0000014	Prai	Prbg.g_00086	Prai.g_00319
OG0000014	Prac	Prbg.g_00086	Prac.g_01625
OG0000014	Praq	Prbg.g_00086	Praq.g_01696
OG0000014	Prar	Prbg.g_00086	Prar.g_00281
OG0000014	Prag	Prbg.g_00086	Prag.g_00297
OG0000014	Praw	Prbg.g_00086	Praw.g_00828
OG0000014	Prae	Prbg.g_00086	Prae.g_00307
OG0000014	Prbi	Prbg.g_00086	Prbi.g_00330
OG0000014	Praa	Prbg.g_00086	Praa.g_00306
OG0000014	Prax	Prbg.g_00086	Prax.g_00869
OG0000014	Pray	Prbg.g_00086	Pray.g_00784
OG0000014	Praz	Prbg.g_00086	Praz.g_00663
OG0000014	Prba	Prbg.g_00086	Prba.g_00522
OG0000014	Prbd	Prbg.g_00086	Prbd.g_00933
OG0000014	Prav	Prbg.g_00086	Prav.g_01952
OG0000014	Prab	Prbg.g_00086	Prab.g_00294
OG0000014	Pran	Prbg.g_00086	Pran.g_01888
OG0000014	Pras	Prbg.g_00086	Pras.g_01158
OG0000014	Prau	Prbg.g_00086	Prau.g_00308
OG0000014	Prad	Prbg.g_00086	Prad.g_01685
OG0000014	Pral	Prbg.g_00086	Pral.g_00732
OG0000014	Prat	Prbg.g_00086	Prat.g_00314
OG0000014	Prbb	Prbg.g_00086	Prbb.g_00357
OG0000014	Prbc	Prbg.g_00086	Prbc.g_01198
OG0000014	Praj	Prbg.g_00086	Praj.g_00341
OG0000014	Prbm	Prbg.g_00086	Prbm.g_00362
OG0000014	Prbj	Prbg.g_00086	Prbj.g_01442
OG0000014	Prbk	Prbg.g_00086	Prbk.g_00454
OG0000014	Prbl	Prbg.g_00086	Prbl.g_01416
OG0000014	Praf	Prbg.g_00086	Praf.g_02319
OG0000014	Prah	Prbg.g_00086	Prah.g_02171
OG0000014	Syae	Prbg.g_00086	Syae.g_01930
OG0000014	Syad	Prbg.g_00086	Syad.g_00480
OG0000014	Syaj	Prbg.g_00086	Syaj.g_02522
OG0000014	Syac	Prbg.g_00086	Syac.g_00253
OG0000014	Syah	Prbg.g_00086	Syah.g_00127
OG0000014	Syaa	Prbg.g_00086	Syaa.g_00222
OG0000014	Syaf	Prbg.g_00086	Syaf.g_00280
OG0000014	Syai	Prbg.g_00086	Syai.g_00220
OG0000014	Syam	Prbg.g_00086	Syam.g_00191
OG0000014	Syap	Prbg.g_00086	Syap.g_01675
OG0000014	Syas	Prbg.g_00086	Syas.g_01816
OG0000014	Syar	Prbg.g_00086	Syar.g_00825
OG0000014	Syat	Prbg.g_00086	Syat.g_02104
OG0000014	Syan	Prbg.g_00086	Syan.g_01987
OG0000014	Syao	Prbg.g_00086	Syao.g_02027
OG0000014	Syak	Prbg.g_00086	Syak.g_01505
OG0000014	Syag	Prbg.g_00086	Syag.g_02559
OG0000014	Syab	Prbg.g_00086	Syab.g_00249
OG0000014	Syal	Prbg.g_00086	Syal.g_01305
OG0000014	Syaq	Prbg.g_00086	Syaq.g_00862
OG0000014	Pram	Prbg.g_00086	Pram.g_00295
OG0000014	Prbh	Prbg.g_00086	Prbh.g_00472
OG0000014	Prak	Prbg.g_00086	Prak.g_00325
OG0000014	Prap	Prbg.g_00086	Prap.g_01403
OG0000014	Prbe	Prbg.g_00086	Prbe.g_01861
OG0000014	Prbf	Prbg.g_00086	Prbf.g_01647
OG0000014	Prbn	Prbg.g_00086	Prbn.g_00074
OG0000015	Prab	Prbg.g_01589, Prbg.g_01635	Prab.g_00789
OG0000015	Pran	Prbg.g_01589, Prbg.g_01635	Pran.g_01394
OG0000015	Praa	Prbg.g_01589, Prbg.g_01635	Praa.g_00765
OG0000015	Prae	Prbg.g_01589, Prbg.g_01635	Prae.g_00769, Prae.g_01235
OG0000015	Prbd	Prbg.g_01589, Prbg.g_01635	Prbd.g_00065, Prbd.g_00826
OG0000015	Prbi	Prbg.g_01589, Prbg.g_01635	Prbi.g_00810, Prbi.g_01304
OG0000015	Prao	Prbg.g_01589, Prbg.g_01635	Prao.g_00703
OG0000015	Prav	Prbg.g_01589, Prbg.g_01635	Prav.g_00363, Prav.g_00961
OG0000015	Prau	Prbg.g_01589, Prbg.g_01635	Prau.g_00817
OG0000015	Prad	Prbg.g_01589, Prbg.g_01635	Prad.g_01108
OG0000015	Pray	Prbg.g_01589, Prbg.g_01635	Pray.g_00309
OG0000015	Praz	Prbg.g_01589, Prbg.g_01635	Praz.g_01551
OG0000015	Prba	Prbg.g_01589, Prbg.g_01635	Prba.g_01538
OG0000015	Prai	Prbg.g_01589, Prbg.g_01635	Prai.g_01243
OG0000015	Pras	Prbg.g_01589, Prbg.g_01635	Pras.g_00127
OG0000015	Prar	Prbg.g_01589, Prbg.g_01635	Prar.g_01179
OG0000015	Prac	Prbg.g_01589, Prbg.g_01635	Prac.g_00898
OG0000015	Praq	Prbg.g_01589, Prbg.g_01635	Praq.g_00065
OG0000015	Prax	Prbg.g_01589, Prbg.g_01635	Prax.g_00523, Prax.g_00410
OG0000015	Prag	Prbg.g_01589, Prbg.g_01635	Prag.g_00765
OG0000015	Praw	Prbg.g_01589, Prbg.g_01635	Praw.g_01738
OG0000015	Prat	Prbg.g_01589, Prbg.g_01635	Prat.g_00701
OG0000015	Prbc	Prbg.g_01589, Prbg.g_01635	Prbc.g_00599
OG0000015	Prbm	Prbg.g_01589, Prbg.g_01635	Prbm.g_01427, Prbm.g_01149
OG0000015	Praj	Prbg.g_01589, Prbg.g_01635	Praj.g_01113
OG0000015	Prbb	Prbg.g_01589, Prbg.g_01635	Prbb.g_01158
OG0000015	Syao	Prbg.g_01589, Prbg.g_01635	Syao.g_02339, Syao.g_00302
OG0000015	Syar	Prbg.g_01589, Prbg.g_01635	Syar.g_00451, Syar.g_00180
OG0000015	Syaa	Prbg.g_01589, Prbg.g_01635	Syaa.g_02739, Syaa.g_01079, Syaa.g_01989
OG0000015	Syae	Prbg.g_01589, Prbg.g_01635	Syae.g_01693, Syae.g_00590
OG0000015	Syaq	Prbg.g_01589, Prbg.g_01635	Syaq.g_00121, Syaq.g_01171, Syaq.g_02255
OG0000015	Syak	Prbg.g_01589, Prbg.g_01635	Syak.g_01813, Syak.g_00107, Syak.g_00358
OG0000015	Syap	Prbg.g_01589, Prbg.g_01635	Syap.g_02606, Syap.g_00786
OG0000015	Syas	Prbg.g_01589, Prbg.g_01635	Syas.g_02007, Syas.g_00968
OG0000015	Syan	Prbg.g_01589, Prbg.g_01635	Syan.g_01691, Syan.g_00248
OG0000015	Syad	Prbg.g_01589, Prbg.g_01635	Syad.g_00142, Syad.g_01600, Syad.g_01601
OG0000015	Syaj	Prbg.g_01589, Prbg.g_01635	Syaj.g_02242, Syaj.g_00725, Syaj.g_02659
OG0000015	Syag	Prbg.g_01589, Prbg.g_01635	Syag.g_02252, Syag.g_00596
OG0000015	Syab	Prbg.g_01589, Prbg.g_01635	Syab.g_02889
OG0000015	Syal	Prbg.g_01589, Prbg.g_01635	Syal.g_02210, Syal.g_01183
OG0000015	Syat	Prbg.g_01589, Prbg.g_01635	Syat.g_00775, Syat.g_01677
OG0000015	Syah	Prbg.g_01589, Prbg.g_01635	Syah.g_01511, Syah.g_01510
OG0000015	Syaf	Prbg.g_01589, Prbg.g_01635	Syaf.g_02120, Syaf.g_02121
OG0000015	Syai	Prbg.g_01589, Prbg.g_01635	Syai.g_01246, Syai.g_01245
OG0000015	Syam	Prbg.g_01589, Prbg.g_01635	Syam.g_01218, Syam.g_01362
OG0000015	Syac	Prbg.g_01589, Prbg.g_01635	Syac.g_01408
OG0000015	Prbj	Prbg.g_01589, Prbg.g_01635	Prbj.g_02502
OG0000015	Prbk	Prbg.g_01589, Prbg.g_01635	Prbk.g_02558
OG0000015	Prbl	Prbg.g_01589, Prbg.g_01635	Prbl.g_01566
OG0000015	Praf	Prbg.g_01589, Prbg.g_01635	Praf.g_01030, Praf.g_01033, Praf.g_01618
OG0000015	Prah	Prbg.g_01589, Prbg.g_01635	Prah.g_01155, Prah.g_00576
OG0000015	Pral	Prbg.g_01589, Prbg.g_01635	Pral.g_01813
OG0000015	Pram	Prbg.g_01589, Prbg.g_01635	Pram.g_01545
OG0000015	Prbh	Prbg.g_01589, Prbg.g_01635	Prbh.g_01869
OG0000015	Prak	Prbg.g_01589	Prak.g_01584
OG0000015	Prap	Prbg.g_01589	Prap.g_01840
OG0000015	Prbe	Prbg.g_01589	Prbe.g_01046
OG0000015	Prbf	Prbg.g_01589	Prbf.g_00754
OG0000015	Prbn	Prbg.g_01589	Prbn.g_01684
OG0000015	Prak	Prbg.g_01635	Prak.g_01630
OG0000015	Prap	Prbg.g_01635	Prap.g_01794
OG0000015	Prbe	Prbg.g_01635	Prbe.g_01000
OG0000015	Prbf	Prbg.g_01635	Prbf.g_00708
OG0000015	Prbn	Prbg.g_01635	Prbn.g_01730
OG0000016	Syar	Prbg.g_01544	Syar.g_02859
OG0000016	Syas	Prbg.g_01544	Syas.g_01086, Syas.g_01050
OG0000016	Syat	Prbg.g_01544	Syat.g_00909, Syat.g_00222, Syat.g_00832
OG0000016	Syan	Prbg.g_01544	Syan.g_02598, Syan.g_00440
OG0000016	Syam	Prbg.g_01544	Syam.g_00876, Syam.g_01011
OG0000016	Syac	Prbg.g_01544	Syac.g_01505, Syac.g_01053
OG0000016	Syah	Prbg.g_01544	Syah.g_01402, Syah.g_01859
OG0000016	Praw	Prbg.g_01544	Praw.g_01415, Praw.g_00484
OG0000016	Syae	Prbg.g_01544	Syae.g_00681, Syae.g_00233
OG0000016	Syaj	Prbg.g_01544	Syaj.g_00590, Syaj.g_01191
OG0000016	Syad	Prbg.g_01544	Syad.g_01460, Syad.g_02065
OG0000016	Syaa	Prbg.g_01544	Syaa.g_00981, Syaa.g_01481
OG0000016	Syaf	Prbg.g_01544	Syaf.g_01576, Syaf.g_01713
OG0000016	Syai	Prbg.g_01544	Syai.g_01785, Syai.g_01632
OG0000016	Syaq	Prbg.g_01544	Syaq.g_00169
OG0000016	Syab	Prbg.g_01544	Syab.g_01049
OG0000016	Syal	Prbg.g_01544	Syal.g_01734
OG0000016	Syak	Prbg.g_01544	Syak.g_00818
OG0000016	Syag	Prbg.g_01544	Syag.g_01066
OG0000016	Prah	Prbg.g_01544	Prah.g_01270
OG0000016	Praf	Prbg.g_01544	Praf.g_00906
OG0000016	Syap	Prbg.g_01544	Syap.g_00404
OG0000016	Prag	Prbg.g_01544	Prag.g_01638
OG0000016	Prav	Prbg.g_01544	Prav.g_01385
OG0000016	Prab	Prbg.g_01544	Prab.g_01579
OG0000016	Pran	Prbg.g_01544	Pran.g_00620
OG0000016	Prai	Prbg.g_01544	Prai.g_01573
OG0000016	Praj	Prbg.g_01544	Praj.g_01865
OG0000016	Prbb	Prbg.g_01544	Prbb.g_01919
OG0000016	Prbc	Prbg.g_01544	Prbc.g_00929
OG0000016	Prbm	Prbg.g_01544	Prbm.g_01944
OG0000016	Prat	Prbg.g_01544	Prat.g_01219
OG0000016	Pram	Prbg.g_01544	Pram.g_01193
OG0000016	Prbh	Prbg.g_01544	Prbh.g_01336
OG0000016	Prak	Prbg.g_01544	Prak.g_01230
OG0000016	Prap	Prbg.g_01544	Prap.g_00514
OG0000016	Prbe	Prbg.g_01544	Prbe.g_01607
OG0000016	Prbf	Prbg.g_01544	Prbf.g_00860
OG0000016	Prbn	Prbg.g_01544	Prbn.g_01131
OG0000017	Praa	Prbg.g_00317, Prbg.g_00324	Praa.g_00598
OG0000017	Prac	Prbg.g_00317, Prbg.g_00324	Prac.g_00773
OG0000017	Prad	Prbg.g_00317, Prbg.g_00324	Prad.g_01387
OG0000017	Prae	Prbg.g_00317, Prbg.g_00324	Prae.g_00572
OG0000017	Prag	Prbg.g_00317, Prbg.g_00324	Prag.g_00576
OG0000017	Prao	Prbg.g_00317, Prbg.g_00324	Prao.g_00036
OG0000017	Praq	Prbg.g_00317, Prbg.g_00324	Praq.g_01004
OG0000017	Prar	Prbg.g_00317, Prbg.g_00324	Prar.g_01428
OG0000017	Pras	Prbg.g_00317, Prbg.g_00324	Pras.g_01474
OG0000017	Prau	Prbg.g_00317, Prbg.g_00324	Prau.g_00636
OG0000017	Prav	Prbg.g_00317, Prbg.g_00324	Prav.g_01194
OG0000017	Praw	Prbg.g_00317, Prbg.g_00324	Praw.g_01944
OG0000017	Prax	Prbg.g_00317, Prbg.g_00324	Prax.g_00057
OG0000017	Pray	Prbg.g_00317, Prbg.g_00324	Pray.g_01165
OG0000017	Praz	Prbg.g_00317, Prbg.g_00324	Praz.g_01732
OG0000017	Prba	Prbg.g_00317, Prbg.g_00324	Prba.g_01719
OG0000017	Prbd	Prbg.g_00317, Prbg.g_00324	Prbd.g_00646
OG0000017	Prbi	Prbg.g_00317, Prbg.g_00324	Prbi.g_00600
OG0000017	Prab	Prbg.g_00317, Prbg.g_00324	Prab.g_00602
OG0000017	Prai	Prbg.g_00317, Prbg.g_00324	Prai.g_00626
OG0000017	Pran	Prbg.g_00317, Prbg.g_00324	Pran.g_01580
OG0000017	Praf	Prbg.g_00317	Praf.g_00752
OG0000017	Prbj	Prbg.g_00317	Prbj.g_01769
OG0000017	Prbk	Prbg.g_00317	Prbk.g_01142
OG0000017	Prbl	Prbg.g_00317	Prbl.g_01763
OG0000017	Syak	Prbg.g_00317	Syak.g_02730
OG0000017	Prak	Prbg.g_00317	Prak.g_00559
OG0000017	Pral	Prbg.g_00317	Pral.g_00491
OG0000017	Pram	Prbg.g_00317	Pram.g_00535
OG0000017	Prap	Prbg.g_00317	Prap.g_01170
OG0000017	Prat	Prbg.g_00317	Prat.g_00560
OG0000017	Prbe	Prbg.g_00317	Prbe.g_00536
OG0000017	Prbf	Prbg.g_00317	Prbf.g_01880
OG0000017	Prbh	Prbg.g_00317	Prbh.g_00232
OG0000017	Prbn	Prbg.g_00317	Prbn.g_00517
OG0000017	Syaa	Prbg.g_00317	Syaa.g_01890
OG0000017	Syab	Prbg.g_00317	Syab.g_01953
OG0000017	Syac	Prbg.g_00317	Syac.g_01749
OG0000017	Syad	Prbg.g_00317	Syad.g_01084
OG0000017	Syae	Prbg.g_00317	Syae.g_02462
OG0000017	Syaf	Prbg.g_00317	Syaf.g_02561
OG0000017	Syag	Prbg.g_00317	Syag.g_00336
OG0000017	Syah	Prbg.g_00317	Syah.g_01152
OG0000017	Syai	Prbg.g_00317	Syai.g_00801
OG0000017	Syaj	Prbg.g_00317	Syaj.g_00248
OG0000017	Syal	Prbg.g_00317	Syal.g_02752
OG0000017	Syam	Prbg.g_00317	Syam.g_01715
OG0000017	Syaq	Prbg.g_00317	Syaq.g_01992
OG0000017	Syar	Prbg.g_00317	Syar.g_03181
OG0000017	Syan	Prbg.g_00324	Syan.g_01013
OG0000017	Syao	Prbg.g_00324	Syao.g_01064
OG0000017	Syab	Prbg.g_00324	Syab.g_01945
OG0000017	Syal	Prbg.g_00324	Syal.g_02745
OG0000017	Syaq	Prbg.g_00324	Syaq.g_01999
OG0000017	Syag	Prbg.g_00324	Syag.g_00344
OG0000017	Syas	Prbg.g_00324	Syas.g_00856
OG0000017	Syad	Prbg.g_00324	Syad.g_01091
OG0000017	Syaj	Prbg.g_00324	Syaj.g_00255
OG0000017	Syam	Prbg.g_00324	Syam.g_01708
OG0000017	Syai	Prbg.g_00324	Syai.g_00808
OG0000017	Syaf	Prbg.g_00324	Syaf.g_02554
OG0000017	Syac	Prbg.g_00324	Syac.g_01742
OG0000017	Syah	Prbg.g_00324	Syah.g_01159
OG0000017	Syae	Prbg.g_00324	Syae.g_02469
OG0000017	Syaa	Prbg.g_00324	Syaa.g_01883
OG0000017	Syak	Prbg.g_00324	Syak.g_02738
OG0000017	Praf	Prbg.g_00324	Praf.g_00760
OG0000017	Prah	Prbg.g_00324	Prah.g_01397
OG0000017	Prbj	Prbg.g_00324	Prbj.g_01761
OG0000017	Prbk	Prbg.g_00324	Prbk.g_01150
OG0000017	Prbl	Prbg.g_00324	Prbl.g_01755
OG0000017	Pral	Prbg.g_00324	Pral.g_00484
OG0000017	Prat	Prbg.g_00324	Prat.g_00567
OG0000017	Syar	Prbg.g_00324	Syar.g_02180
OG0000017	Pram	Prbg.g_00324	Pram.g_00542
OG0000017	Prbh	Prbg.g_00324	Prbh.g_00225
OG0000017	Prak	Prbg.g_00324	Prak.g_00566
OG0000017	Prap	Prbg.g_00324	Prap.g_01163
OG0000017	Prbe	Prbg.g_00324	Prbe.g_00529
OG0000017	Prbf	Prbg.g_00324	Prbf.g_01887
OG0000017	Prbn	Prbg.g_00324	Prbn.g_00510
OG0000018	Syap	Prbg.g_01187	Syap.g_02708
OG0000018	Prab	Prbg.g_01187	Prab.g_00867
OG0000018	Pran	Prbg.g_01187	Pran.g_01316
OG0000018	Prai	Prbg.g_01187	Prai.g_00820
OG0000018	Prac	Prbg.g_01187	Prac.g_01448
OG0000018	Praq	Prbg.g_01187	Praq.g_01425
OG0000018	Prar	Prbg.g_01187	Prar.g_01711
OG0000018	Praa	Prbg.g_01187	Praa.g_00831
OG0000018	Prbi	Prbg.g_01187	Prbi.g_00874
OG0000018	Prad	Prbg.g_01187	Prad.g_01173
OG0000018	Prag	Prbg.g_01187	Prag.g_00833
OG0000018	Praw	Prbg.g_01187	Praw.g_01670
OG0000018	Prae	Prbg.g_01187	Prae.g_00833
OG0000018	Prao	Prbg.g_01187	Prao.g_00768
OG0000018	Prax	Prbg.g_01187	Prax.g_00346
OG0000018	Prbd	Prbg.g_01187	Prbd.g_00129
OG0000018	Pray	Prbg.g_01187	Pray.g_00375
OG0000018	Praz	Prbg.g_01187	Praz.g_01485
OG0000018	Prba	Prbg.g_01187	Prba.g_01472
OG0000018	Prav	Prbg.g_01187	Prav.g_00424
OG0000018	Pras	Prbg.g_01187	Pras.g_01728
OG0000018	Prau	Prbg.g_01187	Prau.g_00881
OG0000018	Pral	Prbg.g_01187	Pral.g_01516
OG0000018	Prat	Prbg.g_01187	Prat.g_01009
OG0000018	Praj	Prbg.g_01187	Praj.g_00798
OG0000018	Prbb	Prbg.g_01187	Prbb.g_00812
OG0000018	Prbm	Prbg.g_01187	Prbm.g_00843
OG0000018	Prbc	Prbg.g_01187	Prbc.g_01887
OG0000018	Pram	Prbg.g_01187	Pram.g_00837
OG0000018	Prbh	Prbg.g_01187	Prbh.g_00981
OG0000018	Prak	Prbg.g_01187	Prak.g_00873
OG0000018	Prap	Prbg.g_01187	Prap.g_00755
OG0000018	Prbe	Prbg.g_01187	Prbe.g_01250
OG0000018	Prbf	Prbg.g_01187	Prbf.g_01217
OG0000018	Prbn	Prbg.g_01187	Prbn.g_01518
OG0000018	Syaq	Prbg.g_01508	Syaq.g_00401
OG0000018	Syak	Prbg.g_01508	Syak.g_01072
OG0000018	Syab	Prbg.g_01508	Syab.g_00742
OG0000018	Syal	Prbg.g_01508	Syal.g_00410
OG0000018	Syaa	Prbg.g_01508	Syaa.g_01801
OG0000018	Syad	Prbg.g_01508	Syad.g_02306
OG0000018	Syaj	Prbg.g_01508	Syaj.g_01413
OG0000018	Syac	Prbg.g_01508	Syac.g_01660
OG0000018	Syah	Prbg.g_01508	Syah.g_01264
OG0000018	Syaf	Prbg.g_01508	Syaf.g_02451
OG0000018	Syam	Prbg.g_01508	Syam.g_01640
OG0000018	Syai	Prbg.g_01508	Syai.g_00915
OG0000018	Syae	Prbg.g_01508	Syae.g_02625
OG0000018	Syag	Prbg.g_01508	Syag.g_01387
OG0000018	Syan	Prbg.g_01508	Syan.g_02816
OG0000018	Syao	Prbg.g_01508	Syao.g_00071
OG0000018	Syar	Prbg.g_01508	Syar.g_01409
OG0000018	Syat	Prbg.g_01508	Syat.g_01334
OG0000018	Syap	Prbg.g_01508	Syap.g_02010
OG0000018	Syas	Prbg.g_01508	Syas.g_01290
OG0000018	Prbj	Prbg.g_01508	Prbj.g_00641
OG0000018	Prbk	Prbg.g_01508	Prbk.g_01227
OG0000018	Prbl	Prbg.g_01508	Prbl.g_00694
OG0000018	Praf	Prbg.g_01508	Praf.g_01832
OG0000018	Prah	Prbg.g_01508	Prah.g_00378
OG0000018	Praa	Prbg.g_01508	Praa.g_01141
OG0000018	Pray	Prbg.g_01508	Pray.g_00083
OG0000018	Praz	Prbg.g_01508	Praz.g_00011
OG0000018	Prba	Prbg.g_01508	Prba.g_00083
OG0000018	Prac	Prbg.g_01508	Prac.g_01004
OG0000018	Praq	Prbg.g_01508	Praq.g_01314
OG0000018	Prar	Prbg.g_01508	Prar.g_01282
OG0000018	Prao	Prbg.g_01508	Prao.g_01108
OG0000018	Prab	Prbg.g_01508	Prab.g_01201
OG0000018	Pran	Prbg.g_01508	Pran.g_00078
OG0000018	Prai	Prbg.g_01508	Prai.g_01153
OG0000018	Praj	Prbg.g_01508	Praj.g_01482
OG0000018	Prbb	Prbg.g_01508	Prbb.g_01539
OG0000018	Prbm	Prbg.g_01508	Prbm.g_01571
OG0000018	Prbc	Prbg.g_01508	Prbc.g_01468
OG0000018	Prag	Prbg.g_01508	Prag.g_01134
OG0000018	Praw	Prbg.g_01508	Praw.g_00215
OG0000018	Prav	Prbg.g_01508	Prav.g_00046
OG0000018	Prbd	Prbg.g_01508	Prbd.g_00449
OG0000018	Prae	Prbg.g_01508	Prae.g_01144
OG0000018	Pras	Prbg.g_01508	Pras.g_00037
OG0000018	Prau	Prbg.g_01508	Prau.g_01188
OG0000018	Prax	Prbg.g_01508	Prax.g_00181
OG0000018	Prad	Prbg.g_01508	Prad.g_01515
OG0000018	Prbi	Prbg.g_01508	Prbi.g_01188
OG0000018	Pral	Prbg.g_01508	Pral.g_01346
OG0000018	Prat	Prbg.g_01508	Prat.g_01177
OG0000018	Pram	Prbg.g_01508	Pram.g_01162
OG0000018	Prbh	Prbg.g_01508	Prbh.g_01305
OG0000018	Prak	Prbg.g_01508	Prak.g_01194
OG0000018	Prap	Prbg.g_01508	Prap.g_00478
OG0000018	Prbe	Prbg.g_01508	Prbe.g_01571
OG0000018	Prbf	Prbg.g_01508	Prbf.g_00896
OG0000018	Prbn	Prbg.g_01508	Prbn.g_01167
OG0000019	Syaa	Prbg.g_01032, Prbg.g_01510	Syaa.g_00307
OG0000019	Syac	Prbg.g_01032, Prbg.g_01510	Syac.g_02207
OG0000019	Syah	Prbg.g_01032, Prbg.g_01510	Syah.g_00669
OG0000019	Syam	Prbg.g_01032, Prbg.g_01510	Syam.g_00274
OG0000019	Syaf	Prbg.g_01032, Prbg.g_01510	Syaf.g_00193
OG0000019	Syai	Prbg.g_01032, Prbg.g_01510	Syai.g_00304
OG0000019	Syag	Prbg.g_01032, Prbg.g_01510	Syag.g_02663
OG0000019	Syak	Prbg.g_01032, Prbg.g_01510	Syak.g_01413
OG0000019	Syab	Prbg.g_01032, Prbg.g_01510	Syab.g_00344
OG0000019	Syal	Prbg.g_01032, Prbg.g_01510	Syal.g_01209
OG0000019	Syaq	Prbg.g_01032, Prbg.g_01510	Syaq.g_00717
OG0000019	Praf	Prbg.g_01032, Prbg.g_01510	Praf.g_00943, Praf.g_02214
OG0000019	Prbj	Prbg.g_01032, Prbg.g_01510	Prbj.g_00025, Prbj.g_01349
OG0000019	Prbk	Prbg.g_01032, Prbg.g_01510	Prbk.g_01644, Prbk.g_01004
OG0000019	Prbl	Prbg.g_01032, Prbg.g_01510	Prbl.g_01097, Prbl.g_01509
OG0000019	Syad	Prbg.g_01032, Prbg.g_01510	Syad.g_00569
OG0000019	Syae	Prbg.g_01032, Prbg.g_01510	Syae.g_02015
OG0000019	Syaj	Prbg.g_01032, Prbg.g_01510	Syaj.g_02613
OG0000019	Syap	Prbg.g_01032, Prbg.g_01510	Syap.g_01586
OG0000019	Syas	Prbg.g_01032, Prbg.g_01510	Syas.g_01696
OG0000019	Syat	Prbg.g_01032, Prbg.g_01510	Syat.g_01876
OG0000019	Syan	Prbg.g_01032, Prbg.g_01510	Syan.g_02088
OG0000019	Syao	Prbg.g_01032, Prbg.g_01510	Syao.g_02108
OG0000019	Syar	Prbg.g_01032, Prbg.g_01510	Syar.g_00163
OG0000019	Prah	Prbg.g_01032, Prbg.g_01510	Prah.g_02086
OG0000019	Prat	Prbg.g_01032	Prat.g_00255
OG0000019	Pral	Prbg.g_01032	Pral.g_00790
OG0000019	Pras	Prbg.g_01032	Pras.g_01101
OG0000019	Prau	Prbg.g_01032	Prau.g_00251
OG0000019	Prag	Prbg.g_01032	Prag.g_00242
OG0000019	Praw	Prbg.g_01032	Praw.g_00884
OG0000019	Prac	Prbg.g_01032	Prac.g_01681
OG0000019	Praq	Prbg.g_01032	Praq.g_01753
OG0000019	Prar	Prbg.g_01032	Prar.g_00078
OG0000019	Pray	Prbg.g_01032	Pray.g_00730
OG0000019	Praz	Prbg.g_01032	Praz.g_00609
OG0000019	Prba	Prbg.g_01032	Prba.g_00468
OG0000019	Prav	Prbg.g_01032	Prav.g_01896
OG0000019	Prax	Prbg.g_01032	Prax.g_00926
OG0000019	Prae	Prbg.g_01032	Prae.g_00252
OG0000019	Prao	Prbg.g_01032	Prao.g_00387
OG0000019	Prbd	Prbg.g_01032	Prbd.g_00990
OG0000019	Prad	Prbg.g_01032	Prad.g_01742
OG0000019	Praa	Prbg.g_01032	Praa.g_00249
OG0000019	Prbi	Prbg.g_01032	Prbi.g_00273
OG0000019	Prab	Prbg.g_01032	Prab.g_00239
OG0000019	Pran	Prbg.g_01032	Pran.g_01943
OG0000019	Prai	Prbg.g_01032	Prai.g_00262
OG0000019	Pram	Prbg.g_01032	Pram.g_00237
OG0000019	Prbh	Prbg.g_01032	Prbh.g_00530
OG0000019	Prak	Prbg.g_01032	Prak.g_00266
OG0000019	Prap	Prbg.g_01032	Prap.g_01462
OG0000019	Prbe	Prbg.g_01032	Prbe.g_01802
OG0000019	Prbf	Prbg.g_01032	Prbf.g_01588
OG0000019	Prbn	Prbg.g_01032	Prbn.g_00015
OG0000019	Prab	Prbg.g_01510	Prab.g_00820
OG0000019	Pran	Prbg.g_01510	Pran.g_01363
OG0000019	Prad	Prbg.g_01510	Prad.g_01125
OG0000019	Prao	Prbg.g_01510	Prao.g_00720
OG0000019	Prae	Prbg.g_01510	Prae.g_00786
OG0000019	Prbi	Prbg.g_01510	Prbi.g_00827
OG0000019	Prag	Prbg.g_01510	Prag.g_00786
OG0000019	Praw	Prbg.g_01510	Praw.g_01717
OG0000019	Prbd	Prbg.g_01510	Prbd.g_00082
OG0000019	Praa	Prbg.g_01510	Praa.g_00782
OG0000019	Prax	Prbg.g_01510	Prax.g_00393
OG0000019	Prav	Prbg.g_01510	Prav.g_00375
OG0000019	Pras	Prbg.g_01510	Pras.g_01681
OG0000019	Prau	Prbg.g_01510	Prau.g_00834
OG0000019	Prac	Prbg.g_01510	Prac.g_01496
OG0000019	Praq	Prbg.g_01510	Praq.g_00649
OG0000019	Prar	Prbg.g_01510	Prar.g_01663
OG0000019	Pray	Prbg.g_01510	Pray.g_00328
OG0000019	Praz	Prbg.g_01510	Praz.g_01532
OG0000019	Prba	Prbg.g_01510	Prba.g_01519
OG0000019	Prai	Prbg.g_01510	Prai.g_00867
OG0000019	Praj	Prbg.g_01510	Praj.g_00747
OG0000019	Prbb	Prbg.g_01510	Prbb.g_00761
OG0000019	Prbc	Prbg.g_01510	Prbc.g_01836
OG0000019	Prbm	Prbg.g_01510	Prbm.g_00792
OG0000019	Pral	Prbg.g_01510	Pral.g_01344
OG0000019	Prat	Prbg.g_01510	Prat.g_01180
OG0000019	Pram	Prbg.g_01510	Pram.g_01164
OG0000019	Prbh	Prbg.g_01510	Prbh.g_01307
OG0000019	Prak	Prbg.g_01510	Prak.g_01196
OG0000019	Prap	Prbg.g_01510	Prap.g_00480
OG0000019	Prbe	Prbg.g_01510	Prbe.g_01573
OG0000019	Prbf	Prbg.g_01510	Prbf.g_00894
OG0000019	Prbn	Prbg.g_01510	Prbn.g_01165
OG0000020	Syai	Prbg.g_00698, Prbg.g_00727	Syai.g_00476
OG0000020	Syab	Prbg.g_00698, Prbg.g_00727	Syab.g_02230
OG0000020	Syad	Prbg.g_00698, Prbg.g_00727	Syad.g_00845
OG0000020	Syaf	Prbg.g_00698, Prbg.g_00727	Syaf.g_02187
OG0000020	Syag	Prbg.g_00698, Prbg.g_00727	Syag.g_00085
OG0000020	Pram	Prbg.g_00698	Pram.g_01275
OG0000020	Prbh	Prbg.g_00698	Prbh.g_00202
OG0000020	Prak	Prbg.g_00698	Prak.g_01498
OG0000020	Prap	Prbg.g_00698	Prap.g_00228
OG0000020	Prbe	Prbg.g_00698	Prbe.g_00204
OG0000020	Prbf	Prbg.g_00698	Prbf.g_00264
OG0000020	Prbn	Prbg.g_00698	Prbn.g_00875
OG0000020	Prat	Prbg.g_00727	Prat.g_00648
OG0000020	Praf	Prbg.g_00727	Praf.g_01095
OG0000020	Prah	Prbg.g_00727	Prah.g_01100
OG0000020	Prbj	Prbg.g_00727	Prbj.g_00214, Prbj.g_02701
OG0000020	Prbk	Prbg.g_00727	Prbk.g_01331, Prbk.g_02697
OG0000020	Prbl	Prbg.g_00727	Prbl.g_01026, Prbl.g_01386
OG0000020	Pral	Prbg.g_00727	Pral.g_01891
OG0000020	Prbb	Prbg.g_00727	Prbb.g_01180
OG0000020	Praj	Prbg.g_00727	Praj.g_01139
OG0000020	Prbc	Prbg.g_00727	Prbc.g_00116
OG0000020	Prbm	Prbg.g_00727	Prbm.g_01156
OG0000020	Pras	Prbg.g_00727	Pras.g_00530
OG0000020	Prad	Prbg.g_00727	Prad.g_01299
OG0000020	Prau	Prbg.g_00727	Prau.g_01704
OG0000020	Prag	Prbg.g_00727	Prag.g_01637
OG0000020	Praw	Prbg.g_00727	Praw.g_00483
OG0000020	Prav	Prbg.g_00727	Prav.g_01386
OG0000020	Prac	Prbg.g_00727	Prac.g_00875, Prac.g_01598
OG0000020	Praq	Prbg.g_00727	Praq.g_00041, Praq.g_00080, Praq.g_00547
OG0000020	Prar	Prbg.g_00727	Prar.g_01007, Prar.g_01155, Prar.g_01561
OG0000020	Prab	Prbg.g_00727	Prab.g_00379
OG0000020	Pran	Prbg.g_00727	Pran.g_01804
OG0000020	Prai	Prbg.g_00727	Prai.g_00400
OG0000020	Pram	Prbg.g_00727	Pram.g_01516
OG0000020	Prbh	Prbg.g_00727	Prbh.g_01898
OG0000020	Prak	Prbg.g_00727	Prak.g_01527
OG0000020	Prap	Prbg.g_00727	Prap.g_01906
OG0000020	Prbe	Prbg.g_00727	Prbe.g_00018
OG0000020	Prbf	Prbg.g_00727	Prbf.g_00811
OG0000020	Prbn	Prbg.g_00727	Prbn.g_00133
OG0000021	Prab	Prbg.g_00699, Prbg.g_01145	Prab.g_00354
OG0000021	Pran	Prbg.g_00699, Prbg.g_01145	Pran.g_01829
OG0000021	Prai	Prbg.g_00699, Prbg.g_01145	Prai.g_00378
OG0000021	Prav	Prbg.g_00699, Prbg.g_01145	Prav.g_00984
OG0000021	Prae	Prbg.g_00699, Prbg.g_01145	Prae.g_01600, Prae.g_00364
OG0000021	Pray	Prbg.g_00699, Prbg.g_01145	Pray.g_01578, Pray.g_00842
OG0000021	Praz	Prbg.g_00699, Prbg.g_01145	Praz.g_00896, Praz.g_00810
OG0000021	Prba	Prbg.g_00699, Prbg.g_01145	Prba.g_00245, Prba.g_00858
OG0000021	Praa	Prbg.g_00699, Prbg.g_01145	Praa.g_01623, Praa.g_00364
OG0000021	Prbd	Prbg.g_00699, Prbg.g_01145	Prbd.g_01546, Prbd.g_00874
OG0000021	Prax	Prbg.g_00699, Prbg.g_01145	Prax.g_01587, Prax.g_00808
OG0000021	Prag	Prbg.g_00699, Prbg.g_01145	Prag.g_01633, Prag.g_00359
OG0000021	Praw	Prbg.g_00699, Prbg.g_01145	Praw.g_00479, Praw.g_00767
OG0000021	Prbi	Prbg.g_00699, Prbg.g_01145	Prbi.g_01742, Prbi.g_00389
OG0000021	Pras	Prbg.g_00699, Prbg.g_01145	Pras.g_00507, Pras.g_01218
OG0000021	Prau	Prbg.g_00699, Prbg.g_01145	Prau.g_01680, Prau.g_00367
OG0000021	Prad	Prbg.g_00699, Prbg.g_01145	Prad.g_01981, Prad.g_00745
OG0000021	Prao	Prbg.g_00699, Prbg.g_01145	Prao.g_01346, Prao.g_00500
OG0000021	Prac	Prbg.g_00699, Prbg.g_01145	Prac.g_01169
OG0000021	Praq	Prbg.g_00699, Prbg.g_01145	Praq.g_01179
OG0000021	Prar	Prbg.g_00699, Prbg.g_01145	Prar.g_00425
OG0000021	Syak	Prbg.g_00699, Prbg.g_01145	Syak.g_00566
OG0000021	Syat	Prbg.g_00699, Prbg.g_01145	Syat.g_00964
OG0000021	Syag	Prbg.g_00699, Prbg.g_01145	Syag.g_00229
OG0000021	Syad	Prbg.g_00699, Prbg.g_01145	Syad.g_01835, Syad.g_00874
OG0000021	Syae	Prbg.g_00699, Prbg.g_01145	Syae.g_00481
OG0000021	Syaj	Prbg.g_00699, Prbg.g_01145	Syaj.g_00042
OG0000021	Syaa	Prbg.g_00699, Prbg.g_01145	Syaa.g_02627
OG0000021	Syai	Prbg.g_00699, Prbg.g_01145	Syai.g_00556
OG0000021	Syaf	Prbg.g_00699, Prbg.g_01145	Syaf.g_02773
OG0000021	Syam	Prbg.g_00699, Prbg.g_01145	Syam.g_00523
OG0000021	Syan	Prbg.g_00699, Prbg.g_01145	Syan.g_01001
OG0000021	Syao	Prbg.g_00699, Prbg.g_01145	Syao.g_01002
OG0000021	Prbm	Prbg.g_00699	Prbm.g_01939
OG0000021	Prbc	Prbg.g_00699	Prbc.g_00924
OG0000021	Praj	Prbg.g_00699	Praj.g_01859
OG0000021	Prbb	Prbg.g_00699	Prbb.g_01914
OG0000021	Pram	Prbg.g_00699	Pram.g_01274
OG0000021	Prbh	Prbg.g_00699	Prbh.g_00203
OG0000021	Pral	Prbg.g_00699	Pral.g_01667
OG0000021	Prat	Prbg.g_00699	Prat.g_00854
OG0000021	Prah	Prbg.g_00699	Prah.g_01108, Prah.g_01112, Prah.g_01117
OG0000021	Prbj	Prbg.g_00699	Prbj.g_01121
OG0000021	Prbk	Prbg.g_00699	Prbk.g_01960
OG0000021	Prbl	Prbg.g_00699	Prbl.g_01531
OG0000021	Praf	Prbg.g_00699	Praf.g_00946, Praf.g_01089
OG0000021	Prak	Prbg.g_00699	Prak.g_01499
OG0000021	Prap	Prbg.g_00699	Prap.g_00229
OG0000021	Prbe	Prbg.g_00699	Prbe.g_00203
OG0000021	Prbf	Prbg.g_00699	Prbf.g_00265
OG0000021	Prbn	Prbg.g_00699	Prbn.g_00874
OG0000021	Prah	Prbg.g_01145	Prah.g_01410
OG0000021	Praf	Prbg.g_01145	Praf.g_00746
OG0000021	Prbj	Prbg.g_01145	Prbj.g_01774
OG0000021	Prbk	Prbg.g_01145	Prbk.g_01137
OG0000021	Prbl	Prbg.g_01145	Prbl.g_01768
OG0000021	Prat	Prbg.g_01145	Prat.g_00461
OG0000021	Prbb	Prbg.g_01145	Prbb.g_00099
OG0000021	Praj	Prbg.g_01145	Praj.g_00084
OG0000021	Prbc	Prbg.g_01145	Prbc.g_02189
OG0000021	Pral	Prbg.g_01145	Pral.g_01738
OG0000021	Pram	Prbg.g_01145	Pram.g_00794
OG0000021	Prbh	Prbg.g_01145	Prbh.g_00938
OG0000021	Prak	Prbg.g_01145	Prak.g_00831
OG0000021	Prap	Prbg.g_01145	Prap.g_00797
OG0000021	Prbe	Prbg.g_01145	Prbe.g_01208
OG0000021	Prbf	Prbg.g_01145	Prbf.g_01259
OG0000021	Prbn	Prbg.g_01145	Prbn.g_01560
OG0000022	Prat	Prbg.g_00682	Prat.g_01192
OG0000022	Pral	Prbg.g_00682	Pral.g_00044
OG0000022	Praj	Prbg.g_00682	Praj.g_01189
OG0000022	Prbb	Prbg.g_00682	Prbb.g_01231
OG0000022	Prbc	Prbg.g_00682	Prbc.g_00166
OG0000022	Prbm	Prbg.g_00682	Prbm.g_01204
OG0000022	Prab	Prbg.g_00682	Prab.g_00782
OG0000022	Pran	Prbg.g_00682	Pran.g_01401
OG0000022	Prai	Prbg.g_00682	Prai.g_00885
OG0000022	Pras	Prbg.g_00682	Pras.g_01662
OG0000022	Prau	Prbg.g_00682	Prau.g_00814
OG0000022	Prac	Prbg.g_00682	Prac.g_01510
OG0000022	Praq	Prbg.g_00682	Praq.g_00635
OG0000022	Prar	Prbg.g_00682	Prar.g_01649
OG0000022	Prav	Prbg.g_00682	Prav.g_00360
OG0000022	Prae	Prbg.g_00682	Prae.g_00764
OG0000022	Prag	Prbg.g_00682	Prag.g_00757
OG0000022	Praw	Prbg.g_00682	Praw.g_01746
OG0000022	Praa	Prbg.g_00682	Praa.g_00763
OG0000022	Pray	Prbg.g_00682	Pray.g_00304
OG0000022	Praz	Prbg.g_00682	Praz.g_01556
OG0000022	Prba	Prbg.g_00682	Prba.g_01543
OG0000022	Prbi	Prbg.g_00682	Prbi.g_00805
OG0000022	Prax	Prbg.g_00682	Prax.g_00415
OG0000022	Prad	Prbg.g_00682	Prad.g_01105
OG0000022	Prao	Prbg.g_00682	Prao.g_00699
OG0000022	Prbd	Prbg.g_00682	Prbd.g_00061
OG0000022	Prah	Prbg.g_00682	Prah.g_00170
OG0000022	Praf	Prbg.g_00682	Praf.g_00201
OG0000022	Prbj	Prbg.g_00682	Prbj.g_01572
OG0000022	Prbk	Prbg.g_00682	Prbk.g_00212
OG0000022	Prbl	Prbg.g_00682	Prbl.g_01310
OG0000022	Pram	Prbg.g_00682	Pram.g_01287
OG0000022	Prbh	Prbg.g_00682	Prbh.g_00190
OG0000022	Prak	Prbg.g_00682	Prak.g_01482
OG0000022	Prap	Prbg.g_00682	Prap.g_00212
OG0000022	Prbe	Prbg.g_00682	Prbe.g_00220
OG0000022	Prbf	Prbg.g_00682	Prbf.g_00248
OG0000022	Prbn	Prbg.g_00682	Prbn.g_00891
OG0000023	Prac	Prbg.g_00013	Prac.g_01174
OG0000023	Praq	Prbg.g_00013	Praq.g_01184
OG0000023	Prar	Prbg.g_00013	Prar.g_00420
OG0000023	Prav	Prbg.g_00013	Prav.g_00979
OG0000023	Prag	Prbg.g_00013	Prag.g_00354
OG0000023	Praw	Prbg.g_00013	Praw.g_00772
OG0000023	Prad	Prbg.g_00013	Prad.g_00751
OG0000023	Prae	Prbg.g_00013	Prae.g_00359
OG0000023	Prao	Prbg.g_00013	Prao.g_00494
OG0000023	Pray	Prbg.g_00013	Pray.g_00838
OG0000023	Praz	Prbg.g_00013	Praz.g_00814
OG0000023	Prba	Prbg.g_00013	Prba.g_00854
OG0000023	Prbd	Prbg.g_00013	Prbd.g_00879
OG0000023	Pras	Prbg.g_00013	Pras.g_01213
OG0000023	Praa	Prbg.g_00013	Praa.g_00359
OG0000023	Prax	Prbg.g_00013	Prax.g_00813
OG0000023	Prbi	Prbg.g_00013	Prbi.g_00384
OG0000023	Prau	Prbg.g_00013	Prau.g_00362
OG0000023	Prab	Prbg.g_00013	Prab.g_00348
OG0000023	Pran	Prbg.g_00013	Pran.g_01834
OG0000023	Prai	Prbg.g_00013	Prai.g_00373
OG0000023	Prat	Prbg.g_00013	Prat.g_00834
OG0000023	Pral	Prbg.g_00013	Pral.g_01687
OG0000023	Prah	Prbg.g_00013	Prah.g_00688
OG0000023	Prbj	Prbg.g_00013	Prbj.g_02392
OG0000023	Prbk	Prbg.g_00013	Prbk.g_02448
OG0000023	Prbl	Prbg.g_00013	Prbl.g_02355
OG0000023	Syan	Prbg.g_00013	Syan.g_00404
OG0000023	Syao	Prbg.g_00013	Syao.g_01266
OG0000023	Prbc	Prbg.g_00013	Prbc.g_00006, Prbc.g_00047, Prbc.g_00071
OG0000023	Prbm	Prbg.g_00013	Prbm.g_01444, Prbm.g_01297, Prbm.g_01284
OG0000023	Praj	Prbg.g_00013	Praj.g_01365, Praj.g_01329
OG0000023	Prbb	Prbg.g_00013	Prbb.g_01411, Prbb.g_01373
OG0000023	Syaq	Prbg.g_00013	Syaq.g_02540
OG0000023	Syaa	Prbg.g_00013	Syaa.g_01529, Syaa.g_01216
OG0000023	Syad	Prbg.g_00013	Syad.g_01701, Syad.g_02337, Syad.g_01583
OG0000023	Syaj	Prbg.g_00013	Syaj.g_00829, Syaj.g_01791
OG0000023	Syae	Prbg.g_00013	Syae.g_00439, Syae.g_00930
OG0000023	Syak	Prbg.g_00013	Syak.g_00316, Syak.g_00223
OG0000023	Syab	Prbg.g_00013	Syab.g_00708, Syab.g_02058, Syab.g_01294
OG0000023	Syam	Prbg.g_00013	Syam.g_01217, Syam.g_01553, Syam.g_01583, Syam.g_01075, Syam.g_01943
OG0000023	Syai	Prbg.g_00013	Syai.g_01027, Syai.g_01875, Syai.g_02821, Syai.g_01681, Syai.g_01022, Syai.g_02318
OG0000023	Syaf	Prbg.g_00013	Syaf.g_01765, Syaf.g_01987, Syaf.g_01731, Syaf.g_01995
OG0000023	Syac	Prbg.g_00013	Syac.g_00760
OG0000023	Syah	Prbg.g_00013	Syah.g_01330, Syah.g_02167, Syah.g_00930
OG0000023	Syag	Prbg.g_00013	Syag.g_00261, Syag.g_00234
OG0000023	Syal	Prbg.g_00013	Syal.g_02485, Syal.g_02858, Syal.g_01894
OG0000023	Pram	Prbg.g_00013	Pram.g_00689
OG0000023	Prbh	Prbg.g_00013	Prbh.g_00833
OG0000023	Prak	Prbg.g_00013	Prak.g_00721
OG0000023	Prap	Prbg.g_00013	Prap.g_00029
OG0000023	Prbe	Prbg.g_00013	Prbe.g_00062
OG0000023	Prbf	Prbg.g_00013	Prbf.g_00287
OG0000023	Prbn	Prbg.g_00013	Prbn.g_01030
OG0000024	Syat	Prbg.g_01352, Prbg.g_01116	Syat.g_03394
OG0000024	Syab	Prbg.g_01352, Prbg.g_01116	Syab.g_01834
OG0000024	Syal	Prbg.g_01352, Prbg.g_01116	Syal.g_02597
OG0000024	Syag	Prbg.g_01352, Prbg.g_01116	Syag.g_00455
OG0000024	Syac	Prbg.g_01352, Prbg.g_01116	Syac.g_00925
OG0000024	Syah	Prbg.g_01352, Prbg.g_01116	Syah.g_01990
OG0000024	Syad	Prbg.g_01352, Prbg.g_01116	Syad.g_01374
OG0000024	Syaj	Prbg.g_01352, Prbg.g_01116	Syaj.g_00500
OG0000024	Syaa	Prbg.g_01352, Prbg.g_01116	Syaa.g_00922
OG0000024	Syaf	Prbg.g_01352, Prbg.g_01116	Syaf.g_01484
OG0000024	Syai	Prbg.g_01352, Prbg.g_01116	Syai.g_01951
OG0000024	Syam	Prbg.g_01352, Prbg.g_01116	Syam.g_00815
OG0000024	Praf	Prbg.g_01352, Prbg.g_01116	Praf.g_01139
OG0000024	Prah	Prbg.g_01352, Prbg.g_01116	Prah.g_01043
OG0000024	Prbj	Prbg.g_01352, Prbg.g_01116	Prbj.g_00773
OG0000024	Prbk	Prbg.g_01352, Prbg.g_01116	Prbk.g_01780
OG0000024	Prbl	Prbg.g_01352, Prbg.g_01116	Prbl.g_00040
OG0000024	Pral	Prbg.g_01352	Pral.g_01895
OG0000024	Prat	Prbg.g_01352	Prat.g_00622
OG0000024	Praj	Prbg.g_01352	Praj.g_01134
OG0000024	Prbc	Prbg.g_01352	Prbc.g_00598
OG0000024	Prbm	Prbg.g_01352	Prbm.g_01151
OG0000024	Prbb	Prbg.g_01352	Prbb.g_01175
OG0000024	Prab	Prbg.g_01352	Prab.g_00763
OG0000024	Pran	Prbg.g_01352	Pran.g_01420
OG0000024	Prai	Prbg.g_01352	Prai.g_00899
OG0000024	Prav	Prbg.g_01352	Prav.g_00343
OG0000024	Prag	Prbg.g_01352	Prag.g_00740
OG0000024	Praw	Prbg.g_01352	Praw.g_01763
OG0000024	Prbi	Prbg.g_01352	Prbi.g_00788
OG0000024	Prau	Prbg.g_01352	Prau.g_00796
OG0000024	Prac	Prbg.g_01352	Prac.g_01525
OG0000024	Praq	Prbg.g_01352	Praq.g_00618
OG0000024	Prar	Prbg.g_01352	Prar.g_01634
OG0000024	Pras	Prbg.g_01352	Pras.g_01645
OG0000024	Prao	Prbg.g_01352	Prao.g_00683
OG0000024	Prae	Prbg.g_01352	Prae.g_00748
OG0000024	Prad	Prbg.g_01352	Prad.g_01088
OG0000024	Pray	Prbg.g_01352	Pray.g_00289
OG0000024	Praz	Prbg.g_01352	Praz.g_01571
OG0000024	Prba	Prbg.g_01352	Prba.g_01558
OG0000024	Prbd	Prbg.g_01352	Prbd.g_00045
OG0000024	Praa	Prbg.g_01352	Praa.g_00747
OG0000024	Prax	Prbg.g_01352	Prax.g_00432
OG0000024	Pram	Prbg.g_01352	Pram.g_01004
OG0000024	Prbh	Prbg.g_01352	Prbh.g_01147
OG0000024	Prak	Prbg.g_01352	Prak.g_01038
OG0000024	Prap	Prbg.g_01352	Prap.g_00322
OG0000024	Prbe	Prbg.g_01352	Prbe.g_01415
OG0000024	Prbf	Prbg.g_01352	Prbf.g_01052
OG0000024	Prbn	Prbg.g_01352	Prbn.g_01353
OG0000024	Prbc	Prbg.g_01116	Prbc.g_01755
OG0000024	Praj	Prbg.g_01116	Praj.g_00666
OG0000024	Prbb	Prbg.g_01116	Prbb.g_00680
OG0000024	Prbm	Prbg.g_01116	Prbm.g_00709
OG0000024	Prab	Prbg.g_01116	Prab.g_00680
OG0000024	Pran	Prbg.g_01116	Pran.g_01503
OG0000024	Prai	Prbg.g_01116	Prai.g_00704
OG0000024	Prac	Prbg.g_01116	Prac.g_00696
OG0000024	Praq	Prbg.g_01116	Praq.g_00804
OG0000024	Prar	Prbg.g_01116	Prar.g_01505
OG0000024	Prav	Prbg.g_01116	Prav.g_01273
OG0000024	Prag	Prbg.g_01116	Prag.g_00653
OG0000024	Praw	Prbg.g_01116	Praw.g_01847
OG0000024	Prad	Prbg.g_01116	Prad.g_01249
OG0000024	Prbd	Prbg.g_01116	Prbd.g_00569
OG0000024	Pray	Prbg.g_01116	Pray.g_01088
OG0000024	Praz	Prbg.g_01116	Praz.g_01655
OG0000024	Prba	Prbg.g_01116	Prba.g_01642
OG0000024	Praa	Prbg.g_01116	Praa.g_00675
OG0000024	Prax	Prbg.g_01116	Prax.g_00967
OG0000024	Prae	Prbg.g_01116	Prae.g_00649
OG0000024	Prbi	Prbg.g_01116	Prbi.g_00678
OG0000024	Pras	Prbg.g_01116	Pras.g_01551
OG0000024	Prau	Prbg.g_01116	Prau.g_00715
OG0000024	Prao	Prbg.g_01116	Prao.g_00114
OG0000024	Prat	Prbg.g_01116	Prat.g_00749
OG0000024	Pram	Prbg.g_01116	Pram.g_00765
OG0000024	Prbh	Prbg.g_01116	Prbh.g_00909
OG0000024	Prak	Prbg.g_01116	Prak.g_00802
OG0000024	Prap	Prbg.g_01116	Prap.g_00826
OG0000024	Prbe	Prbg.g_01116	Prbe.g_00449
OG0000024	Prbf	Prbg.g_01116	Prbf.g_01288
OG0000024	Prbn	Prbg.g_01116	Prbn.g_01589
OG0000025	Prbj	Prbg.g_01195	Prbj.g_02475
OG0000025	Prbk	Prbg.g_01195	Prbk.g_02531
OG0000025	Prbl	Prbg.g_01195	Prbl.g_01539
OG0000025	Praf	Prbg.g_01195	Praf.g_01591
OG0000025	Prah	Prbg.g_01195	Prah.g_00604
OG0000025	Syaa	Prbg.g_01195	Syaa.g_00839
OG0000025	Syac	Prbg.g_01195	Syac.g_00847
OG0000025	Syah	Prbg.g_01195	Syah.g_02082
OG0000025	Syae	Prbg.g_01195	Syae.g_00833
OG0000025	Syad	Prbg.g_01195	Syad.g_01241
OG0000025	Syaj	Prbg.g_01195	Syaj.g_00383
OG0000025	Syaf	Prbg.g_01195	Syaf.g_01385
OG0000025	Syai	Prbg.g_01195	Syai.g_02044
OG0000025	Syam	Prbg.g_01195	Syam.g_00740
OG0000025	Syag	Prbg.g_01195	Syag.g_00718
OG0000025	Syak	Prbg.g_01195	Syak.g_00610
OG0000025	Syab	Prbg.g_01195	Syab.g_01705
OG0000025	Syal	Prbg.g_01195	Syal.g_02459
OG0000025	Syaq	Prbg.g_01195	Syaq.g_02381
OG0000025	Syap	Prbg.g_01195	Syap.g_01846
OG0000025	Syas	Prbg.g_01195	Syas.g_00231
OG0000025	Syar	Prbg.g_01195	Syar.g_01811
OG0000025	Syao	Prbg.g_01195	Syao.g_00436, Syao.g_00437
OG0000025	Syan	Prbg.g_01195	Syan.g_00374
OG0000025	Syat	Prbg.g_01195	Syat.g_00719
OG0000025	Pral	Prbg.g_01195	Pral.g_01523
OG0000025	Prbb	Prbg.g_01195	Prbb.g_00052, Prbb.g_00818
OG0000025	Prbc	Prbg.g_01195	Prbc.g_01115, Prbc.g_00528, Prbc.g_01894
OG0000025	Prbm	Prbg.g_01195	Prbm.g_00849
OG0000025	Praj	Prbg.g_01195	Praj.g_00805
OG0000025	Prab	Prbg.g_01195	Prab.g_00319, Prab.g_00874
OG0000025	Pran	Prbg.g_01195	Pran.g_01863, Pran.g_01309
OG0000025	Prai	Prbg.g_01195	Prai.g_00344, Prai.g_00812
OG0000025	Prao	Prbg.g_01195	Prao.g_00467, Prao.g_00776
OG0000025	Prbi	Prbg.g_01195	Prbi.g_00355, Prbi.g_00882
OG0000025	Prau	Prbg.g_01195	Prau.g_00333, Prau.g_00888
OG0000025	Pray	Prbg.g_01195	Pray.g_00809, Pray.g_00383
OG0000025	Praz	Prbg.g_01195	Praz.g_00688, Praz.g_01477
OG0000025	Prba	Prbg.g_01195	Prba.g_00547, Prba.g_01464
OG0000025	Prbd	Prbg.g_01195	Prbd.g_00908, Prbd.g_00137
OG0000025	Prag	Prbg.g_01195	Prag.g_00322, Prag.g_00839
OG0000025	Praw	Prbg.g_01195	Praw.g_00803, Praw.g_01664
OG0000025	Prae	Prbg.g_01195	Prae.g_00332, Prae.g_00840
OG0000025	Prav	Prbg.g_01195	Prav.g_01977, Prav.g_00431
OG0000025	Pras	Prbg.g_01195	Pras.g_01183, Pras.g_01735
OG0000025	Praa	Prbg.g_01195	Praa.g_00331, Praa.g_00839
OG0000025	Prax	Prbg.g_01195	Prax.g_00842, Prax.g_00338
OG0000025	Prad	Prbg.g_01195	Prad.g_01660, Prad.g_01181
OG0000025	Prac	Prbg.g_01195	Prac.g_01600, Prac.g_01441
OG0000025	Praq	Prbg.g_01195	Praq.g_01671, Praq.g_01432
OG0000025	Prar	Prbg.g_01195	Prar.g_00256, Prar.g_01718
OG0000025	Prat	Prbg.g_01195	Prat.g_01003
OG0000025	Pram	Prbg.g_01195	Pram.g_00844
OG0000025	Prbh	Prbg.g_01195	Prbh.g_00988
OG0000025	Prak	Prbg.g_01195	Prak.g_00881
OG0000025	Prap	Prbg.g_01195	Prap.g_00747
OG0000025	Prbe	Prbg.g_01195	Prbe.g_01258
OG0000025	Prbf	Prbg.g_01195	Prbf.g_01209
OG0000025	Prbn	Prbg.g_01195	Prbn.g_01510
OG0000026	Prbm	Prbg.g_00842	Prbm.g_00031
OG0000026	Prbb	Prbg.g_00842	Prbb.g_00032
OG0000026	Praj	Prbg.g_00842	Praj.g_00031
OG0000026	Prbc	Prbg.g_00842	Prbc.g_01101
OG0000026	Syan	Prbg.g_00842	Syan.g_01743
OG0000026	Syao	Prbg.g_00842	Syao.g_02234
OG0000026	Syas	Prbg.g_00842	Syas.g_02070
OG0000026	Syat	Prbg.g_00842	Syat.g_02306
OG0000026	Syar	Prbg.g_00842	Syar.g_00505
OG0000026	Syag	Prbg.g_00842	Syag.g_02309
OG0000026	Syaa	Prbg.g_00842	Syaa.g_00038
OG0000026	Syae	Prbg.g_00842	Syae.g_01748
OG0000026	Syac	Prbg.g_00842	Syac.g_00034
OG0000026	Syah	Prbg.g_00842	Syah.g_00340
OG0000026	Syai	Prbg.g_00842	Syai.g_00038
OG0000026	Syam	Prbg.g_00842	Syam.g_00035
OG0000026	Syaf	Prbg.g_00842	Syaf.g_00461
OG0000026	Syad	Prbg.g_00842	Syad.g_00198
OG0000026	Syaj	Prbg.g_00842	Syaj.g_02298
OG0000026	Syaq	Prbg.g_00842	Syaq.g_01114
OG0000026	Syak	Prbg.g_00842	Syak.g_01757
OG0000026	Prbj	Prbg.g_00842	Prbj.g_01204
OG0000026	Prbk	Prbg.g_00842	Prbk.g_01617
OG0000026	Prbl	Prbg.g_00842	Prbl.g_01977
OG0000026	Praf	Prbg.g_00842	Praf.g_00037
OG0000026	Prah	Prbg.g_00842	Prah.g_00038
OG0000026	Prat	Prbg.g_00842	Prat.g_00033
OG0000026	Pral	Prbg.g_00842	Pral.g_01012
OG0000026	Pras	Prbg.g_00842	Pras.g_00873, Pras.g_01949
OG0000026	Prau	Prbg.g_00842	Prau.g_00030, Prau.g_01103
OG0000026	Prab	Prbg.g_00842	Prab.g_01629, Prab.g_00031, Prab.g_01111
OG0000026	Pran	Prbg.g_00842	Pran.g_00930, Pran.g_00393, Pran.g_00168
OG0000026	Prav	Prbg.g_00842	Prav.g_01324, Prav.g_00099, Prav.g_00226
OG0000026	Prax	Prbg.g_00842	Prax.g_00458, Prax.g_00282, Prax.g_01220
OG0000026	Prai	Prbg.g_00842	Prai.g_00031, Prai.g_01074
OG0000026	Prad	Prbg.g_00842	Prad.g_01955, Prad.g_01004
OG0000026	Praa	Prbg.g_00842	Praa.g_00031, Praa.g_01054
OG0000026	Prbi	Prbg.g_00842	Prbi.g_00031, Prbi.g_01101
OG0000026	Prae	Prbg.g_00842	Prae.g_00031, Prae.g_01056
OG0000026	Prbd	Prbg.g_00842	Prbd.g_01206, Prbd.g_00355
OG0000026	Prac	Prbg.g_00842	Prac.g_01916, Prac.g_01241
OG0000026	Praq	Prbg.g_00842	Praq.g_01234, Praq.g_01633
OG0000026	Prar	Prbg.g_00842	Prar.g_00007, Prar.g_01919
OG0000026	Prag	Prbg.g_00842	Prag.g_00031, Prag.g_01050
OG0000026	Praw	Prbg.g_00842	Praw.g_01397, Praw.g_01453
OG0000026	Pray	Prbg.g_00842	Pray.g_01493, Pray.g_00599
OG0000026	Praz	Prbg.g_00842	Praz.g_00396, Praz.g_00081
OG0000026	Prba	Prbg.g_00842	Prba.g_01824, Prba.g_01249
OG0000026	Prao	Prbg.g_00842	Prao.g_00177, Prao.g_00992
OG0000026	Syab	Prbg.g_00842	Syab.g_00036
OG0000026	Syal	Prbg.g_00842	Syal.g_00132
OG0000026	Pram	Prbg.g_00842	Pram.g_00018
OG0000026	Prbh	Prbg.g_00842	Prbh.g_00749
OG0000026	Prbe	Prbg.g_00842	Prbe.g_00132
OG0000026	Prak	Prbg.g_00842	Prak.g_00032
OG0000026	Prap	Prbg.g_00842	Prap.g_00923
OG0000026	Prbf	Prbg.g_00842	Prbf.g_01354
OG0000026	Prbn	Prbg.g_00842	Prbn.g_00750
OG0000027	Prai	Prbg.g_00721, Prbg.g_01569	Prai.g_00904
OG0000027	Prab	Prbg.g_00721, Prbg.g_01569	Prab.g_00914, Prab.g_01616
OG0000027	Pran	Prbg.g_00721, Prbg.g_01569	Pran.g_00583
OG0000027	Prag	Prbg.g_00721, Prbg.g_01569	Prag.g_00449, Prag.g_01646, Prag.g_01336
OG0000027	Praw	Prbg.g_00721, Prbg.g_01569	Praw.g_00677, Praw.g_00492, Praw.g_00962
OG0000027	Prav	Prbg.g_00721, Prbg.g_01569	Prav.g_01068, Prav.g_01416
OG0000027	Prac	Prbg.g_00721, Prbg.g_01569	Prac.g_01074
OG0000027	Praq	Prbg.g_00721, Prbg.g_01569	Praq.g_00521
OG0000027	Prar	Prbg.g_00721, Prbg.g_01569	Prar.g_00520
OG0000027	Pras	Prbg.g_00721, Prbg.g_01569	Pras.g_01348, Pras.g_00185
OG0000027	Prao	Prbg.g_00721, Prbg.g_01569	Prao.g_00576, Prao.g_01293
OG0000027	Prbi	Prbg.g_00721, Prbg.g_01569	Prbi.g_00472, Prbi.g_01374
OG0000027	Pray	Prbg.g_00721, Prbg.g_01569	Pray.g_00960, Pray.g_01887
OG0000027	Praz	Prbg.g_00721, Prbg.g_01569	Praz.g_01858, Praz.g_01197
OG0000027	Prba	Prbg.g_00721, Prbg.g_01569	Prba.g_00991, Prba.g_01175
OG0000027	Prae	Prbg.g_00721, Prbg.g_01569	Prae.g_00444, Prae.g_01311
OG0000027	Praa	Prbg.g_00721, Prbg.g_01569	Praa.g_00470, Praa.g_01301
OG0000027	Prbd	Prbg.g_00721, Prbg.g_01569	Prbd.g_00772, Prbd.g_01832
OG0000027	Prad	Prbg.g_00721, Prbg.g_01569	Prad.g_01298, Prad.g_00353
OG0000027	Prax	Prbg.g_00721, Prbg.g_01569	Prax.g_01916
OG0000027	Prau	Prbg.g_00721, Prbg.g_01569	Prau.g_01353
OG0000027	Praj	Prbg.g_00721, Prbg.g_01569	Praj.g_01331
OG0000027	Prbb	Prbg.g_00721, Prbg.g_01569	Prbb.g_01375
OG0000027	Prbc	Prbg.g_00721, Prbg.g_01569	Prbc.g_00072
OG0000027	Syar	Prbg.g_00721, Prbg.g_01569	Syar.g_02055, Syar.g_02835
OG0000027	Syas	Prbg.g_00721, Prbg.g_01569	Syas.g_01480
OG0000027	Syat	Prbg.g_00721, Prbg.g_01569	Syat.g_00850
OG0000027	Syag	Prbg.g_00721, Prbg.g_01569	Syag.g_00950, Syag.g_00165
OG0000027	Syae	Prbg.g_00721, Prbg.g_01569	Syae.g_00103, Syae.g_00814
OG0000027	Syaa	Prbg.g_00721, Prbg.g_01569	Syaa.g_01605, Syaa.g_00854
OG0000027	Syam	Prbg.g_00721, Prbg.g_01569	Syam.g_01442, Syam.g_00989
OG0000027	Syaf	Prbg.g_00721, Prbg.g_01569	Syaf.g_02284, Syaf.g_01688
OG0000027	Syai	Prbg.g_00721, Prbg.g_01569	Syai.g_01128, Syai.g_01654
OG0000027	Syap	Prbg.g_00721, Prbg.g_01569	Syap.g_01440
OG0000027	Syao	Prbg.g_00721, Prbg.g_01569	Syao.g_01286, Syao.g_00202
OG0000027	Syac	Prbg.g_00721, Prbg.g_01569	Syac.g_01095, Syac.g_01009
OG0000027	Syah	Prbg.g_00721, Prbg.g_01569	Syah.g_01541
OG0000027	Syad	Prbg.g_00721, Prbg.g_01569	Syad.g_01257
OG0000027	Syaj	Prbg.g_00721, Prbg.g_01569	Syaj.g_00396
OG0000027	Syab	Prbg.g_00721, Prbg.g_01569	Syab.g_01782
OG0000027	Syal	Prbg.g_00721, Prbg.g_01569	Syal.g_02543
OG0000027	Syak	Prbg.g_00721, Prbg.g_01569	Syak.g_00127
OG0000027	Syan	Prbg.g_00721, Prbg.g_01569	Syan.g_02678
OG0000027	Prak	Prbg.g_00721	Prak.g_01521
OG0000027	Prap	Prbg.g_00721	Prap.g_01912
OG0000027	Prbe	Prbg.g_00721	Prbe.g_00012
OG0000027	Prbf	Prbg.g_00721	Prbf.g_00817
OG0000027	Prbn	Prbg.g_00721	Prbn.g_00139
OG0000027	Pral	Prbg.g_01569	Pral.g_00039
OG0000027	Prat	Prbg.g_01569	Prat.g_01548
OG0000027	Prak	Prbg.g_01569	Prak.g_01564
OG0000027	Prap	Prbg.g_01569	Prap.g_01860
OG0000027	Prbe	Prbg.g_01569	Prbe.g_01121
OG0000027	Prbf	Prbg.g_01569	Prbf.g_00774
OG0000027	Prbn	Prbg.g_01569	Prbn.g_01664
OG0000028	Syao	Prbg.g_00743	Syao.g_02012
OG0000028	Syan	Prbg.g_00743	Syan.g_01971
OG0000028	Syat	Prbg.g_00743	Syat.g_02126
OG0000028	Syar	Prbg.g_00743	Syar.g_00718
OG0000028	Syap	Prbg.g_00743	Syap.g_01658
OG0000028	Syas	Prbg.g_00743	Syas.g_01793
OG0000028	Syad	Prbg.g_00743	Syad.g_00463
OG0000028	Syaj	Prbg.g_00743	Syaj.g_02506
OG0000028	Syai	Prbg.g_00743	Syai.g_00205
OG0000028	Syam	Prbg.g_00743	Syam.g_00176
OG0000028	Syac	Prbg.g_00743	Syac.g_00237
OG0000028	Syah	Prbg.g_00743	Syah.g_00141
OG0000028	Syaa	Prbg.g_00743	Syaa.g_00205
OG0000028	Syaf	Prbg.g_00743	Syaf.g_00297
OG0000028	Syae	Prbg.g_00743	Syae.g_01916
OG0000028	Syab	Prbg.g_00743	Syab.g_00234
OG0000028	Syal	Prbg.g_00743	Syal.g_01319
OG0000028	Syag	Prbg.g_00743	Syag.g_02540
OG0000028	Syak	Prbg.g_00743	Syak.g_01522
OG0000028	Syaq	Prbg.g_00743	Syaq.g_00878
OG0000028	Praj	Prbg.g_00743	Praj.g_01571
OG0000028	Prbb	Prbg.g_00743	Prbb.g_01635
OG0000028	Prbc	Prbg.g_00743	Prbc.g_00653
OG0000028	Prbm	Prbg.g_00743	Prbm.g_01656
OG0000028	Prav	Prbg.g_00743	Prav.g_01885
OG0000028	Prag	Prbg.g_00743	Prag.g_01270
OG0000028	Praw	Prbg.g_00743	Praw.g_00334
OG0000028	Prai	Prbg.g_00743	Prai.g_01297
OG0000028	Praa	Prbg.g_00743	Praa.g_01248
OG0000028	Prad	Prbg.g_00743	Prad.g_01204
OG0000028	Prau	Prbg.g_00743	Prau.g_01338
OG0000028	Pras	Prbg.g_00743	Pras.g_00169
OG0000028	Prbd	Prbg.g_00743	Prbd.g_01864
OG0000028	Pray	Prbg.g_00743	Pray.g_01935
OG0000028	Praz	Prbg.g_00743	Praz.g_01246
OG0000028	Prba	Prbg.g_00743	Prba.g_01126
OG0000028	Prao	Prbg.g_00743	Prao.g_01348
OG0000028	Prbi	Prbg.g_00743	Prbi.g_01319, Prbi.g_01768
OG0000028	Prac	Prbg.g_00743	Prac.g_00145
OG0000028	Praq	Prbg.g_00743	Praq.g_00103
OG0000028	Prar	Prbg.g_00743	Prar.g_00985
OG0000028	Pral	Prbg.g_00743	Pral.g_00053
OG0000028	Prat	Prbg.g_00743	Prat.g_00380
OG0000028	Pram	Prbg.g_00743	Pram.g_00363
OG0000028	Prbh	Prbg.g_00743	Prbh.g_00404
OG0000028	Prak	Prbg.g_00743	Prak.g_01543
OG0000028	Prap	Prbg.g_00743	Prap.g_01889
OG0000028	Prbe	Prbg.g_00743	Prbe.g_00034
OG0000028	Prbf	Prbg.g_00743	Prbf.g_00794
OG0000028	Prbn	Prbg.g_00743	Prbn.g_01644
OG0000029	Syag	Prbg.g_00734, Prbg.g_01581, Prbg.g_01740	Syag.g_00195
OG0000029	Syai	Prbg.g_00734, Prbg.g_01581, Prbg.g_01740	Syai.g_01035, Syai.g_01584
OG0000029	Syah	Prbg.g_00734, Prbg.g_01581, Prbg.g_01740	Syah.g_01292
OG0000029	Syam	Prbg.g_00734, Prbg.g_01581, Prbg.g_01740	Syam.g_01390, Syam.g_01055
OG0000029	Syal	Prbg.g_00734, Prbg.g_01581, Prbg.g_01740	Syal.g_03014
OG0000029	Syac	Prbg.g_00734, Prbg.g_01581, Prbg.g_01740	Syac.g_01942
OG0000029	Syaf	Prbg.g_00734, Prbg.g_01581, Prbg.g_01740	Syaf.g_01761
OG0000029	Syak	Prbg.g_00734, Prbg.g_01581, Prbg.g_01740	Syak.g_00169, Syak.g_00178
OG0000029	Syaa	Prbg.g_00734, Prbg.g_01581, Prbg.g_01740	Syaa.g_01578
OG0000029	Syae	Prbg.g_00734, Prbg.g_01581, Prbg.g_01740	Syae.g_00136
OG0000029	Syad	Prbg.g_00734, Prbg.g_01581, Prbg.g_01740	Syad.g_02099
OG0000029	Syaj	Prbg.g_00734, Prbg.g_01581, Prbg.g_01740	Syaj.g_01229
OG0000029	Praf	Prbg.g_00734, Prbg.g_01581	Praf.g_02091
OG0000029	Prah	Prbg.g_00734, Prbg.g_01581	Prah.g_01972
OG0000029	Prbj	Prbg.g_00734, Prbg.g_01581	Prbj.g_00378
OG0000029	Prbk	Prbg.g_00734, Prbg.g_01581	Prbk.g_00833
OG0000029	Prbl	Prbg.g_00734, Prbg.g_01581	Prbl.g_01163
OG0000029	Prad	Prbg.g_00734, Prbg.g_01581	Prad.g_01096
OG0000029	Prae	Prbg.g_00734, Prbg.g_01581	Prae.g_00755
OG0000029	Pras	Prbg.g_00734, Prbg.g_01581	Pras.g_01653
OG0000029	Prav	Prbg.g_00734, Prbg.g_01581	Prav.g_00350
OG0000029	Prbd	Prbg.g_00734, Prbg.g_01581	Prbd.g_00052
OG0000029	Prab	Prbg.g_00734, Prbg.g_01581	Prab.g_00773
OG0000029	Pran	Prbg.g_00734, Prbg.g_01581	Pran.g_01410
OG0000029	Prai	Prbg.g_00734, Prbg.g_01581	Prai.g_00890
OG0000029	Praa	Prbg.g_00734, Prbg.g_01581	Praa.g_00754
OG0000029	Prao	Prbg.g_00734, Prbg.g_01581	Prao.g_00690
OG0000029	Prau	Prbg.g_00734, Prbg.g_01581	Prau.g_00804
OG0000029	Prax	Prbg.g_00734, Prbg.g_01581	Prax.g_00425
OG0000029	Pray	Prbg.g_00734, Prbg.g_01581	Pray.g_00296
OG0000029	Praz	Prbg.g_00734, Prbg.g_01581	Praz.g_01564
OG0000029	Prba	Prbg.g_00734, Prbg.g_01581	Prba.g_01551
OG0000029	Prbi	Prbg.g_00734, Prbg.g_01581	Prbi.g_00796
OG0000029	Prag	Prbg.g_00734, Prbg.g_01581	Prag.g_00748
OG0000029	Praw	Prbg.g_00734, Prbg.g_01581	Praw.g_01755
OG0000029	Praq	Prbg.g_00734, Prbg.g_01581	Praq.g_00627
OG0000029	Pram	Prbg.g_00734, Prbg.g_01581	Pram.g_01529
OG0000029	Prbh	Prbg.g_00734, Prbg.g_01581	Prbh.g_01885
OG0000029	Praj	Prbg.g_00734, Prbg.g_01581	Praj.g_01745
OG0000029	Prbm	Prbg.g_00734, Prbg.g_01581	Prbm.g_01823
OG0000029	Prbb	Prbg.g_00734, Prbg.g_01581	Prbb.g_01800
OG0000029	Prak	Prbg.g_00734	Prak.g_01534
OG0000029	Prap	Prbg.g_00734	Prap.g_01899
OG0000029	Prbe	Prbg.g_00734	Prbe.g_00025
OG0000029	Prbf	Prbg.g_00734	Prbf.g_00804
OG0000029	Prbn	Prbg.g_00734	Prbn.g_00126
OG0000029	Pral	Prbg.g_01581	Pral.g_01890
OG0000029	Prak	Prbg.g_01581	Prak.g_01576
OG0000029	Prap	Prbg.g_01581	Prap.g_01848
OG0000029	Prbe	Prbg.g_01581	Prbe.g_01054
OG0000029	Prbe	Prbg.g_01581	Prbe.g_01133
OG0000029	Prbf	Prbg.g_01581	Prbf.g_00762
OG0000029	Prbn	Prbg.g_01581	Prbn.g_01676
OG0000029	Praf	Prbg.g_01740	Praf.g_02647
OG0000029	Pray	Prbg.g_01740	Pray.g_00853
OG0000029	Praz	Prbg.g_01740	Praz.g_00799
OG0000029	Prba	Prbg.g_01740	Prba.g_00869
OG0000029	Prae	Prbg.g_01740	Prae.g_00375
OG0000029	Praa	Prbg.g_01740	Praa.g_00374
OG0000029	Prad	Prbg.g_01740	Prad.g_00734
OG0000029	Prbd	Prbg.g_01740	Prbd.g_00863
OG0000029	Prax	Prbg.g_01740	Prax.g_00798
OG0000029	Prbi	Prbg.g_01740	Prbi.g_00399
OG0000029	Prac	Prbg.g_01740	Prac.g_01158
OG0000029	Prar	Prbg.g_01740	Prar.g_00436
OG0000029	Praq	Prbg.g_01740	Praq.g_01168
OG0000029	Prao	Prbg.g_01740	Prao.g_00510
OG0000029	Pras	Prbg.g_01740	Pras.g_01228
OG0000029	Prau	Prbg.g_01740	Prau.g_00378
OG0000029	Pram	Prbg.g_01740	Pram.g_01723
OG0000029	Prbh	Prbg.g_01740	Prbh.g_01691
OG0000029	Prak	Prbg.g_01740	Prak.g_01735
OG0000029	Prap	Prbg.g_01740	Prap.g_01688
OG0000029	Prbe	Prbg.g_01740	Prbe.g_01091
OG0000029	Prbf	Prbg.g_01740	Prbf.g_00603
OG0000029	Prbn	Prbg.g_01740	Prbn.g_01836
OG0000030	Pray	Prbg.g_01858	Pray.g_01374
OG0000030	Praz	Prbg.g_01858	Praz.g_00195
OG0000030	Prba	Prbg.g_01858	Prba.g_00778
OG0000030	Prao	Prbg.g_01858	Prao.g_01753
OG0000030	Prax	Prbg.g_01858	Prax.g_01404
OG0000030	Prae	Prbg.g_01858	Prae.g_01825
OG0000030	Prbi	Prbg.g_01858	Prbi.g_02004
OG0000030	Pras	Prbg.g_01858	Pras.g_00753
OG0000030	Prau	Prbg.g_01858	Prau.g_01935
OG0000030	Praa	Prbg.g_01858	Praa.g_01842
OG0000030	Prbd	Prbg.g_01858	Prbd.g_01325
OG0000030	Prag	Prbg.g_01858	Prag.g_01871
OG0000030	Praw	Prbg.g_01858	Praw.g_00029
OG0000030	Prav	Prbg.g_01858	Prav.g_00699
OG0000030	Prac	Prbg.g_01858	Prac.g_00050
OG0000030	Praq	Prbg.g_01858	Praq.g_00772
OG0000030	Prar	Prbg.g_01858	Prar.g_00662
OG0000030	Prab	Prbg.g_01858	Prab.g_01867
OG0000030	Pran	Prbg.g_01858	Pran.g_01170
OG0000030	Prai	Prbg.g_01858	Prai.g_01848
OG0000030	Prbm	Prbg.g_01858	Prbm.g_02105
OG0000030	Prbc	Prbg.g_01858	Prbc.g_00199
OG0000030	Praj	Prbg.g_01858	Praj.g_02024
OG0000030	Prbb	Prbg.g_01858	Prbb.g_02073
OG0000030	Pral	Prbg.g_01858	Pral.g_00316
OG0000030	Prat	Prbg.g_01858	Prat.g_01799
OG0000030	Syat	Prbg.g_01858	Syat.g_00307, Syat.g_00308
OG0000030	Syap	Prbg.g_01858	Syap.g_00787, Syap.g_00788
OG0000030	Syas	Prbg.g_01858	Syas.g_01644, Syas.g_01645
OG0000030	Syan	Prbg.g_01858	Syan.g_01884, Syan.g_01883
OG0000030	Syao	Prbg.g_01858	Syao.g_02189, Syao.g_02188
OG0000030	Praf	Prbg.g_01858	Praf.g_00160, Praf.g_00159
OG0000030	Prah	Prbg.g_01858	Prah.g_00132, Prah.g_00131
OG0000030	Prbj	Prbg.g_01858	Prbj.g_01288, Prbj.g_01287
OG0000030	Prbk	Prbg.g_01858	Prbk.g_01532, Prbk.g_01533
OG0000030	Prbl	Prbg.g_01858	Prbl.g_02061, Prbl.g_02060
OG0000030	Syaq	Prbg.g_01858	Syaq.g_01047, Syaq.g_01048
OG0000030	Syab	Prbg.g_01858	Syab.g_00096, Syab.g_00095
OG0000030	Syal	Prbg.g_01858	Syal.g_01511, Syal.g_01512
OG0000030	Syak	Prbg.g_01858	Syak.g_01684, Syak.g_01685
OG0000030	Syag	Prbg.g_01858	Syag.g_02375, Syag.g_02374
OG0000030	Syaa	Prbg.g_01858	Syaa.g_00099, Syaa.g_00098
OG0000030	Syaj	Prbg.g_01858	Syaj.g_02396, Syaj.g_02395
OG0000030	Syae	Prbg.g_01858	Syae.g_01817, Syae.g_01816
OG0000030	Syad	Prbg.g_01858	Syad.g_00328, Syad.g_00327
OG0000030	Syai	Prbg.g_01858	Syai.g_00096, Syai.g_00095
OG0000030	Syaf	Prbg.g_01858	Syaf.g_00406, Syaf.g_00407
OG0000030	Syam	Prbg.g_01858	Syam.g_00104, Syam.g_00103
OG0000030	Syac	Prbg.g_01858	Syac.g_00143, Syac.g_00142
OG0000030	Syah	Prbg.g_01858	Syah.g_00264, Syah.g_00265
OG0000030	Pram	Prbg.g_01858	Pram.g_01844
OG0000030	Prbh	Prbg.g_01858	Prbh.g_01570
OG0000030	Prak	Prbg.g_01858	Prak.g_01853
OG0000030	Prap	Prbg.g_01858	Prap.g_01569
OG0000030	Prbe	Prbg.g_01858	Prbe.g_00763
OG0000030	Prbf	Prbg.g_01858	Prbf.g_00484
OG0000030	Prbn	Prbg.g_01858	Prbn.g_00985
OG0000031	Prac	Prbg.g_00550	Prac.g_00249
OG0000031	Praq	Prbg.g_00550	Praq.g_00209
OG0000031	Prar	Prbg.g_00550	Prar.g_00879
OG0000031	Prax	Prbg.g_00550	Prax.g_01831
OG0000031	Pram	Prbg.g_00550	Pram.g_01413
OG0000031	Prbh	Prbg.g_00550	Prbh.g_00064
OG0000031	Syak	Prbg.g_00550	Syak.g_01630
OG0000031	Syaq	Prbg.g_00550	Syaq.g_01009
OG0000031	Syat	Prbg.g_00550	Syat.g_02131, Syat.g_03199, Syat.g_02243
OG0000031	Syab	Prbg.g_00550	Syab.g_00160
OG0000031	Syal	Prbg.g_00550	Syal.g_01404, Syal.g_01432
OG0000031	Syac	Prbg.g_00550	Syac.g_00232
OG0000031	Syad	Prbg.g_00550	Syad.g_00458, Syad.g_00294
OG0000031	Syag	Prbg.g_00550	Syag.g_02510, Syag.g_02486
OG0000031	Syap	Prbg.g_00550	Syap.g_02479, Syap.g_01083, Syap.g_02076, Syap.g_00722
OG0000031	Syar	Prbg.g_00550	Syar.g_00714
OG0000031	Syam	Prbg.g_00550	Syam.g_00171, Syam.g_00086
OG0000031	Syaf	Prbg.g_00550	Syaf.g_00314, Syaf.g_01143
OG0000031	Syai	Prbg.g_00550	Syai.g_00197
OG0000031	Syah	Prbg.g_00550	Syah.g_00146, Syah.g_00226, Syah.g_00322
OG0000031	Syaa	Prbg.g_00550	Syaa.g_00200, Syaa.g_00480
OG0000031	Syae	Prbg.g_00550	Syae.g_01911
OG0000031	Syaj	Prbg.g_00550	Syaj.g_02501
OG0000031	Syao	Prbg.g_00550	Syao.g_02008, Syao.g_01083
OG0000031	Syan	Prbg.g_00550	Syan.g_01967
OG0000031	Syas	Prbg.g_00550	Syas.g_01827
OG0000031	Prah	Prbg.g_00550	Prah.g_02248, Prah.g_00091
OG0000031	Praf	Prbg.g_00550	Praf.g_02400, Praf.g_00101, Praf.g_00113
OG0000031	Prbj	Prbg.g_00550	Prbj.g_01522, Prbj.g_01527
OG0000031	Prbk	Prbg.g_00550	Prbk.g_00534, Prbk.g_00539
OG0000031	Prbl	Prbg.g_00550	Prbl.g_00835, Prbl.g_00830
OG0000031	Prag	Prbg.g_00550	Prag.g_01446
OG0000031	Praw	Prbg.g_00550	Praw.g_01073
OG0000031	Prbi	Prbg.g_00550	Prbi.g_01467
OG0000031	Prao	Prbg.g_00550	Prao.g_01355, Prao.g_01364
OG0000031	Prau	Prbg.g_00550	Prau.g_01431, Prau.g_01469
OG0000031	Pral	Prbg.g_00550	Pral.g_01193
OG0000031	Prae	Prbg.g_00550	Prae.g_01402, Prae.g_01391
OG0000031	Prat	Prbg.g_00550	Prat.g_01266
OG0000031	Prai	Prbg.g_00550	Prai.g_01444
OG0000031	Pras	Prbg.g_00550	Pras.g_00331
OG0000031	Prbc	Prbg.g_00550	Prbc.g_01228
OG0000031	Praj	Prbg.g_00550	Praj.g_00371
OG0000031	Prbb	Prbg.g_00550	Prbb.g_00387
OG0000031	Prbm	Prbg.g_00550	Prbm.g_01627, Prbm.g_00392, Prbm.g_00391, Prbm.g_00393
OG0000031	Pray	Prbg.g_00550	Pray.g_01806
OG0000031	Praz	Prbg.g_00550	Praz.g_01116
OG0000031	Prba	Prbg.g_00550	Prba.g_00173
OG0000031	Prab	Prbg.g_00550	Prab.g_01446
OG0000031	Pran	Prbg.g_00550	Pran.g_00753
OG0000031	Prak	Prbg.g_00550	Prak.g_01350
OG0000031	Prap	Prbg.g_00550	Prap.g_00080
OG0000031	Prbe	Prbg.g_00550	Prbe.g_00352
OG0000031	Prbf	Prbg.g_00550	Prbf.g_00116
OG0000031	Prbn	Prbg.g_00550	Prbn.g_00171
OG0000032	Prad	Prbg.g_00630	Prad.g_00572
OG0000032	Pral	Prbg.g_00630	Pral.g_01121
OG0000032	Prat	Prbg.g_00630	Prat.g_01394
OG0000032	Prbm	Prbg.g_00630	Prbm.g_01747
OG0000032	Prbc	Prbg.g_00630	Prbc.g_00746
OG0000032	Prbb	Prbg.g_00630	Prbb.g_01723
OG0000032	Praj	Prbg.g_00630	Praj.g_01669
OG0000032	Syat	Prbg.g_00630	Syat.g_01354
OG0000032	Syar	Prbg.g_00630	Syar.g_01390
OG0000032	Syan	Prbg.g_00630	Syan.g_02835
OG0000032	Syao	Prbg.g_00630	Syao.g_00090
OG0000032	Prah	Prbg.g_00630	Prah.g_00358
OG0000032	Praf	Prbg.g_00630	Praf.g_01851
OG0000032	Prbj	Prbg.g_00630	Prbj.g_00659
OG0000032	Prbk	Prbg.g_00630	Prbk.g_01209
OG0000032	Prbl	Prbg.g_00630	Prbl.g_00712
OG0000032	Syai	Prbg.g_00630	Syai.g_00895
OG0000032	Syaf	Prbg.g_00630	Syaf.g_02471
OG0000032	Syam	Prbg.g_00630	Syam.g_01660
OG0000032	Syaa	Prbg.g_00630	Syaa.g_01818
OG0000032	Syac	Prbg.g_00630	Syac.g_01677
OG0000032	Syah	Prbg.g_00630	Syah.g_01246
OG0000032	Syae	Prbg.g_00630	Syae.g_02607
OG0000032	Syad	Prbg.g_00630	Syad.g_02326
OG0000032	Syaj	Prbg.g_00630	Syaj.g_01432
OG0000032	Syab	Prbg.g_00630	Syab.g_00724
OG0000032	Syal	Prbg.g_00630	Syal.g_00428
OG0000032	Syak	Prbg.g_00630	Syak.g_01092
OG0000032	Syag	Prbg.g_00630	Syag.g_01366
OG0000032	Syaq	Prbg.g_00630	Syaq.g_00421
OG0000032	Pram	Prbg.g_00630	Pram.g_01339
OG0000032	Prbh	Prbg.g_00630	Prbh.g_00138
OG0000032	Prak	Prbg.g_00630	Prak.g_01430
OG0000032	Prap	Prbg.g_00630	Prap.g_00160
OG0000032	Prbe	Prbg.g_00630	Prbe.g_00272
OG0000032	Prbf	Prbg.g_00630	Prbf.g_00196
OG0000032	Prbn	Prbg.g_00630	Prbn.g_00251
OG0000033	Syak	Prbg.g_00947, Prbg.g_00557	Syak.g_02101
OG0000033	Prbm	Prbg.g_00947, Prbg.g_00557	Prbm.g_00228
OG0000033	Praj	Prbg.g_00947, Prbg.g_00557	Praj.g_00209
OG0000033	Prbb	Prbg.g_00947, Prbg.g_00557	Prbb.g_00226
OG0000033	Prbc	Prbg.g_00947, Prbg.g_00557	Prbc.g_00402
OG0000033	Prbj	Prbg.g_00947, Prbg.g_00557	Prbj.g_00518
OG0000033	Prbl	Prbg.g_00947, Prbg.g_00557	Prbl.g_00278
OG0000033	Prbk	Prbg.g_00947, Prbg.g_00557	Prbk.g_00776
OG0000033	Pral	Prbg.g_00947	Pral.g_00874
OG0000033	Prat	Prbg.g_00947	Prat.g_00170
OG0000033	Pram	Prbg.g_00947	Pram.g_00154
OG0000033	Prbh	Prbg.g_00947	Prbh.g_00613
OG0000033	Prak	Prbg.g_00947	Prak.g_00181
OG0000033	Prap	Prbg.g_00947	Prap.g_01001
OG0000033	Prbe	Prbg.g_00947	Prbe.g_01717
OG0000033	Prbf	Prbg.g_00947	Prbf.g_01503
OG0000033	Prbn	Prbg.g_00947	Prbn.g_01244
OG0000033	Praf	Prbg.g_00557	Praf.g_02457
OG0000033	Prah	Prbg.g_00557	Prah.g_02307
OG0000033	Syat	Prbg.g_00557	Syat.g_02858
OG0000033	Syar	Prbg.g_00557	Syar.g_00105
OG0000033	Syas	Prbg.g_00557	Syas.g_02328
OG0000033	Syap	Prbg.g_00557	Syap.g_01198
OG0000033	Syan	Prbg.g_00557	Syan.g_03036
OG0000033	Syao	Prbg.g_00557	Syao.g_02507
OG0000033	Syag	Prbg.g_00557	Syag.g_01978
OG0000033	Syaq	Prbg.g_00557	Syaq.g_01399
OG0000033	Syab	Prbg.g_00557	Syab.g_02590
OG0000033	Syal	Prbg.g_00557	Syal.g_00912
OG0000033	Syaf	Prbg.g_00557	Syaf.g_00807
OG0000033	Syai	Prbg.g_00557	Syai.g_02634
OG0000033	Syam	Prbg.g_00557	Syam.g_02217
OG0000033	Syaa	Prbg.g_00557	Syaa.g_02478
OG0000033	Syae	Prbg.g_00557	Syae.g_01453
OG0000033	Syad	Prbg.g_00557	Syad.g_02903
OG0000033	Syaj	Prbg.g_00557	Syaj.g_01990
OG0000033	Syac	Prbg.g_00557	Syac.g_00304
OG0000033	Syah	Prbg.g_00557	Syah.g_00078
OG0000033	Prae	Prbg.g_00557	Prae.g_01396
OG0000033	Prat	Prbg.g_00557	Prat.g_01265
OG0000033	Prau	Prbg.g_00557	Prau.g_01465
OG0000033	Praa	Prbg.g_00557	Praa.g_01437
OG0000033	Prab	Prbg.g_00557	Prab.g_01400
OG0000033	Pran	Prbg.g_00557	Pran.g_00800
OG0000033	Prak	Prbg.g_00557	Prak.g_01357
OG0000033	Prap	Prbg.g_00557	Prap.g_00087
OG0000033	Prbe	Prbg.g_00557	Prbe.g_00345
OG0000033	Prbf	Prbg.g_00557	Prbf.g_00123
OG0000033	Prbn	Prbg.g_00557	Prbn.g_00178
OG0000034	Prac	Prbg.g_00488	Prac.g_00185
OG0000034	Praq	Prbg.g_00488	Praq.g_00143
OG0000034	Prar	Prbg.g_00488	Prar.g_00945
OG0000034	Prau	Prbg.g_00488	Prau.g_01381
OG0000034	Prax	Prbg.g_00488	Prax.g_01889
OG0000034	Prad	Prbg.g_00488	Prad.g_00618
OG0000034	Praa	Prbg.g_00488	Praa.g_01328
OG0000034	Prae	Prbg.g_00488	Prae.g_01339
OG0000034	Prag	Prbg.g_00488	Prag.g_01365
OG0000034	Prai	Prbg.g_00488	Prai.g_01345
OG0000034	Prao	Prbg.g_00488	Prao.g_01266
OG0000034	Pras	Prbg.g_00488	Pras.g_00219
OG0000034	Praw	Prbg.g_00488	Praw.g_00991
OG0000034	Praz	Prbg.g_00488	Praz.g_01170
OG0000034	Prba	Prbg.g_00488	Prba.g_01202
OG0000034	Prbi	Prbg.g_00488	Prbi.g_01401
OG0000034	Prav	Prbg.g_00488	Prav.g_01448
OG0000034	Prab	Prbg.g_00488	Prab.g_01336
OG0000034	Pran	Prbg.g_00488	Pran.g_00866
OG0000034	Prbd	Prbg.g_00488	Prbd.g_01791
OG0000034	Pray	Prbg.g_00488	Pray.g_01860
OG0000034	Prah	Prbg.g_00488	Prah.g_01376
OG0000034	Praf	Prbg.g_00488	Praf.g_00783
OG0000034	Prbj	Prbg.g_00488	Prbj.g_01740
OG0000034	Prbk	Prbg.g_00488	Prbk.g_01171
OG0000034	Prbl	Prbg.g_00488	Prbl.g_01734
OG0000034	Syan	Prbg.g_00488	Syan.g_01227, Syan.g_03003
OG0000034	Syas	Prbg.g_00488	Syas.g_02371, Syas.g_02838
OG0000034	Syar	Prbg.g_00488	Syar.g_00074, Syar.g_02790
OG0000034	Syat	Prbg.g_00488	Syat.g_01165, Syat.g_02902
OG0000034	Syap	Prbg.g_00488	Syap.g_02193, Syap.g_02614, Syap.g_02280
OG0000034	Syac	Prbg.g_00488	Syac.g_00334, Syac.g_00715
OG0000034	Syah	Prbg.g_00488	Syah.g_00048, Syah.g_02213
OG0000034	Syaj	Prbg.g_00488	Syaj.g_01959
OG0000034	Syag	Prbg.g_00488	Syag.g_01225, Syag.g_01947
OG0000034	Syaq	Prbg.g_00488	Syaq.g_00312, Syaq.g_01431
OG0000034	Syad	Prbg.g_00488	Syad.g_02420, Syad.g_02872
OG0000034	Syak	Prbg.g_00488	Syak.g_00950, Syak.g_02133
OG0000034	Syaf	Prbg.g_00488	Syaf.g_01241, Syaf.g_00837
OG0000034	Syaa	Prbg.g_00488	Syaa.g_00722, Syaa.g_02444
OG0000034	Syae	Prbg.g_00488	Syae.g_00975, Syae.g_01424
OG0000034	Syam	Prbg.g_00488	Syam.g_02185, Syam.g_01843, Syam.g_02187
OG0000034	Syai	Prbg.g_00488	Syai.g_02192, Syai.g_02604
OG0000034	Syab	Prbg.g_00488	Syab.g_00900, Syab.g_02560
OG0000034	Syal	Prbg.g_00488	Syal.g_00881, Syal.g_01586
OG0000034	Prbb	Prbg.g_00488	Prbb.g_01596
OG0000034	Praj	Prbg.g_00488	Praj.g_01538
OG0000034	Prbm	Prbg.g_00488	Prbm.g_01620
OG0000034	Prbc	Prbg.g_00488	Prbc.g_00575
OG0000034	Prat	Prbg.g_00488	Prat.g_01259
OG0000034	Pral	Prbg.g_00488	Pral.g_01271
OG0000034	Pram	Prbg.g_00488	Pram.g_01240
OG0000034	Prbh	Prbg.g_00488	Prbh.g_01383
OG0000034	Prak	Prbg.g_00488	Prak.g_01288
OG0000034	Prap	Prbg.g_00488	Prap.g_00572
OG0000034	Prbe	Prbg.g_00488	Prbe.g_00882
OG0000034	Prbf	Prbg.g_00488	Prbf.g_00015
OG0000034	Prbn	Prbg.g_00488	Prbn.g_01073
OG0000035	Prab	Prbg.g_00591	Prab.g_01466
OG0000035	Pran	Prbg.g_00591	Pran.g_00733
OG0000035	Prai	Prbg.g_00591	Prai.g_01463
OG0000035	Praa	Prbg.g_00591	Praa.g_01476
OG0000035	Prac	Prbg.g_00591	Prac.g_00411
OG0000035	Praq	Prbg.g_00591	Praq.g_00294
OG0000035	Prar	Prbg.g_00591	Prar.g_00339
OG0000035	Prav	Prbg.g_00591	Prav.g_01578
OG0000035	Prad	Prbg.g_00591	Prad.g_00515
OG0000035	Pray	Prbg.g_00591	Pray.g_01722
OG0000035	Praz	Prbg.g_00591	Praz.g_01041
OG0000035	Prba	Prbg.g_00591	Prba.g_00713
OG0000035	Prae	Prbg.g_00591	Prae.g_01459
OG0000035	Prao	Prbg.g_00591	Prao.g_01397
OG0000035	Pras	Prbg.g_00591	Pras.g_00350
OG0000035	Prbd	Prbg.g_00591	Prbd.g_01689
OG0000035	Prbi	Prbg.g_00591	Prbi.g_01589, Prbi.g_01591
OG0000035	Prag	Prbg.g_00591	Prag.g_01490, Prag.g_01488
OG0000035	Praw	Prbg.g_00591	Praw.g_01081, Praw.g_01083
OG0000035	Prau	Prbg.g_00591	Prau.g_01531, Prau.g_01528
OG0000035	Prax	Prbg.g_00591	Prax.g_01728, Prax.g_01733
OG0000035	Prbm	Prbg.g_00591	Prbm.g_01710
OG0000035	Prbc	Prbg.g_00591	Prbc.g_00709
OG0000035	Prbb	Prbg.g_00591	Prbb.g_01686
OG0000035	Praj	Prbg.g_00591	Praj.g_01632
OG0000035	Syam	Prbg.g_00591	Syam.g_01612
OG0000035	Syai	Prbg.g_00591	Syai.g_00955
OG0000035	Syaf	Prbg.g_00591	Syaf.g_02412
OG0000035	Syac	Prbg.g_00591	Syac.g_01630
OG0000035	Syah	Prbg.g_00591	Syah.g_01293
OG0000035	Syad	Prbg.g_00591	Syad.g_02275
OG0000035	Syaj	Prbg.g_00591	Syaj.g_01378
OG0000035	Syaa	Prbg.g_00591	Syaa.g_01773
OG0000035	Syae	Prbg.g_00591	Syae.g_02653
OG0000035	Syag	Prbg.g_00591	Syag.g_01420, Syag.g_01421
OG0000035	Syak	Prbg.g_00591	Syak.g_01041, Syak.g_01040
OG0000035	Syaq	Prbg.g_00591	Syaq.g_00372, Syaq.g_00371
OG0000035	Syab	Prbg.g_00591	Syab.g_00776, Syab.g_00778
OG0000035	Syal	Prbg.g_00591	Syal.g_00370, Syal.g_00020
OG0000035	Praf	Prbg.g_00591	Praf.g_01794
OG0000035	Prah	Prbg.g_00591	Prah.g_00408
OG0000035	Prbj	Prbg.g_00591	Prbj.g_01056
OG0000035	Prbk	Prbg.g_00591	Prbk.g_00259
OG0000035	Prbl	Prbg.g_00591	Prbl.g_00242
OG0000035	Syao	Prbg.g_00591	Syao.g_01483, Syao.g_01486
OG0000035	Syap	Prbg.g_00591	Syap.g_02125, Syap.g_02465
OG0000035	Syan	Prbg.g_00591	Syan.g_01279, Syan.g_01276
OG0000035	Syar	Prbg.g_00591	Syar.g_02809
OG0000035	Syat	Prbg.g_00591	Syat.g_01227, Syat.g_01226
OG0000035	Syas	Prbg.g_00591	Syas.g_02814, Syas.g_02818
OG0000035	Pral	Prbg.g_00591	Pral.g_01161, Pral.g_01165
OG0000035	Prat	Prbg.g_00591	Prat.g_01353, Prat.g_01352
OG0000035	Pram	Prbg.g_00591	Pram.g_01378
OG0000035	Prbh	Prbg.g_00591	Prbh.g_00099
OG0000035	Prak	Prbg.g_00591	Prak.g_01391
OG0000035	Prap	Prbg.g_00591	Prap.g_00121
OG0000035	Prbe	Prbg.g_00591	Prbe.g_00311
OG0000035	Prbf	Prbg.g_00591	Prbf.g_00157
OG0000035	Prbn	Prbg.g_00591	Prbn.g_00212
OG0000037	Prav	Prbg.g_00881	Prav.g_00174
OG0000037	Praa	Prbg.g_00881	Praa.g_00109
OG0000037	Prac	Prbg.g_00881	Prac.g_01822
OG0000037	Prag	Prbg.g_00881	Prag.g_00102
OG0000037	Praq	Prbg.g_00881	Praq.g_01894
OG0000037	Prar	Prbg.g_00881	Prar.g_00219
OG0000037	Praw	Prbg.g_00881	Praw.g_01326
OG0000037	Prao	Prbg.g_00881	Prao.g_00247
OG0000037	Prab	Prbg.g_00881	Prab.g_00100
OG0000037	Prai	Prbg.g_00881	Prai.g_00109
OG0000037	Pran	Prbg.g_00881	Pran.g_00324
OG0000037	Prae	Prbg.g_00881	Prae.g_00108
OG0000037	Prax	Prbg.g_00881	Prax.g_01110
OG0000037	Prad	Prbg.g_00881	Prad.g_01884
OG0000037	Pras	Prbg.g_00881	Pras.g_00960
OG0000037	Prau	Prbg.g_00881	Prau.g_00110
OG0000037	Pray	Prbg.g_00881	Pray.g_00180
OG0000037	Praz	Prbg.g_00881	Praz.g_00469
OG0000037	Prba	Prbg.g_00881	Prba.g_01897
OG0000037	Prbi	Prbg.g_00881	Prbi.g_00116
OG0000037	Prbd	Prbg.g_00881	Prbd.g_01135
OG0000037	Prah	Prbg.g_00881	Prah.g_01901
OG0000037	Praf	Prbg.g_00881	Praf.g_00240
OG0000037	Prbj	Prbg.g_00881	Prbj.g_00624
OG0000037	Prbk	Prbg.g_00881	Prbk.g_00007
OG0000037	Prbl	Prbg.g_00881	Prbl.g_00548
OG0000037	Syaq	Prbg.g_00881	Syaq.g_01483
OG0000037	Syat	Prbg.g_00881	Syat.g_01575, Syat.g_00849, Syat.g_00187
OG0000037	Syae	Prbg.g_00881	Syae.g_01367
OG0000037	Syan	Prbg.g_00881	Syan.g_00136, Syan.g_02978, Syan.g_00917
OG0000037	Syaf	Prbg.g_00881	Syaf.g_00899
OG0000037	Syai	Prbg.g_00881	Syai.g_02544, Syai.g_02815
OG0000037	Syad	Prbg.g_00881	Syad.g_02805
OG0000037	Syaj	Prbg.g_00881	Syaj.g_01891, Syaj.g_02902
OG0000037	Syah	Prbg.g_00881	Syah.g_02541, Syah.g_00956, Syah.g_01365
OG0000037	Syag	Prbg.g_00881	Syag.g_00173
OG0000037	Syao	Prbg.g_00881	Syao.g_00374
OG0000037	Syam	Prbg.g_00881	Syam.g_02125
OG0000037	Syar	Prbg.g_00881	Syar.g_02154, Syar.g_02562, Syar.g_01310, Syar.g_02856
OG0000037	Syas	Prbg.g_00881	Syas.g_01479, Syas.g_00147, Syas.g_01928
OG0000037	Syap	Prbg.g_00881	Syap.g_02492
OG0000037	Syab	Prbg.g_00881	Syab.g_02060, Syab.g_01241, Syab.g_02280, Syab.g_02205, Syab.g_02504
OG0000037	Syal	Prbg.g_00881	Syal.g_00601, Syal.g_00824
OG0000037	Syac	Prbg.g_00881	Syac.g_01077
OG0000037	Syaa	Prbg.g_00881	Syaa.g_02384
OG0000037	Syak	Prbg.g_00881	Syak.g_02188
OG0000037	Praj	Prbg.g_00881	Praj.g_00147
OG0000037	Prbb	Prbg.g_00881	Prbb.g_00164
OG0000037	Prbc	Prbg.g_00881	Prbc.g_00464
OG0000037	Prbm	Prbg.g_00881	Prbm.g_00166
OG0000037	Pral	Prbg.g_00881	Pral.g_00938
OG0000037	Prat	Prbg.g_00881	Prat.g_00106
OG0000037	Pram	Prbg.g_00881	Pram.g_00093
OG0000037	Prbh	Prbg.g_00881	Prbh.g_00674
OG0000037	Prak	Prbg.g_00881	Prak.g_00115
OG0000037	Prap	Prbg.g_00881	Prap.g_01067
OG0000037	Prbe	Prbg.g_00881	Prbe.g_01651
OG0000037	Prbf	Prbg.g_00881	Prbf.g_01437
OG0000037	Prbn	Prbg.g_00881	Prbn.g_01310
OG0000038	Prab	Prbg.g_01898	Prab.g_01908
OG0000038	Pran	Prbg.g_01898	Pran.g_01210
OG0000038	Prac	Prbg.g_01898	Prac.g_00090
OG0000038	Praq	Prbg.g_01898	Praq.g_00716
OG0000038	Prar	Prbg.g_01898	Prar.g_00702
OG0000038	Pras	Prbg.g_01898	Pras.g_00795
OG0000038	Prau	Prbg.g_01898	Prau.g_01976
OG0000038	Prai	Prbg.g_01898	Prai.g_01890
OG0000038	Prax	Prbg.g_01898	Prax.g_01445
OG0000038	Praa	Prbg.g_01898	Praa.g_01883
OG0000038	Prbd	Prbg.g_01898	Prbd.g_01283
OG0000038	Prao	Prbg.g_01898	Prao.g_01794
OG0000038	Pray	Prbg.g_01898	Pray.g_01415
OG0000038	Praz	Prbg.g_01898	Praz.g_00154
OG0000038	Prba	Prbg.g_01898	Prba.g_00819
OG0000038	Prae	Prbg.g_01898	Prae.g_01865
OG0000038	Prad	Prbg.g_01898	Prad.g_01582
OG0000038	Prag	Prbg.g_01898	Prag.g_01911
OG0000038	Praw	Prbg.g_01898	Praw.g_01182
OG0000038	Prav	Prbg.g_01898	Prav.g_00739
OG0000038	Prbi	Prbg.g_01898	Prbi.g_02057
OG0000038	Prbm	Prbg.g_01898	Prbm.g_02174
OG0000038	Prbb	Prbg.g_01898	Prbb.g_02129
OG0000038	Praj	Prbg.g_01898	Praj.g_02089
OG0000038	Prbc	Prbg.g_01898	Prbc.g_00995
OG0000038	Syan	Prbg.g_01898	Syan.g_00064, Syan.g_01569, Syan.g_01571
OG0000038	Syar	Prbg.g_01898	Syar.g_00334, Syar.g_00336
OG0000038	Syao	Prbg.g_01898	Syao.g_02440, Syao.g_02442
OG0000038	Syak	Prbg.g_01898	Syak.g_01938, Syak.g_01936
OG0000038	Syag	Prbg.g_01898	Syag.g_02130, Syag.g_02132
OG0000038	Syab	Prbg.g_01898	Syab.g_02759, Syab.g_02761
OG0000038	Syal	Prbg.g_01898	Syal.g_01071, Syal.g_01073
OG0000038	Syaq	Prbg.g_01898	Syaq.g_01260, Syaq.g_01258
OG0000038	Syac	Prbg.g_01898	Syac.g_02357, Syac.g_02358
OG0000038	Syah	Prbg.g_01898	Syah.g_00508, Syah.g_00506
OG0000038	Syaf	Prbg.g_01898	Syaf.g_00642
OG0000038	Syai	Prbg.g_01898	Syai.g_02780
OG0000038	Syam	Prbg.g_01898	Syam.g_02317
OG0000038	Syaa	Prbg.g_01898	Syaa.g_02596
OG0000038	Syaj	Prbg.g_01898	Syaj.g_02115
OG0000038	Syad	Prbg.g_01898	Syad.g_03038
OG0000038	Syae	Prbg.g_01898	Syae.g_01571
OG0000038	Praf	Prbg.g_01898	Praf.g_02660, Praf.g_02662
OG0000038	Prah	Prbg.g_01898	Prah.g_02494, Prah.g_02496
OG0000038	Prbj	Prbg.g_01898	Prbj.g_01959, Prbj.g_01961
OG0000038	Prbk	Prbg.g_01898	Prbk.g_02164, Prbk.g_02166
OG0000038	Prbl	Prbg.g_01898	Prbl.g_02235, Prbl.g_02233
OG0000038	Syat	Prbg.g_01898	Syat.g_02688, Syat.g_02686
OG0000038	Syas	Prbg.g_01898	Syas.g_01885, Syas.g_01887
OG0000038	Syap	Prbg.g_01898	Syap.g_00139
OG0000038	Pral	Prbg.g_01898	Pral.g_00356
OG0000038	Prat	Prbg.g_01898	Prat.g_01839
OG0000038	Pram	Prbg.g_01898	Pram.g_01884
OG0000038	Prbh	Prbg.g_01898	Prbh.g_01530
OG0000038	Prak	Prbg.g_01898	Prak.g_01893
OG0000038	Prap	Prbg.g_01898	Prap.g_01530
OG0000038	Prbe	Prbg.g_01898	Prbe.g_01156
OG0000038	Prbf	Prbg.g_01898	Prbf.g_00445
OG0000038	Prbn	Prbg.g_01898	Prbn.g_00946
OG0000039	Prab	Prbg.g_01128	Prab.g_00691
OG0000039	Pran	Prbg.g_01128	Pran.g_01492
OG0000039	Prai	Prbg.g_01128	Prai.g_00715
OG0000039	Prav	Prbg.g_01128	Prav.g_01284
OG0000039	Prac	Prbg.g_01128	Prac.g_00685
OG0000039	Praq	Prbg.g_01128	Praq.g_00815
OG0000039	Prar	Prbg.g_01128	Prar.g_01516
OG0000039	Prag	Prbg.g_01128	Prag.g_00664
OG0000039	Praw	Prbg.g_01128	Praw.g_01836
OG0000039	Pras	Prbg.g_01128	Pras.g_01562
OG0000039	Prau	Prbg.g_01128	Prau.g_00726
OG0000039	Prad	Prbg.g_01128	Prad.g_01260
OG0000039	Prbi	Prbg.g_01128	Prbi.g_00689
OG0000039	Prbd	Prbg.g_01128	Prbd.g_00558
OG0000039	Praa	Prbg.g_01128	Praa.g_00686
OG0000039	Prao	Prbg.g_01128	Prao.g_00124
OG0000039	Pray	Prbg.g_01128	Pray.g_01077
OG0000039	Praz	Prbg.g_01128	Praz.g_01644
OG0000039	Prba	Prbg.g_01128	Prba.g_01631
OG0000039	Prae	Prbg.g_01128	Prae.g_00660
OG0000039	Prax	Prbg.g_01128	Prax.g_00956
OG0000039	Syao	Prbg.g_01128	Syao.g_00704
OG0000039	Syai	Prbg.g_01128	Syai.g_02034
OG0000039	Syad	Prbg.g_01128	Syad.g_01249, Syad.g_01111
OG0000039	Syaj	Prbg.g_01128	Syaj.g_00392, Syaj.g_00275
OG0000039	Syac	Prbg.g_01128	Syac.g_00856, Syac.g_02378
OG0000039	Syah	Prbg.g_01128	Syah.g_02074
OG0000039	Syar	Prbg.g_01128	Syar.g_00007, Syar.g_02827, Syar.g_02151, Syar.g_02044
OG0000039	Syaa	Prbg.g_01128	Syaa.g_00846
OG0000039	Syae	Prbg.g_01128	Syae.g_00822, Syae.g_02495
OG0000039	Syaf	Prbg.g_01128	Syaf.g_01395
OG0000039	Syam	Prbg.g_01128	Syam.g_00749
OG0000039	Syak	Prbg.g_01128	Syak.g_00772, Syak.g_01918
OG0000039	Syag	Prbg.g_01128	Syag.g_01325, Syag.g_02155
OG0000039	Syaq	Prbg.g_01128	Syaq.g_01601, Syaq.g_01241
OG0000039	Prah	Prbg.g_01128	Prah.g_01758, Prah.g_02382
OG0000039	Praf	Prbg.g_01128	Praf.g_00406, Praf.g_02541
OG0000039	Prbj	Prbg.g_01128	Prbj.g_00429, Prbj.g_00278
OG0000039	Prbk	Prbg.g_01128	Prbk.g_01385, Prbk.g_00642
OG0000039	Prbl	Prbg.g_01128	Prbl.g_00318, Prbl.g_01272
OG0000039	Syas	Prbg.g_01128	Syas.g_02795
OG0000039	Syab	Prbg.g_01128	Syab.g_02791
OG0000039	Syal	Prbg.g_01128	Syal.g_01097
OG0000039	Syan	Prbg.g_01128	Syan.g_02771, Syan.g_00535
OG0000039	Syap	Prbg.g_01128	Syap.g_01749, Syap.g_01748
OG0000039	Syat	Prbg.g_01128	Syat.g_01278
OG0000039	Prbb	Prbg.g_01128	Prbb.g_00692
OG0000039	Praj	Prbg.g_01128	Praj.g_00679
OG0000039	Prbc	Prbg.g_01128	Prbc.g_01768
OG0000039	Prbm	Prbg.g_01128	Prbm.g_00723
OG0000039	Pral	Prbg.g_01128	Pral.g_01755
OG0000039	Prat	Prbg.g_01128	Prat.g_00760
OG0000039	Pram	Prbg.g_01128	Pram.g_00777
OG0000039	Prbh	Prbg.g_01128	Prbh.g_00921
OG0000039	Prak	Prbg.g_01128	Prak.g_00814
OG0000039	Prap	Prbg.g_01128	Prap.g_00814
OG0000039	Prbe	Prbg.g_01128	Prbe.g_00461
OG0000039	Prbf	Prbg.g_01128	Prbf.g_01276
OG0000039	Prbn	Prbg.g_01128	Prbn.g_01577
OG0000041	Prac	Prbg.g_01697	Prac.g_00579
OG0000041	Praq	Prbg.g_01697	Praq.g_00451
OG0000041	Prar	Prbg.g_01697	Prar.g_00602
OG0000041	Prao	Prbg.g_01697	Prao.g_01598
OG0000041	Prbi	Prbg.g_01697	Prbi.g_01833
OG0000041	Prad	Prbg.g_01697	Prad.g_00894
OG0000041	Prbd	Prbg.g_01697	Prbd.g_01478
OG0000041	Prag	Prbg.g_01697	Prag.g_01716
OG0000041	Praw	Prbg.g_01697	Praw.g_00562
OG0000041	Praa	Prbg.g_01697	Praa.g_01683
OG0000041	Prai	Prbg.g_01697	Prai.g_01684
OG0000041	Prab	Prbg.g_01697	Prab.g_01715
OG0000041	Pran	Prbg.g_01697	Pran.g_01016
OG0000041	Prae	Prbg.g_01697	Prae.g_01669
OG0000041	Prav	Prbg.g_01697	Prav.g_01808
OG0000041	Prax	Prbg.g_01697	Prax.g_01512
OG0000041	Pras	Prbg.g_01697	Pras.g_00597
OG0000041	Prau	Prbg.g_01697	Prau.g_01778
OG0000041	Syal	Prbg.g_01697	Syal.g_00649
OG0000041	Syag	Prbg.g_01697	Syag.g_01750, Syag.g_00962
OG0000041	Praf	Prbg.g_01697	Praf.g_00426
OG0000041	Prah	Prbg.g_01697	Prah.g_01737
OG0000041	Prbj	Prbg.g_01697	Prbj.g_00450
OG0000041	Prbk	Prbg.g_01697	Prbk.g_01406
OG0000041	Prbl	Prbg.g_01697	Prbl.g_00339
OG0000041	Syak	Prbg.g_01697	Syak.g_02354, Syak.g_00752
OG0000041	Syaa	Prbg.g_01697	Syaa.g_00660, Syaa.g_00869
OG0000041	Syac	Prbg.g_01697	Syac.g_00655, Syac.g_00876
OG0000041	Syah	Prbg.g_01697	Syah.g_02271, Syah.g_02039
OG0000041	Syaj	Prbg.g_01697	Syaj.g_01602, Syaj.g_00418
OG0000041	Syad	Prbg.g_01697	Syad.g_02498, Syad.g_01281
OG0000041	Syae	Prbg.g_01697	Syae.g_01042, Syae.g_00802
OG0000041	Syaf	Prbg.g_01697	Syaf.g_01171, Syaf.g_01414
OG0000041	Syai	Prbg.g_01697	Syai.g_02265, Syai.g_02016
OG0000041	Syam	Prbg.g_01697	Syam.g_01899, Syam.g_00765
OG0000041	Syar	Prbg.g_01697	Syar.g_01370, Syar.g_02014, Syar.g_02993
OG0000041	Syat	Prbg.g_01697	Syat.g_00785, Syat.g_03006
OG0000041	Syas	Prbg.g_01697	Syas.g_00996, Syas.g_02585
OG0000041	Syan	Prbg.g_01697	Syan.g_00302, Syan.g_01465
OG0000041	Syab	Prbg.g_01697	Syab.g_01086, Syab.g_02804, Syab.g_02333
OG0000041	Syao	Prbg.g_01697	Syao.g_00509, Syao.g_01637
OG0000041	Syaq	Prbg.g_01697	Syaq.g_02688, Syaq.g_01612
OG0000041	Syap	Prbg.g_01697	Syap.g_01510
OG0000041	Prbm	Prbg.g_01697	Prbm.g_01886
OG0000041	Praj	Prbg.g_01697	Praj.g_01813
OG0000041	Prbb	Prbg.g_01697	Prbb.g_01868
OG0000041	Prbc	Prbg.g_01697	Prbc.g_00877
OG0000041	Pral	Prbg.g_01697	Pral.g_00155
OG0000041	Prat	Prbg.g_01697	Prat.g_01640
OG0000041	Pram	Prbg.g_01697	Pram.g_01680
OG0000041	Prbh	Prbg.g_01697	Prbh.g_01734
OG0000041	Prbf	Prbg.g_01697	Prbf.g_00646
OG0000041	Prak	Prbg.g_01697	Prak.g_01692
OG0000041	Prap	Prbg.g_01697	Prap.g_01731
OG0000041	Prbe	Prbg.g_01697	Prbe.g_00938
OG0000041	Prbn	Prbg.g_01697	Prbn.g_01793
OG0000042	Prad	Prbg.g_01855	Prad.g_01624
OG0000042	Prbi	Prbg.g_01855	Prbi.g_02001
OG0000042	Prao	Prbg.g_01855	Prao.g_01750
OG0000042	Prax	Prbg.g_01855	Prax.g_01401
OG0000042	Prbd	Prbg.g_01855	Prbd.g_01328
OG0000042	Praa	Prbg.g_01855	Praa.g_01839
OG0000042	Pras	Prbg.g_01855	Pras.g_00750
OG0000042	Prau	Prbg.g_01855	Prau.g_01932
OG0000042	Prae	Prbg.g_01855	Prae.g_01822
OG0000042	Prav	Prbg.g_01855	Prav.g_00696
OG0000042	Prab	Prbg.g_01855	Prab.g_01864
OG0000042	Pran	Prbg.g_01855	Pran.g_01167
OG0000042	Prai	Prbg.g_01855	Prai.g_01845
OG0000042	Pray	Prbg.g_01855	Pray.g_01371
OG0000042	Praz	Prbg.g_01855	Praz.g_00198
OG0000042	Prba	Prbg.g_01855	Prba.g_00775
OG0000042	Prag	Prbg.g_01855	Prag.g_01868
OG0000042	Praw	Prbg.g_01855	Praw.g_00032
OG0000042	Prac	Prbg.g_01855	Prac.g_00048
OG0000042	Praq	Prbg.g_01855	Praq.g_00770
OG0000042	Prar	Prbg.g_01855	Prar.g_00660
OG0000042	Prah	Prbg.g_01855	Prah.g_00135, Prah.g_01256
OG0000042	Praf	Prbg.g_01855	Praf.g_00164, Praf.g_00920
OG0000042	Prbk	Prbg.g_01855	Prbk.g_01495, Prbk.g_00140
OG0000042	Prbl	Prbg.g_01855	Prbl.g_01236, Prbl.g_01121
OG0000042	Prbj	Prbg.g_01855	Prbj.g_01808, Prbj.g_00001
OG0000042	Syap	Prbg.g_01855	Syap.g_01891, Syap.g_01120
OG0000042	Syas	Prbg.g_01855	Syas.g_01121, Syas.g_02147
OG0000042	Syat	Prbg.g_01855	Syat.g_00223, Syat.g_02222
OG0000042	Syar	Prbg.g_01855	Syar.g_00595, Syar.g_01970
OG0000042	Syao	Prbg.g_01855	Syao.g_00019, Syao.g_01941
OG0000042	Syan	Prbg.g_01855	Syan.g_00991, Syan.g_02643, Syan.g_01888
OG0000042	Syag	Prbg.g_01855	Syag.g_01094, Syag.g_02378
OG0000042	Syaq	Prbg.g_01855	Syaq.g_00200, Syaq.g_01044
OG0000042	Syak	Prbg.g_01855	Syak.g_00843, Syak.g_01681
OG0000042	Syab	Prbg.g_01855	Syab.g_01019, Syab.g_00099
OG0000042	Syal	Prbg.g_01855	Syal.g_01705, Syal.g_01508
OG0000042	Syac	Prbg.g_01855	Syac.g_00146
OG0000042	Syah	Prbg.g_01855	Syah.g_00261
OG0000042	Syaa	Prbg.g_01855	Syaa.g_00103
OG0000042	Syaf	Prbg.g_01855	Syaf.g_00403
OG0000042	Syai	Prbg.g_01855	Syai.g_00099
OG0000042	Syam	Prbg.g_01855	Syam.g_00107
OG0000042	Syae	Prbg.g_01855	Syae.g_01821
OG0000042	Syad	Prbg.g_01855	Syad.g_00333
OG0000042	Syaj	Prbg.g_01855	Syaj.g_02399
OG0000042	Prbm	Prbg.g_01855	Prbm.g_02102
OG0000042	Prbc	Prbg.g_01855	Prbc.g_00203
OG0000042	Prbb	Prbg.g_01855	Prbb.g_02069
OG0000042	Praj	Prbg.g_01855	Praj.g_02020
OG0000042	Pral	Prbg.g_01855	Pral.g_00313
OG0000042	Prat	Prbg.g_01855	Prat.g_01796
OG0000042	Pram	Prbg.g_01855	Pram.g_01841
OG0000042	Prbh	Prbg.g_01855	Prbh.g_01573
OG0000042	Prak	Prbg.g_01855	Prak.g_01850
OG0000042	Prap	Prbg.g_01855	Prap.g_01572
OG0000042	Prbe	Prbg.g_01855	Prbe.g_00766
OG0000042	Prbf	Prbg.g_01855	Prbf.g_00487
OG0000042	Prbn	Prbg.g_01855	Prbn.g_00988
OG0000043	Syak	Prbg.g_01507	Syak.g_00335
OG0000043	Syag	Prbg.g_01507	Syag.g_00564
OG0000043	Syap	Prbg.g_01507	Syap.g_01998
OG0000043	Syab	Prbg.g_01507	Syab.g_02802, Syab.g_01785, Syab.g_01539
OG0000043	Syal	Prbg.g_01507	Syal.g_01110, Syal.g_02547, Syal.g_02183
OG0000043	Syaj	Prbg.g_01507	Syaj.g_01085, Syaj.g_01247
OG0000043	Syac	Prbg.g_01507	Syac.g_00808, Syac.g_01100
OG0000043	Syah	Prbg.g_01507	Syah.g_02119, Syah.g_01546
OG0000043	Pray	Prbg.g_01507	Pray.g_01924, Pray.g_00420
OG0000043	Praz	Prbg.g_01507	Praz.g_01234, Praz.g_01440
OG0000043	Prba	Prbg.g_01507	Prba.g_01138, Prba.g_01427
OG0000043	Praa	Prbg.g_01507	Praa.g_01259, Praa.g_00876
OG0000043	Prax	Prbg.g_01507	Prax.g_01955, Prax.g_00301, Prax.g_00501, Prax.g_00530
OG0000043	Prbd	Prbg.g_01507	Prbd.g_01891, Prbd.g_00174
OG0000043	Prbi	Prbg.g_01507	Prbi.g_01334, Prbi.g_00918
OG0000043	Prad	Prbg.g_01507	Prad.g_00313, Prad.g_00276
OG0000043	Prai	Prbg.g_01507	Prai.g_00910, Prai.g_01064
OG0000043	Pras	Prbg.g_01507	Pras.g_00153, Pras.g_01772
OG0000043	Prau	Prbg.g_01507	Prau.g_01321, Prau.g_00926
OG0000043	Prao	Prbg.g_01507	Prao.g_01331, Prao.g_00812
OG0000043	Praj	Prbg.g_01507	Praj.g_01157, Praj.g_00864
OG0000043	Prbc	Prbg.g_01507	Prbc.g_00135, Prbc.g_01953
OG0000043	Prbm	Prbg.g_01507	Prbm.g_01173, Prbm.g_00906
OG0000043	Prbb	Prbg.g_01507	Prbb.g_01198, Prbb.g_00909
OG0000043	Prah	Prbg.g_01507	Prah.g_01190
OG0000043	Syae	Prbg.g_01507	Syae.g_00117
OG0000043	Syad	Prbg.g_01507	Syad.g_02119
OG0000043	Syaq	Prbg.g_01507	Syaq.g_01920
OG0000043	Syai	Prbg.g_01507	Syai.g_01599
OG0000043	Syaf	Prbg.g_01507	Syaf.g_01747
OG0000043	Syam	Prbg.g_01507	Syam.g_01041
OG0000043	Syaa	Prbg.g_01507	Syaa.g_01437
OG0000043	Prae	Prbg.g_01507	Prae.g_00876
OG0000043	Prab	Prbg.g_01507	Prab.g_01100
OG0000043	Pran	Prbg.g_01507	Pran.g_00179
OG0000043	Prag	Prbg.g_01507	Prag.g_00876
OG0000043	Praw	Prbg.g_01507	Praw.g_01627
OG0000043	Prac	Prbg.g_01507	Prac.g_01405
OG0000043	Praq	Prbg.g_01507	Praq.g_01469
OG0000043	Prar	Prbg.g_01507	Prar.g_01755
OG0000043	Prav	Prbg.g_01507	Prav.g_00467
OG0000043	Pral	Prbg.g_01507	Pral.g_01347
OG0000043	Prat	Prbg.g_01507	Prat.g_01176
OG0000043	Pram	Prbg.g_01507	Pram.g_01161
OG0000043	Prbh	Prbg.g_01507	Prbh.g_01304
OG0000043	Prak	Prbg.g_01507	Prak.g_01193
OG0000043	Prap	Prbg.g_01507	Prap.g_00477
OG0000043	Prbe	Prbg.g_01507	Prbe.g_01570
OG0000043	Prbf	Prbg.g_01507	Prbf.g_00897
OG0000043	Prbn	Prbg.g_01507	Prbn.g_01168
OG0000045	Syaq	Prbg.g_01530	Syaq.g_02047
OG0000045	Syan	Prbg.g_01530	Syan.g_00086
OG0000045	Syao	Prbg.g_01530	Syao.g_01214
OG0000045	Syap	Prbg.g_01530	Syap.g_02525
OG0000045	Syat	Prbg.g_01530	Syat.g_00935
OG0000045	Syar	Prbg.g_01530	Syar.g_02592
OG0000045	Prbj	Prbg.g_01530	Prbj.g_00563
OG0000045	Prbk	Prbg.g_01530	Prbk.g_01321
OG0000045	Prbl	Prbg.g_01530	Prbl.g_00609
OG0000045	Praf	Prbg.g_01530	Praf.g_00322
OG0000045	Prah	Prbg.g_01530	Prah.g_01837
OG0000045	Prat	Prbg.g_01530	Prat.g_01203
OG0000045	Pram	Prbg.g_01530	Pram.g_01184
OG0000045	Prbh	Prbg.g_01530	Prbh.g_01327
OG0000045	Prbm	Prbg.g_01530	Prbm.g_01088
OG0000045	Praj	Prbg.g_01530	Praj.g_01049
OG0000045	Prbb	Prbg.g_01530	Prbb.g_01094
OG0000045	Prbc	Prbg.g_01530	Prbc.g_02137
OG0000045	Pral	Prbg.g_01530	Pral.g_01322
OG0000045	Prak	Prbg.g_01530	Prak.g_01216
OG0000045	Prap	Prbg.g_01530	Prap.g_00500
OG0000045	Prbe	Prbg.g_01530	Prbe.g_01593
OG0000045	Prbf	Prbg.g_01530	Prbf.g_00874
OG0000045	Prbn	Prbg.g_01530	Prbn.g_01145
OG0000046	Praj	Prbg.g_00105	Praj.g_00363
OG0000046	Prbb	Prbg.g_00105	Prbb.g_00379
OG0000046	Prbm	Prbg.g_00105	Prbm.g_00383
OG0000046	Prbc	Prbg.g_00105	Prbc.g_01220
OG0000046	Prah	Prbg.g_00105	Prah.g_01955
OG0000046	Praf	Prbg.g_00105	Praf.g_02072
OG0000046	Prbj	Prbg.g_00105	Prbj.g_00358
OG0000046	Prbk	Prbg.g_00105	Prbk.g_00854
OG0000046	Prbl	Prbg.g_00105	Prbl.g_01184
OG0000046	Syal	Prbg.g_00105	Syal.g_00316, Syal.g_00321, Syal.g_00309
OG0000046	Syad	Prbg.g_00105	Syad.g_00730, Syad.g_00736, Syad.g_00723
OG0000046	Syaj	Prbg.g_00105	Syaj.g_02775, Syaj.g_02781, Syaj.g_02768
OG0000046	Syae	Prbg.g_00105	Syae.g_02161, Syae.g_02168, Syae.g_02154
OG0000046	Syac	Prbg.g_00105	Syac.g_02055, Syac.g_02047, Syac.g_02063
OG0000046	Syah	Prbg.g_00105	Syah.g_00823, Syah.g_00830, Syah.g_00816
OG0000046	Syab	Prbg.g_00105	Syab.g_00488, Syab.g_00496, Syab.g_00481
OG0000046	Syag	Prbg.g_00105	Syag.g_02812, Syag.g_02819, Syag.g_02805
OG0000046	Syaa	Prbg.g_00105	Syaa.g_02211, Syaa.g_02205, Syaa.g_02218
OG0000046	Syaf	Prbg.g_00105	Syaf.g_00055, Syaf.g_00045, Syaf.g_00062
OG0000046	Syai	Prbg.g_00105	Syai.g_00443, Syai.g_00449, Syai.g_00435
OG0000046	Syam	Prbg.g_00105	Syam.g_00410, Syam.g_00420, Syam.g_00403
OG0000046	Syak	Prbg.g_00105	Syak.g_01269, Syak.g_01276
OG0000046	Syao	Prbg.g_00105	Syao.g_01909, Syao.g_01845
OG0000046	Syar	Prbg.g_00105	Syar.g_03233, Syar.g_01102, Syar.g_01105
OG0000046	Syaq	Prbg.g_00105	Syaq.g_00570, Syaq.g_00573
OG0000046	Syan	Prbg.g_00105	Syan.g_02157, Syan.g_02160
OG0000046	Syat	Prbg.g_00105	Syat.g_01626, Syat.g_01026
OG0000046	Syap	Prbg.g_00105	Syap.g_00581, Syap.g_00584, Syap.g_00587, Syap.g_00973
OG0000046	Syas	Prbg.g_00105	Syas.g_01553, Syas.g_01556, Syas.g_01558
OG0000046	Prat	Prbg.g_00105	Prat.g_00335
OG0000046	Pral	Prbg.g_00105	Pral.g_00711
OG0000046	Pram	Prbg.g_00105	Pram.g_00316
OG0000046	Prbh	Prbg.g_00105	Prbh.g_00451
OG0000046	Prak	Prbg.g_00105	Prak.g_00344
OG0000046	Prap	Prbg.g_00105	Prap.g_01384
OG0000046	Prbe	Prbg.g_00105	Prbe.g_01880
OG0000046	Prbf	Prbg.g_00105	Prbf.g_01666
OG0000046	Prbn	Prbg.g_00105	Prbn.g_00093
OG0000047	Syac	Prbg.g_00143	Syac.g_02031
OG0000047	Syah	Prbg.g_00143	Syah.g_00847
OG0000047	Syag	Prbg.g_00143	Syag.g_00768
OG0000047	Syaa	Prbg.g_00143	Syaa.g_02189
OG0000047	Syad	Prbg.g_00143	Syad.g_00754
OG0000047	Syaj	Prbg.g_00143	Syaj.g_02799
OG0000047	Syae	Prbg.g_00143	Syae.g_02184
OG0000047	Syaf	Prbg.g_00143	Syaf.g_00030
OG0000047	Syai	Prbg.g_00143	Syai.g_00462
OG0000047	Syam	Prbg.g_00143	Syam.g_00434
OG0000047	Syak	Prbg.g_00143	Syak.g_01147
OG0000047	Syab	Prbg.g_00143	Syab.g_00876
OG0000047	Syal	Prbg.g_00143	Syal.g_01568
OG0000047	Syao	Prbg.g_00143	Syao.g_01899
OG0000047	Prbj	Prbg.g_00143	Prbj.g_02509
OG0000047	Prbk	Prbg.g_00143	Prbk.g_02565
OG0000047	Prbl	Prbg.g_00143	Prbl.g_01574
OG0000047	Prad	Prbg.g_00143	Prad.g_00683
OG0000047	Prau	Prbg.g_00143	Prau.g_00414
OG0000047	Pras	Prbg.g_00143	Pras.g_01263
OG0000047	Pray	Prbg.g_00143	Pray.g_00897
OG0000047	Praz	Prbg.g_00143	Praz.g_01921
OG0000047	Prba	Prbg.g_00143	Prba.g_00913
OG0000047	Prai	Prbg.g_00143	Prai.g_00424
OG0000047	Prac	Prbg.g_00143	Prac.g_01127
OG0000047	Praq	Prbg.g_00143	Praq.g_01137
OG0000047	Prar	Prbg.g_00143	Prar.g_00468
OG0000047	Praf	Prbg.g_00143	Praf.g_01898
OG0000047	Prah	Prbg.g_00143	Prah.g_00321, Prah.g_00322
OG0000047	Prbm	Prbg.g_00143	Prbm.g_00428
OG0000047	Prbc	Prbg.g_00143	Prbc.g_01273
OG0000047	Praj	Prbg.g_00143	Praj.g_00408
OG0000047	Prbb	Prbg.g_00143	Prbb.g_00421
OG0000047	Pral	Prbg.g_00143	Pral.g_00672
OG0000047	Prat	Prbg.g_00143	Prat.g_00374
OG0000047	Pram	Prbg.g_00143	Pram.g_00359
OG0000047	Prbh	Prbg.g_00143	Prbh.g_00408
OG0000047	Prak	Prbg.g_00143	Prak.g_00385
OG0000047	Prap	Prbg.g_00143	Prap.g_01343
OG0000047	Prbe	Prbg.g_00143	Prbe.g_01921
OG0000047	Prbf	Prbg.g_00143	Prbf.g_01707
OG0000047	Prbn	Prbg.g_00143	Prbn.g_00690
OG0000048	Prbd	Prbg.g_00464, Prbg.g_00050	Prbd.g_00439, Prbd.g_00864
OG0000048	Prax	Prbg.g_00464, Prbg.g_00050	Prax.g_00173, Prax.g_00512, Prax.g_00799
OG0000048	Prab	Prbg.g_00464, Prbg.g_00050	Prab.g_00411, Prab.g_00363
OG0000048	Pran	Prbg.g_00464, Prbg.g_00050	Pran.g_01772, Pran.g_01820
OG0000048	Prai	Prbg.g_00464, Prbg.g_00050	Prai.g_00387
OG0000048	Prag	Prbg.g_00464, Prbg.g_00050	Prag.g_01658, Prag.g_00368
OG0000048	Praw	Prbg.g_00464, Prbg.g_00050	Praw.g_00504, Praw.g_00758
OG0000048	Praa	Prbg.g_00464, Prbg.g_00050	Praa.g_00373
OG0000048	Prbi	Prbg.g_00464, Prbg.g_00050	Prbi.g_00398
OG0000048	Pras	Prbg.g_00464, Prbg.g_00050	Pras.g_01227
OG0000048	Prau	Prbg.g_00464, Prbg.g_00050	Prau.g_00377
OG0000048	Pray	Prbg.g_00464, Prbg.g_00050	Pray.g_00852
OG0000048	Praz	Prbg.g_00464, Prbg.g_00050	Praz.g_00800
OG0000048	Prba	Prbg.g_00464, Prbg.g_00050	Prba.g_00868
OG0000048	Prae	Prbg.g_00464, Prbg.g_00050	Prae.g_00374
OG0000048	Prao	Prbg.g_00464, Prbg.g_00050	Prao.g_00509
OG0000048	Prac	Prbg.g_00464, Prbg.g_00050	Prac.g_01159
OG0000048	Praq	Prbg.g_00464, Prbg.g_00050	Praq.g_01169
OG0000048	Prar	Prbg.g_00464, Prbg.g_00050	Prar.g_00435
OG0000048	Prad	Prbg.g_00464, Prbg.g_00050	Prad.g_00735
OG0000048	Prav	Prbg.g_00464, Prbg.g_00050	Prav.g_00993
OG0000048	Prat	Prbg.g_00464, Prbg.g_00050	Prat.g_00278
OG0000048	Pram	Prbg.g_00464, Prbg.g_00050	Pram.g_00259
OG0000048	Prbh	Prbg.g_00464, Prbg.g_00050	Prbh.g_00508
OG0000048	Pral	Prbg.g_00464	Pral.g_00768
OG0000048	Praj	Prbg.g_00464	Praj.g_00308
OG0000048	Prbm	Prbg.g_00464	Prbm.g_00329
OG0000048	Prbb	Prbg.g_00464	Prbb.g_00325
OG0000048	Prbc	Prbg.g_00464	Prbc.g_01165
OG0000048	Syas	Prbg.g_00464	Syas.g_01734
OG0000048	Syap	Prbg.g_00464	Syap.g_02340
OG0000048	Syat	Prbg.g_00464	Syat.g_02046
OG0000048	Syan	Prbg.g_00464	Syan.g_02036
OG0000048	Syao	Prbg.g_00464	Syao.g_02077
OG0000048	Syar	Prbg.g_00464	Syar.g_00213
OG0000048	Prbj	Prbg.g_00464	Prbj.g_01393
OG0000048	Prbk	Prbg.g_00464	Prbk.g_00405
OG0000048	Prbl	Prbg.g_00464	Prbl.g_01465
OG0000048	Praf	Prbg.g_00464	Praf.g_02267
OG0000048	Prah	Prbg.g_00464	Prah.g_02122
OG0000048	Syad	Prbg.g_00464	Syad.g_00534
OG0000048	Syaj	Prbg.g_00464	Syaj.g_02578
OG0000048	Syaf	Prbg.g_00464	Syaf.g_00230
OG0000048	Syai	Prbg.g_00464	Syai.g_00272
OG0000048	Syam	Prbg.g_00464	Syam.g_00243
OG0000048	Syag	Prbg.g_00464	Syag.g_02611
OG0000048	Syae	Prbg.g_00464	Syae.g_01982
OG0000048	Syaq	Prbg.g_00464	Syaq.g_00749
OG0000048	Syak	Prbg.g_00464	Syak.g_01446
OG0000048	Syaa	Prbg.g_00464	Syaa.g_00275, Syaa.g_02719
OG0000048	Syac	Prbg.g_00464	Syac.g_02240
OG0000048	Syah	Prbg.g_00464	Syah.g_00637
OG0000048	Syab	Prbg.g_00464	Syab.g_00308
OG0000048	Syal	Prbg.g_00464	Syal.g_01250
OG0000048	Prak	Prbg.g_00464	Prak.g_01264
OG0000048	Prap	Prbg.g_00464	Prap.g_00548
OG0000048	Prbe	Prbg.g_00464	Prbe.g_00906
OG0000048	Prbf	Prbg.g_00464	Prbf.g_00039
OG0000048	Prbn	Prbg.g_00464	Prbn.g_01097
OG0000048	Prak	Prbg.g_00050	Prak.g_00289
OG0000048	Prap	Prbg.g_00050	Prap.g_01439
OG0000048	Prbe	Prbg.g_00050	Prbe.g_01825
OG0000048	Prbf	Prbg.g_00050	Prbf.g_01611
OG0000048	Prbn	Prbg.g_00050	Prbn.g_00038
OG0000050	Syak	Prbg.g_01055	Syak.g_00106
OG0000050	Prab	Prbg.g_01055	Prab.g_00394, Prab.g_01635, Prab.g_01645
OG0000050	Pran	Prbg.g_01055	Pran.g_01789, Pran.g_00936, Pran.g_00946
OG0000050	Prav	Prbg.g_01055	Prav.g_01013
OG0000050	Pray	Prbg.g_01055	Pray.g_00883
OG0000050	Praz	Prbg.g_01055	Praz.g_00769
OG0000050	Prba	Prbg.g_01055	Prba.g_00899
OG0000050	Prax	Prbg.g_01055	Prax.g_00448, Prax.g_00508
OG0000050	Prad	Prbg.g_01055	Prad.g_01291
OG0000050	Prbd	Prbg.g_01055	Prbd.g_01928
OG0000050	Syaa	Prbg.g_01055	Syaa.g_01591
OG0000050	Syae	Prbg.g_01055	Syae.g_00122
OG0000050	Syad	Prbg.g_01055	Syad.g_02114
OG0000050	Syaj	Prbg.g_01055	Syaj.g_01242
OG0000050	Prat	Prbg.g_01055	Prat.g_00685
OG0000050	Pral	Prbg.g_01055	Pral.g_01829
OG0000050	Pram	Prbg.g_01055	Pram.g_00706
OG0000050	Prbh	Prbg.g_01055	Prbh.g_00850
OG0000050	Prak	Prbg.g_01055	Prak.g_00741
OG0000050	Prap	Prbg.g_01055	Prap.g_00667
OG0000050	Prbe	Prbg.g_01055	Prbe.g_00098
OG0000050	Prbf	Prbg.g_01055	Prbf.g_00845
OG0000050	Prbn	Prbg.g_01055	Prbn.g_01937
OG0000051	Syap	Prbg.g_00408	Syap.g_01574
OG0000051	Syar	Prbg.g_00408	Syar.g_01597
OG0000051	Syas	Prbg.g_00408	Syas.g_01445
OG0000051	Prbj	Prbg.g_00408	Prbj.g_00705
OG0000051	Prbk	Prbg.g_00408	Prbk.g_01709
OG0000051	Prbl	Prbg.g_00408	Prbl.g_01677
OG0000051	Praf	Prbg.g_00408	Praf.g_01022
OG0000051	Prah	Prbg.g_00408	Prah.g_01166
OG0000051	Syab	Prbg.g_00408	Syab.g_01073
OG0000051	Syaf	Prbg.g_00408	Syaf.g_00972
OG0000051	Praj	Prbg.g_00408	Praj.g_01339
OG0000051	Prbb	Prbg.g_00408	Prbb.g_01383
OG0000051	Prbm	Prbg.g_00408	Prbm.g_01267
OG0000051	Prbc	Prbg.g_00408	Prbc.g_00088
OG0000051	Prak	Prbg.g_00408	Prak.g_00667
OG0000051	Prap	Prbg.g_00408	Prap.g_00611
OG0000051	Prbe	Prbg.g_00408	Prbe.g_00720
OG0000051	Prbf	Prbg.g_00408	Prbf.g_00340
OG0000051	Prbn	Prbg.g_00408	Prbn.g_00809
OG0000052	Syam	Prbg.g_00569, Prbg.g_00816	Syam.g_00161
OG0000052	Prao	Prbg.g_00569	Prao.g_01358
OG0000052	Prau	Prbg.g_00569	Prau.g_01489
OG0000052	Prae	Prbg.g_00569	Prae.g_01416
OG0000052	Prbi	Prbg.g_00569	Prbi.g_01478
OG0000052	Syag	Prbg.g_00569	Syag.g_02491
OG0000052	Syaa	Prbg.g_00569	Syaa.g_00461
OG0000052	Prag	Prbg.g_00569	Prag.g_01444
OG0000052	Praw	Prbg.g_00569	Praw.g_01071
OG0000052	Prai	Prbg.g_00569	Prai.g_00154
OG0000052	Prav	Prbg.g_00569	Prav.g_01533
OG0000052	Prab	Prbg.g_00569	Prab.g_01423
OG0000052	Pran	Prbg.g_00569	Pran.g_00777
OG0000052	Pray	Prbg.g_00569	Pray.g_01793
OG0000052	Praz	Prbg.g_00569	Praz.g_01103
OG0000052	Prba	Prbg.g_00569	Prba.g_00160
OG0000052	Pras	Prbg.g_00569	Pras.g_00285
OG0000052	Praa	Prbg.g_00569	Praa.g_01447
OG0000052	Prak	Prbg.g_00569	Prak.g_01369
OG0000052	Prap	Prbg.g_00569	Prap.g_00099
OG0000052	Prbe	Prbg.g_00569	Prbe.g_00333
OG0000052	Prbf	Prbg.g_00569	Prbf.g_00135
OG0000052	Prbn	Prbg.g_00569	Prbn.g_00190
OG0000052	Syal	Prbg.g_00816	Syal.g_01338
OG0000052	Syab	Prbg.g_00816	Syab.g_00214
OG0000052	Syaa	Prbg.g_00816	Syaa.g_00174
OG0000052	Syah	Prbg.g_00816	Syah.g_00171
OG0000052	Prah	Prbg.g_00816	Prah.g_02219
OG0000052	Praf	Prbg.g_00816	Praf.g_02366
OG0000052	Prbj	Prbg.g_00816	Prbj.g_01487
OG0000052	Prbk	Prbg.g_00816	Prbk.g_00499
OG0000052	Prbl	Prbg.g_00816	Prbl.g_00870
OG0000052	Syak	Prbg.g_00816	Syak.g_01549
OG0000052	Syaj	Prbg.g_00816	Syaj.g_02476
OG0000052	Syad	Prbg.g_00816	Syad.g_00434
OG0000052	Syae	Prbg.g_00816	Syae.g_01886
OG0000052	Syac	Prbg.g_00816	Syac.g_00207
OG0000052	Syaf	Prbg.g_00816	Syaf.g_00335
OG0000052	Syai	Prbg.g_00816	Syai.g_00176
OG0000052	Syag	Prbg.g_00816	Syag.g_02451
OG0000052	Syaq	Prbg.g_00816	Syaq.g_00969
OG0000052	Syar	Prbg.g_00816	Syar.g_00281
OG0000052	Syao	Prbg.g_00816	Syao.g_01972
OG0000052	Syan	Prbg.g_00816	Syan.g_01954, Syan.g_01953
OG0000052	Syat	Prbg.g_00816	Syat.g_02140
OG0000052	Pral	Prbg.g_00816	Pral.g_00987
OG0000052	Prat	Prbg.g_00816	Prat.g_00058
OG0000052	Prbm	Prbg.g_00816	Prbm.g_00114
OG0000052	Praj	Prbg.g_00816	Praj.g_00095
OG0000052	Prbc	Prbg.g_00816	Prbc.g_00518, Prbc.g_00517
OG0000052	Prbb	Prbg.g_00816	Prbb.g_00112
OG0000052	Prad	Prbg.g_00816	Prad.g_00571
OG0000052	Pram	Prbg.g_00816	Pram.g_00040
OG0000052	Prbh	Prbg.g_00816	Prbh.g_00727
OG0000052	Prak	Prbg.g_00816	Prak.g_00058
OG0000052	Prap	Prbg.g_00816	Prap.g_00897
OG0000052	Prbe	Prbg.g_00816	Prbe.g_00158
OG0000052	Prbf	Prbg.g_00816	Prbf.g_01380
OG0000052	Prbn	Prbg.g_00816	Prbn.g_00724
OG0000053	Prbc	Prbg.g_00612, Prbg.g_01595	Prbc.g_00728
OG0000053	Prbm	Prbg.g_00612, Prbg.g_01595	Prbm.g_01729
OG0000053	Prbb	Prbg.g_00612, Prbg.g_01595	Prbb.g_01705
OG0000053	Praj	Prbg.g_00612, Prbg.g_01595	Praj.g_01651
OG0000053	Pras	Prbg.g_00612, Prbg.g_01595	Pras.g_00886, Pras.g_00370
OG0000053	Prau	Prbg.g_00612, Prbg.g_01595	Prau.g_00040, Prau.g_01551
OG0000053	Prac	Prbg.g_00612, Prbg.g_01595	Prac.g_01901, Prac.g_00391
OG0000053	Prar	Prbg.g_00612, Prbg.g_01595	Prar.g_00589, Prar.g_00827
OG0000053	Praq	Prbg.g_00612, Prbg.g_01595	Praq.g_01246, Praq.g_00314
OG0000053	Prae	Prbg.g_00612, Prbg.g_01595	Prae.g_01479
OG0000053	Prbi	Prbg.g_00612, Prbg.g_01595	Prbi.g_01611
OG0000053	Prav	Prbg.g_00612, Prbg.g_01595	Prav.g_01598
OG0000053	Pray	Prbg.g_00612, Prbg.g_01595	Pray.g_01702
OG0000053	Praz	Prbg.g_00612, Prbg.g_01595	Praz.g_01021
OG0000053	Prba	Prbg.g_00612, Prbg.g_01595	Prba.g_00693
OG0000053	Prad	Prbg.g_00612, Prbg.g_01595	Prad.g_00494
OG0000053	Prao	Prbg.g_00612, Prbg.g_01595	Prao.g_01417
OG0000053	Prag	Prbg.g_00612, Prbg.g_01595	Prag.g_01510
OG0000053	Praw	Prbg.g_00612, Prbg.g_01595	Praw.g_00357
OG0000053	Prbd	Prbg.g_00612, Prbg.g_01595	Prbd.g_01669
OG0000053	Praa	Prbg.g_00612, Prbg.g_01595	Praa.g_01496
OG0000053	Prax	Prbg.g_00612, Prbg.g_01595	Prax.g_01708
OG0000053	Prab	Prbg.g_00612, Prbg.g_01595	Prab.g_01486
OG0000053	Pran	Prbg.g_00612, Prbg.g_01595	Pran.g_00713
OG0000053	Prai	Prbg.g_00612, Prbg.g_01595	Prai.g_01483
OG0000053	Syan	Prbg.g_00612, Prbg.g_01595	Syan.g_02812
OG0000053	Syao	Prbg.g_00612, Prbg.g_01595	Syao.g_00067
OG0000053	Syar	Prbg.g_00612, Prbg.g_01595	Syar.g_01413
OG0000053	Syat	Prbg.g_00612, Prbg.g_01595	Syat.g_01330
OG0000053	Syap	Prbg.g_00612, Prbg.g_01595	Syap.g_02006
OG0000053	Syas	Prbg.g_00612, Prbg.g_01595	Syas.g_01287
OG0000053	Syak	Prbg.g_00612, Prbg.g_01595	Syak.g_01068
OG0000053	Syab	Prbg.g_00612, Prbg.g_01595	Syab.g_00746
OG0000053	Syal	Prbg.g_00612, Prbg.g_01595	Syal.g_00406
OG0000053	Syag	Prbg.g_00612, Prbg.g_01595	Syag.g_01391
OG0000053	Syaq	Prbg.g_00612, Prbg.g_01595	Syaq.g_00397
OG0000053	Prbj	Prbg.g_00612, Prbg.g_01595	Prbj.g_00638
OG0000053	Prbk	Prbg.g_00612, Prbg.g_01595	Prbk.g_01230
OG0000053	Prbl	Prbg.g_00612, Prbg.g_01595	Prbl.g_00691
OG0000053	Prah	Prbg.g_00612, Prbg.g_01595	Prah.g_00381
OG0000053	Praf	Prbg.g_00612, Prbg.g_01595	Praf.g_01828
OG0000053	Syae	Prbg.g_00612, Prbg.g_01595	Syae.g_02629
OG0000053	Syad	Prbg.g_00612, Prbg.g_01595	Syad.g_02302
OG0000053	Syaj	Prbg.g_00612, Prbg.g_01595	Syaj.g_01409
OG0000053	Syaf	Prbg.g_00612, Prbg.g_01595	Syaf.g_02447
OG0000053	Syai	Prbg.g_00612, Prbg.g_01595	Syai.g_00930
OG0000053	Syam	Prbg.g_00612, Prbg.g_01595	Syam.g_01636
OG0000053	Syaa	Prbg.g_00612, Prbg.g_01595	Syaa.g_01797
OG0000053	Syac	Prbg.g_00612, Prbg.g_01595	Syac.g_01657
OG0000053	Syah	Prbg.g_00612, Prbg.g_01595	Syah.g_01267
OG0000053	Pram	Prbg.g_00612	Pram.g_01357
OG0000053	Prbh	Prbg.g_00612	Prbh.g_00120
OG0000053	Prak	Prbg.g_00612	Prak.g_01412
OG0000053	Prap	Prbg.g_00612	Prap.g_00142
OG0000053	Prbe	Prbg.g_00612	Prbe.g_00290
OG0000053	Prbf	Prbg.g_00612	Prbf.g_00178
OG0000053	Prbn	Prbg.g_00612	Prbn.g_00233
OG0000053	Pral	Prbg.g_01595	Pral.g_00066
OG0000053	Pram	Prbg.g_01595	Pram.g_01580
OG0000053	Prbh	Prbg.g_01595	Prbh.g_01834
OG0000053	Prak	Prbg.g_01595	Prak.g_01590
OG0000053	Prap	Prbg.g_01595	Prap.g_01834
OG0000053	Prbe	Prbg.g_01595	Prbe.g_01040
OG0000053	Prbf	Prbg.g_01595	Prbf.g_00748
OG0000053	Prbn	Prbg.g_01595	Prbn.g_01690
OG0000054	Prab	Prbg.g_00326	Prab.g_00610
OG0000054	Pran	Prbg.g_00326	Pran.g_01572
OG0000054	Prai	Prbg.g_00326	Prai.g_00634
OG0000054	Praa	Prbg.g_00326	Praa.g_00606
OG0000054	Prau	Prbg.g_00326	Prau.g_00644
OG0000054	Prac	Prbg.g_00326	Prac.g_00765
OG0000054	Praq	Prbg.g_00326	Praq.g_00996
OG0000054	Prar	Prbg.g_00326	Prar.g_01436
OG0000054	Pray	Prbg.g_00326	Pray.g_01157
OG0000054	Praz	Prbg.g_00326	Praz.g_01724
OG0000054	Prba	Prbg.g_00326	Prba.g_01711
OG0000054	Prag	Prbg.g_00326	Prag.g_00584
OG0000054	Pras	Prbg.g_00326	Pras.g_01482
OG0000054	Prav	Prbg.g_00326	Prav.g_01202
OG0000054	Praw	Prbg.g_00326	Praw.g_00142
OG0000054	Prax	Prbg.g_00326	Prax.g_00065
OG0000054	Prbi	Prbg.g_00326	Prbi.g_00608
OG0000054	Prad	Prbg.g_00326	Prad.g_01395
OG0000054	Prae	Prbg.g_00326	Prae.g_00580
OG0000054	Prao	Prbg.g_00326	Prao.g_00044
OG0000054	Prbd	Prbg.g_00326	Prbd.g_00638
OG0000054	Pral	Prbg.g_00326	Pral.g_00482
OG0000054	Prat	Prbg.g_00326	Prat.g_00569
OG0000054	Praj	Prbg.g_00326	Praj.g_00594
OG0000054	Prbb	Prbg.g_00326	Prbb.g_00607
OG0000054	Prbc	Prbg.g_00326	Prbc.g_01683
OG0000054	Prbm	Prbg.g_00326	Prbm.g_00637
OG0000054	Praf	Prbg.g_00326	Praf.g_00763
OG0000054	Prah	Prbg.g_00326	Prah.g_01394
OG0000054	Prbj	Prbg.g_00326	Prbj.g_01758
OG0000054	Prbk	Prbg.g_00326	Prbk.g_01153
OG0000054	Prbl	Prbg.g_00326	Prbl.g_01752
OG0000054	Syag	Prbg.g_00326	Syag.g_00350
OG0000054	Syaq	Prbg.g_00326	Syaq.g_02005
OG0000054	Syaa	Prbg.g_00326	Syaa.g_01691, Syaa.g_01502
OG0000054	Syaf	Prbg.g_00326	Syaf.g_02376
OG0000054	Syai	Prbg.g_00326	Syai.g_01040
OG0000054	Syam	Prbg.g_00326	Syam.g_01515
OG0000054	Syac	Prbg.g_00326	Syac.g_00933, Syac.g_01050
OG0000054	Syah	Prbg.g_00326	Syah.g_01982, Syah.g_01862
OG0000054	Syae	Prbg.g_00326	Syae.g_00014, Syae.g_00221
OG0000054	Syad	Prbg.g_00326	Syad.g_02209
OG0000054	Syaj	Prbg.g_00326	Syaj.g_01341
OG0000054	Syan	Prbg.g_00326	Syan.g_02503, Syan.g_00231, Syan.g_00506
OG0000054	Syas	Prbg.g_00326	Syas.g_00961, Syas.g_00957
OG0000054	Syap	Prbg.g_00326	Syap.g_00678, Syap.g_02652, Syap.g_00774
OG0000054	Syat	Prbg.g_00326	Syat.g_00987, Syat.g_03390
OG0000054	Syar	Prbg.g_00326	Syar.g_02265
OG0000054	Syao	Prbg.g_00326	Syao.g_00295, Syao.g_00625
OG0000054	Syak	Prbg.g_00326	Syak.g_02744, Syak.g_02321
OG0000054	Syab	Prbg.g_00326	Syab.g_01932
OG0000054	Syal	Prbg.g_00326	Syal.g_02739, Syal.g_02098
OG0000054	Pram	Prbg.g_00326	Pram.g_00544
OG0000054	Prbh	Prbg.g_00326	Prbh.g_00223
OG0000054	Prak	Prbg.g_00326	Prak.g_00568
OG0000054	Prap	Prbg.g_00326	Prap.g_01161
OG0000054	Prbe	Prbg.g_00326	Prbe.g_00527
OG0000054	Prbf	Prbg.g_00326	Prbf.g_01889
OG0000054	Prbn	Prbg.g_00326	Prbn.g_00508
OG0000055	Prao	Prbg.g_01535, Prbg.g_01624	Prao.g_00721
OG0000055	Prab	Prbg.g_01535, Prbg.g_01624	Prab.g_00821
OG0000055	Pran	Prbg.g_01535, Prbg.g_01624	Pran.g_01362
OG0000055	Prai	Prbg.g_01535, Prbg.g_01624	Prai.g_00866
OG0000055	Prac	Prbg.g_01535, Prbg.g_01624	Prac.g_01495
OG0000055	Praq	Prbg.g_01535, Prbg.g_01624	Praq.g_00650
OG0000055	Prar	Prbg.g_01535, Prbg.g_01624	Prar.g_01664
OG0000055	Prad	Prbg.g_01535, Prbg.g_01624	Prad.g_01126
OG0000055	Prav	Prbg.g_01535, Prbg.g_01624	Prav.g_00376
OG0000055	Pray	Prbg.g_01535, Prbg.g_01624	Pray.g_00329
OG0000055	Praz	Prbg.g_01535, Prbg.g_01624	Praz.g_01531
OG0000055	Prba	Prbg.g_01535, Prbg.g_01624	Prba.g_01518
OG0000055	Prag	Prbg.g_01535, Prbg.g_01624	Prag.g_00787
OG0000055	Praw	Prbg.g_01535, Prbg.g_01624	Praw.g_01716
OG0000055	Prbi	Prbg.g_01535, Prbg.g_01624	Prbi.g_00828
OG0000055	Prae	Prbg.g_01535, Prbg.g_01624	Prae.g_00787
OG0000055	Pras	Prbg.g_01535, Prbg.g_01624	Pras.g_01682
OG0000055	Prau	Prbg.g_01535, Prbg.g_01624	Prau.g_00835
OG0000055	Praa	Prbg.g_01535, Prbg.g_01624	Praa.g_00783
OG0000055	Prbd	Prbg.g_01535, Prbg.g_01624	Prbd.g_00083
OG0000055	Prax	Prbg.g_01535, Prbg.g_01624	Prax.g_00392
OG0000055	Praf	Prbg.g_01535, Prbg.g_01624	Praf.g_01257
OG0000055	Prah	Prbg.g_01535, Prbg.g_01624	Prah.g_00942
OG0000055	Syak	Prbg.g_01535, Prbg.g_01624	Syak.g_00766
OG0000055	Prat	Prbg.g_01535	Prat.g_00852
OG0000055	Pral	Prbg.g_01535	Pral.g_01670
OG0000055	Pram	Prbg.g_01535	Pram.g_01189
OG0000055	Prbh	Prbg.g_01535	Prbh.g_01332
OG0000055	Prak	Prbg.g_01535	Prak.g_01221
OG0000055	Prap	Prbg.g_01535	Prap.g_00505
OG0000055	Prbe	Prbg.g_01535	Prbe.g_01598
OG0000055	Prbf	Prbg.g_01535	Prbf.g_00869
OG0000055	Prbn	Prbg.g_01535	Prbn.g_01140
OG0000055	Syar	Prbg.g_01624	Syar.g_01386
OG0000055	Syan	Prbg.g_01624	Syan.g_00312
OG0000055	Syao	Prbg.g_01624	Syao.g_00498
OG0000055	Syaa	Prbg.g_01624	Syaa.g_01564
OG0000055	Syac	Prbg.g_01624	Syac.g_01034
OG0000055	Syah	Prbg.g_01624	Syah.g_01878
OG0000055	Syag	Prbg.g_01624	Syag.g_01799
OG0000055	Syas	Prbg.g_01624	Syas.g_00203
OG0000055	Syat	Prbg.g_01624	Syat.g_00693
OG0000055	Prbm	Prbg.g_01624	Prbm.g_01921
OG0000055	Praj	Prbg.g_01624	Praj.g_01842
OG0000055	Prbb	Prbg.g_01624	Prbb.g_01897
OG0000055	Prbc	Prbg.g_01624	Prbc.g_00907
OG0000055	Pral	Prbg.g_01624	Pral.g_00082
OG0000055	Pram	Prbg.g_01624	Pram.g_01617
OG0000055	Prbh	Prbg.g_01624	Prbh.g_01797
OG0000055	Prak	Prbg.g_01624	Prak.g_01619
OG0000055	Prap	Prbg.g_01624	Prap.g_01805
OG0000055	Prbe	Prbg.g_01624	Prbe.g_01011
OG0000055	Prbf	Prbg.g_01624	Prbf.g_00719
OG0000055	Prbn	Prbg.g_01624	Prbn.g_01719
OG0000057	Prac	Prbg.g_01143	Prac.g_00673
OG0000057	Praq	Prbg.g_01143	Praq.g_00827
OG0000057	Prar	Prbg.g_01143	Prar.g_01528
OG0000057	Pray	Prbg.g_01143	Pray.g_01065
OG0000057	Praz	Prbg.g_01143	Praz.g_01632
OG0000057	Prba	Prbg.g_01143	Prba.g_01619
OG0000057	Prav	Prbg.g_01143	Prav.g_01296
OG0000057	Prab	Prbg.g_01143	Prab.g_00703
OG0000057	Pran	Prbg.g_01143	Pran.g_01480
OG0000057	Prai	Prbg.g_01143	Prai.g_00727
OG0000057	Praa	Prbg.g_01143	Praa.g_00698
OG0000057	Prad	Prbg.g_01143	Prad.g_01272
OG0000057	Prae	Prbg.g_01143	Prae.g_00672
OG0000057	Prax	Prbg.g_01143	Prax.g_00944
OG0000057	Prbd	Prbg.g_01143	Prbd.g_00546
OG0000057	Prbi	Prbg.g_01143	Prbi.g_00702
OG0000057	Pras	Prbg.g_01143	Pras.g_01574
OG0000057	Prau	Prbg.g_01143	Prau.g_00738
OG0000057	Prao	Prbg.g_01143	Prao.g_00136
OG0000057	Prag	Prbg.g_01143	Prag.g_00676
OG0000057	Praw	Prbg.g_01143	Praw.g_01824
OG0000057	Prbc	Prbg.g_01143	Prbc.g_00055, Prbc.g_01780
OG0000057	Praj	Prbg.g_01143	Praj.g_01313, Praj.g_00691
OG0000057	Prbb	Prbg.g_01143	Prbb.g_01359, Prbb.g_00706
OG0000057	Prbm	Prbg.g_01143	Prbm.g_00735
OG0000057	Pral	Prbg.g_01143	Pral.g_01740
OG0000057	Prat	Prbg.g_01143	Prat.g_00775
OG0000057	Syag	Prbg.g_01143	Syag.g_00985
OG0000057	Prbj	Prbg.g_01143	Prbj.g_00758
OG0000057	Prbk	Prbg.g_01143	Prbk.g_01765
OG0000057	Prbl	Prbg.g_01143	Prbl.g_00025
OG0000057	Praf	Prbg.g_01143	Praf.g_01125
OG0000057	Prah	Prbg.g_01143	Prah.g_01027
OG0000057	Syae	Prbg.g_01143	Syae.g_00782
OG0000057	Syad	Prbg.g_01143	Syad.g_01301
OG0000057	Syaj	Prbg.g_01143	Syaj.g_00438
OG0000057	Syab	Prbg.g_01143	Syab.g_01200
OG0000057	Syal	Prbg.g_01143	Syal.g_01812
OG0000057	Syak	Prbg.g_01143	Syak.g_00724, Syak.g_01676
OG0000057	Syar	Prbg.g_01143	Syar.g_01941, Syar.g_00006
OG0000057	Syat	Prbg.g_01143	Syat.g_00817, Syat.g_02055
OG0000057	Syan	Prbg.g_01143	Syan.g_00643, Syan.g_02514, Syan.g_00186
OG0000057	Syaa	Prbg.g_01143	Syaa.g_01466, Syaa.g_00889
OG0000057	Syaf	Prbg.g_01143	Syaf.g_01665, Syaf.g_01452
OG0000057	Syaq	Prbg.g_01143	Syaq.g_02541, Syaq.g_02605
OG0000057	Syas	Prbg.g_01143	Syas.g_01055, Syas.g_01038
OG0000057	Syao	Prbg.g_01143	Syao.g_00377
OG0000057	Syac	Prbg.g_01143	Syac.g_00894
OG0000057	Syah	Prbg.g_01143	Syah.g_02020
OG0000057	Syam	Prbg.g_01143	Syam.g_00784
OG0000057	Syai	Prbg.g_01143	Syai.g_01997
OG0000057	Syap	Prbg.g_01143	Syap.g_01569
OG0000057	Pram	Prbg.g_01143	Pram.g_00792
OG0000057	Prbh	Prbg.g_01143	Prbh.g_00936
OG0000057	Prak	Prbg.g_01143	Prak.g_00829
OG0000057	Prap	Prbg.g_01143	Prap.g_00799
OG0000057	Prbe	Prbg.g_01143	Prbe.g_01206
OG0000057	Prbf	Prbg.g_01143	Prbf.g_01261
OG0000057	Prbn	Prbg.g_01143	Prbn.g_01562
OG0000058	Prad	Prbg.g_00551	Prad.g_00565
OG0000058	Praa	Prbg.g_00551	Praa.g_01425
OG0000058	Pray	Prbg.g_00551	Pray.g_01786
OG0000058	Praz	Prbg.g_00551	Praz.g_01096
OG0000058	Prba	Prbg.g_00551	Prba.g_00153
OG0000058	Prag	Prbg.g_00551	Prag.g_01428
OG0000058	Praw	Prbg.g_00551	Praw.g_01055
OG0000058	Pram	Prbg.g_00551	Pram.g_01447
OG0000058	Prbh	Prbg.g_00551	Prbh.g_00030
OG0000058	Prab	Prbg.g_00551	Prab.g_01393
OG0000058	Pran	Prbg.g_00551	Pran.g_00807
OG0000058	Prbi	Prbg.g_00551	Prbi.g_01461
OG0000058	Pras	Prbg.g_00551	Pras.g_00291
OG0000058	Prav	Prbg.g_00551	Prav.g_01512
OG0000058	Prao	Prbg.g_00551	Prao.g_01191
OG0000058	Prac	Prbg.g_00551	Prac.g_00258, Prac.g_00434
OG0000058	Praq	Prbg.g_00551	Praq.g_00218, Praq.g_00271
OG0000058	Prar	Prbg.g_00551	Prar.g_00870, Prar.g_00362
OG0000058	Prax	Prbg.g_00551	Prax.g_01823
OG0000058	Prae	Prbg.g_00551	Prae.g_01417, Prae.g_01406
OG0000058	Prbd	Prbg.g_00551	Prbd.g_01733
OG0000058	Prbm	Prbg.g_00551	Prbm.g_00881
OG0000058	Praj	Prbg.g_00551	Praj.g_00839
OG0000058	Prbb	Prbg.g_00551	Prbb.g_00851
OG0000058	Prbc	Prbg.g_00551	Prbc.g_01928
OG0000058	Pral	Prbg.g_00551	Pral.g_01202
OG0000058	Prat	Prbg.g_00551	Prat.g_01311
OG0000058	Syag	Prbg.g_00551	Syag.g_02477
OG0000058	Syak	Prbg.g_00551	Syak.g_01530
OG0000058	Praf	Prbg.g_00551	Praf.g_02345
OG0000058	Prbj	Prbg.g_00551	Prbj.g_01467
OG0000058	Prbk	Prbg.g_00551	Prbk.g_00479
OG0000058	Prbl	Prbg.g_00551	Prbl.g_00890
OG0000058	Prah	Prbg.g_00551	Prah.g_02195
OG0000058	Syao	Prbg.g_00551	Syao.g_01978, Syao.g_01080
OG0000058	Syan	Prbg.g_00551	Syan.g_01964, Syan.g_01128, Syan.g_01124
OG0000058	Syap	Prbg.g_00551	Syap.g_02074
OG0000058	Syar	Prbg.g_00551	Syar.g_00648
OG0000058	Syat	Prbg.g_00551	Syat.g_02133, Syat.g_02238, Syat.g_01189
OG0000058	Syam	Prbg.g_00551	Syam.g_00169
OG0000058	Syaq	Prbg.g_00551	Syaq.g_00944
OG0000058	Syae	Prbg.g_00551	Syae.g_01905, Syae.g_01227
OG0000058	Syad	Prbg.g_00551	Syad.g_00452
OG0000058	Syaj	Prbg.g_00551	Syaj.g_02495
OG0000058	Syaa	Prbg.g_00551	Syaa.g_00193, Syaa.g_00455
OG0000058	Syaf	Prbg.g_00551	Syaf.g_00316
OG0000058	Syai	Prbg.g_00551	Syai.g_00195
OG0000058	Syac	Prbg.g_00551	Syac.g_00226
OG0000058	Syah	Prbg.g_00551	Syah.g_00152
OG0000058	Syab	Prbg.g_00551	Syab.g_00227
OG0000058	Syal	Prbg.g_00551	Syal.g_01326
OG0000058	Prai	Prbg.g_00551	Prai.g_01859
OG0000058	Syas	Prbg.g_00551	Syas.g_01151
OG0000058	Prau	Prbg.g_00551	Prau.g_01432, Prau.g_01460
OG0000058	Prak	Prbg.g_00551	Prak.g_01351
OG0000058	Prap	Prbg.g_00551	Prap.g_00081
OG0000058	Prbe	Prbg.g_00551	Prbe.g_00351
OG0000058	Prbf	Prbg.g_00551	Prbf.g_00117
OG0000058	Prbn	Prbg.g_00551	Prbn.g_00172
OG0000059	Prab	Prbg.g_01737	Prab.g_01754
OG0000059	Pran	Prbg.g_01737	Pran.g_01056
OG0000059	Prai	Prbg.g_01737	Prai.g_01725
OG0000059	Prav	Prbg.g_01737	Prav.g_00292
OG0000059	Pray	Prbg.g_01737	Pray.g_01258
OG0000059	Praz	Prbg.g_01737	Praz.g_00311
OG0000059	Prba	Prbg.g_01737	Prba.g_00381
OG0000059	Prag	Prbg.g_01737	Prag.g_01755
OG0000059	Praw	Prbg.g_01737	Praw.g_01894
OG0000059	Prao	Prbg.g_01737	Prao.g_01639
OG0000059	Praa	Prbg.g_01737	Praa.g_01723
OG0000059	Prax	Prbg.g_01737	Prax.g_01286
OG0000059	Prae	Prbg.g_01737	Prae.g_01710
OG0000059	Prbi	Prbg.g_01737	Prbi.g_01873
OG0000059	Prbd	Prbg.g_01737	Prbd.g_01439
OG0000059	Prad	Prbg.g_01737	Prad.g_00855
OG0000059	Prac	Prbg.g_01737	Prac.g_00500
OG0000059	Praq	Prbg.g_01737	Praq.g_00927
OG0000059	Prar	Prbg.g_01737	Prar.g_01090
OG0000059	Pras	Prbg.g_01737	Pras.g_00637
OG0000059	Prau	Prbg.g_01737	Prau.g_01818
OG0000059	Pral	Prbg.g_01737	Pral.g_00195
OG0000059	Prat	Prbg.g_01737	Prat.g_01679
OG0000059	Prbb	Prbg.g_01737	Prbb.g_01946
OG0000059	Prbc	Prbg.g_01737	Prbc.g_00958
OG0000059	Praj	Prbg.g_01737	Praj.g_01892
OG0000059	Prbm	Prbg.g_01737	Prbm.g_01973
OG0000059	Syaa	Prbg.g_01737	Syaa.g_02315
OG0000059	Syaf	Prbg.g_01737	Syaf.g_00143
OG0000059	Syai	Prbg.g_01737	Syai.g_00351
OG0000059	Syam	Prbg.g_01737	Syam.g_00320
OG0000059	Syae	Prbg.g_01737	Syae.g_02074
OG0000059	Syad	Prbg.g_01737	Syad.g_00642
OG0000059	Syaj	Prbg.g_01737	Syaj.g_02686
OG0000059	Syac	Prbg.g_01737	Syac.g_02142
OG0000059	Syah	Prbg.g_01737	Syah.g_00737
OG0000059	Syag	Prbg.g_01737	Syag.g_02721
OG0000059	Syas	Prbg.g_01737	Syas.g_01639
OG0000059	Syap	Prbg.g_01737	Syap.g_01918
OG0000059	Syat	Prbg.g_01737	Syat.g_01832
OG0000059	Syar	Prbg.g_01737	Syar.g_01024
OG0000059	Syan	Prbg.g_01737	Syan.g_02255
OG0000059	Syao	Prbg.g_01737	Syao.g_01801
OG0000059	Praf	Prbg.g_01737	Praf.g_02172
OG0000059	Prah	Prbg.g_01737	Prah.g_02043
OG0000059	Prbj	Prbg.g_01737	Prbj.g_01029
OG0000059	Prbk	Prbg.g_01737	Prbk.g_00992
OG0000059	Prbl	Prbg.g_01737	Prbl.g_00952
OG0000059	Syaq	Prbg.g_01737	Syaq.g_00657
OG0000059	Syak	Prbg.g_01737	Syak.g_01355
OG0000059	Syab	Prbg.g_01737	Syab.g_00397
OG0000059	Syal	Prbg.g_01737	Syal.g_00225
OG0000059	Pram	Prbg.g_01737	Pram.g_01719
OG0000059	Prbh	Prbg.g_01737	Prbh.g_01695
OG0000059	Prak	Prbg.g_01737	Prak.g_01732
OG0000059	Prap	Prbg.g_01737	Prap.g_01691
OG0000059	Prbe	Prbg.g_01737	Prbe.g_01094
OG0000059	Prbf	Prbg.g_01737	Prbf.g_00606
OG0000059	Prbn	Prbg.g_01737	Prbn.g_01833
OG0000061	Prad	Prbg.g_01486	Prad.g_01496
OG0000061	Prae	Prbg.g_01486	Prae.g_01163
OG0000061	Prax	Prbg.g_01486	Prax.g_00200
OG0000061	Pras	Prbg.g_01486	Pras.g_00056
OG0000061	Prau	Prbg.g_01486	Prau.g_01206
OG0000061	Praa	Prbg.g_01486	Praa.g_01159
OG0000061	Prbd	Prbg.g_01486	Prbd.g_00468
OG0000061	Prbi	Prbg.g_01486	Prbi.g_01207
OG0000061	Prao	Prbg.g_01486	Prao.g_01089
OG0000061	Prac	Prbg.g_01486	Prac.g_00985
OG0000061	Praq	Prbg.g_01486	Praq.g_01333
OG0000061	Prar	Prbg.g_01486	Prar.g_01263
OG0000061	Prav	Prbg.g_01486	Prav.g_00065
OG0000061	Prag	Prbg.g_01486	Prag.g_01153
OG0000061	Praw	Prbg.g_01486	Praw.g_00234
OG0000061	Pray	Prbg.g_01486	Pray.g_00064
OG0000061	Praz	Prbg.g_01486	Praz.g_00755
OG0000061	Prba	Prbg.g_01486	Prba.g_00064
OG0000061	Prab	Prbg.g_01486	Prab.g_01219
OG0000061	Pran	Prbg.g_01486	Pran.g_00060
OG0000061	Prai	Prbg.g_01486	Prai.g_01171
OG0000061	Praf	Prbg.g_01486	Praf.g_00854
OG0000061	Prbj	Prbg.g_01486	Prbj.g_00971
OG0000061	Prbk	Prbg.g_01486	Prbk.g_01019
OG0000061	Prbl	Prbg.g_01486	Prbl.g_02084
OG0000061	Prah	Prbg.g_01486	Prah.g_01322
OG0000061	Syag	Prbg.g_01486	Syag.g_01141
OG0000061	Syaq	Prbg.g_01486	Syaq.g_00249
OG0000061	Syak	Prbg.g_01486	Syak.g_00898
OG0000061	Syab	Prbg.g_01486	Syab.g_00969
OG0000061	Syal	Prbg.g_01486	Syal.g_01653
OG0000061	Syao	Prbg.g_01486	Syao.g_00123
OG0000061	Syat	Prbg.g_01486	Syat.g_03260
OG0000061	Syas	Prbg.g_01486	Syas.g_01184
OG0000061	Syar	Prbg.g_01486	Syar.g_01539
OG0000061	Syap	Prbg.g_01486	Syap.g_00228
OG0000061	Syan	Prbg.g_01486	Syan.g_02696
OG0000061	Syac	Prbg.g_01486	Syac.g_00769
OG0000061	Syah	Prbg.g_01486	Syah.g_02158
OG0000061	Syaf	Prbg.g_01486	Syaf.g_01288
OG0000061	Syai	Prbg.g_01486	Syai.g_02144
OG0000061	Syam	Prbg.g_01486	Syam.g_01795
OG0000061	Syad	Prbg.g_01486	Syad.g_01152
OG0000061	Syaj	Prbg.g_01486	Syaj.g_00302
OG0000061	Syaa	Prbg.g_01486	Syaa.g_00770
OG0000061	Syae	Prbg.g_01486	Syae.g_00921
OG0000061	Prbm	Prbg.g_01486	Prbm.g_01549
OG0000061	Praj	Prbg.g_01486	Praj.g_01461
OG0000061	Prbc	Prbg.g_01486	Prbc.g_01446
OG0000061	Prbb	Prbg.g_01486	Prbb.g_01517
OG0000061	Pral	Prbg.g_01486	Pral.g_01367
OG0000061	Prat	Prbg.g_01486	Prat.g_01156
OG0000061	Pram	Prbg.g_01486	Pram.g_01140
OG0000061	Prbh	Prbg.g_01486	Prbh.g_01283
OG0000061	Prak	Prbg.g_01486	Prak.g_01172
OG0000061	Prap	Prbg.g_01486	Prap.g_00456
OG0000061	Prbe	Prbg.g_01486	Prbe.g_01549
OG0000061	Prbf	Prbg.g_01486	Prbf.g_00918
OG0000061	Prbn	Prbg.g_01486	Prbn.g_01189
OG0000062	Prab	Prbg.g_00676	Prab.g_01544
OG0000062	Pran	Prbg.g_00676	Pran.g_00655
OG0000062	Prai	Prbg.g_00676	Prai.g_01540
OG0000062	Prag	Prbg.g_00676	Prag.g_01568
OG0000062	Praw	Prbg.g_00676	Praw.g_00415
OG0000062	Prav	Prbg.g_00676	Prav.g_01656
OG0000062	Prac	Prbg.g_00676	Prac.g_00333
OG0000062	Praq	Prbg.g_00676	Praq.g_00372
OG0000062	Prar	Prbg.g_00676	Prar.g_00769
OG0000062	Pras	Prbg.g_00676	Pras.g_00431
OG0000062	Prau	Prbg.g_00676	Prau.g_01609
OG0000062	Praa	Prbg.g_00676	Praa.g_01555
OG0000062	Prbi	Prbg.g_00676	Prbi.g_01668
OG0000062	Prax	Prbg.g_00676	Prax.g_01650
OG0000062	Prae	Prbg.g_00676	Prae.g_01537
OG0000062	Prbd	Prbg.g_00676	Prbd.g_01610
OG0000062	Prao	Prbg.g_00676	Prao.g_01474
OG0000062	Prad	Prbg.g_00676	Prad.g_00436
OG0000062	Pray	Prbg.g_00676	Pray.g_01644
OG0000062	Praz	Prbg.g_00676	Praz.g_00963
OG0000062	Prba	Prbg.g_00676	Prba.g_00310
OG0000062	Prbm	Prbg.g_00676	Prbm.g_01792
OG0000062	Prbc	Prbg.g_00676	Prbc.g_00790
OG0000062	Praj	Prbg.g_00676	Praj.g_01714
OG0000062	Prbb	Prbg.g_00676	Prbb.g_01768
OG0000062	Prbj	Prbg.g_00676	Prbj.g_00881
OG0000062	Prbk	Prbg.g_00676	Prbk.g_00931
OG0000062	Prbl	Prbg.g_00676	Prbl.g_00417
OG0000062	Praf	Prbg.g_00676	Praf.g_00501
OG0000062	Prah	Prbg.g_00676	Prah.g_01654
OG0000062	Syar	Prbg.g_00676	Syar.g_02911
OG0000062	Syat	Prbg.g_00676	Syat.g_03107
OG0000062	Syap	Prbg.g_00676	Syap.g_01220
OG0000062	Syas	Prbg.g_00676	Syas.g_02702
OG0000062	Syan	Prbg.g_00676	Syan.g_01380
OG0000062	Syao	Prbg.g_00676	Syao.g_01576
OG0000062	Syad	Prbg.g_00676	Syad.g_02598
OG0000062	Syaj	Prbg.g_00676	Syaj.g_01700
OG0000062	Syaa	Prbg.g_00676	Syaa.g_00571
OG0000062	Syae	Prbg.g_00676	Syae.g_01145
OG0000062	Syac	Prbg.g_00676	Syac.g_00567
OG0000062	Syah	Prbg.g_00676	Syah.g_02365
OG0000062	Syai	Prbg.g_00676	Syai.g_02358
OG0000062	Syaf	Prbg.g_00676	Syaf.g_01055
OG0000062	Syam	Prbg.g_00676	Syam.g_01972
OG0000062	Syag	Prbg.g_00676	Syag.g_01669
OG0000062	Syaq	Prbg.g_00676	Syaq.g_01690
OG0000062	Syak	Prbg.g_00676	Syak.g_02434
OG0000062	Syab	Prbg.g_00676	Syab.g_02234
OG0000062	Syal	Prbg.g_00676	Syal.g_00567
OG0000062	Pral	Prbg.g_00676	Pral.g_01073
OG0000062	Prat	Prbg.g_00676	Prat.g_01442
OG0000062	Pram	Prbg.g_00676	Pram.g_01293
OG0000062	Prbh	Prbg.g_00676	Prbh.g_00184
OG0000062	Prak	Prbg.g_00676	Prak.g_01476
OG0000062	Prap	Prbg.g_00676	Prap.g_00206
OG0000062	Prbe	Prbg.g_00676	Prbe.g_00226
OG0000062	Prbf	Prbg.g_00676	Prbf.g_00242
OG0000062	Prbn	Prbg.g_00676	Prbn.g_00897
OG0000063	Praf	Prbg.g_00730	Praf.g_00041
OG0000063	Prah	Prbg.g_00730	Prah.g_00042
OG0000063	Prbj	Prbg.g_00730	Prbj.g_01208
OG0000063	Prbl	Prbg.g_00730	Prbl.g_01981
OG0000063	Prbk	Prbg.g_00730	Prbk.g_01613
OG0000063	Syag	Prbg.g_00730	Syag.g_02313
OG0000063	Syar	Prbg.g_00730	Syar.g_00509
OG0000063	Syat	Prbg.g_00730	Syat.g_02303
OG0000063	Syap	Prbg.g_00730	Syap.g_01796
OG0000063	Syas	Prbg.g_00730	Syas.g_02074
OG0000063	Syan	Prbg.g_00730	Syan.g_01739
OG0000063	Syao	Prbg.g_00730	Syao.g_02230
OG0000063	Syaq	Prbg.g_00730	Syaq.g_01110
OG0000063	Syak	Prbg.g_00730	Syak.g_01752
OG0000063	Syab	Prbg.g_00730	Syab.g_00040
OG0000063	Syal	Prbg.g_00730	Syal.g_00136
OG0000063	Syad	Prbg.g_00730	Syad.g_00202
OG0000063	Syaj	Prbg.g_00730	Syaj.g_02302
OG0000063	Syaa	Prbg.g_00730	Syaa.g_00042
OG0000063	Syaf	Prbg.g_00730	Syaf.g_00457
OG0000063	Syai	Prbg.g_00730	Syai.g_00042
OG0000063	Syam	Prbg.g_00730	Syam.g_00039
OG0000063	Syac	Prbg.g_00730	Syac.g_00037
OG0000063	Syah	Prbg.g_00730	Syah.g_00337
OG0000063	Syae	Prbg.g_00730	Syae.g_01752
OG0000063	Prbm	Prbg.g_00730	Prbm.g_01947
OG0000063	Praj	Prbg.g_00730	Praj.g_01867
OG0000063	Prbc	Prbg.g_00730	Prbc.g_00932
OG0000063	Prbb	Prbg.g_00730	Prbb.g_01921
OG0000063	Prai	Prbg.g_00730	Prai.g_01261
OG0000063	Prad	Prbg.g_00730	Prad.g_00081
OG0000063	Prac	Prbg.g_00730	Prac.g_00908
OG0000063	Praq	Prbg.g_00730	Praq.g_00075
OG0000063	Prar	Prbg.g_00730	Prar.g_01189
OG0000063	Prau	Prbg.g_00730	Prau.g_01295
OG0000063	Pram	Prbg.g_00730	Pram.g_01258
OG0000063	Prbh	Prbg.g_00730	Prbh.g_01401
OG0000063	Pral	Prbg.g_00730	Pral.g_00435
OG0000063	Prat	Prbg.g_00730	Prat.g_01516
OG0000063	Prak	Prbg.g_00730	Prak.g_01530
OG0000063	Prap	Prbg.g_00730	Prap.g_01903
OG0000063	Prbe	Prbg.g_00730	Prbe.g_00021
OG0000063	Prbf	Prbg.g_00730	Prbf.g_00808
OG0000063	Prbn	Prbg.g_00730	Prbn.g_00130
OG0000064	Syag	Prbg.g_00802	Syag.g_00076, Syag.g_00487, Syag.g_01589
OG0000064	Syao	Prbg.g_00802	Syao.g_01898, Syao.g_02607, Syao.g_00495, Syao.g_01462, Syao.g_02605
OG0000064	Syac	Prbg.g_00802	Syac.g_00575, Syac.g_01567
OG0000064	Syah	Prbg.g_00802	Syah.g_02357, Syah.g_01353
OG0000064	Syak	Prbg.g_00802	Syak.g_00983, Syak.g_00254, Syak.g_00126, Syak.g_00164
OG0000064	Syab	Prbg.g_00802	Syab.g_00824, Syab.g_02808, Syab.g_01783, Syab.g_00997
OG0000064	Syal	Prbg.g_00802	Syal.g_01545, Syal.g_01115, Syal.g_02544, Syal.g_01681
OG0000064	Syai	Prbg.g_00802	Syai.g_02350, Syai.g_02844, Syai.g_01162, Syai.g_01163, Syai.g_01668
OG0000064	Syaf	Prbg.g_00802	Syaf.g_01063, Syaf.g_02253, Syaf.g_01667
OG0000064	Syam	Prbg.g_00802	Syam.g_01964, Syam.g_02363, Syam.g_01415, Syam.g_01414, Syam.g_00978
OG0000064	Syaa	Prbg.g_00802	Syaa.g_00579, Syaa.g_01284, Syaa.g_02666, Syaa.g_01568
OG0000064	Syae	Prbg.g_00802	Syae.g_01137, Syae.g_00012, Syae.g_01631, Syae.g_00194
OG0000064	Syad	Prbg.g_00802	Syad.g_00873, Syad.g_00081, Syad.g_02125
OG0000064	Syaj	Prbg.g_00802	Syaj.g_00041, Syaj.g_01253
OG0000064	Syan	Prbg.g_00802	Syan.g_02519, Syan.g_00785, Syan.g_02518
OG0000064	Syaq	Prbg.g_00802	Syaq.g_02138
OG0000064	Syas	Prbg.g_00802	Syas.g_02423, Syas.g_00946
OG0000064	Syar	Prbg.g_00802	Syar.g_03117, Syar.g_00860
OG0000064	Syat	Prbg.g_00802	Syat.g_01568
OG0000064	Prat	Prbg.g_00802	Prat.g_00064
OG0000064	Pral	Prbg.g_00802	Pral.g_00980
OG0000064	Pram	Prbg.g_00802	Pram.g_00052
OG0000064	Prbh	Prbg.g_00802	Prbh.g_00715
OG0000064	Prak	Prbg.g_00802	Prak.g_00072
OG0000064	Prap	Prbg.g_00802	Prap.g_00883
OG0000064	Prbe	Prbg.g_00802	Prbe.g_00172
OG0000064	Prbf	Prbg.g_00802	Prbf.g_01394
OG0000064	Prbn	Prbg.g_00802	Prbn.g_00710
OG0000065	Pray	Prbg.g_00879	Pray.g_00182
OG0000065	Praz	Prbg.g_00879	Praz.g_00467
OG0000065	Prba	Prbg.g_00879	Prba.g_01895
OG0000065	Prad	Prbg.g_00879	Prad.g_01886
OG0000065	Prae	Prbg.g_00879	Prae.g_00106
OG0000065	Praa	Prbg.g_00879	Praa.g_00107
OG0000065	Prbd	Prbg.g_00879	Prbd.g_01137
OG0000065	Prax	Prbg.g_00879	Prax.g_01112
OG0000065	Pras	Prbg.g_00879	Pras.g_00958
OG0000065	Prau	Prbg.g_00879	Prau.g_00108
OG0000065	Prbi	Prbg.g_00879	Prbi.g_00114
OG0000065	Prac	Prbg.g_00879	Prac.g_01824
OG0000065	Praq	Prbg.g_00879	Praq.g_01896
OG0000065	Prar	Prbg.g_00879	Prar.g_00221
OG0000065	Prao	Prbg.g_00879	Prao.g_00245
OG0000065	Prab	Prbg.g_00879	Prab.g_00098
OG0000065	Pran	Prbg.g_00879	Pran.g_00326
OG0000065	Prai	Prbg.g_00879	Prai.g_00107
OG0000065	Prag	Prbg.g_00879	Prag.g_00100
OG0000065	Praw	Prbg.g_00879	Praw.g_01328
OG0000065	Prav	Prbg.g_00879	Prav.g_00172
OG0000065	Syad	Prbg.g_00879	Syad.g_02801, Syad.g_02574
OG0000065	Syaj	Prbg.g_00879	Syaj.g_01887, Syaj.g_00007
OG0000065	Syaf	Prbg.g_00879	Syaf.g_00903
OG0000065	Syam	Prbg.g_00879	Syam.g_02121
OG0000065	Syae	Prbg.g_00879	Syae.g_01363, Syae.g_00722
OG0000065	Syaa	Prbg.g_00879	Syaa.g_02380
OG0000065	Syac	Prbg.g_00879	Syac.g_00396, Syac.g_00490
OG0000065	Syah	Prbg.g_00879	Syah.g_02537, Syah.g_02443
OG0000065	Praf	Prbg.g_00879	Praf.g_00244
OG0000065	Prah	Prbg.g_00879	Prah.g_01897
OG0000065	Prbj	Prbg.g_00879	Prbj.g_00620
OG0000065	Prbk	Prbg.g_00879	Prbk.g_00011
OG0000065	Prbl	Prbg.g_00879	Prbl.g_00552
OG0000065	Syag	Prbg.g_00879	Syag.g_01885, Syag.g_00182
OG0000065	Syaq	Prbg.g_00879	Syaq.g_01487, Syaq.g_01908
OG0000065	Syan	Prbg.g_00879	Syan.g_02974
OG0000065	Syao	Prbg.g_00879	Syao.g_02600
OG0000065	Syar	Prbg.g_00879	Syar.g_03119
OG0000065	Syas	Prbg.g_00879	Syas.g_02420
OG0000065	Syat	Prbg.g_00879	Syat.g_01571
OG0000065	Syak	Prbg.g_00879	Syak.g_02192, Syak.g_00282
OG0000065	Syab	Prbg.g_00879	Syab.g_02500, Syab.g_01768
OG0000065	Syal	Prbg.g_00879	Syal.g_00820, Syal.g_02528
OG0000065	Prbm	Prbg.g_00879	Prbm.g_00164
OG0000065	Prbc	Prbg.g_00879	Prbc.g_00466
OG0000065	Praj	Prbg.g_00879	Praj.g_00145
OG0000065	Prbb	Prbg.g_00879	Prbb.g_00162
OG0000065	Pral	Prbg.g_00879	Pral.g_00940
OG0000065	Prat	Prbg.g_00879	Prat.g_00104
OG0000065	Pram	Prbg.g_00879	Pram.g_00091
OG0000065	Prbh	Prbg.g_00879	Prbh.g_00676
OG0000065	Prak	Prbg.g_00879	Prak.g_00113
OG0000065	Prap	Prbg.g_00879	Prap.g_01069
OG0000065	Prbe	Prbg.g_00879	Prbe.g_01649
OG0000065	Prbf	Prbg.g_00879	Prbf.g_01435
OG0000065	Prbn	Prbg.g_00879	Prbn.g_01312
OG0000066	Prav	Prbg.g_00256	Prav.g_01137
OG0000066	Prag	Prbg.g_00256	Prag.g_00518
OG0000066	Praw	Prbg.g_00256	Praw.g_00609
OG0000066	Prbi	Prbg.g_00256	Prbi.g_00542
OG0000066	Prbd	Prbg.g_00256	Prbd.g_00703
OG0000066	Pray	Prbg.g_00256	Pray.g_01222
OG0000066	Praz	Prbg.g_00256	Praz.g_01789
OG0000066	Praa	Prbg.g_00256	Praa.g_00539
OG0000066	Prba	Prbg.g_00256	Prba.g_00922
OG0000066	Prau	Prbg.g_00256	Prau.g_00579
OG0000066	Pras	Prbg.g_00256	Pras.g_01416
OG0000066	Prax	Prbg.g_00256	Prax.g_00662
OG0000066	Prae	Prbg.g_00256	Prae.g_00514
OG0000066	Prad	Prbg.g_00256	Prad.g_00090
OG0000066	Prac	Prbg.g_00256	Prac.g_00833
OG0000066	Praq	Prbg.g_00256	Praq.g_01063
OG0000066	Prar	Prbg.g_00256	Prar.g_01369
OG0000066	Prab	Prbg.g_00256	Prab.g_00543
OG0000066	Pran	Prbg.g_00256	Pran.g_01639
OG0000066	Prai	Prbg.g_00256	Prai.g_00567
OG0000066	Prbm	Prbg.g_00256	Prbm.g_00572
OG0000066	Prbc	Prbg.g_00256	Prbc.g_01618
OG0000066	Praj	Prbg.g_00256	Praj.g_00530
OG0000066	Prbb	Prbg.g_00256	Prbb.g_00542
OG0000066	Pral	Prbg.g_00256	Pral.g_00551
OG0000066	Syan	Prbg.g_00256	Syan.g_01156
OG0000066	Syao	Prbg.g_00256	Syao.g_01422
OG0000066	Syat	Prbg.g_00256	Syat.g_03283
OG0000066	Syas	Prbg.g_00256	Syas.g_00094
OG0000066	Syap	Prbg.g_00256	Syap.g_01972
OG0000066	Prbj	Prbg.g_00256	Prbj.g_02141
OG0000066	Prbk	Prbg.g_00256	Prbk.g_01094
OG0000066	Prbl	Prbg.g_00256	Prbl.g_00752
OG0000066	Praf	Prbg.g_00256	Praf.g_00672
OG0000066	Prah	Prbg.g_00256	Prah.g_01485
OG0000066	Syab	Prbg.g_00256	Syab.g_01516, Syab.g_02031
OG0000066	Syae	Prbg.g_00256	Syae.g_02386
OG0000066	Syad	Prbg.g_00256	Syad.g_00992
OG0000066	Syaj	Prbg.g_00256	Syaj.g_00157
OG0000066	Syac	Prbg.g_00256	Syac.g_01827
OG0000066	Syah	Prbg.g_00256	Syah.g_01073
OG0000066	Syar	Prbg.g_00256	Syar.g_03187, Syar.g_02228
OG0000066	Syaa	Prbg.g_00256	Syaa.g_01968
OG0000066	Syam	Prbg.g_00256	Syam.g_00552, Syam.g_00662
OG0000066	Syaf	Prbg.g_00256	Syaf.g_02643
OG0000066	Syai	Prbg.g_00256	Syai.g_01709, Syai.g_00719
OG0000066	Syak	Prbg.g_00256	Syak.g_02653
OG0000066	Syaq	Prbg.g_00256	Syaq.g_01851
OG0000066	Syag	Prbg.g_00256	Syag.g_01443
OG0000066	Syal	Prbg.g_00256	Syal.g_02828
OG0000066	Pram	Prbg.g_00256	Pram.g_01558
OG0000066	Prbh	Prbg.g_00256	Prbh.g_01856
OG0000066	Prak	Prbg.g_00256	Prak.g_00498
OG0000066	Prap	Prbg.g_00256	Prap.g_01230
OG0000066	Prbe	Prbg.g_00256	Prbe.g_00596
OG0000066	Prbf	Prbg.g_00256	Prbf.g_01820
OG0000066	Prbn	Prbg.g_00256	Prbn.g_00577
OG0000067	Prab	Prbg.g_01159	Prab.g_00840
OG0000067	Pran	Prbg.g_01159	Pran.g_01343
OG0000067	Prai	Prbg.g_01159	Prai.g_00848
OG0000067	Prav	Prbg.g_01159	Prav.g_00397
OG0000067	Prbi	Prbg.g_01159	Prbi.g_00847
OG0000067	Pras	Prbg.g_01159	Pras.g_01701, Pras.g_00311
OG0000067	Prax	Prbg.g_01159	Prax.g_00373
OG0000067	Prbd	Prbg.g_01159	Prbd.g_00102
OG0000067	Praa	Prbg.g_01159	Praa.g_00803
OG0000067	Pray	Prbg.g_01159	Pray.g_00348
OG0000067	Praz	Prbg.g_01159	Praz.g_01512
OG0000067	Prba	Prbg.g_01159	Prba.g_01499
OG0000067	Prad	Prbg.g_01159	Prad.g_01146
OG0000067	Prao	Prbg.g_01159	Prao.g_00741
OG0000067	Prae	Prbg.g_01159	Prae.g_00806
OG0000067	Prau	Prbg.g_01159	Prau.g_00854
OG0000067	Prac	Prbg.g_01159	Prac.g_01475
OG0000067	Praq	Prbg.g_01159	Praq.g_00670
OG0000067	Prar	Prbg.g_01159	Prar.g_01684
OG0000067	Prag	Prbg.g_01159	Prag.g_00806
OG0000067	Praw	Prbg.g_01159	Praw.g_01697
OG0000067	Pral	Prbg.g_01159	Pral.g_01488
OG0000067	Prat	Prbg.g_01159	Prat.g_01037
OG0000067	Syaj	Prbg.g_01159	Syaj.g_01023
OG0000067	Syac	Prbg.g_01159	Syac.g_01341
OG0000067	Syah	Prbg.g_01159	Syah.g_01779
OG0000067	Syaf	Prbg.g_01159	Syaf.g_02049
OG0000067	Syai	Prbg.g_01159	Syai.g_01321
OG0000067	Syam	Prbg.g_01159	Syam.g_01290
OG0000067	Syaa	Prbg.g_01159	Syaa.g_01154
OG0000067	Syad	Prbg.g_01159	Syad.g_01889
OG0000067	Syae	Prbg.g_01159	Syae.g_00521
OG0000067	Syar	Prbg.g_01159	Syar.g_02639
OG0000067	Syas	Prbg.g_01159	Syas.g_00596, Syas.g_00352, Syas.g_02346
OG0000067	Syan	Prbg.g_01159	Syan.g_00690
OG0000067	Syao	Prbg.g_01159	Syao.g_00756
OG0000067	Syap	Prbg.g_01159	Syap.g_00194
OG0000067	Syat	Prbg.g_01159	Syat.g_00479, Syat.g_01324, Syat.g_02018, Syat.g_02874
OG0000067	Prbj	Prbg.g_01159	Prbj.g_02412
OG0000067	Prbk	Prbg.g_01159	Prbk.g_02468
OG0000067	Prbl	Prbg.g_01159	Prbl.g_02335
OG0000067	Praf	Prbg.g_01159	Praf.g_01530
OG0000067	Prah	Prbg.g_01159	Prah.g_00667, Prah.g_01826
OG0000067	Syak	Prbg.g_01159	Syak.g_00434
OG0000067	Syab	Prbg.g_01159	Syab.g_01659
OG0000067	Syal	Prbg.g_01159	Syal.g_02414
OG0000067	Syag	Prbg.g_01159	Syag.g_00667
OG0000067	Syaq	Prbg.g_01159	Syaq.g_02340, Syaq.g_02560
OG0000067	Prbm	Prbg.g_01159	Prbm.g_00814
OG0000067	Praj	Prbg.g_01159	Praj.g_00769
OG0000067	Prbb	Prbg.g_01159	Prbb.g_00783
OG0000067	Prbc	Prbg.g_01159	Prbc.g_01858
OG0000067	Pram	Prbg.g_01159	Pram.g_00809
OG0000067	Prbh	Prbg.g_01159	Prbh.g_00953
OG0000067	Prak	Prbg.g_01159	Prak.g_00845
OG0000067	Prap	Prbg.g_01159	Prap.g_00783
OG0000067	Prbe	Prbg.g_01159	Prbe.g_01222
OG0000067	Prbf	Prbg.g_01159	Prbf.g_01245
OG0000067	Prbn	Prbg.g_01159	Prbn.g_01546
OG0000068	Prab	Prbg.g_00529	Prab.g_01360
OG0000068	Pran	Prbg.g_00529	Pran.g_00841
OG0000068	Prai	Prbg.g_00529	Prai.g_01370
OG0000068	Prao	Prbg.g_00529	Prao.g_01239
OG0000068	Prad	Prbg.g_00529	Prad.g_00594
OG0000068	Pray	Prbg.g_00529	Pray.g_01829
OG0000068	Praz	Prbg.g_00529	Praz.g_01139
OG0000068	Prba	Prbg.g_00529	Prba.g_00196
OG0000068	Prav	Prbg.g_00529	Prav.g_01473
OG0000068	Pras	Prbg.g_00529	Pras.g_00250
OG0000068	Prau	Prbg.g_00529	Prau.g_01409
OG0000068	Praa	Prbg.g_00529	Praa.g_01366
OG0000068	Prax	Prbg.g_00529	Prax.g_01863
OG0000068	Prbd	Prbg.g_00529	Prbd.g_01764
OG0000068	Prae	Prbg.g_00529	Prae.g_01368
OG0000068	Prbi	Prbg.g_00529	Prbi.g_01439
OG0000068	Prag	Prbg.g_00529	Prag.g_01389
OG0000068	Praw	Prbg.g_00529	Praw.g_01016
OG0000068	Prac	Prbg.g_00529	Prac.g_00217
OG0000068	Prar	Prbg.g_00529	Prar.g_00911
OG0000068	Praq	Prbg.g_00529	Praq.g_00175
OG0000068	Praj	Prbg.g_00529	Praj.g_01575
OG0000068	Prbc	Prbg.g_00529	Prbc.g_00657
OG0000068	Prbb	Prbg.g_00529	Prbb.g_01639
OG0000068	Prbm	Prbg.g_00529	Prbm.g_01660
OG0000068	Prbj	Prbg.g_00529	Prbj.g_01639
OG0000068	Prbk	Prbg.g_00529	Prbk.g_02052
OG0000068	Prbl	Prbg.g_00529	Prbl.g_00502
OG0000068	Prah	Prbg.g_00529	Prah.g_01576
OG0000068	Praf	Prbg.g_00529	Praf.g_00585, Praf.g_00583
OG0000068	Syag	Prbg.g_00529	Syag.g_01537
OG0000068	Syaq	Prbg.g_00529	Syaq.g_01763
OG0000068	Syak	Prbg.g_00529	Syak.g_02565
OG0000068	Syab	Prbg.g_00529	Syab.g_02087
OG0000068	Syal	Prbg.g_00529	Syal.g_02888
OG0000068	Syar	Prbg.g_00529	Syar.g_02329, Syar.g_01461
OG0000068	Syat	Prbg.g_00529	Syat.g_00085, Syat.g_01295
OG0000068	Syan	Prbg.g_00529	Syan.g_00845, Syan.g_00257, Syan.g_02773
OG0000068	Syao	Prbg.g_00529	Syao.g_00868, Syao.g_00036
OG0000068	Syas	Prbg.g_00529	Syas.g_00969, Syas.g_01261
OG0000068	Syap	Prbg.g_00529	Syap.g_00108, Syap.g_00144
OG0000068	Syae	Prbg.g_00529	Syae.g_02299
OG0000068	Syad	Prbg.g_00529	Syad.g_00891
OG0000068	Syaj	Prbg.g_00529	Syaj.g_00059
OG0000068	Syaa	Prbg.g_00529	Syaa.g_02059
OG0000068	Syac	Prbg.g_00529	Syac.g_01916
OG0000068	Syah	Prbg.g_00529	Syah.g_00986
OG0000068	Syaf	Prbg.g_00529	Syaf.g_02733
OG0000068	Syai	Prbg.g_00529	Syai.g_00628
OG0000068	Syam	Prbg.g_00529	Syam.g_00575
OG0000068	Pral	Prbg.g_00529	Pral.g_01222
OG0000068	Prat	Prbg.g_00529	Prat.g_01291
OG0000068	Pram	Prbg.g_00529	Pram.g_01468
OG0000068	Prbh	Prbg.g_00529	Prbh.g_00009
OG0000068	Prbe	Prbg.g_00529	Prbe.g_00373
OG0000068	Prak	Prbg.g_00529	Prak.g_01329
OG0000068	Prap	Prbg.g_00529	Prap.g_00059
OG0000068	Prbf	Prbg.g_00529	Prbf.g_00095
OG0000068	Prbn	Prbg.g_00529	Prbn.g_01240
OG0000069	Prbd	Prbg.g_00174	Prbd.g_01575
OG0000069	Praa	Prbg.g_00174	Praa.g_01590
OG0000069	Prax	Prbg.g_00174	Prax.g_01616
OG0000069	Prad	Prbg.g_00174	Prad.g_00952, Prad.g_00400
OG0000069	Pras	Prbg.g_00174	Pras.g_00538, Pras.g_00464
OG0000069	Prau	Prbg.g_00174	Prau.g_01285, Prau.g_01642
OG0000069	Prac	Prbg.g_00174	Prac.g_00890, Prac.g_00300
OG0000069	Praq	Prbg.g_00174	Praq.g_00056, Praq.g_00018
OG0000069	Prar	Prbg.g_00174	Prar.g_01170, Prar.g_00736
OG0000069	Prav	Prbg.g_00174	Prav.g_01881, Prav.g_01689
OG0000069	Prae	Prbg.g_00174	Prae.g_01573
OG0000069	Prab	Prbg.g_00174	Prab.g_01585
OG0000069	Pran	Prbg.g_00174	Pran.g_00614
OG0000069	Prai	Prbg.g_00174	Prai.g_01579
OG0000069	Pray	Prbg.g_00174	Pray.g_01609
OG0000069	Praz	Prbg.g_00174	Praz.g_00928
OG0000069	Prba	Prbg.g_00174	Prba.g_00275
OG0000069	Prbi	Prbg.g_00174	Prbi.g_01702
OG0000069	Prag	Prbg.g_00174	Prag.g_01601
OG0000069	Praw	Prbg.g_00174	Praw.g_00448
OG0000069	Prao	Prbg.g_00174	Prao.g_01508
OG0000069	Syac	Prbg.g_00174	Syac.g_01272
OG0000069	Syah	Prbg.g_00174	Syah.g_01715
OG0000069	Syao	Prbg.g_00174	Syao.g_01265, Syao.g_01460, Syao.g_00313
OG0000069	Syat	Prbg.g_00174	Syat.g_00090, Syat.g_00879
OG0000069	Syas	Prbg.g_00174	Syas.g_00779, Syas.g_00876
OG0000069	Syap	Prbg.g_00174	Syap.g_01936, Syap.g_01543, Syap.g_01545
OG0000069	Syaa	Prbg.g_00174	Syaa.g_01497, Syaa.g_01256
OG0000069	Syam	Prbg.g_00174	Syam.g_01521
OG0000069	Syan	Prbg.g_00174	Syan.g_00459, Syan.g_00278
OG0000069	Syae	Prbg.g_00174	Syae.g_00458
OG0000069	Syar	Prbg.g_00174	Syar.g_01716
OG0000069	Pral	Prbg.g_00174	Pral.g_01114
OG0000069	Prat	Prbg.g_00174	Prat.g_01400
OG0000069	Prbm	Prbg.g_00174	Prbm.g_01753
OG0000069	Praj	Prbg.g_00174	Praj.g_01675
OG0000069	Prbb	Prbg.g_00174	Prbb.g_01729
OG0000069	Prbc	Prbg.g_00174	Prbc.g_00752
OG0000069	Pram	Prbg.g_00174	Pram.g_00391
OG0000069	Prbh	Prbg.g_00174	Prbh.g_00376
OG0000069	Prak	Prbg.g_00174	Prak.g_00416
OG0000069	Prap	Prbg.g_00174	Prap.g_01312
OG0000069	Prbe	Prbg.g_00174	Prbe.g_00678
OG0000069	Prbf	Prbg.g_00174	Prbf.g_01738
OG0000069	Prbn	Prbg.g_00174	Prbn.g_00659
OG0000070	Prai	Prbg.g_00170	Prai.g_00481
OG0000070	Pray	Prbg.g_00170	Pray.g_00940
OG0000070	Praz	Prbg.g_00170	Praz.g_01878
OG0000070	Prba	Prbg.g_00170	Prba.g_01011
OG0000070	Prac	Prbg.g_00170	Prac.g_01097
OG0000070	Praq	Prbg.g_00170	Praq.g_01107
OG0000070	Prar	Prbg.g_00170	Prar.g_00498
OG0000070	Prab	Prbg.g_00170	Prab.g_00456
OG0000070	Pran	Prbg.g_00170	Pran.g_01727
OG0000070	Prad	Prbg.g_00170	Prad.g_00057
OG0000070	Praa	Prbg.g_00170	Praa.g_00449
OG0000070	Prao	Prbg.g_00170	Prao.g_00554
OG0000070	Prag	Prbg.g_00170	Prag.g_00429
OG0000070	Praw	Prbg.g_00170	Praw.g_00697
OG0000070	Prae	Prbg.g_00170	Prae.g_00424
OG0000070	Pras	Prbg.g_00170	Pras.g_01328
OG0000070	Prau	Prbg.g_00170	Prau.g_00491
OG0000070	Prav	Prbg.g_00170	Prav.g_01049
OG0000070	Prax	Prbg.g_00170	Prax.g_00750
OG0000070	Prbd	Prbg.g_00170	Prbd.g_00792
OG0000070	Prbi	Prbg.g_00170	Prbi.g_00451
OG0000070	Prbb	Prbg.g_00170	Prbb.g_00455
OG0000070	Praj	Prbg.g_00170	Praj.g_00444
OG0000070	Prbc	Prbg.g_00170	Prbc.g_01511
OG0000070	Prbm	Prbg.g_00170	Prbm.g_00460
OG0000070	Praf	Prbg.g_00170	Praf.g_01962
OG0000070	Prbj	Prbg.g_00170	Prbj.g_00118
OG0000070	Prbk	Prbg.g_00170	Prbk.g_00310
OG0000070	Prbl	Prbg.g_00170	Prbl.g_00634
OG0000070	Prah	Prbg.g_00170	Prah.g_00252
OG0000070	Syae	Prbg.g_00170	Syae.g_00979
OG0000070	Syak	Prbg.g_00170	Syak.g_01174
OG0000070	Syaq	Prbg.g_00170	Syaq.g_00484
OG0000070	Syag	Prbg.g_00170	Syag.g_00049
OG0000070	Syab	Prbg.g_00170	Syab.g_00614
OG0000070	Syal	Prbg.g_00170	Syal.g_00509
OG0000070	Syad	Prbg.g_00170	Syad.g_02424
OG0000070	Syaj	Prbg.g_00170	Syaj.g_01529
OG0000070	Syaa	Prbg.g_00170	Syaa.g_00718
OG0000070	Syac	Prbg.g_00170	Syac.g_00711
OG0000070	Syah	Prbg.g_00170	Syah.g_02217
OG0000070	Syai	Prbg.g_00170	Syai.g_02196
OG0000070	Syaf	Prbg.g_00170	Syaf.g_01237
OG0000070	Syam	Prbg.g_00170	Syam.g_01847
OG0000070	Pral	Prbg.g_00170	Pral.g_00643
OG0000070	Prat	Prbg.g_00170	Prat.g_00412
OG0000070	Syar	Prbg.g_00170	Syar.g_02223
OG0000070	Syan	Prbg.g_00170	Syan.g_00289
OG0000070	Syao	Prbg.g_00170	Syao.g_00330
OG0000070	Syap	Prbg.g_00170	Syap.g_00930, Syap.g_00931, Syap.g_00966, Syap.g_00802, Syap.g_00915, Syap.g_00953
OG0000070	Syat	Prbg.g_00170	Syat.g_01032, Syat.g_01040
OG0000070	Syas	Prbg.g_00170	Syas.g_00173
OG0000070	Pram	Prbg.g_00170	Pram.g_00385
OG0000070	Prbh	Prbg.g_00170	Prbh.g_00382
OG0000070	Prak	Prbg.g_00170	Prak.g_00412
OG0000070	Prap	Prbg.g_00170	Prap.g_01316
OG0000070	Prbe	Prbg.g_00170	Prbe.g_01948
OG0000070	Prbf	Prbg.g_00170	Prbf.g_01734
OG0000070	Prbn	Prbg.g_00170	Prbn.g_00663
OG0000071	Prag	Prbg.g_00477	Prag.g_01355
OG0000071	Praw	Prbg.g_00477	Praw.g_00981
OG0000071	Prac	Prbg.g_00477	Prac.g_00175
OG0000071	Praq	Prbg.g_00477	Praq.g_00133
OG0000071	Prar	Prbg.g_00477	Prar.g_00955
OG0000071	Prav	Prbg.g_00477	Prav.g_01438
OG0000071	Pras	Prbg.g_00477	Pras.g_00209
OG0000071	Prau	Prbg.g_00477	Prau.g_01371
OG0000071	Prae	Prbg.g_00477	Prae.g_01329
OG0000071	Praa	Prbg.g_00477	Praa.g_01318
OG0000071	Prad	Prbg.g_00477	Prad.g_00628
OG0000071	Prbd	Prbg.g_00477	Prbd.g_01801
OG0000071	Prbi	Prbg.g_00477	Prbi.g_01391
OG0000071	Prao	Prbg.g_00477	Prao.g_01276
OG0000071	Pray	Prbg.g_00477	Pray.g_01870
OG0000071	Praz	Prbg.g_00477	Praz.g_01180
OG0000071	Prba	Prbg.g_00477	Prba.g_01192
OG0000071	Prax	Prbg.g_00477	Prax.g_01899
OG0000071	Prai	Prbg.g_00477	Prai.g_01335
OG0000071	Prab	Prbg.g_00477	Prab.g_01637, Prab.g_01326
OG0000071	Pran	Prbg.g_00477	Pran.g_00938, Pran.g_00876
OG0000071	Pral	Prbg.g_00477	Pral.g_01281
OG0000071	Prat	Prbg.g_00477	Prat.g_01249
OG0000071	Prah	Prbg.g_00477	Prah.g_01364
OG0000071	Praf	Prbg.g_00477	Praf.g_00796
OG0000071	Prbj	Prbg.g_00477	Prbj.g_01728
OG0000071	Prbk	Prbg.g_00477	Prbk.g_01183
OG0000071	Prbl	Prbg.g_00477	Prbl.g_01722
OG0000071	Syar	Prbg.g_00477	Syar.g_02777
OG0000071	Syas	Prbg.g_00477	Syas.g_02854
OG0000071	Syap	Prbg.g_00477	Syap.g_01483
OG0000071	Syat	Prbg.g_00477	Syat.g_01153
OG0000071	Syac	Prbg.g_00477	Syac.g_01049, Syac.g_00729
OG0000071	Syah	Prbg.g_00477	Syah.g_01863, Syah.g_02199
OG0000071	Syak	Prbg.g_00477	Syak.g_02322, Syak.g_00936
OG0000071	Syal	Prbg.g_00477	Syal.g_02099, Syal.g_01601
OG0000071	Syag	Prbg.g_00477	Syag.g_01192
OG0000071	Syae	Prbg.g_00477	Syae.g_00961
OG0000071	Syaa	Prbg.g_00477	Syaa.g_00735
OG0000071	Syaf	Prbg.g_00477	Syaf.g_01254
OG0000071	Syai	Prbg.g_00477	Syai.g_02179
OG0000071	Syam	Prbg.g_00477	Syam.g_01830
OG0000071	Syad	Prbg.g_00477	Syad.g_02405
OG0000071	Syaj	Prbg.g_00477	Syaj.g_01511
OG0000071	Syab	Prbg.g_00477	Syab.g_00915
OG0000071	Syaq	Prbg.g_00477	Syaq.g_00297
OG0000071	Syan	Prbg.g_00477	Syan.g_01213
OG0000071	Syao	Prbg.g_00477	Syao.g_01433
OG0000071	Praj	Prbg.g_00477	Praj.g_01528
OG0000071	Prbc	Prbg.g_00477	Prbc.g_00566
OG0000071	Prbb	Prbg.g_00477	Prbb.g_01586
OG0000071	Prbm	Prbg.g_00477	Prbm.g_00468, Prbm.g_01611
OG0000071	Pram	Prbg.g_00477	Pram.g_01230
OG0000071	Prbh	Prbg.g_00477	Prbh.g_01373
OG0000071	Prak	Prbg.g_00477	Prak.g_01277
OG0000071	Prap	Prbg.g_00477	Prap.g_00561
OG0000071	Prbe	Prbg.g_00477	Prbe.g_00893
OG0000071	Prbf	Prbg.g_00477	Prbf.g_00026
OG0000071	Prbn	Prbg.g_00477	Prbn.g_01084
OG0000072	Prab	Prbg.g_00949	Prab.g_00162
OG0000072	Pran	Prbg.g_00949	Pran.g_00261
OG0000072	Prai	Prbg.g_00949	Prai.g_00182
OG0000072	Prac	Prbg.g_00949	Prac.g_01759
OG0000072	Praq	Prbg.g_00949	Praq.g_01831
OG0000072	Prar	Prbg.g_00949	Prar.g_00156
OG0000072	Prao	Prbg.g_00949	Prao.g_00309
OG0000072	Prag	Prbg.g_00949	Prag.g_00164
OG0000072	Praw	Prbg.g_00949	Praw.g_01264
OG0000072	Pray	Prbg.g_00949	Pray.g_00652
OG0000072	Praz	Prbg.g_00949	Praz.g_00531
OG0000072	Prba	Prbg.g_00949	Prba.g_00627
OG0000072	Prav	Prbg.g_00949	Prav.g_00867
OG0000072	Prbi	Prbg.g_00949	Prbi.g_00195
OG0000072	Praa	Prbg.g_00949	Praa.g_00171
OG0000072	Prae	Prbg.g_00949	Prae.g_00174
OG0000072	Prax	Prbg.g_00949	Prax.g_01047
OG0000072	Prbd	Prbg.g_00949	Prbd.g_01069
OG0000072	Prad	Prbg.g_00949	Prad.g_01820
OG0000072	Pras	Prbg.g_00949	Pras.g_01022
OG0000072	Prau	Prbg.g_00949	Prau.g_00172
OG0000072	Praj	Prbg.g_00949	Praj.g_00211
OG0000072	Prbm	Prbg.g_00949	Prbm.g_00230
OG0000072	Prbb	Prbg.g_00949	Prbb.g_00228
OG0000072	Prbc	Prbg.g_00949	Prbc.g_00400
OG0000072	Prbj	Prbg.g_00949	Prbj.g_00516
OG0000072	Prbk	Prbg.g_00949	Prbk.g_00778
OG0000072	Prbl	Prbg.g_00949	Prbl.g_00276
OG0000072	Syan	Prbg.g_00949	Syan.g_03038, Syan.g_02999
OG0000072	Syao	Prbg.g_00949	Syao.g_02509, Syao.g_01749
OG0000072	Syas	Prbg.g_00949	Syas.g_02326, Syas.g_01524
OG0000072	Syar	Prbg.g_00949	Syar.g_00107, Syar.g_01140
OG0000072	Syat	Prbg.g_00949	Syat.g_02856, Syat.g_01597
OG0000072	Syak	Prbg.g_00949	Syak.g_02099
OG0000072	Syaf	Prbg.g_00949	Syaf.g_00805
OG0000072	Syai	Prbg.g_00949	Syai.g_02636
OG0000072	Syam	Prbg.g_00949	Syam.g_02219
OG0000072	Syae	Prbg.g_00949	Syae.g_01455
OG0000072	Syaa	Prbg.g_00949	Syaa.g_02480
OG0000072	Syad	Prbg.g_00949	Syad.g_02905
OG0000072	Syaj	Prbg.g_00949	Syaj.g_01992
OG0000072	Syac	Prbg.g_00949	Syac.g_00302
OG0000072	Syah	Prbg.g_00949	Syah.g_00080
OG0000072	Syag	Prbg.g_00949	Syag.g_01980, Syag.g_02859
OG0000072	Syaq	Prbg.g_00949	Syaq.g_01397
OG0000072	Syab	Prbg.g_00949	Syab.g_02593
OG0000072	Syal	Prbg.g_00949	Syal.g_00914
OG0000072	Syap	Prbg.g_00949	Syap.g_00555
OG0000072	Praf	Prbg.g_00949	Praf.g_02469
OG0000072	Prah	Prbg.g_00949	Prah.g_02309
OG0000072	Pram	Prbg.g_00949	Pram.g_00156
OG0000072	Prbh	Prbg.g_00949	Prbh.g_00611
OG0000072	Pral	Prbg.g_00949	Pral.g_00872
OG0000072	Prat	Prbg.g_00949	Prat.g_00172
OG0000072	Prak	Prbg.g_00949	Prak.g_00183
OG0000072	Prap	Prbg.g_00949	Prap.g_00999
OG0000072	Prbe	Prbg.g_00949	Prbe.g_01719
OG0000072	Prbf	Prbg.g_00949	Prbf.g_01505
OG0000072	Prbn	Prbg.g_00949	Prbn.g_00383
OG0000073	Prab	Prbg.g_00219	Prab.g_00503
OG0000073	Pran	Prbg.g_00219	Pran.g_01679
OG0000073	Prai	Prbg.g_00219	Prai.g_00529
OG0000073	Pras	Prbg.g_00219	Pras.g_01377
OG0000073	Prau	Prbg.g_00219	Prau.g_00540
OG0000073	Prbi	Prbg.g_00219	Prbi.g_00502
OG0000073	Prax	Prbg.g_00219	Prax.g_00702
OG0000073	Prbd	Prbg.g_00219	Prbd.g_00743
OG0000073	Praa	Prbg.g_00219	Praa.g_00499
OG0000073	Prao	Prbg.g_00219	Prao.g_00605
OG0000073	Prav	Prbg.g_00219	Prav.g_01097
OG0000073	Prae	Prbg.g_00219	Prae.g_00473
OG0000073	Pray	Prbg.g_00219	Pray.g_00990
OG0000073	Praz	Prbg.g_00219	Praz.g_01829
OG0000073	Prba	Prbg.g_00219	Prba.g_00962
OG0000073	Prac	Prbg.g_00219	Prac.g_00872
OG0000073	Praq	Prbg.g_00219	Praq.g_01103
OG0000073	Prar	Prbg.g_00219	Prar.g_01330
OG0000073	Prag	Prbg.g_00219	Prag.g_00478
OG0000073	Praw	Prbg.g_00219	Praw.g_00649
OG0000073	Prad	Prbg.g_00219	Prad.g_00130
OG0000073	Syar	Prbg.g_00219	Syar.g_01493
OG0000073	Syat	Prbg.g_00219	Syat.g_03201
OG0000073	Syan	Prbg.g_00219	Syan.g_02741
OG0000073	Syao	Prbg.g_00219	Syao.g_00103
OG0000073	Syap	Prbg.g_00219	Syap.g_00273
OG0000073	Syas	Prbg.g_00219	Syas.g_01230
OG0000073	Prah	Prbg.g_00219	Prah.g_01544
OG0000073	Praf	Prbg.g_00219	Praf.g_00616
OG0000073	Prbj	Prbg.g_00219	Prbj.g_01608
OG0000073	Prbl	Prbg.g_00219	Prbl.g_00533
OG0000073	Prbk	Prbg.g_00219	Prbk.g_01862
OG0000073	Syae	Prbg.g_00219	Syae.g_02330
OG0000073	Syad	Prbg.g_00219	Syad.g_00926
OG0000073	Syaj	Prbg.g_00219	Syaj.g_00093
OG0000073	Syaa	Prbg.g_00219	Syaa.g_02030
OG0000073	Syac	Prbg.g_00219	Syac.g_01883
OG0000073	Syah	Prbg.g_00219	Syah.g_01018
OG0000073	Syaf	Prbg.g_00219	Syaf.g_02700
OG0000073	Syam	Prbg.g_00219	Syam.g_00604
OG0000073	Syai	Prbg.g_00219	Syai.g_00659
OG0000073	Syag	Prbg.g_00219	Syag.g_01505
OG0000073	Syaq	Prbg.g_00219	Syaq.g_01795
OG0000073	Syak	Prbg.g_00219	Syak.g_02597
OG0000073	Syab	Prbg.g_00219	Syab.g_02119
OG0000073	Syal	Prbg.g_00219	Syal.g_02920
OG0000073	Prat	Prbg.g_00219	Prat.g_00462
OG0000073	Pral	Prbg.g_00219	Pral.g_00591
OG0000073	Prbm	Prbg.g_00219	Prbm.g_00533
OG0000073	Prbb	Prbg.g_00219	Prbb.g_00503
OG0000073	Praj	Prbg.g_00219	Praj.g_00491
OG0000073	Prbc	Prbg.g_00219	Prbc.g_01579
OG0000073	Pram	Prbg.g_00219	Pram.g_00437
OG0000073	Prbh	Prbg.g_00219	Prbh.g_00330
OG0000073	Prak	Prbg.g_00219	Prak.g_00461
OG0000073	Prap	Prbg.g_00219	Prap.g_01267
OG0000073	Prbe	Prbg.g_00219	Prbe.g_00633
OG0000073	Prbf	Prbg.g_00219	Prbf.g_01783
OG0000073	Prbn	Prbg.g_00219	Prbn.g_00614
OG0000074	Prab	Prbg.g_01123, Prbg.g_01064, Prbg.g_00021	Prab.g_00687
OG0000074	Pran	Prbg.g_01123, Prbg.g_01064, Prbg.g_00021	Pran.g_01496
OG0000074	Prai	Prbg.g_01123, Prbg.g_01064, Prbg.g_00021	Prai.g_00711
OG0000074	Prac	Prbg.g_01123, Prbg.g_01064, Prbg.g_00021	Prac.g_00689
OG0000074	Praq	Prbg.g_01123, Prbg.g_01064, Prbg.g_00021	Praq.g_00811
OG0000074	Prar	Prbg.g_01123, Prbg.g_01064, Prbg.g_00021	Prar.g_01512
OG0000074	Prag	Prbg.g_01123, Prbg.g_01064, Prbg.g_00021	Prag.g_00660
OG0000074	Praw	Prbg.g_01123, Prbg.g_01064, Prbg.g_00021	Praw.g_01840
OG0000074	Prav	Prbg.g_01123, Prbg.g_01064, Prbg.g_00021	Prav.g_01280
OG0000074	Prbi	Prbg.g_01123, Prbg.g_01064, Prbg.g_00021	Prbi.g_00685
OG0000074	Prao	Prbg.g_01123, Prbg.g_01064, Prbg.g_00021	Prao.g_00120
OG0000074	Prad	Prbg.g_01123, Prbg.g_01064, Prbg.g_00021	Prad.g_01256
OG0000074	Prbd	Prbg.g_01123, Prbg.g_01064, Prbg.g_00021	Prbd.g_00562
OG0000074	Pras	Prbg.g_01123, Prbg.g_01064, Prbg.g_00021	Pras.g_01558
OG0000074	Prau	Prbg.g_01123, Prbg.g_01064, Prbg.g_00021	Prau.g_00722
OG0000074	Pray	Prbg.g_01123, Prbg.g_01064, Prbg.g_00021	Pray.g_01081
OG0000074	Praz	Prbg.g_01123, Prbg.g_01064, Prbg.g_00021	Praz.g_01648
OG0000074	Prba	Prbg.g_01123, Prbg.g_01064, Prbg.g_00021	Prba.g_01635
OG0000074	Prae	Prbg.g_01123, Prbg.g_01064, Prbg.g_00021	Prae.g_00656
OG0000074	Praa	Prbg.g_01123, Prbg.g_01064, Prbg.g_00021	Praa.g_00682
OG0000074	Prax	Prbg.g_01123, Prbg.g_01064, Prbg.g_00021	Prax.g_00960
OG0000074	Pral	Prbg.g_01123	Pral.g_01760
OG0000074	Prat	Prbg.g_01123	Prat.g_00755
OG0000074	Pram	Prbg.g_01123	Pram.g_00772
OG0000074	Prbh	Prbg.g_01123	Prbh.g_00916
OG0000074	Prak	Prbg.g_01123	Prak.g_00809
OG0000074	Prap	Prbg.g_01123	Prap.g_00819
OG0000074	Prbe	Prbg.g_01123	Prbe.g_00456
OG0000074	Prbf	Prbg.g_01123	Prbf.g_01281
OG0000074	Prbn	Prbg.g_01123	Prbn.g_01582
OG0000074	Prbm	Prbg.g_01064	Prbm.g_00912
OG0000074	Praj	Prbg.g_01064	Praj.g_00870
OG0000074	Prbb	Prbg.g_01064	Prbb.g_00915
OG0000074	Prbc	Prbg.g_01064	Prbc.g_01960
OG0000074	Pral	Prbg.g_01064	Pral.g_01818
OG0000074	Prat	Prbg.g_01064	Prat.g_00696
OG0000074	Pram	Prbg.g_01064	Pram.g_00715
OG0000074	Prbh	Prbg.g_01064	Prbh.g_00859
OG0000074	Prak	Prbg.g_01064	Prak.g_00750
OG0000074	Prap	Prbg.g_01064	Prap.g_00658
OG0000074	Prbe	Prbg.g_01064	Prbe.g_00107
OG0000074	Prbf	Prbg.g_01064	Prbf.g_00836
OG0000074	Prbn	Prbg.g_01064	Prbn.g_01928
OG0000074	Praj	Prbg.g_00021	Praj.g_01060
OG0000074	Prbm	Prbg.g_00021	Prbm.g_01099
OG0000074	Prbc	Prbg.g_00021	Prbc.g_02148
OG0000074	Prbb	Prbg.g_00021	Prbb.g_01104
OG0000074	Syaa	Prbg.g_00021	Syaa.g_00372
OG0000074	Syah	Prbg.g_00021	Syah.g_00951
OG0000074	Syam	Prbg.g_00021	Syam.g_00533
OG0000074	Syae	Prbg.g_00021	Syae.g_00719
OG0000074	Prat	Prbg.g_00021	Prat.g_01577
OG0000074	Pram	Prbg.g_00021	Pram.g_00684
OG0000074	Prbh	Prbg.g_00021	Prbh.g_00828
OG0000074	Prak	Prbg.g_00021	Prak.g_00713
OG0000074	Prap	Prbg.g_00021	Prap.g_00021
OG0000074	Prbe	Prbg.g_00021	Prbe.g_00070
OG0000074	Prbf	Prbg.g_00021	Prbf.g_00295
OG0000074	Prbn	Prbg.g_00021	Prbn.g_01038
OG0000075	Prai	Prbg.g_01821	Prai.g_01814
OG0000075	Prab	Prbg.g_01821	Prab.g_01834
OG0000075	Pran	Prbg.g_01821	Pran.g_01137
OG0000075	Prag	Prbg.g_01821	Prag.g_01836
OG0000075	Praw	Prbg.g_01821	Praw.g_00064
OG0000075	Pray	Prbg.g_01821	Pray.g_01339
OG0000075	Praz	Prbg.g_01821	Praz.g_00230
OG0000075	Prba	Prbg.g_01821	Prba.g_01071
OG0000075	Prad	Prbg.g_01821	Prad.g_00775
OG0000075	Pras	Prbg.g_01821	Pras.g_00719
OG0000075	Prau	Prbg.g_01821	Prau.g_01901
OG0000075	Prbi	Prbg.g_01821	Prbi.g_01970
OG0000075	Praa	Prbg.g_01821	Praa.g_01808
OG0000075	Prac	Prbg.g_01821	Prac.g_00017
OG0000075	Praq	Prbg.g_01821	Praq.g_00739
OG0000075	Prar	Prbg.g_01821	Prar.g_00629
OG0000075	Prae	Prbg.g_01821	Prae.g_01791
OG0000075	Prax	Prbg.g_01821	Prax.g_01370
OG0000075	Prbd	Prbg.g_01821	Prbd.g_01359
OG0000075	Prao	Prbg.g_01821	Prao.g_01719
OG0000075	Prav	Prbg.g_01821	Prav.g_00665
OG0000075	Prbj	Prbg.g_01821	Prbj.g_01502
OG0000075	Prbk	Prbg.g_01821	Prbk.g_00514
OG0000075	Prbl	Prbg.g_01821	Prbl.g_00855
OG0000075	Praf	Prbg.g_01821	Praf.g_02384
OG0000075	Prah	Prbg.g_01821	Prah.g_02232
OG0000075	Syad	Prbg.g_01821	Syad.g_00416
OG0000075	Syaj	Prbg.g_01821	Syaj.g_02457
OG0000075	Syac	Prbg.g_01821	Syac.g_00191
OG0000075	Syah	Prbg.g_01821	Syah.g_00186
OG0000075	Syaf	Prbg.g_01821	Syaf.g_00353
OG0000075	Syam	Prbg.g_01821	Syam.g_00148
OG0000075	Syae	Prbg.g_01821	Syae.g_01871
OG0000075	Syaa	Prbg.g_01821	Syaa.g_00157
OG0000075	Syai	Prbg.g_01821	Syai.g_00161
OG0000075	Syao	Prbg.g_01821	Syao.g_02257
OG0000075	Syap	Prbg.g_01821	Syap.g_01064, Syap.g_00664
OG0000075	Syas	Prbg.g_01821	Syas.g_01921, Syas.g_02194
OG0000075	Syan	Prbg.g_01821	Syan.g_00981, Syan.g_01937
OG0000075	Syat	Prbg.g_01821	Syat.g_02497, Syat.g_01713, Syat.g_02154
OG0000075	Syar	Prbg.g_01821	Syar.g_03065, Syar.g_00659
OG0000075	Syak	Prbg.g_01821	Syak.g_01564
OG0000075	Syab	Prbg.g_01821	Syab.g_00202
OG0000075	Syal	Prbg.g_01821	Syal.g_01350
OG0000075	Syag	Prbg.g_01821	Syag.g_02434
OG0000075	Syaq	Prbg.g_01821	Syaq.g_00986
OG0000075	Praj	Prbg.g_01821	Praj.g_01987
OG0000075	Prbb	Prbg.g_01821	Prbb.g_02036
OG0000075	Prbm	Prbg.g_01821	Prbm.g_02069
OG0000075	Prbc	Prbg.g_01821	Prbc.g_00236
OG0000075	Pral	Prbg.g_01821	Pral.g_00279
OG0000075	Prat	Prbg.g_01821	Prat.g_01761
OG0000075	Pram	Prbg.g_01821	Pram.g_01807
OG0000075	Prbh	Prbg.g_01821	Prbh.g_01607
OG0000075	Prak	Prbg.g_01821	Prak.g_01816
OG0000075	Prap	Prbg.g_01821	Prap.g_01606
OG0000075	Prbe	Prbg.g_01821	Prbe.g_00800
OG0000075	Prbf	Prbg.g_01821	Prbf.g_00522
OG0000075	Prbn	Prbg.g_01821	Prbn.g_01917
OG0000076	Prai	Prbg.g_01847	Prai.g_01838
OG0000076	Prab	Prbg.g_01847	Prab.g_01857
OG0000076	Pran	Prbg.g_01847	Pran.g_01160
OG0000076	Prad	Prbg.g_01847	Prad.g_01631
OG0000076	Prac	Prbg.g_01847	Prac.g_01904, Prac.g_00041
OG0000076	Praq	Prbg.g_01847	Praq.g_01243, Praq.g_00763
OG0000076	Prar	Prbg.g_01847	Prar.g_00592, Prar.g_00653
OG0000076	Pras	Prbg.g_01847	Pras.g_00883, Pras.g_00743
OG0000076	Prau	Prbg.g_01847	Prau.g_00037, Prau.g_01925
OG0000076	Prae	Prbg.g_01847	Prae.g_01815
OG0000076	Prag	Prbg.g_01847	Prag.g_01861
OG0000076	Praw	Prbg.g_01847	Praw.g_00039
OG0000076	Prbi	Prbg.g_01847	Prbi.g_01994
OG0000076	Praa	Prbg.g_01847	Praa.g_01832
OG0000076	Prax	Prbg.g_01847	Prax.g_01394
OG0000076	Prbd	Prbg.g_01847	Prbd.g_01335
OG0000076	Prao	Prbg.g_01847	Prao.g_01743
OG0000076	Prav	Prbg.g_01847	Prav.g_00689
OG0000076	Pray	Prbg.g_01847	Pray.g_01364
OG0000076	Praz	Prbg.g_01847	Praz.g_00205
OG0000076	Prba	Prbg.g_01847	Prba.g_00768
OG0000076	Prbm	Prbg.g_01847	Prbm.g_02094
OG0000076	Praj	Prbg.g_01847	Praj.g_02012
OG0000076	Prbb	Prbg.g_01847	Prbb.g_02061
OG0000076	Prbc	Prbg.g_01847	Prbc.g_00211
OG0000076	Praf	Prbg.g_01847	Praf.g_00178
OG0000076	Prah	Prbg.g_01847	Prah.g_00150
OG0000076	Prbj	Prbg.g_01847	Prbj.g_01598
OG0000076	Prbk	Prbg.g_01847	Prbk.g_00237
OG0000076	Prbl	Prbg.g_01847	Prbl.g_01285
OG0000076	Syag	Prbg.g_01847	Syag.g_02393
OG0000076	Syaq	Prbg.g_01847	Syaq.g_01028
OG0000076	Syak	Prbg.g_01847	Syak.g_01650
OG0000076	Syab	Prbg.g_01847	Syab.g_00113
OG0000076	Syal	Prbg.g_01847	Syal.g_01459
OG0000076	Syar	Prbg.g_01847	Syar.g_00608
OG0000076	Syan	Prbg.g_01847	Syan.g_01896
OG0000076	Syao	Prbg.g_01847	Syao.g_01949
OG0000076	Syas	Prbg.g_01847	Syas.g_02156
OG0000076	Syat	Prbg.g_01847	Syat.g_02206
OG0000076	Syap	Prbg.g_01847	Syap.g_01111
OG0000076	Syaa	Prbg.g_01847	Syaa.g_00123
OG0000076	Syae	Prbg.g_01847	Syae.g_01829
OG0000076	Syac	Prbg.g_01847	Syac.g_00156
OG0000076	Syah	Prbg.g_01847	Syah.g_00250
OG0000076	Syad	Prbg.g_01847	Syad.g_00348
OG0000076	Syaj	Prbg.g_01847	Syaj.g_02417
OG0000076	Syaf	Prbg.g_01847	Syaf.g_00388
OG0000076	Syai	Prbg.g_01847	Syai.g_00111
OG0000076	Syam	Prbg.g_01847	Syam.g_00115
OG0000076	Pram	Prbg.g_01847	Pram.g_01833
OG0000076	Prbh	Prbg.g_01847	Prbh.g_01581
OG0000076	Pral	Prbg.g_01847	Pral.g_00305
OG0000076	Prat	Prbg.g_01847	Prat.g_01788
OG0000076	Prak	Prbg.g_01847	Prak.g_01842
OG0000076	Prap	Prbg.g_01847	Prap.g_01580
OG0000076	Prbe	Prbg.g_01847	Prbe.g_00774
OG0000076	Prbf	Prbg.g_01847	Prbf.g_00496
OG0000076	Prbn	Prbg.g_01847	Prbn.g_00996
OG0000077	Prab	Prbg.g_00791	Prab.g_00070
OG0000077	Pran	Prbg.g_00791	Pran.g_00354
OG0000077	Prai	Prbg.g_00791	Prai.g_00078
OG0000077	Prag	Prbg.g_00791	Prag.g_00072
OG0000077	Praw	Prbg.g_00791	Praw.g_01356
OG0000077	Prbi	Prbg.g_00791	Prbi.g_00085
OG0000077	Prac	Prbg.g_00791	Prac.g_01853
OG0000077	Praq	Prbg.g_00791	Praq.g_01925
OG0000077	Prar	Prbg.g_00791	Prar.g_00250
OG0000077	Prav	Prbg.g_00791	Prav.g_00143
OG0000077	Prad	Prbg.g_00791	Prad.g_01915
OG0000077	Pras	Prbg.g_00791	Pras.g_00929
OG0000077	Prau	Prbg.g_00791	Prau.g_00079
OG0000077	Prao	Prbg.g_00791	Prao.g_00217
OG0000077	Prax	Prbg.g_00791	Prax.g_00649
OG0000077	Pray	Prbg.g_00791	Pray.g_00211
OG0000077	Praz	Prbg.g_00791	Praz.g_00438
OG0000077	Prba	Prbg.g_00791	Prba.g_01866
OG0000077	Prae	Prbg.g_00791	Prae.g_00078
OG0000077	Praa	Prbg.g_00791	Praa.g_00078
OG0000077	Prbd	Prbg.g_00791	Prbd.g_01166
OG0000077	Syaq	Prbg.g_00791	Syaq.g_01547
OG0000077	Prat	Prbg.g_00791	Prat.g_00075
OG0000077	Praj	Prbg.g_00791	Praj.g_00116
OG0000077	Prbm	Prbg.g_00791	Prbm.g_00135
OG0000077	Prbc	Prbg.g_00791	Prbc.g_00495
OG0000077	Prbb	Prbg.g_00791	Prbb.g_00133
OG0000077	Syag	Prbg.g_00791	Syag.g_01831
OG0000077	Syaj	Prbg.g_00791	Syaj.g_01831
OG0000077	Syad	Prbg.g_00791	Syad.g_02741
OG0000077	Syai	Prbg.g_00791	Syai.g_02486
OG0000077	Syam	Prbg.g_00791	Syam.g_02074
OG0000077	Syal	Prbg.g_00791	Syal.g_00763, Syal.g_00506
OG0000077	Syap	Prbg.g_00791	Syap.g_00416
OG0000077	Syas	Prbg.g_00791	Syas.g_02510
OG0000077	Syan	Prbg.g_00791	Syan.g_02919, Syan.g_02579
OG0000077	Syao	Prbg.g_00791	Syao.g_02629
OG0000077	Syar	Prbg.g_00791	Syar.g_03051
OG0000077	Syat	Prbg.g_00791	Syat.g_01481
OG0000077	Prbj	Prbg.g_00791	Prbj.g_01900, Prbj.g_00576
OG0000077	Prbk	Prbg.g_00791	Prbk.g_00307, Prbk.g_01308
OG0000077	Prbl	Prbg.g_00791	Prbl.g_00631, Prbl.g_00596
OG0000077	Syac	Prbg.g_00791	Syac.g_00439
OG0000077	Syah	Prbg.g_00791	Syah.g_02494
OG0000077	Syab	Prbg.g_00791	Syab.g_02446
OG0000077	Syaa	Prbg.g_00791	Syaa.g_00341
OG0000077	Syaf	Prbg.g_00791	Syaf.g_00951
OG0000077	Syae	Prbg.g_00791	Syae.g_01297
OG0000077	Prah	Prbg.g_00791	Prah.g_01850
OG0000077	Praf	Prbg.g_00791	Praf.g_00309
OG0000077	Syak	Prbg.g_00791	Syak.g_02243
OG0000077	Pral	Prbg.g_00791	Pral.g_00969
OG0000077	Pram	Prbg.g_00791	Pram.g_00063
OG0000077	Prbh	Prbg.g_00791	Prbh.g_00704
OG0000077	Prak	Prbg.g_00791	Prak.g_00083
OG0000077	Prap	Prbg.g_00791	Prap.g_01099
OG0000077	Prbe	Prbg.g_00791	Prbe.g_00183
OG0000077	Prbf	Prbg.g_00791	Prbf.g_01405
OG0000077	Prbn	Prbg.g_00791	Prbn.g_01342
OG0000078	Prab	Prbg.g_01022	Prab.g_00229
OG0000078	Pran	Prbg.g_01022	Pran.g_00194
OG0000078	Prai	Prbg.g_01022	Prai.g_00250
OG0000078	Pras	Prbg.g_01022	Pras.g_01091
OG0000078	Prau	Prbg.g_01022	Prau.g_00240
OG0000078	Praa	Prbg.g_01022	Praa.g_00239
OG0000078	Prao	Prbg.g_01022	Prao.g_00377
OG0000078	Prbi	Prbg.g_01022	Prbi.g_00263
OG0000078	Pray	Prbg.g_01022	Pray.g_00720
OG0000078	Praz	Prbg.g_01022	Praz.g_00599
OG0000078	Prba	Prbg.g_01022	Prba.g_00458
OG0000078	Prax	Prbg.g_01022	Prax.g_00979
OG0000078	Prae	Prbg.g_01022	Prae.g_00242
OG0000078	Prad	Prbg.g_01022	Prad.g_01752
OG0000078	Prbd	Prbg.g_01022	Prbd.g_01000
OG0000078	Prav	Prbg.g_01022	Prav.g_00799
OG0000078	Prag	Prbg.g_01022	Prag.g_00232
OG0000078	Praw	Prbg.g_01022	Praw.g_01196
OG0000078	Prac	Prbg.g_01022	Prac.g_01691
OG0000078	Praq	Prbg.g_01022	Praq.g_01763
OG0000078	Prar	Prbg.g_01022	Prar.g_00088
OG0000078	Prbb	Prbg.g_01022	Prbb.g_00297
OG0000078	Prbm	Prbg.g_01022	Prbm.g_00300
OG0000078	Praj	Prbg.g_01022	Praj.g_00280
OG0000078	Prbc	Prbg.g_01022	Prbc.g_00330
OG0000078	Syat	Prbg.g_01022	Syat.g_00184
OG0000078	Pral	Prbg.g_01022	Pral.g_00800
OG0000078	Prat	Prbg.g_01022	Prat.g_00245
OG0000078	Prbj	Prbg.g_01022	Prbj.g_02614
OG0000078	Prbk	Prbg.g_01022	Prbk.g_01515
OG0000078	Prbl	Prbg.g_01022	Prbl.g_00193
OG0000078	Praf	Prbg.g_01022	Praf.g_00391
OG0000078	Prah	Prbg.g_01022	Prah.g_01773
OG0000078	Syab	Prbg.g_01022	Syab.g_02366
OG0000078	Syal	Prbg.g_01022	Syal.g_00680
OG0000078	Syaq	Prbg.g_01022	Syaq.g_01585
OG0000078	Syag	Prbg.g_01022	Syag.g_01778
OG0000078	Syak	Prbg.g_01022	Syak.g_02310
OG0000078	Syaa	Prbg.g_01022	Syaa.g_02103
OG0000078	Syac	Prbg.g_01022	Syac.g_01964
OG0000078	Syah	Prbg.g_01022	Syah.g_00912
OG0000078	Syar	Prbg.g_01022	Syar.g_03265, Syar.g_03018
OG0000078	Syap	Prbg.g_01022	Syap.g_01149
OG0000078	Syas	Prbg.g_01022	Syas.g_02561
OG0000078	Syao	Prbg.g_01022	Syao.g_01709
OG0000078	Syan	Prbg.g_01022	Syan.g_01509, Syan.g_01510, Syan.g_02437
OG0000078	Syaf	Prbg.g_01022	Syaf.g_02782
OG0000078	Syai	Prbg.g_01022	Syai.g_00543
OG0000078	Syam	Prbg.g_01022	Syam.g_00514
OG0000078	Syae	Prbg.g_01022	Syae.g_02243
OG0000078	Syad	Prbg.g_01022	Syad.g_00824
OG0000078	Syaj	Prbg.g_01022	Syaj.g_02880
OG0000078	Pram	Prbg.g_01022	Pram.g_00227
OG0000078	Prbh	Prbg.g_01022	Prbh.g_00540
OG0000078	Prak	Prbg.g_01022	Prak.g_00256
OG0000078	Prap	Prbg.g_01022	Prap.g_01472
OG0000078	Prbe	Prbg.g_01022	Prbe.g_01792
OG0000078	Prbf	Prbg.g_01022	Prbf.g_01578
OG0000078	Prbn	Prbg.g_01022	Prbn.g_00310
OG0000079	Prab	Prbg.g_01035	Prab.g_00242
OG0000079	Pran	Prbg.g_01035	Pran.g_01940
OG0000079	Prai	Prbg.g_01035	Prai.g_00265
OG0000079	Prav	Prbg.g_01035	Prav.g_01899
OG0000079	Prax	Prbg.g_01035	Prax.g_00923
OG0000079	Praa	Prbg.g_01035	Praa.g_00252
OG0000079	Prbd	Prbg.g_01035	Prbd.g_00987
OG0000079	Prao	Prbg.g_01035	Prao.g_00390
OG0000079	Pray	Prbg.g_01035	Pray.g_00733
OG0000079	Praz	Prbg.g_01035	Praz.g_00612
OG0000079	Prba	Prbg.g_01035	Prba.g_00471
OG0000079	Prad	Prbg.g_01035	Prad.g_01739
OG0000079	Prbi	Prbg.g_01035	Prbi.g_00276
OG0000079	Prae	Prbg.g_01035	Prae.g_00255
OG0000079	Pras	Prbg.g_01035	Pras.g_01104
OG0000079	Prau	Prbg.g_01035	Prau.g_00254
OG0000079	Prbm	Prbg.g_01035	Prbm.g_00311
OG0000079	Praj	Prbg.g_01035	Praj.g_00291
OG0000079	Prbb	Prbg.g_01035	Prbb.g_00308
OG0000079	Prbc	Prbg.g_01035	Prbc.g_01148
OG0000079	Syab	Prbg.g_01035	Syab.g_00340
OG0000079	Syal	Prbg.g_01035	Syal.g_01213
OG0000079	Syak	Prbg.g_01035	Syak.g_01417
OG0000079	Syag	Prbg.g_01035	Syag.g_02659, Syag.g_02652
OG0000079	Praf	Prbg.g_01035	Praf.g_02234, Praf.g_02218, Praf.g_02225
OG0000079	Prah	Prbg.g_01035	Prah.g_02090, Prah.g_01868
OG0000079	Prbj	Prbg.g_01035	Prbj.g_01353
OG0000079	Prbk	Prbg.g_01035	Prbk.g_01000
OG0000079	Prbl	Prbg.g_01035	Prbl.g_01505
OG0000079	Syaa	Prbg.g_01035	Syaa.g_00303
OG0000079	Syaf	Prbg.g_01035	Syaf.g_00197
OG0000079	Syai	Prbg.g_01035	Syai.g_00300
OG0000079	Syam	Prbg.g_01035	Syam.g_00270
OG0000079	Syae	Prbg.g_01035	Syae.g_02011
OG0000079	Syad	Prbg.g_01035	Syad.g_00565
OG0000079	Syaj	Prbg.g_01035	Syaj.g_02609
OG0000079	Syac	Prbg.g_01035	Syac.g_02211
OG0000079	Syah	Prbg.g_01035	Syah.g_00665
OG0000079	Syaq	Prbg.g_01035	Syaq.g_00721
OG0000079	Syan	Prbg.g_01035	Syan.g_02079, Syan.g_02067, Syan.g_02085
OG0000079	Syao	Prbg.g_01035	Syao.g_00574, Syao.g_00010, Syao.g_00581, Syao.g_01145, Syao.g_02105
OG0000079	Syap	Prbg.g_01035	Syap.g_01589
OG0000079	Syar	Prbg.g_01035	Syar.g_00166
OG0000079	Syas	Prbg.g_01035	Syas.g_01699
OG0000079	Syat	Prbg.g_01035	Syat.g_01879
OG0000079	Pral	Prbg.g_01035	Pral.g_00787
OG0000079	Prat	Prbg.g_01035	Prat.g_00258
OG0000079	Pram	Prbg.g_01035	Pram.g_00240
OG0000079	Prbh	Prbg.g_01035	Prbh.g_00527
OG0000079	Prak	Prbg.g_01035	Prak.g_00269
OG0000079	Prap	Prbg.g_01035	Prap.g_01459
OG0000079	Prbe	Prbg.g_01035	Prbe.g_01805
OG0000079	Prbf	Prbg.g_01035	Prbf.g_01591
OG0000079	Prbn	Prbg.g_01035	Prbn.g_00018
OG0000080	Pram	Prbg.g_00563, Prbg.g_00565	Pram.g_01408
OG0000080	Prbh	Prbg.g_00563, Prbg.g_00565	Prbh.g_00069
OG0000080	Syah	Prbg.g_00563, Prbg.g_00565	Syah.g_00290
OG0000080	Prbc	Prbg.g_00563, Prbg.g_00565	Prbc.g_00679
OG0000080	Syal	Prbg.g_00563, Prbg.g_00565	Syal.g_01394
OG0000080	Syap	Prbg.g_00563, Prbg.g_00565	Syap.g_01707, Syap.g_00630, Syap.g_01035
OG0000080	Syad	Prbg.g_00563, Prbg.g_00565	Syad.g_02256
OG0000080	Syat	Prbg.g_00563, Prbg.g_00565	Syat.g_02246, Syat.g_02282, Syat.g_01200
OG0000080	Syak	Prbg.g_00563, Prbg.g_00565	Syak.g_01612
OG0000080	Syan	Prbg.g_00563, Prbg.g_00565	Syan.g_01083, Syan.g_01962
OG0000080	Syas	Prbg.g_00563, Prbg.g_00565	Syas.g_02616, Syas.g_02149
OG0000080	Syab	Prbg.g_00563, Prbg.g_00565	Syab.g_00140
OG0000080	Syao	Prbg.g_00563, Prbg.g_00565	Syao.g_02269
OG0000080	Syar	Prbg.g_00563, Prbg.g_00565	Syar.g_00585
OG0000080	Prat	Prbg.g_00563, Prbg.g_00565	Prat.g_01323
OG0000080	Syaa	Prbg.g_00563, Prbg.g_00565	Syaa.g_00487
OG0000080	Prab	Prbg.g_00563	Prab.g_01404
OG0000080	Pran	Prbg.g_00563	Pran.g_00796
OG0000080	Praa	Prbg.g_00563	Praa.g_01392
OG0000080	Pras	Prbg.g_00563	Pras.g_00279
OG0000080	Prak	Prbg.g_00563	Prak.g_01363
OG0000080	Prap	Prbg.g_00563	Prap.g_00093
OG0000080	Prbe	Prbg.g_00563	Prbe.g_00339
OG0000080	Prbf	Prbg.g_00563	Prbf.g_00129
OG0000080	Prbn	Prbg.g_00563	Prbn.g_00184
OG0000080	Praa	Prbg.g_00565	Praa.g_01390
OG0000080	Pras	Prbg.g_00565	Pras.g_00277
OG0000080	Prab	Prbg.g_00565	Prab.g_01406
OG0000080	Pran	Prbg.g_00565	Pran.g_00794
OG0000080	Prak	Prbg.g_00565	Prak.g_01365
OG0000080	Prap	Prbg.g_00565	Prap.g_00095
OG0000080	Prbe	Prbg.g_00565	Prbe.g_00337
OG0000080	Prbf	Prbg.g_00565	Prbf.g_00131
OG0000080	Prbn	Prbg.g_00565	Prbn.g_00186
OG0000081	Prab	Prbg.g_00248	Prab.g_00535
OG0000081	Pran	Prbg.g_00248	Pran.g_01647
OG0000081	Prai	Prbg.g_00248	Prai.g_00559
OG0000081	Prav	Prbg.g_00248	Prav.g_01129
OG0000081	Prao	Prbg.g_00248	Prao.g_01860
OG0000081	Prad	Prbg.g_00248	Prad.g_00098
OG0000081	Pras	Prbg.g_00248	Pras.g_01408
OG0000081	Prac	Prbg.g_00248	Prac.g_00841
OG0000081	Praq	Prbg.g_00248	Praq.g_01071
OG0000081	Prar	Prbg.g_00248	Prar.g_01361
OG0000081	Prax	Prbg.g_00248	Prax.g_00670
OG0000081	Prbd	Prbg.g_00248	Prbd.g_00711
OG0000081	Pray	Prbg.g_00248	Pray.g_01022
OG0000081	Praz	Prbg.g_00248	Praz.g_01797
OG0000081	Prba	Prbg.g_00248	Prba.g_00930
OG0000081	Prag	Prbg.g_00248	Prag.g_00510
OG0000081	Praw	Prbg.g_00248	Praw.g_00617
OG0000081	Prbi	Prbg.g_00248	Prbi.g_00534
OG0000081	Praa	Prbg.g_00248	Praa.g_00531
OG0000081	Prae	Prbg.g_00248	Prae.g_00505
OG0000081	Prau	Prbg.g_00248	Prau.g_00571
OG0000081	Praf	Prbg.g_00248	Praf.g_01131
OG0000081	Syaq	Prbg.g_00248	Syaq.g_01893
OG0000081	Syar	Prbg.g_00248	Syar.g_01898
OG0000081	Syas	Prbg.g_00248	Syas.g_00391
OG0000081	Syat	Prbg.g_00248	Syat.g_00980
OG0000081	Syaa	Prbg.g_00248	Syaa.g_02089, Syaa.g_01694
OG0000081	Syae	Prbg.g_00248	Syae.g_02261
OG0000081	Syad	Prbg.g_00248	Syad.g_00833
OG0000081	Syaj	Prbg.g_00248	Syaj.g_02888
OG0000081	Syaf	Prbg.g_00248	Syaf.g_02776
OG0000081	Syai	Prbg.g_00248	Syai.g_00553, Syai.g_02292
OG0000081	Syam	Prbg.g_00248	Syam.g_00520, Syam.g_01918
OG0000081	Syac	Prbg.g_00248	Syac.g_01954, Syac.g_00461
OG0000081	Syah	Prbg.g_00248	Syah.g_00922, Syah.g_02471
OG0000081	Prbj	Prbg.g_00248	Prbj.g_00799, Prbj.g_00765
OG0000081	Prbk	Prbg.g_00248	Prbk.g_00733, Prbk.g_01772
OG0000081	Prbl	Prbg.g_00248	Prbl.g_01036, Prbl.g_00032
OG0000081	Syag	Prbg.g_00248	Syag.g_00167
OG0000081	Prah	Prbg.g_00248	Prah.g_01035
OG0000081	Syak	Prbg.g_00248	Syak.g_00115
OG0000081	Syab	Prbg.g_00248	Syab.g_01793
OG0000081	Syal	Prbg.g_00248	Syal.g_02555
OG0000081	Prbm	Prbg.g_00248	Prbm.g_00564
OG0000081	Praj	Prbg.g_00248	Praj.g_00522
OG0000081	Prbb	Prbg.g_00248	Prbb.g_00534
OG0000081	Prbc	Prbg.g_00248	Prbc.g_01610
OG0000081	Pral	Prbg.g_00248	Pral.g_00559
OG0000081	Prat	Prbg.g_00248	Prat.g_00493
OG0000081	Pram	Prbg.g_00248	Pram.g_00469
OG0000081	Prbh	Prbg.g_00248	Prbh.g_00298
OG0000081	Prak	Prbg.g_00248	Prak.g_00490
OG0000081	Prap	Prbg.g_00248	Prap.g_01238
OG0000081	Prbe	Prbg.g_00248	Prbe.g_00604
OG0000081	Prbf	Prbg.g_00248	Prbf.g_01812
OG0000081	Prbn	Prbg.g_00248	Prbn.g_00585
OG0000082	Prab	Prbg.g_00304, Prbg.g_01639	Prab.g_00589
OG0000082	Pran	Prbg.g_00304, Prbg.g_01639	Pran.g_01593
OG0000082	Praa	Prbg.g_00304, Prbg.g_01639	Praa.g_00585
OG0000082	Prag	Prbg.g_00304, Prbg.g_01639	Prag.g_00563
OG0000082	Praw	Prbg.g_00304, Prbg.g_01639	Praw.g_01932
OG0000082	Prbi	Prbg.g_00304, Prbg.g_01639	Prbi.g_00587
OG0000082	Prav	Prbg.g_00304, Prbg.g_01639	Prav.g_01182
OG0000082	Pray	Prbg.g_00304, Prbg.g_01639	Pray.g_01177
OG0000082	Praz	Prbg.g_00304, Prbg.g_01639	Praz.g_01744
OG0000082	Prba	Prbg.g_00304, Prbg.g_01639	Prba.g_01731
OG0000082	Prae	Prbg.g_00304, Prbg.g_01639	Prae.g_00559
OG0000082	Prao	Prbg.g_00304, Prbg.g_01639	Prao.g_00024
OG0000082	Prax	Prbg.g_00304, Prbg.g_01639	Prax.g_00045
OG0000082	Prbd	Prbg.g_00304, Prbg.g_01639	Prbd.g_00658
OG0000082	Prai	Prbg.g_00304, Prbg.g_01639	Prai.g_00613
OG0000082	Prad	Prbg.g_00304, Prbg.g_01639	Prad.g_01374
OG0000082	Prac	Prbg.g_00304, Prbg.g_01639	Prac.g_00788
OG0000082	Praq	Prbg.g_00304, Prbg.g_01639	Praq.g_01018
OG0000082	Prar	Prbg.g_00304, Prbg.g_01639	Prar.g_01414
OG0000082	Pras	Prbg.g_00304, Prbg.g_01639	Pras.g_01462
OG0000082	Prau	Prbg.g_00304, Prbg.g_01639	Prau.g_00624
OG0000082	Praf	Prbg.g_00304, Prbg.g_01639	Praf.g_00731
OG0000082	Prah	Prbg.g_00304, Prbg.g_01639	Prah.g_01427
OG0000082	Prbj	Prbg.g_00304, Prbg.g_01639	Prbj.g_01789
OG0000082	Prbk	Prbg.g_00304, Prbg.g_01639	Prbk.g_01122
OG0000082	Prbl	Prbg.g_00304, Prbg.g_01639	Prbl.g_01783
OG0000082	Syag	Prbg.g_00304, Prbg.g_01639	Syag.g_00318
OG0000082	Syak	Prbg.g_00304, Prbg.g_01639	Syak.g_02711
OG0000082	Syaq	Prbg.g_00304, Prbg.g_01639	Syaq.g_01975
OG0000082	Syan	Prbg.g_00304, Prbg.g_01639	Syan.g_00952
OG0000082	Syao	Prbg.g_00304, Prbg.g_01639	Syao.g_01035
OG0000082	Syat	Prbg.g_00304, Prbg.g_01639	Syat.g_00035
OG0000082	Syas	Prbg.g_00304, Prbg.g_01639	Syas.g_00837
OG0000082	Syar	Prbg.g_00304, Prbg.g_01639	Syar.g_02202
OG0000082	Syab	Prbg.g_00304, Prbg.g_01639	Syab.g_01971
OG0000082	Syal	Prbg.g_00304, Prbg.g_01639	Syal.g_02769
OG0000082	Syad	Prbg.g_00304, Prbg.g_01639	Syad.g_01063
OG0000082	Syaj	Prbg.g_00304, Prbg.g_01639	Syaj.g_00229
OG0000082	Syaa	Prbg.g_00304, Prbg.g_01639	Syaa.g_01905
OG0000082	Syac	Prbg.g_00304, Prbg.g_01639	Syac.g_01766
OG0000082	Syah	Prbg.g_00304, Prbg.g_01639	Syah.g_01136
OG0000082	Syae	Prbg.g_00304, Prbg.g_01639	Syae.g_02447
OG0000082	Syaf	Prbg.g_00304, Prbg.g_01639	Syaf.g_02576
OG0000082	Syam	Prbg.g_00304, Prbg.g_01639	Syam.g_01730
OG0000082	Syai	Prbg.g_00304, Prbg.g_01639	Syai.g_00781
OG0000082	Prat	Prbg.g_00304, Prbg.g_01639	Prat.g_01507
OG0000082	Prak	Prbg.g_00304	Prak.g_00546
OG0000082	Prap	Prbg.g_00304	Prap.g_01183
OG0000082	Prbe	Prbg.g_00304	Prbe.g_00549
OG0000082	Prbf	Prbg.g_00304	Prbf.g_01867
OG0000082	Prbn	Prbg.g_00304	Prbn.g_00530
OG0000082	Prbm	Prbg.g_01639	Prbm.g_01900
OG0000082	Praj	Prbg.g_01639	Praj.g_01827
OG0000082	Prbc	Prbg.g_01639	Prbc.g_00891
OG0000082	Prbb	Prbg.g_01639	Prbb.g_01882
OG0000082	Pral	Prbg.g_01639	Pral.g_00057
OG0000082	Pram	Prbg.g_01639	Pram.g_01559
OG0000082	Prbh	Prbg.g_01639	Prbh.g_01855
OG0000082	Prbe	Prbg.g_01639	Prbe.g_00996
OG0000082	Prak	Prbg.g_01639	Prak.g_01634
OG0000082	Prap	Prbg.g_01639	Prap.g_01790
OG0000082	Prbf	Prbg.g_01639	Prbf.g_00704
OG0000082	Prbn	Prbg.g_01639	Prbn.g_01734
OG0000084	Prad	Prbg.g_00588	Prad.g_00519
OG0000084	Prab	Prbg.g_00588	Prab.g_01462
OG0000084	Pran	Prbg.g_00588	Pran.g_00737
OG0000084	Prai	Prbg.g_00588	Prai.g_01459
OG0000084	Prbi	Prbg.g_00588	Prbi.g_01585
OG0000084	Prac	Prbg.g_00588	Prac.g_00415
OG0000084	Praq	Prbg.g_00588	Praq.g_00290
OG0000084	Prar	Prbg.g_00588	Prar.g_00343
OG0000084	Praa	Prbg.g_00588	Praa.g_01472
OG0000084	Prav	Prbg.g_00588	Prav.g_01574
OG0000084	Prao	Prbg.g_00588	Prao.g_01393
OG0000084	Prag	Prbg.g_00588	Prag.g_01484
OG0000084	Praw	Prbg.g_00588	Praw.g_01087
OG0000084	Pray	Prbg.g_00588	Pray.g_01726
OG0000084	Praz	Prbg.g_00588	Praz.g_01045
OG0000084	Prba	Prbg.g_00588	Prba.g_00717
OG0000084	Pras	Prbg.g_00588	Pras.g_00346
OG0000084	Prae	Prbg.g_00588	Prae.g_01455
OG0000084	Prau	Prbg.g_00588	Prau.g_01524
OG0000084	Prbd	Prbg.g_00588	Prbd.g_01693
OG0000084	Prax	Prbg.g_00588	Prax.g_01737
OG0000084	Syab	Prbg.g_00588	Syab.g_00781
OG0000084	Syaq	Prbg.g_00588	Syaq.g_00367
OG0000084	Syad	Prbg.g_00588	Syad.g_02272
OG0000084	Syaj	Prbg.g_00588	Syaj.g_01375
OG0000084	Syam	Prbg.g_00588	Syam.g_00441
OG0000084	Syaa	Prbg.g_00588	Syaa.g_01827, Syaa.g_02302, Syaa.g_01770
OG0000084	Syae	Prbg.g_00588	Syae.g_00857, Syae.g_02656
OG0000084	Syac	Prbg.g_00588	Syac.g_00822, Syac.g_01627
OG0000084	Syah	Prbg.g_00588	Syah.g_02105, Syah.g_01296
OG0000084	Syai	Prbg.g_00588	Syai.g_01196, Syai.g_00958
OG0000084	Syag	Prbg.g_00588	Syag.g_00212, Syag.g_01425
OG0000084	Syal	Prbg.g_00588	Syal.g_01896, Syal.g_00023
OG0000084	Syaf	Prbg.g_00588	Syaf.g_02409
OG0000084	Syan	Prbg.g_00588	Syan.g_01283
OG0000084	Syao	Prbg.g_00588	Syao.g_01509, Syao.g_02606
OG0000084	Syak	Prbg.g_00588	Syak.g_01036
OG0000084	Praf	Prbg.g_00588	Praf.g_01790
OG0000084	Prah	Prbg.g_00588	Prah.g_00412
OG0000084	Prbj	Prbg.g_00588	Prbj.g_01052
OG0000084	Prbk	Prbg.g_00588	Prbk.g_00255
OG0000084	Prbl	Prbg.g_00588	Prbl.g_00246
OG0000084	Pram	Prbg.g_00588	Pram.g_01384
OG0000084	Prbh	Prbg.g_00588	Prbh.g_00093
OG0000084	Prbm	Prbg.g_00588	Prbm.g_01706
OG0000084	Praj	Prbg.g_00588	Praj.g_01628
OG0000084	Prbb	Prbg.g_00588	Prbb.g_01683
OG0000084	Prbc	Prbg.g_00588	Prbc.g_00705
OG0000084	Pral	Prbg.g_00588	Pral.g_01169
OG0000084	Prat	Prbg.g_00588	Prat.g_01348
OG0000084	Prak	Prbg.g_00588	Prak.g_01388
OG0000084	Prap	Prbg.g_00588	Prap.g_00118
OG0000084	Prbe	Prbg.g_00588	Prbe.g_00314
OG0000084	Prbf	Prbg.g_00588	Prbf.g_00154
OG0000084	Prbn	Prbg.g_00588	Prbn.g_00209
OG0000085	Prao	Prbg.g_00716, Prbg.g_01642	Prao.g_01545
OG0000085	Pray	Prbg.g_00716, Prbg.g_01642	Pray.g_01566
OG0000085	Praz	Prbg.g_00716, Prbg.g_01642	Praz.g_00884
OG0000085	Prba	Prbg.g_00716, Prbg.g_01642	Prba.g_00233
OG0000085	Prac	Prbg.g_00716, Prbg.g_01642	Prac.g_00632
OG0000085	Prar	Prbg.g_00716, Prbg.g_01642	Prar.g_01150
OG0000085	Prad	Prbg.g_00716, Prbg.g_01642	Prad.g_00948
OG0000085	Prag	Prbg.g_00716, Prbg.g_01642	Prag.g_01662
OG0000085	Praw	Prbg.g_00716, Prbg.g_01642	Praw.g_00508
OG0000085	Prae	Prbg.g_00716, Prbg.g_01642	Prae.g_01616
OG0000085	Pras	Prbg.g_00716, Prbg.g_01642	Pras.g_00543
OG0000085	Prau	Prbg.g_00716, Prbg.g_01642	Prau.g_01725
OG0000085	Prbi	Prbg.g_00716, Prbg.g_01642	Prbi.g_01780
OG0000085	Prax	Prbg.g_00716, Prbg.g_01642	Prax.g_01566
OG0000085	Praa	Prbg.g_00716, Prbg.g_01642	Praa.g_01628
OG0000085	Prbd	Prbg.g_00716, Prbg.g_01642	Prbd.g_01532
OG0000085	Prav	Prbg.g_00716, Prbg.g_01642	Prav.g_01754
OG0000085	Prab	Prbg.g_00716, Prbg.g_01642	Prab.g_01662
OG0000085	Pran	Prbg.g_00716, Prbg.g_01642	Pran.g_00963
OG0000085	Prai	Prbg.g_00716, Prbg.g_01642	Prai.g_01631
OG0000085	Praj	Prbg.g_00716, Prbg.g_01642	Praj.g_01762
OG0000085	Prbb	Prbg.g_00716, Prbg.g_01642	Prbb.g_01816
OG0000085	Prbm	Prbg.g_00716, Prbg.g_01642	Prbm.g_01834
OG0000085	Prbc	Prbg.g_00716, Prbg.g_01642	Prbc.g_00826
OG0000085	Syar	Prbg.g_00716, Prbg.g_01642	Syar.g_02919
OG0000085	Syap	Prbg.g_00716, Prbg.g_01642	Syap.g_00611
OG0000085	Syat	Prbg.g_00716, Prbg.g_01642	Syat.g_03113
OG0000085	Syan	Prbg.g_00716, Prbg.g_01642	Syan.g_01387
OG0000085	Syao	Prbg.g_00716, Prbg.g_01642	Syao.g_01569
OG0000085	Syas	Prbg.g_00716, Prbg.g_01642	Syas.g_02695
OG0000085	Syaq	Prbg.g_00716, Prbg.g_01642	Syaq.g_01683
OG0000085	Syag	Prbg.g_00716, Prbg.g_01642	Syag.g_01676
OG0000085	Syak	Prbg.g_00716, Prbg.g_01642	Syak.g_02427
OG0000085	Prah	Prbg.g_00716, Prbg.g_01642	Prah.g_01666
OG0000085	Praf	Prbg.g_00716, Prbg.g_01642	Praf.g_00491
OG0000085	Prbj	Prbg.g_00716, Prbg.g_01642	Prbj.g_00869
OG0000085	Prbk	Prbg.g_00716, Prbg.g_01642	Prbk.g_00919
OG0000085	Prbl	Prbg.g_00716, Prbg.g_01642	Prbl.g_00405
OG0000085	Syab	Prbg.g_00716, Prbg.g_01642	Syab.g_02243
OG0000085	Syal	Prbg.g_00716, Prbg.g_01642	Syal.g_00575
OG0000085	Syaa	Prbg.g_00716, Prbg.g_01642	Syaa.g_00564
OG0000085	Syad	Prbg.g_00716, Prbg.g_01642	Syad.g_02612
OG0000085	Syaj	Prbg.g_00716, Prbg.g_01642	Syaj.g_01707
OG0000085	Syaf	Prbg.g_00716, Prbg.g_01642	Syaf.g_01048
OG0000085	Syai	Prbg.g_00716, Prbg.g_01642	Syai.g_02365
OG0000085	Syam	Prbg.g_00716, Prbg.g_01642	Syam.g_01979
OG0000085	Syac	Prbg.g_00716, Prbg.g_01642	Syac.g_00560
OG0000085	Syah	Prbg.g_00716, Prbg.g_01642	Syah.g_02372
OG0000085	Syae	Prbg.g_00716, Prbg.g_01642	Syae.g_01152
OG0000085	Prat	Prbg.g_00716, Prbg.g_01642	Prat.g_01584
OG0000085	Pram	Prbg.g_00716	Pram.g_01265
OG0000085	Prbh	Prbg.g_00716	Prbh.g_01408
OG0000085	Prak	Prbg.g_00716	Prak.g_01516
OG0000085	Prap	Prbg.g_00716	Prap.g_01917
OG0000085	Prbe	Prbg.g_00716	Prbe.g_00007
OG0000085	Prbf	Prbg.g_00716	Prbf.g_00822
OG0000085	Prbn	Prbg.g_00716	Prbn.g_00144
OG0000085	Pral	Prbg.g_01642	Pral.g_00099
OG0000085	Prak	Prbg.g_01642	Prak.g_01637
OG0000085	Prap	Prbg.g_01642	Prap.g_01787
OG0000085	Prbe	Prbg.g_01642	Prbe.g_00993
OG0000085	Prbf	Prbg.g_01642	Prbf.g_00701
OG0000085	Prbn	Prbg.g_01642	Prbn.g_01737
OG0000086	Prai	Prbg.g_00782	Prai.g_00088
OG0000086	Prab	Prbg.g_00782	Prab.g_00080
OG0000086	Pran	Prbg.g_00782	Pran.g_00344
OG0000086	Prac	Prbg.g_00782	Prac.g_01843
OG0000086	Praq	Prbg.g_00782	Praq.g_01915
OG0000086	Prar	Prbg.g_00782	Prar.g_00240
OG0000086	Prbd	Prbg.g_00782	Prbd.g_01156
OG0000086	Prag	Prbg.g_00782	Prag.g_00082
OG0000086	Praw	Prbg.g_00782	Praw.g_01346
OG0000086	Prad	Prbg.g_00782	Prad.g_01905
OG0000086	Pras	Prbg.g_00782	Pras.g_00939
OG0000086	Prau	Prbg.g_00782	Prau.g_00089
OG0000086	Prav	Prbg.g_00782	Prav.g_00153
OG0000086	Prao	Prbg.g_00782	Prao.g_00227
OG0000086	Praa	Prbg.g_00782	Praa.g_00088
OG0000086	Prbi	Prbg.g_00782	Prbi.g_00095
OG0000086	Pray	Prbg.g_00782	Pray.g_00201
OG0000086	Praz	Prbg.g_00782	Praz.g_00448
OG0000086	Prba	Prbg.g_00782	Prba.g_01876
OG0000086	Prax	Prbg.g_00782	Prax.g_00659
OG0000086	Prae	Prbg.g_00782	Prae.g_00088
OG0000086	Prbm	Prbg.g_00782	Prbm.g_00145
OG0000086	Prbc	Prbg.g_00782	Prbc.g_00485
OG0000086	Praj	Prbg.g_00782	Praj.g_00126
OG0000086	Prbb	Prbg.g_00782	Prbb.g_00143
OG0000086	Prbj	Prbg.g_00782	Prbj.g_00589
OG0000086	Prbk	Prbg.g_00782	Prbk.g_01295
OG0000086	Prbl	Prbg.g_00782	Prbl.g_00583
OG0000086	Praf	Prbg.g_00782	Praf.g_00297
OG0000086	Prah	Prbg.g_00782	Prah.g_01866
OG0000086	Syar	Prbg.g_00782	Syar.g_03085
OG0000086	Syas	Prbg.g_00782	Syas.g_02470
OG0000086	Syan	Prbg.g_00782	Syan.g_02946, Syan.g_02515, Syan.g_00114
OG0000086	Syao	Prbg.g_00782	Syao.g_02653, Syao.g_01240
OG0000086	Syat	Prbg.g_00782	Syat.g_01531, Syat.g_00798, Syat.g_00635
OG0000086	Syag	Prbg.g_00782	Syag.g_01853
OG0000086	Syab	Prbg.g_00782	Syab.g_02468
OG0000086	Syal	Prbg.g_00782	Syal.g_00784
OG0000086	Syaq	Prbg.g_00782	Syaq.g_01525
OG0000086	Syak	Prbg.g_00782	Syak.g_02219
OG0000086	Syac	Prbg.g_00782	Syac.g_00423
OG0000086	Syah	Prbg.g_00782	Syah.g_02511
OG0000086	Syaf	Prbg.g_00782	Syaf.g_00932
OG0000086	Syai	Prbg.g_00782	Syai.g_02507
OG0000086	Syam	Prbg.g_00782	Syam.g_02092
OG0000086	Syad	Prbg.g_00782	Syad.g_02770
OG0000086	Syaj	Prbg.g_00782	Syaj.g_01848
OG0000086	Syae	Prbg.g_00782	Syae.g_01333
OG0000086	Syaa	Prbg.g_00782	Syaa.g_00324
OG0000086	Pral	Prbg.g_00782	Pral.g_00959
OG0000086	Prat	Prbg.g_00782	Prat.g_00086
OG0000086	Pram	Prbg.g_00782	Pram.g_00072
OG0000086	Prbh	Prbg.g_00782	Prbh.g_00695
OG0000086	Prak	Prbg.g_00782	Prak.g_00092
OG0000086	Prap	Prbg.g_00782	Prap.g_01090
OG0000086	Prbe	Prbg.g_00782	Prbe.g_00192
OG0000086	Prbf	Prbg.g_00782	Prbf.g_01414
OG0000086	Prbn	Prbg.g_00782	Prbn.g_01333
OG0000087	Prab	Prbg.g_00913	Prab.g_00129
OG0000087	Pran	Prbg.g_00913	Pran.g_00295
OG0000087	Prai	Prbg.g_00913	Prai.g_00139
OG0000087	Prav	Prbg.g_00913	Prav.g_00204
OG0000087	Prac	Prbg.g_00913	Prac.g_01792
OG0000087	Praq	Prbg.g_00913	Praq.g_01864
OG0000087	Prar	Prbg.g_00913	Prar.g_00189
OG0000087	Prae	Prbg.g_00913	Prae.g_00139
OG0000087	Prax	Prbg.g_00913	Prax.g_01079
OG0000087	Pray	Prbg.g_00913	Pray.g_00150
OG0000087	Praz	Prbg.g_00913	Praz.g_00499
OG0000087	Prba	Prbg.g_00913	Prba.g_01927
OG0000087	Prao	Prbg.g_00913	Prao.g_00277
OG0000087	Prbi	Prbg.g_00913	Prbi.g_00147
OG0000087	Praa	Prbg.g_00913	Praa.g_00139
OG0000087	Pras	Prbg.g_00913	Pras.g_00990
OG0000087	Prau	Prbg.g_00913	Prau.g_00140
OG0000087	Prbd	Prbg.g_00913	Prbd.g_01104, Prbd.g_01103
OG0000087	Prad	Prbg.g_00913	Prad.g_01854
OG0000087	Prag	Prbg.g_00913	Prag.g_00132
OG0000087	Praw	Prbg.g_00913	Praw.g_01296
OG0000087	Prbm	Prbg.g_00913	Prbm.g_00198
OG0000087	Prbc	Prbg.g_00913	Prbc.g_00432
OG0000087	Praj	Prbg.g_00913	Praj.g_00179
OG0000087	Prbb	Prbg.g_00913	Prbb.g_00196
OG0000087	Prah	Prbg.g_00913	Prah.g_02268
OG0000087	Praf	Prbg.g_00913	Praf.g_02420
OG0000087	Prbj	Prbg.g_00913	Prbj.g_01547
OG0000087	Prbk	Prbg.g_00913	Prbk.g_00559
OG0000087	Prbl	Prbg.g_00913	Prbl.g_00810
OG0000087	Syan	Prbg.g_00913	Syan.g_02268
OG0000087	Syao	Prbg.g_00913	Syao.g_02555
OG0000087	Syaa	Prbg.g_00913	Syaa.g_02433
OG0000087	Syae	Prbg.g_00913	Syae.g_01414
OG0000087	Syad	Prbg.g_00913	Syad.g_02860
OG0000087	Syaj	Prbg.g_00913	Syaj.g_01945
OG0000087	Syac	Prbg.g_00913	Syac.g_00343
OG0000087	Syah	Prbg.g_00913	Syah.g_00038
OG0000087	Syar	Prbg.g_00913	Syar.g_03192, Syar.g_00068
OG0000087	Syaf	Prbg.g_00913	Syaf.g_00848
OG0000087	Syam	Prbg.g_00913	Syam.g_02175
OG0000087	Syai	Prbg.g_00913	Syai.g_02592
OG0000087	Syas	Prbg.g_00913	Syas.g_02374
OG0000087	Syap	Prbg.g_00913	Syap.g_02617, Syap.g_02202, Syap.g_02203
OG0000087	Syat	Prbg.g_00913	Syat.g_02912
OG0000087	Syak	Prbg.g_00913	Syak.g_02141
OG0000087	Syab	Prbg.g_00913	Syab.g_02551
OG0000087	Syal	Prbg.g_00913	Syal.g_00871
OG0000087	Syag	Prbg.g_00913	Syag.g_01939
OG0000087	Syaq	Prbg.g_00913	Syaq.g_01438
OG0000087	Pral	Prbg.g_00913	Pral.g_00906
OG0000087	Prat	Prbg.g_00913	Prat.g_00138
OG0000087	Pram	Prbg.g_00913	Pram.g_00125
OG0000087	Prbh	Prbg.g_00913	Prbh.g_00642
OG0000087	Prak	Prbg.g_00913	Prak.g_00147
OG0000087	Prap	Prbg.g_00913	Prap.g_01035
OG0000087	Prbe	Prbg.g_00913	Prbe.g_01683
OG0000087	Prbf	Prbg.g_00913	Prbf.g_01469
OG0000087	Prbn	Prbg.g_00913	Prbn.g_01278
OG0000088	Prab	Prbg.g_00944	Prab.g_00157
OG0000088	Pran	Prbg.g_00944	Pran.g_00266
OG0000088	Prai	Prbg.g_00944	Prai.g_00177
OG0000088	Prag	Prbg.g_00944	Prag.g_00159
OG0000088	Praw	Prbg.g_00944	Praw.g_01269
OG0000088	Prba	Prbg.g_00944	Prba.g_00622
OG0000088	Pray	Prbg.g_00944	Pray.g_00647
OG0000088	Praz	Prbg.g_00944	Praz.g_00526
OG0000088	Prav	Prbg.g_00944	Prav.g_00872
OG0000088	Prac	Prbg.g_00944	Prac.g_01764
OG0000088	Praq	Prbg.g_00944	Praq.g_01836
OG0000088	Prar	Prbg.g_00944	Prar.g_00161
OG0000088	Prad	Prbg.g_00944	Prad.g_01825
OG0000088	Prbi	Prbg.g_00944	Prbi.g_00190
OG0000088	Prax	Prbg.g_00944	Prax.g_01052
OG0000088	Pras	Prbg.g_00944	Pras.g_01017
OG0000088	Prau	Prbg.g_00944	Prau.g_00167
OG0000088	Prae	Prbg.g_00944	Prae.g_00169
OG0000088	Praa	Prbg.g_00944	Praa.g_00166
OG0000088	Prbd	Prbg.g_00944	Prbd.g_01074
OG0000088	Prao	Prbg.g_00944	Prao.g_00304
OG0000088	Praj	Prbg.g_00944	Praj.g_00206
OG0000088	Prbm	Prbg.g_00944	Prbm.g_00225
OG0000088	Prbb	Prbg.g_00944	Prbb.g_00223
OG0000088	Prbc	Prbg.g_00944	Prbc.g_00405
OG0000088	Syaq	Prbg.g_00944	Syaq.g_01402
OG0000088	Syag	Prbg.g_00944	Syag.g_01974
OG0000088	Syak	Prbg.g_00944	Syak.g_02106
OG0000088	Syab	Prbg.g_00944	Syab.g_02586
OG0000088	Syal	Prbg.g_00944	Syal.g_00908
OG0000088	Syae	Prbg.g_00944	Syae.g_01449
OG0000088	Syad	Prbg.g_00944	Syad.g_02899
OG0000088	Syaj	Prbg.g_00944	Syaj.g_01986
OG0000088	Syac	Prbg.g_00944	Syac.g_00308
OG0000088	Syah	Prbg.g_00944	Syah.g_00074
OG0000088	Syaa	Prbg.g_00944	Syaa.g_02474
OG0000088	Syam	Prbg.g_00944	Syam.g_02213
OG0000088	Syai	Prbg.g_00944	Syai.g_02630
OG0000088	Syaf	Prbg.g_00944	Syaf.g_00811
OG0000088	Prbj	Prbg.g_00944	Prbj.g_00521, Prbj.g_00912
OG0000088	Prbk	Prbg.g_00944	Prbk.g_00773, Prbk.g_01836
OG0000088	Prbl	Prbg.g_00944	Prbl.g_00281, Prbl.g_01838
OG0000088	Praf	Prbg.g_00944	Praf.g_02454, Praf.g_01239
OG0000088	Prah	Prbg.g_00944	Prah.g_02304, Prah.g_00957
OG0000088	Syar	Prbg.g_00944	Syar.g_00101
OG0000088	Syap	Prbg.g_00944	Syap.g_01202
OG0000088	Syat	Prbg.g_00944	Syat.g_02862
OG0000088	Syan	Prbg.g_00944	Syan.g_03031
OG0000088	Syao	Prbg.g_00944	Syao.g_02503
OG0000088	Prat	Prbg.g_00944	Prat.g_00166
OG0000088	Pral	Prbg.g_00944	Pral.g_00878
OG0000088	Pram	Prbg.g_00944	Pram.g_00151
OG0000088	Prbh	Prbg.g_00944	Prbh.g_00616
OG0000088	Prak	Prbg.g_00944	Prak.g_00178
OG0000088	Prap	Prbg.g_00944	Prap.g_01004
OG0000088	Prbe	Prbg.g_00944	Prbe.g_01714
OG0000088	Prbf	Prbg.g_00944	Prbf.g_01500
OG0000088	Prbn	Prbg.g_00944	Prbn.g_01247
OG0000089	Prai	Prbg.g_00137	Prai.g_00368
OG0000089	Prad	Prbg.g_00137	Prad.g_00755
OG0000089	Prac	Prbg.g_00137	Prac.g_01178
OG0000089	Praq	Prbg.g_00137	Praq.g_01188
OG0000089	Prar	Prbg.g_00137	Prar.g_00416
OG0000089	Prau	Prbg.g_00137	Prau.g_00358
OG0000089	Pray	Prbg.g_00137	Pray.g_00834
OG0000089	Praz	Prbg.g_00137	Praz.g_00818
OG0000089	Prba	Prbg.g_00137	Prba.g_00850
OG0000089	Pras	Prbg.g_00137	Pras.g_01209
OG0000089	Praa	Prbg.g_00137	Praa.g_00355
OG0000089	Prae	Prbg.g_00137	Prae.g_00355
OG0000089	Prao	Prbg.g_00137	Prao.g_00490
OG0000089	Prax	Prbg.g_00137	Prax.g_00817
OG0000089	Prbd	Prbg.g_00137	Prbd.g_00883
OG0000089	Prbi	Prbg.g_00137	Prbi.g_00380
OG0000089	Prav	Prbg.g_00137	Prav.g_00975
OG0000089	Prab	Prbg.g_00137	Prab.g_00343
OG0000089	Pran	Prbg.g_00137	Pran.g_01839
OG0000089	Prag	Prbg.g_00137	Prag.g_00350
OG0000089	Praw	Prbg.g_00137	Praw.g_00776
OG0000089	Syar	Prbg.g_00137	Syar.g_01162
OG0000089	Syag	Prbg.g_00137	Syag.g_00005
OG0000089	Syak	Prbg.g_00137	Syak.g_01215
OG0000089	Syab	Prbg.g_00137	Syab.g_00551
OG0000089	Syal	Prbg.g_00137	Syal.g_00555
OG0000089	Syaq	Prbg.g_00137	Syaq.g_00529
OG0000089	Syao	Prbg.g_00137	Syao.g_01716
OG0000089	Syan	Prbg.g_00137	Syan.g_02316
OG0000089	Syat	Prbg.g_00137	Syat.g_02953
OG0000089	Syas	Prbg.g_00137	Syas.g_01512
OG0000089	Syap	Prbg.g_00137	Syap.g_00115, Syap.g_02042
OG0000089	Praj	Prbg.g_00137	Praj.g_00403
OG0000089	Prbb	Prbg.g_00137	Prbb.g_00416
OG0000089	Prbc	Prbg.g_00137	Prbc.g_01268
OG0000089	Prbm	Prbg.g_00137	Prbm.g_00423
OG0000089	Syaf	Prbg.g_00137	Syaf.g_02807
OG0000089	Syai	Prbg.g_00137	Syai.g_00517
OG0000089	Syam	Prbg.g_00137	Syam.g_00489
OG0000089	Syaa	Prbg.g_00137	Syaa.g_02149
OG0000089	Syad	Prbg.g_00137	Syad.g_00785, Syad.g_02829
OG0000089	Syaj	Prbg.g_00137	Syaj.g_02829, Syaj.g_01915
OG0000089	Syae	Prbg.g_00137	Syae.g_02219
OG0000089	Syac	Prbg.g_00137	Syac.g_01988, Syac.g_01543
OG0000089	Syah	Prbg.g_00137	Syah.g_00888
OG0000089	Praf	Prbg.g_00137	Praf.g_02015
OG0000089	Prah	Prbg.g_00137	Prah.g_00205
OG0000089	Prbj	Prbg.g_00137	Prbj.g_00064
OG0000089	Prbk	Prbg.g_00137	Prbk.g_00364
OG0000089	Prbl	Prbg.g_00137	Prbl.g_02674
OG0000089	Prat	Prbg.g_00137	Prat.g_00370
OG0000089	Pral	Prbg.g_00137	Pral.g_00676
OG0000089	Pram	Prbg.g_00137	Pram.g_00352
OG0000089	Prbh	Prbg.g_00137	Prbh.g_00415
OG0000089	Prak	Prbg.g_00137	Prak.g_00379
OG0000089	Prap	Prbg.g_00137	Prap.g_01349
OG0000089	Prbe	Prbg.g_00137	Prbe.g_01915
OG0000089	Prbf	Prbg.g_00137	Prbf.g_01701
OG0000089	Prbn	Prbg.g_00137	Prbn.g_00696
OG0000090	Prab	Prbg.g_00250	Prab.g_00537
OG0000090	Pran	Prbg.g_00250	Pran.g_01645
OG0000090	Prai	Prbg.g_00250	Prai.g_00561
OG0000090	Prav	Prbg.g_00250	Prav.g_01131
OG0000090	Prad	Prbg.g_00250	Prad.g_00096
OG0000090	Prae	Prbg.g_00250	Prae.g_00508
OG0000090	Prbi	Prbg.g_00250	Prbi.g_00536
OG0000090	Pras	Prbg.g_00250	Pras.g_01410
OG0000090	Prau	Prbg.g_00250	Prau.g_00573
OG0000090	Prbd	Prbg.g_00250	Prbd.g_00709
OG0000090	Praa	Prbg.g_00250	Praa.g_00533
OG0000090	Prax	Prbg.g_00250	Prax.g_00668
OG0000090	Prag	Prbg.g_00250	Prag.g_00512
OG0000090	Praw	Prbg.g_00250	Praw.g_00615
OG0000090	Prac	Prbg.g_00250	Prac.g_00839
OG0000090	Praq	Prbg.g_00250	Praq.g_01069
OG0000090	Prar	Prbg.g_00250	Prar.g_01363
OG0000090	Prao	Prbg.g_00250	Prao.g_01858
OG0000090	Praz	Prbg.g_00250	Praz.g_01795
OG0000090	Prba	Prbg.g_00250	Prba.g_00928
OG0000090	Pray	Prbg.g_00250	Pray.g_01024, Pray.g_01228
OG0000090	Prbm	Prbg.g_00250	Prbm.g_00566
OG0000090	Praj	Prbg.g_00250	Praj.g_00524
OG0000090	Prbb	Prbg.g_00250	Prbb.g_00536
OG0000090	Prbc	Prbg.g_00250	Prbc.g_01612
OG0000090	Praf	Prbg.g_00250	Praf.g_00660
OG0000090	Prah	Prbg.g_00250	Prah.g_01501
OG0000090	Prbj	Prbg.g_00250	Prbj.g_02127
OG0000090	Prbk	Prbg.g_00250	Prbk.g_01080
OG0000090	Prbl	Prbg.g_00250	Prbl.g_00766
OG0000090	Syag	Prbg.g_00250	Syag.g_01454
OG0000090	Syaq	Prbg.g_00250	Syaq.g_01838
OG0000090	Syak	Prbg.g_00250	Syak.g_02640
OG0000090	Syab	Prbg.g_00250	Syab.g_02041
OG0000090	Syal	Prbg.g_00250	Syal.g_02838
OG0000090	Syae	Prbg.g_00250	Syae.g_02374
OG0000090	Syaf	Prbg.g_00250	Syaf.g_02654
OG0000090	Syai	Prbg.g_00250	Syai.g_00707
OG0000090	Syam	Prbg.g_00250	Syam.g_00651
OG0000090	Syac	Prbg.g_00250	Syac.g_01836
OG0000090	Syah	Prbg.g_00250	Syah.g_01064
OG0000090	Syar	Prbg.g_00250	Syar.g_03271, Syar.g_02363, Syar.g_02353, Syar.g_02356
OG0000090	Syaa	Prbg.g_00250	Syaa.g_01980
OG0000090	Syat	Prbg.g_00250	Syat.g_03270
OG0000090	Syap	Prbg.g_00250	Syap.g_01451
OG0000090	Syas	Prbg.g_00250	Syas.g_00062
OG0000090	Syan	Prbg.g_00250	Syan.g_01166
OG0000090	Syao	Prbg.g_00250	Syao.g_01412
OG0000090	Syad	Prbg.g_00250	Syad.g_00977
OG0000090	Syaj	Prbg.g_00250	Syaj.g_00144
OG0000090	Pral	Prbg.g_00250	Pral.g_00557
OG0000090	Prat	Prbg.g_00250	Prat.g_00495
OG0000090	Pram	Prbg.g_00250	Pram.g_00471
OG0000090	Prbh	Prbg.g_00250	Prbh.g_00296
OG0000090	Prak	Prbg.g_00250	Prak.g_00492
OG0000090	Prap	Prbg.g_00250	Prap.g_01236
OG0000090	Prbe	Prbg.g_00250	Prbe.g_00602
OG0000090	Prbf	Prbg.g_00250	Prbf.g_01814
OG0000090	Prbn	Prbg.g_00250	Prbn.g_00583
OG0000091	Prac	Prbg.g_01414	Prac.g_00729
OG0000091	Praq	Prbg.g_01414	Praq.g_00960
OG0000091	Prar	Prbg.g_01414	Prar.g_01472
OG0000091	Prbd	Prbg.g_01414	Prbd.g_00602
OG0000091	Prax	Prbg.g_01414	Prax.g_00101
OG0000091	Prae	Prbg.g_01414	Prae.g_00616
OG0000091	Prao	Prbg.g_01414	Prao.g_00081
OG0000091	Praa	Prbg.g_01414	Praa.g_00642
OG0000091	Pras	Prbg.g_01414	Pras.g_01518
OG0000091	Prau	Prbg.g_01414	Prau.g_00682
OG0000091	Pray	Prbg.g_01414	Pray.g_01121
OG0000091	Praz	Prbg.g_01414	Praz.g_01688
OG0000091	Prba	Prbg.g_01414	Prba.g_01675
OG0000091	Prbi	Prbg.g_01414	Prbi.g_00645
OG0000091	Prad	Prbg.g_01414	Prad.g_01431
OG0000091	Prag	Prbg.g_01414	Prag.g_00620
OG0000091	Praw	Prbg.g_01414	Praw.g_01880
OG0000091	Prav	Prbg.g_01414	Prav.g_01240
OG0000091	Prab	Prbg.g_01414	Prab.g_00647
OG0000091	Pran	Prbg.g_01414	Pran.g_01536
OG0000091	Prai	Prbg.g_01414	Prai.g_00671
OG0000091	Pral	Prbg.g_01414	Pral.g_01443
OG0000091	Prat	Prbg.g_01414	Prat.g_01082
OG0000091	Syad	Prbg.g_01414	Syad.g_02144
OG0000091	Syaj	Prbg.g_01414	Syaj.g_01275
OG0000091	Syaa	Prbg.g_01414	Syaa.g_01625
OG0000091	Syae	Prbg.g_01414	Syae.g_00082
OG0000091	Syai	Prbg.g_01414	Syai.g_01112
OG0000091	Syaf	Prbg.g_01414	Syaf.g_02302
OG0000091	Syam	Prbg.g_01414	Syam.g_01460
OG0000091	Syac	Prbg.g_01414	Syac.g_00987
OG0000091	Syah	Prbg.g_01414	Syah.g_01927
OG0000091	Syao	Prbg.g_01414	Syao.g_00902
OG0000091	Syat	Prbg.g_01414	Syat.g_00939, Syat.g_00862
OG0000091	Syan	Prbg.g_01414	Syan.g_00235, Syan.g_00808
OG0000091	Syar	Prbg.g_01414	Syar.g_01891, Syar.g_02426
OG0000091	Syas	Prbg.g_01414	Syas.g_00907, Syas.g_00146
OG0000091	Syap	Prbg.g_01414	Syap.g_01861
OG0000091	Syab	Prbg.g_01414	Syab.g_01866
OG0000091	Syal	Prbg.g_01414	Syal.g_02628
OG0000091	Syak	Prbg.g_01414	Syak.g_00043
OG0000091	Prah	Prbg.g_01414	Prah.g_00493
OG0000091	Praf	Prbg.g_01414	Praf.g_01700
OG0000091	Prbj	Prbg.g_01414	Prbj.g_02581
OG0000091	Prbk	Prbg.g_01414	Prbk.g_02639
OG0000091	Prbl	Prbg.g_01414	Prbl.g_01647
OG0000091	Syaq	Prbg.g_01414	Syaq.g_02090
OG0000091	Syag	Prbg.g_01414	Syag.g_00418
OG0000091	Praj	Prbg.g_01414	Praj.g_00630
OG0000091	Prbb	Prbg.g_01414	Prbb.g_00643
OG0000091	Prbc	Prbg.g_01414	Prbc.g_01719
OG0000091	Prbm	Prbg.g_01414	Prbm.g_00673
OG0000091	Pram	Prbg.g_01414	Pram.g_01068
OG0000091	Prbh	Prbg.g_01414	Prbh.g_01211
OG0000091	Prak	Prbg.g_01414	Prak.g_01100
OG0000091	Prap	Prbg.g_01414	Prap.g_00384
OG0000091	Prbe	Prbg.g_01414	Prbe.g_01477
OG0000091	Prbf	Prbg.g_01414	Prbf.g_00990
OG0000091	Prbn	Prbg.g_01414	Prbn.g_00434
OG0000092	Prbm	Prbg.g_01089	Prbm.g_00934
OG0000092	Syai	Prbg.g_01089	Syai.g_01358
OG0000092	Prac	Prbg.g_01089	Prac.g_01379
OG0000092	Praq	Prbg.g_01089	Praq.g_01495
OG0000092	Prar	Prbg.g_01089	Prar.g_01781
OG0000092	Pray	Prbg.g_01089	Pray.g_00457
OG0000092	Praz	Prbg.g_01089	Praz.g_01403
OG0000092	Prba	Prbg.g_01089	Prba.g_01390
OG0000092	Prad	Prbg.g_01089	Prad.g_00240
OG0000092	Prab	Prbg.g_01089	Prab.g_01063
OG0000092	Pran	Prbg.g_01089	Pran.g_00434
OG0000092	Prai	Prbg.g_01089	Prai.g_01041
OG0000092	Prag	Prbg.g_01089	Prag.g_00911
OG0000092	Praw	Prbg.g_01089	Praw.g_01592
OG0000092	Prav	Prbg.g_01089	Prav.g_00504
OG0000092	Pras	Prbg.g_01089	Pras.g_01806
OG0000092	Prau	Prbg.g_01089	Prau.g_00961
OG0000092	Prae	Prbg.g_01089	Prae.g_00913
OG0000092	Praa	Prbg.g_01089	Praa.g_00912
OG0000092	Prax	Prbg.g_01089	Prax.g_00566
OG0000092	Prbi	Prbg.g_01089	Prbi.g_00956
OG0000092	Prao	Prbg.g_01089	Prao.g_00850
OG0000092	Prbd	Prbg.g_01089	Prbd.g_00211
OG0000092	Pram	Prbg.g_01089	Pram.g_00739
OG0000092	Prbh	Prbg.g_01089	Prbh.g_00883
OG0000092	Pral	Prbg.g_01089	Pral.g_01794
OG0000092	Prat	Prbg.g_01089	Prat.g_00721
OG0000092	Prak	Prbg.g_01089	Prak.g_00775
OG0000092	Prap	Prbg.g_01089	Prap.g_00853
OG0000092	Prbe	Prbg.g_01089	Prbe.g_00422
OG0000092	Prbf	Prbg.g_01089	Prbf.g_01315
OG0000092	Prbn	Prbg.g_01089	Prbn.g_01616
OG0000093	Prab	Prbg.g_01385	Prab.g_01042
OG0000093	Pran	Prbg.g_01385	Pran.g_00455
OG0000093	Prai	Prbg.g_01385	Prai.g_01021
OG0000093	Prav	Prbg.g_01385	Prav.g_00525
OG0000093	Prag	Prbg.g_01385	Prag.g_00932
OG0000093	Praw	Prbg.g_01385	Praw.g_01571
OG0000093	Prac	Prbg.g_01385	Prac.g_01359
OG0000093	Praq	Prbg.g_01385	Praq.g_01516
OG0000093	Prar	Prbg.g_01385	Prar.g_01801
OG0000093	Prao	Prbg.g_01385	Prao.g_00870
OG0000093	Pray	Prbg.g_01385	Pray.g_00479
OG0000093	Praz	Prbg.g_01385	Praz.g_01382
OG0000093	Prba	Prbg.g_01385	Prba.g_01369
OG0000093	Prad	Prbg.g_01385	Prad.g_00218
OG0000093	Pras	Prbg.g_01385	Pras.g_01827
OG0000093	Prau	Prbg.g_01385	Prau.g_00983
OG0000093	Praa	Prbg.g_01385	Praa.g_00932
OG0000093	Prae	Prbg.g_01385	Prae.g_00933
OG0000093	Prbi	Prbg.g_01385	Prbi.g_00977
OG0000093	Prbd	Prbg.g_01385	Prbd.g_00232
OG0000093	Prax	Prbg.g_01385	Prax.g_00588
OG0000093	Prbm	Prbg.g_01385	Prbm.g_00799
OG0000093	Prbc	Prbg.g_01385	Prbc.g_01843
OG0000093	Praj	Prbg.g_01385	Praj.g_00754
OG0000093	Prbb	Prbg.g_01385	Prbb.g_00768
OG0000093	Syar	Prbg.g_01385	Syar.g_02623
OG0000093	Syan	Prbg.g_01385	Syan.g_00708
OG0000093	Syao	Prbg.g_01385	Syao.g_00739
OG0000093	Syag	Prbg.g_01385	Syag.g_00649
OG0000093	Syaq	Prbg.g_01385	Syaq.g_02323
OG0000093	Syak	Prbg.g_01385	Syak.g_00416
OG0000093	Syab	Prbg.g_01385	Syab.g_01582
OG0000093	Syal	Prbg.g_01385	Syal.g_02233
OG0000093	Syad	Prbg.g_01385	Syad.g_01905
OG0000093	Syaj	Prbg.g_01385	Syaj.g_01042
OG0000093	Syaf	Prbg.g_01385	Syaf.g_02065
OG0000093	Syai	Prbg.g_01385	Syai.g_01306
OG0000093	Syam	Prbg.g_01385	Syam.g_01305
OG0000093	Syae	Prbg.g_01385	Syae.g_00537
OG0000093	Syaa	Prbg.g_01385	Syaa.g_01139
OG0000093	Syac	Prbg.g_01385	Syac.g_01357
OG0000093	Syah	Prbg.g_01385	Syah.g_01794
OG0000093	Prbj	Prbg.g_01385	Prbj.g_02388
OG0000093	Prbk	Prbg.g_01385	Prbk.g_02444
OG0000093	Prbl	Prbg.g_01385	Prbl.g_02359
OG0000093	Praf	Prbg.g_01385	Praf.g_01503
OG0000093	Prah	Prbg.g_01385	Prah.g_00692
OG0000093	Pral	Prbg.g_01385	Pral.g_01472
OG0000093	Prat	Prbg.g_01385	Prat.g_01053
OG0000093	Pram	Prbg.g_01385	Pram.g_01038
OG0000093	Prbh	Prbg.g_01385	Prbh.g_01181
OG0000093	Prak	Prbg.g_01385	Prak.g_01071
OG0000093	Prap	Prbg.g_01385	Prap.g_00355
OG0000093	Prbe	Prbg.g_01385	Prbe.g_01448
OG0000093	Prbf	Prbg.g_01385	Prbf.g_01019
OG0000093	Prbn	Prbg.g_01385	Prbn.g_00846
OG0000094	Prac	Prbg.g_01336	Prac.g_01275
OG0000094	Praq	Prbg.g_01336	Praq.g_01600
OG0000094	Prar	Prbg.g_01336	Prar.g_01885
OG0000094	Prbd	Prbg.g_01336	Prbd.g_00321
OG0000094	Pray	Prbg.g_01336	Pray.g_00565
OG0000094	Praz	Prbg.g_01336	Praz.g_01296
OG0000094	Prba	Prbg.g_01336	Prba.g_01283
OG0000094	Praa	Prbg.g_01336	Praa.g_01020
OG0000094	Prao	Prbg.g_01336	Prao.g_00955
OG0000094	Prax	Prbg.g_01336	Prax.g_01185
OG0000094	Prae	Prbg.g_01336	Prae.g_01021
OG0000094	Prbi	Prbg.g_01336	Prbi.g_01067
OG0000094	Prag	Prbg.g_01336	Prag.g_01017
OG0000094	Praw	Prbg.g_01336	Praw.g_01486
OG0000094	Prav	Prbg.g_01336	Prav.g_00914
OG0000094	Prau	Prbg.g_01336	Prau.g_01070
OG0000094	Pras	Prbg.g_01336	Pras.g_01915
OG0000094	Prad	Prbg.g_01336	Prad.g_01038
OG0000094	Prab	Prbg.g_01336	Prab.g_00948
OG0000094	Pran	Prbg.g_01336	Pran.g_00549
OG0000094	Prai	Prbg.g_01336	Prai.g_00937
OG0000094	Syar	Prbg.g_01336	Syar.g_01789
OG0000094	Syag	Prbg.g_01336	Syag.g_00881
OG0000094	Syak	Prbg.g_01336	Syak.g_00656
OG0000094	Syab	Prbg.g_01336	Syab.g_01306
OG0000094	Syal	Prbg.g_01336	Syal.g_01907
OG0000094	Syaq	Prbg.g_01336	Syaq.g_00056, Syaq.g_02554
OG0000094	Syae	Prbg.g_01336	Syae.g_00430
OG0000094	Syad	Prbg.g_01336	Syad.g_01676
OG0000094	Syaj	Prbg.g_01336	Syaj.g_00804
OG0000094	Syaa	Prbg.g_01336	Syaa.g_01288
OG0000094	Syac	Prbg.g_01336	Syac.g_01251
OG0000094	Syah	Prbg.g_01336	Syah.g_01692
OG0000094	Syaf	Prbg.g_01336	Syaf.g_01940
OG0000094	Syai	Prbg.g_01336	Syai.g_01424
OG0000094	Syam	Prbg.g_01336	Syam.g_01198
OG0000094	Syas	Prbg.g_01336	Syas.g_00208, Syas.g_01716
OG0000094	Syat	Prbg.g_01336	Syat.g_00698, Syat.g_01034
OG0000094	Syap	Prbg.g_01336	Syap.g_02781
OG0000094	Syan	Prbg.g_01336	Syan.g_00353, Syan.g_00065
OG0000094	Syao	Prbg.g_01336	Syao.g_00458
OG0000094	Praj	Prbg.g_01336	Praj.g_00846
OG0000094	Prbb	Prbg.g_01336	Prbb.g_00892
OG0000094	Prbc	Prbg.g_01336	Prbc.g_01935
OG0000094	Prbm	Prbg.g_01336	Prbm.g_00888
OG0000094	Pral	Prbg.g_01336	Pral.g_01604
OG0000094	Prat	Prbg.g_01336	Prat.g_00943
OG0000094	Prah	Prbg.g_01336	Prah.g_02518
OG0000094	Praf	Prbg.g_01336	Praf.g_02685
OG0000094	Prbj	Prbg.g_01336	Prbj.g_01985
OG0000094	Prbk	Prbg.g_01336	Prbk.g_02190
OG0000094	Prbl	Prbg.g_01336	Prbl.g_02209
OG0000094	Pram	Prbg.g_01336	Pram.g_00987
OG0000094	Prbh	Prbg.g_01336	Prbh.g_01130
OG0000094	Prak	Prbg.g_01336	Prak.g_01022
OG0000094	Prap	Prbg.g_01336	Prap.g_00306
OG0000094	Prbe	Prbg.g_01336	Prbe.g_01399
OG0000094	Prbf	Prbg.g_01336	Prbf.g_01068
OG0000094	Prbn	Prbg.g_01336	Prbn.g_01369
OG0000095	Prai	Prbg.g_01234	Prai.g_00918
OG0000095	Prav	Prbg.g_01234	Prav.g_00933
OG0000095	Prao	Prbg.g_01234	Prao.g_00974
OG0000095	Praa	Prbg.g_01234	Praa.g_01039
OG0000095	Pras	Prbg.g_01234	Pras.g_01934
OG0000095	Prau	Prbg.g_01234	Prau.g_01089
OG0000095	Prbi	Prbg.g_01234	Prbi.g_01086
OG0000095	Prac	Prbg.g_01234	Prac.g_01256
OG0000095	Praq	Prbg.g_01234	Praq.g_01619
OG0000095	Prar	Prbg.g_01234	Prar.g_01904
OG0000095	Prad	Prbg.g_01234	Prad.g_01018
OG0000095	Prax	Prbg.g_01234	Prax.g_01204
OG0000095	Prbd	Prbg.g_01234	Prbd.g_00340
OG0000095	Prae	Prbg.g_01234	Prae.g_01040
OG0000095	Pray	Prbg.g_01234	Pray.g_00584
OG0000095	Praz	Prbg.g_01234	Praz.g_00066
OG0000095	Prba	Prbg.g_01234	Prba.g_01264
OG0000095	Prag	Prbg.g_01234	Prag.g_01036
OG0000095	Praw	Prbg.g_01234	Praw.g_01467
OG0000095	Prab	Prbg.g_01234	Prab.g_01299
OG0000095	Pran	Prbg.g_01234	Pran.g_00903
OG0000095	Prbm	Prbg.g_01234	Prbm.g_01064
OG0000095	Prbc	Prbg.g_01234	Prbc.g_02113
OG0000095	Praj	Prbg.g_01234	Praj.g_01024
OG0000095	Prbb	Prbg.g_01234	Prbb.g_01070
OG0000095	Syas	Prbg.g_01234	Syas.g_01021
OG0000095	Syap	Prbg.g_01234	Syap.g_01556
OG0000095	Syar	Prbg.g_01234	Syar.g_01932
OG0000095	Syat	Prbg.g_01234	Syat.g_00808
OG0000095	Syan	Prbg.g_01234	Syan.g_00290
OG0000095	Syaq	Prbg.g_01234	Syaq.g_02679
OG0000095	Syag	Prbg.g_01234	Syag.g_00974
OG0000095	Syab	Prbg.g_01234	Syab.g_01210
OG0000095	Syal	Prbg.g_01234	Syal.g_01823
OG0000095	Syaa	Prbg.g_01234	Syaa.g_00879
OG0000095	Prbj	Prbg.g_01234	Prbj.g_01838
OG0000095	Prbk	Prbg.g_01234	Prbk.g_00056
OG0000095	Prbl	Prbg.g_01234	Prbl.g_00927
OG0000095	Praf	Prbg.g_01234	Praf.g_01274
OG0000095	Prah	Prbg.g_01234	Prah.g_00915
OG0000095	Syai	Prbg.g_01234	Syai.g_02007
OG0000095	Syam	Prbg.g_01234	Syam.g_00774
OG0000095	Syak	Prbg.g_01234	Syak.g_00736
OG0000095	Syac	Prbg.g_01234	Syac.g_00884
OG0000095	Syah	Prbg.g_01234	Syah.g_02030
OG0000095	Syaf	Prbg.g_01234	Syaf.g_01442
OG0000095	Syae	Prbg.g_01234	Syae.g_00793, Syae.g_00259
OG0000095	Syad	Prbg.g_01234	Syad.g_01290
OG0000095	Syaj	Prbg.g_01234	Syaj.g_00427
OG0000095	Syao	Prbg.g_01234	Syao.g_00331
OG0000095	Pral	Prbg.g_01234	Pral.g_01561
OG0000095	Prat	Prbg.g_01234	Prat.g_00965
OG0000095	Pram	Prbg.g_01234	Pram.g_00888
OG0000095	Prbh	Prbg.g_01234	Prbh.g_01031
OG0000095	Prbf	Prbg.g_01234	Prbf.g_01170
OG0000095	Prak	Prbg.g_01234	Prak.g_00920
OG0000095	Prap	Prbg.g_01234	Prap.g_00708
OG0000095	Prbe	Prbg.g_01234	Prbe.g_01297
OG0000095	Prbn	Prbg.g_01234	Prbn.g_01471
OG0000096	Prbc	Prbg.g_00032	Prbc.g_01323
OG0000096	Praj	Prbg.g_00032	Praj.g_01249
OG0000096	Prbb	Prbg.g_00032	Prbb.g_01294
OG0000096	Prbm	Prbg.g_00032	Prbm.g_01359
OG0000096	Prac	Prbg.g_00032	Prac.g_01958, Prac.g_01035, Prac.g_00139
OG0000096	Praq	Prbg.g_00032	Praq.g_00081, Praq.g_01283, Praq.g_00097
OG0000096	Prar	Prbg.g_00032	Prar.g_01006, Prar.g_01313, Prar.g_00991
OG0000096	Prbd	Prbg.g_00032	Prbd.g_01840, Prbd.g_00409, Prbd.g_01870
OG0000096	Prax	Prbg.g_00032	Prax.g_00500, Prax.g_00141, Prax.g_01936
OG0000096	Prag	Prbg.g_00032	Prag.g_01636, Prag.g_01103, Prag.g_01319
OG0000096	Praw	Prbg.g_00032	Praw.g_00482, Praw.g_00184, Praw.g_00945
OG0000096	Prav	Prbg.g_00032	Prav.g_01732, Prav.g_01400
OG0000096	Prai	Prbg.g_00032	Prai.g_01588
OG0000096	Prab	Prbg.g_00032	Prab.g_01596, Prab.g_01165
OG0000096	Pran	Prbg.g_00032	Pran.g_00603, Pran.g_00114
OG0000096	Pray	Prbg.g_00032	Pray.g_00117, Pray.g_01905
OG0000096	Praz	Prbg.g_00032	Praz.g_00045, Praz.g_01215
OG0000096	Prba	Prbg.g_00032	Prba.g_00734, Prba.g_01157
OG0000096	Prad	Prbg.g_00032	Prad.g_00650, Prad.g_00330
OG0000096	Prbi	Prbg.g_00032	Prbi.g_01156, Prbi.g_01352
OG0000096	Prae	Prbg.g_00032	Prae.g_01110, Prae.g_01283
OG0000096	Prao	Prbg.g_00032	Prao.g_01142, Prao.g_01316
OG0000096	Prau	Prbg.g_00032	Prau.g_01156, Prau.g_01331
OG0000096	Pras	Prbg.g_00032	Pras.g_00004, Pras.g_00163
OG0000096	Praa	Prbg.g_00032	Praa.g_01110, Praa.g_01280
OG0000096	Pral	Prbg.g_00032	Pral.g_00444
OG0000096	Prat	Prbg.g_00032	Prat.g_00634
OG0000096	Pram	Prbg.g_00032	Pram.g_01505, Pram.g_00621
OG0000096	Prbh	Prbg.g_00032	Prbh.g_01909, Prbh.g_01948
OG0000096	Prak	Prbg.g_00032	Prak.g_00702
OG0000096	Prap	Prbg.g_00032	Prap.g_00010
OG0000096	Prbe	Prbg.g_00032	Prbe.g_00081
OG0000096	Prbf	Prbg.g_00032	Prbf.g_00306
OG0000096	Prbn	Prbg.g_00032	Prbn.g_01049
OG0000097	Prav	Prbg.g_01440	Prav.g_01840
OG0000097	Prax	Prbg.g_01440	Prax.g_00241
OG0000097	Praa	Prbg.g_01440	Praa.g_01200
OG0000097	Prao	Prbg.g_01440	Prao.g_01048
OG0000097	Prbd	Prbg.g_01440	Prbd.g_00509
OG0000097	Pras	Prbg.g_01440	Pras.g_00098
OG0000097	Prau	Prbg.g_01440	Prau.g_01247
OG0000097	Prae	Prbg.g_01440	Prae.g_01204
OG0000097	Prac	Prbg.g_01440	Prac.g_00944
OG0000097	Praq	Prbg.g_01440	Praq.g_01374
OG0000097	Prar	Prbg.g_01440	Prar.g_01222
OG0000097	Pray	Prbg.g_01440	Pray.g_00022
OG0000097	Praz	Prbg.g_01440	Praz.g_00713
OG0000097	Prba	Prbg.g_01440	Prba.g_00022
OG0000097	Prad	Prbg.g_01440	Prad.g_01454
OG0000097	Prbi	Prbg.g_01440	Prbi.g_01248
OG0000097	Prag	Prbg.g_01440	Prag.g_01194
OG0000097	Praw	Prbg.g_01440	Praw.g_00275
OG0000097	Prab	Prbg.g_01440	Prab.g_01260
OG0000097	Pran	Prbg.g_01440	Pran.g_00019
OG0000097	Prai	Prbg.g_01440	Prai.g_01214
OG0000097	Pram	Prbg.g_01440	Pram.g_01093
OG0000097	Prbh	Prbg.g_01440	Prbh.g_01236
OG0000097	Praj	Prbg.g_01440	Praj.g_01416
OG0000097	Prbc	Prbg.g_01440	Prbc.g_01400
OG0000097	Prbb	Prbg.g_01440	Prbb.g_01470
OG0000097	Prbm	Prbg.g_01440	Prbm.g_01502
OG0000097	Pral	Prbg.g_01440	Pral.g_01416
OG0000097	Prat	Prbg.g_01440	Prat.g_01111
OG0000097	Syas	Prbg.g_01440	Syas.g_00114, Syas.g_01443
OG0000097	Syat	Prbg.g_01440	Syat.g_00907, Syat.g_00535
OG0000097	Syaa	Prbg.g_01440	Syaa.g_00979
OG0000097	Syad	Prbg.g_01440	Syad.g_01458
OG0000097	Syaj	Prbg.g_01440	Syaj.g_00589
OG0000097	Syae	Prbg.g_01440	Syae.g_00683
OG0000097	Syar	Prbg.g_01440	Syar.g_01706, Syar.g_00364
OG0000097	Syac	Prbg.g_01440	Syac.g_01507
OG0000097	Syah	Prbg.g_01440	Syah.g_01400
OG0000097	Syag	Prbg.g_01440	Syag.g_01065
OG0000097	Syaq	Prbg.g_01440	Syaq.g_00167
OG0000097	Syak	Prbg.g_01440	Syak.g_00816
OG0000097	Prah	Prbg.g_01440	Prah.g_01272
OG0000097	Praf	Prbg.g_01440	Praf.g_00905
OG0000097	Prbj	Prbg.g_01440	Prbj.g_02152
OG0000097	Prbk	Prbg.g_01440	Prbk.g_00189
OG0000097	Prbl	Prbg.g_01440	Prbl.g_02579
OG0000097	Syab	Prbg.g_01440	Syab.g_01051
OG0000097	Syal	Prbg.g_01440	Syal.g_01735, Syal.g_01553
OG0000097	Syao	Prbg.g_01440	Syao.g_00973
OG0000097	Syan	Prbg.g_01440	Syan.g_00160, Syan.g_00733
OG0000097	Syaf	Prbg.g_01440	Syaf.g_01574
OG0000097	Syai	Prbg.g_01440	Syai.g_01787
OG0000097	Syam	Prbg.g_01440	Syam.g_00874
OG0000097	Prak	Prbg.g_01440	Prak.g_01126
OG0000097	Prap	Prbg.g_01440	Prap.g_00410
OG0000097	Prbe	Prbg.g_01440	Prbe.g_01503
OG0000097	Prbf	Prbg.g_01440	Prbf.g_00964
OG0000097	Prbn	Prbg.g_01440	Prbn.g_00408
OG0000098	Prab	Prbg.g_00505	Prab.g_01346
OG0000098	Pran	Prbg.g_00505	Pran.g_00855
OG0000098	Prac	Prbg.g_00505	Prac.g_00199
OG0000098	Praq	Prbg.g_00505	Praq.g_00157
OG0000098	Prar	Prbg.g_00505	Prar.g_00929
OG0000098	Prag	Prbg.g_00505	Prag.g_01371
OG0000098	Praw	Prbg.g_00505	Praw.g_00997
OG0000098	Prav	Prbg.g_00505	Prav.g_01455
OG0000098	Prao	Prbg.g_00505	Prao.g_01257
OG0000098	Prau	Prbg.g_00505	Prau.g_01391
OG0000098	Prbi	Prbg.g_00505	Prbi.g_01421
OG0000098	Prbd	Prbg.g_00505	Prbd.g_01782
OG0000098	Prae	Prbg.g_00505	Prae.g_01350
OG0000098	Prax	Prbg.g_00505	Prax.g_01881
OG0000098	Praa	Prbg.g_00505	Praa.g_01348
OG0000098	Prad	Prbg.g_00505	Prad.g_00612
OG0000098	Pras	Prbg.g_00505	Pras.g_00232
OG0000098	Prai	Prbg.g_00505	Prai.g_01353
OG0000098	Pray	Prbg.g_00505	Pray.g_01847
OG0000098	Praz	Prbg.g_00505	Praz.g_01157
OG0000098	Prba	Prbg.g_00505	Prba.g_00214
OG0000098	Prbm	Prbg.g_00505	Prbm.g_01630
OG0000098	Praj	Prbg.g_00505	Praj.g_01546
OG0000098	Prbc	Prbg.g_00505	Prbc.g_00585
OG0000098	Prbb	Prbg.g_00505	Prbb.g_01608
OG0000098	Prbj	Prbg.g_00505	Prbj.g_00669
OG0000098	Prbk	Prbg.g_00505	Prbk.g_01199
OG0000098	Prbl	Prbg.g_00505	Prbl.g_00722
OG0000098	Praf	Prbg.g_00505	Praf.g_01886
OG0000098	Prah	Prbg.g_00505	Prah.g_00327
OG0000098	Syaf	Prbg.g_00505	Syaf.g_01637
OG0000098	Syai	Prbg.g_00505	Syai.g_01718
OG0000098	Syam	Prbg.g_00505	Syam.g_00944
OG0000098	Syag	Prbg.g_00505	Syag.g_00578, Syag.g_01445
OG0000098	Syak	Prbg.g_00505	Syak.g_00345, Syak.g_02651
OG0000098	Syab	Prbg.g_00505	Syab.g_01553
OG0000098	Syal	Prbg.g_00505	Syal.g_02196
OG0000098	Syaa	Prbg.g_00505	Syaa.g_01970
OG0000098	Syae	Prbg.g_00505	Syae.g_02384, Syae.g_02058
OG0000098	Syaq	Prbg.g_00505	Syaq.g_02221, Syaq.g_01849
OG0000098	Syap	Prbg.g_00505	Syap.g_01975
OG0000098	Syar	Prbg.g_00505	Syar.g_02343
OG0000098	Syac	Prbg.g_00505	Syac.g_02157
OG0000098	Syah	Prbg.g_00505	Syah.g_00723
OG0000098	Syad	Prbg.g_00505	Syad.g_00625
OG0000098	Syaj	Prbg.g_00505	Syaj.g_02671
OG0000098	Syan	Prbg.g_00505	Syan.g_00043
OG0000098	Syao	Prbg.g_00505	Syao.g_01374
OG0000098	Syas	Prbg.g_00505	Syas.g_00091
OG0000098	Syat	Prbg.g_00505	Syat.g_03281
OG0000098	Pral	Prbg.g_00505	Pral.g_01239
OG0000098	Prat	Prbg.g_00505	Prat.g_01282
OG0000098	Pram	Prbg.g_00505	Pram.g_01478
OG0000098	Prbh	Prbg.g_00505	Prbh.g_01935
OG0000098	Prak	Prbg.g_00505	Prak.g_01305
OG0000098	Prap	Prbg.g_00505	Prap.g_01928
OG0000098	Prbe	Prbg.g_00505	Prbe.g_00397
OG0000098	Prbf	Prbg.g_00505	Prbf.g_00071
OG0000098	Prbn	Prbg.g_00505	Prbn.g_01216
OG0000099	Syap	Prbg.g_00552	Syap.g_01385
OG0000099	Prah	Prbg.g_00552	Prah.g_02191
OG0000099	Praf	Prbg.g_00552	Praf.g_02342
OG0000099	Prbj	Prbg.g_00552	Prbj.g_01464
OG0000099	Prbk	Prbg.g_00552	Prbk.g_00476
OG0000099	Prbl	Prbg.g_00552	Prbl.g_00893
OG0000099	Syac	Prbg.g_00552	Syac.g_00234
OG0000099	Syah	Prbg.g_00552	Syah.g_00144
OG0000099	Syaa	Prbg.g_00552	Syaa.g_00202
OG0000099	Syad	Prbg.g_00552	Syad.g_00460
OG0000099	Syaj	Prbg.g_00552	Syaj.g_02503
OG0000099	Syae	Prbg.g_00552	Syae.g_01913, Syae.g_01226
OG0000099	Syaf	Prbg.g_00552	Syaf.g_00312
OG0000099	Syam	Prbg.g_00552	Syam.g_00173
OG0000099	Syai	Prbg.g_00552	Syai.g_00199
OG0000099	Syaq	Prbg.g_00552	Syaq.g_00882
OG0000099	Syab	Prbg.g_00552	Syab.g_00230
OG0000099	Syal	Prbg.g_00552	Syal.g_01323
OG0000099	Syag	Prbg.g_00552	Syag.g_02536
OG0000099	Syak	Prbg.g_00552	Syak.g_01527
OG0000099	Syan	Prbg.g_00552	Syan.g_01968
OG0000099	Syat	Prbg.g_00552	Syat.g_02130
OG0000099	Syao	Prbg.g_00552	Syao.g_02019
OG0000099	Syar	Prbg.g_00552	Syar.g_00715
OG0000099	Syas	Prbg.g_00552	Syas.g_01826
OG0000099	Prao	Prbg.g_00552	Prao.g_01214
OG0000099	Pras	Prbg.g_00552	Pras.g_00294
OG0000099	Prau	Prbg.g_00552	Prau.g_01435
OG0000099	Prbd	Prbg.g_00552	Prbd.g_01734
OG0000099	Pram	Prbg.g_00552	Pram.g_01445
OG0000099	Prbh	Prbg.g_00552	Prbh.g_00032
OG0000099	Prai	Prbg.g_00552	Prai.g_01393
OG0000099	Prad	Prbg.g_00552	Prad.g_00566
OG0000099	Prav	Prbg.g_00552	Prav.g_01514
OG0000099	Prag	Prbg.g_00552	Prag.g_01424
OG0000099	Praw	Prbg.g_00552	Praw.g_01051
OG0000099	Pray	Prbg.g_00552	Pray.g_01788
OG0000099	Praz	Prbg.g_00552	Praz.g_01098
OG0000099	Prba	Prbg.g_00552	Prba.g_00155
OG0000099	Prac	Prbg.g_00552	Prac.g_00256
OG0000099	Praq	Prbg.g_00552	Praq.g_00216
OG0000099	Prar	Prbg.g_00552	Prar.g_00872
OG0000099	Prax	Prbg.g_00552	Prax.g_01825
OG0000099	Prbm	Prbg.g_00552	Prbm.g_00394
OG0000099	Prbc	Prbg.g_00552	Prbc.g_01229
OG0000099	Praj	Prbg.g_00552	Praj.g_00372
OG0000099	Prbb	Prbg.g_00552	Prbb.g_00388
OG0000099	Praa	Prbg.g_00552	Praa.g_01394
OG0000099	Prbi	Prbg.g_00552	Prbi.g_01462
OG0000099	Prab	Prbg.g_00552	Prab.g_01394
OG0000099	Pran	Prbg.g_00552	Pran.g_00806
OG0000099	Prae	Prbg.g_00552	Prae.g_01390
OG0000099	Pral	Prbg.g_00552	Pral.g_01201
OG0000099	Prat	Prbg.g_00552	Prat.g_01312
OG0000099	Prak	Prbg.g_00552	Prak.g_01352
OG0000099	Prap	Prbg.g_00552	Prap.g_00082
OG0000099	Prbe	Prbg.g_00552	Prbe.g_00350
OG0000099	Prbf	Prbg.g_00552	Prbf.g_00118
OG0000099	Prbn	Prbg.g_00552	Prbn.g_00173
OG0000100	Prav	Prbg.g_00670	Prav.g_01652
OG0000100	Prag	Prbg.g_00670	Prag.g_01564
OG0000100	Praw	Prbg.g_00670	Praw.g_00411
OG0000100	Prab	Prbg.g_00670	Prab.g_01540
OG0000100	Pran	Prbg.g_00670	Pran.g_00659
OG0000100	Prai	Prbg.g_00670	Prai.g_01536
OG0000100	Prad	Prbg.g_00670	Prad.g_00440
OG0000100	Pras	Prbg.g_00670	Pras.g_00427
OG0000100	Prau	Prbg.g_00670	Prau.g_01605
OG0000100	Prac	Prbg.g_00670	Prac.g_00337
OG0000100	Praq	Prbg.g_00670	Praq.g_00368
OG0000100	Prar	Prbg.g_00670	Prar.g_00773
OG0000100	Pray	Prbg.g_00670	Pray.g_01648
OG0000100	Praz	Prbg.g_00670	Praz.g_00967
OG0000100	Prba	Prbg.g_00670	Prba.g_00314
OG0000100	Praa	Prbg.g_00670	Praa.g_01551
OG0000100	Prao	Prbg.g_00670	Prao.g_01470
OG0000100	Prax	Prbg.g_00670	Prax.g_01654
OG0000100	Prae	Prbg.g_00670	Prae.g_01533
OG0000100	Prbd	Prbg.g_00670	Prbd.g_01614
OG0000100	Prbi	Prbg.g_00670	Prbi.g_01664
OG0000100	Syat	Prbg.g_00670	Syat.g_00517
OG0000100	Syan	Prbg.g_00670	Syan.g_00658
OG0000100	Syao	Prbg.g_00670	Syao.g_00787
OG0000100	Syar	Prbg.g_00670	Syar.g_02477
OG0000100	Syas	Prbg.g_00670	Syas.g_00567
OG0000100	Syak	Prbg.g_00670	Syak.g_00622
OG0000100	Syab	Prbg.g_00670	Syab.g_01694
OG0000100	Syal	Prbg.g_00670	Syal.g_02448
OG0000100	Syag	Prbg.g_00670	Syag.g_00704
OG0000100	Syaq	Prbg.g_00670	Syaq.g_02371
OG0000100	Syad	Prbg.g_00670	Syad.g_01846
OG0000100	Syaj	Prbg.g_00670	Syaj.g_00987
OG0000100	Syaf	Prbg.g_00670	Syaf.g_02017
OG0000100	Syai	Prbg.g_00670	Syai.g_01372
OG0000100	Syam	Prbg.g_00670	Syam.g_01259
OG0000100	Syae	Prbg.g_00670	Syae.g_00489
OG0000100	Syaa	Prbg.g_00670	Syaa.g_01201
OG0000100	Syac	Prbg.g_00670	Syac.g_01309
OG0000100	Syah	Prbg.g_00670	Syah.g_01747
OG0000100	Prbj	Prbg.g_00670	Prbj.g_00185, Prbj.g_02442
OG0000100	Prbk	Prbg.g_00670	Prbk.g_01360, Prbk.g_02498
OG0000100	Prbl	Prbg.g_00670	Prbl.g_01914, Prbl.g_02305
OG0000100	Praf	Prbg.g_00670	Praf.g_00370, Praf.g_01561
OG0000100	Prah	Prbg.g_00670	Prah.g_01791, Prah.g_00636
OG0000100	Prbc	Prbg.g_00670	Prbc.g_00785
OG0000100	Prbm	Prbg.g_00670	Prbm.g_01787
OG0000100	Praj	Prbg.g_00670	Praj.g_01709
OG0000100	Prbb	Prbg.g_00670	Prbb.g_01763
OG0000100	Prat	Prbg.g_00670	Prat.g_01437
OG0000100	Pral	Prbg.g_00670	Pral.g_01078
OG0000100	Pram	Prbg.g_00670	Pram.g_01298
OG0000100	Prbh	Prbg.g_00670	Prbh.g_00179
OG0000100	Prak	Prbg.g_00670	Prak.g_01470
OG0000100	Prap	Prbg.g_00670	Prap.g_00200
OG0000100	Prbe	Prbg.g_00670	Prbe.g_00232
OG0000100	Prbf	Prbg.g_00670	Prbf.g_00236
OG0000100	Prbn	Prbg.g_00670	Prbn.g_00903
OG0000101	Prao	Prbg.g_01785	Prao.g_01687
OG0000101	Prab	Prbg.g_01785	Prab.g_01802
OG0000101	Pran	Prbg.g_01785	Pran.g_01105
OG0000101	Prai	Prbg.g_01785	Prai.g_01782
OG0000101	Prad	Prbg.g_01785	Prad.g_00807
OG0000101	Pray	Prbg.g_01785	Pray.g_01306
OG0000101	Praz	Prbg.g_01785	Praz.g_00263
OG0000101	Prba	Prbg.g_01785	Prba.g_00429
OG0000101	Praa	Prbg.g_01785	Praa.g_01775
OG0000101	Prae	Prbg.g_01785	Prae.g_01758
OG0000101	Pras	Prbg.g_01785	Pras.g_00687
OG0000101	Prau	Prbg.g_01785	Prau.g_01869
OG0000101	Prbi	Prbg.g_01785	Prbi.g_01938
OG0000101	Prax	Prbg.g_01785	Prax.g_01338
OG0000101	Prbd	Prbg.g_01785	Prbd.g_01391
OG0000101	Prag	Prbg.g_01785	Prag.g_01804
OG0000101	Praw	Prbg.g_01785	Praw.g_00096
OG0000101	Prav	Prbg.g_01785	Prav.g_00632
OG0000101	Prac	Prbg.g_01785	Prac.g_00548
OG0000101	Praq	Prbg.g_01785	Praq.g_00879
OG0000101	Prar	Prbg.g_01785	Prar.g_01027
OG0000101	Prbm	Prbg.g_01785	Prbm.g_02033
OG0000101	Praj	Prbg.g_01785	Praj.g_01952
OG0000101	Prbb	Prbg.g_01785	Prbb.g_02001
OG0000101	Prbc	Prbg.g_01785	Prbc.g_00284
OG0000101	Prbj	Prbg.g_01785	Prbj.g_00415, Prbj.g_00981
OG0000101	Prbk	Prbg.g_01785	Prbk.g_00796, Prbk.g_00944
OG0000101	Prbl	Prbg.g_01785	Prbl.g_01126, Prbl.g_01000
OG0000101	Syan	Prbg.g_01785	Syan.g_02199
OG0000101	Syao	Prbg.g_01785	Syao.g_01840
OG0000101	Syat	Prbg.g_01785	Syat.g_01661
OG0000101	Syas	Prbg.g_01785	Syas.g_01589
OG0000101	Syap	Prbg.g_01785	Syap.g_00472
OG0000101	Syar	Prbg.g_01785	Syar.g_01073, Syar.g_03154
OG0000101	Praf	Prbg.g_01785	Praf.g_02119
OG0000101	Prah	Prbg.g_01785	Prah.g_01995
OG0000101	Syag	Prbg.g_01785	Syag.g_02773
OG0000101	Syaq	Prbg.g_01785	Syaq.g_00607
OG0000101	Syak	Prbg.g_01785	Syak.g_01305
OG0000101	Syab	Prbg.g_01785	Syab.g_00446
OG0000101	Syal	Prbg.g_01785	Syal.g_00275
OG0000101	Syaa	Prbg.g_01785	Syaa.g_02249
OG0000101	Syae	Prbg.g_01785	Syae.g_02125
OG0000101	Syad	Prbg.g_01785	Syad.g_00694
OG0000101	Syaj	Prbg.g_01785	Syaj.g_02738
OG0000101	Syac	Prbg.g_01785	Syac.g_02094
OG0000101	Syah	Prbg.g_01785	Syah.g_00785
OG0000101	Syaf	Prbg.g_01785	Syaf.g_00093
OG0000101	Syam	Prbg.g_01785	Syam.g_00371
OG0000101	Syai	Prbg.g_01785	Syai.g_00404
OG0000101	Pral	Prbg.g_01785	Pral.g_00243
OG0000101	Prat	Prbg.g_01785	Prat.g_01726
OG0000101	Pram	Prbg.g_01785	Pram.g_01770
OG0000101	Prbh	Prbg.g_01785	Prbh.g_01644
OG0000101	Prak	Prbg.g_01785	Prak.g_01780
OG0000101	Prap	Prbg.g_01785	Prap.g_01642
OG0000101	Prbe	Prbg.g_01785	Prbe.g_00836
OG0000101	Prbf	Prbg.g_01785	Prbf.g_00558
OG0000101	Prbn	Prbg.g_01785	Prbn.g_01881
OG0000102	Prac	Prbg.g_01852	Prac.g_00046
OG0000102	Praq	Prbg.g_01852	Praq.g_00768
OG0000102	Prar	Prbg.g_01852	Prar.g_00658
OG0000102	Prao	Prbg.g_01852	Prao.g_01748
OG0000102	Prae	Prbg.g_01852	Prae.g_01820
OG0000102	Praa	Prbg.g_01852	Praa.g_01837
OG0000102	Prbd	Prbg.g_01852	Prbd.g_01330
OG0000102	Prax	Prbg.g_01852	Prax.g_01399
OG0000102	Prag	Prbg.g_01852	Prag.g_01866
OG0000102	Praw	Prbg.g_01852	Praw.g_00034
OG0000102	Prav	Prbg.g_01852	Prav.g_00694
OG0000102	Pray	Prbg.g_01852	Pray.g_01369
OG0000102	Praz	Prbg.g_01852	Praz.g_00200
OG0000102	Prba	Prbg.g_01852	Prba.g_00773
OG0000102	Prbi	Prbg.g_01852	Prbi.g_01999
OG0000102	Prad	Prbg.g_01852	Prad.g_01626
OG0000102	Pras	Prbg.g_01852	Pras.g_00748
OG0000102	Prau	Prbg.g_01852	Prau.g_01930
OG0000102	Prab	Prbg.g_01852	Prab.g_01862
OG0000102	Pran	Prbg.g_01852	Pran.g_01165
OG0000102	Prai	Prbg.g_01852	Prai.g_01843
OG0000102	Pral	Prbg.g_01852	Pral.g_00310
OG0000102	Prat	Prbg.g_01852	Prat.g_01793
OG0000102	Prbm	Prbg.g_01852	Prbm.g_02099
OG0000102	Prbc	Prbg.g_01852	Prbc.g_00206
OG0000102	Praj	Prbg.g_01852	Praj.g_02017
OG0000102	Prbb	Prbg.g_01852	Prbb.g_02066
OG0000102	Prbj	Prbg.g_01852	Prbj.g_01819
OG0000102	Prbk	Prbg.g_01852	Prbk.g_01484
OG0000102	Prbl	Prbg.g_01852	Prbl.g_02636
OG0000102	Praf	Prbg.g_01852	Praf.g_00173
OG0000102	Prah	Prbg.g_01852	Prah.g_00144
OG0000102	Syad	Prbg.g_01852	Syad.g_00343
OG0000102	Syaj	Prbg.g_01852	Syaj.g_02411
OG0000102	Syac	Prbg.g_01852	Syac.g_00151
OG0000102	Syah	Prbg.g_01852	Syah.g_00255
OG0000102	Syaf	Prbg.g_01852	Syaf.g_00393
OG0000102	Syai	Prbg.g_01852	Syai.g_00106
OG0000102	Syam	Prbg.g_01852	Syam.g_00110
OG0000102	Syaa	Prbg.g_01852	Syaa.g_00118
OG0000102	Syae	Prbg.g_01852	Syae.g_01824
OG0000102	Syan	Prbg.g_01852	Syan.g_01891
OG0000102	Syat	Prbg.g_01852	Syat.g_00974
OG0000102	Syap	Prbg.g_01852	Syap.g_01116
OG0000102	Syar	Prbg.g_01852	Syar.g_00602, Syar.g_02164, Syar.g_01644, Syar.g_02138
OG0000102	Syas	Prbg.g_01852	Syas.g_02152, Syas.g_01395
OG0000102	Syab	Prbg.g_01852	Syab.g_00104
OG0000102	Syal	Prbg.g_01852	Syal.g_01488
OG0000102	Syao	Prbg.g_01852	Syao.g_01945
OG0000102	Syag	Prbg.g_01852	Syag.g_02387
OG0000102	Syak	Prbg.g_01852	Syak.g_01661
OG0000102	Syaq	Prbg.g_01852	Syaq.g_01033
OG0000102	Pram	Prbg.g_01852	Pram.g_01838
OG0000102	Prbh	Prbg.g_01852	Prbh.g_01576
OG0000102	Prak	Prbg.g_01852	Prak.g_01847
OG0000102	Prap	Prbg.g_01852	Prap.g_01575
OG0000102	Prbe	Prbg.g_01852	Prbe.g_00769
OG0000102	Prbf	Prbg.g_01852	Prbf.g_00491
OG0000102	Prbn	Prbg.g_01852	Prbn.g_00991
OG0000103	Prao	Prbg.g_01937	Prao.g_01828
OG0000103	Prad	Prbg.g_01937	Prad.g_01548
OG0000103	Prae	Prbg.g_01937	Prae.g_01899
OG0000103	Prax	Prbg.g_01937	Prax.g_01478
OG0000103	Praa	Prbg.g_01937	Praa.g_01916
OG0000103	Pras	Prbg.g_01937	Pras.g_00829
OG0000103	Prau	Prbg.g_01937	Prau.g_02009
OG0000103	Prbd	Prbg.g_01937	Prbd.g_01250
OG0000103	Pray	Prbg.g_01937	Pray.g_01449
OG0000103	Praz	Prbg.g_01937	Praz.g_00120
OG0000103	Prba	Prbg.g_01937	Prba.g_01781
OG0000103	Prac	Prbg.g_01937	Prac.g_00123
OG0000103	Praq	Prbg.g_01937	Praq.g_00414
OG0000103	Prar	Prbg.g_01937	Prar.g_00050
OG0000103	Prav	Prbg.g_01937	Prav.g_00773
OG0000103	Prag	Prbg.g_01937	Prag.g_01945
OG0000103	Praw	Prbg.g_01937	Praw.g_01148
OG0000103	Prbi	Prbg.g_01937	Prbi.g_02091
OG0000103	Prab	Prbg.g_01937	Prab.g_01942
OG0000103	Pran	Prbg.g_01937	Pran.g_01244
OG0000103	Prai	Prbg.g_01937	Prai.g_01923
OG0000103	Praf	Prbg.g_01937	Praf.g_02765
OG0000103	Prbj	Prbg.g_01937	Prbj.g_02055
OG0000103	Prbk	Prbg.g_01937	Prbk.g_02260
OG0000103	Prbl	Prbg.g_01937	Prbl.g_02139
OG0000103	Prah	Prbg.g_01937	Prah.g_02586
OG0000103	Syag	Prbg.g_01937	Syag.g_02253
OG0000103	Syaq	Prbg.g_01937	Syaq.g_01170
OG0000103	Syac	Prbg.g_01937	Syac.g_02476
OG0000103	Syar	Prbg.g_01937	Syar.g_00014, Syar.g_00452
OG0000103	Syah	Prbg.g_01937	Syah.g_00391
OG0000103	Syaa	Prbg.g_01937	Syaa.g_02740
OG0000103	Syae	Prbg.g_01937	Syae.g_01694
OG0000103	Syai	Prbg.g_01937	Syai.g_02912
OG0000103	Syam	Prbg.g_01937	Syam.g_02428
OG0000103	Syaf	Prbg.g_01937	Syaf.g_00520
OG0000103	Syad	Prbg.g_01937	Syad.g_00143
OG0000103	Syaj	Prbg.g_01937	Syaj.g_02243
OG0000103	Syak	Prbg.g_01937	Syak.g_01812
OG0000103	Syab	Prbg.g_01937	Syab.g_02895, Syab.g_01296
OG0000103	Syal	Prbg.g_01937	Syal.g_00077, Syal.g_01897
OG0000103	Syat	Prbg.g_01937	Syat.g_02399
OG0000103	Syas	Prbg.g_01937	Syas.g_02009
OG0000103	Syap	Prbg.g_01937	Syap.g_02607, Syap.g_02608
OG0000103	Syan	Prbg.g_01937	Syan.g_01692
OG0000103	Syao	Prbg.g_01937	Syao.g_02340
OG0000103	Praj	Prbg.g_01937	Praj.g_02135
OG0000103	Prbm	Prbg.g_01937	Prbm.g_02218
OG0000103	Prbb	Prbg.g_01937	Prbb.g_02174
OG0000103	Prbc	Prbg.g_01937	Prbc.g_01053
OG0000103	Pral	Prbg.g_01937	Pral.g_00397
OG0000103	Prat	Prbg.g_01937	Prat.g_01880
OG0000103	Pram	Prbg.g_01937	Pram.g_01925
OG0000103	Prbh	Prbg.g_01937	Prbh.g_01489
OG0000103	Prak	Prbg.g_01937	Prak.g_01932
OG0000103	Prap	Prbg.g_01937	Prap.g_01491
OG0000103	Prbe	Prbg.g_01937	Prbe.g_01195
OG0000103	Prbf	Prbg.g_01937	Prbf.g_00406
OG0000103	Prbn	Prbg.g_01937	Prbn.g_00907
OG0000104	Prab	Prbg.g_00763	Prab.g_01951
OG0000104	Pran	Prbg.g_00763	Pran.g_01253
OG0000104	Prai	Prbg.g_00763	Prai.g_01932
OG0000104	Prav	Prbg.g_00763	Prav.g_00782
OG0000104	Pras	Prbg.g_00763	Pras.g_00838
OG0000104	Prau	Prbg.g_00763	Prau.g_02018
OG0000104	Prae	Prbg.g_00763	Prae.g_01907
OG0000104	Prax	Prbg.g_00763	Prax.g_01486
OG0000104	Prbd	Prbg.g_00763	Prbd.g_01241
OG0000104	Praa	Prbg.g_00763	Praa.g_01924
OG0000104	Pray	Prbg.g_00763	Pray.g_01457
OG0000104	Praz	Prbg.g_00763	Praz.g_00361
OG0000104	Prba	Prbg.g_00763	Prba.g_01789
OG0000104	Prad	Prbg.g_00763	Prad.g_01540
OG0000104	Prao	Prbg.g_00763	Prao.g_01837
OG0000104	Prac	Prbg.g_00763	Prac.g_00131
OG0000104	Praq	Prbg.g_00763	Praq.g_00422
OG0000104	Prar	Prbg.g_00763	Prar.g_00042
OG0000104	Prag	Prbg.g_00763	Prag.g_01953
OG0000104	Praw	Prbg.g_00763	Praw.g_01140
OG0000104	Prbi	Prbg.g_00763	Prbi.g_02099
OG0000104	Prbm	Prbg.g_00763	Prbm.g_02229
OG0000104	Prbb	Prbg.g_00763	Prbb.g_02185
OG0000104	Praj	Prbg.g_00763	Praj.g_02145
OG0000104	Prbc	Prbg.g_00763	Prbc.g_01065
OG0000104	Syab	Prbg.g_00763	Syab.g_02910
OG0000104	Syal	Prbg.g_00763	Syal.g_00092
OG0000104	Syaq	Prbg.g_00763	Syaq.g_01154
OG0000104	Syag	Prbg.g_00763	Syag.g_02268
OG0000104	Syak	Prbg.g_00763	Syak.g_01799
OG0000104	Prah	Prbg.g_00763	Prah.g_02600
OG0000104	Praf	Prbg.g_00763	Praf.g_02779
OG0000104	Prbj	Prbg.g_00763	Prbj.g_02069
OG0000104	Prbk	Prbg.g_00763	Prbk.g_02274
OG0000104	Prbl	Prbg.g_00763	Prbl.g_02125
OG0000104	Syaa	Prbg.g_00763	Syaa.g_02754
OG0000104	Syai	Prbg.g_00763	Syai.g_02929
OG0000104	Syaf	Prbg.g_00763	Syaf.g_00502
OG0000104	Syam	Prbg.g_00763	Syam.g_02442
OG0000104	Syae	Prbg.g_00763	Syae.g_01708
OG0000104	Syad	Prbg.g_00763	Syad.g_00158
OG0000104	Syaj	Prbg.g_00763	Syaj.g_02258
OG0000104	Syah	Prbg.g_00763	Syah.g_00377
OG0000104	Syac	Prbg.g_00763	Syac.g_02490
OG0000104	Syap	Prbg.g_00763	Syap.g_02321, Syap.g_00051, Syap.g_02320, Syap.g_02318
OG0000104	Syas	Prbg.g_00763	Syas.g_02027, Syas.g_02026
OG0000104	Syao	Prbg.g_00763	Syao.g_02157
OG0000104	Syan	Prbg.g_00763	Syan.g_01792
OG0000104	Syat	Prbg.g_00763	Syat.g_02385
OG0000104	Syar	Prbg.g_00763	Syar.g_00466
OG0000104	Pral	Prbg.g_00763	Pral.g_00406
OG0000104	Prat	Prbg.g_00763	Prat.g_01889
OG0000104	Pram	Prbg.g_00763	Pram.g_01934
OG0000104	Prbh	Prbg.g_00763	Prbh.g_01480
OG0000104	Prak	Prbg.g_00763	Prak.g_01941
OG0000104	Prap	Prbg.g_00763	Prap.g_01869
OG0000104	Prbe	Prbg.g_00763	Prbe.g_01061
OG0000104	Prbf	Prbg.g_00763	Prbf.g_00397
OG0000104	Prbn	Prbg.g_00763	Prbn.g_00296
OG0000105	Prae	Prbg.g_00053	Prae.g_01440
OG0000105	Prao	Prbg.g_00053	Prao.g_01378
OG0000105	Prax	Prbg.g_00053	Prax.g_00901
OG0000105	Pras	Prbg.g_00053	Pras.g_01126
OG0000105	Prau	Prbg.g_00053	Prau.g_00276
OG0000105	Prad	Prbg.g_00053	Prad.g_01717
OG0000105	Prbd	Prbg.g_00053	Prbd.g_00965
OG0000105	Praa	Prbg.g_00053	Praa.g_00274
OG0000105	Prbi	Prbg.g_00053	Prbi.g_00298
OG0000105	Prac	Prbg.g_00053	Prac.g_01657
OG0000105	Praq	Prbg.g_00053	Praq.g_01729
OG0000105	Prar	Prbg.g_00053	Prar.g_00313
OG0000105	Pray	Prbg.g_00053	Pray.g_00753
OG0000105	Praz	Prbg.g_00053	Praz.g_00632
OG0000105	Prba	Prbg.g_00053	Prba.g_00491
OG0000105	Prag	Prbg.g_00053	Prag.g_00265
OG0000105	Praw	Prbg.g_00053	Praw.g_00860
OG0000105	Prav	Prbg.g_00053	Prav.g_01920
OG0000105	Prab	Prbg.g_00053	Prab.g_00262
OG0000105	Pran	Prbg.g_00053	Pran.g_01920
OG0000105	Prai	Prbg.g_00053	Prai.g_00286, Prai.g_00287
OG0000105	Prbc	Prbg.g_00053	Prbc.g_01167
OG0000105	Prbm	Prbg.g_00053	Prbm.g_00331
OG0000105	Praj	Prbg.g_00053	Praj.g_00310
OG0000105	Prbb	Prbg.g_00053	Prbb.g_00327
OG0000105	Syam	Prbg.g_00053	Syam.g_00238
OG0000105	Syaf	Prbg.g_00053	Syaf.g_00235
OG0000105	Syai	Prbg.g_00053	Syai.g_00267
OG0000105	Syac	Prbg.g_00053	Syac.g_02245
OG0000105	Syah	Prbg.g_00053	Syah.g_00632
OG0000105	Syaa	Prbg.g_00053	Syaa.g_00270
OG0000105	Syae	Prbg.g_00053	Syae.g_01977
OG0000105	Syad	Prbg.g_00053	Syad.g_00530
OG0000105	Syaj	Prbg.g_00053	Syaj.g_02573
OG0000105	Syar	Prbg.g_00053	Syar.g_00218
OG0000105	Syat	Prbg.g_00053	Syat.g_02052
OG0000105	Syas	Prbg.g_00053	Syas.g_01739
OG0000105	Syap	Prbg.g_00053	Syap.g_01369, Syap.g_01368
OG0000105	Syan	Prbg.g_00053	Syan.g_02031
OG0000105	Syao	Prbg.g_00053	Syao.g_02071, Syao.g_02072
OG0000105	Prah	Prbg.g_00053	Prah.g_02126
OG0000105	Praf	Prbg.g_00053	Praf.g_02271
OG0000105	Prbj	Prbg.g_00053	Prbj.g_01397
OG0000105	Prbk	Prbg.g_00053	Prbk.g_00409
OG0000105	Prbl	Prbg.g_00053	Prbl.g_01461
OG0000105	Syab	Prbg.g_00053	Syab.g_00303
OG0000105	Syal	Prbg.g_00053	Syal.g_01255
OG0000105	Syak	Prbg.g_00053	Syak.g_01451
OG0000105	Syag	Prbg.g_00053	Syag.g_02606
OG0000105	Syaq	Prbg.g_00053	Syaq.g_00754
OG0000105	Pral	Prbg.g_00053	Pral.g_00765
OG0000105	Prat	Prbg.g_00053	Prat.g_00281
OG0000105	Pram	Prbg.g_00053	Pram.g_00262
OG0000105	Prbh	Prbg.g_00053	Prbh.g_00505
OG0000105	Prak	Prbg.g_00053	Prak.g_00292
OG0000105	Prap	Prbg.g_00053	Prap.g_01436
OG0000105	Prbe	Prbg.g_00053	Prbe.g_01828
OG0000105	Prbf	Prbg.g_00053	Prbf.g_01614
OG0000105	Prbn	Prbg.g_00053	Prbn.g_00041
OG0000106	Prab	Prbg.g_00388	Prab.g_00359
OG0000106	Pran	Prbg.g_00388	Pran.g_01824
OG0000106	Prai	Prbg.g_00388	Prai.g_00383
OG0000106	Prag	Prbg.g_00388	Prag.g_00364
OG0000106	Praw	Prbg.g_00388	Praw.g_00762
OG0000106	Prav	Prbg.g_00388	Prav.g_00989
OG0000106	Prae	Prbg.g_00388	Prae.g_00370
OG0000106	Prad	Prbg.g_00388	Prad.g_00739
OG0000106	Praa	Prbg.g_00388	Praa.g_00369
OG0000106	Pras	Prbg.g_00388	Pras.g_01223
OG0000106	Prau	Prbg.g_00388	Prau.g_00373
OG0000106	Pray	Prbg.g_00388	Pray.g_00848
OG0000106	Praz	Prbg.g_00388	Praz.g_00804
OG0000106	Prba	Prbg.g_00388	Prba.g_00864
OG0000106	Prbi	Prbg.g_00388	Prbi.g_00394
OG0000106	Prax	Prbg.g_00388	Prax.g_00803
OG0000106	Prbd	Prbg.g_00388	Prbd.g_00868
OG0000106	Prac	Prbg.g_00388	Prac.g_01163
OG0000106	Praq	Prbg.g_00388	Praq.g_01173
OG0000106	Prar	Prbg.g_00388	Prar.g_00431
OG0000106	Prao	Prbg.g_00388	Prao.g_00505
OG0000106	Syas	Prbg.g_00388	Syas.g_01451
OG0000106	Syaa	Prbg.g_00388	Syaa.g_01439
OG0000106	Syae	Prbg.g_00388	Syae.g_00272
OG0000106	Syad	Prbg.g_00388	Syad.g_01993
OG0000106	Syaj	Prbg.g_00388	Syaj.g_01130
OG0000106	Syac	Prbg.g_00388	Syac.g_01098
OG0000106	Syah	Prbg.g_00388	Syah.g_01544
OG0000106	Syaf	Prbg.g_00388	Syaf.g_01745
OG0000106	Syai	Prbg.g_00388	Syai.g_01601
OG0000106	Syam	Prbg.g_00388	Syam.g_01039
OG0000106	Syat	Prbg.g_00388	Syat.g_00957
OG0000106	Syar	Prbg.g_00388	Syar.g_01748
OG0000106	Syao	Prbg.g_00388	Syao.g_01385
OG0000106	Syan	Prbg.g_00388	Syan.g_00076
OG0000106	Syak	Prbg.g_00388	Syak.g_00096
OG0000106	Syab	Prbg.g_00388	Syab.g_01817
OG0000106	Syal	Prbg.g_00388	Syal.g_02577
OG0000106	Syaq	Prbg.g_00388	Syaq.g_01863
OG0000106	Syag	Prbg.g_00388	Syag.g_00462
OG0000106	Praj	Prbg.g_00388	Praj.g_01156, Praj.g_01282
OG0000106	Prbc	Prbg.g_00388	Prbc.g_00134, Prbc.g_00641
OG0000106	Prbb	Prbg.g_00388	Prbb.g_01197, Prbb.g_01329
OG0000106	Prbm	Prbg.g_00388	Prbm.g_01172, Prbm.g_01237
OG0000106	Prat	Prbg.g_00388	Prat.g_00637
OG0000106	Prbj	Prbg.g_00388	Prbj.g_00875
OG0000106	Prbk	Prbg.g_00388	Prbk.g_00925
OG0000106	Prbl	Prbg.g_00388	Prbl.g_00411
OG0000106	Praf	Prbg.g_00388	Praf.g_00496
OG0000106	Prah	Prbg.g_00388	Prah.g_01660
OG0000106	Pral	Prbg.g_00388	Pral.g_01859
OG0000106	Pram	Prbg.g_00388	Pram.g_00677
OG0000106	Prbh	Prbg.g_00388	Prbh.g_00821
OG0000106	Prak	Prbg.g_00388	Prak.g_00687
OG0000106	Prap	Prbg.g_00388	Prap.g_00591
OG0000106	Prbe	Prbg.g_00388	Prbe.g_00740
OG0000106	Prbf	Prbg.g_00388	Prbf.g_00320
OG0000106	Prbn	Prbg.g_00388	Prbn.g_00829
OG0000107	Prac	Prbg.g_01714	Prac.g_01148
OG0000107	Praq	Prbg.g_01714	Praq.g_01158
OG0000107	Prar	Prbg.g_01714	Prar.g_00446
OG0000107	Prav	Prbg.g_01714	Prav.g_01001
OG0000107	Prag	Prbg.g_01714	Prag.g_00378
OG0000107	Praw	Prbg.g_01714	Praw.g_00748
OG0000107	Pras	Prbg.g_01714	Pras.g_01239
OG0000107	Prau	Prbg.g_01714	Prau.g_00389
OG0000107	Prad	Prbg.g_01714	Prad.g_00724
OG0000107	Prao	Prbg.g_01714	Prao.g_00518
OG0000107	Prax	Prbg.g_01714	Prax.g_00790
OG0000107	Prae	Prbg.g_01714	Prae.g_00385
OG0000107	Pray	Prbg.g_01714	Pray.g_00864
OG0000107	Praz	Prbg.g_01714	Praz.g_00788
OG0000107	Prba	Prbg.g_01714	Prba.g_00880
OG0000107	Prbd	Prbg.g_01714	Prbd.g_00852
OG0000107	Prab	Prbg.g_01714	Prab.g_00375
OG0000107	Pran	Prbg.g_01714	Pran.g_01808
OG0000107	Prai	Prbg.g_01714	Prai.g_00397
OG0000107	Praa	Prbg.g_01714	Praa.g_00383
OG0000107	Prbi	Prbg.g_01714	Prbi.g_00409
OG0000107	Syai	Prbg.g_01714	Syai.g_00319
OG0000107	Syac	Prbg.g_01714	Syac.g_02191
OG0000107	Syaa	Prbg.g_01714	Syaa.g_02351
OG0000107	Syae	Prbg.g_01714	Syae.g_02032
OG0000107	Syat	Prbg.g_01714	Syat.g_02009, Syat.g_01862
OG0000107	Syaf	Prbg.g_01714	Syaf.g_00177, Syaf.g_00758
OG0000107	Syah	Prbg.g_01714	Syah.g_00688
OG0000107	Syar	Prbg.g_01714	Syar.g_03290, Syar.g_00149
OG0000107	Syal	Prbg.g_01714	Syal.g_00194
OG0000107	Syam	Prbg.g_01714	Syam.g_00288
OG0000107	Syao	Prbg.g_01714	Syao.g_01935
OG0000107	Syas	Prbg.g_01714	Syas.g_01669
OG0000107	Syap	Prbg.g_01714	Syap.g_02496
OG0000107	Syan	Prbg.g_01714	Syan.g_02106
OG0000107	Syad	Prbg.g_01714	Syad.g_00590
OG0000107	Syaj	Prbg.g_01714	Syaj.g_02637
OG0000107	Syak	Prbg.g_01714	Syak.g_01392
OG0000107	Syaq	Prbg.g_01714	Syaq.g_00694
OG0000107	Syag	Prbg.g_01714	Syag.g_02689
OG0000107	Prbj	Prbg.g_01714	Prbj.g_02659
OG0000107	Prbk	Prbg.g_01714	Prbk.g_01902
OG0000107	Prbl	Prbg.g_01714	Prbl.g_02681
OG0000107	Praf	Prbg.g_01714	Praf.g_02201
OG0000107	Prah	Prbg.g_01714	Prah.g_02072
OG0000107	Syab	Prbg.g_01714	Syab.g_00367
OG0000107	Prbb	Prbg.g_01714	Prbb.g_01923
OG0000107	Prbm	Prbg.g_01714	Prbm.g_01949
OG0000107	Praj	Prbg.g_01714	Praj.g_01869
OG0000107	Prbc	Prbg.g_01714	Prbc.g_00934
OG0000107	Pral	Prbg.g_01714	Pral.g_00171
OG0000107	Prat	Prbg.g_01714	Prat.g_01656
OG0000107	Pram	Prbg.g_01714	Pram.g_01696
OG0000107	Prbh	Prbg.g_01714	Prbh.g_01718
OG0000107	Prak	Prbg.g_01714	Prak.g_01709
OG0000107	Prap	Prbg.g_01714	Prap.g_01714
OG0000107	Prbe	Prbg.g_01714	Prbe.g_00921
OG0000107	Prbf	Prbg.g_01714	Prbf.g_00629
OG0000107	Prbn	Prbg.g_01714	Prbn.g_01810
OG0000108	Prab	Prbg.g_00199	Prab.g_00484
OG0000108	Pran	Prbg.g_00199	Pran.g_01698
OG0000108	Prai	Prbg.g_00199	Prai.g_00510
OG0000108	Prac	Prbg.g_00199	Prac.g_01064
OG0000108	Praq	Prbg.g_00199	Praq.g_00531
OG0000108	Prar	Prbg.g_00199	Prar.g_00530
OG0000108	Pras	Prbg.g_00199	Pras.g_01358
OG0000108	Prau	Prbg.g_00199	Prau.g_00521
OG0000108	Prae	Prbg.g_00199	Prae.g_00454
OG0000108	Prbi	Prbg.g_00199	Prbi.g_00483
OG0000108	Prad	Prbg.g_00199	Prad.g_00027
OG0000108	Prag	Prbg.g_00199	Prag.g_00459
OG0000108	Praw	Prbg.g_00199	Praw.g_00667
OG0000108	Pray	Prbg.g_00199	Pray.g_00970
OG0000108	Praz	Prbg.g_00199	Praz.g_01848
OG0000108	Prba	Prbg.g_00199	Prba.g_00981
OG0000108	Prav	Prbg.g_00199	Prav.g_01078
OG0000108	Prbd	Prbg.g_00199	Prbd.g_00762
OG0000108	Prao	Prbg.g_00199	Prao.g_00586
OG0000108	Prax	Prbg.g_00199	Prax.g_00722
OG0000108	Praa	Prbg.g_00199	Praa.g_00480
OG0000108	Prbm	Prbg.g_00199	Prbm.g_00506
OG0000108	Prbc	Prbg.g_00199	Prbc.g_01540
OG0000108	Praj	Prbg.g_00199	Praj.g_00473
OG0000108	Prbb	Prbg.g_00199	Prbb.g_00484, Prbb.g_00485
OG0000108	Prbj	Prbg.g_00199	Prbj.g_01630
OG0000108	Prbk	Prbg.g_00199	Prbk.g_02061
OG0000108	Prbl	Prbg.g_00199	Prbl.g_00511
OG0000108	Praf	Prbg.g_00199	Praf.g_00595
OG0000108	Prah	Prbg.g_00199	Prah.g_01566
OG0000108	Syag	Prbg.g_00199	Syag.g_01528
OG0000108	Syaq	Prbg.g_00199	Syaq.g_01772
OG0000108	Syak	Prbg.g_00199	Syak.g_02574
OG0000108	Syab	Prbg.g_00199	Syab.g_02096
OG0000108	Syal	Prbg.g_00199	Syal.g_02897
OG0000108	Syap	Prbg.g_00199	Syap.g_02256, Syap.g_00733, Syap.g_02255
OG0000108	Syan	Prbg.g_00199	Syan.g_02764
OG0000108	Syao	Prbg.g_00199	Syao.g_00028
OG0000108	Syar	Prbg.g_00199	Syar.g_01469
OG0000108	Syat	Prbg.g_00199	Syat.g_03170
OG0000108	Syas	Prbg.g_00199	Syas.g_01253
OG0000108	Syae	Prbg.g_00199	Syae.g_02309
OG0000108	Syad	Prbg.g_00199	Syad.g_00904
OG0000108	Syaj	Prbg.g_00199	Syaj.g_00072
OG0000108	Syaa	Prbg.g_00199	Syaa.g_02051
OG0000108	Syac	Prbg.g_00199	Syac.g_01904
OG0000108	Syah	Prbg.g_00199	Syah.g_00997
OG0000108	Syai	Prbg.g_00199	Syai.g_00638
OG0000108	Syaf	Prbg.g_00199	Syaf.g_02721
OG0000108	Syam	Prbg.g_00199	Syam.g_00583
OG0000108	Pral	Prbg.g_00199	Pral.g_00611
OG0000108	Prat	Prbg.g_00199	Prat.g_00440
OG0000108	Pram	Prbg.g_00199	Pram.g_00416
OG0000108	Prbh	Prbg.g_00199	Prbh.g_00351
OG0000108	Prak	Prbg.g_00199	Prak.g_00441
OG0000108	Prap	Prbg.g_00199	Prap.g_01287
OG0000108	Prbe	Prbg.g_00199	Prbe.g_00653
OG0000108	Prbf	Prbg.g_00199	Prbf.g_01763
OG0000108	Prbn	Prbg.g_00199	Prbn.g_00634
OG0000109	Prab	Prbg.g_00213	Prab.g_00498
OG0000109	Pran	Prbg.g_00213	Pran.g_01684
OG0000109	Prai	Prbg.g_00213	Prai.g_00524
OG0000109	Prag	Prbg.g_00213	Prag.g_00473
OG0000109	Praw	Prbg.g_00213	Praw.g_00654
OG0000109	Prad	Prbg.g_00213	Prad.g_00013
OG0000109	Pras	Prbg.g_00213	Pras.g_01372
OG0000109	Prau	Prbg.g_00213	Prau.g_00535
OG0000109	Prax	Prbg.g_00213	Prax.g_00707
OG0000109	Prav	Prbg.g_00213	Prav.g_01092
OG0000109	Prao	Prbg.g_00213	Prao.g_00600
OG0000109	Prbd	Prbg.g_00213	Prbd.g_00748
OG0000109	Prbi	Prbg.g_00213	Prbi.g_00497
OG0000109	Praa	Prbg.g_00213	Praa.g_00494
OG0000109	Pray	Prbg.g_00213	Pray.g_00984
OG0000109	Praz	Prbg.g_00213	Praz.g_01834
OG0000109	Prba	Prbg.g_00213	Prba.g_00967
OG0000109	Prae	Prbg.g_00213	Prae.g_00468
OG0000109	Prac	Prbg.g_00213	Prac.g_01050
OG0000109	Praq	Prbg.g_00213	Praq.g_00545
OG0000109	Prar	Prbg.g_00213	Prar.g_00544
OG0000109	Syab	Prbg.g_00213	Syab.g_02112
OG0000109	Syal	Prbg.g_00213	Syal.g_02913
OG0000109	Syak	Prbg.g_00213	Syak.g_01061, Syak.g_02590
OG0000109	Syaq	Prbg.g_00213	Syaq.g_01788
OG0000109	Syag	Prbg.g_00213	Syag.g_01512
OG0000109	Praf	Prbg.g_00213	Praf.g_00611
OG0000109	Prah	Prbg.g_00213	Prah.g_01550
OG0000109	Prbj	Prbg.g_00213	Prbj.g_01614
OG0000109	Prbk	Prbg.g_00213	Prbk.g_02077
OG0000109	Prbl	Prbg.g_00213	Prbl.g_00527
OG0000109	Syaf	Prbg.g_00213	Syaf.g_02706
OG0000109	Syai	Prbg.g_00213	Syai.g_00653
OG0000109	Syam	Prbg.g_00213	Syam.g_00598
OG0000109	Syac	Prbg.g_00213	Syac.g_01889
OG0000109	Syah	Prbg.g_00213	Syah.g_01012
OG0000109	Syar	Prbg.g_00213	Syar.g_03310, Syar.g_01485
OG0000109	Syae	Prbg.g_00213	Syae.g_02324
OG0000109	Syad	Prbg.g_00213	Syad.g_00919
OG0000109	Syaj	Prbg.g_00213	Syaj.g_00087
OG0000109	Syat	Prbg.g_00213	Syat.g_03187
OG0000109	Syan	Prbg.g_00213	Syan.g_02748
OG0000109	Syao	Prbg.g_00213	Syao.g_00110
OG0000109	Syap	Prbg.g_00213	Syap.g_00279, Syap.g_02237
OG0000109	Syas	Prbg.g_00213	Syas.g_01236
OG0000109	Syaa	Prbg.g_00213	Syaa.g_02036
OG0000109	Prbm	Prbg.g_00213	Prbm.g_00519
OG0000109	Praj	Prbg.g_00213	Praj.g_00486
OG0000109	Prbb	Prbg.g_00213	Prbb.g_00498
OG0000109	Prbc	Prbg.g_00213	Prbc.g_01553
OG0000109	Pral	Prbg.g_00213	Pral.g_00596
OG0000109	Prat	Prbg.g_00213	Prat.g_00455
OG0000109	Pram	Prbg.g_00213	Pram.g_00430
OG0000109	Prbh	Prbg.g_00213	Prbh.g_00337
OG0000109	Prak	Prbg.g_00213	Prak.g_00455
OG0000109	Prap	Prbg.g_00213	Prap.g_01273
OG0000109	Prbe	Prbg.g_00213	Prbe.g_00639
OG0000109	Prbf	Prbg.g_00213	Prbf.g_01777
OG0000109	Prbn	Prbg.g_00213	Prbn.g_00620
OG0000110	Prab	Prbg.g_00293	Prab.g_00579
OG0000110	Pran	Prbg.g_00293	Pran.g_01603
OG0000110	Prai	Prbg.g_00293	Prai.g_00603
OG0000110	Prao	Prbg.g_00293	Prao.g_01867
OG0000110	Prag	Prbg.g_00293	Prag.g_00553
OG0000110	Praw	Prbg.g_00293	Praw.g_01922
OG0000110	Prac	Prbg.g_00293	Prac.g_00798
OG0000110	Praq	Prbg.g_00293	Praq.g_01028
OG0000110	Prar	Prbg.g_00293	Prar.g_01404
OG0000110	Prav	Prbg.g_00293	Prav.g_01172
OG0000110	Praa	Prbg.g_00293	Praa.g_00575
OG0000110	Prad	Prbg.g_00293	Prad.g_01364
OG0000110	Prbd	Prbg.g_00293	Prbd.g_00668
OG0000110	Pray	Prbg.g_00293	Pray.g_01187
OG0000110	Praz	Prbg.g_00293	Praz.g_01754
OG0000110	Prba	Prbg.g_00293	Prba.g_01741
OG0000110	Prae	Prbg.g_00293	Prae.g_00549
OG0000110	Prax	Prbg.g_00293	Prax.g_00035
OG0000110	Prbi	Prbg.g_00293	Prbi.g_00577
OG0000110	Pras	Prbg.g_00293	Pras.g_01451
OG0000110	Prau	Prbg.g_00293	Prau.g_00614
OG0000110	Prbm	Prbg.g_00293	Prbm.g_00607
OG0000110	Prbb	Prbg.g_00293	Prbb.g_00578
OG0000110	Praj	Prbg.g_00293	Praj.g_00565
OG0000110	Prbc	Prbg.g_00293	Prbc.g_01654
OG0000110	Syak	Prbg.g_00293	Syak.g_02698
OG0000110	Syab	Prbg.g_00293	Syab.g_01984
OG0000110	Syal	Prbg.g_00293	Syal.g_02782
OG0000110	Syat	Prbg.g_00293	Syat.g_00049
OG0000110	Syas	Prbg.g_00293	Syas.g_00359, Syas.g_00818
OG0000110	Syai	Prbg.g_00293	Syai.g_00878, Syai.g_00766
OG0000110	Syan	Prbg.g_00293	Syan.g_00171, Syan.g_00882
OG0000110	Syao	Prbg.g_00293	Syao.g_01051
OG0000110	Syap	Prbg.g_00293	Syap.g_01313
OG0000110	Syag	Prbg.g_00293	Syag.g_00303
OG0000110	Syac	Prbg.g_00293	Syac.g_01778
OG0000110	Syah	Prbg.g_00293	Syah.g_01124
OG0000110	Syaf	Prbg.g_00293	Syaf.g_02589
OG0000110	Syam	Prbg.g_00293	Syam.g_01743
OG0000110	Syaa	Prbg.g_00293	Syaa.g_01918
OG0000110	Syae	Prbg.g_00293	Syae.g_02435
OG0000110	Syad	Prbg.g_00293	Syad.g_01048
OG0000110	Syaj	Prbg.g_00293	Syaj.g_00215
OG0000110	Syaq	Prbg.g_00293	Syaq.g_01962
OG0000110	Syar	Prbg.g_00293	Syar.g_02295
OG0000110	Prbj	Prbg.g_00293	Prbj.g_01801
OG0000110	Prbk	Prbg.g_00293	Prbk.g_01110
OG0000110	Prbl	Prbg.g_00293	Prbl.g_01795
OG0000110	Praf	Prbg.g_00293	Praf.g_00718
OG0000110	Prah	Prbg.g_00293	Prah.g_01439
OG0000110	Pral	Prbg.g_00293	Pral.g_00513
OG0000110	Prat	Prbg.g_00293	Prat.g_00539
OG0000110	Pram	Prbg.g_00293	Pram.g_00513
OG0000110	Prbh	Prbg.g_00293	Prbh.g_00254
OG0000110	Prak	Prbg.g_00293	Prak.g_00535
OG0000110	Prap	Prbg.g_00293	Prap.g_01194
OG0000110	Prbe	Prbg.g_00293	Prbe.g_00560
OG0000110	Prbf	Prbg.g_00293	Prbf.g_01856
OG0000110	Prbn	Prbg.g_00293	Prbn.g_00541
OG0000111	Prab	Prbg.g_01144	Prab.g_00704
OG0000111	Pran	Prbg.g_01144	Pran.g_01479
OG0000111	Prai	Prbg.g_01144	Prai.g_00728
OG0000111	Prav	Prbg.g_01144	Prav.g_01297
OG0000111	Praa	Prbg.g_01144	Praa.g_00699
OG0000111	Prbd	Prbg.g_01144	Prbd.g_00545
OG0000111	Prae	Prbg.g_01144	Prae.g_00673
OG0000111	Prax	Prbg.g_01144	Prax.g_00943
OG0000111	Prbi	Prbg.g_01144	Prbi.g_00703
OG0000111	Prad	Prbg.g_01144	Prad.g_01273
OG0000111	Prao	Prbg.g_01144	Prao.g_00137
OG0000111	Pras	Prbg.g_01144	Pras.g_01575
OG0000111	Prau	Prbg.g_01144	Prau.g_00739
OG0000111	Pray	Prbg.g_01144	Pray.g_01064
OG0000111	Praz	Prbg.g_01144	Praz.g_01631
OG0000111	Prba	Prbg.g_01144	Prba.g_01618
OG0000111	Prac	Prbg.g_01144	Prac.g_00672
OG0000111	Praq	Prbg.g_01144	Praq.g_00828
OG0000111	Prar	Prbg.g_01144	Prar.g_01529
OG0000111	Prag	Prbg.g_01144	Prag.g_00677
OG0000111	Praw	Prbg.g_01144	Praw.g_01823
OG0000111	Praj	Prbg.g_01144	Praj.g_00692
OG0000111	Prbm	Prbg.g_01144	Prbm.g_00736
OG0000111	Prbc	Prbg.g_01144	Prbc.g_01781
OG0000111	Prbb	Prbg.g_01144	Prbb.g_00707
OG0000111	Pral	Prbg.g_01144	Pral.g_01739
OG0000111	Prat	Prbg.g_01144	Prat.g_00776
OG0000111	Syai	Prbg.g_01144	Syai.g_00884, Syai.g_01998
OG0000111	Syae	Prbg.g_01144	Syae.g_00783
OG0000111	Syad	Prbg.g_01144	Syad.g_01300
OG0000111	Syaj	Prbg.g_01144	Syaj.g_00437
OG0000111	Syar	Prbg.g_01144	Syar.g_01940, Syar.g_00005
OG0000111	Syan	Prbg.g_01144	Syan.g_00187
OG0000111	Syao	Prbg.g_01144	Syao.g_00378
OG0000111	Syaa	Prbg.g_01144	Syaa.g_00888
OG0000111	Syac	Prbg.g_01144	Syac.g_00893
OG0000111	Syah	Prbg.g_01144	Syah.g_02021
OG0000111	Syaf	Prbg.g_01144	Syaf.g_01451
OG0000111	Syam	Prbg.g_01144	Syam.g_00783
OG0000111	Syat	Prbg.g_01144	Syat.g_00816
OG0000111	Syas	Prbg.g_01144	Syas.g_01037
OG0000111	Syap	Prbg.g_01144	Syap.g_01566, Syap.g_01568
OG0000111	Syak	Prbg.g_01144	Syak.g_00725
OG0000111	Syab	Prbg.g_01144	Syab.g_01201
OG0000111	Syal	Prbg.g_01144	Syal.g_01813
OG0000111	Syag	Prbg.g_01144	Syag.g_00984
OG0000111	Syaq	Prbg.g_01144	Syaq.g_02606
OG0000111	Prbj	Prbg.g_01144	Prbj.g_00759
OG0000111	Prbk	Prbg.g_01144	Prbk.g_01766
OG0000111	Prbl	Prbg.g_01144	Prbl.g_00026
OG0000111	Praf	Prbg.g_01144	Praf.g_01126
OG0000111	Prah	Prbg.g_01144	Prah.g_01028
OG0000111	Pram	Prbg.g_01144	Pram.g_00793
OG0000111	Prbh	Prbg.g_01144	Prbh.g_00937
OG0000111	Prak	Prbg.g_01144	Prak.g_00830
OG0000111	Prap	Prbg.g_01144	Prap.g_00798
OG0000111	Prbe	Prbg.g_01144	Prbe.g_01207
OG0000111	Prbf	Prbg.g_01144	Prbf.g_01260
OG0000111	Prbn	Prbg.g_01144	Prbn.g_01561
OG0000112	Prai	Prbg.g_00366	Prai.g_00882
OG0000112	Prab	Prbg.g_00366	Prab.g_00804
OG0000112	Pran	Prbg.g_00366	Pran.g_01378
OG0000112	Prax	Prbg.g_00366	Prax.g_00409
OG0000112	Prad	Prbg.g_00366	Prad.g_01109
OG0000112	Praa	Prbg.g_00366	Praa.g_00766
OG0000112	Prbi	Prbg.g_00366	Prbi.g_00811
OG0000112	Prac	Prbg.g_00366	Prac.g_01507
OG0000112	Praq	Prbg.g_00366	Praq.g_00638
OG0000112	Prar	Prbg.g_00366	Prar.g_01652
OG0000112	Prag	Prbg.g_00366	Prag.g_00771
OG0000112	Praw	Prbg.g_00366	Praw.g_01732
OG0000112	Prav	Prbg.g_00366	Prav.g_00364
OG0000112	Pras	Prbg.g_00366	Pras.g_01665
OG0000112	Prau	Prbg.g_00366	Prau.g_00818
OG0000112	Pray	Prbg.g_00366	Pray.g_00313
OG0000112	Praz	Prbg.g_00366	Praz.g_01547
OG0000112	Prba	Prbg.g_00366	Prba.g_01534
OG0000112	Prae	Prbg.g_00366	Prae.g_00770
OG0000112	Prao	Prbg.g_00366	Prao.g_00704
OG0000112	Prbd	Prbg.g_00366	Prbd.g_00066
OG0000112	Syan	Prbg.g_00366	Syan.g_00556, Syan.g_00252
OG0000112	Syao	Prbg.g_00366	Syao.g_00683, Syao.g_00303
OG0000112	Prbj	Prbg.g_00366	Prbj.g_02276
OG0000112	Prbk	Prbg.g_00366	Prbk.g_02332
OG0000112	Prbl	Prbg.g_00366	Prbl.g_02470
OG0000112	Praf	Prbg.g_00366	Praf.g_01400
OG0000112	Prah	Prbg.g_00366	Prah.g_00788
OG0000112	Syak	Prbg.g_00366	Syak.g_00512
OG0000112	Syae	Prbg.g_00366	Syae.g_00351
OG0000112	Syad	Prbg.g_00366	Syad.g_01766
OG0000112	Syaj	Prbg.g_00366	Syaj.g_00907
OG0000112	Syaa	Prbg.g_00366	Syaa.g_01366
OG0000112	Syac	Prbg.g_00366	Syac.g_01173
OG0000112	Syah	Prbg.g_00366	Syah.g_01613
OG0000112	Syar	Prbg.g_00366	Syar.g_03195, Syar.g_02548
OG0000112	Syai	Prbg.g_00366	Syai.g_01512
OG0000112	Syaf	Prbg.g_00366	Syaf.g_01852
OG0000112	Syam	Prbg.g_00366	Syam.g_01115
OG0000112	Syaq	Prbg.g_00366	Syaq.g_02476
OG0000112	Syag	Prbg.g_00366	Syag.g_00801
OG0000112	Syat	Prbg.g_00366	Syat.g_00593
OG0000112	Syas	Prbg.g_00366	Syas.g_00452
OG0000112	Syap	Prbg.g_00366	Syap.g_02023
OG0000112	Syab	Prbg.g_00366	Syab.g_01392
OG0000112	Syal	Prbg.g_00366	Syal.g_02000
OG0000112	Praj	Prbg.g_00366	Praj.g_00938
OG0000112	Prbc	Prbg.g_00366	Prbc.g_02028
OG0000112	Prbm	Prbg.g_00366	Prbm.g_00980
OG0000112	Prbb	Prbg.g_00366	Prbb.g_00983
OG0000112	Pram	Prbg.g_00366	Pram.g_00935
OG0000112	Prbh	Prbg.g_00366	Prbh.g_01078
OG0000112	Pral	Prbg.g_00366	Pral.g_01635
OG0000112	Prat	Prbg.g_00366	Prat.g_00888
OG0000112	Prak	Prbg.g_00366	Prak.g_00608
OG0000112	Prap	Prbg.g_00366	Prap.g_01121
OG0000112	Prbe	Prbg.g_00366	Prbe.g_00487
OG0000112	Prbf	Prbg.g_00366	Prbf.g_01929
OG0000112	Prbn	Prbg.g_00366	Prbn.g_00468
OG0000113	Prab	Prbg.g_01182	Prab.g_00862
OG0000113	Pran	Prbg.g_01182	Pran.g_01321
OG0000113	Prai	Prbg.g_01182	Prai.g_00825
OG0000113	Prac	Prbg.g_01182	Prac.g_01453
OG0000113	Praq	Prbg.g_01182	Praq.g_01420
OG0000113	Prar	Prbg.g_01182	Prar.g_01706
OG0000113	Prbd	Prbg.g_01182	Prbd.g_00124
OG0000113	Prav	Prbg.g_01182	Prav.g_00419
OG0000113	Pras	Prbg.g_01182	Pras.g_01723
OG0000113	Prau	Prbg.g_01182	Prau.g_00876
OG0000113	Prag	Prbg.g_01182	Prag.g_00828
OG0000113	Praw	Prbg.g_01182	Praw.g_01675
OG0000113	Prax	Prbg.g_01182	Prax.g_00351
OG0000113	Prad	Prbg.g_01182	Prad.g_01168
OG0000113	Prao	Prbg.g_01182	Prao.g_00763
OG0000113	Prae	Prbg.g_01182	Prae.g_00828
OG0000113	Praa	Prbg.g_01182	Praa.g_00826
OG0000113	Prbi	Prbg.g_01182	Prbi.g_00869
OG0000113	Pray	Prbg.g_01182	Pray.g_00370
OG0000113	Praz	Prbg.g_01182	Praz.g_01490
OG0000113	Prba	Prbg.g_01182	Prba.g_01477
OG0000113	Syak	Prbg.g_01182	Syak.g_00461
OG0000113	Syag	Prbg.g_01182	Syag.g_00699
OG0000113	Syab	Prbg.g_01182	Syab.g_01689
OG0000113	Syal	Prbg.g_01182	Syal.g_02443
OG0000113	Syac	Prbg.g_01182	Syac.g_01314
OG0000113	Syah	Prbg.g_01182	Syah.g_01752
OG0000113	Syad	Prbg.g_01182	Syad.g_01851
OG0000113	Syaj	Prbg.g_01182	Syaj.g_00992
OG0000113	Syai	Prbg.g_01182	Syai.g_01367
OG0000113	Syaf	Prbg.g_01182	Syaf.g_02022
OG0000113	Syam	Prbg.g_01182	Syam.g_01264
OG0000113	Syaa	Prbg.g_01182	Syaa.g_01196
OG0000113	Syae	Prbg.g_01182	Syae.g_00494
OG0000113	Syan	Prbg.g_01182	Syan.g_00664
OG0000113	Syao	Prbg.g_01182	Syao.g_00782
OG0000113	Syap	Prbg.g_01182	Syap.g_02714
OG0000113	Syas	Prbg.g_01182	Syas.g_00571
OG0000113	Syar	Prbg.g_01182	Syar.g_02664
OG0000113	Syat	Prbg.g_01182	Syat.g_00509
OG0000113	Prbj	Prbg.g_01182	Prbj.g_02437
OG0000113	Prbk	Prbg.g_01182	Prbk.g_02493
OG0000113	Prbl	Prbg.g_01182	Prbl.g_02310
OG0000113	Praf	Prbg.g_01182	Praf.g_01556
OG0000113	Prah	Prbg.g_01182	Prah.g_00641
OG0000113	Prbm	Prbg.g_01182	Prbm.g_01191
OG0000113	Prbb	Prbg.g_01182	Prbb.g_01218
OG0000113	Praj	Prbg.g_01182	Praj.g_01176
OG0000113	Prbc	Prbg.g_01182	Prbc.g_00153
OG0000113	Pral	Prbg.g_01182	Pral.g_01511
OG0000113	Prat	Prbg.g_01182	Prat.g_01014
OG0000113	Pram	Prbg.g_01182	Pram.g_00832
OG0000113	Prbh	Prbg.g_01182	Prbh.g_00976
OG0000113	Prak	Prbg.g_01182	Prak.g_00868
OG0000113	Prap	Prbg.g_01182	Prap.g_00760
OG0000113	Prbe	Prbg.g_01182	Prbe.g_01245
OG0000113	Prbf	Prbg.g_01182	Prbf.g_01222
OG0000113	Prbn	Prbg.g_01182	Prbn.g_01523
OG0000114	Prab	Prbg.g_01084	Prab.g_01068
OG0000114	Pran	Prbg.g_01084	Pran.g_00429
OG0000114	Prai	Prbg.g_01084	Prai.g_01046
OG0000114	Prbi	Prbg.g_01084	Prbi.g_00951
OG0000114	Pras	Prbg.g_01084	Pras.g_01801
OG0000114	Prau	Prbg.g_01084	Prau.g_00956
OG0000114	Praa	Prbg.g_01084	Praa.g_00907
OG0000114	Prbd	Prbg.g_01084	Prbd.g_00206
OG0000114	Prae	Prbg.g_01084	Prae.g_00908
OG0000114	Prax	Prbg.g_01084	Prax.g_00561
OG0000114	Prad	Prbg.g_01084	Prad.g_00245
OG0000114	Prac	Prbg.g_01084	Prac.g_01384
OG0000114	Praq	Prbg.g_01084	Praq.g_01490
OG0000114	Prar	Prbg.g_01084	Prar.g_01776
OG0000114	Prag	Prbg.g_01084	Prag.g_00906
OG0000114	Praw	Prbg.g_01084	Praw.g_01597
OG0000114	Prav	Prbg.g_01084	Prav.g_00499
OG0000114	Prao	Prbg.g_01084	Prao.g_00845
OG0000114	Pray	Prbg.g_01084	Pray.g_00452
OG0000114	Praz	Prbg.g_01084	Praz.g_01408
OG0000114	Prba	Prbg.g_01084	Prba.g_01395
OG0000114	Prbc	Prbg.g_01084	Prbc.g_01977
OG0000114	Prbm	Prbg.g_01084	Prbm.g_00929
OG0000114	Praj	Prbg.g_01084	Praj.g_00887
OG0000114	Prbb	Prbg.g_01084	Prbb.g_00932
OG0000114	Prah	Prbg.g_01084	Prah.g_00733
OG0000114	Praf	Prbg.g_01084	Praf.g_01461
OG0000114	Prbj	Prbg.g_01084	Prbj.g_02340
OG0000114	Prbk	Prbg.g_01084	Prbk.g_02396
OG0000114	Prbl	Prbg.g_01084	Prbl.g_02407
OG0000114	Syal	Prbg.g_01084	Syal.g_02286
OG0000114	Syad	Prbg.g_01084	Syad.g_01617
OG0000114	Syaj	Prbg.g_01084	Syaj.g_00741
OG0000114	Syae	Prbg.g_01084	Syae.g_00575
OG0000114	Syac	Prbg.g_01084	Syac.g_01394
OG0000114	Syah	Prbg.g_01084	Syah.g_01529
OG0000114	Syaa	Prbg.g_01084	Syaa.g_01094
OG0000114	Syam	Prbg.g_01084	Syam.g_01349
OG0000114	Syai	Prbg.g_01084	Syai.g_01261
OG0000114	Syaf	Prbg.g_01084	Syaf.g_02103
OG0000114	Syak	Prbg.g_01084	Syak.g_00373, Syak.g_00065
OG0000114	Syat	Prbg.g_01084	Syat.g_00426
OG0000114	Syab	Prbg.g_01084	Syab.g_02656, Syab.g_01633
OG0000114	Syas	Prbg.g_01084	Syas.g_00252, Syas.g_00674
OG0000114	Syar	Prbg.g_01084	Syar.g_01616
OG0000114	Syap	Prbg.g_01084	Syap.g_01255
OG0000114	Syan	Prbg.g_01084	Syan.g_00741
OG0000114	Syao	Prbg.g_01084	Syao.g_00965
OG0000114	Syag	Prbg.g_01084	Syag.g_00609
OG0000114	Syaq	Prbg.g_01084	Syaq.g_02269
OG0000114	Pral	Prbg.g_01084	Pral.g_01799
OG0000114	Prat	Prbg.g_01084	Prat.g_00716
OG0000114	Pram	Prbg.g_01084	Pram.g_00734
OG0000114	Prbh	Prbg.g_01084	Prbh.g_00878
OG0000114	Prak	Prbg.g_01084	Prak.g_00770
OG0000114	Prap	Prbg.g_01084	Prap.g_00858
OG0000114	Prbe	Prbg.g_01084	Prbe.g_00417
OG0000114	Prbf	Prbg.g_01084	Prbf.g_01320
OG0000114	Prbn	Prbg.g_01084	Prbn.g_01621
OG0000115	Prav	Prbg.g_01555	Prav.g_00010
OG0000115	Prab	Prbg.g_01555	Prab.g_01156
OG0000115	Pran	Prbg.g_01555	Pran.g_00123
OG0000115	Prai	Prbg.g_01555	Prai.g_01119
OG0000115	Prac	Prbg.g_01555	Prac.g_01040
OG0000115	Praq	Prbg.g_01555	Praq.g_01278
OG0000115	Prar	Prbg.g_01555	Prar.g_01318
OG0000115	Praa	Prbg.g_01555	Praa.g_01101
OG0000115	Prad	Prbg.g_01555	Prad.g_00641
OG0000115	Prae	Prbg.g_01555	Prae.g_01102
OG0000115	Prag	Prbg.g_01555	Prag.g_01097
OG0000115	Prao	Prbg.g_01555	Prao.g_01150
OG0000115	Praw	Prbg.g_01555	Praw.g_00178
OG0000115	Prax	Prbg.g_01555	Prax.g_00132
OG0000115	Pray	Prbg.g_01555	Pray.g_00126
OG0000115	Praz	Prbg.g_01555	Praz.g_00054
OG0000115	Prba	Prbg.g_01555	Prba.g_00743
OG0000115	Prbd	Prbg.g_01555	Prbd.g_00401
OG0000115	Prbi	Prbg.g_01555	Prbi.g_01148
OG0000115	Pras	Prbg.g_01555	Pras.g_01994
OG0000115	Prau	Prbg.g_01555	Prau.g_01148
OG0000115	Pram	Prbg.g_01555	Pram.g_01201
OG0000115	Prbh	Prbg.g_01555	Prbh.g_01344
OG0000115	Prbc	Prbg.g_01555	Prbc.g_00801
OG0000115	Praj	Prbg.g_01555	Praj.g_01725
OG0000115	Prbb	Prbg.g_01555	Prbb.g_01780
OG0000115	Prbm	Prbg.g_01555	Prbm.g_01803
OG0000115	Syat	Prbg.g_01555	Syat.g_01328
OG0000115	Syar	Prbg.g_01555	Syar.g_02854, Syar.g_01415
OG0000115	Syas	Prbg.g_01555	Syas.g_02548, Syas.g_01285
OG0000115	Syap	Prbg.g_01555	Syap.g_02004
OG0000115	Syao	Prbg.g_01555	Syao.g_01464, Syao.g_00065
OG0000115	Syan	Prbg.g_01555	Syan.g_02810
OG0000115	Prbj	Prbg.g_01555	Prbj.g_00634
OG0000115	Prbk	Prbg.g_01555	Prbk.g_01234
OG0000115	Prbl	Prbg.g_01555	Prbl.g_00687
OG0000115	Praf	Prbg.g_01555	Praf.g_01825
OG0000115	Prah	Prbg.g_01555	Prah.g_00383
OG0000115	Pral	Prbg.g_01555	Pral.g_01141
OG0000115	Prat	Prbg.g_01555	Prat.g_01373
OG0000115	Syak	Prbg.g_01555	Syak.g_01066
OG0000115	Syab	Prbg.g_01555	Syab.g_00748
OG0000115	Syal	Prbg.g_01555	Syal.g_00404
OG0000115	Syag	Prbg.g_01555	Syag.g_01397
OG0000115	Syaq	Prbg.g_01555	Syaq.g_00395
OG0000115	Syaa	Prbg.g_01555	Syaa.g_01795
OG0000115	Syac	Prbg.g_01555	Syac.g_01655
OG0000115	Syah	Prbg.g_01555	Syah.g_01269
OG0000115	Syai	Prbg.g_01555	Syai.g_00932
OG0000115	Syaf	Prbg.g_01555	Syaf.g_02445
OG0000115	Syam	Prbg.g_01555	Syam.g_01634
OG0000115	Syae	Prbg.g_01555	Syae.g_02631
OG0000115	Syad	Prbg.g_01555	Syad.g_02300
OG0000115	Syaj	Prbg.g_01555	Syaj.g_01402
OG0000115	Prak	Prbg.g_01555	Prak.g_01241
OG0000115	Prap	Prbg.g_01555	Prap.g_00525
OG0000115	Prbe	Prbg.g_01555	Prbe.g_01618
OG0000115	Prbf	Prbg.g_01555	Prbf.g_00062
OG0000115	Prbn	Prbg.g_01555	Prbn.g_01120
OG0000116	Pras	Prbg.g_01497	Pras.g_00046
OG0000116	Prau	Prbg.g_01497	Prau.g_01197
OG0000116	Pray	Prbg.g_01497	Pray.g_00074
OG0000116	Praz	Prbg.g_01497	Praz.g_00002
OG0000116	Prba	Prbg.g_01497	Prba.g_00074
OG0000116	Prae	Prbg.g_01497	Prae.g_01153
OG0000116	Prbi	Prbg.g_01497	Prbi.g_01197
OG0000116	Praa	Prbg.g_01497	Praa.g_01150
OG0000116	Prav	Prbg.g_01497	Prav.g_00055
OG0000116	Prac	Prbg.g_01497	Prac.g_00995
OG0000116	Praq	Prbg.g_01497	Praq.g_01323
OG0000116	Prar	Prbg.g_01497	Prar.g_01273
OG0000116	Prad	Prbg.g_01497	Prad.g_01506
OG0000116	Prag	Prbg.g_01497	Prag.g_01143
OG0000116	Praw	Prbg.g_01497	Praw.g_00224
OG0000116	Prax	Prbg.g_01497	Prax.g_00190
OG0000116	Prbd	Prbg.g_01497	Prbd.g_00458
OG0000116	Prao	Prbg.g_01497	Prao.g_01099
OG0000116	Prab	Prbg.g_01497	Prab.g_01209
OG0000116	Pran	Prbg.g_01497	Pran.g_00070
OG0000116	Prai	Prbg.g_01497	Prai.g_01162
OG0000116	Prbm	Prbg.g_01497	Prbm.g_01560
OG0000116	Praj	Prbg.g_01497	Praj.g_01471
OG0000116	Prbb	Prbg.g_01497	Prbb.g_01528
OG0000116	Prbc	Prbg.g_01497	Prbc.g_01457
OG0000116	Pral	Prbg.g_01497	Pral.g_01356
OG0000116	Prat	Prbg.g_01497	Prat.g_01166
OG0000116	Prah	Prbg.g_01497	Prah.g_01337
OG0000116	Praf	Prbg.g_01497	Praf.g_00825
OG0000116	Prbj	Prbg.g_01497	Prbj.g_00956
OG0000116	Prbk	Prbg.g_01497	Prbk.g_01034
OG0000116	Prbl	Prbg.g_01497	Prbl.g_02069
OG0000116	Syag	Prbg.g_01497	Syag.g_01156
OG0000116	Syak	Prbg.g_01497	Syak.g_00911
OG0000116	Syab	Prbg.g_01497	Syab.g_00945
OG0000116	Syal	Prbg.g_01497	Syal.g_01630
OG0000116	Syaq	Prbg.g_01497	Syaq.g_00263
OG0000116	Syaa	Prbg.g_01497	Syaa.g_00757
OG0000116	Syae	Prbg.g_01497	Syae.g_00939
OG0000116	Syad	Prbg.g_01497	Syad.g_01123
OG0000116	Syaj	Prbg.g_01497	Syaj.g_00289
OG0000116	Syac	Prbg.g_01497	Syac.g_00753
OG0000116	Syah	Prbg.g_01497	Syah.g_02175
OG0000116	Syaf	Prbg.g_01497	Syaf.g_01276
OG0000116	Syai	Prbg.g_01497	Syai.g_02156
OG0000116	Syam	Prbg.g_01497	Syam.g_01807
OG0000116	Syao	Prbg.g_01497	Syao.g_00137
OG0000116	Syar	Prbg.g_01497	Syar.g_01525, Syar.g_02255
OG0000116	Syan	Prbg.g_01497	Syan.g_02710, Syan.g_00460
OG0000116	Syap	Prbg.g_01497	Syap.g_00241
OG0000116	Syas	Prbg.g_01497	Syas.g_01198, Syas.g_00317
OG0000116	Syat	Prbg.g_01497	Syat.g_02641
OG0000116	Pram	Prbg.g_01497	Pram.g_01151
OG0000116	Prbh	Prbg.g_01497	Prbh.g_01294
OG0000116	Prak	Prbg.g_01497	Prak.g_01183
OG0000116	Prap	Prbg.g_01497	Prap.g_00467
OG0000116	Prbn	Prbg.g_01497	Prbn.g_01178
OG0000116	Prbe	Prbg.g_01497	Prbe.g_01560
OG0000116	Prbf	Prbg.g_01497	Prbf.g_00907
OG0000117	Prao	Prbg.g_01459	Prao.g_01332
OG0000117	Prag	Prbg.g_01459	Prag.g_01298
OG0000117	Praw	Prbg.g_01459	Praw.g_00926
OG0000117	Prav	Prbg.g_01459	Prav.g_01390
OG0000117	Prad	Prbg.g_01459	Prad.g_01214
OG0000117	Pras	Prbg.g_01459	Pras.g_00150
OG0000117	Prau	Prbg.g_01459	Prau.g_01318
OG0000117	Prax	Prbg.g_01459	Prax.g_01959
OG0000117	Prbi	Prbg.g_01459	Prbi.g_01330
OG0000117	Prae	Prbg.g_01459	Prae.g_01263
OG0000117	Prbd	Prbg.g_01459	Prbd.g_01895
OG0000117	Praa	Prbg.g_01459	Praa.g_01255
OG0000117	Prai	Prbg.g_01459	Prai.g_01273
OG0000117	Prac	Prbg.g_01459	Prac.g_01955
OG0000117	Praq	Prbg.g_01459	Praq.g_00084
OG0000117	Prar	Prbg.g_01459	Prar.g_01003
OG0000117	Pray	Prbg.g_01459	Pray.g_01927
OG0000117	Praz	Prbg.g_01459	Praz.g_01237
OG0000117	Prba	Prbg.g_01459	Prba.g_01135
OG0000117	Prab	Prbg.g_01459	Prab.g_00717
OG0000117	Pran	Prbg.g_01459	Pran.g_01466
OG0000117	Praj	Prbg.g_01459	Praj.g_01355
OG0000117	Prbb	Prbg.g_01459	Prbb.g_01399
OG0000117	Prbc	Prbg.g_01459	Prbc.g_00102
OG0000117	Prbj	Prbg.g_01459	Prbj.g_01915
OG0000117	Prbk	Prbg.g_01459	Prbk.g_01496
OG0000117	Prbl	Prbg.g_01459	Prbl.g_01384
OG0000117	Praf	Prbg.g_01459	Praf.g_00919
OG0000117	Prah	Prbg.g_01459	Prah.g_01257
OG0000117	Syak	Prbg.g_01459	Syak.g_00846
OG0000117	Syaq	Prbg.g_01459	Syaq.g_00203
OG0000117	Syag	Prbg.g_01459	Syag.g_01097
OG0000117	Syab	Prbg.g_01459	Syab.g_01018
OG0000117	Syal	Prbg.g_01459	Syal.g_01704
OG0000117	Syap	Prbg.g_01459	Syap.g_01889
OG0000117	Syas	Prbg.g_01459	Syas.g_01122
OG0000117	Syat	Prbg.g_01459	Syat.g_00224
OG0000117	Syar	Prbg.g_01459	Syar.g_01969
OG0000117	Syan	Prbg.g_01459	Syan.g_02644
OG0000117	Syao	Prbg.g_01459	Syao.g_00169
OG0000117	Syad	Prbg.g_01459	Syad.g_01510
OG0000117	Syaj	Prbg.g_01459	Syaj.g_00637
OG0000117	Syaa	Prbg.g_01459	Syaa.g_01009
OG0000117	Syae	Prbg.g_01459	Syae.g_00647
OG0000117	Syac	Prbg.g_01459	Syac.g_01477
OG0000117	Syah	Prbg.g_01459	Syah.g_01425
OG0000117	Syaf	Prbg.g_01459	Syaf.g_01605
OG0000117	Syai	Prbg.g_01459	Syai.g_01756
OG0000117	Syam	Prbg.g_01459	Syam.g_00904
OG0000117	Pral	Prbg.g_01459	Pral.g_01396, Pral.g_01398, Pral.g_01397
OG0000117	Prbm	Prbg.g_01459	Prbm.g_01522
OG0000117	Prat	Prbg.g_01459	Prat.g_01129
OG0000117	Pram	Prbg.g_01459	Pram.g_01112
OG0000117	Prbh	Prbg.g_01459	Prbh.g_01255
OG0000117	Prak	Prbg.g_01459	Prak.g_01145
OG0000117	Prap	Prbg.g_01459	Prap.g_00429
OG0000117	Prbe	Prbg.g_01459	Prbe.g_01522
OG0000117	Prbf	Prbg.g_01459	Prbf.g_00945
OG0000117	Prbn	Prbg.g_01459	Prbn.g_00389
OG0000118	Prai	Prbg.g_00490	Prai.g_01347
OG0000118	Prab	Prbg.g_00490	Prab.g_01338
OG0000118	Pran	Prbg.g_00490	Pran.g_00864
OG0000118	Prav	Prbg.g_00490	Prav.g_01450
OG0000118	Prad	Prbg.g_00490	Prad.g_00616
OG0000118	Prac	Prbg.g_00490	Prac.g_00187
OG0000118	Praq	Prbg.g_00490	Praq.g_00145
OG0000118	Prar	Prbg.g_00490	Prar.g_00943
OG0000118	Prbi	Prbg.g_00490	Prbi.g_01403
OG0000118	Prao	Prbg.g_00490	Prao.g_01264
OG0000118	Pras	Prbg.g_00490	Pras.g_00221, Pras.g_00222
OG0000118	Prax	Prbg.g_00490	Prax.g_01887
OG0000118	Pray	Prbg.g_00490	Pray.g_01858
OG0000118	Praz	Prbg.g_00490	Praz.g_01168
OG0000118	Prba	Prbg.g_00490	Prba.g_01204
OG0000118	Prbd	Prbg.g_00490	Prbd.g_01789
OG0000118	Praa	Prbg.g_00490	Praa.g_01330
OG0000118	Prae	Prbg.g_00490	Prae.g_01341
OG0000118	Prau	Prbg.g_00490	Prau.g_01383
OG0000118	Prag	Prbg.g_00490	Prag.g_01367
OG0000118	Praw	Prbg.g_00490	Praw.g_00993
OG0000118	Praj	Prbg.g_00490	Praj.g_01540
OG0000118	Prbc	Prbg.g_00490	Prbc.g_00577
OG0000118	Prbb	Prbg.g_00490	Prbb.g_01598
OG0000118	Prbm	Prbg.g_00490	Prbm.g_01622
OG0000118	Prbj	Prbg.g_00490	Prbj.g_01742
OG0000118	Prbk	Prbg.g_00490	Prbk.g_01169
OG0000118	Prbl	Prbg.g_00490	Prbl.g_01736
OG0000118	Praf	Prbg.g_00490	Praf.g_00779
OG0000118	Prah	Prbg.g_00490	Prah.g_01378
OG0000118	Syao	Prbg.g_00490	Syao.g_01475
OG0000118	Syag	Prbg.g_00490	Syag.g_01232
OG0000118	Syak	Prbg.g_00490	Syak.g_00954
OG0000118	Syab	Prbg.g_00490	Syab.g_00897
OG0000118	Syal	Prbg.g_00490	Syal.g_01583
OG0000118	Syad	Prbg.g_00490	Syad.g_01104
OG0000118	Syaj	Prbg.g_00490	Syaj.g_00267
OG0000118	Syae	Prbg.g_00490	Syae.g_02479
OG0000118	Syaa	Prbg.g_00490	Syaa.g_01874
OG0000118	Syac	Prbg.g_00490	Syac.g_01728
OG0000118	Syah	Prbg.g_00490	Syah.g_01173
OG0000118	Syaf	Prbg.g_00490	Syaf.g_02544
OG0000118	Syai	Prbg.g_00490	Syai.g_00818
OG0000118	Syam	Prbg.g_00490	Syam.g_01698
OG0000118	Syar	Prbg.g_00490	Syar.g_02793
OG0000118	Syas	Prbg.g_00490	Syas.g_02835
OG0000118	Syat	Prbg.g_00490	Syat.g_01168
OG0000118	Syan	Prbg.g_00490	Syan.g_01241, Syan.g_01237
OG0000118	Syaq	Prbg.g_00490	Syaq.g_00325, Syaq.g_00316
OG0000118	Syap	Prbg.g_00490	Syap.g_02286
OG0000118	Pram	Prbg.g_00490	Pram.g_01242
OG0000118	Prbh	Prbg.g_00490	Prbh.g_01385
OG0000118	Prat	Prbg.g_00490	Prat.g_01261
OG0000118	Pral	Prbg.g_00490	Pral.g_01269
OG0000118	Prak	Prbg.g_00490	Prak.g_01290
OG0000118	Prap	Prbg.g_00490	Prap.g_00574
OG0000118	Prbe	Prbg.g_00490	Prbe.g_00880
OG0000118	Prbf	Prbg.g_00490	Prbf.g_00013
OG0000118	Prbn	Prbg.g_00490	Prbn.g_01071
OG0000119	Prab	Prbg.g_01540, Prbg.g_00688	Prab.g_01356
OG0000119	Pran	Prbg.g_01540, Prbg.g_00688	Pran.g_00845
OG0000119	Prai	Prbg.g_01540, Prbg.g_00688	Prai.g_01366
OG0000119	Prad	Prbg.g_01540, Prbg.g_00688	Prad.g_00598
OG0000119	Prbi	Prbg.g_01540, Prbg.g_00688	Prbi.g_01435
OG0000119	Pray	Prbg.g_01540, Prbg.g_00688	Pray.g_01833
OG0000119	Praz	Prbg.g_01540, Prbg.g_00688	Praz.g_01143
OG0000119	Prba	Prbg.g_01540, Prbg.g_00688	Prba.g_00200
OG0000119	Prav	Prbg.g_01540, Prbg.g_00688	Prav.g_01469
OG0000119	Pras	Prbg.g_01540, Prbg.g_00688	Pras.g_00246
OG0000119	Praa	Prbg.g_01540, Prbg.g_00688	Praa.g_01362
OG0000119	Prax	Prbg.g_01540, Prbg.g_00688	Prax.g_01867
OG0000119	Prac	Prbg.g_01540, Prbg.g_00688	Prac.g_00213
OG0000119	Praq	Prbg.g_01540, Prbg.g_00688	Praq.g_00171
OG0000119	Prar	Prbg.g_01540, Prbg.g_00688	Prar.g_00915
OG0000119	Prao	Prbg.g_01540, Prbg.g_00688	Prao.g_01243
OG0000119	Prag	Prbg.g_01540, Prbg.g_00688	Prag.g_01385
OG0000119	Praw	Prbg.g_01540, Prbg.g_00688	Praw.g_01012
OG0000119	Prae	Prbg.g_01540, Prbg.g_00688	Prae.g_01364
OG0000119	Prbd	Prbg.g_01540, Prbg.g_00688	Prbd.g_01768
OG0000119	Prau	Prbg.g_01540, Prbg.g_00688	Prau.g_01405
OG0000119	Syal	Prbg.g_01540, Prbg.g_00688	Syal.g_02056
OG0000119	Syaa	Prbg.g_01540, Prbg.g_00688	Syaa.g_00785
OG0000119	Syai	Prbg.g_01540, Prbg.g_00688	Syai.g_02127
OG0000119	Syad	Prbg.g_01540, Prbg.g_00688	Syad.g_01168
OG0000119	Syaj	Prbg.g_01540, Prbg.g_00688	Syaj.g_00317
OG0000119	Syae	Prbg.g_01540, Prbg.g_00688	Syae.g_00904
OG0000119	Syat	Prbg.g_01540, Prbg.g_00688	Syat.g_00309
OG0000119	Syan	Prbg.g_01540, Prbg.g_00688	Syan.g_02672
OG0000119	Syak	Prbg.g_01540, Prbg.g_00688	Syak.g_00917
OG0000119	Prbb	Prbg.g_01540, Prbg.g_00688	Prbb.g_01632
OG0000119	Praj	Prbg.g_01540, Prbg.g_00688	Praj.g_01568
OG0000119	Prbc	Prbg.g_01540, Prbg.g_00688	Prbc.g_00650
OG0000119	Prbm	Prbg.g_01540, Prbg.g_00688	Prbm.g_01653
OG0000119	Pral	Prbg.g_01540	Pral.g_01861
OG0000119	Prat	Prbg.g_01540	Prat.g_00647
OG0000119	Prbj	Prbg.g_01540	Prbj.g_00740
OG0000119	Prbk	Prbg.g_01540	Prbk.g_01746
OG0000119	Prbl	Prbg.g_01540	Prbl.g_00007
OG0000119	Praf	Prbg.g_01540	Praf.g_01108
OG0000119	Prah	Prbg.g_01540	Prah.g_01007
OG0000119	Prbh	Prbg.g_01540	Prbh.g_01333
OG0000119	Prak	Prbg.g_01540	Prak.g_01226
OG0000119	Prap	Prbg.g_01540	Prap.g_00510
OG0000119	Prbe	Prbg.g_01540	Prbe.g_01603
OG0000119	Prbf	Prbg.g_01540	Prbf.g_00864
OG0000119	Prbn	Prbg.g_01540	Prbn.g_01135
OG0000119	Pram	Prbg.g_00688	Pram.g_01283
OG0000119	Prbh	Prbg.g_00688	Prbh.g_00194
OG0000119	Pral	Prbg.g_00688	Pral.g_01063
OG0000119	Prat	Prbg.g_00688	Prat.g_01452
OG0000119	Prah	Prbg.g_00688	Prah.g_01048
OG0000119	Praf	Prbg.g_00688	Praf.g_01143
OG0000119	Prbj	Prbg.g_00688	Prbj.g_00778
OG0000119	Prbk	Prbg.g_00688	Prbk.g_01786
OG0000119	Prbl	Prbg.g_00688	Prbl.g_00046
OG0000119	Prak	Prbg.g_00688	Prak.g_01488
OG0000119	Prap	Prbg.g_00688	Prap.g_00218
OG0000119	Prbe	Prbg.g_00688	Prbe.g_00214
OG0000119	Prbf	Prbg.g_00688	Prbf.g_00254
OG0000119	Prbn	Prbg.g_00688	Prbn.g_00885
OG0000120	Prav	Prbg.g_00549	Prav.g_01513
OG0000120	Pral	Prbg.g_00549	Pral.g_00702
OG0000120	Prat	Prbg.g_00549	Prat.g_00344
OG0000120	Syao	Prbg.g_00549	Syao.g_02009
OG0000120	Syap	Prbg.g_00549	Syap.g_02075
OG0000120	Syas	Prbg.g_00549	Syas.g_01828
OG0000120	Syat	Prbg.g_00549	Syat.g_02132
OG0000120	Syar	Prbg.g_00549	Syar.g_00713
OG0000120	Syan	Prbg.g_00549	Syan.g_01966
OG0000120	Syaj	Prbg.g_00549	Syaj.g_02502
OG0000120	Syac	Prbg.g_00549	Syac.g_00233
OG0000120	Syad	Prbg.g_00549	Syad.g_00459
OG0000120	Syah	Prbg.g_00549	Syah.g_00145
OG0000120	Syaa	Prbg.g_00549	Syaa.g_00201
OG0000120	Syae	Prbg.g_00549	Syae.g_01912
OG0000120	Syam	Prbg.g_00549	Syam.g_00172
OG0000120	Syaf	Prbg.g_00549	Syaf.g_00313
OG0000120	Syai	Prbg.g_00549	Syai.g_00198
OG0000120	Syag	Prbg.g_00549	Syag.g_02535
OG0000120	Prbj	Prbg.g_00549	Prbj.g_01465
OG0000120	Prbk	Prbg.g_00549	Prbk.g_00477
OG0000120	Prbl	Prbg.g_00549	Prbl.g_00892
OG0000120	Praf	Prbg.g_00549	Praf.g_02343
OG0000120	Prah	Prbg.g_00549	Prah.g_02192
OG0000120	Syaq	Prbg.g_00549	Syaq.g_00883
OG0000120	Syak	Prbg.g_00549	Syak.g_01526
OG0000120	Syab	Prbg.g_00549	Syab.g_00229
OG0000120	Syal	Prbg.g_00549	Syal.g_01324
OG0000120	Prag	Prbg.g_00549	Prag.g_01423
OG0000120	Praw	Prbg.g_00549	Praw.g_01050
OG0000120	Prbd	Prbg.g_00549	Prbd.g_01737
OG0000120	Prad	Prbg.g_00549	Prad.g_00564
OG0000120	Prau	Prbg.g_00549	Prau.g_01430
OG0000120	Prac	Prbg.g_00549	Prac.g_00248
OG0000120	Praq	Prbg.g_00549	Praq.g_00208
OG0000120	Prar	Prbg.g_00549	Prar.g_00880
OG0000120	Prax	Prbg.g_00549	Prax.g_01832
OG0000120	Prbm	Prbg.g_00549	Prbm.g_00707
OG0000120	Prbb	Prbg.g_00549	Prbb.g_00678
OG0000120	Praj	Prbg.g_00549	Praj.g_00664
OG0000120	Prbc	Prbg.g_00549	Prbc.g_01753
OG0000120	Prbi	Prbg.g_00549	Prbi.g_01460
OG0000120	Prae	Prbg.g_00549	Prae.g_01389
OG0000120	Pras	Prbg.g_00549	Pras.g_00273, Pras.g_00272, Pras.g_00271
OG0000120	Praa	Prbg.g_00549	Praa.g_01387
OG0000120	Pray	Prbg.g_00549	Pray.g_01808
OG0000120	Praz	Prbg.g_00549	Praz.g_01118
OG0000120	Prba	Prbg.g_00549	Prba.g_00175
OG0000120	Prai	Prbg.g_00549	Prai.g_01443
OG0000120	Prab	Prbg.g_00549	Prab.g_01447
OG0000120	Pran	Prbg.g_00549	Pran.g_00752
OG0000120	Prao	Prbg.g_00549	Prao.g_01215
OG0000120	Pram	Prbg.g_00549	Pram.g_01446
OG0000120	Prbh	Prbg.g_00549	Prbh.g_00031
OG0000120	Prak	Prbg.g_00549	Prak.g_01349
OG0000120	Prap	Prbg.g_00549	Prap.g_00079
OG0000120	Prbe	Prbg.g_00549	Prbe.g_00353
OG0000120	Prbf	Prbg.g_00549	Prbf.g_00115
OG0000120	Prbn	Prbg.g_00549	Prbn.g_00170
OG0000121	Prad	Prbg.g_00593	Prad.g_00513
OG0000121	Prag	Prbg.g_00593	Prag.g_01492
OG0000121	Praw	Prbg.g_00593	Praw.g_01078
OG0000121	Prab	Prbg.g_00593	Prab.g_01468
OG0000121	Pran	Prbg.g_00593	Pran.g_00731
OG0000121	Prai	Prbg.g_00593	Prai.g_01465
OG0000121	Prbi	Prbg.g_00593	Prbi.g_01593
OG0000121	Prae	Prbg.g_00593	Prae.g_01461
OG0000121	Prbd	Prbg.g_00593	Prbd.g_01687
OG0000121	Pray	Prbg.g_00593	Pray.g_01720
OG0000121	Praz	Prbg.g_00593	Praz.g_01039
OG0000121	Prba	Prbg.g_00593	Prba.g_00711
OG0000121	Prax	Prbg.g_00593	Prax.g_01726
OG0000121	Prao	Prbg.g_00593	Prao.g_01399
OG0000121	Praa	Prbg.g_00593	Praa.g_01478
OG0000121	Pras	Prbg.g_00593	Pras.g_00352
OG0000121	Prau	Prbg.g_00593	Prau.g_01533
OG0000121	Prac	Prbg.g_00593	Prac.g_00409
OG0000121	Praq	Prbg.g_00593	Praq.g_00296
OG0000121	Prar	Prbg.g_00593	Prar.g_00337
OG0000121	Prav	Prbg.g_00593	Prav.g_01580
OG0000121	Syar	Prbg.g_00593	Syar.g_02806
OG0000121	Syat	Prbg.g_00593	Syat.g_01223
OG0000121	Syap	Prbg.g_00593	Syap.g_02471
OG0000121	Syan	Prbg.g_00593	Syan.g_01273
OG0000121	Syao	Prbg.g_00593	Syao.g_01489
OG0000121	Syas	Prbg.g_00593	Syas.g_02821
OG0000121	Syab	Prbg.g_00593	Syab.g_00772
OG0000121	Syal	Prbg.g_00593	Syal.g_00374
OG0000121	Syag	Prbg.g_00593	Syag.g_01414
OG0000121	Syaq	Prbg.g_00593	Syaq.g_00375
OG0000121	Syak	Prbg.g_00593	Syak.g_01044
OG0000121	Syam	Prbg.g_00593	Syam.g_01615
OG0000121	Syaf	Prbg.g_00593	Syaf.g_02419
OG0000121	Syai	Prbg.g_00593	Syai.g_00951
OG0000121	Syaa	Prbg.g_00593	Syaa.g_01777
OG0000121	Syae	Prbg.g_00593	Syae.g_02649
OG0000121	Syac	Prbg.g_00593	Syac.g_01635
OG0000121	Syah	Prbg.g_00593	Syah.g_01287
OG0000121	Syad	Prbg.g_00593	Syad.g_02280
OG0000121	Syaj	Prbg.g_00593	Syaj.g_01383
OG0000121	Praf	Prbg.g_00593	Praf.g_01796
OG0000121	Prah	Prbg.g_00593	Prah.g_00406
OG0000121	Prbj	Prbg.g_00593	Prbj.g_01064, Prbj.g_01058
OG0000121	Prbk	Prbg.g_00593	Prbk.g_00267, Prbk.g_00261
OG0000121	Prbl	Prbg.g_00593	Prbl.g_00234, Prbl.g_00240
OG0000121	Prbc	Prbg.g_00593	Prbc.g_00711
OG0000121	Praj	Prbg.g_00593	Praj.g_01634
OG0000121	Prbb	Prbg.g_00593	Prbb.g_01688
OG0000121	Prbm	Prbg.g_00593	Prbm.g_01712
OG0000121	Pral	Prbg.g_00593	Pral.g_01159
OG0000121	Prat	Prbg.g_00593	Prat.g_01355
OG0000121	Pram	Prbg.g_00593	Pram.g_01376
OG0000121	Prbh	Prbg.g_00593	Prbh.g_00101
OG0000121	Prak	Prbg.g_00593	Prak.g_01393
OG0000121	Prap	Prbg.g_00593	Prap.g_00123
OG0000121	Prbe	Prbg.g_00593	Prbe.g_00309
OG0000121	Prbf	Prbg.g_00593	Prbf.g_00159
OG0000121	Prbn	Prbg.g_00593	Prbn.g_00214
OG0000122	Pray	Prbg.g_00448, Prbg.g_00634	Pray.g_01682
OG0000122	Praz	Prbg.g_00448, Prbg.g_00634	Praz.g_01001
OG0000122	Prba	Prbg.g_00448, Prbg.g_00634	Prba.g_00348
OG0000122	Praa	Prbg.g_00448, Prbg.g_00634	Praa.g_01516
OG0000122	Prax	Prbg.g_00448, Prbg.g_00634	Prax.g_01688
OG0000122	Prao	Prbg.g_00448, Prbg.g_00634	Prao.g_01436
OG0000122	Prad	Prbg.g_00448, Prbg.g_00634	Prad.g_00474
OG0000122	Prag	Prbg.g_00448, Prbg.g_00634	Prag.g_01530
OG0000122	Praw	Prbg.g_00448, Prbg.g_00634	Praw.g_00377
OG0000122	Prav	Prbg.g_00448, Prbg.g_00634	Prav.g_01618
OG0000122	Prac	Prbg.g_00448, Prbg.g_00634	Prac.g_00371
OG0000122	Praq	Prbg.g_00448, Prbg.g_00634	Praq.g_00334
OG0000122	Prar	Prbg.g_00448, Prbg.g_00634	Prar.g_00807
OG0000122	Prae	Prbg.g_00448, Prbg.g_00634	Prae.g_01499
OG0000122	Pras	Prbg.g_00448, Prbg.g_00634	Pras.g_00391
OG0000122	Prau	Prbg.g_00448, Prbg.g_00634	Prau.g_01571
OG0000122	Prbd	Prbg.g_00448, Prbg.g_00634	Prbd.g_01649
OG0000122	Prbi	Prbg.g_00448, Prbg.g_00634	Prbi.g_01630
OG0000122	Prab	Prbg.g_00448, Prbg.g_00634	Prab.g_01506
OG0000122	Pran	Prbg.g_00448, Prbg.g_00634	Pran.g_00693
OG0000122	Syao	Prbg.g_00448, Prbg.g_00634	Syao.g_01247
OG0000122	Syas	Prbg.g_00448, Prbg.g_00634	Syas.g_00393
OG0000122	Syab	Prbg.g_00448, Prbg.g_00634	Syab.g_01839
OG0000122	Syal	Prbg.g_00448, Prbg.g_00634	Syal.g_02602
OG0000122	Syaq	Prbg.g_00448, Prbg.g_00634	Syaq.g_02118
OG0000122	Syak	Prbg.g_00448, Prbg.g_00634	Syak.g_00081
OG0000122	Syag	Prbg.g_00448, Prbg.g_00634	Syag.g_00446
OG0000122	Syad	Prbg.g_00448, Prbg.g_00634	Syad.g_02122
OG0000122	Syaj	Prbg.g_00448, Prbg.g_00634	Syaj.g_01250
OG0000122	Syac	Prbg.g_00448, Prbg.g_00634	Syac.g_01013
OG0000122	Syah	Prbg.g_00448, Prbg.g_00634	Syah.g_01900
OG0000122	Syae	Prbg.g_00448, Prbg.g_00634	Syae.g_00112
OG0000122	Syaa	Prbg.g_00448, Prbg.g_00634	Syaa.g_01598
OG0000122	Syai	Prbg.g_00448, Prbg.g_00634	Syai.g_01143
OG0000122	Syam	Prbg.g_00448, Prbg.g_00634	Syam.g_01436
OG0000122	Pral	Prbg.g_00448, Prbg.g_00634	Pral.g_01116
OG0000122	Prat	Prbg.g_00448	Prat.g_00781
OG0000122	Pram	Prbg.g_00448	Pram.g_01204
OG0000122	Prbh	Prbg.g_00448	Prbh.g_01347
OG0000122	Prak	Prbg.g_00448	Prak.g_01248
OG0000122	Prap	Prbg.g_00448	Prap.g_00532
OG0000122	Prbe	Prbg.g_00448	Prbe.g_01625
OG0000122	Prbf	Prbg.g_00448	Prbf.g_00055
OG0000122	Prbn	Prbg.g_00448	Prbn.g_01113
OG0000122	Prbm	Prbg.g_00634	Prbm.g_01751
OG0000122	Praj	Prbg.g_00634	Praj.g_01673
OG0000122	Prbb	Prbg.g_00634	Prbb.g_01727
OG0000122	Prbc	Prbg.g_00634	Prbc.g_00750
OG0000122	Praf	Prbg.g_00634	Praf.g_00976
OG0000122	Prah	Prbg.g_00634	Prah.g_01203
OG0000122	Prbj	Prbg.g_00634	Prbj.g_02627
OG0000122	Prbk	Prbg.g_00634	Prbk.g_02664
OG0000122	Prbl	Prbg.g_00634	Prbl.g_01808
OG0000122	Prat	Prbg.g_00634	Prat.g_01398
OG0000122	Pram	Prbg.g_00634	Pram.g_01334
OG0000122	Prbh	Prbg.g_00634	Prbh.g_00143
OG0000122	Prak	Prbg.g_00634	Prak.g_01434
OG0000122	Prap	Prbg.g_00634	Prap.g_00164
OG0000122	Prbe	Prbg.g_00634	Prbe.g_00268
OG0000122	Prbf	Prbg.g_00634	Prbf.g_00200
OG0000122	Prbn	Prbg.g_00634	Prbn.g_00255
OG0000123	Prai	Prbg.g_01792	Prai.g_01789
OG0000123	Prab	Prbg.g_01792	Prab.g_01809
OG0000123	Pran	Prbg.g_01792	Pran.g_01112
OG0000123	Prao	Prbg.g_01792	Prao.g_01694
OG0000123	Prag	Prbg.g_01792	Prag.g_01811
OG0000123	Praw	Prbg.g_01792	Praw.g_00089
OG0000123	Prav	Prbg.g_01792	Prav.g_00639
OG0000123	Prac	Prbg.g_01792	Prac.g_00554
OG0000123	Praq	Prbg.g_01792	Praq.g_00873
OG0000123	Prar	Prbg.g_01792	Prar.g_01021
OG0000123	Pray	Prbg.g_01792	Pray.g_01313
OG0000123	Praz	Prbg.g_01792	Praz.g_00256
OG0000123	Prba	Prbg.g_01792	Prba.g_00436
OG0000123	Prae	Prbg.g_01792	Prae.g_01766
OG0000123	Prax	Prbg.g_01792	Prax.g_01345
OG0000123	Prad	Prbg.g_01792	Prad.g_00800
OG0000123	Pras	Prbg.g_01792	Pras.g_00694
OG0000123	Prau	Prbg.g_01792	Prau.g_01876
OG0000123	Prbi	Prbg.g_01792	Prbi.g_01945
OG0000123	Prbd	Prbg.g_01792	Prbd.g_01384
OG0000123	Praa	Prbg.g_01792	Praa.g_01782
OG0000123	Praj	Prbg.g_01792	Praj.g_01959
OG0000123	Prbc	Prbg.g_01792	Prbc.g_00277
OG0000123	Prbm	Prbg.g_01792	Prbm.g_02040
OG0000123	Prbb	Prbg.g_01792	Prbb.g_02008
OG0000123	Syan	Prbg.g_01792	Syan.g_02190
OG0000123	Syao	Prbg.g_01792	Syao.g_01832
OG0000123	Syar	Prbg.g_01792	Syar.g_01079
OG0000123	Syat	Prbg.g_01792	Syat.g_01653
OG0000123	Syas	Prbg.g_01792	Syas.g_01582
OG0000123	Syap	Prbg.g_01792	Syap.g_00100, Syap.g_00099, Syap.g_00098, Syap.g_00464
OG0000123	Syak	Prbg.g_01792	Syak.g_01299
OG0000123	Syab	Prbg.g_01792	Syab.g_00454
OG0000123	Syal	Prbg.g_01792	Syal.g_00283
OG0000123	Syag	Prbg.g_01792	Syag.g_02781
OG0000123	Syaq	Prbg.g_01792	Syaq.g_00599
OG0000123	Prbj	Prbg.g_01792	Prbj.g_00406
OG0000123	Prbk	Prbg.g_01792	Prbk.g_00805
OG0000123	Prbl	Prbg.g_01792	Prbl.g_01135
OG0000123	Praf	Prbg.g_01792	Praf.g_02108
OG0000123	Prah	Prbg.g_01792	Prah.g_01987
OG0000123	Syad	Prbg.g_01792	Syad.g_00701
OG0000123	Syaj	Prbg.g_01792	Syaj.g_02745
OG0000123	Syaa	Prbg.g_01792	Syaa.g_02242
OG0000123	Syae	Prbg.g_01792	Syae.g_02131
OG0000123	Syaf	Prbg.g_01792	Syaf.g_00086
OG0000123	Syai	Prbg.g_01792	Syai.g_00411
OG0000123	Syam	Prbg.g_01792	Syam.g_00379
OG0000123	Syac	Prbg.g_01792	Syac.g_02086
OG0000123	Syah	Prbg.g_01792	Syah.g_00793
OG0000123	Pral	Prbg.g_01792	Pral.g_00250
OG0000123	Prat	Prbg.g_01792	Prat.g_01733
OG0000123	Pram	Prbg.g_01792	Pram.g_01777
OG0000123	Prbh	Prbg.g_01792	Prbh.g_01637
OG0000123	Prak	Prbg.g_01792	Prak.g_01787
OG0000123	Prap	Prbg.g_01792	Prap.g_01635
OG0000123	Prbe	Prbg.g_01792	Prbe.g_00829
OG0000123	Prbf	Prbg.g_01792	Prbf.g_00551
OG0000123	Prbn	Prbg.g_01792	Prbn.g_01888
OG0000124	Prbi	Prbg.g_01864	Prbi.g_02010
OG0000124	Pras	Prbg.g_01864	Pras.g_00759
OG0000124	Prau	Prbg.g_01864	Prau.g_01941
OG0000124	Prag	Prbg.g_01864	Prag.g_01877
OG0000124	Praw	Prbg.g_01864	Praw.g_00023
OG0000124	Prav	Prbg.g_01864	Prav.g_00705
OG0000124	Prac	Prbg.g_01864	Prac.g_00056
OG0000124	Praq	Prbg.g_01864	Praq.g_00682
OG0000124	Prar	Prbg.g_01864	Prar.g_00668
OG0000124	Prae	Prbg.g_01864	Prae.g_01831
OG0000124	Praa	Prbg.g_01864	Praa.g_01848
OG0000124	Prax	Prbg.g_01864	Prax.g_01410
OG0000124	Prbd	Prbg.g_01864	Prbd.g_01318
OG0000124	Prao	Prbg.g_01864	Prao.g_01759
OG0000124	Prad	Prbg.g_01864	Prad.g_01616
OG0000124	Pray	Prbg.g_01864	Pray.g_01380
OG0000124	Praz	Prbg.g_01864	Praz.g_00189
OG0000124	Prba	Prbg.g_01864	Prba.g_00784
OG0000124	Prab	Prbg.g_01864	Prab.g_01873
OG0000124	Pran	Prbg.g_01864	Pran.g_01176
OG0000124	Prai	Prbg.g_01864	Prai.g_01854
OG0000124	Praj	Prbg.g_01864	Praj.g_02031
OG0000124	Prbc	Prbg.g_01864	Prbc.g_00193
OG0000124	Prbm	Prbg.g_01864	Prbm.g_02111
OG0000124	Praf	Prbg.g_01864	Praf.g_00153
OG0000124	Prbj	Prbg.g_01864	Prbj.g_01281
OG0000124	Prbk	Prbg.g_01864	Prbk.g_01539
OG0000124	Prbl	Prbg.g_01864	Prbl.g_02054
OG0000124	Syar	Prbg.g_01864	Syar.g_00586
OG0000124	Syat	Prbg.g_01864	Syat.g_02231
OG0000124	Syas	Prbg.g_01864	Syas.g_02137
OG0000124	Syan	Prbg.g_01864	Syan.g_01873
OG0000124	Syap	Prbg.g_01864	Syap.g_02456, Syap.g_02457, Syap.g_01130
OG0000124	Syao	Prbg.g_01864	Syao.g_02179
OG0000124	Syaq	Prbg.g_01864	Syaq.g_01055
OG0000124	Syak	Prbg.g_01864	Syak.g_01692
OG0000124	Syag	Prbg.g_01864	Syag.g_02367
OG0000124	Syab	Prbg.g_01864	Syab.g_00088
OG0000124	Syal	Prbg.g_01864	Syal.g_01519
OG0000124	Prah	Prbg.g_01864	Prah.g_00125
OG0000124	Syam	Prbg.g_01864	Syam.g_00096
OG0000124	Syaf	Prbg.g_01864	Syaf.g_00414
OG0000124	Syai	Prbg.g_01864	Syai.g_00089
OG0000124	Syaa	Prbg.g_01864	Syaa.g_00092
OG0000124	Syae	Prbg.g_01864	Syae.g_01809
OG0000124	Syac	Prbg.g_01864	Syac.g_00135
OG0000124	Syah	Prbg.g_01864	Syah.g_00272
OG0000124	Syad	Prbg.g_01864	Syad.g_00320
OG0000124	Syaj	Prbg.g_01864	Syaj.g_02388
OG0000124	Pral	Prbg.g_01864	Pral.g_00322
OG0000124	Prat	Prbg.g_01864	Prat.g_01805
OG0000124	Pram	Prbg.g_01864	Pram.g_01850
OG0000124	Prbh	Prbg.g_01864	Prbh.g_01564
OG0000124	Prbe	Prbg.g_01864	Prbe.g_00745
OG0000124	Prak	Prbg.g_01864	Prak.g_01859
OG0000124	Prap	Prbg.g_01864	Prap.g_01563
OG0000124	Prbf	Prbg.g_01864	Prbf.g_00478
OG0000124	Prbn	Prbg.g_01864	Prbn.g_00979
OG0000125	Prav	Prbg.g_01900	Prav.g_00741
OG0000125	Prac	Prbg.g_01900	Prac.g_00092
OG0000125	Praq	Prbg.g_01900	Praq.g_00718
OG0000125	Prar	Prbg.g_01900	Prar.g_00704
OG0000125	Prba	Prbg.g_01900	Prba.g_01089, Prba.g_00821
OG0000125	Prae	Prbg.g_01900	Prae.g_01867
OG0000125	Praa	Prbg.g_01900	Praa.g_01885
OG0000125	Pras	Prbg.g_01900	Pras.g_00797
OG0000125	Prau	Prbg.g_01900	Prau.g_01978
OG0000125	Prbd	Prbg.g_01900	Prbd.g_01281
OG0000125	Prad	Prbg.g_01900	Prad.g_01580
OG0000125	Prab	Prbg.g_01900	Prab.g_01910
OG0000125	Pran	Prbg.g_01900	Pran.g_01212
OG0000125	Prai	Prbg.g_01900	Prai.g_01892
OG0000125	Prao	Prbg.g_01900	Prao.g_01796
OG0000125	Prbi	Prbg.g_01900	Prbi.g_02059
OG0000125	Pray	Prbg.g_01900	Pray.g_01417
OG0000125	Praz	Prbg.g_01900	Praz.g_00152
OG0000125	Prag	Prbg.g_01900	Prag.g_01913
OG0000125	Praw	Prbg.g_01900	Praw.g_01180
OG0000125	Prax	Prbg.g_01900	Prax.g_01447
OG0000125	Prbm	Prbg.g_01900	Prbm.g_02176
OG0000125	Prbc	Prbg.g_01900	Prbc.g_00997
OG0000125	Praj	Prbg.g_01900	Praj.g_02091
OG0000125	Prbb	Prbg.g_01900	Prbb.g_02131
OG0000125	Syar	Prbg.g_01900	Syar.g_00338
OG0000125	Syap	Prbg.g_01900	Syap.g_01046, Syap.g_01047
OG0000125	Syan	Prbg.g_01900	Syan.g_01573
OG0000125	Syao	Prbg.g_01900	Syao.g_02444
OG0000125	Syat	Prbg.g_01900	Syat.g_02684
OG0000125	Syas	Prbg.g_01900	Syas.g_01889
OG0000125	Syag	Prbg.g_01900	Syag.g_02136, Syag.g_02134
OG0000125	Syab	Prbg.g_01900	Syab.g_02763
OG0000125	Syal	Prbg.g_01900	Syal.g_01075
OG0000125	Syak	Prbg.g_01900	Syak.g_01934
OG0000125	Syaq	Prbg.g_01900	Syaq.g_01256
OG0000125	Syam	Prbg.g_01900	Syam.g_02319
OG0000125	Syai	Prbg.g_01900	Syai.g_02782
OG0000125	Syaf	Prbg.g_01900	Syaf.g_00640
OG0000125	Syaa	Prbg.g_01900	Syaa.g_02598
OG0000125	Syad	Prbg.g_01900	Syad.g_03040
OG0000125	Syaj	Prbg.g_01900	Syaj.g_02117
OG0000125	Syac	Prbg.g_01900	Syac.g_02360
OG0000125	Syah	Prbg.g_01900	Syah.g_00504
OG0000125	Syae	Prbg.g_01900	Syae.g_01573
OG0000125	Prbj	Prbg.g_01900	Prbj.g_01963
OG0000125	Prbk	Prbg.g_01900	Prbk.g_02168
OG0000125	Prbl	Prbg.g_01900	Prbl.g_02231
OG0000125	Praf	Prbg.g_01900	Praf.g_02664
OG0000125	Prah	Prbg.g_01900	Prah.g_02498
OG0000125	Pral	Prbg.g_01900	Pral.g_00358
OG0000125	Prat	Prbg.g_01900	Prat.g_01841
OG0000125	Pram	Prbg.g_01900	Pram.g_01886
OG0000125	Prbh	Prbg.g_01900	Prbh.g_01528
OG0000125	Prak	Prbg.g_01900	Prak.g_01895
OG0000125	Prap	Prbg.g_01900	Prap.g_01528
OG0000125	Prbe	Prbg.g_01900	Prbe.g_01158
OG0000125	Prbf	Prbg.g_01900	Prbf.g_00443
OG0000125	Prbn	Prbg.g_01900	Prbn.g_00944
OG0000126	Prab	Prbg.g_00762	Prab.g_01950
OG0000126	Pran	Prbg.g_00762	Pran.g_01252
OG0000126	Prai	Prbg.g_00762	Prai.g_01931
OG0000126	Prav	Prbg.g_00762	Prav.g_00781
OG0000126	Prac	Prbg.g_00762	Prac.g_00130
OG0000126	Praq	Prbg.g_00762	Praq.g_00421
OG0000126	Prar	Prbg.g_00762	Prar.g_00043
OG0000126	Prag	Prbg.g_00762	Prag.g_01952
OG0000126	Praw	Prbg.g_00762	Praw.g_01141
OG0000126	Prao	Prbg.g_00762	Prao.g_01836
OG0000126	Prad	Prbg.g_00762	Prad.g_01541
OG0000126	Prbi	Prbg.g_00762	Prbi.g_02098
OG0000126	Pras	Prbg.g_00762	Pras.g_00837
OG0000126	Prau	Prbg.g_00762	Prau.g_02017
OG0000126	Pray	Prbg.g_00762	Pray.g_01456
OG0000126	Praz	Prbg.g_00762	Praz.g_00360
OG0000126	Prba	Prbg.g_00762	Prba.g_01788
OG0000126	Praa	Prbg.g_00762	Praa.g_01923
OG0000126	Prbd	Prbg.g_00762	Prbd.g_01242
OG0000126	Prae	Prbg.g_00762	Prae.g_01906
OG0000126	Prax	Prbg.g_00762	Prax.g_01485
OG0000126	Syas	Prbg.g_00762	Syas.g_01992
OG0000126	Syan	Prbg.g_00762	Syan.g_01705
OG0000126	Syao	Prbg.g_00762	Syao.g_02198
OG0000126	Syap	Prbg.g_00762	Syap.g_02317, Syap.g_02316, Syap.g_02576
OG0000126	Syar	Prbg.g_00762	Syar.g_00887, Syar.g_00888
OG0000126	Syat	Prbg.g_00762	Syat.g_00976
OG0000126	Syac	Prbg.g_00762	Syac.g_02488
OG0000126	Syah	Prbg.g_00762	Syah.g_00379
OG0000126	Syaf	Prbg.g_00762	Syaf.g_00504
OG0000126	Syai	Prbg.g_00762	Syai.g_02927
OG0000126	Syam	Prbg.g_00762	Syam.g_02440
OG0000126	Syaa	Prbg.g_00762	Syaa.g_02752
OG0000126	Syad	Prbg.g_00762	Syad.g_00156
OG0000126	Syaj	Prbg.g_00762	Syaj.g_02256
OG0000126	Syae	Prbg.g_00762	Syae.g_01706
OG0000126	Syag	Prbg.g_00762	Syag.g_02266
OG0000126	Syaq	Prbg.g_00762	Syaq.g_01156
OG0000126	Syak	Prbg.g_00762	Syak.g_01801
OG0000126	Syab	Prbg.g_00762	Syab.g_02908
OG0000126	Syal	Prbg.g_00762	Syal.g_00090
OG0000126	Prbj	Prbg.g_00762	Prbj.g_02067
OG0000126	Prbk	Prbg.g_00762	Prbk.g_02272
OG0000126	Prbl	Prbg.g_00762	Prbl.g_02127
OG0000126	Praf	Prbg.g_00762	Praf.g_02777
OG0000126	Prah	Prbg.g_00762	Prah.g_02598
OG0000126	Prbm	Prbg.g_00762	Prbm.g_02228
OG0000126	Praj	Prbg.g_00762	Praj.g_02144
OG0000126	Prbb	Prbg.g_00762	Prbb.g_02183
OG0000126	Prbc	Prbg.g_00762	Prbc.g_01063
OG0000126	Pral	Prbg.g_00762	Pral.g_00405
OG0000126	Prat	Prbg.g_00762	Prat.g_01888
OG0000126	Pram	Prbg.g_00762	Pram.g_01933
OG0000126	Prbh	Prbg.g_00762	Prbh.g_01481
OG0000126	Prak	Prbg.g_00762	Prak.g_01940
OG0000126	Prap	Prbg.g_00762	Prap.g_01870
OG0000126	Prbe	Prbg.g_00762	Prbe.g_01060
OG0000126	Prbf	Prbg.g_00762	Prbf.g_00398
OG0000126	Prbn	Prbg.g_00762	Prbn.g_00295
OG0000128	Prab	Prbg.g_00778	Prab.g_00011
OG0000128	Pran	Prbg.g_00778	Pran.g_01268
OG0000128	Prai	Prbg.g_00778	Prai.g_00011
OG0000128	Pras	Prbg.g_00778	Pras.g_00853
OG0000128	Prau	Prbg.g_00778	Prau.g_00011
OG0000128	Prbi	Prbg.g_00778	Prbi.g_00011
OG0000128	Prae	Prbg.g_00778	Prae.g_00011
OG0000128	Prax	Prbg.g_00778	Prax.g_01974
OG0000128	Prbd	Prbg.g_00778	Prbd.g_01226
OG0000128	Praa	Prbg.g_00778	Praa.g_00011
OG0000128	Prad	Prbg.g_00778	Prad.g_01975
OG0000128	Prac	Prbg.g_00778	Prac.g_01936
OG0000128	Prar	Prbg.g_00778	Prar.g_00027
OG0000128	Praq	Prbg.g_00778	Praq.g_00437
OG0000128	Prag	Prbg.g_00778	Prag.g_00011
OG0000128	Praw	Prbg.g_00778	Praw.g_01125
OG0000128	Prav	Prbg.g_00778	Prav.g_00079
OG0000128	Prao	Prbg.g_00778	Prao.g_00158
OG0000128	Pray	Prbg.g_00778	Pray.g_01473
OG0000128	Praz	Prbg.g_00778	Praz.g_00376
OG0000128	Prba	Prbg.g_00778	Prba.g_01804
OG0000128	Prbm	Prbg.g_00778	Prbm.g_00011
OG0000128	Praj	Prbg.g_00778	Praj.g_00011
OG0000128	Prbb	Prbg.g_00778	Prbb.g_00012
OG0000128	Prbc	Prbg.g_00778	Prbc.g_01081
OG0000128	Pral	Prbg.g_00778	Pral.g_00421
OG0000128	Prat	Prbg.g_00778	Prat.g_00012, Prat.g_00011
OG0000128	Prbj	Prbg.g_00778	Prbj.g_02085
OG0000128	Prbk	Prbg.g_00778	Prbk.g_02290
OG0000128	Prbl	Prbg.g_00778	Prbl.g_02109
OG0000128	Praf	Prbg.g_00778	Praf.g_00012
OG0000128	Prah	Prbg.g_00778	Prah.g_00013
OG0000128	Syan	Prbg.g_00778	Syan.g_01768
OG0000128	Syao	Prbg.g_00778	Syao.g_02149
OG0000128	Syar	Prbg.g_00778	Syar.g_00482
OG0000128	Syat	Prbg.g_00778	Syat.g_02331
OG0000128	Syap	Prbg.g_00778	Syap.g_00069
OG0000128	Syas	Prbg.g_00778	Syas.g_02046
OG0000128	Syak	Prbg.g_00778	Syak.g_01782
OG0000128	Syab	Prbg.g_00778	Syab.g_00012
OG0000128	Syal	Prbg.g_00778	Syal.g_00109
OG0000128	Syag	Prbg.g_00778	Syag.g_02284
OG0000128	Syaq	Prbg.g_00778	Syaq.g_01138
OG0000128	Syaa	Prbg.g_00778	Syaa.g_00012
OG0000128	Syae	Prbg.g_00778	Syae.g_01724
OG0000128	Syad	Prbg.g_00778	Syad.g_00174
OG0000128	Syaj	Prbg.g_00778	Syaj.g_02274
OG0000128	Syac	Prbg.g_00778	Syac.g_00012
OG0000128	Syah	Prbg.g_00778	Syah.g_00361
OG0000128	Syaf	Prbg.g_00778	Syaf.g_00486
OG0000128	Syai	Prbg.g_00778	Syai.g_00012
OG0000128	Syam	Prbg.g_00778	Syam.g_00012
OG0000128	Pram	Prbg.g_00778	Pram.g_01949
OG0000128	Prbh	Prbg.g_00778	Prbh.g_01953
OG0000128	Prbn	Prbg.g_00778	Prbn.g_00002, Prbn.g_00003
OG0000128	Prak	Prbg.g_00778	Prak.g_00011
OG0000128	Prap	Prbg.g_00778	Prap.g_00043
OG0000128	Prbe	Prbg.g_00778	Prbe.g_01076
OG0000128	Prbf	Prbg.g_00778	Prbf.g_00382
OG0000129	Prac	Prbg.g_00829	Prac.g_01888
OG0000129	Praq	Prbg.g_00829	Praq.g_01259
OG0000129	Prar	Prbg.g_00829	Prar.g_00576
OG0000129	Prbi	Prbg.g_00829	Prbi.g_00053
OG0000129	Pray	Prbg.g_00829	Pray.g_00239
OG0000129	Praz	Prbg.g_00829	Praz.g_00410
OG0000129	Prba	Prbg.g_00829	Prba.g_01838
OG0000129	Prax	Prbg.g_00829	Prax.g_00269
OG0000129	Praa	Prbg.g_00829	Praa.g_00044
OG0000129	Prbd	Prbg.g_00829	Prbd.g_01194
OG0000129	Prav	Prbg.g_00829	Prav.g_00115
OG0000129	Pras	Prbg.g_00829	Pras.g_00897
OG0000129	Prau	Prbg.g_00829	Prau.g_00051
OG0000129	Prad	Prbg.g_00829	Prad.g_01943
OG0000129	Prae	Prbg.g_00829	Prae.g_00046
OG0000129	Prao	Prbg.g_00829	Prao.g_00190
OG0000129	Prag	Prbg.g_00829	Prag.g_00044
OG0000129	Praw	Prbg.g_00829	Praw.g_01384
OG0000129	Prab	Prbg.g_00829	Prab.g_00043
OG0000129	Pran	Prbg.g_00829	Pran.g_00381
OG0000129	Prai	Prbg.g_00829	Prai.g_00051
OG0000129	Prbc	Prbg.g_00829	Prbc.g_01122
OG0000129	Prbm	Prbg.g_00829	Prbm.g_00053
OG0000129	Praj	Prbg.g_00829	Praj.g_00048
OG0000129	Prbb	Prbg.g_00829	Prbb.g_00059
OG0000129	Prah	Prbg.g_00829	Prah.g_02486
OG0000129	Praf	Prbg.g_00829	Praf.g_02652
OG0000129	Prbj	Prbg.g_00829	Prbj.g_01951
OG0000129	Prbk	Prbg.g_00829	Prbk.g_02156
OG0000129	Prbl	Prbg.g_00829	Prbl.g_02243
OG0000129	Syag	Prbg.g_00829	Syag.g_02121
OG0000129	Syaq	Prbg.g_00829	Syaq.g_01269
OG0000129	Syak	Prbg.g_00829	Syak.g_01947
OG0000129	Syab	Prbg.g_00829	Syab.g_02749
OG0000129	Syal	Prbg.g_00829	Syal.g_01062
OG0000129	Syae	Prbg.g_00829	Syae.g_01562
OG0000129	Syad	Prbg.g_00829	Syad.g_03028
OG0000129	Syaj	Prbg.g_00829	Syaj.g_02106
OG0000129	Syaf	Prbg.g_00829	Syaf.g_00651
OG0000129	Syai	Prbg.g_00829	Syai.g_02771
OG0000129	Syam	Prbg.g_00829	Syam.g_02307
OG0000129	Syaa	Prbg.g_00829	Syaa.g_02586
OG0000129	Syac	Prbg.g_00829	Syac.g_02349
OG0000129	Syah	Prbg.g_00829	Syah.g_00516
OG0000129	Syar	Prbg.g_00829	Syar.g_00324
OG0000129	Syap	Prbg.g_00829	Syap.g_00130, Syap.g_00129
OG0000129	Syao	Prbg.g_00829	Syao.g_02434
OG0000129	Syan	Prbg.g_00829	Syan.g_01563
OG0000129	Syat	Prbg.g_00829	Syat.g_02693, Syat.g_02694
OG0000129	Syas	Prbg.g_00829	Syas.g_01880
OG0000129	Pral	Prbg.g_00829	Pral.g_01000
OG0000129	Prat	Prbg.g_00829	Prat.g_00047
OG0000129	Pram	Prbg.g_00829	Pram.g_00029
OG0000129	Prbh	Prbg.g_00829	Prbh.g_00738
OG0000129	Prak	Prbg.g_00829	Prak.g_00045
OG0000129	Prap	Prbg.g_00829	Prap.g_00910
OG0000129	Prbe	Prbg.g_00829	Prbe.g_00145
OG0000129	Prbf	Prbg.g_00829	Prbf.g_01367
OG0000129	Prbn	Prbg.g_00829	Prbn.g_00737
OG0000130	Prab	Prbg.g_00800	Prab.g_00061
OG0000130	Pran	Prbg.g_00800	Pran.g_00363
OG0000130	Prai	Prbg.g_00800	Prai.g_00069
OG0000130	Prav	Prbg.g_00800	Prav.g_00134
OG0000130	Prac	Prbg.g_00800	Prac.g_01862
OG0000130	Praq	Prbg.g_00800	Praq.g_01934
OG0000130	Prar	Prbg.g_00800	Prar.g_00549
OG0000130	Prag	Prbg.g_00800	Prag.g_00063
OG0000130	Praw	Prbg.g_00800	Praw.g_01365
OG0000130	Prad	Prbg.g_00800	Prad.g_01924
OG0000130	Prbi	Prbg.g_00800	Prbi.g_00076
OG0000130	Prao	Prbg.g_00800	Prao.g_00208
OG0000130	Prax	Prbg.g_00800	Prax.g_00640
OG0000130	Praa	Prbg.g_00800	Praa.g_00069
OG0000130	Prae	Prbg.g_00800	Prae.g_00069
OG0000130	Prbd	Prbg.g_00800	Prbd.g_01175
OG0000130	Pras	Prbg.g_00800	Pras.g_00921
OG0000130	Prau	Prbg.g_00800	Prau.g_00071
OG0000130	Pray	Prbg.g_00800	Pray.g_00220
OG0000130	Praz	Prbg.g_00800	Praz.g_00429
OG0000130	Prba	Prbg.g_00800	Prba.g_01857
OG0000130	Prbm	Prbg.g_00800	Prbm.g_00126
OG0000130	Prbb	Prbg.g_00800	Prbb.g_00124
OG0000130	Praj	Prbg.g_00800	Praj.g_00107
OG0000130	Prbc	Prbg.g_00800	Prbc.g_00504
OG0000130	Prbj	Prbg.g_00800	Prbj.g_00564
OG0000130	Prbk	Prbg.g_00800	Prbk.g_01320
OG0000130	Prbl	Prbg.g_00800	Prbl.g_00608
OG0000130	Praf	Prbg.g_00800	Praf.g_00321
OG0000130	Prah	Prbg.g_00800	Prah.g_01838
OG0000130	Syak	Prbg.g_00800	Syak.g_02255
OG0000130	Syab	Prbg.g_00800	Syab.g_02434
OG0000130	Syal	Prbg.g_00800	Syal.g_00751
OG0000130	Syag	Prbg.g_00800	Syag.g_01819
OG0000130	Syaq	Prbg.g_00800	Syaq.g_01559
OG0000130	Syat	Prbg.g_00800	Syat.g_01469
OG0000130	Syar	Prbg.g_00800	Syar.g_03040
OG0000130	Syas	Prbg.g_00800	Syas.g_02522
OG0000130	Syap	Prbg.g_00800	Syap.g_01688, Syap.g_01689
OG0000130	Syao	Prbg.g_00800	Syao.g_02617
OG0000130	Syan	Prbg.g_00800	Syan.g_02906, Syan.g_02907
OG0000130	Syad	Prbg.g_00800	Syad.g_02728
OG0000130	Syaj	Prbg.g_00800	Syaj.g_01818
OG0000130	Syae	Prbg.g_00800	Syae.g_01284
OG0000130	Syaa	Prbg.g_00800	Syaa.g_00354
OG0000130	Syac	Prbg.g_00800	Syac.g_00450
OG0000130	Syah	Prbg.g_00800	Syah.g_02483
OG0000130	Syai	Prbg.g_00800	Syai.g_02474
OG0000130	Syaf	Prbg.g_00800	Syaf.g_00963
OG0000130	Syam	Prbg.g_00800	Syam.g_02062
OG0000130	Pral	Prbg.g_00800	Pral.g_00978
OG0000130	Prat	Prbg.g_00800	Prat.g_00066
OG0000130	Pram	Prbg.g_00800	Pram.g_00054
OG0000130	Prbh	Prbg.g_00800	Prbh.g_00713
OG0000130	Prak	Prbg.g_00800	Prak.g_00074
OG0000130	Prap	Prbg.g_00800	Prap.g_00881
OG0000130	Prbe	Prbg.g_00800	Prbe.g_00174
OG0000130	Prbf	Prbg.g_00800	Prbf.g_01396
OG0000130	Prbn	Prbg.g_00800	Prbn.g_00708
OG0000131	Pray	Prbg.g_00922	Pray.g_00144
OG0000131	Praz	Prbg.g_00922	Praz.g_00505
OG0000131	Prba	Prbg.g_00922	Prba.g_01933
OG0000131	Prav	Prbg.g_00922	Prav.g_00212
OG0000131	Praa	Prbg.g_00922	Praa.g_00145
OG0000131	Prae	Prbg.g_00922	Prae.g_00148
OG0000131	Prax	Prbg.g_00922	Prax.g_01073
OG0000131	Prbd	Prbg.g_00922	Prbd.g_01095
OG0000131	Prad	Prbg.g_00922	Prad.g_01846
OG0000131	Prbi	Prbg.g_00922	Prbi.g_00169
OG0000131	Pras	Prbg.g_00922	Pras.g_00996
OG0000131	Prau	Prbg.g_00922	Prau.g_00146
OG0000131	Prac	Prbg.g_00922	Prac.g_01785
OG0000131	Praq	Prbg.g_00922	Praq.g_01857
OG0000131	Prar	Prbg.g_00922	Prar.g_00182
OG0000131	Prao	Prbg.g_00922	Prao.g_00283
OG0000131	Prag	Prbg.g_00922	Prag.g_00138
OG0000131	Praw	Prbg.g_00922	Praw.g_01290
OG0000131	Prai	Prbg.g_00922	Prai.g_00156
OG0000131	Prab	Prbg.g_00922	Prab.g_00136
OG0000131	Pran	Prbg.g_00922	Pran.g_00288
OG0000131	Prbm	Prbg.g_00922	Prbm.g_00204
OG0000131	Prbb	Prbg.g_00922	Prbb.g_00202
OG0000131	Praj	Prbg.g_00922	Praj.g_00185
OG0000131	Prbc	Prbg.g_00922	Prbc.g_00426
OG0000131	Syar	Prbg.g_00922	Syar.g_02216, Syar.g_00078
OG0000131	Praf	Prbg.g_00922	Praf.g_02432
OG0000131	Prah	Prbg.g_00922	Prah.g_02282
OG0000131	Prbj	Prbg.g_00922	Prbj.g_00543
OG0000131	Prbk	Prbg.g_00922	Prbk.g_00751
OG0000131	Prbl	Prbg.g_00922	Prbl.g_00303
OG0000131	Syan	Prbg.g_00922	Syan.g_03008
OG0000131	Syao	Prbg.g_00922	Syao.g_02480
OG0000131	Syas	Prbg.g_00922	Syas.g_02367
OG0000131	Syap	Prbg.g_00922	Syap.g_02189
OG0000131	Syat	Prbg.g_00922	Syat.g_02898
OG0000131	Syak	Prbg.g_00922	Syak.g_02128
OG0000131	Syaq	Prbg.g_00922	Syaq.g_01427, Syaq.g_01424
OG0000131	Syag	Prbg.g_00922	Syag.g_01951
OG0000131	Syab	Prbg.g_00922	Syab.g_02564
OG0000131	Syal	Prbg.g_00922	Syal.g_00886
OG0000131	Syae	Prbg.g_00922	Syae.g_01428
OG0000131	Syad	Prbg.g_00922	Syad.g_02876
OG0000131	Syaj	Prbg.g_00922	Syaj.g_01964
OG0000131	Syac	Prbg.g_00922	Syac.g_00330
OG0000131	Syah	Prbg.g_00922	Syah.g_00052
OG0000131	Syaa	Prbg.g_00922	Syaa.g_02448
OG0000131	Syam	Prbg.g_00922	Syam.g_02191
OG0000131	Syaf	Prbg.g_00922	Syaf.g_00833
OG0000131	Syai	Prbg.g_00922	Syai.g_02608
OG0000131	Pral	Prbg.g_00922	Pral.g_00900
OG0000131	Prat	Prbg.g_00922	Prat.g_00144
OG0000131	Pram	Prbg.g_00922	Pram.g_00130
OG0000131	Prbh	Prbg.g_00922	Prbh.g_00637
OG0000131	Prak	Prbg.g_00922	Prak.g_00156
OG0000131	Prap	Prbg.g_00922	Prap.g_01026
OG0000131	Prbe	Prbg.g_00922	Prbe.g_01692
OG0000131	Prbf	Prbg.g_00922	Prbf.g_01478
OG0000131	Prbn	Prbg.g_00922	Prbn.g_01269
OG0000132	Pras	Prbg.g_00942	Pras.g_01015
OG0000132	Prau	Prbg.g_00942	Prau.g_00165
OG0000132	Prbi	Prbg.g_00942	Prbi.g_00188
OG0000132	Praa	Prbg.g_00942	Praa.g_00164
OG0000132	Prax	Prbg.g_00942	Prax.g_01054
OG0000132	Prae	Prbg.g_00942	Prae.g_00167
OG0000132	Prao	Prbg.g_00942	Prao.g_00302
OG0000132	Prac	Prbg.g_00942	Prac.g_01766
OG0000132	Praq	Prbg.g_00942	Praq.g_01838
OG0000132	Prar	Prbg.g_00942	Prar.g_00163
OG0000132	Prav	Prbg.g_00942	Prav.g_00874
OG0000132	Prag	Prbg.g_00942	Prag.g_00157
OG0000132	Praw	Prbg.g_00942	Praw.g_01271
OG0000132	Prad	Prbg.g_00942	Prad.g_01827
OG0000132	Pray	Prbg.g_00942	Pray.g_00645
OG0000132	Praz	Prbg.g_00942	Praz.g_00524
OG0000132	Prba	Prbg.g_00942	Prba.g_01952
OG0000132	Prab	Prbg.g_00942	Prab.g_00155
OG0000132	Pran	Prbg.g_00942	Pran.g_00268
OG0000132	Prai	Prbg.g_00942	Prai.g_00175
OG0000132	Prbd	Prbg.g_00942	Prbd.g_01076
OG0000132	Syaj	Prbg.g_00942	Syaj.g_00688, Syaj.g_01984
OG0000132	Syaq	Prbg.g_00942	Syaq.g_01036, Syaq.g_01404
OG0000132	Syab	Prbg.g_00942	Syab.g_02584
OG0000132	Syal	Prbg.g_00942	Syal.g_00906
OG0000132	Syak	Prbg.g_00942	Syak.g_02108
OG0000132	Syag	Prbg.g_00942	Syag.g_01972
OG0000132	Prbj	Prbg.g_00942	Prbj.g_00523
OG0000132	Prbk	Prbg.g_00942	Prbk.g_00771
OG0000132	Prbl	Prbg.g_00942	Prbl.g_00283
OG0000132	Praf	Prbg.g_00942	Praf.g_02452
OG0000132	Prah	Prbg.g_00942	Prah.g_02302
OG0000132	Syas	Prbg.g_00942	Syas.g_02334
OG0000132	Syap	Prbg.g_00942	Syap.g_01205
OG0000132	Syan	Prbg.g_00942	Syan.g_03029
OG0000132	Syao	Prbg.g_00942	Syao.g_02501
OG0000132	Syar	Prbg.g_00942	Syar.g_00099
OG0000132	Syat	Prbg.g_00942	Syat.g_02864
OG0000132	Syaf	Prbg.g_00942	Syaf.g_00813
OG0000132	Syai	Prbg.g_00942	Syai.g_02628
OG0000132	Syam	Prbg.g_00942	Syam.g_02211
OG0000132	Syac	Prbg.g_00942	Syac.g_00310
OG0000132	Syah	Prbg.g_00942	Syah.g_00072
OG0000132	Syaa	Prbg.g_00942	Syaa.g_02472
OG0000132	Syae	Prbg.g_00942	Syae.g_01447
OG0000132	Syad	Prbg.g_00942	Syad.g_02897
OG0000132	Prbb	Prbg.g_00942	Prbb.g_00221
OG0000132	Prbc	Prbg.g_00942	Prbc.g_00407
OG0000132	Praj	Prbg.g_00942	Praj.g_00204
OG0000132	Prbm	Prbg.g_00942	Prbm.g_00223
OG0000132	Pral	Prbg.g_00942	Pral.g_00880
OG0000132	Prat	Prbg.g_00942	Prat.g_00164
OG0000132	Pram	Prbg.g_00942	Pram.g_00149
OG0000132	Prbh	Prbg.g_00942	Prbh.g_00618
OG0000132	Prak	Prbg.g_00942	Prak.g_00176
OG0000132	Prbe	Prbg.g_00942	Prbe.g_01712
OG0000132	Prbf	Prbg.g_00942	Prbf.g_01498
OG0000132	Prap	Prbg.g_00942	Prap.g_01006
OG0000132	Prbn	Prbg.g_00942	Prbn.g_01249
OG0000133	Prbm	Prbg.g_00100	Prbm.g_00377
OG0000133	Prbc	Prbg.g_00100	Prbc.g_01214
OG0000133	Praj	Prbg.g_00100	Praj.g_00357
OG0000133	Prbb	Prbg.g_00100	Prbb.g_00373
OG0000133	Prab	Prbg.g_00100	Prab.g_00310
OG0000133	Pran	Prbg.g_00100	Pran.g_01872
OG0000133	Prai	Prbg.g_00100	Prai.g_00335
OG0000133	Prbd	Prbg.g_00100	Prbd.g_00917
OG0000133	Prao	Prbg.g_00100	Prao.g_00458
OG0000133	Prae	Prbg.g_00100	Prae.g_00323
OG0000133	Prag	Prbg.g_00100	Prag.g_00313
OG0000133	Praw	Prbg.g_00100	Praw.g_00812
OG0000133	Prad	Prbg.g_00100	Prad.g_01669
OG0000133	Prac	Prbg.g_00100	Prac.g_01609
OG0000133	Praq	Prbg.g_00100	Praq.g_01680
OG0000133	Prar	Prbg.g_00100	Prar.g_00265
OG0000133	Pray	Prbg.g_00100	Pray.g_00800
OG0000133	Praz	Prbg.g_00100	Praz.g_00679
OG0000133	Prba	Prbg.g_00100	Prba.g_00538
OG0000133	Pras	Prbg.g_00100	Pras.g_01174
OG0000133	Prau	Prbg.g_00100	Prau.g_00324
OG0000133	Prav	Prbg.g_00100	Prav.g_01968
OG0000133	Prax	Prbg.g_00100	Prax.g_00853, Prax.g_00852, Prax.g_01783
OG0000133	Praa	Prbg.g_00100	Praa.g_00322
OG0000133	Prbi	Prbg.g_00100	Prbi.g_00346
OG0000133	Prah	Prbg.g_00100	Prah.g_02187
OG0000133	Praf	Prbg.g_00100	Praf.g_02336
OG0000133	Prbj	Prbg.g_00100	Prbj.g_01460
OG0000133	Prbk	Prbg.g_00100	Prbk.g_00472
OG0000133	Prbl	Prbg.g_00100	Prbl.g_00897
OG0000133	Syan	Prbg.g_00100	Syan.g_00561
OG0000133	Syao	Prbg.g_00100	Syao.g_00678
OG0000133	Syag	Prbg.g_00100	Syag.g_00806
OG0000133	Syak	Prbg.g_00100	Syak.g_00507
OG0000133	Syaq	Prbg.g_00100	Syaq.g_02481
OG0000133	Syab	Prbg.g_00100	Syab.g_01387
OG0000133	Syal	Prbg.g_00100	Syal.g_01995
OG0000133	Syaa	Prbg.g_00100	Syaa.g_01361
OG0000133	Syac	Prbg.g_00100	Syac.g_01178
OG0000133	Syah	Prbg.g_00100	Syah.g_01618
OG0000133	Syai	Prbg.g_00100	Syai.g_01507
OG0000133	Syaf	Prbg.g_00100	Syaf.g_01857
OG0000133	Syam	Prbg.g_00100	Syam.g_01120
OG0000133	Syae	Prbg.g_00100	Syae.g_00356
OG0000133	Syad	Prbg.g_00100	Syad.g_01761
OG0000133	Syaj	Prbg.g_00100	Syaj.g_00902
OG0000133	Syar	Prbg.g_00100	Syar.g_02543
OG0000133	Syas	Prbg.g_00100	Syas.g_00457
OG0000133	Syap	Prbg.g_00100	Syap.g_02017
OG0000133	Syat	Prbg.g_00100	Syat.g_00588
OG0000133	Pral	Prbg.g_00100	Pral.g_00717
OG0000133	Prat	Prbg.g_00100	Prat.g_00329
OG0000133	Pram	Prbg.g_00100	Pram.g_00310
OG0000133	Prbh	Prbg.g_00100	Prbh.g_00457
OG0000133	Prak	Prbg.g_00100	Prak.g_00339
OG0000133	Prap	Prbg.g_00100	Prap.g_01389
OG0000133	Prbe	Prbg.g_00100	Prbe.g_01875
OG0000133	Prbf	Prbg.g_00100	Prbf.g_01661
OG0000133	Prbn	Prbg.g_00100	Prbn.g_00088
OG0000134	Pram	Prbg.g_00139	Pram.g_00354
OG0000134	Prbh	Prbg.g_00139	Prbh.g_00413
OG0000134	Prab	Prbg.g_00139	Prab.g_00344
OG0000134	Pran	Prbg.g_00139	Pran.g_01838
OG0000134	Prai	Prbg.g_00139	Prai.g_00369
OG0000134	Prag	Prbg.g_00139	Prag.g_00351
OG0000134	Praw	Prbg.g_00139	Praw.g_00775
OG0000134	Prav	Prbg.g_00139	Prav.g_00976
OG0000134	Pras	Prbg.g_00139	Pras.g_01210
OG0000134	Prau	Prbg.g_00139	Prau.g_00359
OG0000134	Prac	Prbg.g_00139	Prac.g_01177
OG0000134	Prar	Prbg.g_00139	Prar.g_00417
OG0000134	Praq	Prbg.g_00139	Praq.g_01187
OG0000134	Prbi	Prbg.g_00139	Prbi.g_00381
OG0000134	Prae	Prbg.g_00139	Prae.g_00356
OG0000134	Prax	Prbg.g_00139	Prax.g_00816, Prax.g_01573
OG0000134	Prbd	Prbg.g_00139	Prbd.g_00882
OG0000134	Praa	Prbg.g_00139	Praa.g_00356
OG0000134	Prao	Prbg.g_00139	Prao.g_00491
OG0000134	Prad	Prbg.g_00139	Prad.g_00754
OG0000134	Pray	Prbg.g_00139	Pray.g_00835
OG0000134	Praz	Prbg.g_00139	Praz.g_00817
OG0000134	Prba	Prbg.g_00139	Prba.g_00851
OG0000134	Pral	Prbg.g_00139	Pral.g_00674
OG0000134	Prat	Prbg.g_00139	Prat.g_00372
OG0000134	Prbm	Prbg.g_00139	Prbm.g_00425
OG0000134	Prbb	Prbg.g_00139	Prbb.g_00418
OG0000134	Praj	Prbg.g_00139	Praj.g_00405
OG0000134	Prbc	Prbg.g_00139	Prbc.g_01270
OG0000134	Prah	Prbg.g_00139	Prah.g_00208
OG0000134	Praf	Prbg.g_00139	Praf.g_02012
OG0000134	Prbj	Prbg.g_00139	Prbj.g_00067
OG0000134	Prbk	Prbg.g_00139	Prbk.g_00361
OG0000134	Prbl	Prbg.g_00139	Prbl.g_02677
OG0000134	Syan	Prbg.g_00139	Syan.g_02319
OG0000134	Syao	Prbg.g_00139	Syao.g_01719
OG0000134	Syat	Prbg.g_00139	Syat.g_02956
OG0000134	Syap	Prbg.g_00139	Syap.g_02047
OG0000134	Syas	Prbg.g_00139	Syas.g_01509
OG0000134	Syar	Prbg.g_00139	Syar.g_02009, Syar.g_01165
OG0000134	Syaa	Prbg.g_00139	Syaa.g_02146
OG0000134	Syad	Prbg.g_00139	Syad.g_00788
OG0000134	Syaj	Prbg.g_00139	Syaj.g_02832
OG0000134	Syae	Prbg.g_00139	Syae.g_02222
OG0000134	Syac	Prbg.g_00139	Syac.g_01985
OG0000134	Syah	Prbg.g_00139	Syah.g_00891
OG0000134	Syaf	Prbg.g_00139	Syaf.g_02804
OG0000134	Syai	Prbg.g_00139	Syai.g_00520
OG0000134	Syam	Prbg.g_00139	Syam.g_00492
OG0000134	Syaq	Prbg.g_00139	Syaq.g_00526
OG0000134	Syab	Prbg.g_00139	Syab.g_00554
OG0000134	Syal	Prbg.g_00139	Syal.g_00552
OG0000134	Syak	Prbg.g_00139	Syak.g_01212
OG0000134	Syag	Prbg.g_00139	Syag.g_00008
OG0000134	Prak	Prbg.g_00139	Prak.g_00381
OG0000134	Prap	Prbg.g_00139	Prap.g_01347
OG0000134	Prbe	Prbg.g_00139	Prbe.g_01917
OG0000134	Prbf	Prbg.g_00139	Prbf.g_01703
OG0000134	Prbn	Prbg.g_00139	Prbn.g_00694
OG0000135	Prab	Prbg.g_00459	Prab.g_00371
OG0000135	Pran	Prbg.g_00459	Pran.g_01812
OG0000135	Prai	Prbg.g_00459	Prai.g_00393
OG0000135	Prav	Prbg.g_00459	Prav.g_00999
OG0000135	Prac	Prbg.g_00459	Prac.g_01150
OG0000135	Praq	Prbg.g_00459	Praq.g_01160
OG0000135	Prar	Prbg.g_00459	Prar.g_00444
OG0000135	Prag	Prbg.g_00459	Prag.g_00375
OG0000135	Praw	Prbg.g_00459	Praw.g_00751
OG0000135	Praa	Prbg.g_00459	Praa.g_00381
OG0000135	Prad	Prbg.g_00459	Prad.g_00727
OG0000135	Prau	Prbg.g_00459	Prau.g_00386
OG0000135	Prax	Prbg.g_00459	Prax.g_00792
OG0000135	Prbi	Prbg.g_00459	Prbi.g_00407
OG0000135	Prao	Prbg.g_00459	Prao.g_00516
OG0000135	Pras	Prbg.g_00459	Pras.g_01236
OG0000135	Prbd	Prbg.g_00459	Prbd.g_00855
OG0000135	Prae	Prbg.g_00459	Prae.g_00382
OG0000135	Pray	Prbg.g_00459	Pray.g_00861
OG0000135	Praz	Prbg.g_00459	Praz.g_00791
OG0000135	Prba	Prbg.g_00459	Prba.g_00877
OG0000135	Syab	Prbg.g_00459	Syab.g_02815
OG0000135	Syac	Prbg.g_00459	Syac.g_02398
OG0000135	Syah	Prbg.g_00459	Syah.g_00465
OG0000135	Praf	Prbg.g_00459	Praf.g_02705, Praf.g_02715
OG0000135	Syag	Prbg.g_00459	Syag.g_02171
OG0000135	Syak	Prbg.g_00459	Syak.g_01897
OG0000135	Syaq	Prbg.g_00459	Syaq.g_01227
OG0000135	Syal	Prbg.g_00459	Syal.g_01119
OG0000135	Prbj	Prbg.g_00459	Prbj.g_02004
OG0000135	Prbk	Prbg.g_00459	Prbk.g_02209
OG0000135	Prbl	Prbg.g_00459	Prbl.g_02190
OG0000135	Syae	Prbg.g_00459	Syae.g_01608
OG0000135	Syad	Prbg.g_00459	Syad.g_00063
OG0000135	Syaj	Prbg.g_00459	Syaj.g_02167
OG0000135	Syaa	Prbg.g_00459	Syaa.g_02649
OG0000135	Syaf	Prbg.g_00459	Syaf.g_00605
OG0000135	Syai	Prbg.g_00459	Syai.g_02826
OG0000135	Syam	Prbg.g_00459	Syam.g_02347
OG0000135	Syar	Prbg.g_00459	Syar.g_00698
OG0000135	Syas	Prbg.g_00459	Syas.g_01938
OG0000135	Syan	Prbg.g_00459	Syan.g_01616
OG0000135	Syap	Prbg.g_00459	Syap.g_02090
OG0000135	Syat	Prbg.g_00459	Syat.g_02501
OG0000135	Prah	Prbg.g_00459	Prah.g_02538
OG0000135	Syao	Prbg.g_00459	Syao.g_00147
OG0000135	Pral	Prbg.g_00459	Pral.g_01034
OG0000135	Prat	Prbg.g_00459	Prat.g_01477
OG0000135	Pram	Prbg.g_00459	Pram.g_01589
OG0000135	Prbh	Prbg.g_00459	Prbh.g_01825
OG0000135	Prbm	Prbg.g_00459	Prbm.g_01389
OG0000135	Prbc	Prbg.g_00459	Prbc.g_02198, Prbc.g_02183
OG0000135	Praj	Prbg.g_00459	Praj.g_01279
OG0000135	Prbb	Prbg.g_00459	Prbb.g_01326
OG0000135	Prak	Prbg.g_00459	Prak.g_01259
OG0000135	Prap	Prbg.g_00459	Prap.g_00543
OG0000135	Prbe	Prbg.g_00459	Prbe.g_00911
OG0000135	Prbf	Prbg.g_00459	Prbf.g_00044
OG0000135	Prbn	Prbg.g_00459	Prbn.g_01102
OG0000136	Prav	Prbg.g_00161	Prav.g_01040
OG0000136	Prbd	Prbg.g_00161	Prbd.g_01722, Prbd.g_00801
OG0000136	Prac	Prbg.g_00161	Prac.g_01106
OG0000136	Praq	Prbg.g_00161	Praq.g_01116
OG0000136	Prar	Prbg.g_00161	Prar.g_00489
OG0000136	Prag	Prbg.g_00161	Prag.g_00420
OG0000136	Praw	Prbg.g_00161	Praw.g_00706
OG0000136	Praa	Prbg.g_00161	Praa.g_00440
OG0000136	Prad	Prbg.g_00161	Prad.g_00066
OG0000136	Prae	Prbg.g_00161	Prae.g_00415
OG0000136	Prao	Prbg.g_00161	Prao.g_00545
OG0000136	Pray	Prbg.g_00161	Pray.g_00931
OG0000136	Praz	Prbg.g_00161	Praz.g_01887
OG0000136	Prba	Prbg.g_00161	Prba.g_01020
OG0000136	Prax	Prbg.g_00161	Prax.g_00759
OG0000136	Pras	Prbg.g_00161	Pras.g_01319
OG0000136	Prau	Prbg.g_00161	Prau.g_00482
OG0000136	Prbi	Prbg.g_00161	Prbi.g_00442
OG0000136	Prab	Prbg.g_00161	Prab.g_00444
OG0000136	Pran	Prbg.g_00161	Pran.g_01739
OG0000136	Prai	Prbg.g_00161	Prai.g_00472
OG0000136	Prbm	Prbg.g_00161	Prbm.g_00451
OG0000136	Prbc	Prbg.g_00161	Prbc.g_01502
OG0000136	Prbb	Prbg.g_00161	Prbb.g_00446
OG0000136	Praj	Prbg.g_00161	Praj.g_00435
OG0000136	Prbj	Prbg.g_00161	Prbj.g_00105
OG0000136	Prbk	Prbg.g_00161	Prbk.g_00323
OG0000136	Prbl	Prbg.g_00161	Prbl.g_00647
OG0000136	Praf	Prbg.g_00161	Praf.g_01984
OG0000136	Prah	Prbg.g_00161	Prah.g_00235
OG0000136	Syad	Prbg.g_00161	Syad.g_02445
OG0000136	Syaj	Prbg.g_00161	Syaj.g_01550
OG0000136	Syam	Prbg.g_00161	Syam.g_01857
OG0000136	Syai	Prbg.g_00161	Syai.g_02217
OG0000136	Syaf	Prbg.g_00161	Syaf.g_01224
OG0000136	Syac	Prbg.g_00161	Syac.g_00701
OG0000136	Syah	Prbg.g_00161	Syah.g_02227
OG0000136	Syae	Prbg.g_00161	Syae.g_00989
OG0000136	Syaa	Prbg.g_00161	Syaa.g_00708
OG0000136	Syaq	Prbg.g_00161	Syaq.g_00496
OG0000136	Syag	Prbg.g_00161	Syag.g_00038
OG0000136	Syab	Prbg.g_00161	Syab.g_00588
OG0000136	Syal	Prbg.g_00161	Syal.g_00520
OG0000136	Syak	Prbg.g_00161	Syak.g_01186
OG0000136	Syar	Prbg.g_00161	Syar.g_02874
OG0000136	Syap	Prbg.g_00161	Syap.g_00089
OG0000136	Syat	Prbg.g_00161	Syat.g_01292
OG0000136	Syan	Prbg.g_00161	Syan.g_01342
OG0000136	Syao	Prbg.g_00161	Syao.g_01614, Syao.g_01613
OG0000136	Syas	Prbg.g_00161	Syas.g_02740
OG0000136	Pral	Prbg.g_00161	Pral.g_00653
OG0000136	Prat	Prbg.g_00161	Prat.g_00401
OG0000136	Pram	Prbg.g_00161	Pram.g_00376
OG0000136	Prbh	Prbg.g_00161	Prbh.g_00391
OG0000136	Prak	Prbg.g_00161	Prak.g_00403
OG0000136	Prap	Prbg.g_00161	Prap.g_01325
OG0000136	Prbe	Prbg.g_00161	Prbe.g_01939
OG0000136	Prbf	Prbg.g_00161	Prbf.g_01725
OG0000136	Prbn	Prbg.g_00161	Prbn.g_00672
OG0000137	Praj	Prbg.g_00194	Praj.g_00467
OG0000137	Prbm	Prbg.g_00194	Prbm.g_00500
OG0000137	Prbb	Prbg.g_00194	Prbb.g_00478
OG0000137	Prbc	Prbg.g_00194	Prbc.g_01534
OG0000137	Prai	Prbg.g_00194	Prai.g_00505
OG0000137	Prab	Prbg.g_00194	Prab.g_00479
OG0000137	Pran	Prbg.g_00194	Pran.g_01703
OG0000137	Prav	Prbg.g_00194	Prav.g_01073
OG0000137	Prbd	Prbg.g_00194	Prbd.g_00767
OG0000137	Pray	Prbg.g_00194	Pray.g_00965
OG0000137	Praz	Prbg.g_00194	Praz.g_01853
OG0000137	Prba	Prbg.g_00194	Prba.g_00986
OG0000137	Prag	Prbg.g_00194	Prag.g_00454
OG0000137	Praw	Prbg.g_00194	Praw.g_00672
OG0000137	Prae	Prbg.g_00194	Prae.g_00449
OG0000137	Prax	Prbg.g_00194	Prax.g_00727
OG0000137	Prao	Prbg.g_00194	Prao.g_00581
OG0000137	Pras	Prbg.g_00194	Pras.g_01353
OG0000137	Prau	Prbg.g_00194	Prau.g_00516
OG0000137	Prbi	Prbg.g_00194	Prbi.g_00478
OG0000137	Prad	Prbg.g_00194	Prad.g_00032
OG0000137	Praa	Prbg.g_00194	Praa.g_00475
OG0000137	Prac	Prbg.g_00194	Prac.g_01069
OG0000137	Praq	Prbg.g_00194	Praq.g_00526
OG0000137	Prar	Prbg.g_00194	Prar.g_00525
OG0000137	Prat	Prbg.g_00194	Prat.g_00434
OG0000137	Prbj	Prbg.g_00194	Prbj.g_00128
OG0000137	Prbk	Prbg.g_00194	Prbk.g_02113
OG0000137	Prbl	Prbg.g_00194	Prbl.g_01340
OG0000137	Praf	Prbg.g_00194	Praf.g_01907
OG0000137	Prah	Prbg.g_00194	Prah.g_00312
OG0000137	Syag	Prbg.g_00194	Syag.g_01356
OG0000137	Syaq	Prbg.g_00194	Syaq.g_00442
OG0000137	Syad	Prbg.g_00194	Syad.g_02353
OG0000137	Syaj	Prbg.g_00194	Syaj.g_01444
OG0000137	Syar	Prbg.g_00194	Syar.g_01273
OG0000137	Syas	Prbg.g_00194	Syas.g_01333
OG0000137	Syap	Prbg.g_00194	Syap.g_02756
OG0000137	Syat	Prbg.g_00194	Syat.g_01371
OG0000137	Syan	Prbg.g_00194	Syan.g_02846
OG0000137	Syao	Prbg.g_00194	Syao.g_02682
OG0000137	Syac	Prbg.g_00194	Syac.g_01700
OG0000137	Syah	Prbg.g_00194	Syah.g_01221
OG0000137	Syae	Prbg.g_00194	Syae.g_02530
OG0000137	Syaa	Prbg.g_00194	Syaa.g_01842
OG0000137	Syam	Prbg.g_00194	Syam.g_01668
OG0000137	Syai	Prbg.g_00194	Syai.g_00865
OG0000137	Syaf	Prbg.g_00194	Syaf.g_02498
OG0000137	Syak	Prbg.g_00194	Syak.g_01118
OG0000137	Syab	Prbg.g_00194	Syab.g_00697
OG0000137	Syal	Prbg.g_00194	Syal.g_00463
OG0000137	Pral	Prbg.g_00194	Pral.g_00617
OG0000137	Pram	Prbg.g_00194	Pram.g_00411
OG0000137	Prbh	Prbg.g_00194	Prbh.g_00356
OG0000137	Prak	Prbg.g_00194	Prak.g_00436
OG0000137	Prap	Prbg.g_00194	Prap.g_01292
OG0000137	Prbe	Prbg.g_00194	Prbe.g_00658
OG0000137	Prbf	Prbg.g_00194	Prbf.g_01758
OG0000137	Prbn	Prbg.g_00194	Prbn.g_00639
OG0000138	Prag	Prbg.g_00214	Prag.g_00474
OG0000138	Praw	Prbg.g_00214	Praw.g_00653
OG0000138	Pray	Prbg.g_00214	Pray.g_00985
OG0000138	Praz	Prbg.g_00214	Praz.g_01833
OG0000138	Prba	Prbg.g_00214	Prba.g_00966
OG0000138	Prae	Prbg.g_00214	Prae.g_00469
OG0000138	Prbd	Prbg.g_00214	Prbd.g_00747
OG0000138	Prbi	Prbg.g_00214	Prbi.g_00498
OG0000138	Prav	Prbg.g_00214	Prav.g_01093
OG0000138	Prad	Prbg.g_00214	Prad.g_00012
OG0000138	Prab	Prbg.g_00214	Prab.g_00499
OG0000138	Pran	Prbg.g_00214	Pran.g_01683
OG0000138	Prai	Prbg.g_00214	Prai.g_00525
OG0000138	Prac	Prbg.g_00214	Prac.g_01049
OG0000138	Praq	Prbg.g_00214	Praq.g_00546
OG0000138	Prar	Prbg.g_00214	Prar.g_00545
OG0000138	Prao	Prbg.g_00214	Prao.g_00601
OG0000138	Prax	Prbg.g_00214	Prax.g_00706
OG0000138	Pras	Prbg.g_00214	Pras.g_01373
OG0000138	Prau	Prbg.g_00214	Prau.g_00536
OG0000138	Praa	Prbg.g_00214	Praa.g_00495
OG0000138	Syas	Prbg.g_00214	Syas.g_01235
OG0000138	Syar	Prbg.g_00214	Syar.g_01486
OG0000138	Syap	Prbg.g_00214	Syap.g_00278
OG0000138	Syat	Prbg.g_00214	Syat.g_03188
OG0000138	Syan	Prbg.g_00214	Syan.g_02747
OG0000138	Syao	Prbg.g_00214	Syao.g_00108
OG0000138	Praj	Prbg.g_00214	Praj.g_00487
OG0000138	Prbm	Prbg.g_00214	Prbm.g_00520
OG0000138	Prbb	Prbg.g_00214	Prbb.g_00499
OG0000138	Prbc	Prbg.g_00214	Prbc.g_01554
OG0000138	Syab	Prbg.g_00214	Syab.g_02113
OG0000138	Syal	Prbg.g_00214	Syal.g_02914
OG0000138	Syag	Prbg.g_00214	Syag.g_01511
OG0000138	Praf	Prbg.g_00214	Praf.g_00612
OG0000138	Prbj	Prbg.g_00214	Prbj.g_01613
OG0000138	Prbk	Prbg.g_00214	Prbk.g_02078
OG0000138	Prbl	Prbg.g_00214	Prbl.g_00528
OG0000138	Prah	Prbg.g_00214	Prah.g_01549
OG0000138	Syak	Prbg.g_00214	Syak.g_02591
OG0000138	Syaq	Prbg.g_00214	Syaq.g_01789
OG0000138	Syae	Prbg.g_00214	Syae.g_02325
OG0000138	Syai	Prbg.g_00214	Syai.g_00654
OG0000138	Syaf	Prbg.g_00214	Syaf.g_02705
OG0000138	Syam	Prbg.g_00214	Syam.g_00599
OG0000138	Syac	Prbg.g_00214	Syac.g_01888
OG0000138	Syah	Prbg.g_00214	Syah.g_01013
OG0000138	Syad	Prbg.g_00214	Syad.g_00920
OG0000138	Syaj	Prbg.g_00214	Syaj.g_00088
OG0000138	Syaa	Prbg.g_00214	Syaa.g_02035
OG0000138	Prat	Prbg.g_00214	Prat.g_00456
OG0000138	Pral	Prbg.g_00214	Pral.g_00595
OG0000138	Pram	Prbg.g_00214	Pram.g_00431
OG0000138	Prbh	Prbg.g_00214	Prbh.g_00336
OG0000138	Prak	Prbg.g_00214	Prak.g_00456
OG0000138	Prap	Prbg.g_00214	Prap.g_01272
OG0000138	Prbe	Prbg.g_00214	Prbe.g_00638
OG0000138	Prbf	Prbg.g_00214	Prbf.g_01778
OG0000138	Prbn	Prbg.g_00214	Prbn.g_00619
OG0000139	Prab	Prbg.g_00254	Prab.g_00541
OG0000139	Pran	Prbg.g_00254	Pran.g_01641
OG0000139	Prai	Prbg.g_00254	Prai.g_00565
OG0000139	Prad	Prbg.g_00254	Prad.g_00092
OG0000139	Prav	Prbg.g_00254	Prav.g_01135
OG0000139	Prao	Prbg.g_00254	Prao.g_01854
OG0000139	Prac	Prbg.g_00254	Prac.g_00835
OG0000139	Praq	Prbg.g_00254	Praq.g_01065
OG0000139	Prar	Prbg.g_00254	Prar.g_01367
OG0000139	Prag	Prbg.g_00254	Prag.g_00516
OG0000139	Praw	Prbg.g_00254	Praw.g_00611
OG0000139	Pray	Prbg.g_00254	Pray.g_01224
OG0000139	Praz	Prbg.g_00254	Praz.g_01791
OG0000139	Prba	Prbg.g_00254	Prba.g_00924
OG0000139	Prax	Prbg.g_00254	Prax.g_00664
OG0000139	Prbd	Prbg.g_00254	Prbd.g_00705
OG0000139	Prbi	Prbg.g_00254	Prbi.g_00540
OG0000139	Pras	Prbg.g_00254	Pras.g_01414
OG0000139	Prau	Prbg.g_00254	Prau.g_00577
OG0000139	Praa	Prbg.g_00254	Praa.g_00537
OG0000139	Prae	Prbg.g_00254	Prae.g_00512
OG0000139	Pral	Prbg.g_00254	Pral.g_00553
OG0000139	Prat	Prbg.g_00254	Prat.g_00499
OG0000139	Prbm	Prbg.g_00254	Prbm.g_00570
OG0000139	Praj	Prbg.g_00254	Praj.g_00528
OG0000139	Prbb	Prbg.g_00254	Prbb.g_00540
OG0000139	Prbc	Prbg.g_00254	Prbc.g_01616
OG0000139	Syap	Prbg.g_00254	Syap.g_00410
OG0000139	Syag	Prbg.g_00254	Syag.g_01448
OG0000139	Syaq	Prbg.g_00254	Syaq.g_01844
OG0000139	Syak	Prbg.g_00254	Syak.g_02646
OG0000139	Syab	Prbg.g_00254	Syab.g_02035
OG0000139	Syal	Prbg.g_00254	Syal.g_02832
OG0000139	Syao	Prbg.g_00254	Syao.g_01418, Syao.g_02005
OG0000139	Syaa	Prbg.g_00254	Syaa.g_01974
OG0000139	Syac	Prbg.g_00254	Syac.g_01830
OG0000139	Syah	Prbg.g_00254	Syah.g_01070
OG0000139	Syar	Prbg.g_00254	Syar.g_03245, Syar.g_02348
OG0000139	Syad	Prbg.g_00254	Syad.g_00983
OG0000139	Syaj	Prbg.g_00254	Syaj.g_00150
OG0000139	Syai	Prbg.g_00254	Syai.g_00714
OG0000139	Syaf	Prbg.g_00254	Syaf.g_02648
OG0000139	Syam	Prbg.g_00254	Syam.g_00657
OG0000139	Syan	Prbg.g_00254	Syan.g_01160
OG0000139	Syat	Prbg.g_00254	Syat.g_03276
OG0000139	Syas	Prbg.g_00254	Syas.g_00069
OG0000139	Syae	Prbg.g_00254	Syae.g_02380
OG0000139	Prbj	Prbg.g_00254	Prbj.g_02133
OG0000139	Prbk	Prbg.g_00254	Prbk.g_01086
OG0000139	Prbl	Prbg.g_00254	Prbl.g_00760
OG0000139	Praf	Prbg.g_00254	Praf.g_00666
OG0000139	Prah	Prbg.g_00254	Prah.g_01495
OG0000139	Pram	Prbg.g_00254	Pram.g_00475
OG0000139	Prbh	Prbg.g_00254	Prbh.g_00292
OG0000139	Prak	Prbg.g_00254	Prak.g_00496
OG0000139	Prap	Prbg.g_00254	Prap.g_01232
OG0000139	Prbe	Prbg.g_00254	Prbe.g_00598
OG0000139	Prbf	Prbg.g_00254	Prbf.g_01818
OG0000139	Prbn	Prbg.g_00254	Prbn.g_00579
OG0000140	Prab	Prbg.g_00255	Prab.g_00542
OG0000140	Pran	Prbg.g_00255	Pran.g_01640
OG0000140	Prai	Prbg.g_00255	Prai.g_00566
OG0000140	Pray	Prbg.g_00255	Pray.g_01223
OG0000140	Praz	Prbg.g_00255	Praz.g_01790
OG0000140	Prba	Prbg.g_00255	Prba.g_00923
OG0000140	Prbd	Prbg.g_00255	Prbd.g_00704
OG0000140	Prbi	Prbg.g_00255	Prbi.g_00541
OG0000140	Pras	Prbg.g_00255	Pras.g_01415
OG0000140	Prau	Prbg.g_00255	Prau.g_00578
OG0000140	Prav	Prbg.g_00255	Prav.g_01136
OG0000140	Prag	Prbg.g_00255	Prag.g_00517
OG0000140	Praw	Prbg.g_00255	Praw.g_00610
OG0000140	Prac	Prbg.g_00255	Prac.g_00834
OG0000140	Praq	Prbg.g_00255	Praq.g_01064
OG0000140	Prar	Prbg.g_00255	Prar.g_01368
OG0000140	Prad	Prbg.g_00255	Prad.g_00091
OG0000140	Prax	Prbg.g_00255	Prax.g_00663
OG0000140	Praa	Prbg.g_00255	Praa.g_00538
OG0000140	Prae	Prbg.g_00255	Prae.g_00513
OG0000140	Prao	Prbg.g_00255	Prao.g_01853
OG0000140	Prbm	Prbg.g_00255	Prbm.g_00571
OG0000140	Praj	Prbg.g_00255	Praj.g_00529
OG0000140	Prbc	Prbg.g_00255	Prbc.g_01617
OG0000140	Prbb	Prbg.g_00255	Prbb.g_00541
OG0000140	Pral	Prbg.g_00255	Pral.g_00552
OG0000140	Prat	Prbg.g_00255	Prat.g_00500
OG0000140	Syak	Prbg.g_00255	Syak.g_02650
OG0000140	Syab	Prbg.g_00255	Syab.g_02033
OG0000140	Syal	Prbg.g_00255	Syal.g_02830
OG0000140	Syag	Prbg.g_00255	Syag.g_01446
OG0000140	Syaq	Prbg.g_00255	Syaq.g_01848
OG0000140	Syad	Prbg.g_00255	Syad.g_00987
OG0000140	Syaj	Prbg.g_00255	Syaj.g_00153
OG0000140	Syam	Prbg.g_00255	Syam.g_00659
OG0000140	Syaf	Prbg.g_00255	Syaf.g_02646
OG0000140	Syai	Prbg.g_00255	Syai.g_00716
OG0000140	Syap	Prbg.g_00255	Syap.g_01976
OG0000140	Syar	Prbg.g_00255	Syar.g_02344, Syar.g_03246
OG0000140	Syaa	Prbg.g_00255	Syaa.g_01971
OG0000140	Syac	Prbg.g_00255	Syac.g_01829
OG0000140	Syah	Prbg.g_00255	Syah.g_01071
OG0000140	Syae	Prbg.g_00255	Syae.g_02383
OG0000140	Syat	Prbg.g_00255	Syat.g_03280
OG0000140	Syas	Prbg.g_00255	Syas.g_00090
OG0000140	Syan	Prbg.g_00255	Syan.g_00042
OG0000140	Syao	Prbg.g_00255	Syao.g_01373, Syao.g_01372
OG0000140	Prah	Prbg.g_00255	Prah.g_01489
OG0000140	Praf	Prbg.g_00255	Praf.g_00670
OG0000140	Prbj	Prbg.g_00255	Prbj.g_02139
OG0000140	Prbk	Prbg.g_00255	Prbk.g_01092
OG0000140	Prbl	Prbg.g_00255	Prbl.g_00754
OG0000140	Pram	Prbg.g_00255	Pram.g_00476
OG0000140	Prbh	Prbg.g_00255	Prbh.g_00291
OG0000140	Prak	Prbg.g_00255	Prak.g_00497
OG0000140	Prap	Prbg.g_00255	Prap.g_01231
OG0000140	Prbe	Prbg.g_00255	Prbe.g_00597
OG0000140	Prbf	Prbg.g_00255	Prbf.g_01819
OG0000140	Prbn	Prbg.g_00255	Prbn.g_00578
OG0000141	Prab	Prbg.g_00327	Prab.g_00611
OG0000141	Pran	Prbg.g_00327	Pran.g_01571
OG0000141	Prai	Prbg.g_00327	Prai.g_00635
OG0000141	Prag	Prbg.g_00327	Prag.g_00585
OG0000141	Praw	Prbg.g_00327	Praw.g_00143
OG0000141	Prav	Prbg.g_00327	Prav.g_01203
OG0000141	Prbd	Prbg.g_00327	Prbd.g_00637
OG0000141	Pray	Prbg.g_00327	Pray.g_01156
OG0000141	Praz	Prbg.g_00327	Praz.g_01723
OG0000141	Prba	Prbg.g_00327	Prba.g_01710
OG0000141	Prao	Prbg.g_00327	Prao.g_00045
OG0000141	Prax	Prbg.g_00327	Prax.g_00066
OG0000141	Prbi	Prbg.g_00327	Prbi.g_00609
OG0000141	Prae	Prbg.g_00327	Prae.g_00581
OG0000141	Praa	Prbg.g_00327	Praa.g_00607
OG0000141	Pras	Prbg.g_00327	Pras.g_01483
OG0000141	Prau	Prbg.g_00327	Prau.g_00645
OG0000141	Prad	Prbg.g_00327	Prad.g_01396
OG0000141	Prac	Prbg.g_00327	Prac.g_00764
OG0000141	Praq	Prbg.g_00327	Praq.g_00995
OG0000141	Prar	Prbg.g_00327	Prar.g_01437
OG0000141	Pral	Prbg.g_00327	Pral.g_00481
OG0000141	Prat	Prbg.g_00327	Prat.g_00570
OG0000141	Prbm	Prbg.g_00327	Prbm.g_00638
OG0000141	Praj	Prbg.g_00327	Praj.g_00595
OG0000141	Prbb	Prbg.g_00327	Prbb.g_00608
OG0000141	Prbc	Prbg.g_00327	Prbc.g_01684
OG0000141	Praf	Prbg.g_00327	Praf.g_00764
OG0000141	Prbj	Prbg.g_00327	Prbj.g_01757
OG0000141	Prbk	Prbg.g_00327	Prbk.g_01154
OG0000141	Prbl	Prbg.g_00327	Prbl.g_01751
OG0000141	Prah	Prbg.g_00327	Prah.g_01393
OG0000141	Syat	Prbg.g_00327	Syat.g_03398
OG0000141	Syap	Prbg.g_00327	Syap.g_01541, Syap.g_01542, Syap.g_01544
OG0000141	Syas	Prbg.g_00327	Syas.g_00875
OG0000141	Syar	Prbg.g_00327	Syar.g_02129
OG0000141	Syan	Prbg.g_00327	Syan.g_01032
OG0000141	Syao	Prbg.g_00327	Syao.g_01202
OG0000141	Syag	Prbg.g_00327	Syag.g_00351
OG0000141	Syaq	Prbg.g_00327	Syaq.g_02010
OG0000141	Syak	Prbg.g_00327	Syak.g_02746
OG0000141	Syab	Prbg.g_00327	Syab.g_01931
OG0000141	Syal	Prbg.g_00327	Syal.g_02738
OG0000141	Syaa	Prbg.g_00327	Syaa.g_01689
OG0000141	Syae	Prbg.g_00327	Syae.g_00016
OG0000141	Syac	Prbg.g_00327	Syac.g_00934
OG0000141	Syah	Prbg.g_00327	Syah.g_01981
OG0000141	Syai	Prbg.g_00327	Syai.g_01041
OG0000141	Syaf	Prbg.g_00327	Syaf.g_02375
OG0000141	Syam	Prbg.g_00327	Syam.g_01514
OG0000141	Syad	Prbg.g_00327	Syad.g_02208
OG0000141	Syaj	Prbg.g_00327	Syaj.g_01340
OG0000141	Pram	Prbg.g_00327	Pram.g_00545
OG0000141	Prbh	Prbg.g_00327	Prbh.g_00222
OG0000141	Prak	Prbg.g_00327	Prak.g_00569
OG0000141	Prap	Prbg.g_00327	Prap.g_01160
OG0000141	Prbe	Prbg.g_00327	Prbe.g_00526
OG0000141	Prbf	Prbg.g_00327	Prbf.g_01890
OG0000141	Prbn	Prbg.g_00327	Prbn.g_00507
OG0000142	Prab	Prbg.g_01422	Prab.g_00640
OG0000142	Pran	Prbg.g_01422	Pran.g_01543
OG0000142	Prai	Prbg.g_01422	Prai.g_00664
OG0000142	Pras	Prbg.g_01422	Pras.g_01511
OG0000142	Prau	Prbg.g_01422	Prau.g_00675
OG0000142	Prac	Prbg.g_01422	Prac.g_00736
OG0000142	Praq	Prbg.g_01422	Praq.g_00967
OG0000142	Prar	Prbg.g_01422	Prar.g_01465
OG0000142	Prav	Prbg.g_01422	Prav.g_01233
OG0000142	Prag	Prbg.g_01422	Prag.g_00613
OG0000142	Praw	Prbg.g_01422	Praw.g_01887
OG0000142	Pray	Prbg.g_01422	Pray.g_01128
OG0000142	Praz	Prbg.g_01422	Praz.g_01695
OG0000142	Prba	Prbg.g_01422	Prba.g_01682
OG0000142	Prad	Prbg.g_01422	Prad.g_01424
OG0000142	Prbd	Prbg.g_01422	Prbd.g_00609
OG0000142	Prax	Prbg.g_01422	Prax.g_00094
OG0000142	Praa	Prbg.g_01422	Praa.g_00635
OG0000142	Prae	Prbg.g_01422	Prae.g_00609
OG0000142	Prao	Prbg.g_01422	Prao.g_00074
OG0000142	Prbi	Prbg.g_01422	Prbi.g_00638
OG0000142	Prah	Prbg.g_01422	Prah.g_00501
OG0000142	Praf	Prbg.g_01422	Praf.g_01692
OG0000142	Prbj	Prbg.g_01422	Prbj.g_02573
OG0000142	Prbk	Prbg.g_01422	Prbk.g_02631
OG0000142	Prbl	Prbg.g_01422	Prbl.g_01639
OG0000142	Syab	Prbg.g_01422	Syab.g_01524, Syab.g_01873
OG0000142	Syat	Prbg.g_01422	Syat.g_00117
OG0000142	Syar	Prbg.g_01422	Syar.g_02418
OG0000142	Syan	Prbg.g_01422	Syan.g_00816
OG0000142	Syao	Prbg.g_01422	Syao.g_00894
OG0000142	Syas	Prbg.g_01422	Syas.g_00746
OG0000142	Syap	Prbg.g_01422	Syap.g_00895, Syap.g_00894
OG0000142	Syak	Prbg.g_01422	Syak.g_00035
OG0000142	Syal	Prbg.g_01422	Syal.g_02636
OG0000142	Syag	Prbg.g_01422	Syag.g_00410
OG0000142	Syaq	Prbg.g_01422	Syaq.g_02082
OG0000142	Syai	Prbg.g_01422	Syai.g_01104
OG0000142	Syaf	Prbg.g_01422	Syaf.g_02310
OG0000142	Syam	Prbg.g_01422	Syam.g_01468
OG0000142	Syae	Prbg.g_01422	Syae.g_00074
OG0000142	Syad	Prbg.g_01422	Syad.g_02152
OG0000142	Syaj	Prbg.g_01422	Syaj.g_01283
OG0000142	Syaa	Prbg.g_01422	Syaa.g_01633
OG0000142	Syac	Prbg.g_01422	Syac.g_00979
OG0000142	Syah	Prbg.g_01422	Syah.g_01935
OG0000142	Pral	Prbg.g_01422	Pral.g_01436
OG0000142	Prat	Prbg.g_01422	Prat.g_01090
OG0000142	Prbm	Prbg.g_01422	Prbm.g_00666
OG0000142	Prbc	Prbg.g_01422	Prbc.g_01712
OG0000142	Praj	Prbg.g_01422	Praj.g_00623
OG0000142	Prbb	Prbg.g_01422	Prbb.g_00636
OG0000142	Pram	Prbg.g_01422	Pram.g_01075
OG0000142	Prbh	Prbg.g_01422	Prbh.g_01218
OG0000142	Prak	Prbg.g_01422	Prak.g_01108
OG0000142	Prap	Prbg.g_01422	Prap.g_00392
OG0000142	Prbe	Prbg.g_01422	Prbe.g_01485
OG0000142	Prbf	Prbg.g_01422	Prbf.g_00982
OG0000142	Prbn	Prbg.g_01422	Prbn.g_00426
OG0000143	Prab	Prbg.g_01418	Prab.g_00644
OG0000143	Pran	Prbg.g_01418	Pran.g_01539
OG0000143	Prai	Prbg.g_01418	Prai.g_00668
OG0000143	Prao	Prbg.g_01418	Prao.g_00078
OG0000143	Praa	Prbg.g_01418	Praa.g_00639
OG0000143	Prbd	Prbg.g_01418	Prbd.g_00605
OG0000143	Prbi	Prbg.g_01418	Prbi.g_00642
OG0000143	Pras	Prbg.g_01418	Pras.g_01515
OG0000143	Prau	Prbg.g_01418	Prau.g_00679
OG0000143	Prae	Prbg.g_01418	Prae.g_00613
OG0000143	Prax	Prbg.g_01418	Prax.g_00098
OG0000143	Prad	Prbg.g_01418	Prad.g_01428
OG0000143	Prag	Prbg.g_01418	Prag.g_00617
OG0000143	Praw	Prbg.g_01418	Praw.g_01883
OG0000143	Prav	Prbg.g_01418	Prav.g_01237
OG0000143	Prac	Prbg.g_01418	Prac.g_00732
OG0000143	Praq	Prbg.g_01418	Praq.g_00963
OG0000143	Prar	Prbg.g_01418	Prar.g_01469
OG0000143	Pray	Prbg.g_01418	Pray.g_01124
OG0000143	Praz	Prbg.g_01418	Praz.g_01691
OG0000143	Prba	Prbg.g_01418	Prba.g_01678
OG0000143	Prbm	Prbg.g_01418	Prbm.g_00670
OG0000143	Praj	Prbg.g_01418	Praj.g_00627
OG0000143	Prbc	Prbg.g_01418	Prbc.g_01716
OG0000143	Prbb	Prbg.g_01418	Prbb.g_00640
OG0000143	Prbj	Prbg.g_01418	Prbj.g_02577
OG0000143	Prbk	Prbg.g_01418	Prbk.g_02635
OG0000143	Prbl	Prbg.g_01418	Prbl.g_01643
OG0000143	Praf	Prbg.g_01418	Praf.g_01696
OG0000143	Prah	Prbg.g_01418	Prah.g_00497
OG0000143	Syak	Prbg.g_01418	Syak.g_00039
OG0000143	Syab	Prbg.g_01418	Syab.g_01870
OG0000143	Syal	Prbg.g_01418	Syal.g_02632
OG0000143	Syaq	Prbg.g_01418	Syaq.g_02086
OG0000143	Syag	Prbg.g_01418	Syag.g_00414
OG0000143	Syar	Prbg.g_01418	Syar.g_02422
OG0000143	Syan	Prbg.g_01418	Syan.g_00812
OG0000143	Syao	Prbg.g_01418	Syao.g_00898
OG0000143	Syat	Prbg.g_01418	Syat.g_00130
OG0000143	Syas	Prbg.g_01418	Syas.g_00742
OG0000143	Syap	Prbg.g_01418	Syap.g_00900, Syap.g_00899, Syap.g_00901
OG0000143	Syad	Prbg.g_01418	Syad.g_02148
OG0000143	Syaj	Prbg.g_01418	Syaj.g_01279
OG0000143	Syac	Prbg.g_01418	Syac.g_00983
OG0000143	Syah	Prbg.g_01418	Syah.g_01931
OG0000143	Syaf	Prbg.g_01418	Syaf.g_02306
OG0000143	Syai	Prbg.g_01418	Syai.g_01108
OG0000143	Syam	Prbg.g_01418	Syam.g_01464
OG0000143	Syaa	Prbg.g_01418	Syaa.g_01629
OG0000143	Syae	Prbg.g_01418	Syae.g_00078
OG0000143	Pral	Prbg.g_01418	Pral.g_01440
OG0000143	Prat	Prbg.g_01418	Prat.g_01086
OG0000143	Pram	Prbg.g_01418	Pram.g_01072
OG0000143	Prbh	Prbg.g_01418	Prbh.g_01215
OG0000143	Prak	Prbg.g_01418	Prak.g_01104
OG0000143	Prap	Prbg.g_01418	Prap.g_00388
OG0000143	Prbe	Prbg.g_01418	Prbe.g_01481
OG0000143	Prbf	Prbg.g_01418	Prbf.g_00986
OG0000143	Prbn	Prbg.g_01418	Prbn.g_00430
OG0000144	Prai	Prbg.g_01404	Prai.g_00681
OG0000144	Prab	Prbg.g_01404	Prab.g_00657
OG0000144	Pran	Prbg.g_01404	Pran.g_01526
OG0000144	Prag	Prbg.g_01404	Prag.g_00630
OG0000144	Praw	Prbg.g_01404	Praw.g_01870
OG0000144	Prav	Prbg.g_01404	Prav.g_01250
OG0000144	Prau	Prbg.g_01404	Prau.g_00692
OG0000144	Pras	Prbg.g_01404	Pras.g_01528
OG0000144	Prac	Prbg.g_01404	Prac.g_00719
OG0000144	Praq	Prbg.g_01404	Praq.g_00781
OG0000144	Prar	Prbg.g_01404	Prar.g_01482
OG0000144	Praa	Prbg.g_01404	Praa.g_00652
OG0000144	Prad	Prbg.g_01404	Prad.g_01226
OG0000144	Prae	Prbg.g_01404	Prae.g_00626
OG0000144	Prbd	Prbg.g_01404	Prbd.g_00592
OG0000144	Pray	Prbg.g_01404	Pray.g_01111
OG0000144	Praz	Prbg.g_01404	Praz.g_01678
OG0000144	Prba	Prbg.g_01404	Prba.g_01665
OG0000144	Prax	Prbg.g_01404	Prax.g_00111
OG0000144	Prao	Prbg.g_01404	Prao.g_00091
OG0000144	Prbi	Prbg.g_01404	Prbi.g_00655
OG0000144	Praf	Prbg.g_01404	Praf.g_01721
OG0000144	Prah	Prbg.g_01404	Prah.g_00473
OG0000144	Prbj	Prbg.g_01404	Prbj.g_00793
OG0000144	Prbk	Prbg.g_01404	Prbk.g_00739
OG0000144	Prbl	Prbg.g_01404	Prbl.g_01042
OG0000144	Syas	Prbg.g_01404	Syas.g_00718
OG0000144	Syar	Prbg.g_01404	Syar.g_02441
OG0000144	Syat	Prbg.g_01404	Syat.g_00369
OG0000144	Syan	Prbg.g_01404	Syan.g_00782
OG0000144	Syap	Prbg.g_01404	Syap.g_02504, Syap.g_02503, Syap.g_02502, Syap.g_02772
OG0000144	Syaa	Prbg.g_01404	Syaa.g_01446
OG0000144	Syac	Prbg.g_01404	Syac.g_01090
OG0000144	Syah	Prbg.g_01404	Syah.g_01824
OG0000144	Syaf	Prbg.g_01404	Syaf.g_01735
OG0000144	Syai	Prbg.g_01404	Syai.g_01608
OG0000144	Syam	Prbg.g_01404	Syam.g_01032
OG0000144	Syak	Prbg.g_01404	Syak.g_00260
OG0000144	Syae	Prbg.g_01404	Syae.g_00261
OG0000144	Syad	Prbg.g_01404	Syad.g_02024
OG0000144	Syaj	Prbg.g_01404	Syaj.g_01151
OG0000144	Syag	Prbg.g_01404	Syag.g_00493
OG0000144	Syaq	Prbg.g_01404	Syaq.g_02152
OG0000144	Syab	Prbg.g_01404	Syab.g_01757
OG0000144	Syal	Prbg.g_01404	Syal.g_02515
OG0000144	Prbb	Prbg.g_01404	Prbb.g_00653
OG0000144	Praj	Prbg.g_01404	Praj.g_00640
OG0000144	Prbc	Prbg.g_01404	Prbc.g_01729
OG0000144	Prbm	Prbg.g_01404	Prbm.g_00683
OG0000144	Pral	Prbg.g_01404	Pral.g_01453
OG0000144	Prat	Prbg.g_01404	Prat.g_01072
OG0000144	Pram	Prbg.g_01404	Pram.g_01058
OG0000144	Prbh	Prbg.g_01404	Prbh.g_01201
OG0000144	Prak	Prbg.g_01404	Prak.g_01090
OG0000144	Prap	Prbg.g_01404	Prap.g_00374
OG0000144	Prbe	Prbg.g_01404	Prbe.g_01467
OG0000144	Prbf	Prbg.g_01404	Prbf.g_01000
OG0000144	Prbn	Prbg.g_01404	Prbn.g_00444
OG0000145	Prab	Prbg.g_00461	Prab.g_00783
OG0000145	Pran	Prbg.g_00461	Pran.g_01400
OG0000145	Prai	Prbg.g_00461	Prai.g_00883
OG0000145	Prac	Prbg.g_00461	Prac.g_01508
OG0000145	Praq	Prbg.g_00461	Praq.g_00637
OG0000145	Prar	Prbg.g_00461	Prar.g_01651
OG0000145	Prau	Prbg.g_00461	Prau.g_00816
OG0000145	Pras	Prbg.g_00461	Pras.g_01664
OG0000145	Prav	Prbg.g_00461	Prav.g_00362
OG0000145	Prao	Prbg.g_00461	Prao.g_00701
OG0000145	Pray	Prbg.g_00461	Pray.g_00306
OG0000145	Praz	Prbg.g_00461	Praz.g_01554
OG0000145	Prba	Prbg.g_00461	Prba.g_01541
OG0000145	Praa	Prbg.g_00461	Praa.g_00764
OG0000145	Prad	Prbg.g_00461	Prad.g_01107
OG0000145	Prae	Prbg.g_00461	Prae.g_00766
OG0000145	Prag	Prbg.g_00461	Prag.g_00758
OG0000145	Praw	Prbg.g_00461	Praw.g_01745
OG0000145	Prax	Prbg.g_00461	Prax.g_00413
OG0000145	Prbd	Prbg.g_00461	Prbd.g_00062
OG0000145	Prbi	Prbg.g_00461	Prbi.g_00807
OG0000145	Syae	Prbg.g_00461	Syae.g_02331
OG0000145	Syad	Prbg.g_00461	Syad.g_00927
OG0000145	Syaj	Prbg.g_00461	Syaj.g_00094
OG0000145	Syaq	Prbg.g_00461	Syaq.g_01796
OG0000145	Syan	Prbg.g_00461	Syan.g_02740
OG0000145	Syao	Prbg.g_00461	Syao.g_00102
OG0000145	Syat	Prbg.g_00461	Syat.g_03202
OG0000145	Syap	Prbg.g_00461	Syap.g_01860, Syap.g_01859
OG0000145	Syas	Prbg.g_00461	Syas.g_00948
OG0000145	Syar	Prbg.g_00461	Syar.g_01494, Syar.g_03205
OG0000145	Syag	Prbg.g_00461	Syag.g_01504
OG0000145	Syaf	Prbg.g_00461	Syaf.g_02699
OG0000145	Syai	Prbg.g_00461	Syai.g_00660
OG0000145	Syam	Prbg.g_00461	Syam.g_00605
OG0000145	Syaa	Prbg.g_00461	Syaa.g_02029
OG0000145	Syac	Prbg.g_00461	Syac.g_01882
OG0000145	Syah	Prbg.g_00461	Syah.g_01019
OG0000145	Syak	Prbg.g_00461	Syak.g_02598
OG0000145	Syab	Prbg.g_00461	Syab.g_02120
OG0000145	Syal	Prbg.g_00461	Syal.g_02921
OG0000145	Prbj	Prbg.g_00461	Prbj.g_01607
OG0000145	Prbk	Prbg.g_00461	Prbk.g_01863
OG0000145	Prbl	Prbg.g_00461	Prbl.g_00534
OG0000145	Praf	Prbg.g_00461	Praf.g_00617
OG0000145	Prah	Prbg.g_00461	Prah.g_01543
OG0000145	Pral	Prbg.g_00461	Pral.g_01037
OG0000145	Prat	Prbg.g_00461	Prat.g_01472
OG0000145	Pram	Prbg.g_00461	Pram.g_01534
OG0000145	Prbh	Prbg.g_00461	Prbh.g_01880
OG0000145	Prbm	Prbg.g_00461	Prbm.g_01094
OG0000145	Prbc	Prbg.g_00461	Prbc.g_02142
OG0000145	Praj	Prbg.g_00461	Praj.g_01054
OG0000145	Prbb	Prbg.g_00461	Prbb.g_01099
OG0000145	Prak	Prbg.g_00461	Prak.g_01261
OG0000145	Prap	Prbg.g_00461	Prap.g_00545
OG0000145	Prbe	Prbg.g_00461	Prbe.g_00909
OG0000145	Prbf	Prbg.g_00461	Prbf.g_00042
OG0000145	Prbn	Prbg.g_00461	Prbn.g_01100
OG0000146	Prab	Prbg.g_00365	Prab.g_00805
OG0000146	Pran	Prbg.g_00365	Pran.g_01377
OG0000146	Prax	Prbg.g_00365	Prax.g_00408
OG0000146	Prag	Prbg.g_00365	Prag.g_00772
OG0000146	Praw	Prbg.g_00365	Praw.g_01731
OG0000146	Pras	Prbg.g_00365	Pras.g_01666
OG0000146	Prau	Prbg.g_00365	Prau.g_00819
OG0000146	Prai	Prbg.g_00365	Prai.g_00881
OG0000146	Pray	Prbg.g_00365	Pray.g_00314
OG0000146	Praz	Prbg.g_00365	Praz.g_01546
OG0000146	Prba	Prbg.g_00365	Prba.g_01533
OG0000146	Prac	Prbg.g_00365	Prac.g_01506
OG0000146	Praq	Prbg.g_00365	Praq.g_00639
OG0000146	Prar	Prbg.g_00365	Prar.g_01653
OG0000146	Prao	Prbg.g_00365	Prao.g_00705
OG0000146	Prav	Prbg.g_00365	Prav.g_00365
OG0000146	Prbi	Prbg.g_00365	Prbi.g_00812
OG0000146	Praa	Prbg.g_00365	Praa.g_00767
OG0000146	Prad	Prbg.g_00365	Prad.g_01110
OG0000146	Prbd	Prbg.g_00365	Prbd.g_00067
OG0000146	Prae	Prbg.g_00365	Prae.g_00771
OG0000146	Prbj	Prbg.g_00365	Prbj.g_02277
OG0000146	Prbk	Prbg.g_00365	Prbk.g_02333
OG0000146	Prbl	Prbg.g_00365	Prbl.g_02469
OG0000146	Praf	Prbg.g_00365	Praf.g_01401
OG0000146	Prah	Prbg.g_00365	Prah.g_00787
OG0000146	Syaq	Prbg.g_00365	Syaq.g_02475
OG0000146	Syak	Prbg.g_00365	Syak.g_00514
OG0000146	Syaa	Prbg.g_00365	Syaa.g_01367
OG0000146	Syai	Prbg.g_00365	Syai.g_01513
OG0000146	Syaf	Prbg.g_00365	Syaf.g_01851
OG0000146	Syam	Prbg.g_00365	Syam.g_01114
OG0000146	Syae	Prbg.g_00365	Syae.g_00350
OG0000146	Syaj	Prbg.g_00365	Syaj.g_00908
OG0000146	Syad	Prbg.g_00365	Syad.g_01767
OG0000146	Syac	Prbg.g_00365	Syac.g_01172
OG0000146	Syah	Prbg.g_00365	Syah.g_01612
OG0000146	Syag	Prbg.g_00365	Syag.g_00800
OG0000146	Syab	Prbg.g_00365	Syab.g_01393
OG0000146	Syal	Prbg.g_00365	Syal.g_02001
OG0000146	Syar	Prbg.g_00365	Syar.g_02549
OG0000146	Syat	Prbg.g_00365	Syat.g_00594
OG0000146	Syap	Prbg.g_00365	Syap.g_02024
OG0000146	Syas	Prbg.g_00365	Syas.g_00451
OG0000146	Syao	Prbg.g_00365	Syao.g_00684, Syao.g_00304
OG0000146	Syan	Prbg.g_00365	Syan.g_00555, Syan.g_00253
OG0000146	Pram	Prbg.g_00365	Pram.g_00934
OG0000146	Prbh	Prbg.g_00365	Prbh.g_01077
OG0000146	Pral	Prbg.g_00365	Pral.g_01636
OG0000146	Prat	Prbg.g_00365	Prat.g_00887
OG0000146	Prbm	Prbg.g_00365	Prbm.g_00979
OG0000146	Praj	Prbg.g_00365	Praj.g_00937
OG0000146	Prbb	Prbg.g_00365	Prbb.g_00982
OG0000146	Prbc	Prbg.g_00365	Prbc.g_02027
OG0000146	Prak	Prbg.g_00365	Prak.g_00607
OG0000146	Prap	Prbg.g_00365	Prap.g_01122
OG0000146	Prbe	Prbg.g_00365	Prbe.g_00488
OG0000146	Prbf	Prbg.g_00365	Prbf.g_01928
OG0000146	Prbn	Prbg.g_00365	Prbn.g_00469
OG0000147	Prab	Prbg.g_00364	Prab.g_00806
OG0000147	Pran	Prbg.g_00364	Pran.g_01376
OG0000147	Prax	Prbg.g_00364	Prax.g_00407
OG0000147	Prai	Prbg.g_00364	Prai.g_00880
OG0000147	Prad	Prbg.g_00364	Prad.g_01111
OG0000147	Prag	Prbg.g_00364	Prag.g_00773
OG0000147	Praw	Prbg.g_00364	Praw.g_01730
OG0000147	Pray	Prbg.g_00364	Pray.g_00315
OG0000147	Praz	Prbg.g_00364	Praz.g_01545
OG0000147	Prba	Prbg.g_00364	Prba.g_01532
OG0000147	Pras	Prbg.g_00364	Pras.g_01667
OG0000147	Prau	Prbg.g_00364	Prau.g_00820
OG0000147	Prao	Prbg.g_00364	Prao.g_00706
OG0000147	Prae	Prbg.g_00364	Prae.g_00772
OG0000147	Prbd	Prbg.g_00364	Prbd.g_00068
OG0000147	Prav	Prbg.g_00364	Prav.g_00366
OG0000147	Prac	Prbg.g_00364	Prac.g_01505
OG0000147	Prar	Prbg.g_00364	Prar.g_01654
OG0000147	Praq	Prbg.g_00364	Praq.g_00640
OG0000147	Prbi	Prbg.g_00364	Prbi.g_00813
OG0000147	Praa	Prbg.g_00364	Praa.g_00768
OG0000147	Pram	Prbg.g_00364	Pram.g_00933
OG0000147	Prbh	Prbg.g_00364	Prbh.g_01076
OG0000147	Syab	Prbg.g_00364	Syab.g_01394
OG0000147	Syal	Prbg.g_00364	Syal.g_02002
OG0000147	Syat	Prbg.g_00364	Syat.g_00595
OG0000147	Syas	Prbg.g_00364	Syas.g_00450
OG0000147	Syap	Prbg.g_00364	Syap.g_02025
OG0000147	Syar	Prbg.g_00364	Syar.g_02550
OG0000147	Syan	Prbg.g_00364	Syan.g_00254, Syan.g_00554
OG0000147	Syao	Prbg.g_00364	Syao.g_00305, Syao.g_00685
OG0000147	Syag	Prbg.g_00364	Syag.g_00799
OG0000147	Praf	Prbg.g_00364	Praf.g_01402
OG0000147	Prbj	Prbg.g_00364	Prbj.g_02278
OG0000147	Prbk	Prbg.g_00364	Prbk.g_02334
OG0000147	Prbl	Prbg.g_00364	Prbl.g_02468
OG0000147	Prah	Prbg.g_00364	Prah.g_00786
OG0000147	Syaq	Prbg.g_00364	Syaq.g_02474
OG0000147	Syak	Prbg.g_00364	Syak.g_00515
OG0000147	Syaf	Prbg.g_00364	Syaf.g_01850
OG0000147	Syam	Prbg.g_00364	Syam.g_01113
OG0000147	Syai	Prbg.g_00364	Syai.g_01514
OG0000147	Syaj	Prbg.g_00364	Syaj.g_00909
OG0000147	Syaa	Prbg.g_00364	Syaa.g_01368
OG0000147	Syae	Prbg.g_00364	Syae.g_00349
OG0000147	Syad	Prbg.g_00364	Syad.g_01768
OG0000147	Syac	Prbg.g_00364	Syac.g_01171
OG0000147	Syah	Prbg.g_00364	Syah.g_01611
OG0000147	Pral	Prbg.g_00364	Pral.g_01637
OG0000147	Prat	Prbg.g_00364	Prat.g_00886
OG0000147	Prbm	Prbg.g_00364	Prbm.g_00978
OG0000147	Prbb	Prbg.g_00364	Prbb.g_00981
OG0000147	Praj	Prbg.g_00364	Praj.g_00936
OG0000147	Prbc	Prbg.g_00364	Prbc.g_02026
OG0000147	Prak	Prbg.g_00364	Prak.g_00606
OG0000147	Prap	Prbg.g_00364	Prap.g_01123
OG0000147	Prbe	Prbg.g_00364	Prbe.g_00489
OG0000147	Prbf	Prbg.g_00364	Prbf.g_01927
OG0000147	Prbn	Prbg.g_00364	Prbn.g_00470
OG0000148	Prai	Prbg.g_01176	Prai.g_00831
OG0000148	Prab	Prbg.g_01176	Prab.g_00856
OG0000148	Pran	Prbg.g_01176	Pran.g_01327
OG0000148	Prav	Prbg.g_01176	Prav.g_00413
OG0000148	Prac	Prbg.g_01176	Prac.g_01459
OG0000148	Praq	Prbg.g_01176	Praq.g_01414
OG0000148	Prar	Prbg.g_01176	Prar.g_01700
OG0000148	Prag	Prbg.g_01176	Prag.g_00822
OG0000148	Praw	Prbg.g_01176	Praw.g_01681
OG0000148	Prad	Prbg.g_01176	Prad.g_01162
OG0000148	Pras	Prbg.g_01176	Pras.g_01717
OG0000148	Prau	Prbg.g_01176	Prau.g_00870
OG0000148	Pray	Prbg.g_01176	Pray.g_00364
OG0000148	Praz	Prbg.g_01176	Praz.g_01496
OG0000148	Prba	Prbg.g_01176	Prba.g_01483
OG0000148	Prae	Prbg.g_01176	Prae.g_00822
OG0000148	Prbd	Prbg.g_01176	Prbd.g_00118
OG0000148	Prax	Prbg.g_01176	Prax.g_00357
OG0000148	Prbi	Prbg.g_01176	Prbi.g_00863
OG0000148	Praa	Prbg.g_01176	Praa.g_00820
OG0000148	Prao	Prbg.g_01176	Prao.g_00757
OG0000148	Syar	Prbg.g_01176	Syar.g_02658
OG0000148	Pral	Prbg.g_01176	Pral.g_01505
OG0000148	Prbj	Prbg.g_01176	Prbj.g_02431
OG0000148	Prbk	Prbg.g_01176	Prbk.g_02487
OG0000148	Prbl	Prbg.g_01176	Prbl.g_02316
OG0000148	Praf	Prbg.g_01176	Praf.g_01548
OG0000148	Prah	Prbg.g_01176	Prah.g_00649
OG0000148	Prat	Prbg.g_01176	Prat.g_01020
OG0000148	Syac	Prbg.g_01176	Syac.g_01320
OG0000148	Syah	Prbg.g_01176	Syah.g_01758
OG0000148	Syak	Prbg.g_01176	Syak.g_00455
OG0000148	Syag	Prbg.g_01176	Syag.g_00693
OG0000148	Syaq	Prbg.g_01176	Syaq.g_02359
OG0000148	Syab	Prbg.g_01176	Syab.g_01682
OG0000148	Syal	Prbg.g_01176	Syal.g_02437
OG0000148	Syap	Prbg.g_01176	Syap.g_02720
OG0000148	Syat	Prbg.g_01176	Syat.g_00503
OG0000148	Syas	Prbg.g_01176	Syas.g_00577
OG0000148	Syan	Prbg.g_01176	Syan.g_00670
OG0000148	Syao	Prbg.g_01176	Syao.g_00776
OG0000148	Syai	Prbg.g_01176	Syai.g_01361
OG0000148	Syaf	Prbg.g_01176	Syaf.g_02028
OG0000148	Syam	Prbg.g_01176	Syam.g_01270
OG0000148	Syae	Prbg.g_01176	Syae.g_00500
OG0000148	Syaa	Prbg.g_01176	Syaa.g_01190
OG0000148	Syad	Prbg.g_01176	Syad.g_01861
OG0000148	Syaj	Prbg.g_01176	Syaj.g_01003
OG0000148	Pram	Prbg.g_01176	Pram.g_00826
OG0000148	Prbh	Prbg.g_01176	Prbh.g_00970
OG0000148	Prbm	Prbg.g_01176	Prbm.g_00832
OG0000148	Prbc	Prbg.g_01176	Prbc.g_01876
OG0000148	Praj	Prbg.g_01176	Praj.g_00787
OG0000148	Prbb	Prbg.g_01176	Prbb.g_00801
OG0000148	Prak	Prbg.g_01176	Prak.g_00862
OG0000148	Prap	Prbg.g_01176	Prap.g_00766
OG0000148	Prbe	Prbg.g_01176	Prbe.g_01239
OG0000148	Prbf	Prbg.g_01176	Prbf.g_01228
OG0000148	Prbn	Prbg.g_01176	Prbn.g_01529
OG0000149	Prab	Prbg.g_01208	Prab.g_00886
OG0000149	Pran	Prbg.g_01208	Pran.g_01297
OG0000149	Prai	Prbg.g_01208	Prai.g_00800
OG0000149	Prag	Prbg.g_01208	Prag.g_00851
OG0000149	Praw	Prbg.g_01208	Praw.g_01652
OG0000149	Prac	Prbg.g_01208	Prac.g_01429
OG0000149	Praq	Prbg.g_01208	Praq.g_01444
OG0000149	Prar	Prbg.g_01208	Prar.g_01730
OG0000149	Pray	Prbg.g_01208	Pray.g_00395
OG0000149	Praz	Prbg.g_01208	Praz.g_01465
OG0000149	Prba	Prbg.g_01208	Prba.g_01452
OG0000149	Prax	Prbg.g_01208	Prax.g_00326
OG0000149	Prbd	Prbg.g_01208	Prbd.g_00149
OG0000149	Prad	Prbg.g_01208	Prad.g_00301
OG0000149	Prau	Prbg.g_01208	Prau.g_00900
OG0000149	Prbi	Prbg.g_01208	Prbi.g_00894
OG0000149	Praa	Prbg.g_01208	Praa.g_00851
OG0000149	Prae	Prbg.g_01208	Prae.g_00852
OG0000149	Pras	Prbg.g_01208	Pras.g_01747
OG0000149	Prao	Prbg.g_01208	Prao.g_00788
OG0000149	Prav	Prbg.g_01208	Prav.g_00443
OG0000149	Prbc	Prbg.g_01208	Prbc.g_01908
OG0000149	Prbm	Prbg.g_01208	Prbm.g_00862
OG0000149	Praj	Prbg.g_01208	Praj.g_00819
OG0000149	Prbb	Prbg.g_01208	Prbb.g_00832
OG0000149	Syak	Prbg.g_01208	Syak.g_00596
OG0000149	Syab	Prbg.g_01208	Syab.g_01720
OG0000149	Syal	Prbg.g_01208	Syal.g_02475
OG0000149	Syae	Prbg.g_01208	Syae.g_00847
OG0000149	Syar	Prbg.g_01208	Syar.g_01830, Syar.g_03289, Syar.g_03288
OG0000149	Syaa	Prbg.g_01208	Syaa.g_00826
OG0000149	Syac	Prbg.g_01208	Syac.g_00832
OG0000149	Syah	Prbg.g_01208	Syah.g_02096
OG0000149	Syai	Prbg.g_01208	Syai.g_02059
OG0000149	Syaf	Prbg.g_01208	Syaf.g_01371
OG0000149	Syam	Prbg.g_01208	Syam.g_00725
OG0000149	Syad	Prbg.g_01208	Syad.g_01221
OG0000149	Syaj	Prbg.g_01208	Syaj.g_00369
OG0000149	Syat	Prbg.g_01208	Syat.g_00747
OG0000149	Syap	Prbg.g_01208	Syap.g_00824
OG0000149	Syas	Prbg.g_01208	Syas.g_00282
OG0000149	Syan	Prbg.g_01208	Syan.g_00393
OG0000149	Syao	Prbg.g_01208	Syao.g_00534
OG0000149	Syag	Prbg.g_01208	Syag.g_00731
OG0000149	Syaq	Prbg.g_01208	Syaq.g_02395
OG0000149	Prah	Prbg.g_01208	Prah.g_00591
OG0000149	Praf	Prbg.g_01208	Praf.g_01604
OG0000149	Prbj	Prbg.g_01208	Prbj.g_02488
OG0000149	Prbk	Prbg.g_01208	Prbk.g_02544
OG0000149	Prbl	Prbg.g_01208	Prbl.g_01552
OG0000149	Pral	Prbg.g_01208	Pral.g_01535
OG0000149	Prat	Prbg.g_01208	Prat.g_00991
OG0000149	Pram	Prbg.g_01208	Pram.g_00858
OG0000149	Prbh	Prbg.g_01208	Prbh.g_01002
OG0000149	Prak	Prbg.g_01208	Prak.g_00894
OG0000149	Prap	Prbg.g_01208	Prap.g_00734
OG0000149	Prbe	Prbg.g_01208	Prbe.g_01271
OG0000149	Prbf	Prbg.g_01208	Prbf.g_01196
OG0000149	Prbn	Prbg.g_01208	Prbn.g_01497
OG0000150	Prao	Prbg.g_01218	Prao.g_00796
OG0000150	Prab	Prbg.g_01218	Prab.g_00894
OG0000150	Pran	Prbg.g_01218	Pran.g_01289
OG0000150	Prai	Prbg.g_01218	Prai.g_00792
OG0000150	Prag	Prbg.g_01218	Prag.g_00859
OG0000150	Praw	Prbg.g_01218	Praw.g_01644
OG0000150	Praa	Prbg.g_01218	Praa.g_00859
OG0000150	Prar	Prbg.g_01218	Prar.g_01738
OG0000150	Praq	Prbg.g_01218	Praq.g_01452
OG0000150	Prac	Prbg.g_01218	Prac.g_01421
OG0000150	Pras	Prbg.g_01218	Pras.g_01755
OG0000150	Prau	Prbg.g_01218	Prau.g_00909
OG0000150	Prav	Prbg.g_01218	Prav.g_00451
OG0000150	Prad	Prbg.g_01218	Prad.g_00293
OG0000150	Prbi	Prbg.g_01218	Prbi.g_00902
OG0000150	Prae	Prbg.g_01218	Prae.g_00860
OG0000150	Prax	Prbg.g_01218	Prax.g_00318
OG0000150	Pray	Prbg.g_01218	Pray.g_00403
OG0000150	Praz	Prbg.g_01218	Praz.g_01457
OG0000150	Prba	Prbg.g_01218	Prba.g_01444
OG0000150	Prbd	Prbg.g_01218	Prbd.g_00157
OG0000150	Prbm	Prbg.g_01218	Prbm.g_00870
OG0000150	Praj	Prbg.g_01218	Praj.g_00828
OG0000150	Prbb	Prbg.g_01218	Prbb.g_00840
OG0000150	Prbc	Prbg.g_01218	Prbc.g_01916
OG0000150	Prbj	Prbg.g_01218	Prbj.g_02511
OG0000150	Prbk	Prbg.g_01218	Prbk.g_02567
OG0000150	Prbl	Prbg.g_01218	Prbl.g_01576
OG0000150	Praf	Prbg.g_01218	Praf.g_01625
OG0000150	Prah	Prbg.g_01218	Prah.g_00568
OG0000150	Syag	Prbg.g_01218	Syag.g_00352
OG0000150	Syaq	Prbg.g_01218	Syaq.g_02011
OG0000150	Syam	Prbg.g_01218	Syam.g_00660
OG0000150	Syaf	Prbg.g_01218	Syaf.g_02645
OG0000150	Syai	Prbg.g_01218	Syai.g_00717
OG0000150	Syae	Prbg.g_01218	Syae.g_00017
OG0000150	Syad	Prbg.g_01218	Syad.g_02207, Syad.g_00989
OG0000150	Syaj	Prbg.g_01218	Syaj.g_01339, Syaj.g_00154
OG0000150	Syaa	Prbg.g_01218	Syaa.g_01688
OG0000150	Syac	Prbg.g_01218	Syac.g_00935
OG0000150	Syah	Prbg.g_01218	Syah.g_01980
OG0000150	Syak	Prbg.g_01218	Syak.g_02747
OG0000150	Syab	Prbg.g_01218	Syab.g_01930
OG0000150	Syal	Prbg.g_01218	Syal.g_02737
OG0000150	Syan	Prbg.g_01218	Syan.g_01031
OG0000150	Syao	Prbg.g_01218	Syao.g_01203
OG0000150	Syar	Prbg.g_01218	Syar.g_02130
OG0000150	Syap	Prbg.g_01218	Syap.g_01540
OG0000150	Syas	Prbg.g_01218	Syas.g_00874
OG0000150	Syat	Prbg.g_01218	Syat.g_03399
OG0000150	Pral	Prbg.g_01218	Pral.g_01545
OG0000150	Prat	Prbg.g_01218	Prat.g_00981
OG0000150	Pram	Prbg.g_01218	Pram.g_00868
OG0000150	Prbh	Prbg.g_01218	Prbh.g_01012
OG0000150	Prak	Prbg.g_01218	Prak.g_00904
OG0000150	Prap	Prbg.g_01218	Prap.g_00724
OG0000150	Prbe	Prbg.g_01218	Prbe.g_01281
OG0000150	Prbf	Prbg.g_01218	Prbf.g_01186
OG0000150	Prbn	Prbg.g_01218	Prbn.g_01487
OG0000151	Prae	Prbg.g_01094	Prae.g_00918
OG0000151	Pray	Prbg.g_01094	Pray.g_00462
OG0000151	Praz	Prbg.g_01094	Praz.g_01398
OG0000151	Prba	Prbg.g_01094	Prba.g_01385
OG0000151	Prav	Prbg.g_01094	Prav.g_00509
OG0000151	Prac	Prbg.g_01094	Prac.g_01374
OG0000151	Praq	Prbg.g_01094	Praq.g_01500
OG0000151	Prar	Prbg.g_01094	Prar.g_01786
OG0000151	Praa	Prbg.g_01094	Praa.g_00917
OG0000151	Prad	Prbg.g_01094	Prad.g_00235
OG0000151	Prbd	Prbg.g_01094	Prbd.g_00216
OG0000151	Prao	Prbg.g_01094	Prao.g_00855
OG0000151	Prax	Prbg.g_01094	Prax.g_00571
OG0000151	Prab	Prbg.g_01094	Prab.g_01058
OG0000151	Pran	Prbg.g_01094	Pran.g_00439
OG0000151	Prai	Prbg.g_01094	Prai.g_01036
OG0000151	Prbi	Prbg.g_01094	Prbi.g_00961
OG0000151	Pras	Prbg.g_01094	Pras.g_01811
OG0000151	Prau	Prbg.g_01094	Prau.g_00966
OG0000151	Prag	Prbg.g_01094	Prag.g_00916
OG0000151	Praw	Prbg.g_01094	Praw.g_01587
OG0000151	Praj	Prbg.g_01094	Praj.g_00898
OG0000151	Prbb	Prbg.g_01094	Prbb.g_00943
OG0000151	Prbm	Prbg.g_01094	Prbm.g_00940
OG0000151	Prbc	Prbg.g_01094	Prbc.g_01988
OG0000151	Pral	Prbg.g_01094	Pral.g_01789
OG0000151	Prat	Prbg.g_01094	Prat.g_00726
OG0000151	Syac	Prbg.g_01094	Syac.g_01383
OG0000151	Syah	Prbg.g_01094	Syah.g_01820
OG0000151	Syag	Prbg.g_01094	Syag.g_00623
OG0000151	Syak	Prbg.g_01094	Syak.g_00387
OG0000151	Syaq	Prbg.g_01094	Syaq.g_02283
OG0000151	Syan	Prbg.g_01094	Syan.g_00731
OG0000151	Syao	Prbg.g_01094	Syao.g_00975
OG0000151	Syab	Prbg.g_01094	Syab.g_01612
OG0000151	Syal	Prbg.g_01094	Syal.g_02263
OG0000151	Syap	Prbg.g_01094	Syap.g_00142
OG0000151	Syar	Prbg.g_01094	Syar.g_02038
OG0000151	Syas	Prbg.g_01094	Syas.g_00148, Syas.g_00659
OG0000151	Syat	Prbg.g_01094	Syat.g_00801, Syat.g_00440
OG0000151	Syaa	Prbg.g_01094	Syaa.g_01107
OG0000151	Syad	Prbg.g_01094	Syad.g_01956
OG0000151	Syaj	Prbg.g_01094	Syaj.g_01074
OG0000151	Syaf	Prbg.g_01094	Syaf.g_02091
OG0000151	Syai	Prbg.g_01094	Syai.g_01280
OG0000151	Syam	Prbg.g_01094	Syam.g_01338
OG0000151	Prbj	Prbg.g_01094	Prbj.g_02361
OG0000151	Prbk	Prbg.g_01094	Prbk.g_02417
OG0000151	Prbl	Prbg.g_01094	Prbl.g_02386
OG0000151	Praf	Prbg.g_01094	Praf.g_01478
OG0000151	Prah	Prbg.g_01094	Prah.g_00718
OG0000151	Syae	Prbg.g_01094	Syae.g_00563
OG0000151	Pram	Prbg.g_01094	Pram.g_00744
OG0000151	Prbh	Prbg.g_01094	Prbh.g_00888
OG0000151	Prak	Prbg.g_01094	Prak.g_00780
OG0000151	Prap	Prbg.g_01094	Prap.g_00848
OG0000151	Prbe	Prbg.g_01094	Prbe.g_00427
OG0000151	Prbf	Prbg.g_01094	Prbf.g_01310
OG0000151	Prbn	Prbg.g_01094	Prbn.g_01611
OG0000152	Prab	Prbg.g_01287	Prab.g_01010
OG0000152	Pran	Prbg.g_01287	Pran.g_00487
OG0000152	Prai	Prbg.g_01287	Prai.g_00989
OG0000152	Prac	Prbg.g_01287	Prac.g_01327
OG0000152	Praq	Prbg.g_01287	Praq.g_01548
OG0000152	Prar	Prbg.g_01287	Prar.g_01833
OG0000152	Prag	Prbg.g_01287	Prag.g_00964
OG0000152	Praw	Prbg.g_01287	Praw.g_01539
OG0000152	Pras	Prbg.g_01287	Pras.g_01859
OG0000152	Prau	Prbg.g_01287	Prau.g_01015
OG0000152	Praa	Prbg.g_01287	Praa.g_00964
OG0000152	Prbd	Prbg.g_01287	Prbd.g_00264
OG0000152	Prbi	Prbg.g_01287	Prbi.g_01009
OG0000152	Prae	Prbg.g_01287	Prae.g_00964
OG0000152	Pray	Prbg.g_01287	Pray.g_00511
OG0000152	Praz	Prbg.g_01287	Praz.g_01350
OG0000152	Prba	Prbg.g_01287	Prba.g_01337
OG0000152	Prax	Prbg.g_01287	Prax.g_01129
OG0000152	Prav	Prbg.g_01287	Prav.g_00556
OG0000152	Prao	Prbg.g_01287	Prao.g_00902
OG0000152	Prad	Prbg.g_01287	Prad.g_00186
OG0000152	Prbm	Prbg.g_01287	Prbm.g_00988
OG0000152	Prbc	Prbg.g_01287	Prbc.g_02036
OG0000152	Praj	Prbg.g_01287	Praj.g_01601, Praj.g_00946
OG0000152	Prbb	Prbg.g_01287	Prbb.g_00991
OG0000152	Syag	Prbg.g_01287	Syag.g_00810
OG0000152	Prah	Prbg.g_01287	Prah.g_00796
OG0000152	Praf	Prbg.g_01287	Praf.g_01392
OG0000152	Prbj	Prbg.g_01287	Prbj.g_02268
OG0000152	Prbk	Prbg.g_01287	Prbk.g_02324
OG0000152	Prbl	Prbg.g_01287	Prbl.g_02478
OG0000152	Syab	Prbg.g_01287	Syab.g_01383
OG0000152	Syal	Prbg.g_01287	Syal.g_01991
OG0000152	Syak	Prbg.g_01287	Syak.g_00503
OG0000152	Syar	Prbg.g_01287	Syar.g_02539
OG0000152	Syan	Prbg.g_01287	Syan.g_00565
OG0000152	Syao	Prbg.g_01287	Syao.g_00674
OG0000152	Syap	Prbg.g_01287	Syap.g_02012
OG0000152	Syas	Prbg.g_01287	Syas.g_00461
OG0000152	Syat	Prbg.g_01287	Syat.g_00578
OG0000152	Syaq	Prbg.g_01287	Syaq.g_02485
OG0000152	Syaa	Prbg.g_01287	Syaa.g_01357
OG0000152	Syac	Prbg.g_01287	Syac.g_01182
OG0000152	Syah	Prbg.g_01287	Syah.g_01622
OG0000152	Syae	Prbg.g_01287	Syae.g_00360
OG0000152	Syam	Prbg.g_01287	Syam.g_01124
OG0000152	Syai	Prbg.g_01287	Syai.g_01503
OG0000152	Syaf	Prbg.g_01287	Syaf.g_01861
OG0000152	Syad	Prbg.g_01287	Syad.g_01757
OG0000152	Syaj	Prbg.g_01287	Syaj.g_00898
OG0000152	Prat	Prbg.g_01287	Prat.g_00896, Prat.g_01277
OG0000152	Pral	Prbg.g_01287	Pral.g_01627
OG0000152	Pram	Prbg.g_01287	Pram.g_00943
OG0000152	Prbh	Prbg.g_01287	Prbh.g_01086
OG0000152	Prak	Prbg.g_01287	Prak.g_00973
OG0000152	Prap	Prbg.g_01287	Prap.g_00257
OG0000152	Prbe	Prbg.g_01287	Prbe.g_01350
OG0000152	Prbf	Prbg.g_01287	Prbf.g_01117
OG0000152	Prbn	Prbg.g_01287	Prbn.g_01418
OG0000153	Prab	Prbg.g_01306	Prab.g_00991
OG0000153	Pran	Prbg.g_01306	Pran.g_00506
OG0000153	Prai	Prbg.g_01306	Prai.g_00970
OG0000153	Prac	Prbg.g_01306	Prac.g_01308
OG0000153	Praq	Prbg.g_01306	Praq.g_01567
OG0000153	Prar	Prbg.g_01306	Prar.g_01852
OG0000153	Prav	Prbg.g_01306	Prav.g_00575
OG0000153	Prax	Prbg.g_01306	Prax.g_01148
OG0000153	Pras	Prbg.g_01306	Pras.g_01878
OG0000153	Prau	Prbg.g_01306	Prau.g_01034
OG0000153	Prad	Prbg.g_01306	Prad.g_00167
OG0000153	Prbi	Prbg.g_01306	Prbi.g_01028
OG0000153	Prae	Prbg.g_01306	Prae.g_00983
OG0000153	Prbd	Prbg.g_01306	Prbd.g_00283
OG0000153	Pray	Prbg.g_01306	Pray.g_00530
OG0000153	Praz	Prbg.g_01306	Praz.g_01331
OG0000153	Prba	Prbg.g_01306	Prba.g_01318
OG0000153	Prao	Prbg.g_01306	Prao.g_00921
OG0000153	Praa	Prbg.g_01306	Praa.g_00983
OG0000153	Prag	Prbg.g_01306	Prag.g_00983
OG0000153	Praw	Prbg.g_01306	Praw.g_01520
OG0000153	Prbb	Prbg.g_01306	Prbb.g_01009
OG0000153	Prbc	Prbg.g_01306	Prbc.g_02054
OG0000153	Praj	Prbg.g_01306	Praj.g_00965
OG0000153	Prbm	Prbg.g_01306	Prbm.g_01006
OG0000153	Syak	Prbg.g_01306	Syak.g_00470
OG0000153	Syab	Prbg.g_01306	Syab.g_01343
OG0000153	Syal	Prbg.g_01306	Syal.g_01958
OG0000153	Syag	Prbg.g_01306	Syag.g_00845
OG0000153	Syaq	Prbg.g_01306	Syaq.g_02518
OG0000153	Syae	Prbg.g_01306	Syae.g_00394
OG0000153	Syaa	Prbg.g_01306	Syaa.g_01324
OG0000153	Syac	Prbg.g_01306	Syac.g_01217
OG0000153	Syah	Prbg.g_01306	Syah.g_01656
OG0000153	Syar	Prbg.g_01306	Syar.g_03283, Syar.g_02503
OG0000153	Syaf	Prbg.g_01306	Syaf.g_01904
OG0000153	Syai	Prbg.g_01306	Syai.g_01461
OG0000153	Syam	Prbg.g_01306	Syam.g_01160
OG0000153	Syap	Prbg.g_01306	Syap.g_02682
OG0000153	Syas	Prbg.g_01306	Syas.g_00543
OG0000153	Syat	Prbg.g_01306	Syat.g_00542
OG0000153	Syan	Prbg.g_01306	Syan.g_00601
OG0000153	Syao	Prbg.g_01306	Syao.g_00818, Syao.g_01176
OG0000153	Syad	Prbg.g_01306	Syad.g_01713
OG0000153	Syaj	Prbg.g_01306	Syaj.g_00842
OG0000153	Prbj	Prbg.g_01306	Prbj.g_02241
OG0000153	Prbk	Prbg.g_01306	Prbk.g_02297
OG0000153	Prbl	Prbg.g_01306	Prbl.g_02505
OG0000153	Praf	Prbg.g_01306	Praf.g_01362
OG0000153	Prah	Prbg.g_01306	Prah.g_00826
OG0000153	Pral	Prbg.g_01306	Pral.g_01578
OG0000153	Prat	Prbg.g_01306	Prat.g_00915
OG0000153	Pram	Prbg.g_01306	Pram.g_00961
OG0000153	Prbh	Prbg.g_01306	Prbh.g_01104
OG0000153	Prbn	Prbg.g_01306	Prbn.g_01399
OG0000153	Prak	Prbg.g_01306	Prak.g_00992
OG0000153	Prap	Prbg.g_01306	Prap.g_00276
OG0000153	Prbe	Prbg.g_01306	Prbe.g_01369
OG0000153	Prbf	Prbg.g_01306	Prbf.g_01098
OG0000154	Prab	Prbg.g_01326	Prab.g_00955
OG0000154	Pran	Prbg.g_01326	Pran.g_00542
OG0000154	Prai	Prbg.g_01326	Prai.g_00943
OG0000154	Prao	Prbg.g_01326	Prao.g_00948
OG0000154	Prag	Prbg.g_01326	Prag.g_01010
OG0000154	Praw	Prbg.g_01326	Praw.g_01493
OG0000154	Prav	Prbg.g_01326	Prav.g_00907
OG0000154	Pras	Prbg.g_01326	Pras.g_01908
OG0000154	Prau	Prbg.g_01326	Prau.g_01063
OG0000154	Pray	Prbg.g_01326	Pray.g_00558
OG0000154	Prba	Prbg.g_01326	Prba.g_01290
OG0000154	Praz	Prbg.g_01326	Praz.g_01303
OG0000154	Prad	Prbg.g_01326	Prad.g_00139
OG0000154	Prae	Prbg.g_01326	Prae.g_01014
OG0000154	Prbd	Prbg.g_01326	Prbd.g_00314
OG0000154	Prbi	Prbg.g_01326	Prbi.g_01060
OG0000154	Praa	Prbg.g_01326	Praa.g_01013
OG0000154	Prax	Prbg.g_01326	Prax.g_01178
OG0000154	Prac	Prbg.g_01326	Prac.g_01282
OG0000154	Praq	Prbg.g_01326	Praq.g_01593
OG0000154	Prar	Prbg.g_01326	Prar.g_01878
OG0000154	Syar	Prbg.g_01326	Syar.g_01800
OG0000154	Syao	Prbg.g_01326	Syao.g_00447
OG0000154	Syan	Prbg.g_01326	Syan.g_00363
OG0000154	Syat	Prbg.g_01326	Syat.g_00708
OG0000154	Syas	Prbg.g_01326	Syas.g_00219
OG0000154	Syap	Prbg.g_01326	Syap.g_02761, Syap.g_02760, Syap.g_01876
OG0000154	Prbj	Prbg.g_01326	Prbj.g_02213
OG0000154	Prbk	Prbg.g_01326	Prbk.g_00584
OG0000154	Prbl	Prbg.g_01326	Prbl.g_02532
OG0000154	Praf	Prbg.g_01326	Praf.g_01337
OG0000154	Prah	Prbg.g_01326	Prah.g_00852
OG0000154	Syaq	Prbg.g_01326	Syaq.g_00066
OG0000154	Syag	Prbg.g_01326	Syag.g_00870
OG0000154	Syab	Prbg.g_01326	Syab.g_01317
OG0000154	Syal	Prbg.g_01326	Syal.g_01918
OG0000154	Syac	Prbg.g_01326	Syac.g_01241
OG0000154	Syah	Prbg.g_01326	Syah.g_01682
OG0000154	Syaf	Prbg.g_01326	Syaf.g_01930
OG0000154	Syai	Prbg.g_01326	Syai.g_01434
OG0000154	Syam	Prbg.g_01326	Syam.g_01187
OG0000154	Syae	Prbg.g_01326	Syae.g_00420
OG0000154	Syad	Prbg.g_01326	Syad.g_01686
OG0000154	Syaj	Prbg.g_01326	Syaj.g_00814
OG0000154	Syaa	Prbg.g_01326	Syaa.g_01298
OG0000154	Syak	Prbg.g_01326	Syak.g_00645
OG0000154	Pram	Prbg.g_01326	Pram.g_00978
OG0000154	Prbh	Prbg.g_01326	Prbh.g_01121
OG0000154	Pral	Prbg.g_01326	Pral.g_01595
OG0000154	Prat	Prbg.g_01326	Prat.g_00934
OG0000154	Prbm	Prbg.g_01326	Prbm.g_01035
OG0000154	Praj	Prbg.g_01326	Praj.g_00995
OG0000154	Prbb	Prbg.g_01326	Prbb.g_01040
OG0000154	Prbc	Prbg.g_01326	Prbc.g_02083
OG0000154	Prak	Prbg.g_01326	Prak.g_01012
OG0000154	Prap	Prbg.g_01326	Prap.g_00296
OG0000154	Prbe	Prbg.g_01326	Prbe.g_01389
OG0000154	Prbf	Prbg.g_01326	Prbf.g_01078
OG0000154	Prbn	Prbg.g_01326	Prbn.g_01379
OG0000155	Prae	Prbg.g_01465	Prae.g_01183
OG0000155	Prax	Prbg.g_01465	Prax.g_00220
OG0000155	Praa	Prbg.g_01465	Praa.g_01179
OG0000155	Prbd	Prbg.g_01465	Prbd.g_00488
OG0000155	Praj	Prbg.g_01465	Praj.g_01440
OG0000155	Prbc	Prbg.g_01465	Prbc.g_01424
OG0000155	Prbm	Prbg.g_01465	Prbm.g_01527
OG0000155	Prbb	Prbg.g_01465	Prbb.g_01495
OG0000155	Syac	Prbg.g_01465	Syac.g_00804
OG0000155	Syah	Prbg.g_01465	Syah.g_02123
OG0000155	Syad	Prbg.g_01465	Syad.g_01189
OG0000155	Syaf	Prbg.g_01465	Syaf.g_01324
OG0000155	Syai	Prbg.g_01465	Syai.g_02109
OG0000155	Syam	Prbg.g_01465	Syam.g_01763
OG0000155	Syak	Prbg.g_01465	Syak.g_00855
OG0000155	Syab	Prbg.g_01465	Syab.g_01009
OG0000155	Syal	Prbg.g_01465	Syal.g_01695
OG0000155	Syag	Prbg.g_01465	Syag.g_01107
OG0000155	Syaq	Prbg.g_01465	Syaq.g_00212
OG0000155	Syaj	Prbg.g_01465	Syaj.g_00338
OG0000155	Syaa	Prbg.g_01465	Syaa.g_00804
OG0000155	Syae	Prbg.g_01465	Syae.g_00885
OG0000155	Syap	Prbg.g_01465	Syap.g_02777, Syap.g_01878, Syap.g_01879
OG0000155	Syar	Prbg.g_01465	Syar.g_01959
OG0000155	Syat	Prbg.g_01465	Syat.g_00287
OG0000155	Syas	Prbg.g_01465	Syas.g_01131
OG0000155	Syan	Prbg.g_01465	Syan.g_02654
OG0000155	Syao	Prbg.g_01465	Syao.g_00178
OG0000155	Prah	Prbg.g_01465	Prah.g_01291
OG0000155	Praf	Prbg.g_01465	Praf.g_00886
OG0000155	Prbj	Prbg.g_01465	Prbj.g_00312
OG0000155	Prbk	Prbg.g_01465	Prbk.g_00099
OG0000155	Prbl	Prbg.g_01465	Prbl.g_00185
OG0000155	Pral	Prbg.g_01465	Pral.g_01390
OG0000155	Prat	Prbg.g_01465	Prat.g_01135
OG0000155	Prai	Prbg.g_01465	Prai.g_01191
OG0000155	Prab	Prbg.g_01465	Prab.g_01239
OG0000155	Pran	Prbg.g_01465	Pran.g_00040
OG0000155	Prad	Prbg.g_01465	Prad.g_01476
OG0000155	Prao	Prbg.g_01465	Prao.g_01069
OG0000155	Prag	Prbg.g_01465	Prag.g_01173
OG0000155	Praw	Prbg.g_01465	Praw.g_00254
OG0000155	Prav	Prbg.g_01465	Prav.g_01861
OG0000155	Pras	Prbg.g_01465	Pras.g_00076
OG0000155	Prau	Prbg.g_01465	Prau.g_01226
OG0000155	Prbi	Prbg.g_01465	Prbi.g_01227
OG0000155	Prac	Prbg.g_01465	Prac.g_00965
OG0000155	Praq	Prbg.g_01465	Praq.g_01353
OG0000155	Prar	Prbg.g_01465	Prar.g_01243
OG0000155	Pray	Prbg.g_01465	Pray.g_00043
OG0000155	Praz	Prbg.g_01465	Praz.g_00734
OG0000155	Prba	Prbg.g_01465	Prba.g_00043
OG0000155	Pram	Prbg.g_01465	Pram.g_01118
OG0000155	Prbh	Prbg.g_01465	Prbh.g_01261
OG0000155	Prak	Prbg.g_01465	Prak.g_01151
OG0000155	Prap	Prbg.g_01465	Prap.g_00435
OG0000155	Prbe	Prbg.g_01465	Prbe.g_01528
OG0000155	Prbf	Prbg.g_01465	Prbf.g_00939
OG0000155	Prbn	Prbg.g_01465	Prbn.g_01210
OG0000156	Prai	Prbg.g_00466	Prai.g_01323
OG0000156	Prab	Prbg.g_00466	Prab.g_01315
OG0000156	Pran	Prbg.g_00466	Pran.g_00887
OG0000156	Prag	Prbg.g_00466	Prag.g_01342
OG0000156	Praw	Prbg.g_00466	Praw.g_00968
OG0000156	Prav	Prbg.g_00466	Prav.g_01427
OG0000156	Prao	Prbg.g_00466	Prao.g_01287
OG0000156	Prax	Prbg.g_00466	Prax.g_01910
OG0000156	Prbd	Prbg.g_00466	Prbd.g_01812
OG0000156	Pray	Prbg.g_00466	Pray.g_01881
OG0000156	Praz	Prbg.g_00466	Praz.g_01191
OG0000156	Prba	Prbg.g_00466	Prba.g_01181
OG0000156	Praa	Prbg.g_00466	Praa.g_01307
OG0000156	Prad	Prbg.g_00466	Prad.g_00359
OG0000156	Prae	Prbg.g_00466	Prae.g_01317
OG0000156	Prbi	Prbg.g_00466	Prbi.g_01380
OG0000156	Pras	Prbg.g_00466	Pras.g_00197
OG0000156	Prau	Prbg.g_00466	Prau.g_01359
OG0000156	Prac	Prbg.g_00466	Prac.g_00164
OG0000156	Praq	Prbg.g_00466	Praq.g_00122
OG0000156	Prar	Prbg.g_00466	Prar.g_00966
OG0000156	Praj	Prbg.g_00466	Praj.g_01517
OG0000156	Prbm	Prbg.g_00466	Prbm.g_01600
OG0000156	Prbb	Prbg.g_00466	Prbb.g_01575
OG0000156	Prbc	Prbg.g_00466	Prbc.g_00555
OG0000156	Prah	Prbg.g_00466	Prah.g_01349
OG0000156	Praf	Prbg.g_00466	Praf.g_00810
OG0000156	Prbj	Prbg.g_00466	Prbj.g_00163
OG0000156	Prbk	Prbg.g_00466	Prbk.g_00164
OG0000156	Prbl	Prbg.g_00466	Prbl.g_00115
OG0000156	Syar	Prbg.g_00466	Syar.g_01517
OG0000156	Syat	Prbg.g_00466	Syat.g_03228
OG0000156	Syas	Prbg.g_00466	Syas.g_01206
OG0000156	Syao	Prbg.g_00466	Syao.g_00151
OG0000156	Syan	Prbg.g_00466	Syan.g_02717
OG0000156	Syap	Prbg.g_00466	Syap.g_00248, Syap.g_00284, Syap.g_00283
OG0000156	Syaq	Prbg.g_00466	Syaq.g_00281
OG0000156	Syak	Prbg.g_00466	Syak.g_00919
OG0000156	Syag	Prbg.g_00466	Syag.g_01166
OG0000156	Syac	Prbg.g_00466	Syac.g_00743
OG0000156	Syah	Prbg.g_00466	Syah.g_02185
OG0000156	Syab	Prbg.g_00466	Syab.g_00933
OG0000156	Syal	Prbg.g_00466	Syal.g_01620
OG0000156	Syaa	Prbg.g_00466	Syaa.g_00751
OG0000156	Syad	Prbg.g_00466	Syad.g_01116
OG0000156	Syaj	Prbg.g_00466	Syaj.g_00282
OG0000156	Syae	Prbg.g_00466	Syae.g_00945
OG0000156	Syaf	Prbg.g_00466	Syaf.g_01270
OG0000156	Syai	Prbg.g_00466	Syai.g_02162
OG0000156	Syam	Prbg.g_00466	Syam.g_01814
OG0000156	Prat	Prbg.g_00466	Prat.g_01238
OG0000156	Pral	Prbg.g_00466	Pral.g_01292
OG0000156	Pram	Prbg.g_00466	Pram.g_01219
OG0000156	Prbh	Prbg.g_00466	Prbh.g_01362
OG0000156	Prak	Prbg.g_00466	Prak.g_01266
OG0000156	Prap	Prbg.g_00466	Prap.g_00550
OG0000156	Prbe	Prbg.g_00466	Prbe.g_00904
OG0000156	Prbf	Prbg.g_00466	Prbf.g_00037
OG0000156	Prbn	Prbg.g_00466	Prbn.g_01095
OG0000157	Prab	Prbg.g_00467	Prab.g_01316
OG0000157	Pran	Prbg.g_00467	Pran.g_00886
OG0000157	Prai	Prbg.g_00467	Prai.g_01324
OG0000157	Prag	Prbg.g_00467	Prag.g_01343
OG0000157	Praw	Prbg.g_00467	Praw.g_00969
OG0000157	Prbd	Prbg.g_00467	Prbd.g_01811
OG0000157	Prae	Prbg.g_00467	Prae.g_01318
OG0000157	Prac	Prbg.g_00467	Prac.g_00165
OG0000157	Praq	Prbg.g_00467	Praq.g_00123
OG0000157	Prar	Prbg.g_00467	Prar.g_00965
OG0000157	Pray	Prbg.g_00467	Pray.g_01880
OG0000157	Praz	Prbg.g_00467	Praz.g_01190
OG0000157	Prba	Prbg.g_00467	Prba.g_01182
OG0000157	Prao	Prbg.g_00467	Prao.g_01286
OG0000157	Prav	Prbg.g_00467	Prav.g_01428
OG0000157	Pras	Prbg.g_00467	Pras.g_00198
OG0000157	Prau	Prbg.g_00467	Prau.g_01360
OG0000157	Prax	Prbg.g_00467	Prax.g_01909
OG0000157	Prbi	Prbg.g_00467	Prbi.g_01381
OG0000157	Praa	Prbg.g_00467	Praa.g_01308
OG0000157	Prad	Prbg.g_00467	Prad.g_00360
OG0000157	Praj	Prbg.g_00467	Praj.g_01518
OG0000157	Prbm	Prbg.g_00467	Prbm.g_01601
OG0000157	Prbb	Prbg.g_00467	Prbb.g_01576
OG0000157	Prbc	Prbg.g_00467	Prbc.g_00556
OG0000157	Syad	Prbg.g_00467	Syad.g_01115
OG0000157	Syaj	Prbg.g_00467	Syaj.g_00281
OG0000157	Syae	Prbg.g_00467	Syae.g_00946
OG0000157	Syac	Prbg.g_00467	Syac.g_00742
OG0000157	Syah	Prbg.g_00467	Syah.g_02186
OG0000157	Syaa	Prbg.g_00467	Syaa.g_00750
OG0000157	Syaf	Prbg.g_00467	Syaf.g_01269
OG0000157	Syai	Prbg.g_00467	Syai.g_02163
OG0000157	Syam	Prbg.g_00467	Syam.g_01815
OG0000157	Prah	Prbg.g_00467	Prah.g_01350
OG0000157	Praf	Prbg.g_00467	Praf.g_00809
OG0000157	Prbj	Prbg.g_00467	Prbj.g_00162
OG0000157	Prbk	Prbg.g_00467	Prbk.g_00163
OG0000157	Prbl	Prbg.g_00467	Prbl.g_00114
OG0000157	Syag	Prbg.g_00467	Syag.g_01167
OG0000157	Syaq	Prbg.g_00467	Syaq.g_00282
OG0000157	Syak	Prbg.g_00467	Syak.g_00920
OG0000157	Syab	Prbg.g_00467	Syab.g_00932
OG0000157	Syal	Prbg.g_00467	Syal.g_01619
OG0000157	Syar	Prbg.g_00467	Syar.g_01516
OG0000157	Syas	Prbg.g_00467	Syas.g_01207
OG0000157	Syap	Prbg.g_00467	Syap.g_00249, Syap.g_00286
OG0000157	Syan	Prbg.g_00467	Syan.g_02718
OG0000157	Syao	Prbg.g_00467	Syao.g_00152
OG0000157	Syat	Prbg.g_00467	Syat.g_02012, Syat.g_03227
OG0000157	Pral	Prbg.g_00467	Pral.g_01291
OG0000157	Prat	Prbg.g_00467	Prat.g_01239
OG0000157	Pram	Prbg.g_00467	Pram.g_01220
OG0000157	Prbh	Prbg.g_00467	Prbh.g_01363
OG0000157	Prak	Prbg.g_00467	Prak.g_01267
OG0000157	Prap	Prbg.g_00467	Prap.g_00551
OG0000157	Prbe	Prbg.g_00467	Prbe.g_00903
OG0000157	Prbf	Prbg.g_00467	Prbf.g_00036
OG0000157	Prbn	Prbg.g_00467	Prbn.g_01094
OG0000158	Prai	Prbg.g_01829	Prai.g_01392
OG0000158	Prag	Prbg.g_01829	Prag.g_01425
OG0000158	Praw	Prbg.g_01829	Praw.g_01052
OG0000158	Pray	Prbg.g_01829	Pray.g_01787
OG0000158	Praz	Prbg.g_01829	Praz.g_01097
OG0000158	Prba	Prbg.g_01829	Prba.g_00154
OG0000158	Prad	Prbg.g_01829	Prad.g_00567
OG0000158	Prbi	Prbg.g_01829	Prbi.g_01489
OG0000158	Praa	Prbg.g_01829	Praa.g_01395
OG0000158	Prau	Prbg.g_01829	Prau.g_01436
OG0000158	Prae	Prbg.g_01829	Prae.g_01426
OG0000158	Prac	Prbg.g_01829	Prac.g_00447
OG0000158	Praq	Prbg.g_01829	Praq.g_00258
OG0000158	Prar	Prbg.g_01829	Prar.g_00375
OG0000158	Prax	Prbg.g_01829	Prax.g_01780
OG0000158	Pras	Prbg.g_01829	Pras.g_00289
OG0000158	Prav	Prbg.g_01829	Prav.g_01505
OG0000158	Prbd	Prbg.g_01829	Prbd.g_01736
OG0000158	Prab	Prbg.g_01829	Prab.g_01379
OG0000158	Pran	Prbg.g_01829	Pran.g_00822
OG0000158	Prao	Prbg.g_01829	Prao.g_01220
OG0000158	Prbm	Prbg.g_01829	Prbm.g_02077
OG0000158	Prbb	Prbg.g_01829	Prbb.g_02044
OG0000158	Praj	Prbg.g_01829	Praj.g_01995
OG0000158	Prbc	Prbg.g_01829	Prbc.g_00228
OG0000158	Pral	Prbg.g_01829	Pral.g_00287
OG0000158	Prat	Prbg.g_01829	Prat.g_01769
OG0000158	Prbj	Prbg.g_01829	Prbj.g_01514
OG0000158	Prbk	Prbg.g_01829	Prbk.g_00526
OG0000158	Prbl	Prbg.g_01829	Prbl.g_00843
OG0000158	Praf	Prbg.g_01829	Praf.g_02394
OG0000158	Prah	Prbg.g_01829	Prah.g_02242
OG0000158	Syaa	Prbg.g_01829	Syaa.g_00148
OG0000158	Syac	Prbg.g_01829	Syac.g_00182
OG0000158	Syah	Prbg.g_01829	Syah.g_00204
OG0000158	Syaf	Prbg.g_01829	Syaf.g_00364
OG0000158	Syam	Prbg.g_01829	Syam.g_00139
OG0000158	Syai	Prbg.g_01829	Syai.g_00135
OG0000158	Syae	Prbg.g_01829	Syae.g_01858
OG0000158	Syad	Prbg.g_01829	Syad.g_00374
OG0000158	Syaj	Prbg.g_01829	Syaj.g_02445
OG0000158	Syao	Prbg.g_01829	Syao.g_01141, Syao.g_02267
OG0000158	Syab	Prbg.g_01829	Syab.g_00161
OG0000158	Syal	Prbg.g_01829	Syal.g_01431
OG0000158	Syak	Prbg.g_01829	Syak.g_01624
OG0000158	Syaq	Prbg.g_01829	Syaq.g_01003
OG0000158	Syag	Prbg.g_01829	Syag.g_02422
OG0000158	Syar	Prbg.g_01829	Syar.g_00650
OG0000158	Syap	Prbg.g_01829	Syap.g_01075
OG0000158	Syan	Prbg.g_01829	Syan.g_01078, Syan.g_01926
OG0000158	Syas	Prbg.g_01829	Syas.g_02185
OG0000158	Syat	Prbg.g_01829	Syat.g_02163
OG0000158	Pram	Prbg.g_01829	Pram.g_01815
OG0000158	Prbh	Prbg.g_01829	Prbh.g_01599
OG0000158	Prak	Prbg.g_01829	Prak.g_01824
OG0000158	Prap	Prbg.g_01829	Prap.g_01598
OG0000158	Prbe	Prbg.g_01829	Prbe.g_00792
OG0000158	Prbf	Prbg.g_01829	Prbf.g_00514
OG0000158	Prbn	Prbg.g_01829	Prbn.g_01014
OG0000159	Pral	Prbg.g_00809	Pral.g_01263
OG0000159	Syao	Prbg.g_00809	Syao.g_02006
OG0000159	Syap	Prbg.g_00809	Syap.g_00852
OG0000159	Syar	Prbg.g_00809	Syar.g_02359, Syar.g_02762
OG0000159	Syas	Prbg.g_00809	Syas.g_01155
OG0000159	Syat	Prbg.g_00809	Syat.g_01187
OG0000159	Syac	Prbg.g_00809	Syac.g_00181
OG0000159	Syad	Prbg.g_00809	Syad.g_00373
OG0000159	Syag	Prbg.g_00809	Syag.g_02425
OG0000159	Syaa	Prbg.g_00809	Syaa.g_00456
OG0000159	Syab	Prbg.g_00809	Syab.g_00148
OG0000159	Syal	Prbg.g_00809	Syal.g_01400
OG0000159	Syan	Prbg.g_00809	Syan.g_01126
OG0000159	Syaf	Prbg.g_00809	Syaf.g_00311
OG0000159	Syak	Prbg.g_00809	Syak.g_01580
OG0000159	Pram	Prbg.g_00809	Pram.g_00045
OG0000159	Prbh	Prbg.g_00809	Prbh.g_00722
OG0000159	Prak	Prbg.g_00809	Prak.g_00065
OG0000159	Prap	Prbg.g_00809	Prap.g_00890
OG0000159	Prbe	Prbg.g_00809	Prbe.g_00165
OG0000159	Prbf	Prbg.g_00809	Prbf.g_01387
OG0000159	Prbn	Prbg.g_00809	Prbn.g_00717
OG0000160	Prac	Prbg.g_00592	Prac.g_00410
OG0000160	Praq	Prbg.g_00592	Praq.g_00295
OG0000160	Prar	Prbg.g_00592	Prar.g_00338
OG0000160	Prbi	Prbg.g_00592	Prbi.g_01592
OG0000160	Prae	Prbg.g_00592	Prae.g_01460
OG0000160	Prao	Prbg.g_00592	Prao.g_01398
OG0000160	Pray	Prbg.g_00592	Pray.g_01721
OG0000160	Praz	Prbg.g_00592	Praz.g_01040
OG0000160	Prba	Prbg.g_00592	Prba.g_00712
OG0000160	Prbd	Prbg.g_00592	Prbd.g_01688
OG0000160	Pras	Prbg.g_00592	Pras.g_00351
OG0000160	Prau	Prbg.g_00592	Prau.g_01532
OG0000160	Praa	Prbg.g_00592	Praa.g_01477
OG0000160	Prax	Prbg.g_00592	Prax.g_01727
OG0000160	Prav	Prbg.g_00592	Prav.g_01579
OG0000160	Prad	Prbg.g_00592	Prad.g_00514
OG0000160	Prab	Prbg.g_00592	Prab.g_01467
OG0000160	Pran	Prbg.g_00592	Pran.g_00732
OG0000160	Prai	Prbg.g_00592	Prai.g_01464
OG0000160	Prag	Prbg.g_00592	Prag.g_01491
OG0000160	Praw	Prbg.g_00592	Praw.g_01079, Praw.g_01080
OG0000160	Prbm	Prbg.g_00592	Prbm.g_01711
OG0000160	Prbc	Prbg.g_00592	Prbc.g_00710
OG0000160	Praj	Prbg.g_00592	Praj.g_01633
OG0000160	Prbb	Prbg.g_00592	Prbb.g_01687
OG0000160	Syar	Prbg.g_00592	Syar.g_02807
OG0000160	Syan	Prbg.g_00592	Syan.g_01274
OG0000160	Syao	Prbg.g_00592	Syao.g_01488
OG0000160	Syas	Prbg.g_00592	Syas.g_02820
OG0000160	Syap	Prbg.g_00592	Syap.g_02470, Syap.g_02469
OG0000160	Syat	Prbg.g_00592	Syat.g_01224
OG0000160	Syab	Prbg.g_00592	Syab.g_00774
OG0000160	Syal	Prbg.g_00592	Syal.g_00372
OG0000160	Syak	Prbg.g_00592	Syak.g_01043
OG0000160	Syag	Prbg.g_00592	Syag.g_01415
OG0000160	Syaq	Prbg.g_00592	Syaq.g_00374
OG0000160	Prah	Prbg.g_00592	Prah.g_00407
OG0000160	Praf	Prbg.g_00592	Praf.g_01795
OG0000160	Prbj	Prbg.g_00592	Prbj.g_01057
OG0000160	Prbk	Prbg.g_00592	Prbk.g_00260
OG0000160	Prbl	Prbg.g_00592	Prbl.g_00241
OG0000160	Syae	Prbg.g_00592	Syae.g_02650
OG0000160	Syac	Prbg.g_00592	Syac.g_01633
OG0000160	Syah	Prbg.g_00592	Syah.g_01289
OG0000160	Syai	Prbg.g_00592	Syai.g_00952
OG0000160	Syaf	Prbg.g_00592	Syaf.g_02418
OG0000160	Syam	Prbg.g_00592	Syam.g_01614
OG0000160	Syaa	Prbg.g_00592	Syaa.g_01776
OG0000160	Syad	Prbg.g_00592	Syad.g_02279
OG0000160	Syaj	Prbg.g_00592	Syaj.g_01382
OG0000160	Pral	Prbg.g_00592	Pral.g_01160
OG0000160	Prat	Prbg.g_00592	Prat.g_01354
OG0000160	Pram	Prbg.g_00592	Pram.g_01377
OG0000160	Prbh	Prbg.g_00592	Prbh.g_00100
OG0000160	Prak	Prbg.g_00592	Prak.g_01392
OG0000160	Prap	Prbg.g_00592	Prap.g_00122
OG0000160	Prbe	Prbg.g_00592	Prbe.g_00310
OG0000160	Prbf	Prbg.g_00592	Prbf.g_00158
OG0000160	Prbn	Prbg.g_00592	Prbn.g_00213
OG0000161	Prab	Prbg.g_00598	Prab.g_01473
OG0000161	Pran	Prbg.g_00598	Pran.g_00726
OG0000161	Prai	Prbg.g_00598	Prai.g_01470
OG0000161	Prac	Prbg.g_00598	Prac.g_00404
OG0000161	Praq	Prbg.g_00598	Praq.g_00301
OG0000161	Prar	Prbg.g_00598	Prar.g_00840
OG0000161	Prao	Prbg.g_00598	Prao.g_01404
OG0000161	Prag	Prbg.g_00598	Prag.g_01497
OG0000161	Praw	Prbg.g_00598	Praw.g_00344
OG0000161	Prav	Prbg.g_00598	Prav.g_01585
OG0000161	Prad	Prbg.g_00598	Prad.g_00508
OG0000161	Prax	Prbg.g_00598	Prax.g_01721
OG0000161	Praa	Prbg.g_00598	Praa.g_01483
OG0000161	Prbd	Prbg.g_00598	Prbd.g_01682
OG0000161	Prae	Prbg.g_00598	Prae.g_01466
OG0000161	Pray	Prbg.g_00598	Pray.g_01715
OG0000161	Praz	Prbg.g_00598	Praz.g_01034
OG0000161	Prba	Prbg.g_00598	Prba.g_00706
OG0000161	Prbi	Prbg.g_00598	Prbi.g_01598
OG0000161	Pras	Prbg.g_00598	Pras.g_00357
OG0000161	Prau	Prbg.g_00598	Prau.g_01538
OG0000161	Prbm	Prbg.g_00598	Prbm.g_01717
OG0000161	Prbc	Prbg.g_00598	Prbc.g_00716
OG0000161	Praj	Prbg.g_00598	Praj.g_01639
OG0000161	Prbb	Prbg.g_00598	Prbb.g_01693
OG0000161	Syae	Prbg.g_00598	Syae.g_02644
OG0000161	Syad	Prbg.g_00598	Syad.g_02287
OG0000161	Syaj	Prbg.g_00598	Syaj.g_01389
OG0000161	Syaa	Prbg.g_00598	Syaa.g_01782
OG0000161	Syac	Prbg.g_00598	Syac.g_01641
OG0000161	Syah	Prbg.g_00598	Syah.g_01282
OG0000161	Syaf	Prbg.g_00598	Syaf.g_02424
OG0000161	Syai	Prbg.g_00598	Syai.g_00946
OG0000161	Syam	Prbg.g_00598	Syam.g_01620
OG0000161	Syan	Prbg.g_00598	Syan.g_01268
OG0000161	Syao	Prbg.g_00598	Syao.g_01494
OG0000161	Syat	Prbg.g_00598	Syat.g_01180
OG0000161	Syap	Prbg.g_00598	Syap.g_02476
OG0000161	Syas	Prbg.g_00598	Syas.g_02826
OG0000161	Syar	Prbg.g_00598	Syar.g_02801
OG0000161	Syag	Prbg.g_00598	Syag.g_01409
OG0000161	Syaq	Prbg.g_00598	Syaq.g_00382
OG0000161	Syab	Prbg.g_00598	Syab.g_00766
OG0000161	Syal	Prbg.g_00598	Syal.g_00384
OG0000161	Syak	Prbg.g_00598	Syak.g_01050
OG0000161	Prbj	Prbg.g_00598	Prbj.g_01071
OG0000161	Prbk	Prbg.g_00598	Prbk.g_00274
OG0000161	Prbl	Prbg.g_00598	Prbl.g_00227
OG0000161	Praf	Prbg.g_00598	Praf.g_01805
OG0000161	Prah	Prbg.g_00598	Prah.g_00399
OG0000161	Pral	Prbg.g_00598	Pral.g_01154
OG0000161	Prat	Prbg.g_00598	Prat.g_01360
OG0000161	Pram	Prbg.g_00598	Pram.g_01145, Pram.g_01371
OG0000161	Prbh	Prbg.g_00598	Prbh.g_01288, Prbh.g_00106
OG0000161	Prak	Prbg.g_00598	Prak.g_01398
OG0000161	Prap	Prbg.g_00598	Prap.g_00128
OG0000161	Prbe	Prbg.g_00598	Prbe.g_00304
OG0000161	Prbf	Prbg.g_00598	Prbf.g_00164
OG0000161	Prbn	Prbg.g_00598	Prbn.g_00219
OG0000162	Praa	Prbg.g_00604	Praa.g_01489
OG0000162	Prbd	Prbg.g_00604	Prbd.g_01676
OG0000162	Prab	Prbg.g_00604	Prab.g_01479
OG0000162	Pran	Prbg.g_00604	Pran.g_00720
OG0000162	Prai	Prbg.g_00604	Prai.g_01476
OG0000162	Prau	Prbg.g_00604	Prau.g_01544
OG0000162	Pras	Prbg.g_00604	Pras.g_00363
OG0000162	Prac	Prbg.g_00604	Prac.g_00398
OG0000162	Praq	Prbg.g_00604	Praq.g_00307
OG0000162	Prar	Prbg.g_00604	Prar.g_00834
OG0000162	Prag	Prbg.g_00604	Prag.g_01503
OG0000162	Praw	Prbg.g_00604	Praw.g_00350
OG0000162	Prao	Prbg.g_00604	Prao.g_01410
OG0000162	Pray	Prbg.g_00604	Pray.g_01709
OG0000162	Praz	Prbg.g_00604	Praz.g_01028
OG0000162	Prba	Prbg.g_00604	Prba.g_00700
OG0000162	Prae	Prbg.g_00604	Prae.g_01472
OG0000162	Prax	Prbg.g_00604	Prax.g_01715
OG0000162	Prad	Prbg.g_00604	Prad.g_00502
OG0000162	Prav	Prbg.g_00604	Prav.g_01591
OG0000162	Prbi	Prbg.g_00604	Prbi.g_01604
OG0000162	Praf	Prbg.g_00604	Praf.g_01817
OG0000162	Prbj	Prbg.g_00604	Prbj.g_01077
OG0000162	Prbk	Prbg.g_00604	Prbk.g_00280
OG0000162	Prbl	Prbg.g_00604	Prbl.g_00221
OG0000162	Prah	Prbg.g_00604	Prah.g_00391
OG0000162	Syac	Prbg.g_00604	Syac.g_01648
OG0000162	Syah	Prbg.g_00604	Syah.g_01276
OG0000162	Syae	Prbg.g_00604	Syae.g_02638
OG0000162	Syad	Prbg.g_00604	Syad.g_02293
OG0000162	Syaj	Prbg.g_00604	Syaj.g_01395
OG0000162	Syaa	Prbg.g_00604	Syaa.g_01788
OG0000162	Syaf	Prbg.g_00604	Syaf.g_02431
OG0000162	Syai	Prbg.g_00604	Syai.g_00939
OG0000162	Syam	Prbg.g_00604	Syam.g_01627
OG0000162	Syap	Prbg.g_00604	Syap.g_02531
OG0000162	Syas	Prbg.g_00604	Syas.g_02751
OG0000162	Syat	Prbg.g_00604	Syat.g_01281
OG0000162	Syan	Prbg.g_00604	Syan.g_01059, Syan.g_01254, Syan.g_01330
OG0000162	Syao	Prbg.g_00604	Syao.g_01515
OG0000162	Syar	Prbg.g_00604	Syar.g_02863
OG0000162	Syab	Prbg.g_00604	Syab.g_00755
OG0000162	Syal	Prbg.g_00604	Syal.g_00396
OG0000162	Syak	Prbg.g_00604	Syak.g_01058
OG0000162	Syag	Prbg.g_00604	Syag.g_01402
OG0000162	Syaq	Prbg.g_00604	Syaq.g_00389
OG0000162	Praj	Prbg.g_00604	Praj.g_01645
OG0000162	Prbb	Prbg.g_00604	Prbb.g_01699
OG0000162	Prbm	Prbg.g_00604	Prbm.g_01723
OG0000162	Prbc	Prbg.g_00604	Prbc.g_00722
OG0000162	Pral	Prbg.g_00604	Pral.g_01148
OG0000162	Prat	Prbg.g_00604	Prat.g_01366
OG0000162	Pram	Prbg.g_00604	Pram.g_01365
OG0000162	Prbh	Prbg.g_00604	Prbh.g_00112
OG0000162	Prak	Prbg.g_00604	Prak.g_01404
OG0000162	Prap	Prbg.g_00604	Prap.g_00134
OG0000162	Prbe	Prbg.g_00604	Prbe.g_00298
OG0000162	Prbf	Prbg.g_00604	Prbf.g_00170
OG0000162	Prbn	Prbg.g_00604	Prbn.g_00225
OG0000163	Prac	Prbg.g_00643	Prac.g_00364
OG0000163	Praq	Prbg.g_00643	Praq.g_00341
OG0000163	Prar	Prbg.g_00643	Prar.g_00800
OG0000163	Prav	Prbg.g_00643	Prav.g_01625
OG0000163	Prab	Prbg.g_00643	Prab.g_01513
OG0000163	Pran	Prbg.g_00643	Pran.g_00686
OG0000163	Prai	Prbg.g_00643	Prai.g_01509
OG0000163	Prad	Prbg.g_00643	Prad.g_00467
OG0000163	Prag	Prbg.g_00643	Prag.g_01537
OG0000163	Praw	Prbg.g_00643	Praw.g_00384
OG0000163	Praa	Prbg.g_00643	Praa.g_01523
OG0000163	Prao	Prbg.g_00643	Prao.g_01443
OG0000163	Prax	Prbg.g_00643	Prax.g_01681
OG0000163	Prae	Prbg.g_00643	Prae.g_01506
OG0000163	Pray	Prbg.g_00643	Pray.g_01675
OG0000163	Praz	Prbg.g_00643	Praz.g_00994
OG0000163	Prba	Prbg.g_00643	Prba.g_00341
OG0000163	Prbd	Prbg.g_00643	Prbd.g_01642
OG0000163	Prbi	Prbg.g_00643	Prbi.g_01637
OG0000163	Pras	Prbg.g_00643	Pras.g_00399
OG0000163	Prau	Prbg.g_00643	Prau.g_01578
OG0000163	Prah	Prbg.g_00643	Prah.g_01619
OG0000163	Praf	Prbg.g_00643	Praf.g_00538
OG0000163	Prbj	Prbg.g_00643	Prbj.g_01688
OG0000163	Prbk	Prbg.g_00643	Prbk.g_02002
OG0000163	Prbl	Prbg.g_00643	Prbl.g_00452
OG0000163	Syao	Prbg.g_00643	Syao.g_01745
OG0000163	Syas	Prbg.g_00643	Syas.g_01488
OG0000163	Syan	Prbg.g_00643	Syan.g_02405
OG0000163	Syat	Prbg.g_00643	Syat.g_02979
OG0000163	Syar	Prbg.g_00643	Syar.g_00639, Syar.g_01186
OG0000163	Syag	Prbg.g_00643	Syag.g_00706, Syag.g_01618
OG0000163	Syaq	Prbg.g_00643	Syaq.g_02373, Syaq.g_01730
OG0000163	Syak	Prbg.g_00643	Syak.g_02478
OG0000163	Syaf	Prbg.g_00643	Syaf.g_01105
OG0000163	Syam	Prbg.g_00643	Syam.g_01927
OG0000163	Syai	Prbg.g_00643	Syai.g_02300
OG0000163	Syaa	Prbg.g_00643	Syaa.g_00624
OG0000163	Syad	Prbg.g_00643	Syad.g_02542
OG0000163	Syaj	Prbg.g_00643	Syaj.g_01639
OG0000163	Syae	Prbg.g_00643	Syae.g_01092
OG0000163	Syac	Prbg.g_00643	Syac.g_00619
OG0000163	Syah	Prbg.g_00643	Syah.g_02315
OG0000163	Syab	Prbg.g_00643	Syab.g_02173
OG0000163	Syal	Prbg.g_00643	Syal.g_02971
OG0000163	Prbm	Prbg.g_00643	Prbm.g_01759
OG0000163	Prbc	Prbg.g_00643	Prbc.g_00758
OG0000163	Prbb	Prbg.g_00643	Prbb.g_01735
OG0000163	Praj	Prbg.g_00643	Praj.g_01681
OG0000163	Pral	Prbg.g_00643	Pral.g_01106
OG0000163	Prat	Prbg.g_00643	Prat.g_01409
OG0000163	Pram	Prbg.g_00643	Pram.g_01326
OG0000163	Prbh	Prbg.g_00643	Prbh.g_00151
OG0000163	Prak	Prbg.g_00643	Prak.g_01443
OG0000163	Prap	Prbg.g_00643	Prap.g_00173
OG0000163	Prbe	Prbg.g_00643	Prbe.g_00259
OG0000163	Prbf	Prbg.g_00643	Prbf.g_00209
OG0000163	Prbn	Prbg.g_00643	Prbn.g_00264
OG0000164	Prab	Prbg.g_01674	Prab.g_01693
OG0000164	Pran	Prbg.g_01674	Pran.g_00994
OG0000164	Prai	Prbg.g_01674	Prai.g_01662
OG0000164	Prac	Prbg.g_01674	Prac.g_00601
OG0000164	Praq	Prbg.g_01674	Praq.g_00473
OG0000164	Prar	Prbg.g_01674	Prar.g_01964
OG0000164	Prae	Prbg.g_01674	Prae.g_01647
OG0000164	Prao	Prbg.g_01674	Prao.g_01576
OG0000164	Prad	Prbg.g_01674	Prad.g_00917
OG0000164	Pras	Prbg.g_01674	Pras.g_00574
OG0000164	Prau	Prbg.g_01674	Prau.g_01756
OG0000164	Prav	Prbg.g_01674	Prav.g_01785
OG0000164	Prax	Prbg.g_01674	Prax.g_01535
OG0000164	Prbd	Prbg.g_01674	Prbd.g_01501
OG0000164	Praa	Prbg.g_01674	Praa.g_01659
OG0000164	Pray	Prbg.g_01674	Pray.g_01535
OG0000164	Praz	Prbg.g_01674	Praz.g_00853
OG0000164	Prba	Prbg.g_01674	Prba.g_00596
OG0000164	Prbi	Prbg.g_01674	Prbi.g_01811
OG0000164	Prag	Prbg.g_01674	Prag.g_01693
OG0000164	Praw	Prbg.g_01674	Praw.g_00539
OG0000164	Prbm	Prbg.g_01674	Prbm.g_01863
OG0000164	Prbb	Prbg.g_01674	Prbb.g_01845
OG0000164	Praj	Prbg.g_01674	Praj.g_01790
OG0000164	Prbc	Prbg.g_01674	Prbc.g_00854
OG0000164	Praf	Prbg.g_01674	Praf.g_00453
OG0000164	Prah	Prbg.g_01674	Prah.g_01705
OG0000164	Prbj	Prbg.g_01674	Prbj.g_00476
OG0000164	Prbk	Prbg.g_01674	Prbk.g_01432
OG0000164	Prbl	Prbg.g_01674	Prbl.g_00365
OG0000164	Syak	Prbg.g_01674	Syak.g_02384
OG0000164	Syab	Prbg.g_01674	Syab.g_02307
OG0000164	Syal	Prbg.g_01674	Syal.g_00623
OG0000164	Syag	Prbg.g_01674	Syag.g_01725
OG0000164	Syaq	Prbg.g_01674	Syaq.g_01642
OG0000164	Syac	Prbg.g_01674	Syac.g_00508
OG0000164	Syah	Prbg.g_01674	Syah.g_02423
OG0000164	Syar	Prbg.g_01674	Syar.g_03168, Syar.g_02969
OG0000164	Syaa	Prbg.g_01674	Syaa.g_00507
OG0000164	Syaf	Prbg.g_01674	Syaf.g_00999
OG0000164	Syai	Prbg.g_01674	Syai.g_02411
OG0000164	Syam	Prbg.g_01674	Syam.g_02023
OG0000164	Syan	Prbg.g_01674	Syan.g_01440
OG0000164	Syao	Prbg.g_01674	Syao.g_01663
OG0000164	Syat	Prbg.g_01674	Syat.g_03040
OG0000164	Syas	Prbg.g_01674	Syas.g_02648
OG0000164	Syap	Prbg.g_01674	Syap.g_01391, Syap.g_01392
OG0000164	Syae	Prbg.g_01674	Syae.g_01198
OG0000164	Syad	Prbg.g_01674	Syad.g_02659
OG0000164	Syaj	Prbg.g_01674	Syaj.g_01758
OG0000164	Pral	Prbg.g_01674	Pral.g_00131
OG0000164	Prat	Prbg.g_01674	Prat.g_01615
OG0000164	Pram	Prbg.g_01674	Pram.g_01656
OG0000164	Prbh	Prbg.g_01674	Prbh.g_01758
OG0000164	Prak	Prbg.g_01674	Prak.g_01669
OG0000164	Prap	Prbg.g_01674	Prap.g_01754
OG0000164	Prbe	Prbg.g_01674	Prbe.g_00961
OG0000164	Prbf	Prbg.g_01674	Prbf.g_00669
OG0000164	Prbn	Prbg.g_01674	Prbn.g_01770
OG0000165	Prab	Prbg.g_01681	Prab.g_01700
OG0000165	Pran	Prbg.g_01681	Pran.g_01001
OG0000165	Prai	Prbg.g_01681	Prai.g_01669
OG0000165	Prao	Prbg.g_01681	Prao.g_01583
OG0000165	Prbd	Prbg.g_01681	Prbd.g_01494
OG0000165	Prav	Prbg.g_01681	Prav.g_01792
OG0000165	Prac	Prbg.g_01681	Prac.g_00594
OG0000165	Praq	Prbg.g_01681	Praq.g_00466
OG0000165	Prar	Prbg.g_01681	Prar.g_01971
OG0000165	Prbi	Prbg.g_01681	Prbi.g_01818
OG0000165	Prax	Prbg.g_01681	Prax.g_01528
OG0000165	Pras	Prbg.g_01681	Pras.g_00581
OG0000165	Pray	Prbg.g_01681	Pray.g_01528
OG0000165	Praz	Prbg.g_01681	Praz.g_00846
OG0000165	Prba	Prbg.g_01681	Prba.g_00589
OG0000165	Praa	Prbg.g_01681	Praa.g_01667
OG0000165	Prau	Prbg.g_01681	Prau.g_01763
OG0000165	Prae	Prbg.g_01681	Prae.g_01654
OG0000165	Prad	Prbg.g_01681	Prad.g_00910
OG0000165	Prag	Prbg.g_01681	Prag.g_01700
OG0000165	Praw	Prbg.g_01681	Praw.g_00546
OG0000165	Prbm	Prbg.g_01681	Prbm.g_01871
OG0000165	Prbc	Prbg.g_01681	Prbc.g_00862
OG0000165	Prbb	Prbg.g_01681	Prbb.g_01853
OG0000165	Praj	Prbg.g_01681	Praj.g_01798
OG0000165	Pral	Prbg.g_01681	Pral.g_00138
OG0000165	Prat	Prbg.g_01681	Prat.g_01623
OG0000165	Prbj	Prbg.g_01681	Prbj.g_00467
OG0000165	Prbk	Prbg.g_01681	Prbk.g_01423
OG0000165	Prbl	Prbg.g_01681	Prbl.g_00356
OG0000165	Praf	Prbg.g_01681	Praf.g_00444
OG0000165	Prah	Prbg.g_01681	Prah.g_01716
OG0000165	Syak	Prbg.g_01681	Syak.g_02374
OG0000165	Syaq	Prbg.g_01681	Syaq.g_01630
OG0000165	Syag	Prbg.g_01681	Syag.g_01733
OG0000165	Syab	Prbg.g_01681	Syab.g_02316
OG0000165	Syal	Prbg.g_01681	Syal.g_00632
OG0000165	Syan	Prbg.g_01681	Syan.g_01448
OG0000165	Syao	Prbg.g_01681	Syao.g_01655
OG0000165	Syar	Prbg.g_01681	Syar.g_02976
OG0000165	Syat	Prbg.g_01681	Syat.g_03033
OG0000165	Syas	Prbg.g_01681	Syas.g_02609
OG0000165	Syap	Prbg.g_01681	Syap.g_01381, Syap.g_01382
OG0000165	Syac	Prbg.g_01681	Syac.g_00674
OG0000165	Syah	Prbg.g_01681	Syah.g_02251
OG0000165	Syaf	Prbg.g_01681	Syaf.g_01197
OG0000165	Syai	Prbg.g_01681	Syai.g_02244
OG0000165	Syam	Prbg.g_01681	Syam.g_01879, Syam.g_01878
OG0000165	Syaa	Prbg.g_01681	Syaa.g_00681
OG0000165	Syae	Prbg.g_01681	Syae.g_01021
OG0000165	Syad	Prbg.g_01681	Syad.g_02476
OG0000165	Syaj	Prbg.g_01681	Syaj.g_01582
OG0000165	Pram	Prbg.g_01681	Pram.g_01664
OG0000165	Prbh	Prbg.g_01681	Prbh.g_01750
OG0000165	Prak	Prbg.g_01681	Prak.g_01676
OG0000165	Prap	Prbg.g_01681	Prap.g_01747
OG0000165	Prbe	Prbg.g_01681	Prbe.g_00954
OG0000165	Prbf	Prbg.g_01681	Prbf.g_00662
OG0000165	Prbn	Prbg.g_01681	Prbn.g_01777
OG0000166	Prag	Prbg.g_01748	Prag.g_01768
OG0000166	Praw	Prbg.g_01748	Praw.g_00132
OG0000166	Pray	Prbg.g_01748	Pray.g_01270
OG0000166	Praz	Prbg.g_01748	Praz.g_00299
OG0000166	Prba	Prbg.g_01748	Prba.g_00393
OG0000166	Prad	Prbg.g_01748	Prad.g_00843
OG0000166	Prae	Prbg.g_01748	Prae.g_01722
OG0000166	Prbd	Prbg.g_01748	Prbd.g_01427
OG0000166	Prax	Prbg.g_01748	Prax.g_01302
OG0000166	Prbi	Prbg.g_01748	Prbi.g_01902
OG0000166	Praa	Prbg.g_01748	Praa.g_01739
OG0000166	Pras	Prbg.g_01748	Pras.g_00651
OG0000166	Prau	Prbg.g_01748	Prau.g_01833
OG0000166	Prao	Prbg.g_01748	Prao.g_01651
OG0000166	Prav	Prbg.g_01748	Prav.g_00596
OG0000166	Prac	Prbg.g_01748	Prac.g_00512
OG0000166	Praq	Prbg.g_01748	Praq.g_00915
OG0000166	Prar	Prbg.g_01748	Prar.g_01063
OG0000166	Prai	Prbg.g_01748	Prai.g_01740
OG0000166	Prab	Prbg.g_01748	Prab.g_01766
OG0000166	Pran	Prbg.g_01748	Pran.g_01069, Pran.g_01068
OG0000166	Pral	Prbg.g_01748	Pral.g_00206
OG0000166	Prat	Prbg.g_01748	Prat.g_01690
OG0000166	Prbm	Prbg.g_01748	Prbm.g_01996
OG0000166	Prbb	Prbg.g_01748	Prbb.g_01964
OG0000166	Praj	Prbg.g_01748	Praj.g_01915
OG0000166	Prbc	Prbg.g_01748	Prbc.g_00321
OG0000166	Syar	Prbg.g_01748	Syar.g_01034
OG0000166	Syan	Prbg.g_01748	Syan.g_02239
OG0000166	Syao	Prbg.g_01748	Syao.g_01790
OG0000166	Syap	Prbg.g_01748	Syap.g_00512, Syap.g_01238
OG0000166	Syas	Prbg.g_01748	Syas.g_01629
OG0000166	Syat	Prbg.g_01748	Syat.g_01822
OG0000166	Syai	Prbg.g_01748	Syai.g_00364
OG0000166	Syaf	Prbg.g_01748	Syaf.g_00133
OG0000166	Syam	Prbg.g_01748	Syam.g_00330
OG0000166	Syaa	Prbg.g_01748	Syaa.g_02289
OG0000166	Syae	Prbg.g_01748	Syae.g_02085
OG0000166	Syac	Prbg.g_01748	Syac.g_02132
OG0000166	Syah	Prbg.g_01748	Syah.g_00747
OG0000166	Syad	Prbg.g_01748	Syad.g_00654
OG0000166	Syaj	Prbg.g_01748	Syaj.g_02698
OG0000166	Syaq	Prbg.g_01748	Syaq.g_00647
OG0000166	Syak	Prbg.g_01748	Syak.g_01345
OG0000166	Syab	Prbg.g_01748	Syab.g_00407
OG0000166	Syal	Prbg.g_01748	Syal.g_00236
OG0000166	Syag	Prbg.g_01748	Syag.g_02733
OG0000166	Prah	Prbg.g_01748	Prah.g_02033
OG0000166	Praf	Prbg.g_01748	Praf.g_02157
OG0000166	Prbj	Prbg.g_01748	Prbj.g_01019
OG0000166	Prbk	Prbg.g_01748	Prbk.g_00982
OG0000166	Prbl	Prbg.g_01748	Prbl.g_00962
OG0000166	Pram	Prbg.g_01748	Pram.g_01733
OG0000166	Prbh	Prbg.g_01748	Prbh.g_01681
OG0000166	Prak	Prbg.g_01748	Prak.g_01743
OG0000166	Prap	Prbg.g_01748	Prap.g_01680
OG0000166	Prbe	Prbg.g_01748	Prbe.g_01083
OG0000166	Prbf	Prbg.g_01748	Prbf.g_00595
OG0000166	Prbn	Prbg.g_01748	Prbn.g_01844
OG0000167	Prbi	Prbg.g_01819	Prbi.g_01968
OG0000167	Pray	Prbg.g_01819	Pray.g_01337
OG0000167	Praz	Prbg.g_01819	Praz.g_00232
OG0000167	Prba	Prbg.g_01819	Prba.g_01069
OG0000167	Prad	Prbg.g_01819	Prad.g_00777
OG0000167	Prao	Prbg.g_01819	Prao.g_01717
OG0000167	Praa	Prbg.g_01819	Praa.g_01806
OG0000167	Prae	Prbg.g_01819	Prae.g_01789
OG0000167	Pras	Prbg.g_01819	Pras.g_00717
OG0000167	Prau	Prbg.g_01819	Prau.g_01899
OG0000167	Prbd	Prbg.g_01819	Prbd.g_01361
OG0000167	Prax	Prbg.g_01819	Prax.g_01368
OG0000167	Prag	Prbg.g_01819	Prag.g_01834
OG0000167	Praw	Prbg.g_01819	Praw.g_00066
OG0000167	Prav	Prbg.g_01819	Prav.g_00663
OG0000167	Prac	Prbg.g_01819	Prac.g_00015
OG0000167	Praq	Prbg.g_01819	Praq.g_00737
OG0000167	Prar	Prbg.g_01819	Prar.g_00627
OG0000167	Prab	Prbg.g_01819	Prab.g_01832
OG0000167	Pran	Prbg.g_01819	Pran.g_01135
OG0000167	Prai	Prbg.g_01819	Prai.g_01812
OG0000167	Prbc	Prbg.g_01819	Prbc.g_00238
OG0000167	Prbm	Prbg.g_01819	Prbm.g_02067
OG0000167	Praj	Prbg.g_01819	Praj.g_01985
OG0000167	Prbb	Prbg.g_01819	Prbb.g_02034
OG0000167	Pram	Prbg.g_01819	Pram.g_01805
OG0000167	Prbh	Prbg.g_01819	Prbh.g_01609
OG0000167	Prbj	Prbg.g_01819	Prbj.g_01500
OG0000167	Prbk	Prbg.g_01819	Prbk.g_00512
OG0000167	Prbl	Prbg.g_01819	Prbl.g_00857
OG0000167	Prah	Prbg.g_01819	Prah.g_02230
OG0000167	Praf	Prbg.g_01819	Praf.g_02382, Praf.g_02378, Praf.g_02380
OG0000167	Syae	Prbg.g_01819	Syae.g_01874
OG0000167	Syad	Prbg.g_01819	Syad.g_00419
OG0000167	Syaj	Prbg.g_01819	Syaj.g_02460
OG0000167	Syaa	Prbg.g_01819	Syaa.g_00160
OG0000167	Syam	Prbg.g_01819	Syam.g_00151
OG0000167	Syai	Prbg.g_01819	Syai.g_00164
OG0000167	Syaf	Prbg.g_01819	Syaf.g_00350
OG0000167	Syac	Prbg.g_01819	Syac.g_00194
OG0000167	Syah	Prbg.g_01819	Syah.g_00183
OG0000167	Syak	Prbg.g_01819	Syak.g_01561
OG0000167	Syab	Prbg.g_01819	Syab.g_00205
OG0000167	Syal	Prbg.g_01819	Syal.g_01347
OG0000167	Syag	Prbg.g_01819	Syag.g_02437
OG0000167	Syaq	Prbg.g_01819	Syaq.g_00983
OG0000167	Syar	Prbg.g_01819	Syar.g_00662
OG0000167	Syas	Prbg.g_01819	Syas.g_01449
OG0000167	Syat	Prbg.g_01819	Syat.g_02148
OG0000167	Syap	Prbg.g_01819	Syap.g_02080
OG0000167	Syan	Prbg.g_01819	Syan.g_01941
OG0000167	Syao	Prbg.g_01819	Syao.g_01960
OG0000167	Pral	Prbg.g_01819	Pral.g_00277
OG0000167	Prat	Prbg.g_01819	Prat.g_01759
OG0000167	Prak	Prbg.g_01819	Prak.g_01814
OG0000167	Prap	Prbg.g_01819	Prap.g_01608
OG0000167	Prbe	Prbg.g_01819	Prbe.g_00802
OG0000167	Prbf	Prbg.g_01819	Prbf.g_00524
OG0000167	Prbn	Prbg.g_01819	Prbn.g_01915
OG0000168	Pray	Prbg.g_01830	Pray.g_01347
OG0000168	Praz	Prbg.g_01830	Praz.g_00222
OG0000168	Prba	Prbg.g_01830	Prba.g_01079
OG0000168	Prae	Prbg.g_01830	Prae.g_01799
OG0000168	Praa	Prbg.g_01830	Praa.g_01816
OG0000168	Prax	Prbg.g_01830	Prax.g_01378
OG0000168	Prbd	Prbg.g_01830	Prbd.g_01351
OG0000168	Prbi	Prbg.g_01830	Prbi.g_01978
OG0000168	Prao	Prbg.g_01830	Prao.g_01727
OG0000168	Prad	Prbg.g_01830	Prad.g_00767
OG0000168	Pras	Prbg.g_01830	Pras.g_00727
OG0000168	Prau	Prbg.g_01830	Prau.g_01909
OG0000168	Prag	Prbg.g_01830	Prag.g_01844
OG0000168	Praw	Prbg.g_01830	Praw.g_00056
OG0000168	Prav	Prbg.g_01830	Prav.g_00673
OG0000168	Prac	Prbg.g_01830	Prac.g_00025
OG0000168	Praq	Prbg.g_01830	Praq.g_00747
OG0000168	Prar	Prbg.g_01830	Prar.g_00637
OG0000168	Prab	Prbg.g_01830	Prab.g_01841
OG0000168	Pran	Prbg.g_01830	Pran.g_01144
OG0000168	Prai	Prbg.g_01830	Prai.g_01822
OG0000168	Prbc	Prbg.g_01830	Prbc.g_00227
OG0000168	Praj	Prbg.g_01830	Praj.g_01996
OG0000168	Prbm	Prbg.g_01830	Prbm.g_02078
OG0000168	Prbb	Prbg.g_01830	Prbb.g_02045
OG0000168	Prbj	Prbg.g_01830	Prbj.g_01515
OG0000168	Prbk	Prbg.g_01830	Prbk.g_00527
OG0000168	Prbl	Prbg.g_01830	Prbl.g_00842
OG0000168	Praf	Prbg.g_01830	Praf.g_02395
OG0000168	Prah	Prbg.g_01830	Prah.g_02243
OG0000168	Syas	Prbg.g_01830	Syas.g_02184
OG0000168	Syao	Prbg.g_01830	Syao.g_02128
OG0000168	Syan	Prbg.g_01830	Syan.g_01924, Syan.g_01121, Syan.g_01925
OG0000168	Syar	Prbg.g_01830	Syar.g_00246
OG0000168	Syat	Prbg.g_01830	Syat.g_02164
OG0000168	Syap	Prbg.g_01830	Syap.g_01076
OG0000168	Syag	Prbg.g_01830	Syag.g_02417
OG0000168	Syak	Prbg.g_01830	Syak.g_01625
OG0000168	Syab	Prbg.g_01830	Syab.g_00136
OG0000168	Syal	Prbg.g_01830	Syal.g_01433
OG0000168	Syaq	Prbg.g_01830	Syaq.g_01004
OG0000168	Syae	Prbg.g_01830	Syae.g_01856
OG0000168	Syam	Prbg.g_01830	Syam.g_00138
OG0000168	Syai	Prbg.g_01830	Syai.g_00134
OG0000168	Syaf	Prbg.g_01830	Syaf.g_00365
OG0000168	Syad	Prbg.g_01830	Syad.g_00371
OG0000168	Syaj	Prbg.g_01830	Syaj.g_02444
OG0000168	Syaa	Prbg.g_01830	Syaa.g_00145
OG0000168	Syac	Prbg.g_01830	Syac.g_00179
OG0000168	Syah	Prbg.g_01830	Syah.g_00205
OG0000168	Pral	Prbg.g_01830	Pral.g_00288
OG0000168	Prat	Prbg.g_01830	Prat.g_01770
OG0000168	Pram	Prbg.g_01830	Pram.g_01816
OG0000168	Prbh	Prbg.g_01830	Prbh.g_01598
OG0000168	Prak	Prbg.g_01830	Prak.g_01825
OG0000168	Prap	Prbg.g_01830	Prap.g_01597
OG0000168	Prbe	Prbg.g_01830	Prbe.g_00791
OG0000168	Prbf	Prbg.g_01830	Prbf.g_00513
OG0000168	Prbn	Prbg.g_01830	Prbn.g_01013
OG0000169	Prab	Prbg.g_01840	Prab.g_01851
OG0000169	Pran	Prbg.g_01840	Pran.g_01154
OG0000169	Prai	Prbg.g_01840	Prai.g_01832
OG0000169	Pras	Prbg.g_01840	Pras.g_00737
OG0000169	Prau	Prbg.g_01840	Prau.g_01919
OG0000169	Prao	Prbg.g_01840	Prao.g_01737
OG0000169	Praa	Prbg.g_01840	Praa.g_01826
OG0000169	Prbd	Prbg.g_01840	Prbd.g_01341
OG0000169	Prac	Prbg.g_01840	Prac.g_00035
OG0000169	Praq	Prbg.g_01840	Praq.g_00757
OG0000169	Prar	Prbg.g_01840	Prar.g_00647
OG0000169	Pray	Prbg.g_01840	Pray.g_01357
OG0000169	Praz	Prbg.g_01840	Praz.g_00212
OG0000169	Prba	Prbg.g_01840	Prba.g_00761
OG0000169	Prad	Prbg.g_01840	Prad.g_01637
OG0000169	Prag	Prbg.g_01840	Prag.g_01854
OG0000169	Praw	Prbg.g_01840	Praw.g_00046
OG0000169	Prav	Prbg.g_01840	Prav.g_00683
OG0000169	Prbi	Prbg.g_01840	Prbi.g_01988
OG0000169	Prae	Prbg.g_01840	Prae.g_01809
OG0000169	Prax	Prbg.g_01840	Prax.g_01388
OG0000169	Prbm	Prbg.g_01840	Prbm.g_02088
OG0000169	Prbb	Prbg.g_01840	Prbb.g_02055
OG0000169	Praj	Prbg.g_01840	Praj.g_02006
OG0000169	Prbc	Prbg.g_01840	Prbc.g_00217
OG0000169	Prah	Prbg.g_01840	Prah.g_00163
OG0000169	Praf	Prbg.g_01840	Praf.g_00191
OG0000169	Prbj	Prbg.g_01840	Prbj.g_01581
OG0000169	Prbk	Prbg.g_01840	Prbk.g_00220
OG0000169	Prbl	Prbg.g_01840	Prbl.g_01302
OG0000169	Syas	Prbg.g_01840	Syas.g_02170
OG0000169	Syap	Prbg.g_01840	Syap.g_01049, Syap.g_01093
OG0000169	Syan	Prbg.g_01840	Syan.g_01912
OG0000169	Syao	Prbg.g_01840	Syao.g_02139
OG0000169	Syag	Prbg.g_01840	Syag.g_02405
OG0000169	Syat	Prbg.g_01840	Syat.g_02192
OG0000169	Syar	Prbg.g_01840	Syar.g_00262
OG0000169	Syak	Prbg.g_01840	Syak.g_01637
OG0000169	Syaq	Prbg.g_01840	Syaq.g_01016
OG0000169	Syab	Prbg.g_01840	Syab.g_00125
OG0000169	Syal	Prbg.g_01840	Syal.g_01447
OG0000169	Syae	Prbg.g_01840	Syae.g_01841
OG0000169	Syaf	Prbg.g_01840	Syaf.g_00376
OG0000169	Syai	Prbg.g_01840	Syai.g_00123
OG0000169	Syam	Prbg.g_01840	Syam.g_00127
OG0000169	Syaa	Prbg.g_01840	Syaa.g_00134
OG0000169	Syac	Prbg.g_01840	Syac.g_00168
OG0000169	Syah	Prbg.g_01840	Syah.g_00237
OG0000169	Syad	Prbg.g_01840	Syad.g_00360
OG0000169	Syaj	Prbg.g_01840	Syaj.g_02431, Syaj.g_02429
OG0000169	Prat	Prbg.g_01840	Prat.g_01781
OG0000169	Pral	Prbg.g_01840	Pral.g_00298
OG0000169	Pram	Prbg.g_01840	Pram.g_01826
OG0000169	Prbh	Prbg.g_01840	Prbh.g_01588
OG0000169	Prak	Prbg.g_01840	Prak.g_01835
OG0000169	Prap	Prbg.g_01840	Prap.g_01587
OG0000169	Prbe	Prbg.g_01840	Prbe.g_00781
OG0000169	Prbf	Prbg.g_01840	Prbf.g_00503
OG0000169	Prbn	Prbg.g_01840	Prbn.g_01003
OG0000170	Prab	Prbg.g_01843	Prab.g_01853
OG0000170	Pran	Prbg.g_01843	Pran.g_01156
OG0000170	Prai	Prbg.g_01843	Prai.g_01834
OG0000170	Prad	Prbg.g_01843	Prad.g_01635
OG0000170	Prag	Prbg.g_01843	Prag.g_01856
OG0000170	Praw	Prbg.g_01843	Praw.g_00044
OG0000170	Prav	Prbg.g_01843	Prav.g_00685
OG0000170	Pray	Prbg.g_01843	Pray.g_01359
OG0000170	Praz	Prbg.g_01843	Praz.g_00210
OG0000170	Prba	Prbg.g_01843	Prba.g_00763
OG0000170	Prao	Prbg.g_01843	Prao.g_01739
OG0000170	Praa	Prbg.g_01843	Praa.g_01828
OG0000170	Prbd	Prbg.g_01843	Prbd.g_01339
OG0000170	Pras	Prbg.g_01843	Pras.g_00739
OG0000170	Prau	Prbg.g_01843	Prau.g_01921
OG0000170	Prae	Prbg.g_01843	Prae.g_01811
OG0000170	Prax	Prbg.g_01843	Prax.g_01390
OG0000170	Prbi	Prbg.g_01843	Prbi.g_01990
OG0000170	Prac	Prbg.g_01843	Prac.g_00037
OG0000170	Praq	Prbg.g_01843	Praq.g_00759
OG0000170	Prar	Prbg.g_01843	Prar.g_00649
OG0000170	Prbm	Prbg.g_01843	Prbm.g_02090
OG0000170	Prbc	Prbg.g_01843	Prbc.g_00215
OG0000170	Prbb	Prbg.g_01843	Prbb.g_02057
OG0000170	Praj	Prbg.g_01843	Praj.g_02008
OG0000170	Syae	Prbg.g_01843	Syae.g_01834
OG0000170	Syad	Prbg.g_01843	Syad.g_00353
OG0000170	Syaj	Prbg.g_01843	Syaj.g_02422
OG0000170	Syac	Prbg.g_01843	Syac.g_00161
OG0000170	Syah	Prbg.g_01843	Syah.g_00245
OG0000170	Syag	Prbg.g_01843	Syag.g_02398
OG0000170	Syaa	Prbg.g_01843	Syaa.g_00128
OG0000170	Syam	Prbg.g_01843	Syam.g_00120
OG0000170	Syaf	Prbg.g_01843	Syaf.g_00383
OG0000170	Syai	Prbg.g_01843	Syai.g_00116
OG0000170	Syar	Prbg.g_01843	Syar.g_00613
OG0000170	Syap	Prbg.g_01843	Syap.g_01467, Syap.g_01106, Syap.g_01468
OG0000170	Syat	Prbg.g_01843	Syat.g_02201
OG0000170	Syas	Prbg.g_01843	Syas.g_02161
OG0000170	Syan	Prbg.g_01843	Syan.g_01901
OG0000170	Syao	Prbg.g_01843	Syao.g_02148
OG0000170	Prbj	Prbg.g_01843	Prbj.g_01593
OG0000170	Prbk	Prbg.g_01843	Prbk.g_00232
OG0000170	Prbl	Prbg.g_01843	Prbl.g_01290
OG0000170	Praf	Prbg.g_01843	Praf.g_00183
OG0000170	Prah	Prbg.g_01843	Prah.g_00155
OG0000170	Syaq	Prbg.g_01843	Syaq.g_01023
OG0000170	Syak	Prbg.g_01843	Syak.g_01644
OG0000170	Syab	Prbg.g_01843	Syab.g_00118
OG0000170	Syal	Prbg.g_01843	Syal.g_01454
OG0000170	Pral	Prbg.g_01843	Pral.g_00301
OG0000170	Prat	Prbg.g_01843	Prat.g_01784
OG0000170	Pram	Prbg.g_01843	Pram.g_01829
OG0000170	Prbh	Prbg.g_01843	Prbh.g_01585
OG0000170	Prak	Prbg.g_01843	Prak.g_01838
OG0000170	Prap	Prbg.g_01843	Prap.g_01584
OG0000170	Prbe	Prbg.g_01843	Prbe.g_00778
OG0000170	Prbf	Prbg.g_01843	Prbf.g_00500
OG0000170	Prbn	Prbg.g_01843	Prbn.g_01000
OG0000171	Prab	Prbg.g_01863	Prab.g_01872
OG0000171	Pran	Prbg.g_01863	Pran.g_01175
OG0000171	Prai	Prbg.g_01863	Prai.g_01853
OG0000171	Praa	Prbg.g_01863	Praa.g_01847
OG0000171	Prae	Prbg.g_01863	Prae.g_01830
OG0000171	Prbi	Prbg.g_01863	Prbi.g_02009
OG0000171	Pras	Prbg.g_01863	Pras.g_00758
OG0000171	Prau	Prbg.g_01863	Prau.g_01940
OG0000171	Prax	Prbg.g_01863	Prax.g_01409
OG0000171	Prbd	Prbg.g_01863	Prbd.g_01319
OG0000171	Prad	Prbg.g_01863	Prad.g_01617
OG0000171	Prag	Prbg.g_01863	Prag.g_01876
OG0000171	Praw	Prbg.g_01863	Praw.g_00024
OG0000171	Prav	Prbg.g_01863	Prav.g_00704
OG0000171	Pray	Prbg.g_01863	Pray.g_01379
OG0000171	Praz	Prbg.g_01863	Praz.g_00190
OG0000171	Prba	Prbg.g_01863	Prba.g_00783
OG0000171	Prac	Prbg.g_01863	Prac.g_00055
OG0000171	Praq	Prbg.g_01863	Praq.g_00681
OG0000171	Prar	Prbg.g_01863	Prar.g_00667
OG0000171	Prao	Prbg.g_01863	Prao.g_01758
OG0000171	Prbm	Prbg.g_01863	Prbm.g_02110
OG0000171	Praj	Prbg.g_01863	Praj.g_02030
OG0000171	Prbb	Prbg.g_01863	Prbb.g_02078
OG0000171	Prbc	Prbg.g_01863	Prbc.g_00194
OG0000171	Syar	Prbg.g_01863	Syar.g_00587
OG0000171	Syas	Prbg.g_01863	Syas.g_02139
OG0000171	Syap	Prbg.g_01863	Syap.g_01128, Syap.g_02454, Syap.g_02453
OG0000171	Syat	Prbg.g_01863	Syat.g_02230
OG0000171	Syan	Prbg.g_01863	Syan.g_01875
OG0000171	Syao	Prbg.g_01863	Syao.g_02181
OG0000171	Prah	Prbg.g_01863	Prah.g_00126
OG0000171	Praf	Prbg.g_01863	Praf.g_00154
OG0000171	Prbj	Prbg.g_01863	Prbj.g_01282
OG0000171	Prbk	Prbg.g_01863	Prbk.g_01538
OG0000171	Prbl	Prbg.g_01863	Prbl.g_02055
OG0000171	Syam	Prbg.g_01863	Syam.g_00097
OG0000171	Syad	Prbg.g_01863	Syad.g_00321
OG0000171	Syaj	Prbg.g_01863	Syaj.g_02389
OG0000171	Syac	Prbg.g_01863	Syac.g_00136
OG0000171	Syah	Prbg.g_01863	Syah.g_00271
OG0000171	Syaf	Prbg.g_01863	Syaf.g_00413
OG0000171	Syai	Prbg.g_01863	Syai.g_00090
OG0000171	Syag	Prbg.g_01863	Syag.g_02368
OG0000171	Syak	Prbg.g_01863	Syak.g_01691
OG0000171	Syaq	Prbg.g_01863	Syaq.g_01052
OG0000171	Syab	Prbg.g_01863	Syab.g_00089
OG0000171	Syal	Prbg.g_01863	Syal.g_01518
OG0000171	Syae	Prbg.g_01863	Syae.g_01810
OG0000171	Syaa	Prbg.g_01863	Syaa.g_00093
OG0000171	Pral	Prbg.g_01863	Pral.g_00321
OG0000171	Prat	Prbg.g_01863	Prat.g_01804
OG0000171	Pram	Prbg.g_01863	Pram.g_01849
OG0000171	Prbh	Prbg.g_01863	Prbh.g_01565
OG0000171	Prak	Prbg.g_01863	Prak.g_01858
OG0000171	Prap	Prbg.g_01863	Prap.g_01564
OG0000171	Prbe	Prbg.g_01863	Prbe.g_00758
OG0000171	Prbf	Prbg.g_01863	Prbf.g_00479
OG0000171	Prbn	Prbg.g_01863	Prbn.g_00980
OG0000172	Prab	Prbg.g_01870	Prab.g_01881
OG0000172	Pran	Prbg.g_01870	Pran.g_01184
OG0000172	Prai	Prbg.g_01870	Prai.g_01863
OG0000172	Prag	Prbg.g_01870	Prag.g_01884
OG0000172	Praw	Prbg.g_01870	Praw.g_00016
OG0000172	Prac	Prbg.g_01870	Prac.g_00063
OG0000172	Praq	Prbg.g_01870	Praq.g_00689
OG0000172	Prar	Prbg.g_01870	Prar.g_00675
OG0000172	Pray	Prbg.g_01870	Pray.g_01388
OG0000172	Praz	Prbg.g_01870	Praz.g_00181
OG0000172	Prba	Prbg.g_01870	Prba.g_00792
OG0000172	Prbi	Prbg.g_01870	Prbi.g_02030
OG0000172	Prae	Prbg.g_01870	Prae.g_01838
OG0000172	Prad	Prbg.g_01870	Prad.g_01609
OG0000172	Praa	Prbg.g_01870	Praa.g_01856
OG0000172	Prax	Prbg.g_01870	Prax.g_01418
OG0000172	Prbd	Prbg.g_01870	Prbd.g_01310
OG0000172	Prao	Prbg.g_01870	Prao.g_01767
OG0000172	Pras	Prbg.g_01870	Pras.g_00768
OG0000172	Prau	Prbg.g_01870	Prau.g_01949
OG0000172	Prav	Prbg.g_01870	Prav.g_00712
OG0000172	Prbc	Prbg.g_01870	Prbc.g_00967
OG0000172	Prbb	Prbg.g_01870	Prbb.g_02101
OG0000172	Praj	Prbg.g_01870	Praj.g_02061
OG0000172	Prbm	Prbg.g_01870	Prbm.g_02146
OG0000172	Prbj	Prbg.g_01870	Prbj.g_01248
OG0000172	Prbk	Prbg.g_01870	Prbk.g_01573
OG0000172	Prbl	Prbg.g_01870	Prbl.g_02021
OG0000172	Praf	Prbg.g_01870	Praf.g_00087
OG0000172	Prah	Prbg.g_01870	Prah.g_00084
OG0000172	Syag	Prbg.g_01870	Syag.g_02360
OG0000172	Syab	Prbg.g_01870	Syab.g_00080
OG0000172	Syal	Prbg.g_01870	Syal.g_00174, Syal.g_00173
OG0000172	Syar	Prbg.g_01870	Syar.g_00547
OG0000172	Syan	Prbg.g_01870	Syan.g_01810
OG0000172	Syao	Prbg.g_01870	Syao.g_02170
OG0000172	Syas	Prbg.g_01870	Syas.g_02110
OG0000172	Syap	Prbg.g_01870	Syap.g_01143, Syap.g_00635
OG0000172	Syat	Prbg.g_01870	Syat.g_02260
OG0000172	Syae	Prbg.g_01870	Syae.g_01788
OG0000172	Syaf	Prbg.g_01870	Syaf.g_00419
OG0000172	Syai	Prbg.g_01870	Syai.g_00083
OG0000172	Syam	Prbg.g_01870	Syam.g_00075
OG0000172	Syaq	Prbg.g_01870	Syaq.g_01074
OG0000172	Syak	Prbg.g_01870	Syak.g_01713
OG0000172	Syad	Prbg.g_01870	Syad.g_00244
OG0000172	Syaj	Prbg.g_01870	Syaj.g_02365
OG0000172	Syaa	Prbg.g_01870	Syaa.g_00079
OG0000172	Syac	Prbg.g_01870	Syac.g_00084
OG0000172	Syah	Prbg.g_01870	Syah.g_00293
OG0000172	Pral	Prbg.g_01870	Pral.g_00328
OG0000172	Prat	Prbg.g_01870	Prat.g_01811
OG0000172	Pram	Prbg.g_01870	Pram.g_01856
OG0000172	Prbh	Prbg.g_01870	Prbh.g_01558
OG0000172	Prak	Prbg.g_01870	Prak.g_01865
OG0000172	Prap	Prbg.g_01870	Prap.g_01557
OG0000172	Prbe	Prbg.g_01870	Prbe.g_00751
OG0000172	Prbf	Prbg.g_01870	Prbf.g_00472
OG0000172	Prbn	Prbg.g_01870	Prbn.g_00973
OG0000173	Prab	Prbg.g_01885	Prab.g_01896
OG0000173	Pran	Prbg.g_01885	Pran.g_01199
OG0000173	Prai	Prbg.g_01885	Prai.g_01878
OG0000173	Prav	Prbg.g_01885	Prav.g_00727
OG0000173	Prac	Prbg.g_01885	Prac.g_00078
OG0000173	Praq	Prbg.g_01885	Praq.g_00704
OG0000173	Prar	Prbg.g_01885	Prar.g_00690
OG0000173	Prag	Prbg.g_01885	Prag.g_01899
OG0000173	Praw	Prbg.g_01885	Praw.g_00001
OG0000173	Prbd	Prbg.g_01885	Prbd.g_01295
OG0000173	Praa	Prbg.g_01885	Praa.g_01871
OG0000173	Prax	Prbg.g_01885	Prax.g_01433
OG0000173	Prbi	Prbg.g_01885	Prbi.g_02045
OG0000173	Pray	Prbg.g_01885	Pray.g_01403
OG0000173	Praz	Prbg.g_01885	Praz.g_00166
OG0000173	Prba	Prbg.g_01885	Prba.g_00807
OG0000173	Prae	Prbg.g_01885	Prae.g_01853
OG0000173	Prao	Prbg.g_01885	Prao.g_01782
OG0000173	Prad	Prbg.g_01885	Prad.g_01594
OG0000173	Pras	Prbg.g_01885	Pras.g_00783
OG0000173	Prau	Prbg.g_01885	Prau.g_01964
OG0000173	Prbc	Prbg.g_01885	Prbc.g_00982
OG0000173	Prbm	Prbg.g_01885	Prbm.g_02161
OG0000173	Praj	Prbg.g_01885	Praj.g_02076
OG0000173	Prbb	Prbg.g_01885	Prbb.g_02116
OG0000173	Syap	Prbg.g_01885	Syap.g_01213, Syap.g_00982, Syap.g_00983
OG0000173	Praf	Prbg.g_01885	Praf.g_00062
OG0000173	Prbj	Prbg.g_01885	Prbj.g_01227
OG0000173	Prbk	Prbg.g_01885	Prbk.g_01594
OG0000173	Prbl	Prbg.g_01885	Prbl.g_02000
OG0000173	Prah	Prbg.g_01885	Prah.g_00061
OG0000173	Syak	Prbg.g_01885	Syak.g_01733
OG0000173	Syab	Prbg.g_01885	Syab.g_00061
OG0000173	Syal	Prbg.g_01885	Syal.g_00155
OG0000173	Syag	Prbg.g_01885	Syag.g_02337
OG0000173	Syaq	Prbg.g_01885	Syaq.g_01092
OG0000173	Syan	Prbg.g_01885	Syan.g_01720
OG0000173	Syao	Prbg.g_01885	Syao.g_02212
OG0000173	Syar	Prbg.g_01885	Syar.g_00528
OG0000173	Syat	Prbg.g_01885	Syat.g_02284
OG0000173	Syas	Prbg.g_01885	Syas.g_02092
OG0000173	Syae	Prbg.g_01885	Syae.g_01770
OG0000173	Syad	Prbg.g_01885	Syad.g_00220
OG0000173	Syaj	Prbg.g_01885	Syaj.g_02321
OG0000173	Syaa	Prbg.g_01885	Syaa.g_00060
OG0000173	Syac	Prbg.g_01885	Syac.g_00057
OG0000173	Syah	Prbg.g_01885	Syah.g_00313
OG0000173	Syaf	Prbg.g_01885	Syaf.g_00438
OG0000173	Syai	Prbg.g_01885	Syai.g_00064
OG0000173	Syam	Prbg.g_01885	Syam.g_00057
OG0000173	Pral	Prbg.g_01885	Pral.g_00343
OG0000173	Prat	Prbg.g_01885	Prat.g_01826
OG0000173	Pram	Prbg.g_01885	Pram.g_01871
OG0000173	Prbh	Prbg.g_01885	Prbh.g_01543
OG0000173	Prak	Prbg.g_01885	Prak.g_01880
OG0000173	Prap	Prbg.g_01885	Prap.g_01542
OG0000173	Prbe	Prbg.g_01885	Prbe.g_01143
OG0000173	Prbf	Prbg.g_01885	Prbf.g_00457
OG0000173	Prbn	Prbg.g_01885	Prbn.g_00958
OG0000174	Prab	Prbg.g_01915	Prab.g_01924
OG0000174	Pran	Prbg.g_01915	Pran.g_01226
OG0000174	Prai	Prbg.g_01915	Prai.g_01905
OG0000174	Prad	Prbg.g_01915	Prad.g_01566
OG0000174	Prag	Prbg.g_01915	Prag.g_01927
OG0000174	Praw	Prbg.g_01915	Praw.g_01166
OG0000174	Pray	Prbg.g_01915	Pray.g_01431
OG0000174	Praz	Prbg.g_01915	Praz.g_00138
OG0000174	Prba	Prbg.g_01915	Prba.g_00835
OG0000174	Pras	Prbg.g_01915	Pras.g_00811, Pras.g_00810
OG0000174	Prac	Prbg.g_01915	Prac.g_00105
OG0000174	Praq	Prbg.g_01915	Praq.g_00396
OG0000174	Prar	Prbg.g_01915	Prar.g_00068
OG0000174	Prav	Prbg.g_01915	Prav.g_00755
OG0000174	Prao	Prbg.g_01915	Prao.g_01810
OG0000174	Praa	Prbg.g_01915	Praa.g_01898
OG0000174	Prau	Prbg.g_01915	Prau.g_01991
OG0000174	Prbi	Prbg.g_01915	Prbi.g_02073
OG0000174	Prbd	Prbg.g_01915	Prbd.g_01268
OG0000174	Prae	Prbg.g_01915	Prae.g_01881
OG0000174	Prax	Prbg.g_01915	Prax.g_01460
OG0000174	Praf	Prbg.g_01915	Praf.g_02717
OG0000174	Prah	Prbg.g_01915	Prah.g_02541
OG0000174	Prbj	Prbg.g_01915	Prbj.g_02006
OG0000174	Prbk	Prbg.g_01915	Prbk.g_02211
OG0000174	Prbl	Prbg.g_01915	Prbl.g_02188
OG0000174	Syak	Prbg.g_01915	Syak.g_01895
OG0000174	Syab	Prbg.g_01915	Syab.g_02819
OG0000174	Syal	Prbg.g_01915	Syal.g_01121
OG0000174	Syar	Prbg.g_01915	Syar.g_00701
OG0000174	Syat	Prbg.g_01915	Syat.g_02504
OG0000174	Syan	Prbg.g_01915	Syan.g_01619
OG0000174	Syao	Prbg.g_01915	Syao.g_02364, Syao.g_02355
OG0000174	Syap	Prbg.g_01915	Syap.g_02092
OG0000174	Syaq	Prbg.g_01915	Syaq.g_01224
OG0000174	Syas	Prbg.g_01915	Syas.g_01940
OG0000174	Syae	Prbg.g_01915	Syae.g_01610
OG0000174	Syaa	Prbg.g_01915	Syaa.g_02651
OG0000174	Syaf	Prbg.g_01915	Syaf.g_00603
OG0000174	Syai	Prbg.g_01915	Syai.g_02828
OG0000174	Syam	Prbg.g_01915	Syam.g_02349
OG0000174	Syac	Prbg.g_01915	Syac.g_02401
OG0000174	Syah	Prbg.g_01915	Syah.g_00461
OG0000174	Syad	Prbg.g_01915	Syad.g_00065
OG0000174	Syaj	Prbg.g_01915	Syaj.g_02169
OG0000174	Syag	Prbg.g_01915	Syag.g_02175
OG0000174	Prbm	Prbg.g_01915	Prbm.g_02192
OG0000174	Prbb	Prbg.g_01915	Prbb.g_02147
OG0000174	Praj	Prbg.g_01915	Praj.g_02107
OG0000174	Prbc	Prbg.g_01915	Prbc.g_01013
OG0000174	Pral	Prbg.g_01915	Pral.g_00375
OG0000174	Prat	Prbg.g_01915	Prat.g_01858
OG0000174	Pram	Prbg.g_01915	Pram.g_01902
OG0000174	Prbh	Prbg.g_01915	Prbh.g_01512
OG0000174	Prak	Prbg.g_01915	Prak.g_01910
OG0000174	Prap	Prbg.g_01915	Prap.g_01513
OG0000174	Prbe	Prbg.g_01915	Prbe.g_01173
OG0000174	Prbf	Prbg.g_01915	Prbf.g_00428
OG0000174	Prbn	Prbg.g_01915	Prbn.g_00929
OG0000175	Prab	Prbg.g_01928	Prab.g_01934
OG0000175	Pran	Prbg.g_01928	Pran.g_01236
OG0000175	Prai	Prbg.g_01928	Prai.g_01915
OG0000175	Prac	Prbg.g_01928	Prac.g_00115
OG0000175	Praq	Prbg.g_01928	Praq.g_00406
OG0000175	Prar	Prbg.g_01928	Prar.g_00058
OG0000175	Prav	Prbg.g_01928	Prav.g_00765
OG0000175	Prae	Prbg.g_01928	Prae.g_01891
OG0000175	Prag	Prbg.g_01928	Prag.g_01937
OG0000175	Praw	Prbg.g_01928	Praw.g_01156
OG0000175	Prad	Prbg.g_01928	Prad.g_01556
OG0000175	Prao	Prbg.g_01928	Prao.g_01820
OG0000175	Prbi	Prbg.g_01928	Prbi.g_02083
OG0000175	Prax	Prbg.g_01928	Prax.g_01470
OG0000175	Praa	Prbg.g_01928	Praa.g_01908
OG0000175	Prbd	Prbg.g_01928	Prbd.g_01258
OG0000175	Pray	Prbg.g_01928	Pray.g_01441
OG0000175	Praz	Prbg.g_01928	Praz.g_00128
OG0000175	Prba	Prbg.g_01928	Prba.g_00845
OG0000175	Pras	Prbg.g_01928	Pras.g_00821
OG0000175	Prau	Prbg.g_01928	Prau.g_02001
OG0000175	Prbc	Prbg.g_01928	Prbc.g_01044
OG0000175	Praj	Prbg.g_01928	Praj.g_02125
OG0000175	Prbm	Prbg.g_01928	Prbm.g_02209
OG0000175	Prbb	Prbg.g_01928	Prbb.g_02165
OG0000175	Pral	Prbg.g_01928	Pral.g_00387
OG0000175	Prat	Prbg.g_01928	Prat.g_01870
OG0000175	Prbj	Prbg.g_01928	Prbj.g_02044
OG0000175	Prbk	Prbg.g_01928	Prbk.g_02249
OG0000175	Prbl	Prbg.g_01928	Prbl.g_02150
OG0000175	Praf	Prbg.g_01928	Praf.g_02754
OG0000175	Prah	Prbg.g_01928	Prah.g_02575
OG0000175	Syaf	Prbg.g_01928	Syaf.g_00531
OG0000175	Syai	Prbg.g_01928	Syai.g_02901
OG0000175	Syam	Prbg.g_01928	Syam.g_02417
OG0000175	Syad	Prbg.g_01928	Syad.g_00129
OG0000175	Syaj	Prbg.g_01928	Syaj.g_02229
OG0000175	Syac	Prbg.g_01928	Syac.g_02465
OG0000175	Syah	Prbg.g_01928	Syah.g_00402
OG0000175	Syae	Prbg.g_01928	Syae.g_01679
OG0000175	Syaa	Prbg.g_01928	Syaa.g_02726
OG0000175	Syag	Prbg.g_01928	Syag.g_02240
OG0000175	Syab	Prbg.g_01928	Syab.g_02876
OG0000175	Syal	Prbg.g_01928	Syal.g_01172
OG0000175	Syak	Prbg.g_01928	Syak.g_01827
OG0000175	Syaq	Prbg.g_01928	Syaq.g_01183
OG0000175	Syar	Prbg.g_01928	Syar.g_00438
OG0000175	Syas	Prbg.g_01928	Syas.g_01994
OG0000175	Syat	Prbg.g_01928	Syat.g_02416
OG0000175	Syan	Prbg.g_01928	Syan.g_01678, Syan.g_00258
OG0000175	Syao	Prbg.g_01928	Syao.g_02327, Syao.g_00308
OG0000175	Syap	Prbg.g_01928	Syap.g_02654
OG0000175	Pram	Prbg.g_01928	Pram.g_01914
OG0000175	Prbh	Prbg.g_01928	Prbh.g_01500
OG0000175	Prbf	Prbg.g_01928	Prbf.g_00415
OG0000175	Prak	Prbg.g_01928	Prak.g_01923
OG0000175	Prap	Prbg.g_01928	Prap.g_01500
OG0000175	Prbe	Prbg.g_01928	Prbe.g_01186
OG0000175	Prbn	Prbg.g_01928	Prbn.g_00916
OG0000176	Prab	Prbg.g_00771	Prab.g_00004
OG0000176	Pran	Prbg.g_00771	Pran.g_01261
OG0000176	Prai	Prbg.g_00771	Prai.g_00004
OG0000176	Pras	Prbg.g_00771	Pras.g_00846
OG0000176	Prau	Prbg.g_00771	Prau.g_00004
OG0000176	Praa	Prbg.g_00771	Praa.g_00004
OG0000176	Prbd	Prbg.g_00771	Prbd.g_01233
OG0000176	Prax	Prbg.g_00771	Prax.g_01494
OG0000176	Prbi	Prbg.g_00771	Prbi.g_00004
OG0000176	Prae	Prbg.g_00771	Prae.g_00004
OG0000176	Prac	Prbg.g_00771	Prac.g_01943
OG0000176	Praq	Prbg.g_00771	Praq.g_00430
OG0000176	Prar	Prbg.g_00771	Prar.g_00034
OG0000176	Prav	Prbg.g_00771	Prav.g_00790
OG0000176	Prad	Prbg.g_00771	Prad.g_01532
OG0000176	Prao	Prbg.g_00771	Prao.g_01845
OG0000176	Prag	Prbg.g_00771	Prag.g_00004
OG0000176	Praw	Prbg.g_00771	Praw.g_01132
OG0000176	Prba	Prbg.g_00771	Prba.g_01797
OG0000176	Praz	Prbg.g_00771	Praz.g_00369
OG0000176	Pray	Prbg.g_00771	Pray.g_01465, Pray.g_01466
OG0000176	Prbc	Prbg.g_00771	Prbc.g_01074
OG0000176	Prbm	Prbg.g_00771	Prbm.g_00004
OG0000176	Praj	Prbg.g_00771	Praj.g_00004
OG0000176	Prbb	Prbg.g_00771	Prbb.g_00004
OG0000176	Prbj	Prbg.g_00771	Prbj.g_02077
OG0000176	Prbk	Prbg.g_00771	Prbk.g_02282
OG0000176	Prbl	Prbg.g_00771	Prbl.g_02117
OG0000176	Praf	Prbg.g_00771	Praf.g_00004
OG0000176	Prah	Prbg.g_00771	Prah.g_00005
OG0000176	Syat	Prbg.g_00771	Syat.g_02372
OG0000176	Syad	Prbg.g_00771	Syad.g_00166
OG0000176	Syaj	Prbg.g_00771	Syaj.g_02266
OG0000176	Syae	Prbg.g_00771	Syae.g_01716
OG0000176	Syaa	Prbg.g_00771	Syaa.g_00004
OG0000176	Syac	Prbg.g_00771	Syac.g_00004
OG0000176	Syah	Prbg.g_00771	Syah.g_00369
OG0000176	Syag	Prbg.g_00771	Syag.g_02276
OG0000176	Syaq	Prbg.g_00771	Syaq.g_01146
OG0000176	Syak	Prbg.g_00771	Syak.g_01790
OG0000176	Syab	Prbg.g_00771	Syab.g_00004
OG0000176	Syal	Prbg.g_00771	Syal.g_00101
OG0000176	Syar	Prbg.g_00771	Syar.g_00474
OG0000176	Syas	Prbg.g_00771	Syas.g_02038
OG0000176	Syap	Prbg.g_00771	Syap.g_00059
OG0000176	Syan	Prbg.g_00771	Syan.g_01801
OG0000176	Syao	Prbg.g_00771	Syao.g_02165
OG0000176	Syai	Prbg.g_00771	Syai.g_00004
OG0000176	Syaf	Prbg.g_00771	Syaf.g_00494
OG0000176	Syam	Prbg.g_00771	Syam.g_00004
OG0000176	Pral	Prbg.g_00771	Pral.g_00414
OG0000176	Prat	Prbg.g_00771	Prat.g_00004
OG0000176	Pram	Prbg.g_00771	Pram.g_01942
OG0000176	Prbh	Prbg.g_00771	Prbh.g_01472
OG0000176	Prak	Prbg.g_00771	Prak.g_00004
OG0000176	Prap	Prbg.g_00771	Prap.g_00050
OG0000176	Prbe	Prbg.g_00771	Prbe.g_01069
OG0000176	Prbf	Prbg.g_00771	Prbf.g_00389
OG0000176	Prbn	Prbg.g_00771	Prbn.g_00010
OG0000177	Pray	Prbg.g_00772	Pray.g_01467
OG0000177	Praz	Prbg.g_00772	Praz.g_00370
OG0000177	Prba	Prbg.g_00772	Prba.g_01798
OG0000177	Prae	Prbg.g_00772	Prae.g_00005
OG0000177	Prbi	Prbg.g_00772	Prbi.g_00005
OG0000177	Prax	Prbg.g_00772	Prax.g_01495
OG0000177	Prbd	Prbg.g_00772	Prbd.g_01232
OG0000177	Pras	Prbg.g_00772	Pras.g_00847
OG0000177	Prau	Prbg.g_00772	Prau.g_00005
OG0000177	Praa	Prbg.g_00772	Praa.g_00005
OG0000177	Prav	Prbg.g_00772	Prav.g_00791
OG0000177	Prag	Prbg.g_00772	Prag.g_00005
OG0000177	Praw	Prbg.g_00772	Praw.g_01131
OG0000177	Prao	Prbg.g_00772	Prao.g_01846
OG0000177	Prad	Prbg.g_00772	Prad.g_01531
OG0000177	Prac	Prbg.g_00772	Prac.g_01942
OG0000177	Praq	Prbg.g_00772	Praq.g_00431
OG0000177	Prar	Prbg.g_00772	Prar.g_00033
OG0000177	Prab	Prbg.g_00772	Prab.g_00005
OG0000177	Pran	Prbg.g_00772	Pran.g_01262
OG0000177	Prai	Prbg.g_00772	Prai.g_00005
OG0000177	Prbm	Prbg.g_00772	Prbm.g_00005
OG0000177	Prbb	Prbg.g_00772	Prbb.g_00005
OG0000177	Praj	Prbg.g_00772	Praj.g_00005
OG0000177	Prbc	Prbg.g_00772	Prbc.g_01075
OG0000177	Pral	Prbg.g_00772	Pral.g_00415
OG0000177	Prat	Prbg.g_00772	Prat.g_00005
OG0000177	Prbj	Prbg.g_00772	Prbj.g_02078
OG0000177	Prbk	Prbg.g_00772	Prbk.g_02283
OG0000177	Prbl	Prbg.g_00772	Prbl.g_02116
OG0000177	Praf	Prbg.g_00772	Praf.g_00005
OG0000177	Prah	Prbg.g_00772	Prah.g_00006
OG0000177	Syad	Prbg.g_00772	Syad.g_00167
OG0000177	Syaj	Prbg.g_00772	Syaj.g_02267
OG0000177	Syaa	Prbg.g_00772	Syaa.g_00005
OG0000177	Syae	Prbg.g_00772	Syae.g_01717
OG0000177	Syac	Prbg.g_00772	Syac.g_00005
OG0000177	Syah	Prbg.g_00772	Syah.g_00368
OG0000177	Syam	Prbg.g_00772	Syam.g_00005
OG0000177	Syaf	Prbg.g_00772	Syaf.g_00493
OG0000177	Syai	Prbg.g_00772	Syai.g_00005
OG0000177	Syas	Prbg.g_00772	Syas.g_02039
OG0000177	Syar	Prbg.g_00772	Syar.g_00475
OG0000177	Syat	Prbg.g_00772	Syat.g_02338
OG0000177	Syan	Prbg.g_00772	Syan.g_01775
OG0000177	Syao	Prbg.g_00772	Syao.g_02156
OG0000177	Syap	Prbg.g_00772	Syap.g_00061, Syap.g_00060
OG0000177	Syak	Prbg.g_00772	Syak.g_01789
OG0000177	Syab	Prbg.g_00772	Syab.g_00005
OG0000177	Syal	Prbg.g_00772	Syal.g_00102
OG0000177	Syag	Prbg.g_00772	Syag.g_02277
OG0000177	Syaq	Prbg.g_00772	Syaq.g_01145
OG0000177	Pram	Prbg.g_00772	Pram.g_01943
OG0000177	Prbh	Prbg.g_00772	Prbh.g_01471
OG0000177	Prak	Prbg.g_00772	Prak.g_00005
OG0000177	Prap	Prbg.g_00772	Prap.g_00049
OG0000177	Prbe	Prbg.g_00772	Prbe.g_01070
OG0000177	Prbf	Prbg.g_00772	Prbf.g_00388
OG0000177	Prbn	Prbg.g_00772	Prbn.g_00009
OG0000178	Prab	Prbg.g_00773	Prab.g_00006
OG0000178	Pran	Prbg.g_00773	Pran.g_01263
OG0000178	Prai	Prbg.g_00773	Prai.g_00006
OG0000178	Prad	Prbg.g_00773	Prad.g_01530
OG0000178	Prac	Prbg.g_00773	Prac.g_01941
OG0000178	Praq	Prbg.g_00773	Praq.g_00432
OG0000178	Prar	Prbg.g_00773	Prar.g_00032
OG0000178	Prag	Prbg.g_00773	Prag.g_00006
OG0000178	Praw	Prbg.g_00773	Praw.g_01130
OG0000178	Prav	Prbg.g_00773	Prav.g_00792
OG0000178	Prao	Prbg.g_00773	Prao.g_01847
OG0000178	Pray	Prbg.g_00773	Pray.g_01468
OG0000178	Praz	Prbg.g_00773	Praz.g_00371
OG0000178	Prba	Prbg.g_00773	Prba.g_01799
OG0000178	Prbi	Prbg.g_00773	Prbi.g_00006
OG0000178	Pras	Prbg.g_00773	Pras.g_00848
OG0000178	Prau	Prbg.g_00773	Prau.g_00006
OG0000178	Prae	Prbg.g_00773	Prae.g_00006
OG0000178	Praa	Prbg.g_00773	Praa.g_00006
OG0000178	Prax	Prbg.g_00773	Prax.g_01496
OG0000178	Prbd	Prbg.g_00773	Prbd.g_01231
OG0000178	Prbm	Prbg.g_00773	Prbm.g_00006
OG0000178	Praj	Prbg.g_00773	Praj.g_00006
OG0000178	Prbb	Prbg.g_00773	Prbb.g_00007, Prbb.g_00006
OG0000178	Prbc	Prbg.g_00773	Prbc.g_01076
OG0000178	Syat	Prbg.g_00773	Syat.g_02337
OG0000178	Syap	Prbg.g_00773	Syap.g_00062
OG0000178	Syas	Prbg.g_00773	Syas.g_02040
OG0000178	Syar	Prbg.g_00773	Syar.g_00476
OG0000178	Syan	Prbg.g_00773	Syan.g_01774
OG0000178	Syao	Prbg.g_00773	Syao.g_02155
OG0000178	Syak	Prbg.g_00773	Syak.g_01788
OG0000178	Syab	Prbg.g_00773	Syab.g_00006
OG0000178	Syal	Prbg.g_00773	Syal.g_00103
OG0000178	Syag	Prbg.g_00773	Syag.g_02278
OG0000178	Syaq	Prbg.g_00773	Syaq.g_01144
OG0000178	Prah	Prbg.g_00773	Prah.g_00007
OG0000178	Praf	Prbg.g_00773	Praf.g_00006
OG0000178	Prbj	Prbg.g_00773	Prbj.g_02079
OG0000178	Prbk	Prbg.g_00773	Prbk.g_02284
OG0000178	Prbl	Prbg.g_00773	Prbl.g_02115
OG0000178	Syac	Prbg.g_00773	Syac.g_00006
OG0000178	Syah	Prbg.g_00773	Syah.g_00367
OG0000178	Syaf	Prbg.g_00773	Syaf.g_00492
OG0000178	Syai	Prbg.g_00773	Syai.g_00006
OG0000178	Syam	Prbg.g_00773	Syam.g_00006
OG0000178	Syad	Prbg.g_00773	Syad.g_00168
OG0000178	Syaj	Prbg.g_00773	Syaj.g_02268
OG0000178	Syaa	Prbg.g_00773	Syaa.g_00006
OG0000178	Syae	Prbg.g_00773	Syae.g_01718
OG0000178	Pral	Prbg.g_00773	Pral.g_00416
OG0000178	Prat	Prbg.g_00773	Prat.g_00006
OG0000178	Pram	Prbg.g_00773	Pram.g_01944
OG0000178	Prbh	Prbg.g_00773	Prbh.g_01470
OG0000178	Prbe	Prbg.g_00773	Prbe.g_01071
OG0000178	Prak	Prbg.g_00773	Prak.g_00006
OG0000178	Prap	Prbg.g_00773	Prap.g_00048
OG0000178	Prbf	Prbg.g_00773	Prbf.g_00387
OG0000178	Prbn	Prbg.g_00773	Prbn.g_00008
OG0000179	Prab	Prbg.g_00858	Prab.g_00016
OG0000179	Pran	Prbg.g_00858	Pran.g_00408
OG0000179	Prai	Prbg.g_00858	Prai.g_00016
OG0000179	Pray	Prbg.g_00858	Pray.g_01478
OG0000179	Praz	Prbg.g_00858	Praz.g_00381
OG0000179	Prba	Prbg.g_00858	Prba.g_01809
OG0000179	Prac	Prbg.g_00858	Prac.g_01931
OG0000179	Praq	Prbg.g_00858	Praq.g_01219
OG0000179	Prar	Prbg.g_00858	Prar.g_00022
OG0000179	Praa	Prbg.g_00858	Praa.g_00016
OG0000179	Prae	Prbg.g_00858	Prae.g_00016
OG0000179	Prax	Prbg.g_00858	Prax.g_00297
OG0000179	Prbd	Prbg.g_00858	Prbd.g_01221
OG0000179	Pras	Prbg.g_00858	Pras.g_00858
OG0000179	Prau	Prbg.g_00858	Prau.g_00016
OG0000179	Prad	Prbg.g_00858	Prad.g_01970
OG0000179	Prbi	Prbg.g_00858	Prbi.g_00016
OG0000179	Prav	Prbg.g_00858	Prav.g_00084
OG0000179	Prag	Prbg.g_00858	Prag.g_00016
OG0000179	Praw	Prbg.g_00858	Praw.g_01412
OG0000179	Prao	Prbg.g_00858	Prao.g_00163
OG0000179	Prbc	Prbg.g_00858	Prbc.g_01086
OG0000179	Praj	Prbg.g_00858	Praj.g_00016
OG0000179	Prbb	Prbg.g_00858	Prbb.g_00017
OG0000179	Prbm	Prbg.g_00858	Prbm.g_00016
OG0000179	Syan	Prbg.g_00858	Syan.g_01759
OG0000179	Syao	Prbg.g_00858	Syao.g_02250
OG0000179	Syar	Prbg.g_00858	Syar.g_00489
OG0000179	Syat	Prbg.g_00858	Syat.g_02322
OG0000179	Syap	Prbg.g_00858	Syap.g_00077, Syap.g_02638
OG0000179	Syas	Prbg.g_00858	Syas.g_02054
OG0000179	Syad	Prbg.g_00858	Syad.g_00183
OG0000179	Syaj	Prbg.g_00858	Syaj.g_02283
OG0000179	Syaf	Prbg.g_00858	Syaf.g_00477
OG0000179	Syai	Prbg.g_00858	Syai.g_00023
OG0000179	Syam	Prbg.g_00858	Syam.g_00021
OG0000179	Syac	Prbg.g_00858	Syac.g_00019
OG0000179	Syah	Prbg.g_00858	Syah.g_00355
OG0000179	Syae	Prbg.g_00858	Syae.g_01733
OG0000179	Syaa	Prbg.g_00858	Syaa.g_00023
OG0000179	Prbj	Prbg.g_00858	Prbj.g_01188
OG0000179	Prbk	Prbg.g_00858	Prbk.g_01633
OG0000179	Prbl	Prbg.g_00858	Prbl.g_01961
OG0000179	Praf	Prbg.g_00858	Praf.g_00021
OG0000179	Prah	Prbg.g_00858	Prah.g_00022
OG0000179	Syak	Prbg.g_00858	Syak.g_01773
OG0000179	Syab	Prbg.g_00858	Syab.g_00022
OG0000179	Syal	Prbg.g_00858	Syal.g_00118
OG0000179	Syag	Prbg.g_00858	Syag.g_02293
OG0000179	Syaq	Prbg.g_00858	Syaq.g_01129
OG0000179	Pral	Prbg.g_00858	Pral.g_01028
OG0000179	Prat	Prbg.g_00858	Prat.g_00017
OG0000179	Pram	Prbg.g_00858	Pram.g_00003
OG0000179	Prbh	Prbg.g_00858	Prbh.g_00764
OG0000179	Prak	Prbg.g_00858	Prak.g_00016
OG0000179	Prap	Prbg.g_00858	Prap.g_00939
OG0000179	Prbe	Prbg.g_00858	Prbe.g_00116
OG0000179	Prbf	Prbg.g_00858	Prbf.g_01338
OG0000179	Prbn	Prbg.g_00858	Prbn.g_00766
OG0000180	Prab	Prbg.g_00857	Prab.g_00017
OG0000180	Pran	Prbg.g_00857	Pran.g_00407
OG0000180	Prai	Prbg.g_00857	Prai.g_00017
OG0000180	Prav	Prbg.g_00857	Prav.g_00085
OG0000180	Prao	Prbg.g_00857	Prao.g_00164
OG0000180	Prag	Prbg.g_00857	Prag.g_00017
OG0000180	Praw	Prbg.g_00857	Praw.g_01411
OG0000180	Prad	Prbg.g_00857	Prad.g_01969
OG0000180	Prac	Prbg.g_00857	Prac.g_01930
OG0000180	Praq	Prbg.g_00857	Praq.g_01220
OG0000180	Prar	Prbg.g_00857	Prar.g_00021
OG0000180	Pray	Prbg.g_00857	Pray.g_01479
OG0000180	Praz	Prbg.g_00857	Praz.g_00382
OG0000180	Prba	Prbg.g_00857	Prba.g_01810
OG0000180	Prbd	Prbg.g_00857	Prbd.g_01220
OG0000180	Praa	Prbg.g_00857	Praa.g_00017
OG0000180	Prbi	Prbg.g_00857	Prbi.g_00017
OG0000180	Pras	Prbg.g_00857	Pras.g_00859
OG0000180	Prau	Prbg.g_00857	Prau.g_00017
OG0000180	Prae	Prbg.g_00857	Prae.g_00017
OG0000180	Prax	Prbg.g_00857	Prax.g_00296
OG0000180	Praj	Prbg.g_00857	Praj.g_00017
OG0000180	Prbc	Prbg.g_00857	Prbc.g_01087
OG0000180	Prbm	Prbg.g_00857	Prbm.g_00017
OG0000180	Prbb	Prbg.g_00857	Prbb.g_00018
OG0000180	Prah	Prbg.g_00857	Prah.g_00023
OG0000180	Praf	Prbg.g_00857	Praf.g_00022
OG0000180	Prbj	Prbg.g_00857	Prbj.g_01189
OG0000180	Prbk	Prbg.g_00857	Prbk.g_01632
OG0000180	Prbl	Prbg.g_00857	Prbl.g_01962
OG0000180	Syak	Prbg.g_00857	Syak.g_01772
OG0000180	Syab	Prbg.g_00857	Syab.g_00023
OG0000180	Syal	Prbg.g_00857	Syal.g_00119
OG0000180	Syaq	Prbg.g_00857	Syaq.g_01128
OG0000180	Syag	Prbg.g_00857	Syag.g_02294
OG0000180	Syad	Prbg.g_00857	Syad.g_00184
OG0000180	Syaj	Prbg.g_00857	Syaj.g_02284
OG0000180	Syac	Prbg.g_00857	Syac.g_00020
OG0000180	Syah	Prbg.g_00857	Syah.g_00354
OG0000180	Syaf	Prbg.g_00857	Syaf.g_00476
OG0000180	Syai	Prbg.g_00857	Syai.g_00024
OG0000180	Syam	Prbg.g_00857	Syam.g_00022
OG0000180	Syaa	Prbg.g_00857	Syaa.g_00024
OG0000180	Syae	Prbg.g_00857	Syae.g_01734
OG0000180	Syan	Prbg.g_00857	Syan.g_01758
OG0000180	Syao	Prbg.g_00857	Syao.g_02249
OG0000180	Syar	Prbg.g_00857	Syar.g_00490
OG0000180	Syap	Prbg.g_00857	Syap.g_00078, Syap.g_02640
OG0000180	Syat	Prbg.g_00857	Syat.g_02321
OG0000180	Syas	Prbg.g_00857	Syas.g_02055
OG0000180	Pral	Prbg.g_00857	Pral.g_01027
OG0000180	Prat	Prbg.g_00857	Prat.g_00018
OG0000180	Pram	Prbg.g_00857	Pram.g_00004
OG0000180	Prbh	Prbg.g_00857	Prbh.g_00763
OG0000180	Prak	Prbg.g_00857	Prak.g_00017
OG0000180	Prap	Prbg.g_00857	Prap.g_00938
OG0000180	Prbe	Prbg.g_00857	Prbe.g_00117
OG0000180	Prbf	Prbg.g_00857	Prbf.g_01339
OG0000180	Prbn	Prbg.g_00857	Prbn.g_00765
OG0000181	Prab	Prbg.g_00856	Prab.g_00018
OG0000181	Pran	Prbg.g_00856	Pran.g_00406
OG0000181	Prai	Prbg.g_00856	Prai.g_00018
OG0000181	Pray	Prbg.g_00856	Pray.g_01480
OG0000181	Praz	Prbg.g_00856	Praz.g_00383
OG0000181	Prba	Prbg.g_00856	Prba.g_01811
OG0000181	Prax	Prbg.g_00856	Prax.g_00295
OG0000181	Prbi	Prbg.g_00856	Prbi.g_00018
OG0000181	Prbd	Prbg.g_00856	Prbd.g_01219
OG0000181	Prae	Prbg.g_00856	Prae.g_00018
OG0000181	Praa	Prbg.g_00856	Praa.g_00018
OG0000181	Prac	Prbg.g_00856	Prac.g_01929
OG0000181	Praq	Prbg.g_00856	Praq.g_01221
OG0000181	Prar	Prbg.g_00856	Prar.g_00020
OG0000181	Pras	Prbg.g_00856	Pras.g_00860
OG0000181	Prau	Prbg.g_00856	Prau.g_00018
OG0000181	Prao	Prbg.g_00856	Prao.g_00165
OG0000181	Prav	Prbg.g_00856	Prav.g_00086
OG0000181	Prag	Prbg.g_00856	Prag.g_00018
OG0000181	Praw	Prbg.g_00856	Praw.g_01410
OG0000181	Prad	Prbg.g_00856	Prad.g_01968
OG0000181	Prbm	Prbg.g_00856	Prbm.g_00018
OG0000181	Prbb	Prbg.g_00856	Prbb.g_00019
OG0000181	Praj	Prbg.g_00856	Praj.g_00018
OG0000181	Prbc	Prbg.g_00856	Prbc.g_01088
OG0000181	Pral	Prbg.g_00856	Pral.g_01026
OG0000181	Prat	Prbg.g_00856	Prat.g_00019
OG0000181	Prbj	Prbg.g_00856	Prbj.g_01190
OG0000181	Prbk	Prbg.g_00856	Prbk.g_01631
OG0000181	Prbl	Prbg.g_00856	Prbl.g_01963
OG0000181	Praf	Prbg.g_00856	Praf.g_00023
OG0000181	Prah	Prbg.g_00856	Prah.g_00024
OG0000181	Syad	Prbg.g_00856	Syad.g_00185
OG0000181	Syaj	Prbg.g_00856	Syaj.g_02285
OG0000181	Syaa	Prbg.g_00856	Syaa.g_00025
OG0000181	Syac	Prbg.g_00856	Syac.g_00021
OG0000181	Syah	Prbg.g_00856	Syah.g_00353
OG0000181	Syae	Prbg.g_00856	Syae.g_01735
OG0000181	Syai	Prbg.g_00856	Syai.g_00025
OG0000181	Syaf	Prbg.g_00856	Syaf.g_00475
OG0000181	Syam	Prbg.g_00856	Syam.g_00023
OG0000181	Syab	Prbg.g_00856	Syab.g_00024
OG0000181	Syal	Prbg.g_00856	Syal.g_00120
OG0000181	Syak	Prbg.g_00856	Syak.g_01771
OG0000181	Syap	Prbg.g_00856	Syap.g_00079, Syap.g_02641
OG0000181	Syan	Prbg.g_00856	Syan.g_01757
OG0000181	Syao	Prbg.g_00856	Syao.g_02248
OG0000181	Syar	Prbg.g_00856	Syar.g_00491
OG0000181	Syat	Prbg.g_00856	Syat.g_02320
OG0000181	Syas	Prbg.g_00856	Syas.g_02056
OG0000181	Syag	Prbg.g_00856	Syag.g_02295
OG0000181	Syaq	Prbg.g_00856	Syaq.g_01127
OG0000181	Pram	Prbg.g_00856	Pram.g_00005
OG0000181	Prbh	Prbg.g_00856	Prbh.g_00762
OG0000181	Prak	Prbg.g_00856	Prak.g_00018
OG0000181	Prap	Prbg.g_00856	Prap.g_00937
OG0000181	Prbe	Prbg.g_00856	Prbe.g_00118
OG0000181	Prbf	Prbg.g_00856	Prbf.g_01340
OG0000181	Prbn	Prbg.g_00856	Prbn.g_00764
OG0000182	Prab	Prbg.g_00855	Prab.g_00019
OG0000182	Pran	Prbg.g_00855	Pran.g_00405
OG0000182	Prai	Prbg.g_00855	Prai.g_00019
OG0000182	Prac	Prbg.g_00855	Prac.g_01928
OG0000182	Praq	Prbg.g_00855	Praq.g_01222
OG0000182	Prar	Prbg.g_00855	Prar.g_00019
OG0000182	Pray	Prbg.g_00855	Pray.g_01481
OG0000182	Praz	Prbg.g_00855	Praz.g_00384
OG0000182	Prba	Prbg.g_00855	Prba.g_01812
OG0000182	Prad	Prbg.g_00855	Prad.g_01967
OG0000182	Prae	Prbg.g_00855	Prae.g_00019
OG0000182	Prax	Prbg.g_00855	Prax.g_00294
OG0000182	Praa	Prbg.g_00855	Praa.g_00019
OG0000182	Prbd	Prbg.g_00855	Prbd.g_01218
OG0000182	Prbi	Prbg.g_00855	Prbi.g_00019
OG0000182	Pras	Prbg.g_00855	Pras.g_00861
OG0000182	Prau	Prbg.g_00855	Prau.g_00019
OG0000182	Prao	Prbg.g_00855	Prao.g_00166
OG0000182	Prav	Prbg.g_00855	Prav.g_00087
OG0000182	Prag	Prbg.g_00855	Prag.g_00019
OG0000182	Praw	Prbg.g_00855	Praw.g_01409
OG0000182	Prbm	Prbg.g_00855	Prbm.g_00019
OG0000182	Praj	Prbg.g_00855	Praj.g_00019
OG0000182	Prbc	Prbg.g_00855	Prbc.g_01089
OG0000182	Prbb	Prbg.g_00855	Prbb.g_00020
OG0000182	Prah	Prbg.g_00855	Prah.g_00025
OG0000182	Praf	Prbg.g_00855	Praf.g_00024
OG0000182	Prbj	Prbg.g_00855	Prbj.g_01191
OG0000182	Prbk	Prbg.g_00855	Prbk.g_01630
OG0000182	Prbl	Prbg.g_00855	Prbl.g_01964
OG0000182	Syar	Prbg.g_00855	Syar.g_00492
OG0000182	Syan	Prbg.g_00855	Syan.g_01756
OG0000182	Syao	Prbg.g_00855	Syao.g_02247
OG0000182	Syat	Prbg.g_00855	Syat.g_02319
OG0000182	Syas	Prbg.g_00855	Syas.g_02057
OG0000182	Syap	Prbg.g_00855	Syap.g_00080, Syap.g_02642
OG0000182	Syag	Prbg.g_00855	Syag.g_02296
OG0000182	Syaq	Prbg.g_00855	Syaq.g_01126
OG0000182	Syak	Prbg.g_00855	Syak.g_01770
OG0000182	Syab	Prbg.g_00855	Syab.g_00025
OG0000182	Syal	Prbg.g_00855	Syal.g_00121
OG0000182	Syad	Prbg.g_00855	Syad.g_00186
OG0000182	Syaj	Prbg.g_00855	Syaj.g_02286
OG0000182	Syac	Prbg.g_00855	Syac.g_00022
OG0000182	Syah	Prbg.g_00855	Syah.g_00352
OG0000182	Syaf	Prbg.g_00855	Syaf.g_00474
OG0000182	Syai	Prbg.g_00855	Syai.g_00026
OG0000182	Syam	Prbg.g_00855	Syam.g_00024
OG0000182	Syaa	Prbg.g_00855	Syaa.g_00026
OG0000182	Syae	Prbg.g_00855	Syae.g_01736
OG0000182	Pral	Prbg.g_00855	Pral.g_01025
OG0000182	Prat	Prbg.g_00855	Prat.g_00020
OG0000182	Pram	Prbg.g_00855	Pram.g_00006
OG0000182	Prbh	Prbg.g_00855	Prbh.g_00761
OG0000182	Prak	Prbg.g_00855	Prak.g_00019
OG0000182	Prap	Prbg.g_00855	Prap.g_00936
OG0000182	Prbe	Prbg.g_00855	Prbe.g_00119
OG0000182	Prbf	Prbg.g_00855	Prbf.g_01341
OG0000182	Prbn	Prbg.g_00855	Prbn.g_00763
OG0000183	Pray	Prbg.g_00851	Pray.g_01485
OG0000183	Praz	Prbg.g_00851	Praz.g_00388
OG0000183	Prba	Prbg.g_00851	Prba.g_01816
OG0000183	Prab	Prbg.g_00851	Prab.g_00023
OG0000183	Pran	Prbg.g_00851	Pran.g_00401
OG0000183	Prai	Prbg.g_00851	Prai.g_00023
OG0000183	Prac	Prbg.g_00851	Prac.g_01924
OG0000183	Praq	Prbg.g_00851	Praq.g_01226
OG0000183	Prar	Prbg.g_00851	Prar.g_00015
OG0000183	Prav	Prbg.g_00851	Prav.g_00091
OG0000183	Prag	Prbg.g_00851	Prag.g_00023
OG0000183	Praw	Prbg.g_00851	Praw.g_01405
OG0000183	Praa	Prbg.g_00851	Praa.g_00023
OG0000183	Prao	Prbg.g_00851	Prao.g_00170
OG0000183	Prax	Prbg.g_00851	Prax.g_00290
OG0000183	Prbd	Prbg.g_00851	Prbd.g_01214
OG0000183	Prad	Prbg.g_00851	Prad.g_01963
OG0000183	Prae	Prbg.g_00851	Prae.g_00023
OG0000183	Prbi	Prbg.g_00851	Prbi.g_00023
OG0000183	Pras	Prbg.g_00851	Pras.g_00865
OG0000183	Prau	Prbg.g_00851	Prau.g_00023
OG0000183	Praj	Prbg.g_00851	Praj.g_00023
OG0000183	Prbb	Prbg.g_00851	Prbb.g_00024
OG0000183	Prbm	Prbg.g_00851	Prbm.g_00023
OG0000183	Prbc	Prbg.g_00851	Prbc.g_01093
OG0000183	Prah	Prbg.g_00851	Prah.g_00029
OG0000183	Praf	Prbg.g_00851	Praf.g_00028
OG0000183	Syam	Prbg.g_00851	Syam.g_00028
OG0000183	Syaf	Prbg.g_00851	Syaf.g_00470
OG0000183	Syai	Prbg.g_00851	Syai.g_00030
OG0000183	Syag	Prbg.g_00851	Syag.g_02300
OG0000183	Syaa	Prbg.g_00851	Syaa.g_00030
OG0000183	Syad	Prbg.g_00851	Syad.g_00190
OG0000183	Syaj	Prbg.g_00851	Syaj.g_02290
OG0000183	Syae	Prbg.g_00851	Syae.g_01740
OG0000183	Syak	Prbg.g_00851	Syak.g_01766
OG0000183	Syac	Prbg.g_00851	Syac.g_00026
OG0000183	Syah	Prbg.g_00851	Syah.g_00348
OG0000183	Syab	Prbg.g_00851	Syab.g_00029
OG0000183	Syal	Prbg.g_00851	Syal.g_00125
OG0000183	Syaq	Prbg.g_00851	Syaq.g_01122
OG0000183	Syao	Prbg.g_00851	Syao.g_02243
OG0000183	Syan	Prbg.g_00851	Syan.g_01752
OG0000183	Syap	Prbg.g_00851	Syap.g_00084
OG0000183	Syas	Prbg.g_00851	Syas.g_02061
OG0000183	Syar	Prbg.g_00851	Syar.g_00496
OG0000183	Syat	Prbg.g_00851	Syat.g_02315
OG0000183	Prbj	Prbg.g_00851	Prbj.g_01195
OG0000183	Prbk	Prbg.g_00851	Prbk.g_01626
OG0000183	Prbl	Prbg.g_00851	Prbl.g_01968
OG0000183	Pral	Prbg.g_00851	Pral.g_01021
OG0000183	Prat	Prbg.g_00851	Prat.g_00024
OG0000183	Pram	Prbg.g_00851	Pram.g_00010
OG0000183	Prbh	Prbg.g_00851	Prbh.g_00757
OG0000183	Prbe	Prbg.g_00851	Prbe.g_00123
OG0000183	Prak	Prbg.g_00851	Prak.g_00023
OG0000183	Prap	Prbg.g_00851	Prap.g_00932
OG0000183	Prbf	Prbg.g_00851	Prbf.g_01345
OG0000183	Prbn	Prbg.g_00851	Prbn.g_00759
OG0000184	Prai	Prbg.g_00825	Prai.g_00053
OG0000184	Prab	Prbg.g_00825	Prab.g_00045
OG0000184	Pran	Prbg.g_00825	Pran.g_00379
OG0000184	Praa	Prbg.g_00825	Praa.g_00046
OG0000184	Prax	Prbg.g_00825	Prax.g_00621
OG0000184	Prae	Prbg.g_00825	Prae.g_00048
OG0000184	Prbd	Prbg.g_00825	Prbd.g_01191
OG0000184	Prbi	Prbg.g_00825	Prbi.g_00057
OG0000184	Pray	Prbg.g_00825	Pray.g_00237
OG0000184	Praz	Prbg.g_00825	Praz.g_00412
OG0000184	Prba	Prbg.g_00825	Prba.g_01840
OG0000184	Prag	Prbg.g_00825	Prag.g_00046
OG0000184	Praw	Prbg.g_00825	Praw.g_01382
OG0000184	Prao	Prbg.g_00825	Prao.g_00192
OG0000184	Prav	Prbg.g_00825	Prav.g_00117
OG0000184	Prad	Prbg.g_00825	Prad.g_01940
OG0000184	Prac	Prbg.g_00825	Prac.g_01885
OG0000184	Praq	Prbg.g_00825	Praq.g_01262
OG0000184	Prar	Prbg.g_00825	Prar.g_00573
OG0000184	Pras	Prbg.g_00825	Pras.g_00899
OG0000184	Prau	Prbg.g_00825	Prau.g_00054
OG0000184	Prbm	Prbg.g_00825	Prbm.g_00055
OG0000184	Prbc	Prbg.g_00825	Prbc.g_01124
OG0000184	Praj	Prbg.g_00825	Praj.g_00050
OG0000184	Prbb	Prbg.g_00825	Prbb.g_00061
OG0000184	Syad	Prbg.g_00825	Syad.g_03018
OG0000184	Syaj	Prbg.g_00825	Syaj.g_02098
OG0000184	Syac	Prbg.g_00825	Syac.g_02339
OG0000184	Syah	Prbg.g_00825	Syah.g_00525
OG0000184	Syae	Prbg.g_00825	Syae.g_01554
OG0000184	Syaa	Prbg.g_00825	Syaa.g_02578
OG0000184	Syaf	Prbg.g_00825	Syaf.g_00664
OG0000184	Syai	Prbg.g_00825	Syai.g_02756
OG0000184	Syam	Prbg.g_00825	Syam.g_02298
OG0000184	Syab	Prbg.g_00825	Syab.g_02738
OG0000184	Syao	Prbg.g_00825	Syao.g_02423
OG0000184	Syan	Prbg.g_00825	Syan.g_01549
OG0000184	Syaq	Prbg.g_00825	Syaq.g_01277
OG0000184	Syas	Prbg.g_00825	Syas.g_01872
OG0000184	Syap	Prbg.g_00825	Syap.g_01337
OG0000184	Syar	Prbg.g_00825	Syar.g_00897
OG0000184	Syat	Prbg.g_00825	Syat.g_02704
OG0000184	Syal	Prbg.g_00825	Syal.g_02678, Syal.g_01050
OG0000184	Prbj	Prbg.g_00825	Prbj.g_01943
OG0000184	Prbk	Prbg.g_00825	Prbk.g_02148
OG0000184	Prbl	Prbg.g_00825	Prbl.g_02251
OG0000184	Praf	Prbg.g_00825	Praf.g_02611
OG0000184	Prah	Prbg.g_00825	Prah.g_02478
OG0000184	Syak	Prbg.g_00825	Syak.g_01955
OG0000184	Syag	Prbg.g_00825	Syag.g_02110
OG0000184	Pral	Prbg.g_00825	Pral.g_00996
OG0000184	Prat	Prbg.g_00825	Prat.g_00051
OG0000184	Pram	Prbg.g_00825	Pram.g_00033
OG0000184	Prbh	Prbg.g_00825	Prbh.g_00734
OG0000184	Prak	Prbg.g_00825	Prak.g_00049
OG0000184	Prap	Prbg.g_00825	Prap.g_00906
OG0000184	Prbe	Prbg.g_00825	Prbe.g_00149
OG0000184	Prbf	Prbg.g_00825	Prbf.g_01371
OG0000184	Prbn	Prbg.g_00825	Prbn.g_00733
OG0000185	Prab	Prbg.g_00822	Prab.g_00048
OG0000185	Pran	Prbg.g_00822	Pran.g_00376
OG0000185	Prai	Prbg.g_00822	Prai.g_00056
OG0000185	Prac	Prbg.g_00822	Prac.g_01882
OG0000185	Praq	Prbg.g_00822	Praq.g_01265
OG0000185	Prar	Prbg.g_00822	Prar.g_00570
OG0000185	Prbd	Prbg.g_00822	Prbd.g_01188
OG0000185	Pray	Prbg.g_00822	Pray.g_00234
OG0000185	Praz	Prbg.g_00822	Praz.g_00415
OG0000185	Prba	Prbg.g_00822	Prba.g_01843
OG0000185	Prag	Prbg.g_00822	Prag.g_00049
OG0000185	Praw	Prbg.g_00822	Praw.g_01379
OG0000185	Prae	Prbg.g_00822	Prae.g_00051
OG0000185	Praa	Prbg.g_00822	Praa.g_00049
OG0000185	Prax	Prbg.g_00822	Prax.g_00624
OG0000185	Prao	Prbg.g_00822	Prao.g_00195
OG0000185	Prad	Prbg.g_00822	Prad.g_01937
OG0000185	Prbi	Prbg.g_00822	Prbi.g_00060
OG0000185	Prav	Prbg.g_00822	Prav.g_00120
OG0000185	Pras	Prbg.g_00822	Pras.g_00902
OG0000185	Prau	Prbg.g_00822	Prau.g_00057
OG0000185	Pral	Prbg.g_00822	Pral.g_00993
OG0000185	Prat	Prbg.g_00822	Prat.g_00054
OG0000185	Prbm	Prbg.g_00822	Prbm.g_00058
OG0000185	Prbc	Prbg.g_00822	Prbc.g_01127
OG0000185	Praj	Prbg.g_00822	Praj.g_00053
OG0000185	Prbb	Prbg.g_00822	Prbb.g_00064
OG0000185	Prah	Prbg.g_00822	Prah.g_02458
OG0000185	Syaq	Prbg.g_00822	Syaq.g_01290
OG0000185	Syab	Prbg.g_00822	Syab.g_02715
OG0000185	Syal	Prbg.g_00822	Syal.g_01025
OG0000185	Syak	Prbg.g_00822	Syak.g_01971
OG0000185	Syai	Prbg.g_00822	Syai.g_02734
OG0000185	Syaf	Prbg.g_00822	Syaf.g_00684
OG0000185	Syag	Prbg.g_00822	Syag.g_02092
OG0000185	Syad	Prbg.g_00822	Syad.g_03006
OG0000185	Syaj	Prbg.g_00822	Syaj.g_02087
OG0000185	Syae	Prbg.g_00822	Syae.g_01551
OG0000185	Syaa	Prbg.g_00822	Syaa.g_02575
OG0000185	Syac	Prbg.g_00822	Syac.g_02336
OG0000185	Syah	Prbg.g_00822	Syah.g_00528
OG0000185	Syam	Prbg.g_00822	Syam.g_02295
OG0000185	Praf	Prbg.g_00822	Praf.g_00333, Praf.g_02602
OG0000185	Syap	Prbg.g_00822	Syap.g_01322
OG0000185	Syas	Prbg.g_00822	Syas.g_01861
OG0000185	Syar	Prbg.g_00822	Syar.g_00909
OG0000185	Syat	Prbg.g_00822	Syat.g_02719
OG0000185	Prbj	Prbg.g_00822	Prbj.g_01921
OG0000185	Prbk	Prbg.g_00822	Prbk.g_02126
OG0000185	Prbl	Prbg.g_00822	Prbl.g_02273
OG0000185	Syan	Prbg.g_00822	Syan.g_01540
OG0000185	Syao	Prbg.g_00822	Syao.g_02410
OG0000185	Pram	Prbg.g_00822	Pram.g_00036
OG0000185	Prbh	Prbg.g_00822	Prbh.g_00731
OG0000185	Prak	Prbg.g_00822	Prak.g_00052
OG0000185	Prap	Prbg.g_00822	Prap.g_00903
OG0000185	Prbe	Prbg.g_00822	Prbe.g_00152
OG0000185	Prbf	Prbg.g_00822	Prbf.g_01374
OG0000185	Prbn	Prbg.g_00822	Prbn.g_00730
OG0000186	Prab	Prbg.g_00806	Prab.g_00056
OG0000186	Pran	Prbg.g_00806	Pran.g_00368
OG0000186	Prai	Prbg.g_00806	Prai.g_00064
OG0000186	Prac	Prbg.g_00806	Prac.g_01867
OG0000186	Praq	Prbg.g_00806	Praq.g_01939
OG0000186	Prar	Prbg.g_00806	Prar.g_00554
OG0000186	Prag	Prbg.g_00806	Prag.g_00058
OG0000186	Praw	Prbg.g_00806	Praw.g_01370
OG0000186	Prad	Prbg.g_00806	Prad.g_01929
OG0000186	Pray	Prbg.g_00806	Pray.g_00225
OG0000186	Praz	Prbg.g_00806	Praz.g_00424
OG0000186	Prba	Prbg.g_00806	Prba.g_01852
OG0000186	Pras	Prbg.g_00806	Pras.g_00916
OG0000186	Prau	Prbg.g_00806	Prau.g_00066
OG0000186	Prao	Prbg.g_00806	Prao.g_00203
OG0000186	Prbd	Prbg.g_00806	Prbd.g_01180
OG0000186	Praa	Prbg.g_00806	Praa.g_00064
OG0000186	Prax	Prbg.g_00806	Prax.g_00635
OG0000186	Prae	Prbg.g_00806	Prae.g_00064
OG0000186	Prbi	Prbg.g_00806	Prbi.g_00071
OG0000186	Prav	Prbg.g_00806	Prav.g_00129
OG0000186	Prbm	Prbg.g_00806	Prbm.g_00121
OG0000186	Praj	Prbg.g_00806	Praj.g_00102
OG0000186	Prbc	Prbg.g_00806	Prbc.g_00509
OG0000186	Prbb	Prbg.g_00806	Prbb.g_00119
OG0000186	Pral	Prbg.g_00806	Pral.g_00984
OG0000186	Prat	Prbg.g_00806	Prat.g_00060
OG0000186	Prbj	Prbg.g_00806	Prbj.g_00558
OG0000186	Prbk	Prbg.g_00806	Prbk.g_01326
OG0000186	Prbl	Prbg.g_00806	Prbl.g_00614
OG0000186	Praf	Prbg.g_00806	Praf.g_00328
OG0000186	Prah	Prbg.g_00806	Prah.g_01830
OG0000186	Syak	Prbg.g_00806	Syak.g_02258
OG0000186	Syad	Prbg.g_00806	Syad.g_02722
OG0000186	Syaj	Prbg.g_00806	Syaj.g_01812
OG0000186	Syae	Prbg.g_00806	Syae.g_01279
OG0000186	Syaa	Prbg.g_00806	Syaa.g_00359
OG0000186	Syac	Prbg.g_00806	Syac.g_00454
OG0000186	Syah	Prbg.g_00806	Syah.g_02479
OG0000186	Syaf	Prbg.g_00806	Syaf.g_00968
OG0000186	Syai	Prbg.g_00806	Syai.g_02469
OG0000186	Syam	Prbg.g_00806	Syam.g_02058
OG0000186	Syan	Prbg.g_00806	Syan.g_02902
OG0000186	Syar	Prbg.g_00806	Syar.g_03036
OG0000186	Syat	Prbg.g_00806	Syat.g_01463
OG0000186	Syap	Prbg.g_00806	Syap.g_01684
OG0000186	Syas	Prbg.g_00806	Syas.g_02525
OG0000186	Syao	Prbg.g_00806	Syao.g_02613
OG0000186	Syag	Prbg.g_00806	Syag.g_01815
OG0000186	Syaq	Prbg.g_00806	Syaq.g_01563
OG0000186	Syab	Prbg.g_00806	Syab.g_02430
OG0000186	Syal	Prbg.g_00806	Syal.g_02684, Syal.g_00747
OG0000186	Pram	Prbg.g_00806	Pram.g_00048
OG0000186	Prbh	Prbg.g_00806	Prbh.g_00719
OG0000186	Prak	Prbg.g_00806	Prak.g_00068
OG0000186	Prap	Prbg.g_00806	Prap.g_00887
OG0000186	Prbe	Prbg.g_00806	Prbe.g_00168
OG0000186	Prbf	Prbg.g_00806	Prbf.g_01390
OG0000186	Prbn	Prbg.g_00806	Prbn.g_00714
OG0000187	Prac	Prbg.g_00805	Prac.g_01866
OG0000187	Praq	Prbg.g_00805	Praq.g_01938
OG0000187	Prar	Prbg.g_00805	Prar.g_00553
OG0000187	Prab	Prbg.g_00805	Prab.g_00057
OG0000187	Pran	Prbg.g_00805	Pran.g_00367
OG0000187	Prai	Prbg.g_00805	Prai.g_00065
OG0000187	Prae	Prbg.g_00805	Prae.g_00065
OG0000187	Pras	Prbg.g_00805	Pras.g_00917
OG0000187	Prau	Prbg.g_00805	Prau.g_00067
OG0000187	Prag	Prbg.g_00805	Prag.g_00059
OG0000187	Praw	Prbg.g_00805	Praw.g_01369
OG0000187	Prav	Prbg.g_00805	Prav.g_00130
OG0000187	Praa	Prbg.g_00805	Praa.g_00065
OG0000187	Prad	Prbg.g_00805	Prad.g_01928
OG0000187	Prax	Prbg.g_00805	Prax.g_00636
OG0000187	Prao	Prbg.g_00805	Prao.g_00204
OG0000187	Prbd	Prbg.g_00805	Prbd.g_01179
OG0000187	Pray	Prbg.g_00805	Pray.g_00224
OG0000187	Praz	Prbg.g_00805	Praz.g_00425
OG0000187	Prba	Prbg.g_00805	Prba.g_01853
OG0000187	Prbi	Prbg.g_00805	Prbi.g_00072
OG0000187	Syak	Prbg.g_00805	Syak.g_02257
OG0000187	Syab	Prbg.g_00805	Syab.g_02431
OG0000187	Syal	Prbg.g_00805	Syal.g_02685, Syal.g_00748
OG0000187	Syag	Prbg.g_00805	Syag.g_01816
OG0000187	Syac	Prbg.g_00805	Syac.g_00453
OG0000187	Syah	Prbg.g_00805	Syah.g_02480
OG0000187	Syaf	Prbg.g_00805	Syaf.g_00966
OG0000187	Syai	Prbg.g_00805	Syai.g_02471
OG0000187	Syam	Prbg.g_00805	Syam.g_02059
OG0000187	Syae	Prbg.g_00805	Syae.g_01280
OG0000187	Syaa	Prbg.g_00805	Syaa.g_00358
OG0000187	Syad	Prbg.g_00805	Syad.g_02724
OG0000187	Syaj	Prbg.g_00805	Syaj.g_01814
OG0000187	Praf	Prbg.g_00805	Praf.g_00326
OG0000187	Prah	Prbg.g_00805	Prah.g_01833
OG0000187	Prbj	Prbg.g_00805	Prbj.g_00560
OG0000187	Prbk	Prbg.g_00805	Prbk.g_01324
OG0000187	Prbl	Prbg.g_00805	Prbl.g_00613
OG0000187	Syar	Prbg.g_00805	Syar.g_03038
OG0000187	Syap	Prbg.g_00805	Syap.g_01686
OG0000187	Syao	Prbg.g_00805	Syao.g_02615
OG0000187	Syan	Prbg.g_00805	Syan.g_02904
OG0000187	Syaq	Prbg.g_00805	Syaq.g_01561
OG0000187	Syas	Prbg.g_00805	Syas.g_02524
OG0000187	Syat	Prbg.g_00805	Syat.g_01467
OG0000187	Praj	Prbg.g_00805	Praj.g_00103
OG0000187	Prbb	Prbg.g_00805	Prbb.g_00120
OG0000187	Prbc	Prbg.g_00805	Prbc.g_00508
OG0000187	Prbm	Prbg.g_00805	Prbm.g_00122
OG0000187	Pral	Prbg.g_00805	Pral.g_00983
OG0000187	Prat	Prbg.g_00805	Prat.g_00061
OG0000187	Pram	Prbg.g_00805	Pram.g_00049
OG0000187	Prbh	Prbg.g_00805	Prbh.g_00718
OG0000187	Prak	Prbg.g_00805	Prak.g_00069
OG0000187	Prap	Prbg.g_00805	Prap.g_00886
OG0000187	Prbe	Prbg.g_00805	Prbe.g_00169
OG0000187	Prbf	Prbg.g_00805	Prbf.g_01391
OG0000187	Prbn	Prbg.g_00805	Prbn.g_00713
OG0000188	Prai	Prbg.g_00788	Prai.g_00082
OG0000188	Prab	Prbg.g_00788	Prab.g_00074
OG0000188	Pran	Prbg.g_00788	Pran.g_00350
OG0000188	Prac	Prbg.g_00788	Prac.g_01849
OG0000188	Praq	Prbg.g_00788	Praq.g_01921
OG0000188	Prar	Prbg.g_00788	Prar.g_00246
OG0000188	Prad	Prbg.g_00788	Prad.g_01911
OG0000188	Pras	Prbg.g_00788	Pras.g_00933
OG0000188	Prau	Prbg.g_00788	Prau.g_00083
OG0000188	Praa	Prbg.g_00788	Praa.g_00082
OG0000188	Prax	Prbg.g_00788	Prax.g_00653
OG0000188	Prae	Prbg.g_00788	Prae.g_00082
OG0000188	Prbd	Prbg.g_00788	Prbd.g_01162
OG0000188	Prao	Prbg.g_00788	Prao.g_00221
OG0000188	Prbi	Prbg.g_00788	Prbi.g_00089
OG0000188	Pray	Prbg.g_00788	Pray.g_00207
OG0000188	Praz	Prbg.g_00788	Praz.g_00442
OG0000188	Prba	Prbg.g_00788	Prba.g_01870
OG0000188	Prav	Prbg.g_00788	Prav.g_00147
OG0000188	Prag	Prbg.g_00788	Prag.g_00076
OG0000188	Praw	Prbg.g_00788	Praw.g_01352
OG0000188	Prbc	Prbg.g_00788	Prbc.g_00491
OG0000188	Prbm	Prbg.g_00788	Prbm.g_00139
OG0000188	Praj	Prbg.g_00788	Praj.g_00120
OG0000188	Prbb	Prbg.g_00788	Prbb.g_00137
OG0000188	Pral	Prbg.g_00788	Pral.g_00965
OG0000188	Prat	Prbg.g_00788	Prat.g_00080
OG0000188	Prbj	Prbg.g_00788	Prbj.g_00581
OG0000188	Prbk	Prbg.g_00788	Prbk.g_01303
OG0000188	Prbl	Prbg.g_00788	Prbl.g_00591
OG0000188	Praf	Prbg.g_00788	Praf.g_00303
OG0000188	Prah	Prbg.g_00788	Prah.g_01860
OG0000188	Syag	Prbg.g_00788	Syag.g_01839
OG0000188	Syai	Prbg.g_00788	Syai.g_00696, Syai.g_02494
OG0000188	Syaq	Prbg.g_00788	Syaq.g_01539
OG0000188	Syak	Prbg.g_00788	Syak.g_02235
OG0000188	Syab	Prbg.g_00788	Syab.g_02454
OG0000188	Syal	Prbg.g_00788	Syal.g_00771
OG0000188	Syap	Prbg.g_00788	Syap.g_02547
OG0000188	Syas	Prbg.g_00788	Syas.g_02502
OG0000188	Syan	Prbg.g_00788	Syan.g_02926
OG0000188	Syao	Prbg.g_00788	Syao.g_02637
OG0000188	Syar	Prbg.g_00788	Syar.g_03058
OG0000188	Syat	Prbg.g_00788	Syat.g_01489
OG0000188	Syad	Prbg.g_00788	Syad.g_02759
OG0000188	Syaj	Prbg.g_00788	Syaj.g_01837
OG0000188	Syae	Prbg.g_00788	Syae.g_01323
OG0000188	Syac	Prbg.g_00788	Syac.g_00433
OG0000188	Syah	Prbg.g_00788	Syah.g_02501
OG0000188	Syaa	Prbg.g_00788	Syaa.g_00334
OG0000188	Syam	Prbg.g_00788	Syam.g_02081
OG0000188	Syaf	Prbg.g_00788	Syaf.g_00944
OG0000188	Pram	Prbg.g_00788	Pram.g_00066
OG0000188	Prbh	Prbg.g_00788	Prbh.g_00701
OG0000188	Prak	Prbg.g_00788	Prak.g_00086
OG0000188	Prap	Prbg.g_00788	Prap.g_01096
OG0000188	Prbe	Prbg.g_00788	Prbe.g_00186
OG0000188	Prbf	Prbg.g_00788	Prbf.g_01408
OG0000188	Prbn	Prbg.g_00788	Prbn.g_01339
OG0000189	Prab	Prbg.g_00866	Prab.g_00087
OG0000189	Pran	Prbg.g_00866	Pran.g_00337
OG0000189	Prai	Prbg.g_00866	Prai.g_00096
OG0000189	Prac	Prbg.g_00866	Prac.g_01835
OG0000189	Praq	Prbg.g_00866	Praq.g_01907
OG0000189	Prar	Prbg.g_00866	Prar.g_00232
OG0000189	Prag	Prbg.g_00866	Prag.g_00089
OG0000189	Praw	Prbg.g_00866	Praw.g_01339
OG0000189	Prav	Prbg.g_00866	Prav.g_00161
OG0000189	Prao	Prbg.g_00866	Prao.g_00235
OG0000189	Pray	Prbg.g_00866	Pray.g_00193
OG0000189	Praz	Prbg.g_00866	Praz.g_00456
OG0000189	Prba	Prbg.g_00866	Prba.g_01884
OG0000189	Prad	Prbg.g_00866	Prad.g_01897
OG0000189	Praa	Prbg.g_00866	Praa.g_00096
OG0000189	Prbd	Prbg.g_00866	Prbd.g_01148
OG0000189	Prae	Prbg.g_00866	Prae.g_00096
OG0000189	Prax	Prbg.g_00866	Prax.g_01122
OG0000189	Prbi	Prbg.g_00866	Prbi.g_00103
OG0000189	Pras	Prbg.g_00866	Pras.g_00947
OG0000189	Prau	Prbg.g_00866	Prau.g_00097
OG0000189	Prbm	Prbg.g_00866	Prbm.g_00153
OG0000189	Praj	Prbg.g_00866	Praj.g_00134
OG0000189	Prbb	Prbg.g_00866	Prbb.g_00151
OG0000189	Prbc	Prbg.g_00866	Prbc.g_00477
OG0000189	Prbj	Prbg.g_00866	Prbj.g_00607
OG0000189	Prbk	Prbg.g_00866	Prbk.g_00024
OG0000189	Prbl	Prbg.g_00866	Prbl.g_00565
OG0000189	Prah	Prbg.g_00866	Prah.g_01884
OG0000189	Praf	Prbg.g_00866	Praf.g_00257
OG0000189	Syae	Prbg.g_00866	Syae.g_01350
OG0000189	Syad	Prbg.g_00866	Syad.g_02788
OG0000189	Syaj	Prbg.g_00866	Syaj.g_01874
OG0000189	Syaa	Prbg.g_00866	Syaa.g_02367
OG0000189	Syac	Prbg.g_00866	Syac.g_00408
OG0000189	Syah	Prbg.g_00866	Syah.g_02526
OG0000189	Syam	Prbg.g_00866	Syam.g_02108
OG0000189	Syaf	Prbg.g_00866	Syaf.g_00916
OG0000189	Syai	Prbg.g_00866	Syai.g_02530
OG0000189	Syaq	Prbg.g_00866	Syaq.g_01499, Syaq.g_00122
OG0000189	Syan	Prbg.g_00866	Syan.g_02966
OG0000189	Syao	Prbg.g_00866	Syao.g_02672
OG0000189	Syat	Prbg.g_00866	Syat.g_00386, Syat.g_01557
OG0000189	Syar	Prbg.g_00866	Syar.g_03104
OG0000189	Syas	Prbg.g_00866	Syas.g_02432
OG0000189	Syag	Prbg.g_00866	Syag.g_01872
OG0000189	Syak	Prbg.g_00866	Syak.g_02203
OG0000189	Syab	Prbg.g_00866	Syab.g_02487
OG0000189	Syal	Prbg.g_00866	Syal.g_00807
OG0000189	Pral	Prbg.g_00866	Pral.g_00951
OG0000189	Prat	Prbg.g_00866	Prat.g_00093
OG0000189	Pram	Prbg.g_00866	Pram.g_00080
OG0000189	Prbh	Prbg.g_00866	Prbh.g_00687
OG0000189	Prak	Prbg.g_00866	Prak.g_00100
OG0000189	Prap	Prbg.g_00866	Prap.g_01082
OG0000189	Prbe	Prbg.g_00866	Prbe.g_01636
OG0000189	Prbf	Prbg.g_00866	Prbf.g_01422
OG0000189	Prbn	Prbg.g_00866	Prbn.g_01325
OG0000190	Prab	Prbg.g_00868	Prab.g_00088
OG0000190	Pran	Prbg.g_00868	Pran.g_00336
OG0000190	Prai	Prbg.g_00868	Prai.g_00097
OG0000190	Prao	Prbg.g_00868	Prao.g_00236
OG0000190	Prac	Prbg.g_00868	Prac.g_01834
OG0000190	Praq	Prbg.g_00868	Praq.g_01906
OG0000190	Prar	Prbg.g_00868	Prar.g_00231
OG0000190	Prag	Prbg.g_00868	Prag.g_00090
OG0000190	Praw	Prbg.g_00868	Praw.g_01338
OG0000190	Prav	Prbg.g_00868	Prav.g_00162
OG0000190	Pray	Prbg.g_00868	Pray.g_00192
OG0000190	Praz	Prbg.g_00868	Praz.g_00457
OG0000190	Prba	Prbg.g_00868	Prba.g_01885
OG0000190	Pras	Prbg.g_00868	Pras.g_00948
OG0000190	Prau	Prbg.g_00868	Prau.g_00098
OG0000190	Prax	Prbg.g_00868	Prax.g_01121
OG0000190	Prae	Prbg.g_00868	Prae.g_00097
OG0000190	Praa	Prbg.g_00868	Praa.g_00097
OG0000190	Prbd	Prbg.g_00868	Prbd.g_01147
OG0000190	Prad	Prbg.g_00868	Prad.g_01896
OG0000190	Prbi	Prbg.g_00868	Prbi.g_00104
OG0000190	Prbm	Prbg.g_00868	Prbm.g_00154
OG0000190	Praj	Prbg.g_00868	Praj.g_00135
OG0000190	Prbb	Prbg.g_00868	Prbb.g_00152
OG0000190	Prbc	Prbg.g_00868	Prbc.g_00476
OG0000190	Syaa	Prbg.g_00868	Syaa.g_02369
OG0000190	Syae	Prbg.g_00868	Syae.g_01352
OG0000190	Syad	Prbg.g_00868	Syad.g_02790
OG0000190	Syaj	Prbg.g_00868	Syaj.g_01876
OG0000190	Syac	Prbg.g_00868	Syac.g_00406
OG0000190	Syah	Prbg.g_00868	Syah.g_02528
OG0000190	Syaf	Prbg.g_00868	Syaf.g_00914
OG0000190	Syai	Prbg.g_00868	Syai.g_02532
OG0000190	Syam	Prbg.g_00868	Syam.g_02110
OG0000190	Syak	Prbg.g_00868	Syak.g_01575
OG0000190	Syal	Prbg.g_00868	Syal.g_01364
OG0000190	Syab	Prbg.g_00868	Syab.g_00190, Syab.g_00139
OG0000190	Syar	Prbg.g_00868	Syar.g_03107, Syar.g_02374
OG0000190	Syas	Prbg.g_00868	Syas.g_00133
OG0000190	Syan	Prbg.g_00868	Syan.g_00971
OG0000190	Syao	Prbg.g_00868	Syao.g_01015
OG0000190	Syat	Prbg.g_00868	Syat.g_00330
OG0000190	Syag	Prbg.g_00868	Syag.g_01874
OG0000190	Syaq	Prbg.g_00868	Syaq.g_01497
OG0000190	Prah	Prbg.g_00868	Prah.g_01886
OG0000190	Praf	Prbg.g_00868	Praf.g_00255
OG0000190	Prbj	Prbg.g_00868	Prbj.g_00609
OG0000190	Prbk	Prbg.g_00868	Prbk.g_00022
OG0000190	Prbl	Prbg.g_00868	Prbl.g_00563
OG0000190	Pral	Prbg.g_00868	Pral.g_00950
OG0000190	Prat	Prbg.g_00868	Prat.g_00094
OG0000190	Pram	Prbg.g_00868	Pram.g_00081
OG0000190	Prbh	Prbg.g_00868	Prbh.g_00686
OG0000190	Prak	Prbg.g_00868	Prak.g_00102
OG0000190	Prap	Prbg.g_00868	Prap.g_01080
OG0000190	Prbe	Prbg.g_00868	Prbe.g_01638
OG0000190	Prbf	Prbg.g_00868	Prbf.g_01424
OG0000190	Prbn	Prbg.g_00868	Prbn.g_01323
OG0000191	Prab	Prbg.g_00891	Prab.g_00108
OG0000191	Pran	Prbg.g_00891	Pran.g_00316
OG0000191	Prai	Prbg.g_00891	Prai.g_00117
OG0000191	Prag	Prbg.g_00891	Prag.g_00110
OG0000191	Praw	Prbg.g_00891	Praw.g_01318
OG0000191	Prad	Prbg.g_00891	Prad.g_01876
OG0000191	Pras	Prbg.g_00891	Pras.g_00968
OG0000191	Prau	Prbg.g_00891	Prau.g_00118
OG0000191	Prbd	Prbg.g_00891	Prbd.g_01126
OG0000191	Pray	Prbg.g_00891	Pray.g_00172
OG0000191	Praz	Prbg.g_00891	Praz.g_00477
OG0000191	Prba	Prbg.g_00891	Prba.g_01905
OG0000191	Prax	Prbg.g_00891	Prax.g_01101
OG0000191	Prae	Prbg.g_00891	Prae.g_00117
OG0000191	Praa	Prbg.g_00891	Praa.g_00117
OG0000191	Prao	Prbg.g_00891	Prao.g_00256
OG0000191	Prbi	Prbg.g_00891	Prbi.g_00125
OG0000191	Prac	Prbg.g_00891	Prac.g_01814
OG0000191	Praq	Prbg.g_00891	Praq.g_01886
OG0000191	Prar	Prbg.g_00891	Prar.g_00211
OG0000191	Prav	Prbg.g_00891	Prav.g_00182
OG0000191	Prbc	Prbg.g_00891	Prbc.g_00453
OG0000191	Prbm	Prbg.g_00891	Prbm.g_00177
OG0000191	Praj	Prbg.g_00891	Praj.g_00158
OG0000191	Prbb	Prbg.g_00891	Prbb.g_00175
OG0000191	Pral	Prbg.g_00891	Pral.g_00928
OG0000191	Prat	Prbg.g_00891	Prat.g_00116
OG0000191	Prbj	Prbg.g_00891	Prbj.g_01557
OG0000191	Prbk	Prbg.g_00891	Prbk.g_00197
OG0000191	Prbl	Prbg.g_00891	Prbl.g_01325
OG0000191	Praf	Prbg.g_00891	Praf.g_00218
OG0000191	Prah	Prbg.g_00891	Prah.g_00188
OG0000191	Syae	Prbg.g_00891	Syae.g_01384
OG0000191	Syad	Prbg.g_00891	Syad.g_02824
OG0000191	Syaj	Prbg.g_00891	Syaj.g_01910
OG0000191	Syaa	Prbg.g_00891	Syaa.g_02404
OG0000191	Syam	Prbg.g_00891	Syam.g_02142
OG0000191	Syaf	Prbg.g_00891	Syaf.g_00877
OG0000191	Syai	Prbg.g_00891	Syai.g_02562
OG0000191	Syac	Prbg.g_00891	Syac.g_00373
OG0000191	Syah	Prbg.g_00891	Syah.g_00008
OG0000191	Syaq	Prbg.g_00891	Syaq.g_01467
OG0000191	Syag	Prbg.g_00891	Syag.g_01909
OG0000191	Syak	Prbg.g_00891	Syak.g_02171
OG0000191	Syab	Prbg.g_00891	Syab.g_02522
OG0000191	Syal	Prbg.g_00891	Syal.g_00841
OG0000191	Syas	Prbg.g_00891	Syas.g_02400
OG0000191	Syar	Prbg.g_00891	Syar.g_00039
OG0000191	Syap	Prbg.g_00891	Syap.g_02233
OG0000191	Syan	Prbg.g_00891	Syan.g_02300
OG0000191	Syao	Prbg.g_00891	Syao.g_02573
OG0000191	Syat	Prbg.g_00891	Syat.g_03344, Syat.g_02939
OG0000191	Pram	Prbg.g_00891	Pram.g_00103
OG0000191	Prbh	Prbg.g_00891	Prbh.g_00664
OG0000191	Prak	Prbg.g_00891	Prak.g_00125
OG0000191	Prap	Prbg.g_00891	Prap.g_01057
OG0000191	Prbe	Prbg.g_00891	Prbe.g_01661
OG0000191	Prbf	Prbg.g_00891	Prbf.g_01447
OG0000191	Prbn	Prbg.g_00891	Prbn.g_01300
OG0000192	Prab	Prbg.g_00896	Prab.g_00112
OG0000192	Pran	Prbg.g_00896	Pran.g_00312
OG0000192	Prai	Prbg.g_00896	Prai.g_00121
OG0000192	Prac	Prbg.g_00896	Prac.g_01810
OG0000192	Praq	Prbg.g_00896	Praq.g_01882
OG0000192	Prar	Prbg.g_00896	Prar.g_00207
OG0000192	Pray	Prbg.g_00896	Pray.g_00168
OG0000192	Praz	Prbg.g_00896	Praz.g_00481
OG0000192	Prba	Prbg.g_00896	Prba.g_01909
OG0000192	Prad	Prbg.g_00896	Prad.g_01872
OG0000192	Prag	Prbg.g_00896	Prag.g_00114
OG0000192	Praw	Prbg.g_00896	Praw.g_01314
OG0000192	Praa	Prbg.g_00896	Praa.g_00121
OG0000192	Prav	Prbg.g_00896	Prav.g_00186
OG0000192	Prax	Prbg.g_00896	Prax.g_01097
OG0000192	Pras	Prbg.g_00896	Pras.g_00972
OG0000192	Prau	Prbg.g_00896	Prau.g_00122
OG0000192	Prbd	Prbg.g_00896	Prbd.g_01122
OG0000192	Prbi	Prbg.g_00896	Prbi.g_00129
OG0000192	Prae	Prbg.g_00896	Prae.g_00121
OG0000192	Prao	Prbg.g_00896	Prao.g_00260
OG0000192	Prbc	Prbg.g_00896	Prbc.g_00449
OG0000192	Praj	Prbg.g_00896	Praj.g_00162
OG0000192	Prbm	Prbg.g_00896	Prbm.g_00181
OG0000192	Prbb	Prbg.g_00896	Prbb.g_00179
OG0000192	Syan	Prbg.g_00896	Syan.g_02294
OG0000192	Syao	Prbg.g_00896	Syao.g_02579
OG0000192	Syar	Prbg.g_00896	Syar.g_00046
OG0000192	Syat	Prbg.g_00896	Syat.g_02933
OG0000192	Syap	Prbg.g_00896	Syap.g_02224
OG0000192	Syas	Prbg.g_00896	Syas.g_02395
OG0000192	Prbj	Prbg.g_00896	Prbj.g_01566
OG0000192	Prbk	Prbg.g_00896	Prbk.g_00206
OG0000192	Prbl	Prbg.g_00896	Prbl.g_01316
OG0000192	Praf	Prbg.g_00896	Praf.g_00212
OG0000192	Prah	Prbg.g_00896	Prah.g_00176, Prah.g_00180
OG0000192	Syae	Prbg.g_00896	Syae.g_01390
OG0000192	Syad	Prbg.g_00896	Syad.g_02834
OG0000192	Syaj	Prbg.g_00896	Syaj.g_01919
OG0000192	Syaa	Prbg.g_00896	Syaa.g_02410
OG0000192	Syam	Prbg.g_00896	Syam.g_02148
OG0000192	Syaf	Prbg.g_00896	Syaf.g_00871
OG0000192	Syai	Prbg.g_00896	Syai.g_02569
OG0000192	Syac	Prbg.g_00896	Syac.g_00368
OG0000192	Syah	Prbg.g_00896	Syah.g_00013
OG0000192	Syab	Prbg.g_00896	Syab.g_02528
OG0000192	Syal	Prbg.g_00896	Syal.g_00847
OG0000192	Syag	Prbg.g_00896	Syag.g_01915
OG0000192	Syak	Prbg.g_00896	Syak.g_02165
OG0000192	Syaq	Prbg.g_00896	Syaq.g_01462
OG0000192	Pral	Prbg.g_00896	Pral.g_00923
OG0000192	Prat	Prbg.g_00896	Prat.g_00121
OG0000192	Pram	Prbg.g_00896	Pram.g_00108
OG0000192	Prbh	Prbg.g_00896	Prbh.g_00659
OG0000192	Prak	Prbg.g_00896	Prak.g_00130
OG0000192	Prap	Prbg.g_00896	Prap.g_01052
OG0000192	Prbe	Prbg.g_00896	Prbe.g_01666
OG0000192	Prbf	Prbg.g_00896	Prbf.g_01452
OG0000192	Prbn	Prbg.g_00896	Prbn.g_01295
OG0000193	Prab	Prbg.g_00923	Prab.g_00137
OG0000193	Pran	Prbg.g_00923	Pran.g_00287
OG0000193	Prav	Prbg.g_00923	Prav.g_00213
OG0000193	Prad	Prbg.g_00923	Prad.g_01845
OG0000193	Pras	Prbg.g_00923	Pras.g_00997
OG0000193	Prau	Prbg.g_00923	Prau.g_00147
OG0000193	Praa	Prbg.g_00923	Praa.g_00146
OG0000193	Prbd	Prbg.g_00923	Prbd.g_01094
OG0000193	Prae	Prbg.g_00923	Prae.g_00149
OG0000193	Prax	Prbg.g_00923	Prax.g_01072
OG0000193	Prbi	Prbg.g_00923	Prbi.g_00170
OG0000193	Prag	Prbg.g_00923	Prag.g_00139
OG0000193	Praw	Prbg.g_00923	Praw.g_01289
OG0000193	Prao	Prbg.g_00923	Prao.g_00284
OG0000193	Pray	Prbg.g_00923	Pray.g_00143
OG0000193	Praz	Prbg.g_00923	Praz.g_00506
OG0000193	Prba	Prbg.g_00923	Prba.g_01934
OG0000193	Prac	Prbg.g_00923	Prac.g_01784
OG0000193	Praq	Prbg.g_00923	Praq.g_01856
OG0000193	Prar	Prbg.g_00923	Prar.g_00181
OG0000193	Prai	Prbg.g_00923	Prai.g_00157
OG0000193	Prbm	Prbg.g_00923	Prbm.g_00205
OG0000193	Praj	Prbg.g_00923	Praj.g_00186
OG0000193	Prbb	Prbg.g_00923	Prbb.g_00203
OG0000193	Prbc	Prbg.g_00923	Prbc.g_00425
OG0000193	Syag	Prbg.g_00923	Syag.g_01952
OG0000193	Syak	Prbg.g_00923	Syak.g_02127
OG0000193	Syab	Prbg.g_00923	Syab.g_02565
OG0000193	Syal	Prbg.g_00923	Syal.g_00887
OG0000193	Syaq	Prbg.g_00923	Syaq.g_01423
OG0000193	Praf	Prbg.g_00923	Praf.g_02433
OG0000193	Prah	Prbg.g_00923	Prah.g_02283
OG0000193	Prbj	Prbg.g_00923	Prbj.g_00542
OG0000193	Prbk	Prbg.g_00923	Prbk.g_00752
OG0000193	Prbl	Prbg.g_00923	Prbl.g_00302
OG0000193	Syar	Prbg.g_00923	Syar.g_00079
OG0000193	Syap	Prbg.g_00923	Syap.g_02187, Syap.g_02188
OG0000193	Syas	Prbg.g_00923	Syas.g_02366
OG0000193	Syan	Prbg.g_00923	Syan.g_03009
OG0000193	Syao	Prbg.g_00923	Syao.g_02481
OG0000193	Syat	Prbg.g_00923	Syat.g_02897
OG0000193	Syae	Prbg.g_00923	Syae.g_01429
OG0000193	Syaa	Prbg.g_00923	Syaa.g_02449
OG0000193	Syac	Prbg.g_00923	Syac.g_00329
OG0000193	Syah	Prbg.g_00923	Syah.g_00053
OG0000193	Syam	Prbg.g_00923	Syam.g_02192
OG0000193	Syaf	Prbg.g_00923	Syaf.g_00832
OG0000193	Syai	Prbg.g_00923	Syai.g_02609
OG0000193	Syad	Prbg.g_00923	Syad.g_02877
OG0000193	Syaj	Prbg.g_00923	Syaj.g_01965
OG0000193	Pral	Prbg.g_00923	Pral.g_00899
OG0000193	Prat	Prbg.g_00923	Prat.g_00145
OG0000193	Pram	Prbg.g_00923	Pram.g_00131
OG0000193	Prbh	Prbg.g_00923	Prbh.g_00636
OG0000193	Prak	Prbg.g_00923	Prak.g_00157
OG0000193	Prap	Prbg.g_00923	Prap.g_01025
OG0000193	Prbe	Prbg.g_00923	Prbe.g_01693
OG0000193	Prbf	Prbg.g_00923	Prbf.g_01479
OG0000193	Prbn	Prbg.g_00923	Prbn.g_01268
OG0000194	Prab	Prbg.g_00926	Prab.g_00140
OG0000194	Pran	Prbg.g_00926	Pran.g_00283
OG0000194	Prai	Prbg.g_00926	Prai.g_00160
OG0000194	Prav	Prbg.g_00926	Prav.g_00216
OG0000194	Prao	Prbg.g_00926	Prao.g_00287
OG0000194	Prad	Prbg.g_00926	Prad.g_01842
OG0000194	Prae	Prbg.g_00926	Prae.g_00152
OG0000194	Prag	Prbg.g_00926	Prag.g_00142
OG0000194	Praw	Prbg.g_00926	Praw.g_01286
OG0000194	Praa	Prbg.g_00926	Praa.g_00149
OG0000194	Prbi	Prbg.g_00926	Prbi.g_00173
OG0000194	Prax	Prbg.g_00926	Prax.g_01069
OG0000194	Pras	Prbg.g_00926	Pras.g_01000
OG0000194	Pray	Prbg.g_00926	Pray.g_00140
OG0000194	Praz	Prbg.g_00926	Praz.g_00509
OG0000194	Prba	Prbg.g_00926	Prba.g_01937
OG0000194	Prbd	Prbg.g_00926	Prbd.g_01091
OG0000194	Prac	Prbg.g_00926	Prac.g_01781
OG0000194	Praq	Prbg.g_00926	Praq.g_01853
OG0000194	Prar	Prbg.g_00926	Prar.g_00178
OG0000194	Prau	Prbg.g_00926	Prau.g_00150
OG0000194	Prbb	Prbg.g_00926	Prbb.g_00206
OG0000194	Prbm	Prbg.g_00926	Prbm.g_00208
OG0000194	Praj	Prbg.g_00926	Praj.g_00189
OG0000194	Prbc	Prbg.g_00926	Prbc.g_00422
OG0000194	Prbj	Prbg.g_00926	Prbj.g_00539
OG0000194	Prbk	Prbg.g_00926	Prbk.g_00755
OG0000194	Prbl	Prbg.g_00926	Prbl.g_00299
OG0000194	Praf	Prbg.g_00926	Praf.g_02436
OG0000194	Prah	Prbg.g_00926	Prah.g_02286
OG0000194	Syat	Prbg.g_00926	Syat.g_02894
OG0000194	Syae	Prbg.g_00926	Syae.g_01432
OG0000194	Syad	Prbg.g_00926	Syad.g_02880
OG0000194	Syaj	Prbg.g_00926	Syaj.g_01968
OG0000194	Syaa	Prbg.g_00926	Syaa.g_02452
OG0000194	Syac	Prbg.g_00926	Syac.g_00326
OG0000194	Syah	Prbg.g_00926	Syah.g_00056
OG0000194	Syar	Prbg.g_00926	Syar.g_03236, Syar.g_00082
OG0000194	Syaf	Prbg.g_00926	Syaf.g_00829
OG0000194	Syai	Prbg.g_00926	Syai.g_02612
OG0000194	Syam	Prbg.g_00926	Syam.g_02195
OG0000194	Syak	Prbg.g_00926	Syak.g_02124
OG0000194	Syag	Prbg.g_00926	Syag.g_01955
OG0000194	Syab	Prbg.g_00926	Syab.g_02568
OG0000194	Syal	Prbg.g_00926	Syal.g_00890
OG0000194	Syas	Prbg.g_00926	Syas.g_02363
OG0000194	Syao	Prbg.g_00926	Syao.g_02484
OG0000194	Syan	Prbg.g_00926	Syan.g_03012
OG0000194	Syap	Prbg.g_00926	Syap.g_02183
OG0000194	Syaq	Prbg.g_00926	Syaq.g_01420
OG0000194	Prat	Prbg.g_00926	Prat.g_00148
OG0000194	Pral	Prbg.g_00926	Pral.g_00896
OG0000194	Pram	Prbg.g_00926	Pram.g_00134
OG0000194	Prbh	Prbg.g_00926	Prbh.g_00633
OG0000194	Prak	Prbg.g_00926	Prak.g_00160
OG0000194	Prap	Prbg.g_00926	Prap.g_01022
OG0000194	Prbe	Prbg.g_00926	Prbe.g_01696
OG0000194	Prbf	Prbg.g_00926	Prbf.g_01482
OG0000194	Prbn	Prbg.g_00926	Prbn.g_01265
OG0000195	Prac	Prbg.g_00928	Prac.g_01779
OG0000195	Praq	Prbg.g_00928	Praq.g_01851
OG0000195	Prar	Prbg.g_00928	Prar.g_00176
OG0000195	Prao	Prbg.g_00928	Prao.g_00289
OG0000195	Prax	Prbg.g_00928	Prax.g_01067
OG0000195	Prbd	Prbg.g_00928	Prbd.g_01089
OG0000195	Prag	Prbg.g_00928	Prag.g_00144
OG0000195	Praw	Prbg.g_00928	Praw.g_01284
OG0000195	Prad	Prbg.g_00928	Prad.g_01840
OG0000195	Praa	Prbg.g_00928	Praa.g_00151
OG0000195	Prae	Prbg.g_00928	Prae.g_00154
OG0000195	Prbi	Prbg.g_00928	Prbi.g_00175
OG0000195	Prab	Prbg.g_00928	Prab.g_00142
OG0000195	Prai	Prbg.g_00928	Prai.g_00162
OG0000195	Pran	Prbg.g_00928	Pran.g_00281
OG0000195	Pray	Prbg.g_00928	Pray.g_00138
OG0000195	Praz	Prbg.g_00928	Praz.g_00511
OG0000195	Prba	Prbg.g_00928	Prba.g_01939
OG0000195	Pras	Prbg.g_00928	Pras.g_01002
OG0000195	Prau	Prbg.g_00928	Prau.g_00152
OG0000195	Prav	Prbg.g_00928	Prav.g_00887
OG0000195	Praj	Prbg.g_00928	Praj.g_00191
OG0000195	Prbc	Prbg.g_00928	Prbc.g_00420
OG0000195	Prbm	Prbg.g_00928	Prbm.g_00210
OG0000195	Prbb	Prbg.g_00928	Prbb.g_00208
OG0000195	Syag	Prbg.g_00928	Syag.g_01957
OG0000195	Syaq	Prbg.g_00928	Syaq.g_01418
OG0000195	Syab	Prbg.g_00928	Syab.g_02570
OG0000195	Syal	Prbg.g_00928	Syal.g_00892
OG0000195	Syak	Prbg.g_00928	Syak.g_02122
OG0000195	Syaa	Prbg.g_00928	Syaa.g_02459
OG0000195	Syaj	Prbg.g_00928	Syaj.g_01971
OG0000195	Syad	Prbg.g_00928	Syad.g_02884
OG0000195	Syae	Prbg.g_00928	Syae.g_01434
OG0000195	Syac	Prbg.g_00928	Syac.g_00324
OG0000195	Syah	Prbg.g_00928	Syah.g_00058
OG0000195	Syar	Prbg.g_00928	Syar.g_00023, Syar.g_00084
OG0000195	Syaf	Prbg.g_00928	Syaf.g_00827
OG0000195	Syai	Prbg.g_00928	Syai.g_02614
OG0000195	Syam	Prbg.g_00928	Syam.g_02197
OG0000195	Syap	Prbg.g_00928	Syap.g_02180
OG0000195	Syas	Prbg.g_00928	Syas.g_02360
OG0000195	Syan	Prbg.g_00928	Syan.g_03014
OG0000195	Syao	Prbg.g_00928	Syao.g_02486
OG0000195	Syat	Prbg.g_00928	Syat.g_02892
OG0000195	Praf	Prbg.g_00928	Praf.g_02438
OG0000195	Prbj	Prbg.g_00928	Prbj.g_00537
OG0000195	Prbk	Prbg.g_00928	Prbk.g_00757
OG0000195	Prbl	Prbg.g_00928	Prbl.g_00297
OG0000195	Prah	Prbg.g_00928	Prah.g_02288
OG0000195	Pral	Prbg.g_00928	Pral.g_00894
OG0000195	Prat	Prbg.g_00928	Prat.g_00150
OG0000195	Pram	Prbg.g_00928	Pram.g_00136
OG0000195	Prbh	Prbg.g_00928	Prbh.g_00631
OG0000195	Prak	Prbg.g_00928	Prak.g_00162
OG0000195	Prap	Prbg.g_00928	Prap.g_01020
OG0000195	Prbe	Prbg.g_00928	Prbe.g_01698
OG0000195	Prbf	Prbg.g_00928	Prbf.g_01484
OG0000195	Prbn	Prbg.g_00928	Prbn.g_01263
OG0000196	Prab	Prbg.g_00939	Prab.g_00152
OG0000196	Pran	Prbg.g_00939	Pran.g_00271
OG0000196	Prai	Prbg.g_00939	Prai.g_00172
OG0000196	Pras	Prbg.g_00939	Pras.g_01012
OG0000196	Prau	Prbg.g_00939	Prau.g_00162
OG0000196	Prae	Prbg.g_00939	Prae.g_00164
OG0000196	Praa	Prbg.g_00939	Praa.g_00161
OG0000196	Prax	Prbg.g_00939	Prax.g_01057
OG0000196	Prbd	Prbg.g_00939	Prbd.g_01079
OG0000196	Prbi	Prbg.g_00939	Prbi.g_00185
OG0000196	Prag	Prbg.g_00939	Prag.g_00154
OG0000196	Praw	Prbg.g_00939	Praw.g_01274
OG0000196	Prac	Prbg.g_00939	Prac.g_01769
OG0000196	Praq	Prbg.g_00939	Praq.g_01841
OG0000196	Prar	Prbg.g_00939	Prar.g_00166
OG0000196	Prav	Prbg.g_00939	Prav.g_00877
OG0000196	Pray	Prbg.g_00939	Pray.g_00642
OG0000196	Praz	Prbg.g_00939	Praz.g_00521
OG0000196	Prba	Prbg.g_00939	Prba.g_01949
OG0000196	Prad	Prbg.g_00939	Prad.g_01830
OG0000196	Prao	Prbg.g_00939	Prao.g_00299
OG0000196	Pral	Prbg.g_00939	Pral.g_00883
OG0000196	Prat	Prbg.g_00939	Prat.g_00161
OG0000196	Prbm	Prbg.g_00939	Prbm.g_00220
OG0000196	Prbc	Prbg.g_00939	Prbc.g_00410
OG0000196	Praj	Prbg.g_00939	Praj.g_00201
OG0000196	Prbb	Prbg.g_00939	Prbb.g_00218
OG0000196	Prbj	Prbg.g_00939	Prbj.g_00526
OG0000196	Prbk	Prbg.g_00939	Prbk.g_00768
OG0000196	Prbl	Prbg.g_00939	Prbl.g_00286
OG0000196	Praf	Prbg.g_00939	Praf.g_02449
OG0000196	Prah	Prbg.g_00939	Prah.g_02299
OG0000196	Syar	Prbg.g_00939	Syar.g_00096
OG0000196	Syat	Prbg.g_00939	Syat.g_02867
OG0000196	Syap	Prbg.g_00939	Syap.g_01208, Syap.g_02167
OG0000196	Syas	Prbg.g_00939	Syas.g_02337
OG0000196	Syan	Prbg.g_00939	Syan.g_03026
OG0000196	Syao	Prbg.g_00939	Syao.g_02498
OG0000196	Syaq	Prbg.g_00939	Syaq.g_01407
OG0000196	Syag	Prbg.g_00939	Syag.g_01968
OG0000196	Syaf	Prbg.g_00939	Syaf.g_00816
OG0000196	Syai	Prbg.g_00939	Syai.g_02625
OG0000196	Syam	Prbg.g_00939	Syam.g_02208
OG0000196	Syaa	Prbg.g_00939	Syaa.g_02469
OG0000196	Syak	Prbg.g_00939	Syak.g_02111
OG0000196	Syaj	Prbg.g_00939	Syaj.g_01981
OG0000196	Syac	Prbg.g_00939	Syac.g_00313
OG0000196	Syah	Prbg.g_00939	Syah.g_00069
OG0000196	Syab	Prbg.g_00939	Syab.g_02581
OG0000196	Syal	Prbg.g_00939	Syal.g_00903
OG0000196	Syae	Prbg.g_00939	Syae.g_01444
OG0000196	Syad	Prbg.g_00939	Syad.g_02894
OG0000196	Pram	Prbg.g_00939	Pram.g_00146
OG0000196	Prbh	Prbg.g_00939	Prbh.g_00621
OG0000196	Prak	Prbg.g_00939	Prak.g_00173
OG0000196	Prap	Prbg.g_00939	Prap.g_01009
OG0000196	Prbe	Prbg.g_00939	Prbe.g_01709
OG0000196	Prbf	Prbg.g_00939	Prbf.g_01495
OG0000196	Prbn	Prbg.g_00939	Prbn.g_01252
OG0000197	Prbi	Prbg.g_00940	Prbi.g_00186
OG0000197	Prao	Prbg.g_00940	Prao.g_00300
OG0000197	Prbd	Prbg.g_00940	Prbd.g_01078
OG0000197	Prax	Prbg.g_00940	Prax.g_01056
OG0000197	Praa	Prbg.g_00940	Praa.g_00162
OG0000197	Prae	Prbg.g_00940	Prae.g_00165
OG0000197	Pray	Prbg.g_00940	Pray.g_00643
OG0000197	Praz	Prbg.g_00940	Praz.g_00522
OG0000197	Prba	Prbg.g_00940	Prba.g_01950
OG0000197	Prac	Prbg.g_00940	Prac.g_01768
OG0000197	Praq	Prbg.g_00940	Praq.g_01840
OG0000197	Prar	Prbg.g_00940	Prar.g_00165
OG0000197	Prag	Prbg.g_00940	Prag.g_00155
OG0000197	Praw	Prbg.g_00940	Praw.g_01273
OG0000197	Prav	Prbg.g_00940	Prav.g_00876
OG0000197	Pras	Prbg.g_00940	Pras.g_01013
OG0000197	Prau	Prbg.g_00940	Prau.g_00163
OG0000197	Prad	Prbg.g_00940	Prad.g_01829
OG0000197	Prai	Prbg.g_00940	Prai.g_00173
OG0000197	Prab	Prbg.g_00940	Prab.g_00153
OG0000197	Pran	Prbg.g_00940	Pran.g_00270
OG0000197	Praf	Prbg.g_00940	Praf.g_02450
OG0000197	Prbj	Prbg.g_00940	Prbj.g_00525
OG0000197	Prbk	Prbg.g_00940	Prbk.g_00769
OG0000197	Prbl	Prbg.g_00940	Prbl.g_00285
OG0000197	Prah	Prbg.g_00940	Prah.g_02300
OG0000197	Syat	Prbg.g_00940	Syat.g_02866
OG0000197	Syap	Prbg.g_00940	Syap.g_01207, Syap.g_02166
OG0000197	Syas	Prbg.g_00940	Syas.g_02336
OG0000197	Syar	Prbg.g_00940	Syar.g_00097
OG0000197	Syak	Prbg.g_00940	Syak.g_02110
OG0000197	Syab	Prbg.g_00940	Syab.g_02582
OG0000197	Syal	Prbg.g_00940	Syal.g_00904
OG0000197	Syan	Prbg.g_00940	Syan.g_03027
OG0000197	Syao	Prbg.g_00940	Syao.g_02499
OG0000197	Syaq	Prbg.g_00940	Syaq.g_01406
OG0000197	Syag	Prbg.g_00940	Syag.g_01969
OG0000197	Syae	Prbg.g_00940	Syae.g_01445
OG0000197	Syad	Prbg.g_00940	Syad.g_02895
OG0000197	Syaj	Prbg.g_00940	Syaj.g_01982
OG0000197	Syaf	Prbg.g_00940	Syaf.g_00815
OG0000197	Syai	Prbg.g_00940	Syai.g_02626
OG0000197	Syam	Prbg.g_00940	Syam.g_02209
OG0000197	Syaa	Prbg.g_00940	Syaa.g_02470
OG0000197	Syac	Prbg.g_00940	Syac.g_00312
OG0000197	Syah	Prbg.g_00940	Syah.g_00070
OG0000197	Pral	Prbg.g_00940	Pral.g_00882
OG0000197	Prat	Prbg.g_00940	Prat.g_00162
OG0000197	Prbm	Prbg.g_00940	Prbm.g_00221
OG0000197	Prbb	Prbg.g_00940	Prbb.g_00219
OG0000197	Praj	Prbg.g_00940	Praj.g_00202
OG0000197	Prbc	Prbg.g_00940	Prbc.g_00409
OG0000197	Pram	Prbg.g_00940	Pram.g_00147
OG0000197	Prbh	Prbg.g_00940	Prbh.g_00620
OG0000197	Prak	Prbg.g_00940	Prak.g_00174
OG0000197	Prap	Prbg.g_00940	Prap.g_01008
OG0000197	Prbe	Prbg.g_00940	Prbe.g_01710
OG0000197	Prbf	Prbg.g_00940	Prbf.g_01496
OG0000197	Prbn	Prbg.g_00940	Prbn.g_01251
OG0000198	Prab	Prbg.g_00941	Prab.g_00154
OG0000198	Pran	Prbg.g_00941	Pran.g_00269
OG0000198	Prai	Prbg.g_00941	Prai.g_00174
OG0000198	Pray	Prbg.g_00941	Pray.g_00644
OG0000198	Praz	Prbg.g_00941	Praz.g_00523
OG0000198	Prba	Prbg.g_00941	Prba.g_01951
OG0000198	Prad	Prbg.g_00941	Prad.g_01828
OG0000198	Prao	Prbg.g_00941	Prao.g_00301
OG0000198	Prbi	Prbg.g_00941	Prbi.g_00187
OG0000198	Pras	Prbg.g_00941	Pras.g_01014
OG0000198	Prau	Prbg.g_00941	Prau.g_00164
OG0000198	Prax	Prbg.g_00941	Prax.g_01055
OG0000198	Prae	Prbg.g_00941	Prae.g_00166
OG0000198	Prbd	Prbg.g_00941	Prbd.g_01077
OG0000198	Praa	Prbg.g_00941	Praa.g_00163
OG0000198	Prav	Prbg.g_00941	Prav.g_00875
OG0000198	Prac	Prbg.g_00941	Prac.g_01767
OG0000198	Praq	Prbg.g_00941	Praq.g_01839
OG0000198	Prar	Prbg.g_00941	Prar.g_00164
OG0000198	Prag	Prbg.g_00941	Prag.g_00156
OG0000198	Praw	Prbg.g_00941	Praw.g_01272
OG0000198	Prbm	Prbg.g_00941	Prbm.g_00222
OG0000198	Praj	Prbg.g_00941	Praj.g_00203
OG0000198	Prbb	Prbg.g_00941	Prbb.g_00220
OG0000198	Prbc	Prbg.g_00941	Prbc.g_00408
OG0000198	Prah	Prbg.g_00941	Prah.g_02301
OG0000198	Praf	Prbg.g_00941	Praf.g_02451
OG0000198	Prbj	Prbg.g_00941	Prbj.g_00524
OG0000198	Prbk	Prbg.g_00941	Prbk.g_00770
OG0000198	Prbl	Prbg.g_00941	Prbl.g_00284
OG0000198	Syas	Prbg.g_00941	Syas.g_02335
OG0000198	Syap	Prbg.g_00941	Syap.g_01206
OG0000198	Syan	Prbg.g_00941	Syan.g_03028
OG0000198	Syao	Prbg.g_00941	Syao.g_02500
OG0000198	Syar	Prbg.g_00941	Syar.g_00098
OG0000198	Syat	Prbg.g_00941	Syat.g_02865
OG0000198	Syaf	Prbg.g_00941	Syaf.g_00814
OG0000198	Syai	Prbg.g_00941	Syai.g_02627
OG0000198	Syam	Prbg.g_00941	Syam.g_02210
OG0000198	Syaa	Prbg.g_00941	Syaa.g_02471
OG0000198	Syac	Prbg.g_00941	Syac.g_00311
OG0000198	Syah	Prbg.g_00941	Syah.g_00071
OG0000198	Syag	Prbg.g_00941	Syag.g_00108, Syag.g_01971
OG0000198	Syab	Prbg.g_00941	Syab.g_02583
OG0000198	Syal	Prbg.g_00941	Syal.g_00905
OG0000198	Syae	Prbg.g_00941	Syae.g_01446
OG0000198	Syaq	Prbg.g_00941	Syaq.g_01405
OG0000198	Syad	Prbg.g_00941	Syad.g_02896
OG0000198	Syaj	Prbg.g_00941	Syaj.g_01983
OG0000198	Syak	Prbg.g_00941	Syak.g_02109
OG0000198	Pral	Prbg.g_00941	Pral.g_00881
OG0000198	Prat	Prbg.g_00941	Prat.g_00163
OG0000198	Pram	Prbg.g_00941	Pram.g_00148
OG0000198	Prbh	Prbg.g_00941	Prbh.g_00619
OG0000198	Prak	Prbg.g_00941	Prak.g_00175
OG0000198	Prap	Prbg.g_00941	Prap.g_01007
OG0000198	Prbe	Prbg.g_00941	Prbe.g_01711
OG0000198	Prbf	Prbg.g_00941	Prbf.g_01497
OG0000198	Prbn	Prbg.g_00941	Prbn.g_01250
OG0000199	Prab	Prbg.g_00948	Prab.g_00161
OG0000199	Pran	Prbg.g_00948	Pran.g_00262
OG0000199	Prai	Prbg.g_00948	Prai.g_00181
OG0000199	Prao	Prbg.g_00948	Prao.g_00308
OG0000199	Pray	Prbg.g_00948	Pray.g_00651
OG0000199	Praz	Prbg.g_00948	Praz.g_00530
OG0000199	Prba	Prbg.g_00948	Prba.g_00626
OG0000199	Prac	Prbg.g_00948	Prac.g_01760
OG0000199	Praq	Prbg.g_00948	Praq.g_01832
OG0000199	Prar	Prbg.g_00948	Prar.g_00157
OG0000199	Prav	Prbg.g_00948	Prav.g_00868
OG0000199	Prbi	Prbg.g_00948	Prbi.g_00194
OG0000199	Prad	Prbg.g_00948	Prad.g_01821
OG0000199	Prax	Prbg.g_00948	Prax.g_01048
OG0000199	Praa	Prbg.g_00948	Praa.g_00170
OG0000199	Prbd	Prbg.g_00948	Prbd.g_01070
OG0000199	Prae	Prbg.g_00948	Prae.g_00173
OG0000199	Pras	Prbg.g_00948	Pras.g_01021
OG0000199	Prau	Prbg.g_00948	Prau.g_00171
OG0000199	Prag	Prbg.g_00948	Prag.g_00163
OG0000199	Praw	Prbg.g_00948	Praw.g_01265
OG0000199	Prbb	Prbg.g_00948	Prbb.g_00227
OG0000199	Prbc	Prbg.g_00948	Prbc.g_00401
OG0000199	Praj	Prbg.g_00948	Praj.g_00210
OG0000199	Prbm	Prbg.g_00948	Prbm.g_00229
OG0000199	Prbj	Prbg.g_00948	Prbj.g_00517
OG0000199	Prbk	Prbg.g_00948	Prbk.g_00777
OG0000199	Prbl	Prbg.g_00948	Prbl.g_00277
OG0000199	Prah	Prbg.g_00948	Prah.g_02308
OG0000199	Praf	Prbg.g_00948	Praf.g_02468
OG0000199	Syab	Prbg.g_00948	Syab.g_02591
OG0000199	Syal	Prbg.g_00948	Syal.g_00913
OG0000199	Syaq	Prbg.g_00948	Syaq.g_01398
OG0000199	Syak	Prbg.g_00948	Syak.g_02100
OG0000199	Syag	Prbg.g_00948	Syag.g_01979
OG0000199	Syas	Prbg.g_00948	Syas.g_02327
OG0000199	Syap	Prbg.g_00948	Syap.g_01197
OG0000199	Syar	Prbg.g_00948	Syar.g_00106
OG0000199	Syat	Prbg.g_00948	Syat.g_02857
OG0000199	Syan	Prbg.g_00948	Syan.g_03037
OG0000199	Syao	Prbg.g_00948	Syao.g_02508
OG0000199	Syaa	Prbg.g_00948	Syaa.g_02479
OG0000199	Syae	Prbg.g_00948	Syae.g_01454
OG0000199	Syad	Prbg.g_00948	Syad.g_02904
OG0000199	Syaj	Prbg.g_00948	Syaj.g_01991
OG0000199	Syai	Prbg.g_00948	Syai.g_02635
OG0000199	Syaf	Prbg.g_00948	Syaf.g_00806
OG0000199	Syam	Prbg.g_00948	Syam.g_02218
OG0000199	Syac	Prbg.g_00948	Syac.g_00303
OG0000199	Syah	Prbg.g_00948	Syah.g_00079
OG0000199	Pral	Prbg.g_00948	Pral.g_00873
OG0000199	Prat	Prbg.g_00948	Prat.g_00171
OG0000199	Pram	Prbg.g_00948	Pram.g_00155
OG0000199	Prbh	Prbg.g_00948	Prbh.g_00612
OG0000199	Prak	Prbg.g_00948	Prak.g_00182
OG0000199	Prap	Prbg.g_00948	Prap.g_01000
OG0000199	Prbe	Prbg.g_00948	Prbe.g_01718
OG0000199	Prbf	Prbg.g_00948	Prbf.g_01504
OG0000199	Prbn	Prbg.g_00948	Prbn.g_01243, Prbn.g_00384
OG0000200	Pray	Prbg.g_00962	Pray.g_00665
OG0000200	Praz	Prbg.g_00962	Praz.g_00544
OG0000200	Prba	Prbg.g_00962	Prba.g_00640
OG0000200	Prag	Prbg.g_00962	Prag.g_00177
OG0000200	Praw	Prbg.g_00962	Praw.g_01251
OG0000200	Prac	Prbg.g_00962	Prac.g_01746
OG0000200	Praq	Prbg.g_00962	Praq.g_01818
OG0000200	Prar	Prbg.g_00962	Prar.g_00143
OG0000200	Prav	Prbg.g_00962	Prav.g_00854
OG0000200	Prad	Prbg.g_00962	Prad.g_01807
OG0000200	Pras	Prbg.g_00962	Pras.g_01035
OG0000200	Prau	Prbg.g_00962	Prau.g_00185
OG0000200	Prax	Prbg.g_00962	Prax.g_01034
OG0000200	Praa	Prbg.g_00962	Praa.g_00184
OG0000200	Prbi	Prbg.g_00962	Prbi.g_00208
OG0000200	Prbd	Prbg.g_00962	Prbd.g_01056
OG0000200	Prae	Prbg.g_00962	Prae.g_00187
OG0000200	Prao	Prbg.g_00962	Prao.g_00322
OG0000200	Prab	Prbg.g_00962	Prab.g_00175
OG0000200	Pran	Prbg.g_00962	Pran.g_00248
OG0000200	Prai	Prbg.g_00962	Prai.g_00195
OG0000200	Pral	Prbg.g_00962	Pral.g_00860
OG0000200	Prat	Prbg.g_00962	Prat.g_00185
OG0000200	Praf	Prbg.g_00962	Praf.g_02711, Praf.g_02492
OG0000200	Prbm	Prbg.g_00962	Prbm.g_00243
OG0000200	Praj	Prbg.g_00962	Praj.g_00223
OG0000200	Prbb	Prbg.g_00962	Prbb.g_00240
OG0000200	Prbc	Prbg.g_00962	Prbc.g_00388
OG0000200	Prah	Prbg.g_00962	Prah.g_02324
OG0000200	Prbj	Prbg.g_00962	Prbj.g_01138
OG0000200	Prbk	Prbg.g_00962	Prbk.g_01280
OG0000200	Prbl	Prbg.g_00962	Prbl.g_00069
OG0000200	Syaq	Prbg.g_00962	Syaq.g_01382
OG0000200	Syab	Prbg.g_00962	Syab.g_02611
OG0000200	Syal	Prbg.g_00962	Syal.g_00932
OG0000200	Syar	Prbg.g_00962	Syar.g_00124
OG0000200	Syad	Prbg.g_00962	Syad.g_02921
OG0000200	Syaj	Prbg.g_00962	Syaj.g_02008
OG0000200	Syae	Prbg.g_00962	Syae.g_01471
OG0000200	Syac	Prbg.g_00962	Syac.g_02261
OG0000200	Syah	Prbg.g_00962	Syah.g_00616
OG0000200	Syaa	Prbg.g_00962	Syaa.g_02496
OG0000200	Syam	Prbg.g_00962	Syam.g_02234
OG0000200	Syaf	Prbg.g_00962	Syaf.g_00789
OG0000200	Syai	Prbg.g_00962	Syai.g_02651
OG0000200	Syag	Prbg.g_00962	Syag.g_01996
OG0000200	Syak	Prbg.g_00962	Syak.g_02083
OG0000200	Syan	Prbg.g_00962	Syan.g_03055
OG0000200	Syap	Prbg.g_00962	Syap.g_01181
OG0000200	Syat	Prbg.g_00962	Syat.g_02840
OG0000200	Syas	Prbg.g_00962	Syas.g_02298
OG0000200	Syao	Prbg.g_00962	Syao.g_02524
OG0000200	Pram	Prbg.g_00962	Pram.g_00168
OG0000200	Prbh	Prbg.g_00962	Prbh.g_00599
OG0000200	Prak	Prbg.g_00962	Prak.g_00196
OG0000200	Prap	Prbg.g_00962	Prap.g_00986
OG0000200	Prbe	Prbg.g_00962	Prbe.g_01732
OG0000200	Prbf	Prbg.g_00962	Prbf.g_01518
OG0000200	Prbn	Prbg.g_00962	Prbn.g_00370
OG0000201	Prab	Prbg.g_00971	Prab.g_00183
OG0000201	Pran	Prbg.g_00971	Pran.g_00240
OG0000201	Prai	Prbg.g_00971	Prai.g_00203
OG0000201	Prag	Prbg.g_00971	Prag.g_00185
OG0000201	Praw	Prbg.g_00971	Praw.g_01243
OG0000201	Prao	Prbg.g_00971	Prao.g_00330
OG0000201	Prbi	Prbg.g_00971	Prbi.g_00216
OG0000201	Prax	Prbg.g_00971	Prax.g_01026
OG0000201	Pras	Prbg.g_00971	Pras.g_01043
OG0000201	Prau	Prbg.g_00971	Prau.g_00193
OG0000201	Prbd	Prbg.g_00971	Prbd.g_01048
OG0000201	Praa	Prbg.g_00971	Praa.g_00192
OG0000201	Prae	Prbg.g_00971	Prae.g_00195
OG0000201	Pray	Prbg.g_00971	Pray.g_00673
OG0000201	Praz	Prbg.g_00971	Praz.g_00552
OG0000201	Prba	Prbg.g_00971	Prba.g_00648
OG0000201	Prad	Prbg.g_00971	Prad.g_01799
OG0000201	Prav	Prbg.g_00971	Prav.g_00846
OG0000201	Prac	Prbg.g_00971	Prac.g_01738
OG0000201	Praq	Prbg.g_00971	Praq.g_01810
OG0000201	Prar	Prbg.g_00971	Prar.g_00135
OG0000201	Prbb	Prbg.g_00971	Prbb.g_00249
OG0000201	Prbc	Prbg.g_00971	Prbc.g_00379
OG0000201	Praj	Prbg.g_00971	Praj.g_00232
OG0000201	Prbm	Prbg.g_00971	Prbm.g_00252
OG0000201	Prbj	Prbg.g_00971	Prbj.g_01157
OG0000201	Prbk	Prbg.g_00971	Prbk.g_01261
OG0000201	Prbl	Prbg.g_00971	Prbl.g_00088
OG0000201	Praf	Prbg.g_00971	Praf.g_02511
OG0000201	Prah	Prbg.g_00971	Prah.g_02352
OG0000201	Syak	Prbg.g_00971	Syak.g_02068
OG0000201	Syaq	Prbg.g_00971	Syaq.g_01365
OG0000201	Syad	Prbg.g_00971	Syad.g_02937
OG0000201	Syaj	Prbg.g_00971	Syaj.g_02024
OG0000201	Syag	Prbg.g_00971	Syag.g_02019, Syag.g_02023
OG0000201	Syab	Prbg.g_00971	Syab.g_02628
OG0000201	Syal	Prbg.g_00971	Syal.g_00949
OG0000201	Syap	Prbg.g_00971	Syap.g_02265
OG0000201	Syas	Prbg.g_00971	Syas.g_02279
OG0000201	Syat	Prbg.g_00971	Syat.g_02821
OG0000201	Syan	Prbg.g_00971	Syan.g_03074
OG0000201	Syao	Prbg.g_00971	Syao.g_02540
OG0000201	Syar	Prbg.g_00971	Syar.g_01000
OG0000201	Syae	Prbg.g_00971	Syae.g_01487
OG0000201	Syac	Prbg.g_00971	Syac.g_02278
OG0000201	Syah	Prbg.g_00971	Syah.g_00601
OG0000201	Syaf	Prbg.g_00971	Syaf.g_00771
OG0000201	Syai	Prbg.g_00971	Syai.g_02667
OG0000201	Syam	Prbg.g_00971	Syam.g_02248
OG0000201	Syaa	Prbg.g_00971	Syaa.g_02521
OG0000201	Pral	Prbg.g_00971	Pral.g_00851
OG0000201	Prat	Prbg.g_00971	Prat.g_00194
OG0000201	Pram	Prbg.g_00971	Pram.g_00177
OG0000201	Prbh	Prbg.g_00971	Prbh.g_00590
OG0000201	Prak	Prbg.g_00971	Prak.g_00205
OG0000201	Prap	Prbg.g_00971	Prap.g_00977
OG0000201	Prbe	Prbg.g_00971	Prbe.g_01741
OG0000201	Prbf	Prbg.g_00971	Prbf.g_01527
OG0000201	Prbn	Prbg.g_00971	Prbn.g_00361
OG0000202	Prab	Prbg.g_00972	Prab.g_00184
OG0000202	Pran	Prbg.g_00972	Pran.g_00239
OG0000202	Prai	Prbg.g_00972	Prai.g_00204
OG0000202	Prag	Prbg.g_00972	Prag.g_00186
OG0000202	Praw	Prbg.g_00972	Praw.g_01242
OG0000202	Prac	Prbg.g_00972	Prac.g_01737
OG0000202	Praq	Prbg.g_00972	Praq.g_01809
OG0000202	Prar	Prbg.g_00972	Prar.g_00134
OG0000202	Prao	Prbg.g_00972	Prao.g_00331
OG0000202	Prax	Prbg.g_00972	Prax.g_01025
OG0000202	Prau	Prbg.g_00972	Prau.g_00194
OG0000202	Pras	Prbg.g_00972	Pras.g_01044
OG0000202	Prbi	Prbg.g_00972	Prbi.g_00217
OG0000202	Prav	Prbg.g_00972	Prav.g_00845
OG0000202	Prad	Prbg.g_00972	Prad.g_01798
OG0000202	Pray	Prbg.g_00972	Pray.g_00674
OG0000202	Praz	Prbg.g_00972	Praz.g_00553
OG0000202	Prba	Prbg.g_00972	Prba.g_00649
OG0000202	Praa	Prbg.g_00972	Praa.g_00193
OG0000202	Prae	Prbg.g_00972	Prae.g_00196
OG0000202	Prbd	Prbg.g_00972	Prbd.g_01047
OG0000202	Praj	Prbg.g_00972	Praj.g_00233
OG0000202	Prbm	Prbg.g_00972	Prbm.g_00253
OG0000202	Prbb	Prbg.g_00972	Prbb.g_00250
OG0000202	Prbc	Prbg.g_00972	Prbc.g_00378
OG0000202	Pral	Prbg.g_00972	Pral.g_00850
OG0000202	Prat	Prbg.g_00972	Prat.g_00195
OG0000202	Prbj	Prbg.g_00972	Prbj.g_01158
OG0000202	Prbk	Prbg.g_00972	Prbk.g_01260
OG0000202	Prbl	Prbg.g_00972	Prbl.g_00089
OG0000202	Praf	Prbg.g_00972	Praf.g_02512
OG0000202	Prah	Prbg.g_00972	Prah.g_02353
OG0000202	Syaa	Prbg.g_00972	Syaa.g_02522
OG0000202	Syae	Prbg.g_00972	Syae.g_01488
OG0000202	Syad	Prbg.g_00972	Syad.g_02938
OG0000202	Syaj	Prbg.g_00972	Syaj.g_02025
OG0000202	Syan	Prbg.g_00972	Syan.g_03075
OG0000202	Syao	Prbg.g_00972	Syao.g_02454
OG0000202	Syat	Prbg.g_00972	Syat.g_02820
OG0000202	Syas	Prbg.g_00972	Syas.g_02278
OG0000202	Syap	Prbg.g_00972	Syap.g_02264
OG0000202	Syar	Prbg.g_00972	Syar.g_00998, Syar.g_00021
OG0000202	Syac	Prbg.g_00972	Syac.g_02279
OG0000202	Syah	Prbg.g_00972	Syah.g_00600
OG0000202	Syaf	Prbg.g_00972	Syaf.g_00770
OG0000202	Syai	Prbg.g_00972	Syai.g_02668
OG0000202	Syam	Prbg.g_00972	Syam.g_02249
OG0000202	Syab	Prbg.g_00972	Syab.g_02629
OG0000202	Syal	Prbg.g_00972	Syal.g_00950
OG0000202	Syag	Prbg.g_00972	Syag.g_02024
OG0000202	Syak	Prbg.g_00972	Syak.g_02067
OG0000202	Syaq	Prbg.g_00972	Syaq.g_01364
OG0000202	Pram	Prbg.g_00972	Pram.g_00178
OG0000202	Prbh	Prbg.g_00972	Prbh.g_00589
OG0000202	Prak	Prbg.g_00972	Prak.g_00206
OG0000202	Prap	Prbg.g_00972	Prap.g_00976
OG0000202	Prbe	Prbg.g_00972	Prbe.g_01742
OG0000202	Prbf	Prbg.g_00972	Prbf.g_01528
OG0000202	Prbn	Prbg.g_00972	Prbn.g_00360
OG0000203	Prab	Prbg.g_00973	Prab.g_00185
OG0000203	Pran	Prbg.g_00973	Pran.g_00238
OG0000203	Prai	Prbg.g_00973	Prai.g_00205
OG0000203	Prag	Prbg.g_00973	Prag.g_00187
OG0000203	Praw	Prbg.g_00973	Praw.g_01241
OG0000203	Pray	Prbg.g_00973	Pray.g_00675
OG0000203	Praz	Prbg.g_00973	Praz.g_00554
OG0000203	Prba	Prbg.g_00973	Prba.g_00650
OG0000203	Prad	Prbg.g_00973	Prad.g_01797
OG0000203	Prae	Prbg.g_00973	Prae.g_00197
OG0000203	Praa	Prbg.g_00973	Praa.g_00194
OG0000203	Prbd	Prbg.g_00973	Prbd.g_01046
OG0000203	Prbi	Prbg.g_00973	Prbi.g_00218
OG0000203	Prav	Prbg.g_00973	Prav.g_00844
OG0000203	Prao	Prbg.g_00973	Prao.g_00332
OG0000203	Prax	Prbg.g_00973	Prax.g_01024
OG0000203	Pras	Prbg.g_00973	Pras.g_01045
OG0000203	Prau	Prbg.g_00973	Prau.g_00195
OG0000203	Prac	Prbg.g_00973	Prac.g_01736
OG0000203	Praq	Prbg.g_00973	Praq.g_01808
OG0000203	Prar	Prbg.g_00973	Prar.g_00133
OG0000203	Praj	Prbg.g_00973	Praj.g_00234
OG0000203	Prbm	Prbg.g_00973	Prbm.g_00254
OG0000203	Prbb	Prbg.g_00973	Prbb.g_00251
OG0000203	Prbc	Prbg.g_00973	Prbc.g_00377
OG0000203	Prbj	Prbg.g_00973	Prbj.g_01159
OG0000203	Prbk	Prbg.g_00973	Prbk.g_01259
OG0000203	Prbl	Prbg.g_00973	Prbl.g_00090
OG0000203	Praf	Prbg.g_00973	Praf.g_02513
OG0000203	Prah	Prbg.g_00973	Prah.g_02354
OG0000203	Syaq	Prbg.g_00973	Syaq.g_01363
OG0000203	Syag	Prbg.g_00973	Syag.g_02025
OG0000203	Syak	Prbg.g_00973	Syak.g_02066
OG0000203	Syan	Prbg.g_00973	Syan.g_03076
OG0000203	Syao	Prbg.g_00973	Syao.g_02455
OG0000203	Syac	Prbg.g_00973	Syac.g_02280
OG0000203	Syah	Prbg.g_00973	Syah.g_00599
OG0000203	Syar	Prbg.g_00973	Syar.g_00020, Syar.g_00997
OG0000203	Syae	Prbg.g_00973	Syae.g_01489
OG0000203	Syaa	Prbg.g_00973	Syaa.g_02523
OG0000203	Syai	Prbg.g_00973	Syai.g_02669
OG0000203	Syaf	Prbg.g_00973	Syaf.g_00769
OG0000203	Syam	Prbg.g_00973	Syam.g_02250
OG0000203	Syap	Prbg.g_00973	Syap.g_01601
OG0000203	Syas	Prbg.g_00973	Syas.g_02277
OG0000203	Syat	Prbg.g_00973	Syat.g_02819
OG0000203	Syad	Prbg.g_00973	Syad.g_02939
OG0000203	Syaj	Prbg.g_00973	Syaj.g_02026
OG0000203	Syab	Prbg.g_00973	Syab.g_02630
OG0000203	Syal	Prbg.g_00973	Syal.g_00951
OG0000203	Pral	Prbg.g_00973	Pral.g_00849
OG0000203	Prat	Prbg.g_00973	Prat.g_00196
OG0000203	Pram	Prbg.g_00973	Pram.g_00179
OG0000203	Prbh	Prbg.g_00973	Prbh.g_00588
OG0000203	Prak	Prbg.g_00973	Prak.g_00207
OG0000203	Prap	Prbg.g_00973	Prap.g_00975
OG0000203	Prbe	Prbg.g_00973	Prbe.g_01743
OG0000203	Prbf	Prbg.g_00973	Prbf.g_01529
OG0000203	Prbn	Prbg.g_00973	Prbn.g_00359
OG0000204	Prag	Prbg.g_00974	Prag.g_00188
OG0000204	Praw	Prbg.g_00974	Praw.g_01240
OG0000204	Prax	Prbg.g_00974	Prax.g_01023
OG0000204	Pras	Prbg.g_00974	Pras.g_01046
OG0000204	Prau	Prbg.g_00974	Prau.g_00196
OG0000204	Prao	Prbg.g_00974	Prao.g_00333
OG0000204	Prav	Prbg.g_00974	Prav.g_00843
OG0000204	Prac	Prbg.g_00974	Prac.g_01735
OG0000204	Praq	Prbg.g_00974	Praq.g_01807
OG0000204	Prar	Prbg.g_00974	Prar.g_00132
OG0000204	Prad	Prbg.g_00974	Prad.g_01796
OG0000204	Prae	Prbg.g_00974	Prae.g_00198
OG0000204	Praa	Prbg.g_00974	Praa.g_00195
OG0000204	Prbd	Prbg.g_00974	Prbd.g_01045
OG0000204	Pray	Prbg.g_00974	Pray.g_00676
OG0000204	Praz	Prbg.g_00974	Praz.g_00555
OG0000204	Prba	Prbg.g_00974	Prba.g_00651
OG0000204	Prbi	Prbg.g_00974	Prbi.g_00219
OG0000204	Prab	Prbg.g_00974	Prab.g_00186
OG0000204	Pran	Prbg.g_00974	Pran.g_00237
OG0000204	Prai	Prbg.g_00974	Prai.g_00206
OG0000204	Praj	Prbg.g_00974	Praj.g_00235
OG0000204	Prbb	Prbg.g_00974	Prbb.g_00252
OG0000204	Prbc	Prbg.g_00974	Prbc.g_00376
OG0000204	Prbm	Prbg.g_00974	Prbm.g_00255
OG0000204	Prbj	Prbg.g_00974	Prbj.g_01160
OG0000204	Prbk	Prbg.g_00974	Prbk.g_01258
OG0000204	Prbl	Prbg.g_00974	Prbl.g_00091
OG0000204	Praf	Prbg.g_00974	Praf.g_02514
OG0000204	Prah	Prbg.g_00974	Prah.g_02355
OG0000204	Syac	Prbg.g_00974	Syac.g_02281
OG0000204	Syah	Prbg.g_00974	Syah.g_00598
OG0000204	Syaa	Prbg.g_00974	Syaa.g_02524
OG0000204	Syai	Prbg.g_00974	Syai.g_02670
OG0000204	Syaf	Prbg.g_00974	Syaf.g_00768
OG0000204	Syam	Prbg.g_00974	Syam.g_02251
OG0000204	Syae	Prbg.g_00974	Syae.g_01490
OG0000204	Syad	Prbg.g_00974	Syad.g_02940
OG0000204	Syaj	Prbg.g_00974	Syaj.g_02027
OG0000204	Syar	Prbg.g_00974	Syar.g_00996
OG0000204	Syas	Prbg.g_00974	Syas.g_02276
OG0000204	Syat	Prbg.g_00974	Syat.g_02818
OG0000204	Syap	Prbg.g_00974	Syap.g_01602
OG0000204	Syan	Prbg.g_00974	Syan.g_03077
OG0000204	Syao	Prbg.g_00974	Syao.g_02456
OG0000204	Syaq	Prbg.g_00974	Syaq.g_01362
OG0000204	Syab	Prbg.g_00974	Syab.g_02631
OG0000204	Syal	Prbg.g_00974	Syal.g_00952
OG0000204	Syak	Prbg.g_00974	Syak.g_02065
OG0000204	Syag	Prbg.g_00974	Syag.g_02020, Syag.g_02026
OG0000204	Pral	Prbg.g_00974	Pral.g_00848
OG0000204	Prat	Prbg.g_00974	Prat.g_00197
OG0000204	Pram	Prbg.g_00974	Pram.g_00180
OG0000204	Prbh	Prbg.g_00974	Prbh.g_00587
OG0000204	Prak	Prbg.g_00974	Prak.g_00208
OG0000204	Prap	Prbg.g_00974	Prap.g_00974
OG0000204	Prbe	Prbg.g_00974	Prbe.g_01744
OG0000204	Prbf	Prbg.g_00974	Prbf.g_01530
OG0000204	Prbn	Prbg.g_00974	Prbn.g_00358
OG0000205	Prab	Prbg.g_00981	Prab.g_00193
OG0000205	Pran	Prbg.g_00981	Pran.g_00230
OG0000205	Prai	Prbg.g_00981	Prai.g_00213
OG0000205	Prac	Prbg.g_00981	Prac.g_01728
OG0000205	Praq	Prbg.g_00981	Praq.g_01800
OG0000205	Prar	Prbg.g_00981	Prar.g_00125
OG0000205	Prau	Prbg.g_00981	Prau.g_00203
OG0000205	Prag	Prbg.g_00981	Prag.g_00195
OG0000205	Praw	Prbg.g_00981	Praw.g_01233
OG0000205	Prax	Prbg.g_00981	Prax.g_01016
OG0000205	Prbi	Prbg.g_00981	Prbi.g_00226
OG0000205	Prbd	Prbg.g_00981	Prbd.g_01038
OG0000205	Prae	Prbg.g_00981	Prae.g_00205
OG0000205	Pray	Prbg.g_00981	Pray.g_00683
OG0000205	Praz	Prbg.g_00981	Praz.g_00562
OG0000205	Prba	Prbg.g_00981	Prba.g_00658
OG0000205	Praa	Prbg.g_00981	Praa.g_00202
OG0000205	Prao	Prbg.g_00981	Prao.g_00340
OG0000205	Prav	Prbg.g_00981	Prav.g_00836
OG0000205	Prad	Prbg.g_00981	Prad.g_01789
OG0000205	Pras	Prbg.g_00981	Pras.g_01053
OG0000205	Pral	Prbg.g_00981	Pral.g_00842
OG0000205	Prat	Prbg.g_00981	Prat.g_00204
OG0000205	Praf	Prbg.g_00981	Praf.g_02708, Praf.g_02521
OG0000205	Prbc	Prbg.g_00981	Prbc.g_00369
OG0000205	Praj	Prbg.g_00981	Praj.g_00242
OG0000205	Prbb	Prbg.g_00981	Prbb.g_00259
OG0000205	Prbm	Prbg.g_00981	Prbm.g_00262
OG0000205	Prbj	Prbg.g_00981	Prbj.g_01167
OG0000205	Prbk	Prbg.g_00981	Prbk.g_01251
OG0000205	Prbl	Prbg.g_00981	Prbl.g_00098
OG0000205	Prah	Prbg.g_00981	Prah.g_02362
OG0000205	Syak	Prbg.g_00981	Syak.g_02058
OG0000205	Syab	Prbg.g_00981	Syab.g_02638
OG0000205	Syal	Prbg.g_00981	Syal.g_00959
OG0000205	Syad	Prbg.g_00981	Syad.g_02948
OG0000205	Syaj	Prbg.g_00981	Syaj.g_02035
OG0000205	Syae	Prbg.g_00981	Syae.g_01497
OG0000205	Syaa	Prbg.g_00981	Syaa.g_02531
OG0000205	Syai	Prbg.g_00981	Syai.g_02677
OG0000205	Syaf	Prbg.g_00981	Syaf.g_00761
OG0000205	Syam	Prbg.g_00981	Syam.g_02258
OG0000205	Syas	Prbg.g_00981	Syas.g_02267
OG0000205	Syan	Prbg.g_00981	Syan.g_03087
OG0000205	Syao	Prbg.g_00981	Syao.g_02464
OG0000205	Syap	Prbg.g_00981	Syap.g_01616
OG0000205	Syar	Prbg.g_00981	Syar.g_00988
OG0000205	Syat	Prbg.g_00981	Syat.g_02809
OG0000205	Syag	Prbg.g_00981	Syag.g_02035
OG0000205	Syac	Prbg.g_00981	Syac.g_02288
OG0000205	Syah	Prbg.g_00981	Syah.g_00591
OG0000205	Syaq	Prbg.g_00981	Syaq.g_01355
OG0000205	Pram	Prbg.g_00981	Pram.g_00187
OG0000205	Prbh	Prbg.g_00981	Prbh.g_00580
OG0000205	Prak	Prbg.g_00981	Prak.g_00215
OG0000205	Prap	Prbg.g_00981	Prap.g_00967
OG0000205	Prbe	Prbg.g_00981	Prbe.g_01751
OG0000205	Prbf	Prbg.g_00981	Prbf.g_01537
OG0000205	Prbn	Prbg.g_00981	Prbn.g_00351
OG0000206	Prab	Prbg.g_00986	Prab.g_00198
OG0000206	Pran	Prbg.g_00986	Pran.g_00225
OG0000206	Prai	Prbg.g_00986	Prai.g_00218
OG0000206	Prad	Prbg.g_00986	Prad.g_01784
OG0000206	Prac	Prbg.g_00986	Prac.g_01723
OG0000206	Praq	Prbg.g_00986	Praq.g_01795
OG0000206	Prar	Prbg.g_00986	Prar.g_00120
OG0000206	Prav	Prbg.g_00986	Prav.g_00831
OG0000206	Pras	Prbg.g_00986	Pras.g_01058, Pras.g_01059
OG0000206	Prao	Prbg.g_00986	Prao.g_00345
OG0000206	Prag	Prbg.g_00986	Prag.g_00200
OG0000206	Praw	Prbg.g_00986	Praw.g_01228
OG0000206	Pray	Prbg.g_00986	Pray.g_00688
OG0000206	Praz	Prbg.g_00986	Praz.g_00567
OG0000206	Prba	Prbg.g_00986	Prba.g_00663
OG0000206	Prau	Prbg.g_00986	Prau.g_00208
OG0000206	Prax	Prbg.g_00986	Prax.g_01011
OG0000206	Prae	Prbg.g_00986	Prae.g_00210
OG0000206	Praa	Prbg.g_00986	Praa.g_00207
OG0000206	Prbd	Prbg.g_00986	Prbd.g_01033
OG0000206	Prbi	Prbg.g_00986	Prbi.g_00231
OG0000206	Prbm	Prbg.g_00986	Prbm.g_00266
OG0000206	Praj	Prbg.g_00986	Praj.g_00246
OG0000206	Prbb	Prbg.g_00986	Prbb.g_00263
OG0000206	Prbc	Prbg.g_00986	Prbc.g_00365
OG0000206	Prbj	Prbg.g_00986	Prbj.g_00288
OG0000206	Prbk	Prbg.g_00986	Prbk.g_00632
OG0000206	Prbl	Prbg.g_00986	Prbl.g_01282
OG0000206	Praf	Prbg.g_00986	Praf.g_02532
OG0000206	Prah	Prbg.g_00986	Prah.g_02371
OG0000206	Syap	Prbg.g_00986	Syap.g_01628
OG0000206	Syas	Prbg.g_00986	Syas.g_02240
OG0000206	Syat	Prbg.g_00986	Syat.g_02785
OG0000206	Syan	Prbg.g_00986	Syan.g_03095
OG0000206	Syao	Prbg.g_00986	Syao.g_02469
OG0000206	Syar	Prbg.g_00986	Syar.g_00963
OG0000206	Syag	Prbg.g_00986	Syag.g_02047
OG0000206	Syab	Prbg.g_00986	Syab.g_02674
OG0000206	Syal	Prbg.g_00986	Syal.g_00971
OG0000206	Syak	Prbg.g_00986	Syak.g_02038
OG0000206	Syaq	Prbg.g_00986	Syaq.g_01345
OG0000206	Syaa	Prbg.g_00986	Syaa.g_02538
OG0000206	Syam	Prbg.g_00986	Syam.g_02264
OG0000206	Syaf	Prbg.g_00986	Syaf.g_00736
OG0000206	Syai	Prbg.g_00986	Syai.g_02684
OG0000206	Syad	Prbg.g_00986	Syad.g_02955
OG0000206	Syaj	Prbg.g_00986	Syaj.g_02043
OG0000206	Syac	Prbg.g_00986	Syac.g_02297
OG0000206	Syah	Prbg.g_00986	Syah.g_00578
OG0000206	Syae	Prbg.g_00986	Syae.g_01504
OG0000206	Pral	Prbg.g_00986	Pral.g_00837
OG0000206	Prat	Prbg.g_00986	Prat.g_00209
OG0000206	Pram	Prbg.g_00986	Pram.g_00192
OG0000206	Prbh	Prbg.g_00986	Prbh.g_00575
OG0000206	Prak	Prbg.g_00986	Prak.g_00220
OG0000206	Prap	Prbg.g_00986	Prap.g_00962
OG0000206	Prbe	Prbg.g_00986	Prbe.g_01756
OG0000206	Prbf	Prbg.g_00986	Prbf.g_01542
OG0000206	Prbn	Prbg.g_00986	Prbn.g_00346
OG0000207	Prab	Prbg.g_00989	Prab.g_00200
OG0000207	Pran	Prbg.g_00989	Pran.g_00223
OG0000207	Prai	Prbg.g_00989	Prai.g_00220
OG0000207	Prad	Prbg.g_00989	Prad.g_01782
OG0000207	Prac	Prbg.g_00989	Prac.g_01721
OG0000207	Praq	Prbg.g_00989	Praq.g_01793
OG0000207	Prar	Prbg.g_00989	Prar.g_00118
OG0000207	Prav	Prbg.g_00989	Prav.g_00829
OG0000207	Prag	Prbg.g_00989	Prag.g_00202
OG0000207	Praw	Prbg.g_00989	Praw.g_01226
OG0000207	Prao	Prbg.g_00989	Prao.g_00347
OG0000207	Pras	Prbg.g_00989	Pras.g_01061
OG0000207	Prau	Prbg.g_00989	Prau.g_00210
OG0000207	Pray	Prbg.g_00989	Pray.g_00690
OG0000207	Praz	Prbg.g_00989	Praz.g_00569
OG0000207	Prba	Prbg.g_00989	Prba.g_00665
OG0000207	Prax	Prbg.g_00989	Prax.g_01009
OG0000207	Prbi	Prbg.g_00989	Prbi.g_00233
OG0000207	Prae	Prbg.g_00989	Prae.g_00212
OG0000207	Praa	Prbg.g_00989	Praa.g_00209
OG0000207	Prbd	Prbg.g_00989	Prbd.g_01031
OG0000207	Prbm	Prbg.g_00989	Prbm.g_00268
OG0000207	Prbc	Prbg.g_00989	Prbc.g_00363
OG0000207	Praj	Prbg.g_00989	Praj.g_00248
OG0000207	Prbb	Prbg.g_00989	Prbb.g_00265
OG0000207	Prbj	Prbg.g_00989	Prbj.g_00234
OG0000207	Prbk	Prbg.g_00989	Prbk.g_00686
OG0000207	Prbl	Prbg.g_00989	Prbl.g_00130
OG0000207	Praf	Prbg.g_00989	Praf.g_02582
OG0000207	Prah	Prbg.g_00989	Prah.g_02420
OG0000207	Syag	Prbg.g_00989	Syag.g_02051
OG0000207	Syaq	Prbg.g_00989	Syaq.g_01338
OG0000207	Syak	Prbg.g_00989	Syak.g_02025
OG0000207	Syab	Prbg.g_00989	Syab.g_02677
OG0000207	Syal	Prbg.g_00989	Syal.g_00974
OG0000207	Syaa	Prbg.g_00989	Syaa.g_02540
OG0000207	Syaf	Prbg.g_00989	Syaf.g_00735
OG0000207	Syai	Prbg.g_00989	Syai.g_02686
OG0000207	Syam	Prbg.g_00989	Syam.g_02266
OG0000207	Syac	Prbg.g_00989	Syac.g_02300
OG0000207	Syah	Prbg.g_00989	Syah.g_00575
OG0000207	Syae	Prbg.g_00989	Syae.g_01506
OG0000207	Syad	Prbg.g_00989	Syad.g_02957
OG0000207	Syaj	Prbg.g_00989	Syaj.g_02045
OG0000207	Syar	Prbg.g_00989	Syar.g_00957
OG0000207	Syat	Prbg.g_00989	Syat.g_02778
OG0000207	Syas	Prbg.g_00989	Syas.g_02237
OG0000207	Syao	Prbg.g_00989	Syao.g_02471
OG0000207	Syap	Prbg.g_00989	Syap.g_01426, Syap.g_00424
OG0000207	Syan	Prbg.g_00989	Syan.g_03100
OG0000207	Pral	Prbg.g_00989	Pral.g_00835
OG0000207	Prat	Prbg.g_00989	Prat.g_00211
OG0000207	Pram	Prbg.g_00989	Pram.g_00194
OG0000207	Prbh	Prbg.g_00989	Prbh.g_00573
OG0000207	Prbn	Prbg.g_00989	Prbn.g_00343
OG0000207	Prap	Prbg.g_00989	Prap.g_00959
OG0000207	Prak	Prbg.g_00989	Prak.g_00223
OG0000207	Prbe	Prbg.g_00989	Prbe.g_01759
OG0000207	Prbf	Prbg.g_00989	Prbf.g_01545
OG0000208	Prac	Prbg.g_00990	Prac.g_01720
OG0000208	Praq	Prbg.g_00990	Praq.g_01792
OG0000208	Prar	Prbg.g_00990	Prar.g_00117
OG0000208	Prad	Prbg.g_00990	Prad.g_01781
OG0000208	Pray	Prbg.g_00990	Pray.g_00691
OG0000208	Praz	Prbg.g_00990	Praz.g_00570
OG0000208	Prba	Prbg.g_00990	Prba.g_00666
OG0000208	Pras	Prbg.g_00990	Pras.g_01062
OG0000208	Prau	Prbg.g_00990	Prau.g_00211
OG0000208	Prao	Prbg.g_00990	Prao.g_00348
OG0000208	Prax	Prbg.g_00990	Prax.g_01008
OG0000208	Prbi	Prbg.g_00990	Prbi.g_00234
OG0000208	Prae	Prbg.g_00990	Prae.g_00213
OG0000208	Praa	Prbg.g_00990	Praa.g_00210
OG0000208	Prbd	Prbg.g_00990	Prbd.g_01030
OG0000208	Prag	Prbg.g_00990	Prag.g_00203
OG0000208	Praw	Prbg.g_00990	Praw.g_01225
OG0000208	Prav	Prbg.g_00990	Prav.g_00828
OG0000208	Prab	Prbg.g_00990	Prab.g_00201
OG0000208	Pran	Prbg.g_00990	Pran.g_00222
OG0000208	Prai	Prbg.g_00990	Prai.g_00221
OG0000208	Prbm	Prbg.g_00990	Prbm.g_00269
OG0000208	Prbc	Prbg.g_00990	Prbc.g_00362
OG0000208	Praj	Prbg.g_00990	Praj.g_00249
OG0000208	Prbb	Prbg.g_00990	Prbb.g_00266
OG0000208	Prbj	Prbg.g_00990	Prbj.g_00235
OG0000208	Prbk	Prbg.g_00990	Prbk.g_00685
OG0000208	Prbl	Prbg.g_00990	Prbl.g_00129
OG0000208	Praf	Prbg.g_00990	Praf.g_02581
OG0000208	Prah	Prbg.g_00990	Prah.g_02419
OG0000208	Syas	Prbg.g_00990	Syas.g_02236
OG0000208	Syap	Prbg.g_00990	Syap.g_00426, Syap.g_01425
OG0000208	Syat	Prbg.g_00990	Syat.g_02777
OG0000208	Syar	Prbg.g_00990	Syar.g_00956
OG0000208	Syan	Prbg.g_00990	Syan.g_03101
OG0000208	Syao	Prbg.g_00990	Syao.g_02472
OG0000208	Syac	Prbg.g_00990	Syac.g_02301
OG0000208	Syah	Prbg.g_00990	Syah.g_00574
OG0000208	Syaa	Prbg.g_00990	Syaa.g_02541
OG0000208	Syad	Prbg.g_00990	Syad.g_02958
OG0000208	Syaj	Prbg.g_00990	Syaj.g_02046
OG0000208	Syae	Prbg.g_00990	Syae.g_01507
OG0000208	Syaf	Prbg.g_00990	Syaf.g_00734
OG0000208	Syai	Prbg.g_00990	Syai.g_02687
OG0000208	Syam	Prbg.g_00990	Syam.g_02267
OG0000208	Syag	Prbg.g_00990	Syag.g_02052
OG0000208	Syaq	Prbg.g_00990	Syaq.g_01337
OG0000208	Syak	Prbg.g_00990	Syak.g_02024
OG0000208	Syab	Prbg.g_00990	Syab.g_02678
OG0000208	Syal	Prbg.g_00990	Syal.g_00975
OG0000208	Pral	Prbg.g_00990	Pral.g_00834
OG0000208	Prat	Prbg.g_00990	Prat.g_00212
OG0000208	Pram	Prbg.g_00990	Pram.g_00195
OG0000208	Prbh	Prbg.g_00990	Prbh.g_00572
OG0000208	Prak	Prbg.g_00990	Prak.g_00224
OG0000208	Prap	Prbg.g_00990	Prap.g_00958
OG0000208	Prbe	Prbg.g_00990	Prbe.g_01760
OG0000208	Prbf	Prbg.g_00990	Prbf.g_01546
OG0000208	Prbn	Prbg.g_00990	Prbn.g_00342
OG0000209	Prad	Prbg.g_00999	Prad.g_01772
OG0000209	Prab	Prbg.g_00999	Prab.g_00210
OG0000209	Pran	Prbg.g_00999	Pran.g_00213
OG0000209	Prai	Prbg.g_00999	Prai.g_00230
OG0000209	Prbd	Prbg.g_00999	Prbd.g_01021
OG0000209	Praa	Prbg.g_00999	Praa.g_00219
OG0000209	Prae	Prbg.g_00999	Prae.g_00222
OG0000209	Prao	Prbg.g_00999	Prao.g_00357
OG0000209	Prax	Prbg.g_00999	Prax.g_00999
OG0000209	Prbi	Prbg.g_00999	Prbi.g_00243
OG0000209	Pray	Prbg.g_00999	Pray.g_00700
OG0000209	Praz	Prbg.g_00999	Praz.g_00579
OG0000209	Prba	Prbg.g_00999	Prba.g_00675
OG0000209	Prag	Prbg.g_00999	Prag.g_00212
OG0000209	Praw	Prbg.g_00999	Praw.g_01216
OG0000209	Prac	Prbg.g_00999	Prac.g_01711
OG0000209	Praq	Prbg.g_00999	Praq.g_01783
OG0000209	Prar	Prbg.g_00999	Prar.g_00108
OG0000209	Prav	Prbg.g_00999	Prav.g_00819
OG0000209	Pras	Prbg.g_00999	Pras.g_01071
OG0000209	Prau	Prbg.g_00999	Prau.g_00220
OG0000209	Syad	Prbg.g_00999	Syad.g_02981
OG0000209	Syaj	Prbg.g_00999	Syaj.g_02070
OG0000209	Syaa	Prbg.g_00999	Syaa.g_02556
OG0000209	Syae	Prbg.g_00999	Syae.g_01528
OG0000209	Syam	Prbg.g_00999	Syam.g_02278
OG0000209	Syaf	Prbg.g_00999	Syaf.g_00714
OG0000209	Syai	Prbg.g_00999	Syai.g_02699
OG0000209	Syag	Prbg.g_00999	Syag.g_02069
OG0000209	Syac	Prbg.g_00999	Syac.g_02316
OG0000209	Syar	Prbg.g_00999	Syar.g_00936, Syar.g_03261
OG0000209	Syah	Prbg.g_00999	Syah.g_00544
OG0000209	Syak	Prbg.g_00999	Syak.g_01995
OG0000209	Syaq	Prbg.g_00999	Syaq.g_01310
OG0000209	Syab	Prbg.g_00999	Syab.g_02698
OG0000209	Syal	Prbg.g_00999	Syal.g_01000
OG0000209	Syas	Prbg.g_00999	Syas.g_01837
OG0000209	Syan	Prbg.g_00999	Syan.g_01521
OG0000209	Syao	Prbg.g_00999	Syao.g_02394
OG0000209	Syap	Prbg.g_00999	Syap.g_01906
OG0000209	Syat	Prbg.g_00999	Syat.g_02735
OG0000209	Prbj	Prbg.g_00999	Prbj.g_00262
OG0000209	Prbk	Prbg.g_00999	Prbk.g_00658
OG0000209	Prbl	Prbg.g_00999	Prbl.g_01256
OG0000209	Praf	Prbg.g_00999	Praf.g_02557
OG0000209	Prah	Prbg.g_00999	Prah.g_02400
OG0000209	Prat	Prbg.g_00999	Prat.g_00221
OG0000209	Pram	Prbg.g_00999	Pram.g_00204
OG0000209	Prbh	Prbg.g_00999	Prbh.g_00563
OG0000209	Pral	Prbg.g_00999	Pral.g_00825
OG0000209	Praj	Prbg.g_00999	Praj.g_00258
OG0000209	Prbc	Prbg.g_00999	Prbc.g_00352
OG0000209	Prbb	Prbg.g_00999	Prbb.g_00275
OG0000209	Prbm	Prbg.g_00999	Prbm.g_00278
OG0000209	Prak	Prbg.g_00999	Prak.g_00233
OG0000209	Prap	Prbg.g_00999	Prap.g_00949
OG0000209	Prbe	Prbg.g_00999	Prbe.g_01769
OG0000209	Prbf	Prbg.g_00999	Prbf.g_01555
OG0000209	Prbn	Prbg.g_00999	Prbn.g_00333
OG0000210	Prbi	Prbg.g_01000	Prbi.g_00244
OG0000210	Prab	Prbg.g_01000	Prab.g_00211
OG0000210	Pran	Prbg.g_01000	Pran.g_00212
OG0000210	Prai	Prbg.g_01000	Prai.g_00231
OG0000210	Prbd	Prbg.g_01000	Prbd.g_01020
OG0000210	Praa	Prbg.g_01000	Praa.g_00220
OG0000210	Prax	Prbg.g_01000	Prax.g_00998
OG0000210	Prad	Prbg.g_01000	Prad.g_01771
OG0000210	Prao	Prbg.g_01000	Prao.g_00358
OG0000210	Prac	Prbg.g_01000	Prac.g_01710
OG0000210	Praq	Prbg.g_01000	Praq.g_01782
OG0000210	Prar	Prbg.g_01000	Prar.g_00107
OG0000210	Pras	Prbg.g_01000	Pras.g_01072
OG0000210	Prav	Prbg.g_01000	Prav.g_00818
OG0000210	Pray	Prbg.g_01000	Pray.g_00701
OG0000210	Praz	Prbg.g_01000	Praz.g_00580
OG0000210	Prba	Prbg.g_01000	Prba.g_00439
OG0000210	Prae	Prbg.g_01000	Prae.g_00223
OG0000210	Prag	Prbg.g_01000	Prag.g_00213
OG0000210	Praw	Prbg.g_01000	Praw.g_01215
OG0000210	Prau	Prbg.g_01000	Prau.g_00221
OG0000210	Syaa	Prbg.g_01000	Syaa.g_02557
OG0000210	Syan	Prbg.g_01000	Syan.g_01522
OG0000210	Syao	Prbg.g_01000	Syao.g_02395
OG0000210	Syas	Prbg.g_01000	Syas.g_01838
OG0000210	Syat	Prbg.g_01000	Syat.g_02734
OG0000210	Syap	Prbg.g_01000	Syap.g_01905
OG0000210	Syar	Prbg.g_01000	Syar.g_00935, Syar.g_03260
OG0000210	Syac	Prbg.g_01000	Syac.g_02317
OG0000210	Syah	Prbg.g_01000	Syah.g_00543
OG0000210	Syaf	Prbg.g_01000	Syaf.g_00713
OG0000210	Syai	Prbg.g_01000	Syai.g_02700
OG0000210	Syam	Prbg.g_01000	Syam.g_02279
OG0000210	Syaj	Prbg.g_01000	Syaj.g_02071
OG0000210	Syad	Prbg.g_01000	Syad.g_02982
OG0000210	Syae	Prbg.g_01000	Syae.g_01529
OG0000210	Praf	Prbg.g_01000	Praf.g_02556
OG0000210	Prah	Prbg.g_01000	Prah.g_02399
OG0000210	Prbj	Prbg.g_01000	Prbj.g_00263
OG0000210	Prbk	Prbg.g_01000	Prbk.g_00657
OG0000210	Prbl	Prbg.g_01000	Prbl.g_01257
OG0000210	Syab	Prbg.g_01000	Syab.g_02699
OG0000210	Syal	Prbg.g_01000	Syal.g_01001
OG0000210	Syak	Prbg.g_01000	Syak.g_01994
OG0000210	Syag	Prbg.g_01000	Syag.g_02070
OG0000210	Syaq	Prbg.g_01000	Syaq.g_01309
OG0000210	Pral	Prbg.g_01000	Pral.g_00824
OG0000210	Prat	Prbg.g_01000	Prat.g_00222
OG0000210	Praj	Prbg.g_01000	Praj.g_00259
OG0000210	Prbb	Prbg.g_01000	Prbb.g_00276
OG0000210	Prbc	Prbg.g_01000	Prbc.g_00351
OG0000210	Prbm	Prbg.g_01000	Prbm.g_00279
OG0000210	Pram	Prbg.g_01000	Pram.g_00205
OG0000210	Prbh	Prbg.g_01000	Prbh.g_00562
OG0000210	Prak	Prbg.g_01000	Prak.g_00234
OG0000210	Prap	Prbg.g_01000	Prap.g_00948
OG0000210	Prbe	Prbg.g_01000	Prbe.g_01770
OG0000210	Prbf	Prbg.g_01000	Prbf.g_01556
OG0000210	Prbn	Prbg.g_01000	Prbn.g_00332
OG0000211	Prab	Prbg.g_01015	Prab.g_00224
OG0000211	Pran	Prbg.g_01015	Pran.g_00199
OG0000211	Prai	Prbg.g_01015	Prai.g_00244
OG0000211	Prbi	Prbg.g_01015	Prbi.g_00257
OG0000211	Prac	Prbg.g_01015	Prac.g_01697
OG0000211	Praq	Prbg.g_01015	Praq.g_01769
OG0000211	Prar	Prbg.g_01015	Prar.g_00094
OG0000211	Prag	Prbg.g_01015	Prag.g_00226
OG0000211	Praw	Prbg.g_01015	Praw.g_01202
OG0000211	Prad	Prbg.g_01015	Prad.g_01758
OG0000211	Prav	Prbg.g_01015	Prav.g_00805
OG0000211	Praa	Prbg.g_01015	Praa.g_00233
OG0000211	Prax	Prbg.g_01015	Prax.g_00985
OG0000211	Pray	Prbg.g_01015	Pray.g_00714
OG0000211	Praz	Prbg.g_01015	Praz.g_00593
OG0000211	Prba	Prbg.g_01015	Prba.g_00452
OG0000211	Prae	Prbg.g_01015	Prae.g_00236
OG0000211	Prao	Prbg.g_01015	Prao.g_00371
OG0000211	Pras	Prbg.g_01015	Pras.g_01085
OG0000211	Prau	Prbg.g_01015	Prau.g_00234
OG0000211	Prbd	Prbg.g_01015	Prbd.g_01006
OG0000211	Praj	Prbg.g_01015	Praj.g_00273
OG0000211	Prbb	Prbg.g_01015	Prbb.g_00290
OG0000211	Prbc	Prbg.g_01015	Prbc.g_00337
OG0000211	Prbm	Prbg.g_01015	Prbm.g_00293
OG0000211	Syak	Prbg.g_01015	Syak.g_02017, Syak.g_02300
OG0000211	Syan	Prbg.g_01015	Syan.g_02416
OG0000211	Syap	Prbg.g_01015	Syap.g_01160
OG0000211	Syas	Prbg.g_01015	Syas.g_02552
OG0000211	Syar	Prbg.g_01015	Syar.g_03026
OG0000211	Syat	Prbg.g_01015	Syat.g_01452
OG0000211	Syao	Prbg.g_01015	Syao.g_01700
OG0000211	Syaq	Prbg.g_01015	Syaq.g_01570
OG0000211	Praf	Prbg.g_01015	Praf.g_00378
OG0000211	Prbj	Prbg.g_01015	Prbj.g_00177
OG0000211	Prbk	Prbg.g_01015	Prbk.g_01368
OG0000211	Prbl	Prbg.g_01015	Prbl.g_01922
OG0000211	Prah	Prbg.g_01015	Prah.g_01782
OG0000211	Syag	Prbg.g_01015	Syag.g_01788
OG0000211	Syab	Prbg.g_01015	Syab.g_02374
OG0000211	Syal	Prbg.g_01015	Syal.g_00688
OG0000211	Syaa	Prbg.g_01015	Syaa.g_02113
OG0000211	Syac	Prbg.g_01015	Syac.g_01972
OG0000211	Syah	Prbg.g_01015	Syah.g_00904
OG0000211	Syam	Prbg.g_01015	Syam.g_00504
OG0000211	Syaf	Prbg.g_01015	Syaf.g_02791
OG0000211	Syai	Prbg.g_01015	Syai.g_00533
OG0000211	Syae	Prbg.g_01015	Syae.g_02234
OG0000211	Syad	Prbg.g_01015	Syad.g_00813
OG0000211	Syaj	Prbg.g_01015	Syaj.g_02856
OG0000211	Pral	Prbg.g_01015	Pral.g_00807
OG0000211	Prat	Prbg.g_01015	Prat.g_00238
OG0000211	Pram	Prbg.g_01015	Pram.g_00220
OG0000211	Prbh	Prbg.g_01015	Prbh.g_00547
OG0000211	Prak	Prbg.g_01015	Prak.g_00249
OG0000211	Prap	Prbg.g_01015	Prap.g_01479
OG0000211	Prbe	Prbg.g_01015	Prbe.g_01785
OG0000211	Prbf	Prbg.g_01015	Prbf.g_01571
OG0000211	Prbn	Prbg.g_01015	Prbn.g_00317
OG0000212	Praa	Prbg.g_01023	Praa.g_00240
OG0000212	Prbi	Prbg.g_01023	Prbi.g_00264
OG0000212	Prbd	Prbg.g_01023	Prbd.g_00999
OG0000212	Prae	Prbg.g_01023	Prae.g_00243
OG0000212	Prad	Prbg.g_01023	Prad.g_01751
OG0000212	Pray	Prbg.g_01023	Pray.g_00721
OG0000212	Praz	Prbg.g_01023	Praz.g_00600
OG0000212	Prba	Prbg.g_01023	Prba.g_00459
OG0000212	Pras	Prbg.g_01023	Pras.g_01092
OG0000212	Prau	Prbg.g_01023	Prau.g_00241
OG0000212	Prao	Prbg.g_01023	Prao.g_00378
OG0000212	Prax	Prbg.g_01023	Prax.g_00978
OG0000212	Prag	Prbg.g_01023	Prag.g_00233
OG0000212	Praw	Prbg.g_01023	Praw.g_01195
OG0000212	Prav	Prbg.g_01023	Prav.g_00798
OG0000212	Prac	Prbg.g_01023	Prac.g_01690
OG0000212	Praq	Prbg.g_01023	Praq.g_01762
OG0000212	Prar	Prbg.g_01023	Prar.g_00087
OG0000212	Prab	Prbg.g_01023	Prab.g_00230
OG0000212	Pran	Prbg.g_01023	Pran.g_00193
OG0000212	Prai	Prbg.g_01023	Prai.g_00251
OG0000212	Prbm	Prbg.g_01023	Prbm.g_00301
OG0000212	Prbc	Prbg.g_01023	Prbc.g_00329
OG0000212	Praj	Prbg.g_01023	Praj.g_00281
OG0000212	Prbb	Prbg.g_01023	Prbb.g_00298
OG0000212	Pral	Prbg.g_01023	Pral.g_00799
OG0000212	Prat	Prbg.g_01023	Prat.g_00246
OG0000212	Praf	Prbg.g_01023	Praf.g_00392
OG0000212	Prbj	Prbg.g_01023	Prbj.g_02615
OG0000212	Prbk	Prbg.g_01023	Prbk.g_01514
OG0000212	Prbl	Prbg.g_01023	Prbl.g_00192
OG0000212	Prah	Prbg.g_01023	Prah.g_01772
OG0000212	Syak	Prbg.g_01023	Syak.g_02311
OG0000212	Syag	Prbg.g_01023	Syag.g_01777
OG0000212	Syaq	Prbg.g_01023	Syaq.g_01586
OG0000212	Syab	Prbg.g_01023	Syab.g_02365
OG0000212	Syal	Prbg.g_01023	Syal.g_00679
OG0000212	Syar	Prbg.g_01023	Syar.g_03017
OG0000212	Syap	Prbg.g_01023	Syap.g_02664
OG0000212	Syas	Prbg.g_01023	Syas.g_02562
OG0000212	Syan	Prbg.g_01023	Syan.g_01508, Syan.g_02438
OG0000212	Syao	Prbg.g_01023	Syao.g_01710
OG0000212	Syat	Prbg.g_01023	Syat.g_01442
OG0000212	Syac	Prbg.g_01023	Syac.g_01963
OG0000212	Syah	Prbg.g_01023	Syah.g_00913
OG0000212	Syaf	Prbg.g_01023	Syaf.g_02781
OG0000212	Syai	Prbg.g_01023	Syai.g_00544
OG0000212	Syam	Prbg.g_01023	Syam.g_00515
OG0000212	Syaa	Prbg.g_01023	Syaa.g_02102
OG0000212	Syae	Prbg.g_01023	Syae.g_02244
OG0000212	Syad	Prbg.g_01023	Syad.g_00825
OG0000212	Syaj	Prbg.g_01023	Syaj.g_02881
OG0000212	Pram	Prbg.g_01023	Pram.g_00228
OG0000212	Prbh	Prbg.g_01023	Prbh.g_00539
OG0000212	Prak	Prbg.g_01023	Prak.g_00257
OG0000212	Prap	Prbg.g_01023	Prap.g_01471
OG0000212	Prbe	Prbg.g_01023	Prbe.g_01793
OG0000212	Prbf	Prbg.g_01023	Prbf.g_01579
OG0000212	Prbn	Prbg.g_01023	Prbn.g_00309
OG0000213	Prab	Prbg.g_01041	Prab.g_00247
OG0000213	Pran	Prbg.g_01041	Pran.g_01935
OG0000213	Prai	Prbg.g_01041	Prai.g_00270
OG0000213	Pray	Prbg.g_01041	Pray.g_00738
OG0000213	Praz	Prbg.g_01041	Praz.g_00617
OG0000213	Prba	Prbg.g_01041	Prba.g_00476
OG0000213	Praa	Prbg.g_01041	Praa.g_00257
OG0000213	Prbd	Prbg.g_01041	Prbd.g_00982
OG0000213	Prae	Prbg.g_01041	Prae.g_00260
OG0000213	Prax	Prbg.g_01041	Prax.g_00918
OG0000213	Prad	Prbg.g_01041	Prad.g_01734
OG0000213	Prao	Prbg.g_01041	Prao.g_00395
OG0000213	Prbi	Prbg.g_01041	Prbi.g_00281
OG0000213	Pras	Prbg.g_01041	Pras.g_01109
OG0000213	Prau	Prbg.g_01041	Prau.g_00259
OG0000213	Prav	Prbg.g_01041	Prav.g_01904
OG0000213	Prag	Prbg.g_01041	Prag.g_00249
OG0000213	Praw	Prbg.g_01041	Praw.g_00876
OG0000213	Prac	Prbg.g_01041	Prac.g_01674
OG0000213	Praq	Prbg.g_01041	Praq.g_01746
OG0000213	Prar	Prbg.g_01041	Prar.g_00330
OG0000213	Prbm	Prbg.g_01041	Prbm.g_00317
OG0000213	Prbc	Prbg.g_01041	Prbc.g_01153
OG0000213	Praj	Prbg.g_01041	Praj.g_00296
OG0000213	Prbb	Prbg.g_01041	Prbb.g_00313
OG0000213	Prbj	Prbg.g_01041	Prbj.g_01362
OG0000213	Prbk	Prbg.g_01041	Prbk.g_00374
OG0000213	Prbl	Prbg.g_01041	Prbl.g_01496
OG0000213	Praf	Prbg.g_01041	Praf.g_02245
OG0000213	Prah	Prbg.g_01041	Prah.g_02101
OG0000213	Syab	Prbg.g_01041	Syab.g_00332
OG0000213	Syal	Prbg.g_01041	Syal.g_01229
OG0000213	Syag	Prbg.g_01041	Syag.g_02632
OG0000213	Syaq	Prbg.g_01041	Syaq.g_00729
OG0000213	Syat	Prbg.g_01041	Syat.g_01889
OG0000213	Syar	Prbg.g_01041	Syar.g_00187
OG0000213	Syas	Prbg.g_01041	Syas.g_01707
OG0000213	Syap	Prbg.g_01041	Syap.g_00107, Syap.g_01599
OG0000213	Syan	Prbg.g_01041	Syan.g_02059
OG0000213	Syao	Prbg.g_01041	Syao.g_02098
OG0000213	Syac	Prbg.g_01041	Syac.g_02219
OG0000213	Syah	Prbg.g_01041	Syah.g_00657
OG0000213	Syae	Prbg.g_01041	Syae.g_02003
OG0000213	Syaf	Prbg.g_01041	Syaf.g_00210
OG0000213	Syai	Prbg.g_01041	Syai.g_00292
OG0000213	Syam	Prbg.g_01041	Syam.g_00263
OG0000213	Syaa	Prbg.g_01041	Syaa.g_00295
OG0000213	Syak	Prbg.g_01041	Syak.g_01425
OG0000213	Syad	Prbg.g_01041	Syad.g_00556
OG0000213	Syaj	Prbg.g_01041	Syaj.g_02601
OG0000213	Pral	Prbg.g_01041	Pral.g_00781
OG0000213	Prat	Prbg.g_01041	Prat.g_00264
OG0000213	Pram	Prbg.g_01041	Pram.g_00246
OG0000213	Prbh	Prbg.g_01041	Prbh.g_00521
OG0000213	Prak	Prbg.g_01041	Prak.g_00275
OG0000213	Prap	Prbg.g_01041	Prap.g_01453
OG0000213	Prbe	Prbg.g_01041	Prbe.g_01811
OG0000213	Prbf	Prbg.g_01041	Prbf.g_01597
OG0000213	Prbn	Prbg.g_01041	Prbn.g_00024
OG0000214	Prab	Prbg.g_00046	Prab.g_00256
OG0000214	Pran	Prbg.g_00046	Pran.g_01926
OG0000214	Prai	Prbg.g_00046	Prai.g_00280
OG0000214	Prad	Prbg.g_00046	Prad.g_01724
OG0000214	Prag	Prbg.g_00046	Prag.g_00258
OG0000214	Praw	Prbg.g_00046	Praw.g_00867
OG0000214	Prav	Prbg.g_00046	Prav.g_01914
OG0000214	Prac	Prbg.g_00046	Prac.g_01664
OG0000214	Praq	Prbg.g_00046	Praq.g_01736
OG0000214	Prar	Prbg.g_00046	Prar.g_00320
OG0000214	Pray	Prbg.g_00046	Pray.g_00747
OG0000214	Praz	Prbg.g_00046	Praz.g_00626
OG0000214	Prba	Prbg.g_00046	Prba.g_00485
OG0000214	Prao	Prbg.g_00046	Prao.g_00405
OG0000214	Prax	Prbg.g_00046	Prax.g_00908
OG0000214	Pras	Prbg.g_00046	Pras.g_01119
OG0000214	Prau	Prbg.g_00046	Prau.g_00269
OG0000214	Praa	Prbg.g_00046	Praa.g_00267
OG0000214	Prbd	Prbg.g_00046	Prbd.g_00972
OG0000214	Prbi	Prbg.g_00046	Prbi.g_00291
OG0000214	Prae	Prbg.g_00046	Prae.g_00270
OG0000214	Prbb	Prbg.g_00046	Prbb.g_00321
OG0000214	Prbm	Prbg.g_00046	Prbm.g_00325
OG0000214	Prbc	Prbg.g_00046	Prbc.g_01161
OG0000214	Praj	Prbg.g_00046	Praj.g_00304
OG0000214	Prbj	Prbg.g_00046	Prbj.g_01389
OG0000214	Prbk	Prbg.g_00046	Prbk.g_00401
OG0000214	Prbl	Prbg.g_00046	Prbl.g_01469
OG0000214	Praf	Prbg.g_00046	Praf.g_02263
OG0000214	Prah	Prbg.g_00046	Prah.g_02118
OG0000214	Syak	Prbg.g_00046	Syak.g_01442
OG0000214	Syab	Prbg.g_00046	Syab.g_00312
OG0000214	Syal	Prbg.g_00046	Syal.g_01246
OG0000214	Syag	Prbg.g_00046	Syag.g_02615
OG0000214	Syaq	Prbg.g_00046	Syaq.g_00745
OG0000214	Syan	Prbg.g_00046	Syan.g_02040
OG0000214	Syao	Prbg.g_00046	Syao.g_02081
OG0000214	Syar	Prbg.g_00046	Syar.g_00209
OG0000214	Syas	Prbg.g_00046	Syas.g_01730
OG0000214	Syap	Prbg.g_00046	Syap.g_02344, Syap.g_02345
OG0000214	Syat	Prbg.g_00046	Syat.g_02042
OG0000214	Syaa	Prbg.g_00046	Syaa.g_00279
OG0000214	Syae	Prbg.g_00046	Syae.g_01986
OG0000214	Syad	Prbg.g_00046	Syad.g_00538
OG0000214	Syaj	Prbg.g_00046	Syaj.g_02582
OG0000214	Syac	Prbg.g_00046	Syac.g_02236
OG0000214	Syah	Prbg.g_00046	Syah.g_00641
OG0000214	Syaf	Prbg.g_00046	Syaf.g_00226
OG0000214	Syai	Prbg.g_00046	Syai.g_00276
OG0000214	Syam	Prbg.g_00046	Syam.g_00247
OG0000214	Pral	Prbg.g_00046	Pral.g_00772
OG0000214	Prat	Prbg.g_00046	Prat.g_00274
OG0000214	Pram	Prbg.g_00046	Pram.g_00255
OG0000214	Prbh	Prbg.g_00046	Prbh.g_00512
OG0000214	Prak	Prbg.g_00046	Prak.g_00285
OG0000214	Prap	Prbg.g_00046	Prap.g_01443
OG0000214	Prbe	Prbg.g_00046	Prbe.g_01821
OG0000214	Prbf	Prbg.g_00046	Prbf.g_01607
OG0000214	Prbn	Prbg.g_00046	Prbn.g_00034
OG0000215	Prai	Prbg.g_00073	Prai.g_00305
OG0000215	Prac	Prbg.g_00073	Prac.g_01639
OG0000215	Praq	Prbg.g_00073	Praq.g_01710
OG0000215	Prar	Prbg.g_00073	Prar.g_00295
OG0000215	Prab	Prbg.g_00073	Prab.g_00280
OG0000215	Pran	Prbg.g_00073	Pran.g_01902
OG0000215	Prav	Prbg.g_00073	Prav.g_01938
OG0000215	Prag	Prbg.g_00073	Prag.g_00283
OG0000215	Praw	Prbg.g_00073	Praw.g_00842
OG0000215	Prbi	Prbg.g_00073	Prbi.g_00316
OG0000215	Pras	Prbg.g_00073	Pras.g_01144
OG0000215	Prau	Prbg.g_00073	Prau.g_00294
OG0000215	Prao	Prbg.g_00073	Prao.g_00429
OG0000215	Prad	Prbg.g_00073	Prad.g_01699
OG0000215	Prae	Prbg.g_00073	Prae.g_00293
OG0000215	Pray	Prbg.g_00073	Pray.g_00771
OG0000215	Praz	Prbg.g_00073	Praz.g_00650
OG0000215	Prba	Prbg.g_00073	Prba.g_00509
OG0000215	Prax	Prbg.g_00073	Prax.g_00883
OG0000215	Praa	Prbg.g_00073	Praa.g_00292
OG0000215	Prbd	Prbg.g_00073	Prbd.g_00947
OG0000215	Prbm	Prbg.g_00073	Prbm.g_00349
OG0000215	Prbb	Prbg.g_00073	Prbb.g_00344
OG0000215	Praj	Prbg.g_00073	Praj.g_00328
OG0000215	Prbc	Prbg.g_00073	Prbc.g_01185
OG0000215	Prah	Prbg.g_00073	Prah.g_02148
OG0000215	Praf	Prbg.g_00073	Praf.g_02293
OG0000215	Prbj	Prbg.g_00073	Prbj.g_01419
OG0000215	Prbk	Prbg.g_00073	Prbk.g_00431
OG0000215	Prbl	Prbg.g_00073	Prbl.g_01439
OG0000215	Syat	Prbg.g_00073	Syat.g_02075
OG0000215	Syap	Prbg.g_00073	Syap.g_01347, Syap.g_01629
OG0000215	Syar	Prbg.g_00073	Syar.g_00239
OG0000215	Syas	Prbg.g_00073	Syas.g_01766
OG0000215	Syan	Prbg.g_00073	Syan.g_02010
OG0000215	Syao	Prbg.g_00073	Syao.g_02050
OG0000215	Syaa	Prbg.g_00073	Syaa.g_00248
OG0000215	Syam	Prbg.g_00073	Syam.g_00216
OG0000215	Syai	Prbg.g_00073	Syai.g_00245
OG0000215	Syaf	Prbg.g_00073	Syaf.g_00258
OG0000215	Syad	Prbg.g_00073	Syad.g_00508
OG0000215	Syaj	Prbg.g_00073	Syaj.g_02551
OG0000215	Syac	Prbg.g_00073	Syac.g_00281
OG0000215	Syah	Prbg.g_00073	Syah.g_00101
OG0000215	Syae	Prbg.g_00073	Syae.g_01955
OG0000215	Syak	Prbg.g_00073	Syak.g_01474
OG0000215	Syaq	Prbg.g_00073	Syaq.g_00777
OG0000215	Syag	Prbg.g_00073	Syag.g_02584
OG0000215	Syab	Prbg.g_00073	Syab.g_00281
OG0000215	Syal	Prbg.g_00073	Syal.g_01277
OG0000215	Pral	Prbg.g_00073	Pral.g_00746
OG0000215	Prat	Prbg.g_00073	Prat.g_00300
OG0000215	Pram	Prbg.g_00073	Pram.g_00282
OG0000215	Prbh	Prbg.g_00073	Prbh.g_00485
OG0000215	Prak	Prbg.g_00073	Prak.g_00312
OG0000215	Prap	Prbg.g_00073	Prap.g_01416
OG0000215	Prbe	Prbg.g_00073	Prbe.g_01848
OG0000215	Prbf	Prbg.g_00073	Prbf.g_01634
OG0000215	Prbn	Prbg.g_00073	Prbn.g_00061
OG0000216	Prab	Prbg.g_00074	Prab.g_00282
OG0000216	Pran	Prbg.g_00074	Pran.g_01900
OG0000216	Prai	Prbg.g_00074	Prai.g_00307
OG0000216	Prac	Prbg.g_00074	Prac.g_01637
OG0000216	Praq	Prbg.g_00074	Praq.g_01708
OG0000216	Prar	Prbg.g_00074	Prar.g_00293
OG0000216	Praa	Prbg.g_00074	Praa.g_00294
OG0000216	Pras	Prbg.g_00074	Pras.g_01145
OG0000216	Prau	Prbg.g_00074	Prau.g_00296
OG0000216	Prbd	Prbg.g_00074	Prbd.g_00945
OG0000216	Prbi	Prbg.g_00074	Prbi.g_00318
OG0000216	Prae	Prbg.g_00074	Prae.g_00295
OG0000216	Prax	Prbg.g_00074	Prax.g_00881
OG0000216	Prad	Prbg.g_00074	Prad.g_01697
OG0000216	Pray	Prbg.g_00074	Pray.g_00772
OG0000216	Praz	Prbg.g_00074	Praz.g_00651
OG0000216	Prba	Prbg.g_00074	Prba.g_00510
OG0000216	Prao	Prbg.g_00074	Prao.g_00431
OG0000216	Prav	Prbg.g_00074	Prav.g_01940
OG0000216	Prag	Prbg.g_00074	Prag.g_00285
OG0000216	Praw	Prbg.g_00074	Praw.g_00840
OG0000216	Prbj	Prbg.g_00074	Prbj.g_01422
OG0000216	Prbk	Prbg.g_00074	Prbk.g_00434
OG0000216	Prbl	Prbg.g_00074	Prbl.g_01436
OG0000216	Syag	Prbg.g_00074	Syag.g_02580
OG0000216	Syaq	Prbg.g_00074	Syaq.g_00781
OG0000216	Syak	Prbg.g_00074	Syak.g_01478
OG0000216	Syab	Prbg.g_00074	Syab.g_00277
OG0000216	Syal	Prbg.g_00074	Syal.g_01281
OG0000216	Syaa	Prbg.g_00074	Syaa.g_00244
OG0000216	Syac	Prbg.g_00074	Syac.g_00277
OG0000216	Syah	Prbg.g_00074	Syah.g_00105
OG0000216	Syaf	Prbg.g_00074	Syaf.g_00262
OG0000216	Syai	Prbg.g_00074	Syai.g_00241
OG0000216	Syam	Prbg.g_00074	Syam.g_00212
OG0000216	Syae	Prbg.g_00074	Syae.g_01951
OG0000216	Syad	Prbg.g_00074	Syad.g_00504, Syad.g_00285
OG0000216	Syaj	Prbg.g_00074	Syaj.g_02547
OG0000216	Praf	Prbg.g_00074	Praf.g_02296
OG0000216	Prah	Prbg.g_00074	Prah.g_02151
OG0000216	Syar	Prbg.g_00074	Syar.g_00244
OG0000216	Syas	Prbg.g_00074	Syas.g_01770
OG0000216	Syan	Prbg.g_00074	Syan.g_02006
OG0000216	Syao	Prbg.g_00074	Syao.g_02045
OG0000216	Syap	Prbg.g_00074	Syap.g_01634
OG0000216	Syat	Prbg.g_00074	Syat.g_02079
OG0000216	Prat	Prbg.g_00074	Prat.g_00302
OG0000216	Pral	Prbg.g_00074	Pral.g_00744
OG0000216	Praj	Prbg.g_00074	Praj.g_00329
OG0000216	Prbm	Prbg.g_00074	Prbm.g_00350
OG0000216	Prbb	Prbg.g_00074	Prbb.g_00345
OG0000216	Prbc	Prbg.g_00074	Prbc.g_01186
OG0000216	Pram	Prbg.g_00074	Pram.g_00283
OG0000216	Prbh	Prbg.g_00074	Prbh.g_00484
OG0000216	Prak	Prbg.g_00074	Prak.g_00313
OG0000216	Prap	Prbg.g_00074	Prap.g_01415
OG0000216	Prbe	Prbg.g_00074	Prbe.g_01849
OG0000216	Prbf	Prbg.g_00074	Prbf.g_01635
OG0000216	Prbn	Prbg.g_00074	Prbn.g_00062
OG0000217	Syar	Prbg.g_00077	Syar.g_00854
OG0000217	Syan	Prbg.g_00077	Syan.g_02001
OG0000217	Syao	Prbg.g_00077	Syao.g_02041
OG0000217	Syat	Prbg.g_00077	Syat.g_02085
OG0000217	Syas	Prbg.g_00077	Syas.g_01778
OG0000217	Syap	Prbg.g_00077	Syap.g_01638
OG0000217	Prbj	Prbg.g_00077	Prbj.g_01426
OG0000217	Prbk	Prbg.g_00077	Prbk.g_00438
OG0000217	Prbl	Prbg.g_00077	Prbl.g_01432
OG0000217	Praf	Prbg.g_00077	Praf.g_02300
OG0000217	Prah	Prbg.g_00077	Prah.g_02155
OG0000217	Syab	Prbg.g_00077	Syab.g_00273
OG0000217	Syal	Prbg.g_00077	Syal.g_01285
OG0000217	Syag	Prbg.g_00077	Syag.g_02576
OG0000217	Syaq	Prbg.g_00077	Syaq.g_00844
OG0000217	Syak	Prbg.g_00077	Syak.g_01482
OG0000217	Syaf	Prbg.g_00077	Syaf.g_00266
OG0000217	Syai	Prbg.g_00077	Syai.g_00237
OG0000217	Syam	Prbg.g_00077	Syam.g_00208
OG0000217	Syad	Prbg.g_00077	Syad.g_00500
OG0000217	Syaj	Prbg.g_00077	Syaj.g_02543
OG0000217	Syae	Prbg.g_00077	Syae.g_01947
OG0000217	Syaa	Prbg.g_00077	Syaa.g_00240
OG0000217	Syac	Prbg.g_00077	Syac.g_00273
OG0000217	Syah	Prbg.g_00077	Syah.g_00109
OG0000217	Prbm	Prbg.g_00077	Prbm.g_00353
OG0000217	Praj	Prbg.g_00077	Praj.g_00332
OG0000217	Prbb	Prbg.g_00077	Prbb.g_00348
OG0000217	Prbc	Prbg.g_00077	Prbc.g_01189
OG0000217	Prab	Prbg.g_00077	Prab.g_00285
OG0000217	Pran	Prbg.g_00077	Pran.g_01897
OG0000217	Prac	Prbg.g_00077	Prac.g_01634
OG0000217	Praq	Prbg.g_00077	Praq.g_01705
OG0000217	Prar	Prbg.g_00077	Prar.g_00290
OG0000217	Prad	Prbg.g_00077	Prad.g_01694
OG0000217	Pray	Prbg.g_00077	Pray.g_00775
OG0000217	Praz	Prbg.g_00077	Praz.g_00654
OG0000217	Prba	Prbg.g_00077	Prba.g_00513
OG0000217	Prav	Prbg.g_00077	Prav.g_01943
OG0000217	Prae	Prbg.g_00077	Prae.g_00298
OG0000217	Prax	Prbg.g_00077	Prax.g_00878
OG0000217	Prbi	Prbg.g_00077	Prbi.g_00321
OG0000217	Praa	Prbg.g_00077	Praa.g_00297
OG0000217	Prbd	Prbg.g_00077	Prbd.g_00942
OG0000217	Prao	Prbg.g_00077	Prao.g_00434
OG0000217	Pras	Prbg.g_00077	Pras.g_01148
OG0000217	Prau	Prbg.g_00077	Prau.g_00299
OG0000217	Prag	Prbg.g_00077	Prag.g_00288
OG0000217	Praw	Prbg.g_00077	Praw.g_00837
OG0000217	Prai	Prbg.g_00077	Prai.g_00310
OG0000217	Prat	Prbg.g_00077	Prat.g_00305
OG0000217	Pral	Prbg.g_00077	Pral.g_00741
OG0000217	Pram	Prbg.g_00077	Pram.g_00286
OG0000217	Prbh	Prbg.g_00077	Prbh.g_00481
OG0000217	Prak	Prbg.g_00077	Prak.g_00316
OG0000217	Prap	Prbg.g_00077	Prap.g_01412
OG0000217	Prbe	Prbg.g_00077	Prbe.g_01852
OG0000217	Prbf	Prbg.g_00077	Prbf.g_01638
OG0000217	Prbn	Prbg.g_00077	Prbn.g_00065
OG0000218	Prab	Prbg.g_00079	Prab.g_00287
OG0000218	Pran	Prbg.g_00079	Pran.g_01895
OG0000218	Prai	Prbg.g_00079	Prai.g_00312
OG0000218	Prag	Prbg.g_00079	Prag.g_00290
OG0000218	Praw	Prbg.g_00079	Praw.g_00835
OG0000218	Prac	Prbg.g_00079	Prac.g_01632
OG0000218	Praq	Prbg.g_00079	Praq.g_01703
OG0000218	Prar	Prbg.g_00079	Prar.g_00288
OG0000218	Prav	Prbg.g_00079	Prav.g_01945
OG0000218	Pras	Prbg.g_00079	Pras.g_01150
OG0000218	Prau	Prbg.g_00079	Prau.g_00301
OG0000218	Prad	Prbg.g_00079	Prad.g_01692
OG0000218	Prao	Prbg.g_00079	Prao.g_00436
OG0000218	Pray	Prbg.g_00079	Pray.g_00777
OG0000218	Praz	Prbg.g_00079	Praz.g_00656
OG0000218	Prba	Prbg.g_00079	Prba.g_00515
OG0000218	Prae	Prbg.g_00079	Prae.g_00300
OG0000218	Prbd	Prbg.g_00079	Prbd.g_00940
OG0000218	Prbi	Prbg.g_00079	Prbi.g_00323
OG0000218	Prax	Prbg.g_00079	Prax.g_00876
OG0000218	Praa	Prbg.g_00079	Praa.g_00299
OG0000218	Prbm	Prbg.g_00079	Prbm.g_00355
OG0000218	Praj	Prbg.g_00079	Praj.g_00334
OG0000218	Prbc	Prbg.g_00079	Prbc.g_01191
OG0000218	Prbb	Prbg.g_00079	Prbb.g_00350
OG0000218	Pral	Prbg.g_00079	Pral.g_00739
OG0000218	Prat	Prbg.g_00079	Prat.g_00307
OG0000218	Syan	Prbg.g_00079	Syan.g_01999
OG0000218	Syao	Prbg.g_00079	Syao.g_02039
OG0000218	Syar	Prbg.g_00079	Syar.g_00852
OG0000218	Syat	Prbg.g_00079	Syat.g_02087
OG0000218	Syas	Prbg.g_00079	Syas.g_01780
OG0000218	Syap	Prbg.g_00079	Syap.g_01641, Syap.g_01640
OG0000218	Prbj	Prbg.g_00079	Prbj.g_01430
OG0000218	Prbk	Prbg.g_00079	Prbk.g_00442
OG0000218	Prbl	Prbg.g_00079	Prbl.g_01428
OG0000218	Praf	Prbg.g_00079	Praf.g_02302
OG0000218	Prah	Prbg.g_00079	Prah.g_02157
OG0000218	Syaq	Prbg.g_00079	Syaq.g_00846
OG0000218	Syag	Prbg.g_00079	Syag.g_02574
OG0000218	Syab	Prbg.g_00079	Syab.g_00271
OG0000218	Syal	Prbg.g_00079	Syal.g_01287
OG0000218	Syak	Prbg.g_00079	Syak.g_01484
OG0000218	Syad	Prbg.g_00079	Syad.g_00498
OG0000218	Syaj	Prbg.g_00079	Syaj.g_02541
OG0000218	Syae	Prbg.g_00079	Syae.g_01945
OG0000218	Syaa	Prbg.g_00079	Syaa.g_00238
OG0000218	Syac	Prbg.g_00079	Syac.g_00271
OG0000218	Syah	Prbg.g_00079	Syah.g_00111
OG0000218	Syaf	Prbg.g_00079	Syaf.g_00268
OG0000218	Syai	Prbg.g_00079	Syai.g_00235
OG0000218	Syam	Prbg.g_00079	Syam.g_00206
OG0000218	Pram	Prbg.g_00079	Pram.g_00288
OG0000218	Prbh	Prbg.g_00079	Prbh.g_00479
OG0000218	Prak	Prbg.g_00079	Prak.g_00318
OG0000218	Prap	Prbg.g_00079	Prap.g_01410
OG0000218	Prbe	Prbg.g_00079	Prbe.g_01854
OG0000218	Prbf	Prbg.g_00079	Prbf.g_01640
OG0000218	Prbn	Prbg.g_00079	Prbn.g_00067
OG0000219	Prac	Prbg.g_00080	Prac.g_01631
OG0000219	Praq	Prbg.g_00080	Praq.g_01702
OG0000219	Prar	Prbg.g_00080	Prar.g_00287
OG0000219	Prav	Prbg.g_00080	Prav.g_01946
OG0000219	Prag	Prbg.g_00080	Prag.g_00291
OG0000219	Praw	Prbg.g_00080	Praw.g_00834
OG0000219	Prao	Prbg.g_00080	Prao.g_00437
OG0000219	Prae	Prbg.g_00080	Prae.g_00301
OG0000219	Prbi	Prbg.g_00080	Prbi.g_00324
OG0000219	Pray	Prbg.g_00080	Pray.g_00778
OG0000219	Praz	Prbg.g_00080	Praz.g_00657
OG0000219	Prba	Prbg.g_00080	Prba.g_00516
OG0000219	Prbd	Prbg.g_00080	Prbd.g_00939
OG0000219	Praa	Prbg.g_00080	Praa.g_00300
OG0000219	Prax	Prbg.g_00080	Prax.g_00875
OG0000219	Prad	Prbg.g_00080	Prad.g_01691
OG0000219	Pras	Prbg.g_00080	Pras.g_01151
OG0000219	Prau	Prbg.g_00080	Prau.g_00302
OG0000219	Prab	Prbg.g_00080	Prab.g_00288
OG0000219	Pran	Prbg.g_00080	Pran.g_01894
OG0000219	Prai	Prbg.g_00080	Prai.g_00313
OG0000219	Prbb	Prbg.g_00080	Prbb.g_00351
OG0000219	Prbc	Prbg.g_00080	Prbc.g_01192
OG0000219	Praj	Prbg.g_00080	Praj.g_00335
OG0000219	Prbm	Prbg.g_00080	Prbm.g_00356
OG0000219	Prbj	Prbg.g_00080	Prbj.g_01431
OG0000219	Prbk	Prbg.g_00080	Prbk.g_00443
OG0000219	Prbl	Prbg.g_00080	Prbl.g_01427
OG0000219	Praf	Prbg.g_00080	Praf.g_02303
OG0000219	Prah	Prbg.g_00080	Prah.g_02158
OG0000219	Syad	Prbg.g_00080	Syad.g_00497
OG0000219	Syaj	Prbg.g_00080	Syaj.g_02540
OG0000219	Syae	Prbg.g_00080	Syae.g_01944
OG0000219	Syaa	Prbg.g_00080	Syaa.g_00237
OG0000219	Syac	Prbg.g_00080	Syac.g_00270
OG0000219	Syah	Prbg.g_00080	Syah.g_00112
OG0000219	Syaf	Prbg.g_00080	Syaf.g_00269
OG0000219	Syai	Prbg.g_00080	Syai.g_00234
OG0000219	Syam	Prbg.g_00080	Syam.g_00205
OG0000219	Syar	Prbg.g_00080	Syar.g_00851
OG0000219	Syat	Prbg.g_00080	Syat.g_02088
OG0000219	Syan	Prbg.g_00080	Syan.g_01998
OG0000219	Syao	Prbg.g_00080	Syao.g_02038
OG0000219	Syas	Prbg.g_00080	Syas.g_01783
OG0000219	Syap	Prbg.g_00080	Syap.g_01642, Syap.g_01643
OG0000219	Syag	Prbg.g_00080	Syag.g_02573
OG0000219	Syaq	Prbg.g_00080	Syaq.g_00847
OG0000219	Syak	Prbg.g_00080	Syak.g_01485
OG0000219	Syab	Prbg.g_00080	Syab.g_00270
OG0000219	Syal	Prbg.g_00080	Syal.g_01288
OG0000219	Prat	Prbg.g_00080	Prat.g_00308
OG0000219	Pral	Prbg.g_00080	Pral.g_00738
OG0000219	Pram	Prbg.g_00080	Pram.g_00289
OG0000219	Prbh	Prbg.g_00080	Prbh.g_00478
OG0000219	Prak	Prbg.g_00080	Prak.g_00319
OG0000219	Prap	Prbg.g_00080	Prap.g_01409
OG0000219	Prbe	Prbg.g_00080	Prbe.g_01855
OG0000219	Prbf	Prbg.g_00080	Prbf.g_01641
OG0000219	Prbn	Prbg.g_00080	Prbn.g_00068
OG0000220	Prac	Prbg.g_00081	Prac.g_01630
OG0000220	Praq	Prbg.g_00081	Praq.g_01701
OG0000220	Prar	Prbg.g_00081	Prar.g_00286
OG0000220	Prad	Prbg.g_00081	Prad.g_01690
OG0000220	Prav	Prbg.g_00081	Prav.g_01947
OG0000220	Pray	Prbg.g_00081	Pray.g_00779
OG0000220	Praz	Prbg.g_00081	Praz.g_00658
OG0000220	Prba	Prbg.g_00081	Prba.g_00517
OG0000220	Prax	Prbg.g_00081	Prax.g_00874
OG0000220	Prbi	Prbg.g_00081	Prbi.g_00325
OG0000220	Prao	Prbg.g_00081	Prao.g_00438
OG0000220	Prae	Prbg.g_00081	Prae.g_00302
OG0000220	Praa	Prbg.g_00081	Praa.g_00301
OG0000220	Prbd	Prbg.g_00081	Prbd.g_00938
OG0000220	Prag	Prbg.g_00081	Prag.g_00292
OG0000220	Praw	Prbg.g_00081	Praw.g_00833
OG0000220	Pras	Prbg.g_00081	Pras.g_01152
OG0000220	Prau	Prbg.g_00081	Prau.g_00303
OG0000220	Prab	Prbg.g_00081	Prab.g_00289
OG0000220	Pran	Prbg.g_00081	Pran.g_01893
OG0000220	Prai	Prbg.g_00081	Prai.g_00314
OG0000220	Pram	Prbg.g_00081	Pram.g_00290
OG0000220	Prbh	Prbg.g_00081	Prbh.g_00477
OG0000220	Pral	Prbg.g_00081	Pral.g_00737
OG0000220	Prat	Prbg.g_00081	Prat.g_00309
OG0000220	Prbc	Prbg.g_00081	Prbc.g_01193
OG0000220	Praj	Prbg.g_00081	Praj.g_00336
OG0000220	Prbb	Prbg.g_00081	Prbb.g_00352
OG0000220	Prbm	Prbg.g_00081	Prbm.g_00357
OG0000220	Praf	Prbg.g_00081	Praf.g_02304
OG0000220	Prah	Prbg.g_00081	Prah.g_02159
OG0000220	Prbj	Prbg.g_00081	Prbj.g_01432
OG0000220	Prbk	Prbg.g_00081	Prbk.g_00444
OG0000220	Prbl	Prbg.g_00081	Prbl.g_01426
OG0000220	Syan	Prbg.g_00081	Syan.g_01997
OG0000220	Syao	Prbg.g_00081	Syao.g_02037
OG0000220	Syar	Prbg.g_00081	Syar.g_00850, Syar.g_02026
OG0000220	Syat	Prbg.g_00081	Syat.g_02089
OG0000220	Syap	Prbg.g_00081	Syap.g_01645
OG0000220	Syas	Prbg.g_00081	Syas.g_01784
OG0000220	Syag	Prbg.g_00081	Syag.g_02572
OG0000220	Syaq	Prbg.g_00081	Syaq.g_00848
OG0000220	Syab	Prbg.g_00081	Syab.g_00269
OG0000220	Syal	Prbg.g_00081	Syal.g_01289
OG0000220	Syak	Prbg.g_00081	Syak.g_01486
OG0000220	Syac	Prbg.g_00081	Syac.g_00269
OG0000220	Syah	Prbg.g_00081	Syah.g_00113
OG0000220	Syad	Prbg.g_00081	Syad.g_00496
OG0000220	Syaj	Prbg.g_00081	Syaj.g_02539
OG0000220	Syae	Prbg.g_00081	Syae.g_01943
OG0000220	Syaa	Prbg.g_00081	Syaa.g_00236
OG0000220	Syaf	Prbg.g_00081	Syaf.g_00270
OG0000220	Syai	Prbg.g_00081	Syai.g_00233
OG0000220	Syam	Prbg.g_00081	Syam.g_00204
OG0000220	Prak	Prbg.g_00081	Prak.g_00320
OG0000220	Prap	Prbg.g_00081	Prap.g_01408
OG0000220	Prbe	Prbg.g_00081	Prbe.g_01856
OG0000220	Prbf	Prbg.g_00081	Prbf.g_01642
OG0000220	Prbn	Prbg.g_00081	Prbn.g_00069
OG0000221	Prai	Prbg.g_00082	Prai.g_00315
OG0000221	Prac	Prbg.g_00082	Prac.g_01629
OG0000221	Praq	Prbg.g_00082	Praq.g_01700
OG0000221	Prar	Prbg.g_00082	Prar.g_00285
OG0000221	Prad	Prbg.g_00082	Prad.g_01689
OG0000221	Pras	Prbg.g_00082	Pras.g_01153
OG0000221	Prau	Prbg.g_00082	Prau.g_00304
OG0000221	Prag	Prbg.g_00082	Prag.g_00293
OG0000221	Praw	Prbg.g_00082	Praw.g_00832
OG0000221	Prab	Prbg.g_00082	Prab.g_00290
OG0000221	Pran	Prbg.g_00082	Pran.g_01892
OG0000221	Prav	Prbg.g_00082	Prav.g_01948
OG0000221	Prae	Prbg.g_00082	Prae.g_00303
OG0000221	Prbd	Prbg.g_00082	Prbd.g_00937
OG0000221	Praa	Prbg.g_00082	Praa.g_00302
OG0000221	Pray	Prbg.g_00082	Pray.g_00780
OG0000221	Praz	Prbg.g_00082	Praz.g_00659
OG0000221	Prba	Prbg.g_00082	Prba.g_00518
OG0000221	Prbi	Prbg.g_00082	Prbi.g_00326
OG0000221	Prao	Prbg.g_00082	Prao.g_00439
OG0000221	Prax	Prbg.g_00082	Prax.g_00873
OG0000221	Praj	Prbg.g_00082	Praj.g_00337
OG0000221	Prbb	Prbg.g_00082	Prbb.g_00353
OG0000221	Prbc	Prbg.g_00082	Prbc.g_01194
OG0000221	Prbm	Prbg.g_00082	Prbm.g_00358
OG0000221	Pral	Prbg.g_00082	Pral.g_00736
OG0000221	Prat	Prbg.g_00082	Prat.g_00310
OG0000221	Prah	Prbg.g_00082	Prah.g_02166
OG0000221	Praf	Prbg.g_00082	Praf.g_02314
OG0000221	Prbj	Prbg.g_00082	Prbj.g_01437
OG0000221	Prbk	Prbg.g_00082	Prbk.g_00449
OG0000221	Prbl	Prbg.g_00082	Prbl.g_01421
OG0000221	Syad	Prbg.g_00082	Syad.g_00488
OG0000221	Syaj	Prbg.g_00082	Syaj.g_02530
OG0000221	Syai	Prbg.g_00082	Syai.g_00227
OG0000221	Syam	Prbg.g_00082	Syam.g_00198
OG0000221	Syac	Prbg.g_00082	Syac.g_00261
OG0000221	Syah	Prbg.g_00082	Syah.g_00120
OG0000221	Syaa	Prbg.g_00082	Syaa.g_00229
OG0000221	Syae	Prbg.g_00082	Syae.g_01937
OG0000221	Syaf	Prbg.g_00082	Syaf.g_02597, Syaf.g_00273
OG0000221	Syab	Prbg.g_00082	Syab.g_00257
OG0000221	Syal	Prbg.g_00082	Syal.g_01297
OG0000221	Syak	Prbg.g_00082	Syak.g_01498
OG0000221	Syaq	Prbg.g_00082	Syaq.g_00856
OG0000221	Syap	Prbg.g_00082	Syap.g_01646
OG0000221	Syag	Prbg.g_00082	Syag.g_02566
OG0000221	Syan	Prbg.g_00082	Syan.g_01994
OG0000221	Syao	Prbg.g_00082	Syao.g_02034
OG0000221	Syar	Prbg.g_00082	Syar.g_00834
OG0000221	Syas	Prbg.g_00082	Syas.g_01785
OG0000221	Syat	Prbg.g_00082	Syat.g_02095
OG0000221	Pram	Prbg.g_00082	Pram.g_00291
OG0000221	Prbh	Prbg.g_00082	Prbh.g_00476
OG0000221	Prak	Prbg.g_00082	Prak.g_00321
OG0000221	Prap	Prbg.g_00082	Prap.g_01407
OG0000221	Prbe	Prbg.g_00082	Prbe.g_01857
OG0000221	Prbf	Prbg.g_00082	Prbf.g_01643
OG0000221	Prbn	Prbg.g_00082	Prbn.g_00070
OG0000222	Prac	Prbg.g_00089	Prac.g_01621
OG0000222	Praq	Prbg.g_00089	Praq.g_01692
OG0000222	Prar	Prbg.g_00089	Prar.g_00277
OG0000222	Prbd	Prbg.g_00089	Prbd.g_00929
OG0000222	Prav	Prbg.g_00089	Prav.g_01956
OG0000222	Prad	Prbg.g_00089	Prad.g_01681
OG0000222	Pras	Prbg.g_00089	Pras.g_01162
OG0000222	Prau	Prbg.g_00089	Prau.g_00312
OG0000222	Prag	Prbg.g_00089	Prag.g_00301
OG0000222	Praw	Prbg.g_00089	Praw.g_00824
OG0000222	Pray	Prbg.g_00089	Pray.g_00788
OG0000222	Praz	Prbg.g_00089	Praz.g_00667
OG0000222	Prba	Prbg.g_00089	Prba.g_00526
OG0000222	Praa	Prbg.g_00089	Praa.g_00310
OG0000222	Prbi	Prbg.g_00089	Prbi.g_00334
OG0000222	Prae	Prbg.g_00089	Prae.g_00311
OG0000222	Prax	Prbg.g_00089	Prax.g_00865
OG0000222	Prao	Prbg.g_00089	Prao.g_00446
OG0000222	Prab	Prbg.g_00089	Prab.g_00298
OG0000222	Pran	Prbg.g_00089	Pran.g_01884
OG0000222	Prai	Prbg.g_00089	Prai.g_00323
OG0000222	Prbb	Prbg.g_00089	Prbb.g_00361
OG0000222	Prbm	Prbg.g_00089	Prbm.g_00366
OG0000222	Praj	Prbg.g_00089	Praj.g_00345
OG0000222	Prbc	Prbg.g_00089	Prbc.g_01202
OG0000222	Prbj	Prbg.g_00089	Prbj.g_01446
OG0000222	Prbk	Prbg.g_00089	Prbk.g_00458
OG0000222	Prbl	Prbg.g_00089	Prbl.g_00911
OG0000222	Praf	Prbg.g_00089	Praf.g_02323
OG0000222	Prah	Prbg.g_00089	Prah.g_02174
OG0000222	Syag	Prbg.g_00089	Syag.g_02550
OG0000222	Syaq	Prbg.g_00089	Syaq.g_00868
OG0000222	Syab	Prbg.g_00089	Syab.g_00244
OG0000222	Syal	Prbg.g_00089	Syal.g_01309
OG0000222	Syak	Prbg.g_00089	Syak.g_01512
OG0000222	Syad	Prbg.g_00089	Syad.g_00473
OG0000222	Syaj	Prbg.g_00089	Syaj.g_02516
OG0000222	Syac	Prbg.g_00089	Syac.g_00247
OG0000222	Syah	Prbg.g_00089	Syah.g_00131
OG0000222	Syaa	Prbg.g_00089	Syaa.g_00215
OG0000222	Syae	Prbg.g_00089	Syae.g_01926
OG0000222	Syam	Prbg.g_00089	Syam.g_00186
OG0000222	Syaf	Prbg.g_00089	Syaf.g_00287
OG0000222	Syai	Prbg.g_00089	Syai.g_00215
OG0000222	Syas	Prbg.g_00089	Syas.g_01804
OG0000222	Syap	Prbg.g_00089	Syap.g_01669
OG0000222	Syan	Prbg.g_00089	Syan.g_01981
OG0000222	Syao	Prbg.g_00089	Syao.g_02023
OG0000222	Syat	Prbg.g_00089	Syat.g_02109
OG0000222	Syar	Prbg.g_00089	Syar.g_02119, Syar.g_00728
OG0000222	Pral	Prbg.g_00089	Pral.g_00729
OG0000222	Prat	Prbg.g_00089	Prat.g_00317
OG0000222	Pram	Prbg.g_00089	Pram.g_00298
OG0000222	Prbh	Prbg.g_00089	Prbh.g_00469
OG0000222	Prak	Prbg.g_00089	Prak.g_00328
OG0000222	Prap	Prbg.g_00089	Prap.g_01400
OG0000222	Prbe	Prbg.g_00089	Prbe.g_01864
OG0000222	Prbf	Prbg.g_00089	Prbf.g_01650
OG0000222	Prbn	Prbg.g_00089	Prbn.g_00077
OG0000223	Prab	Prbg.g_00101	Prab.g_00311
OG0000223	Pran	Prbg.g_00101	Pran.g_01871
OG0000223	Prai	Prbg.g_00101	Prai.g_00336
OG0000223	Prac	Prbg.g_00101	Prac.g_01608
OG0000223	Praq	Prbg.g_00101	Praq.g_01679
OG0000223	Prar	Prbg.g_00101	Prar.g_00264
OG0000223	Pras	Prbg.g_00101	Pras.g_01175
OG0000223	Prau	Prbg.g_00101	Prau.g_00325
OG0000223	Pray	Prbg.g_00101	Pray.g_00801
OG0000223	Praz	Prbg.g_00101	Praz.g_00680
OG0000223	Prba	Prbg.g_00101	Prba.g_00539
OG0000223	Prav	Prbg.g_00101	Prav.g_01969
OG0000223	Prad	Prbg.g_00101	Prad.g_01668
OG0000223	Prbi	Prbg.g_00101	Prbi.g_00347
OG0000223	Prax	Prbg.g_00101	Prax.g_00850
OG0000223	Prag	Prbg.g_00101	Prag.g_00314
OG0000223	Praw	Prbg.g_00101	Praw.g_00811
OG0000223	Prae	Prbg.g_00101	Prae.g_00324
OG0000223	Praa	Prbg.g_00101	Praa.g_00323
OG0000223	Prbd	Prbg.g_00101	Prbd.g_00916
OG0000223	Prao	Prbg.g_00101	Prao.g_00459
OG0000223	Prbc	Prbg.g_00101	Prbc.g_01215
OG0000223	Praj	Prbg.g_00101	Praj.g_00358
OG0000223	Prbb	Prbg.g_00101	Prbb.g_00374
OG0000223	Prbm	Prbg.g_00101	Prbm.g_00378
OG0000223	Syal	Prbg.g_00101	Syal.g_01327
OG0000223	Syag	Prbg.g_00101	Syag.g_02475
OG0000223	Syar	Prbg.g_00101	Syar.g_00649
OG0000223	Syas	Prbg.g_00101	Syas.g_02221
OG0000223	Syat	Prbg.g_00101	Syat.g_02570
OG0000223	Syan	Prbg.g_00101	Syan.g_00228
OG0000223	Syao	Prbg.g_00101	Syao.g_00291
OG0000223	Syap	Prbg.g_00101	Syap.g_02072, Syap.g_02073
OG0000223	Syak	Prbg.g_00101	Syak.g_01531
OG0000223	Syab	Prbg.g_00101	Syab.g_00226
OG0000223	Syaq	Prbg.g_00101	Syaq.g_00946
OG0000223	Syae	Prbg.g_00101	Syae.g_01904
OG0000223	Syad	Prbg.g_00101	Syad.g_00451
OG0000223	Syaj	Prbg.g_00101	Syaj.g_02494
OG0000223	Syaf	Prbg.g_00101	Syaf.g_00317
OG0000223	Syai	Prbg.g_00101	Syai.g_00194
OG0000223	Syam	Prbg.g_00101	Syam.g_00168
OG0000223	Syac	Prbg.g_00101	Syac.g_00225
OG0000223	Syah	Prbg.g_00101	Syah.g_00153
OG0000223	Syaa	Prbg.g_00101	Syaa.g_00192
OG0000223	Prbj	Prbg.g_00101	Prbj.g_01469
OG0000223	Prbk	Prbg.g_00101	Prbk.g_00481
OG0000223	Prbl	Prbg.g_00101	Prbl.g_00888
OG0000223	Praf	Prbg.g_00101	Praf.g_02347
OG0000223	Prah	Prbg.g_00101	Prah.g_02197
OG0000223	Pral	Prbg.g_00101	Pral.g_00716
OG0000223	Prat	Prbg.g_00101	Prat.g_00330
OG0000223	Pram	Prbg.g_00101	Pram.g_00311
OG0000223	Prbh	Prbg.g_00101	Prbh.g_00456
OG0000223	Prak	Prbg.g_00101	Prak.g_00340
OG0000223	Prap	Prbg.g_00101	Prap.g_01388
OG0000223	Prbe	Prbg.g_00101	Prbe.g_01876
OG0000223	Prbf	Prbg.g_00101	Prbf.g_01662
OG0000223	Prbn	Prbg.g_00101	Prbn.g_00089
OG0000224	Prac	Prbg.g_00103	Prac.g_01606
OG0000224	Praq	Prbg.g_00103	Praq.g_01677
OG0000224	Prar	Prbg.g_00103	Prar.g_00262
OG0000224	Prbi	Prbg.g_00103	Prbi.g_00349
OG0000224	Prau	Prbg.g_00103	Prau.g_00327
OG0000224	Pray	Prbg.g_00103	Pray.g_00803
OG0000224	Praz	Prbg.g_00103	Praz.g_00682
OG0000224	Prba	Prbg.g_00103	Prba.g_00541
OG0000224	Pras	Prbg.g_00103	Pras.g_01177
OG0000224	Prbd	Prbg.g_00103	Prbd.g_00914
OG0000224	Prao	Prbg.g_00103	Prao.g_00461
OG0000224	Prad	Prbg.g_00103	Prad.g_01666
OG0000224	Prag	Prbg.g_00103	Prag.g_00316
OG0000224	Praw	Prbg.g_00103	Praw.g_00809
OG0000224	Praa	Prbg.g_00103	Praa.g_00325
OG0000224	Prae	Prbg.g_00103	Prae.g_00326
OG0000224	Prax	Prbg.g_00103	Prax.g_00848
OG0000224	Prav	Prbg.g_00103	Prav.g_01971
OG0000224	Prab	Prbg.g_00103	Prab.g_00313
OG0000224	Pran	Prbg.g_00103	Pran.g_01869
OG0000224	Prai	Prbg.g_00103	Prai.g_00338
OG0000224	Prah	Prbg.g_00103	Prah.g_02207
OG0000224	Praf	Prbg.g_00103	Praf.g_02358
OG0000224	Prbj	Prbg.g_00103	Prbj.g_01480
OG0000224	Prbk	Prbg.g_00103	Prbk.g_00492
OG0000224	Prbl	Prbg.g_00103	Prbl.g_00877
OG0000224	Syar	Prbg.g_00103	Syar.g_00762, Syar.g_00273
OG0000224	Syan	Prbg.g_00103	Syan.g_01959
OG0000224	Syao	Prbg.g_00103	Syao.g_01973
OG0000224	Syas	Prbg.g_00103	Syas.g_02215
OG0000224	Syap	Prbg.g_00103	Syap.g_02064
OG0000224	Syat	Prbg.g_00103	Syat.g_02139
OG0000224	Syaq	Prbg.g_00103	Syaq.g_00950
OG0000224	Syab	Prbg.g_00103	Syab.g_00223
OG0000224	Syal	Prbg.g_00103	Syal.g_01329
OG0000224	Syag	Prbg.g_00103	Syag.g_02471
OG0000224	Syak	Prbg.g_00103	Syak.g_01532
OG0000224	Syac	Prbg.g_00103	Syac.g_00217
OG0000224	Syah	Prbg.g_00103	Syah.g_00162
OG0000224	Syae	Prbg.g_00103	Syae.g_01897
OG0000224	Syad	Prbg.g_00103	Syad.g_00444
OG0000224	Syaj	Prbg.g_00103	Syaj.g_02487
OG0000224	Syaa	Prbg.g_00103	Syaa.g_00183
OG0000224	Syam	Prbg.g_00103	Syam.g_00164
OG0000224	Syaf	Prbg.g_00103	Syaf.g_00324
OG0000224	Syai	Prbg.g_00103	Syai.g_00186
OG0000224	Praj	Prbg.g_00103	Praj.g_00360
OG0000224	Prbc	Prbg.g_00103	Prbc.g_01217
OG0000224	Prbb	Prbg.g_00103	Prbb.g_00376
OG0000224	Prbm	Prbg.g_00103	Prbm.g_00380
OG0000224	Pral	Prbg.g_00103	Pral.g_00714
OG0000224	Prat	Prbg.g_00103	Prat.g_00332
OG0000224	Pram	Prbg.g_00103	Pram.g_00313
OG0000224	Prbh	Prbg.g_00103	Prbh.g_00454
OG0000224	Prbn	Prbg.g_00103	Prbn.g_00091
OG0000224	Prak	Prbg.g_00103	Prak.g_00342
OG0000224	Prap	Prbg.g_00103	Prap.g_01386
OG0000224	Prbe	Prbg.g_00103	Prbe.g_01878
OG0000224	Prbf	Prbg.g_00103	Prbf.g_01664
OG0000225	Prab	Prbg.g_00129	Prab.g_00333
OG0000225	Pran	Prbg.g_00129	Pran.g_01849
OG0000225	Prai	Prbg.g_00129	Prai.g_00358
OG0000225	Prag	Prbg.g_00129	Prag.g_00340
OG0000225	Praw	Prbg.g_00129	Praw.g_00786
OG0000225	Prao	Prbg.g_00129	Prao.g_00480
OG0000225	Prae	Prbg.g_00129	Prae.g_00345
OG0000225	Prac	Prbg.g_00129	Prac.g_01188
OG0000225	Praq	Prbg.g_00129	Praq.g_01199
OG0000225	Prar	Prbg.g_00129	Prar.g_00406
OG0000225	Pray	Prbg.g_00129	Pray.g_00824
OG0000225	Praz	Prbg.g_00129	Praz.g_00348
OG0000225	Prba	Prbg.g_00129	Prba.g_00562
OG0000225	Prav	Prbg.g_00129	Prav.g_01992
OG0000225	Prad	Prbg.g_00129	Prad.g_01645
OG0000225	Praa	Prbg.g_00129	Praa.g_00345
OG0000225	Prbi	Prbg.g_00129	Prbi.g_00370
OG0000225	Prbd	Prbg.g_00129	Prbd.g_00893
OG0000225	Prax	Prbg.g_00129	Prax.g_00827
OG0000225	Pras	Prbg.g_00129	Pras.g_01199
OG0000225	Prau	Prbg.g_00129	Prau.g_00348
OG0000225	Syat	Prbg.g_00129	Syat.g_01595
OG0000225	Syak	Prbg.g_00129	Syak.g_01230
OG0000225	Syai	Prbg.g_00129	Syai.g_00502
OG0000225	Syaf	Prbg.g_00129	Syaf.g_00007
OG0000225	Syam	Prbg.g_00129	Syam.g_00473
OG0000225	Syac	Prbg.g_00129	Syac.g_02004
OG0000225	Syah	Prbg.g_00129	Syah.g_00874
OG0000225	Syaa	Prbg.g_00129	Syaa.g_02166
OG0000225	Syad	Prbg.g_00129	Syad.g_00777
OG0000225	Syaj	Prbg.g_00129	Syaj.g_02821
OG0000225	Syae	Prbg.g_00129	Syae.g_02208
OG0000225	Syaq	Prbg.g_00129	Syaq.g_00543
OG0000225	Prbj	Prbg.g_00129	Prbj.g_00323
OG0000225	Prbk	Prbg.g_00129	Prbk.g_00889
OG0000225	Prbl	Prbg.g_00129	Prbl.g_01218
OG0000225	Praf	Prbg.g_00129	Praf.g_02030
OG0000225	Prah	Prbg.g_00129	Prah.g_01921
OG0000225	Syag	Prbg.g_00129	Syag.g_02861
OG0000225	Syab	Prbg.g_00129	Syab.g_00538
OG0000225	Syal	Prbg.g_00129	Syal.g_00363
OG0000225	Syan	Prbg.g_00129	Syan.g_02997
OG0000225	Syao	Prbg.g_00129	Syao.g_01751
OG0000225	Syar	Prbg.g_00129	Syar.g_01142
OG0000225	Syas	Prbg.g_00129	Syas.g_01522
OG0000225	Syap	Prbg.g_00129	Syap.g_00553, Syap.g_00552
OG0000225	Prbm	Prbg.g_00129	Prbm.g_00411
OG0000225	Praj	Prbg.g_00129	Praj.g_00391
OG0000225	Prbc	Prbg.g_00129	Prbc.g_01257
OG0000225	Prbb	Prbg.g_00129	Prbb.g_00405
OG0000225	Pral	Prbg.g_00129	Pral.g_00686
OG0000225	Prat	Prbg.g_00129	Prat.g_00360
OG0000225	Pram	Prbg.g_00129	Pram.g_00341
OG0000225	Prbh	Prbg.g_00129	Prbh.g_00426
OG0000225	Prak	Prbg.g_00129	Prak.g_00368
OG0000225	Prap	Prbg.g_00129	Prap.g_01360
OG0000225	Prbe	Prbg.g_00129	Prbe.g_01904
OG0000225	Prbf	Prbg.g_00129	Prbf.g_01690
OG0000225	Prbn	Prbg.g_00129	Prbn.g_00117
OG0000226	Pras	Prbg.g_01941	Pras.g_01203
OG0000226	Prad	Prbg.g_01941	Prad.g_00761
OG0000226	Prau	Prbg.g_01941	Prau.g_00352
OG0000226	Prbi	Prbg.g_01941	Prbi.g_00374
OG0000226	Praa	Prbg.g_01941	Praa.g_00349
OG0000226	Prac	Prbg.g_01941	Prac.g_01184
OG0000226	Prae	Prbg.g_01941	Prae.g_00349
OG0000226	Prao	Prbg.g_01941	Prao.g_00484
OG0000226	Praq	Prbg.g_01941	Praq.g_01195
OG0000226	Prar	Prbg.g_01941	Prar.g_00410
OG0000226	Prax	Prbg.g_01941	Prax.g_00823
OG0000226	Pray	Prbg.g_01941	Pray.g_00828
OG0000226	Praz	Prbg.g_01941	Praz.g_00352
OG0000226	Prba	Prbg.g_01941	Prba.g_00221
OG0000226	Prbd	Prbg.g_01941	Prbd.g_00889
OG0000226	Prag	Prbg.g_01941	Prag.g_00344
OG0000226	Prav	Prbg.g_01941	Prav.g_01996
OG0000226	Praw	Prbg.g_01941	Praw.g_00782
OG0000226	Prab	Prbg.g_01941	Prab.g_00337
OG0000226	Pran	Prbg.g_01941	Pran.g_01845
OG0000226	Prai	Prbg.g_01941	Prai.g_00362
OG0000226	Praj	Prbg.g_01941	Praj.g_00395
OG0000226	Prbb	Prbg.g_01941	Prbb.g_00409
OG0000226	Prbc	Prbg.g_01941	Prbc.g_01261
OG0000226	Prbm	Prbg.g_01941	Prbm.g_00415
OG0000226	Praf	Prbg.g_01941	Praf.g_02026
OG0000226	Prah	Prbg.g_01941	Prah.g_01917
OG0000226	Prbj	Prbg.g_01941	Prbj.g_00319
OG0000226	Prbk	Prbg.g_01941	Prbk.g_00893
OG0000226	Prbl	Prbg.g_01941	Prbl.g_01222
OG0000226	Syaa	Prbg.g_01941	Syaa.g_02162
OG0000226	Syab	Prbg.g_01941	Syab.g_00542
OG0000226	Syal	Prbg.g_01941	Syal.g_00367
OG0000226	Syak	Prbg.g_01941	Syak.g_01226
OG0000226	Syad	Prbg.g_01941	Syad.g_00781
OG0000226	Syae	Prbg.g_01941	Syae.g_02212
OG0000226	Syaj	Prbg.g_01941	Syaj.g_02825
OG0000226	Syaq	Prbg.g_01941	Syaq.g_00536
OG0000226	Syac	Prbg.g_01941	Syac.g_02000
OG0000226	Syah	Prbg.g_01941	Syah.g_00878
OG0000226	Syaf	Prbg.g_01941	Syaf.g_00003
OG0000226	Syai	Prbg.g_01941	Syai.g_00506
OG0000226	Syam	Prbg.g_01941	Syam.g_00477
OG0000226	Syas	Prbg.g_01941	Syas.g_01518
OG0000226	Syap	Prbg.g_01941	Syap.g_02029, Syap.g_02144
OG0000226	Syat	Prbg.g_01941	Syat.g_01588
OG0000226	Syar	Prbg.g_01941	Syar.g_01146
OG0000226	Syan	Prbg.g_01941	Syan.g_02990
OG0000226	Syao	Prbg.g_01941	Syao.g_01758
OG0000226	Syag	Prbg.g_01941	Syag.g_02865
OG0000226	Prat	Prbg.g_01941	Prat.g_00364
OG0000226	Pral	Prbg.g_01941	Pral.g_00682
OG0000226	Pram	Prbg.g_01941	Pram.g_00345
OG0000226	Prbh	Prbg.g_01941	Prbh.g_00422
OG0000226	Prak	Prbg.g_01941	Prak.g_00372
OG0000226	Prap	Prbg.g_01941	Prap.g_01356
OG0000226	Prbe	Prbg.g_01941	Prbe.g_01908
OG0000226	Prbf	Prbg.g_01941	Prbf.g_01694
OG0000226	Prbn	Prbg.g_01941	Prbn.g_00121
OG0000227	Prai	Prbg.g_01943	Prai.g_00364
OG0000227	Prab	Prbg.g_01943	Prab.g_00339
OG0000227	Pran	Prbg.g_01943	Pran.g_01843
OG0000227	Prao	Prbg.g_01943	Prao.g_00486
OG0000227	Prav	Prbg.g_01943	Prav.g_01998
OG0000227	Prac	Prbg.g_01943	Prac.g_01182
OG0000227	Praq	Prbg.g_01943	Praq.g_01193
OG0000227	Prar	Prbg.g_01943	Prar.g_00412
OG0000227	Prag	Prbg.g_01943	Prag.g_00346
OG0000227	Praw	Prbg.g_01943	Praw.g_00780
OG0000227	Prax	Prbg.g_01943	Prax.g_00821
OG0000227	Prae	Prbg.g_01943	Prae.g_00351
OG0000227	Prad	Prbg.g_01943	Prad.g_00759
OG0000227	Praa	Prbg.g_01943	Praa.g_00351
OG0000227	Prbi	Prbg.g_01943	Prbi.g_00376
OG0000227	Prbd	Prbg.g_01943	Prbd.g_00887
OG0000227	Pray	Prbg.g_01943	Pray.g_00830
OG0000227	Praz	Prbg.g_01943	Praz.g_00354
OG0000227	Prba	Prbg.g_01943	Prba.g_00223
OG0000227	Pras	Prbg.g_01943	Pras.g_01205
OG0000227	Prau	Prbg.g_01943	Prau.g_00354
OG0000227	Prbm	Prbg.g_01943	Prbm.g_00417
OG0000227	Praj	Prbg.g_01943	Praj.g_00397
OG0000227	Prbc	Prbg.g_01943	Prbc.g_01263
OG0000227	Prbb	Prbg.g_01943	Prbb.g_00411
OG0000227	Prbj	Prbg.g_01943	Prbj.g_00317
OG0000227	Prbk	Prbg.g_01943	Prbk.g_00895
OG0000227	Prbl	Prbg.g_01943	Prbl.g_01224
OG0000227	Praf	Prbg.g_01943	Praf.g_02024
OG0000227	Prah	Prbg.g_01943	Prah.g_01915
OG0000227	Syak	Prbg.g_01943	Syak.g_01224
OG0000227	Syab	Prbg.g_01943	Syab.g_00544
OG0000227	Syal	Prbg.g_01943	Syal.g_00369
OG0000227	Syag	Prbg.g_01943	Syag.g_02867
OG0000227	Syaq	Prbg.g_01943	Syaq.g_00534
OG0000227	Syad	Prbg.g_01943	Syad.g_00783
OG0000227	Syaj	Prbg.g_01943	Syaj.g_02827
OG0000227	Syae	Prbg.g_01943	Syae.g_02214
OG0000227	Syac	Prbg.g_01943	Syac.g_01998
OG0000227	Syah	Prbg.g_01943	Syah.g_00880
OG0000227	Syaf	Prbg.g_01943	Syaf.g_00001
OG0000227	Syai	Prbg.g_01943	Syai.g_00508
OG0000227	Syam	Prbg.g_01943	Syam.g_00479
OG0000227	Syaa	Prbg.g_01943	Syaa.g_02160
OG0000227	Syar	Prbg.g_01943	Syar.g_01148
OG0000227	Syan	Prbg.g_01943	Syan.g_02988
OG0000227	Syao	Prbg.g_01943	Syao.g_01760
OG0000227	Syas	Prbg.g_01943	Syas.g_01516
OG0000227	Syap	Prbg.g_01943	Syap.g_02147, Syap.g_02034, Syap.g_02033
OG0000227	Pral	Prbg.g_01943	Pral.g_00680
OG0000227	Prat	Prbg.g_01943	Prat.g_00366
OG0000227	Pram	Prbg.g_01943	Pram.g_00347
OG0000227	Prbh	Prbg.g_01943	Prbh.g_00420
OG0000227	Prak	Prbg.g_01943	Prak.g_00374
OG0000227	Prap	Prbg.g_01943	Prap.g_01354
OG0000227	Prbe	Prbg.g_01943	Prbe.g_01910
OG0000227	Prbf	Prbg.g_01943	Prbf.g_01696
OG0000227	Prbn	Prbg.g_01943	Prbn.g_00123
OG0000228	Prao	Prbg.g_00136	Prao.g_00489
OG0000228	Prbi	Prbg.g_00136	Prbi.g_00379
OG0000228	Prag	Prbg.g_00136	Prag.g_00349
OG0000228	Praw	Prbg.g_00136	Praw.g_00777
OG0000228	Prav	Prbg.g_00136	Prav.g_00974
OG0000228	Prad	Prbg.g_00136	Prad.g_00756
OG0000228	Pras	Prbg.g_00136	Pras.g_01208
OG0000228	Prau	Prbg.g_00136	Prau.g_00357
OG0000228	Prac	Prbg.g_00136	Prac.g_01179
OG0000228	Praq	Prbg.g_00136	Praq.g_01189
OG0000228	Prar	Prbg.g_00136	Prar.g_00415
OG0000228	Pray	Prbg.g_00136	Pray.g_00833
OG0000228	Praz	Prbg.g_00136	Praz.g_00819
OG0000228	Prba	Prbg.g_00136	Prba.g_00849
OG0000228	Prbd	Prbg.g_00136	Prbd.g_00884
OG0000228	Prae	Prbg.g_00136	Prae.g_00354
OG0000228	Praa	Prbg.g_00136	Praa.g_00354
OG0000228	Prax	Prbg.g_00136	Prax.g_00818
OG0000228	Prab	Prbg.g_00136	Prab.g_00342
OG0000228	Pran	Prbg.g_00136	Pran.g_01840
OG0000228	Prai	Prbg.g_00136	Prai.g_00367
OG0000228	Prbj	Prbg.g_00136	Prbj.g_00063
OG0000228	Prbk	Prbg.g_00136	Prbk.g_00365
OG0000228	Prbl	Prbg.g_00136	Prbl.g_02673
OG0000228	Praf	Prbg.g_00136	Praf.g_02016
OG0000228	Prah	Prbg.g_00136	Prah.g_00204
OG0000228	Syaq	Prbg.g_00136	Syaq.g_00531
OG0000228	Syab	Prbg.g_00136	Syab.g_00550
OG0000228	Syal	Prbg.g_00136	Syal.g_00556
OG0000228	Syag	Prbg.g_00136	Syag.g_00004
OG0000228	Syak	Prbg.g_00136	Syak.g_01216
OG0000228	Syae	Prbg.g_00136	Syae.g_02218
OG0000228	Syad	Prbg.g_00136	Syad.g_00784
OG0000228	Syaj	Prbg.g_00136	Syaj.g_02828
OG0000228	Syar	Prbg.g_00136	Syar.g_01161
OG0000228	Syan	Prbg.g_00136	Syan.g_02315
OG0000228	Syao	Prbg.g_00136	Syao.g_01715
OG0000228	Syat	Prbg.g_00136	Syat.g_02952
OG0000228	Syap	Prbg.g_00136	Syap.g_00116, Syap.g_02041
OG0000228	Syas	Prbg.g_00136	Syas.g_01513
OG0000228	Syaa	Prbg.g_00136	Syaa.g_02150
OG0000228	Syac	Prbg.g_00136	Syac.g_01989
OG0000228	Syah	Prbg.g_00136	Syah.g_00887
OG0000228	Syam	Prbg.g_00136	Syam.g_00488
OG0000228	Syai	Prbg.g_00136	Syai.g_00516
OG0000228	Syaf	Prbg.g_00136	Syaf.g_02808
OG0000228	Praj	Prbg.g_00136	Praj.g_00402
OG0000228	Prbb	Prbg.g_00136	Prbb.g_00415
OG0000228	Prbm	Prbg.g_00136	Prbm.g_00422
OG0000228	Prbc	Prbg.g_00136	Prbc.g_01267
OG0000228	Pral	Prbg.g_00136	Pral.g_00677
OG0000228	Prat	Prbg.g_00136	Prat.g_00369
OG0000228	Pram	Prbg.g_00136	Pram.g_00351
OG0000228	Prbh	Prbg.g_00136	Prbh.g_00416
OG0000228	Prak	Prbg.g_00136	Prak.g_00378
OG0000228	Prap	Prbg.g_00136	Prap.g_01350
OG0000228	Prbe	Prbg.g_00136	Prbe.g_01914
OG0000228	Prbf	Prbg.g_00136	Prbf.g_01700
OG0000228	Prbn	Prbg.g_00136	Prbn.g_00697
OG0000229	Prag	Prbg.g_00156	Prag.g_00415
OG0000229	Praw	Prbg.g_00156	Praw.g_00711
OG0000229	Prao	Prbg.g_00156	Prao.g_00540
OG0000229	Prav	Prbg.g_00156	Prav.g_01035
OG0000229	Prbi	Prbg.g_00156	Prbi.g_00437
OG0000229	Prax	Prbg.g_00156	Prax.g_00764
OG0000229	Pras	Prbg.g_00156	Pras.g_01314
OG0000229	Prau	Prbg.g_00156	Prau.g_00477
OG0000229	Praa	Prbg.g_00156	Praa.g_00436
OG0000229	Prbd	Prbg.g_00156	Prbd.g_00806
OG0000229	Pray	Prbg.g_00156	Pray.g_00926
OG0000229	Praz	Prbg.g_00156	Praz.g_01892
OG0000229	Prba	Prbg.g_00156	Prba.g_01025
OG0000229	Prae	Prbg.g_00156	Prae.g_00410
OG0000229	Prad	Prbg.g_00156	Prad.g_00666
OG0000229	Prac	Prbg.g_00156	Prac.g_01111
OG0000229	Praq	Prbg.g_00156	Praq.g_01121
OG0000229	Prar	Prbg.g_00156	Prar.g_00484
OG0000229	Prab	Prbg.g_00156	Prab.g_00439
OG0000229	Pran	Prbg.g_00156	Pran.g_01744
OG0000229	Prai	Prbg.g_00156	Prai.g_00467
OG0000229	Prbm	Prbg.g_00156	Prbm.g_00446
OG0000229	Prbb	Prbg.g_00156	Prbb.g_00441
OG0000229	Praj	Prbg.g_00156	Praj.g_00430
OG0000229	Prbc	Prbg.g_00156	Prbc.g_01497
OG0000229	Prah	Prbg.g_00156	Prah.g_00230
OG0000229	Praf	Prbg.g_00156	Praf.g_01989
OG0000229	Prbj	Prbg.g_00156	Prbj.g_00100
OG0000229	Prbk	Prbg.g_00156	Prbk.g_00328
OG0000229	Prbl	Prbg.g_00156	Prbl.g_00652
OG0000229	Syak	Prbg.g_00156	Syak.g_01191
OG0000229	Syab	Prbg.g_00156	Syab.g_00583
OG0000229	Syal	Prbg.g_00156	Syal.g_00525
OG0000229	Syag	Prbg.g_00156	Syag.g_00033
OG0000229	Syaq	Prbg.g_00156	Syaq.g_00501
OG0000229	Syad	Prbg.g_00156	Syad.g_02450
OG0000229	Syaj	Prbg.g_00156	Syaj.g_01555
OG0000229	Syar	Prbg.g_00156	Syar.g_01177, Syar.g_03273
OG0000229	Syat	Prbg.g_00156	Syat.g_02970
OG0000229	Syap	Prbg.g_00156	Syap.g_02059
OG0000229	Syas	Prbg.g_00156	Syas.g_01497
OG0000229	Syae	Prbg.g_00156	Syae.g_00994
OG0000229	Syaa	Prbg.g_00156	Syaa.g_00703
OG0000229	Syac	Prbg.g_00156	Syac.g_00692
OG0000229	Syah	Prbg.g_00156	Syah.g_02236
OG0000229	Syaf	Prbg.g_00156	Syaf.g_01214
OG0000229	Syai	Prbg.g_00156	Syai.g_02228
OG0000229	Syam	Prbg.g_00156	Syam.g_01867
OG0000229	Syan	Prbg.g_00156	Syan.g_02396
OG0000229	Syao	Prbg.g_00156	Syao.g_01736
OG0000229	Pral	Prbg.g_00156	Pral.g_00658
OG0000229	Prat	Prbg.g_00156	Prat.g_00396
OG0000229	Pram	Prbg.g_00156	Pram.g_00371
OG0000229	Prbh	Prbg.g_00156	Prbh.g_00396
OG0000229	Prak	Prbg.g_00156	Prak.g_00398
OG0000229	Prap	Prbg.g_00156	Prap.g_01330
OG0000229	Prbe	Prbg.g_00156	Prbe.g_01934
OG0000229	Prbf	Prbg.g_00156	Prbf.g_01720
OG0000229	Prbn	Prbg.g_00156	Prbn.g_00677
OG0000230	Prab	Prbg.g_00158	Prab.g_00441
OG0000230	Pran	Prbg.g_00158	Pran.g_01742
OG0000230	Prai	Prbg.g_00158	Prai.g_00469
OG0000230	Prag	Prbg.g_00158	Prag.g_00417
OG0000230	Praw	Prbg.g_00158	Praw.g_00709
OG0000230	Prav	Prbg.g_00158	Prav.g_01037
OG0000230	Prad	Prbg.g_00158	Prad.g_00069
OG0000230	Pras	Prbg.g_00158	Pras.g_01316
OG0000230	Prau	Prbg.g_00158	Prau.g_00479
OG0000230	Pray	Prbg.g_00158	Pray.g_00928
OG0000230	Praz	Prbg.g_00158	Praz.g_01890
OG0000230	Prba	Prbg.g_00158	Prba.g_01023
OG0000230	Prax	Prbg.g_00158	Prax.g_00762
OG0000230	Praa	Prbg.g_00158	Praa.g_00437
OG0000230	Prbd	Prbg.g_00158	Prbd.g_00804
OG0000230	Prae	Prbg.g_00158	Prae.g_00412
OG0000230	Prbi	Prbg.g_00158	Prbi.g_00439
OG0000230	Prao	Prbg.g_00158	Prao.g_00542
OG0000230	Prac	Prbg.g_00158	Prac.g_01109
OG0000230	Praq	Prbg.g_00158	Praq.g_01119
OG0000230	Prar	Prbg.g_00158	Prar.g_00486
OG0000230	Prbm	Prbg.g_00158	Prbm.g_00448
OG0000230	Prbc	Prbg.g_00158	Prbc.g_01499
OG0000230	Praj	Prbg.g_00158	Praj.g_00432
OG0000230	Prbb	Prbg.g_00158	Prbb.g_00443
OG0000230	Prbj	Prbg.g_00158	Prbj.g_00102
OG0000230	Prbk	Prbg.g_00158	Prbk.g_00326
OG0000230	Prbl	Prbg.g_00158	Prbl.g_00650
OG0000230	Praf	Prbg.g_00158	Praf.g_01987
OG0000230	Prah	Prbg.g_00158	Prah.g_00232
OG0000230	Syaa	Prbg.g_00158	Syaa.g_00705
OG0000230	Syae	Prbg.g_00158	Syae.g_00992
OG0000230	Syat	Prbg.g_00158	Syat.g_02972
OG0000230	Syar	Prbg.g_00158	Syar.g_01179, Syar.g_03275
OG0000230	Syap	Prbg.g_00158	Syap.g_02061
OG0000230	Syas	Prbg.g_00158	Syas.g_01495
OG0000230	Syan	Prbg.g_00158	Syan.g_02398
OG0000230	Syao	Prbg.g_00158	Syao.g_01738
OG0000230	Syaq	Prbg.g_00158	Syaq.g_00499
OG0000230	Syag	Prbg.g_00158	Syag.g_00035
OG0000230	Syak	Prbg.g_00158	Syak.g_01189
OG0000230	Syab	Prbg.g_00158	Syab.g_00585
OG0000230	Syal	Prbg.g_00158	Syal.g_00523
OG0000230	Syac	Prbg.g_00158	Syac.g_00694
OG0000230	Syah	Prbg.g_00158	Syah.g_02234
OG0000230	Syad	Prbg.g_00158	Syad.g_02448
OG0000230	Syaj	Prbg.g_00158	Syaj.g_01553
OG0000230	Syaf	Prbg.g_00158	Syaf.g_01216
OG0000230	Syai	Prbg.g_00158	Syai.g_02226
OG0000230	Syam	Prbg.g_00158	Syam.g_01865
OG0000230	Pral	Prbg.g_00158	Pral.g_00656
OG0000230	Prat	Prbg.g_00158	Prat.g_00398
OG0000230	Pram	Prbg.g_00158	Pram.g_00373
OG0000230	Prbh	Prbg.g_00158	Prbh.g_00394
OG0000230	Prak	Prbg.g_00158	Prak.g_00400
OG0000230	Prap	Prbg.g_00158	Prap.g_01328
OG0000230	Prbe	Prbg.g_00158	Prbe.g_01936
OG0000230	Prbf	Prbg.g_00158	Prbf.g_01722
OG0000230	Prbn	Prbg.g_00158	Prbn.g_00675
OG0000231	Prab	Prbg.g_00169	Prab.g_00455
OG0000231	Pran	Prbg.g_00169	Pran.g_01728
OG0000231	Prac	Prbg.g_00169	Prac.g_01098
OG0000231	Praq	Prbg.g_00169	Praq.g_01108
OG0000231	Prar	Prbg.g_00169	Prar.g_00497
OG0000231	Pras	Prbg.g_00169	Pras.g_01327
OG0000231	Prau	Prbg.g_00169	Prau.g_00490
OG0000231	Prav	Prbg.g_00169	Prav.g_01048
OG0000231	Pray	Prbg.g_00169	Pray.g_00939
OG0000231	Praz	Prbg.g_00169	Praz.g_01879
OG0000231	Prba	Prbg.g_00169	Prba.g_01012
OG0000231	Prbi	Prbg.g_00169	Prbi.g_00450
OG0000231	Prao	Prbg.g_00169	Prao.g_00553
OG0000231	Praa	Prbg.g_00169	Praa.g_00448
OG0000231	Prbd	Prbg.g_00169	Prbd.g_00793
OG0000231	Prae	Prbg.g_00169	Prae.g_00423
OG0000231	Prax	Prbg.g_00169	Prax.g_00751
OG0000231	Prad	Prbg.g_00169	Prad.g_00058
OG0000231	Prag	Prbg.g_00169	Prag.g_00428
OG0000231	Praw	Prbg.g_00169	Praw.g_00698
OG0000231	Prai	Prbg.g_00169	Prai.g_00480
OG0000231	Prbm	Prbg.g_00169	Prbm.g_00459
OG0000231	Praj	Prbg.g_00169	Praj.g_00443
OG0000231	Prbb	Prbg.g_00169	Prbb.g_00454
OG0000231	Prbc	Prbg.g_00169	Prbc.g_01510
OG0000231	Prah	Prbg.g_00169	Prah.g_00251
OG0000231	Praf	Prbg.g_00169	Praf.g_01963
OG0000231	Prbj	Prbg.g_00169	Prbj.g_00117
OG0000231	Prbk	Prbg.g_00169	Prbk.g_00311
OG0000231	Prbl	Prbg.g_00169	Prbl.g_00635
OG0000231	Syai	Prbg.g_00169	Syai.g_02208
OG0000231	Syaf	Prbg.g_00169	Syaf.g_01236
OG0000231	Syam	Prbg.g_00169	Syam.g_01848
OG0000231	Syar	Prbg.g_00169	Syar.g_02865, Syar.g_03151
OG0000231	Syan	Prbg.g_00169	Syan.g_01333
OG0000231	Syao	Prbg.g_00169	Syao.g_01513
OG0000231	Syae	Prbg.g_00169	Syae.g_00980
OG0000231	Syad	Prbg.g_00169	Syad.g_02436
OG0000231	Syaj	Prbg.g_00169	Syaj.g_01541
OG0000231	Syaa	Prbg.g_00169	Syaa.g_00717
OG0000231	Syac	Prbg.g_00169	Syac.g_00710
OG0000231	Syah	Prbg.g_00169	Syah.g_02218
OG0000231	Syap	Prbg.g_00169	Syap.g_02533
OG0000231	Syas	Prbg.g_00169	Syas.g_02749
OG0000231	Syat	Prbg.g_00169	Syat.g_01283
OG0000231	Syag	Prbg.g_00169	Syag.g_00048
OG0000231	Syab	Prbg.g_00169	Syab.g_00613
OG0000231	Syal	Prbg.g_00169	Syal.g_00510
OG0000231	Syak	Prbg.g_00169	Syak.g_01176
OG0000231	Syaq	Prbg.g_00169	Syaq.g_00485
OG0000231	Pral	Prbg.g_00169	Pral.g_00644
OG0000231	Prat	Prbg.g_00169	Prat.g_00411
OG0000231	Pram	Prbg.g_00169	Pram.g_00384
OG0000231	Prbh	Prbg.g_00169	Prbh.g_00383
OG0000231	Prak	Prbg.g_00169	Prak.g_00411
OG0000231	Prap	Prbg.g_00169	Prap.g_01317
OG0000231	Prbe	Prbg.g_00169	Prbe.g_01947
OG0000231	Prbf	Prbg.g_00169	Prbf.g_01733
OG0000231	Prbn	Prbg.g_00169	Prbn.g_00664
OG0000232	Prai	Prbg.g_00180	Prai.g_00489
OG0000232	Prao	Prbg.g_00180	Prao.g_00564
OG0000232	Pras	Prbg.g_00180	Pras.g_01335
OG0000232	Prav	Prbg.g_00180	Prav.g_01056
OG0000232	Prad	Prbg.g_00180	Prad.g_00049
OG0000232	Pray	Prbg.g_00180	Pray.g_00948
OG0000232	Praz	Prbg.g_00180	Praz.g_01870
OG0000232	Prba	Prbg.g_00180	Prba.g_01003
OG0000232	Prax	Prbg.g_00180	Prax.g_00743
OG0000232	Praa	Prbg.g_00180	Praa.g_00457
OG0000232	Prbi	Prbg.g_00180	Prbi.g_00459
OG0000232	Prau	Prbg.g_00180	Prau.g_00499
OG0000232	Prbd	Prbg.g_00180	Prbd.g_00784
OG0000232	Prae	Prbg.g_00180	Prae.g_00432
OG0000232	Prac	Prbg.g_00180	Prac.g_01089
OG0000232	Praq	Prbg.g_00180	Praq.g_00507
OG0000232	Prar	Prbg.g_00180	Prar.g_00506
OG0000232	Prab	Prbg.g_00180	Prab.g_00463
OG0000232	Pran	Prbg.g_00180	Pran.g_01720
OG0000232	Prag	Prbg.g_00180	Prag.g_00437
OG0000232	Praw	Prbg.g_00180	Praw.g_00689
OG0000232	Prbc	Prbg.g_00180	Prbc.g_01518
OG0000232	Praj	Prbg.g_00180	Praj.g_00451
OG0000232	Prbm	Prbg.g_00180	Prbm.g_00484
OG0000232	Prbb	Prbg.g_00180	Prbb.g_00462
OG0000232	Pral	Prbg.g_00180	Pral.g_00631
OG0000232	Prat	Prbg.g_00180	Prat.g_00419
OG0000232	Prbj	Prbg.g_00180	Prbj.g_01888
OG0000232	Prbk	Prbg.g_00180	Prbk.g_00295
OG0000232	Prbl	Prbg.g_00180	Prbl.g_00619
OG0000232	Praf	Prbg.g_00180	Praf.g_01952
OG0000232	Prah	Prbg.g_00180	Prah.g_00261
OG0000232	Syad	Prbg.g_00180	Syad.g_02392
OG0000232	Syaj	Prbg.g_00180	Syaj.g_01497
OG0000232	Syan	Prbg.g_00180	Syan.g_02801
OG0000232	Syao	Prbg.g_00180	Syao.g_00057
OG0000232	Syar	Prbg.g_00180	Syar.g_01424
OG0000232	Syat	Prbg.g_00180	Syat.g_01313
OG0000232	Syas	Prbg.g_00180	Syas.g_01276
OG0000232	Syap	Prbg.g_00180	Syap.g_02510, Syap.g_02511
OG0000232	Syab	Prbg.g_00180	Syab.g_00631
OG0000232	Syal	Prbg.g_00180	Syal.g_00495
OG0000232	Syak	Prbg.g_00180	Syak.g_01156
OG0000232	Syag	Prbg.g_00180	Syag.g_00059
OG0000232	Syaq	Prbg.g_00180	Syaq.g_00472
OG0000232	Syam	Prbg.g_00180	Syam.g_01692
OG0000232	Syaf	Prbg.g_00180	Syaf.g_02536
OG0000232	Syai	Prbg.g_00180	Syai.g_00846
OG0000232	Syaa	Prbg.g_00180	Syaa.g_01858
OG0000232	Syac	Prbg.g_00180	Syac.g_01717
OG0000232	Syah	Prbg.g_00180	Syah.g_01206
OG0000232	Syae	Prbg.g_00180	Syae.g_02496
OG0000232	Pram	Prbg.g_00180	Pram.g_00397
OG0000232	Prbh	Prbg.g_00180	Prbh.g_00370
OG0000232	Prak	Prbg.g_00180	Prak.g_00422
OG0000232	Prap	Prbg.g_00180	Prap.g_01306
OG0000232	Prbe	Prbg.g_00180	Prbe.g_00672
OG0000232	Prbf	Prbg.g_00180	Prbf.g_01744
OG0000232	Prbn	Prbg.g_00180	Prbn.g_00653
OG0000233	Prab	Prbg.g_00186	Prab.g_00468
OG0000233	Pran	Prbg.g_00186	Pran.g_01715
OG0000233	Prai	Prbg.g_00186	Prai.g_00494
OG0000233	Prav	Prbg.g_00186	Prav.g_01061
OG0000233	Prag	Prbg.g_00186	Prag.g_00442
OG0000233	Praw	Prbg.g_00186	Praw.g_00684
OG0000233	Prau	Prbg.g_00186	Prau.g_00505
OG0000233	Prac	Prbg.g_00186	Prac.g_01082
OG0000233	Praq	Prbg.g_00186	Praq.g_00513
OG0000233	Prar	Prbg.g_00186	Prar.g_00512
OG0000233	Prbd	Prbg.g_00186	Prbd.g_00779
OG0000233	Prao	Prbg.g_00186	Prao.g_00569
OG0000233	Praa	Prbg.g_00186	Praa.g_00463
OG0000233	Prax	Prbg.g_00186	Prax.g_00738
OG0000233	Pras	Prbg.g_00186	Pras.g_01341
OG0000233	Prbi	Prbg.g_00186	Prbi.g_00465
OG0000233	Prad	Prbg.g_00186	Prad.g_00043
OG0000233	Prae	Prbg.g_00186	Prae.g_00437
OG0000233	Pray	Prbg.g_00186	Pray.g_00953
OG0000233	Praz	Prbg.g_00186	Praz.g_01865
OG0000233	Prba	Prbg.g_00186	Prba.g_00998
OG0000233	Prbm	Prbg.g_00186	Prbm.g_00492
OG0000233	Praj	Prbg.g_00186	Praj.g_00459
OG0000233	Prbb	Prbg.g_00186	Prbb.g_00470
OG0000233	Prbc	Prbg.g_00186	Prbc.g_01526
OG0000233	Pral	Prbg.g_00186	Pral.g_00625
OG0000233	Prat	Prbg.g_00186	Prat.g_00426
OG0000233	Prbj	Prbg.g_00186	Prbj.g_00148
OG0000233	Prbk	Prbg.g_00186	Prbk.g_02092
OG0000233	Prbl	Prbg.g_00186	Prbl.g_01360
OG0000233	Praf	Prbg.g_00186	Praf.g_01938
OG0000233	Prah	Prbg.g_00186	Prah.g_00294
OG0000233	Syan	Prbg.g_00186	Syan.g_02876
OG0000233	Syao	Prbg.g_00186	Syao.g_02698
OG0000233	Syab	Prbg.g_00186	Syab.g_00645
OG0000233	Syal	Prbg.g_00186	Syal.g_00487
OG0000233	Syak	Prbg.g_00186	Syak.g_01145
OG0000233	Syac	Prbg.g_00186	Syac.g_01713
OG0000233	Syar	Prbg.g_00186	Syar.g_03183, Syar.g_01247
OG0000233	Syah	Prbg.g_00186	Syah.g_01210
OG0000233	Syag	Prbg.g_00186	Syag.g_01330
OG0000233	Syae	Prbg.g_00186	Syae.g_02504
OG0000233	Syad	Prbg.g_00186	Syad.g_02382
OG0000233	Syaj	Prbg.g_00186	Syaj.g_01481
OG0000233	Syaa	Prbg.g_00186	Syaa.g_01853
OG0000233	Syai	Prbg.g_00186	Syai.g_00855
OG0000233	Syaf	Prbg.g_00186	Syaf.g_02528
OG0000233	Syam	Prbg.g_00186	Syam.g_01678
OG0000233	Syat	Prbg.g_00186	Syat.g_01407
OG0000233	Syap	Prbg.g_00186	Syap.g_02133
OG0000233	Syas	Prbg.g_00186	Syas.g_01352
OG0000233	Syaq	Prbg.g_00186	Syaq.g_00464
OG0000233	Pram	Prbg.g_00186	Pram.g_00402
OG0000233	Prbh	Prbg.g_00186	Prbh.g_00365
OG0000233	Prak	Prbg.g_00186	Prak.g_00428
OG0000233	Prap	Prbg.g_00186	Prap.g_01300
OG0000233	Prbe	Prbg.g_00186	Prbe.g_00666
OG0000233	Prbf	Prbg.g_00186	Prbf.g_01750
OG0000233	Prbn	Prbg.g_00186	Prbn.g_00647
OG0000234	Prab	Prbg.g_00195	Prab.g_00480
OG0000234	Pran	Prbg.g_00195	Pran.g_01702
OG0000234	Prai	Prbg.g_00195	Prai.g_00506
OG0000234	Prac	Prbg.g_00195	Prac.g_01068
OG0000234	Praq	Prbg.g_00195	Praq.g_00527
OG0000234	Prar	Prbg.g_00195	Prar.g_00526
OG0000234	Pras	Prbg.g_00195	Pras.g_01354
OG0000234	Prau	Prbg.g_00195	Prau.g_00517
OG0000234	Prad	Prbg.g_00195	Prad.g_00031
OG0000234	Pray	Prbg.g_00195	Pray.g_00966
OG0000234	Praz	Prbg.g_00195	Praz.g_01852
OG0000234	Prba	Prbg.g_00195	Prba.g_00985
OG0000234	Prbi	Prbg.g_00195	Prbi.g_00479
OG0000234	Praa	Prbg.g_00195	Praa.g_00476
OG0000234	Prao	Prbg.g_00195	Prao.g_00582
OG0000234	Prbd	Prbg.g_00195	Prbd.g_00766
OG0000234	Prae	Prbg.g_00195	Prae.g_00450
OG0000234	Prax	Prbg.g_00195	Prax.g_00726
OG0000234	Prag	Prbg.g_00195	Prag.g_00455
OG0000234	Praw	Prbg.g_00195	Praw.g_00671
OG0000234	Prav	Prbg.g_00195	Prav.g_01074
OG0000234	Prbb	Prbg.g_00195	Prbb.g_00479
OG0000234	Prbc	Prbg.g_00195	Prbc.g_01535
OG0000234	Praj	Prbg.g_00195	Praj.g_00468
OG0000234	Prbm	Prbg.g_00195	Prbm.g_00501
OG0000234	Pral	Prbg.g_00195	Pral.g_00616
OG0000234	Prat	Prbg.g_00195	Prat.g_00435
OG0000234	Pram	Prbg.g_00195	Pram.g_00412
OG0000234	Prbh	Prbg.g_00195	Prbh.g_00355
OG0000234	Prbj	Prbg.g_00195	Prbj.g_00127
OG0000234	Prbk	Prbg.g_00195	Prbk.g_02114
OG0000234	Prbl	Prbg.g_00195	Prbl.g_01339
OG0000234	Praf	Prbg.g_00195	Praf.g_01905
OG0000234	Prah	Prbg.g_00195	Prah.g_00313, Prah.g_00314
OG0000234	Syaa	Prbg.g_00195	Syaa.g_01841
OG0000234	Syac	Prbg.g_00195	Syac.g_01699
OG0000234	Syah	Prbg.g_00195	Syah.g_01222
OG0000234	Syaf	Prbg.g_00195	Syaf.g_02497
OG0000234	Syai	Prbg.g_00195	Syai.g_00866
OG0000234	Syam	Prbg.g_00195	Syam.g_01667
OG0000234	Syae	Prbg.g_00195	Syae.g_02532
OG0000234	Syad	Prbg.g_00195	Syad.g_02351
OG0000234	Syaj	Prbg.g_00195	Syaj.g_01442
OG0000234	Syaq	Prbg.g_00195	Syaq.g_00440
OG0000234	Syak	Prbg.g_00195	Syak.g_01116
OG0000234	Syag	Prbg.g_00195	Syag.g_01358
OG0000234	Syab	Prbg.g_00195	Syab.g_00699
OG0000234	Syal	Prbg.g_00195	Syal.g_00461
OG0000234	Syar	Prbg.g_00195	Syar.g_01275
OG0000234	Syan	Prbg.g_00195	Syan.g_02844
OG0000234	Syao	Prbg.g_00195	Syao.g_02680
OG0000234	Syat	Prbg.g_00195	Syat.g_01369
OG0000234	Syap	Prbg.g_00195	Syap.g_02755
OG0000234	Syas	Prbg.g_00195	Syas.g_01331
OG0000234	Prak	Prbg.g_00195	Prak.g_00437
OG0000234	Prap	Prbg.g_00195	Prap.g_01291
OG0000234	Prbe	Prbg.g_00195	Prbe.g_00657
OG0000234	Prbf	Prbg.g_00195	Prbf.g_01759
OG0000234	Prbn	Prbg.g_00195	Prbn.g_00638
OG0000235	Prai	Prbg.g_00198	Prai.g_00509
OG0000235	Prab	Prbg.g_00198	Prab.g_00483
OG0000235	Pran	Prbg.g_00198	Pran.g_01699
OG0000235	Prav	Prbg.g_00198	Prav.g_01077
OG0000235	Prae	Prbg.g_00198	Prae.g_00453
OG0000235	Prbi	Prbg.g_00198	Prbi.g_00482
OG0000235	Prac	Prbg.g_00198	Prac.g_01065
OG0000235	Praq	Prbg.g_00198	Praq.g_00530
OG0000235	Prar	Prbg.g_00198	Prar.g_00529
OG0000235	Prag	Prbg.g_00198	Prag.g_00458
OG0000235	Praw	Prbg.g_00198	Praw.g_00668
OG0000235	Prad	Prbg.g_00198	Prad.g_00028
OG0000235	Pray	Prbg.g_00198	Pray.g_00969
OG0000235	Praz	Prbg.g_00198	Praz.g_01849
OG0000235	Prba	Prbg.g_00198	Prba.g_00982
OG0000235	Praa	Prbg.g_00198	Praa.g_00479
OG0000235	Prao	Prbg.g_00198	Prao.g_00585
OG0000235	Prbd	Prbg.g_00198	Prbd.g_00763
OG0000235	Prax	Prbg.g_00198	Prax.g_00723
OG0000235	Pras	Prbg.g_00198	Pras.g_01357
OG0000235	Prau	Prbg.g_00198	Prau.g_00520
OG0000235	Prbm	Prbg.g_00198	Prbm.g_00505
OG0000235	Prbc	Prbg.g_00198	Prbc.g_01539
OG0000235	Praj	Prbg.g_00198	Praj.g_00472
OG0000235	Prbb	Prbg.g_00198	Prbb.g_00483
OG0000235	Prbj	Prbg.g_00198	Prbj.g_01631
OG0000235	Prbk	Prbg.g_00198	Prbk.g_02060
OG0000235	Prbl	Prbg.g_00198	Prbl.g_00510
OG0000235	Praf	Prbg.g_00198	Praf.g_00594
OG0000235	Prah	Prbg.g_00198	Prah.g_01567
OG0000235	Syak	Prbg.g_00198	Syak.g_02573
OG0000235	Syag	Prbg.g_00198	Syag.g_01529
OG0000235	Syaq	Prbg.g_00198	Syaq.g_01771
OG0000235	Syab	Prbg.g_00198	Syab.g_02095
OG0000235	Syal	Prbg.g_00198	Syal.g_02896
OG0000235	Syae	Prbg.g_00198	Syae.g_02308
OG0000235	Syac	Prbg.g_00198	Syac.g_01905
OG0000235	Syah	Prbg.g_00198	Syah.g_00996
OG0000235	Syaa	Prbg.g_00198	Syaa.g_02052
OG0000235	Syad	Prbg.g_00198	Syad.g_00903
OG0000235	Syaj	Prbg.g_00198	Syaj.g_00071
OG0000235	Syaf	Prbg.g_00198	Syaf.g_02722
OG0000235	Syai	Prbg.g_00198	Syai.g_00637
OG0000235	Syam	Prbg.g_00198	Syam.g_00582
OG0000235	Syas	Prbg.g_00198	Syas.g_01254
OG0000235	Syap	Prbg.g_00198	Syap.g_00732, Syap.g_02258
OG0000235	Syar	Prbg.g_00198	Syar.g_01468
OG0000235	Syan	Prbg.g_00198	Syan.g_02765
OG0000235	Syao	Prbg.g_00198	Syao.g_00029
OG0000235	Syat	Prbg.g_00198	Syat.g_03169
OG0000235	Pral	Prbg.g_00198	Pral.g_00612
OG0000235	Prat	Prbg.g_00198	Prat.g_00439
OG0000235	Pram	Prbg.g_00198	Pram.g_00415
OG0000235	Prbh	Prbg.g_00198	Prbh.g_00352
OG0000235	Prak	Prbg.g_00198	Prak.g_00440
OG0000235	Prap	Prbg.g_00198	Prap.g_01288
OG0000235	Prbe	Prbg.g_00198	Prbe.g_00654
OG0000235	Prbf	Prbg.g_00198	Prbf.g_01762
OG0000235	Prbn	Prbg.g_00198	Prbn.g_00635
OG0000236	Prab	Prbg.g_00212	Prab.g_00497
OG0000236	Pran	Prbg.g_00212	Pran.g_01685
OG0000236	Prai	Prbg.g_00212	Prai.g_00523
OG0000236	Prag	Prbg.g_00212	Prag.g_00472
OG0000236	Praw	Prbg.g_00212	Praw.g_00655
OG0000236	Prav	Prbg.g_00212	Prav.g_01091
OG0000236	Pras	Prbg.g_00212	Pras.g_01371
OG0000236	Prau	Prbg.g_00212	Prau.g_00534
OG0000236	Prac	Prbg.g_00212	Prac.g_01051
OG0000236	Praq	Prbg.g_00212	Praq.g_00544
OG0000236	Prar	Prbg.g_00212	Prar.g_00543
OG0000236	Prax	Prbg.g_00212	Prax.g_00708
OG0000236	Prad	Prbg.g_00212	Prad.g_00014
OG0000236	Prao	Prbg.g_00212	Prao.g_00599
OG0000236	Prbd	Prbg.g_00212	Prbd.g_00749
OG0000236	Prbi	Prbg.g_00212	Prbi.g_00496
OG0000236	Prae	Prbg.g_00212	Prae.g_00467
OG0000236	Praa	Prbg.g_00212	Praa.g_00493
OG0000236	Pray	Prbg.g_00212	Pray.g_00983
OG0000236	Praz	Prbg.g_00212	Praz.g_01835
OG0000236	Prba	Prbg.g_00212	Prba.g_00968
OG0000236	Praj	Prbg.g_00212	Praj.g_00485
OG0000236	Prbb	Prbg.g_00212	Prbb.g_00497
OG0000236	Prbm	Prbg.g_00212	Prbm.g_00518
OG0000236	Prbc	Prbg.g_00212	Prbc.g_01552
OG0000236	Prbj	Prbg.g_00212	Prbj.g_01615
OG0000236	Prbk	Prbg.g_00212	Prbk.g_02076
OG0000236	Prbl	Prbg.g_00212	Prbl.g_00526
OG0000236	Praf	Prbg.g_00212	Praf.g_00610
OG0000236	Prah	Prbg.g_00212	Prah.g_01551
OG0000236	Syan	Prbg.g_00212	Syan.g_02749
OG0000236	Syao	Prbg.g_00212	Syao.g_00111
OG0000236	Syaa	Prbg.g_00212	Syaa.g_02037
OG0000236	Syad	Prbg.g_00212	Syad.g_00918
OG0000236	Syaj	Prbg.g_00212	Syaj.g_00086
OG0000236	Syae	Prbg.g_00212	Syae.g_02323
OG0000236	Syaf	Prbg.g_00212	Syaf.g_02707
OG0000236	Syai	Prbg.g_00212	Syai.g_00652
OG0000236	Syam	Prbg.g_00212	Syam.g_00597
OG0000236	Syac	Prbg.g_00212	Syac.g_01890
OG0000236	Syah	Prbg.g_00212	Syah.g_01011
OG0000236	Syar	Prbg.g_00212	Syar.g_03311, Syar.g_01484
OG0000236	Syas	Prbg.g_00212	Syas.g_01237
OG0000236	Syap	Prbg.g_00212	Syap.g_02238
OG0000236	Syat	Prbg.g_00212	Syat.g_03186
OG0000236	Syak	Prbg.g_00212	Syak.g_02589
OG0000236	Syab	Prbg.g_00212	Syab.g_02111
OG0000236	Syal	Prbg.g_00212	Syal.g_02912
OG0000236	Syag	Prbg.g_00212	Syag.g_01513
OG0000236	Syaq	Prbg.g_00212	Syaq.g_01787
OG0000236	Pral	Prbg.g_00212	Pral.g_00597
OG0000236	Prat	Prbg.g_00212	Prat.g_00454
OG0000236	Pram	Prbg.g_00212	Pram.g_00429
OG0000236	Prbh	Prbg.g_00212	Prbh.g_00338
OG0000236	Prak	Prbg.g_00212	Prak.g_00454
OG0000236	Prap	Prbg.g_00212	Prap.g_01274
OG0000236	Prbe	Prbg.g_00212	Prbe.g_00640
OG0000236	Prbf	Prbg.g_00212	Prbf.g_01776
OG0000236	Prbn	Prbg.g_00212	Prbn.g_00621
OG0000237	Prab	Prbg.g_00225	Prab.g_00510
OG0000237	Pran	Prbg.g_00225	Pran.g_01672
OG0000237	Prai	Prbg.g_00225	Prai.g_00536
OG0000237	Prac	Prbg.g_00225	Prac.g_00865
OG0000237	Praq	Prbg.g_00225	Praq.g_01096
OG0000237	Prar	Prbg.g_00225	Prar.g_01337
OG0000237	Prav	Prbg.g_00225	Prav.g_01104
OG0000237	Prag	Prbg.g_00225	Prag.g_00485
OG0000237	Praw	Prbg.g_00225	Praw.g_00642
OG0000237	Prad	Prbg.g_00225	Prad.g_00123
OG0000237	Prae	Prbg.g_00225	Prae.g_00480
OG0000237	Prbd	Prbg.g_00225	Prbd.g_00736
OG0000237	Prax	Prbg.g_00225	Prax.g_00695
OG0000237	Pras	Prbg.g_00225	Pras.g_01384
OG0000237	Prau	Prbg.g_00225	Prau.g_00547
OG0000237	Prao	Prbg.g_00225	Prao.g_00612
OG0000237	Prbi	Prbg.g_00225	Prbi.g_00509
OG0000237	Praa	Prbg.g_00225	Praa.g_00506
OG0000237	Pray	Prbg.g_00225	Pray.g_00997
OG0000237	Praz	Prbg.g_00225	Praz.g_01822
OG0000237	Prba	Prbg.g_00225	Prba.g_00955
OG0000237	Prah	Prbg.g_00225	Prah.g_01534
OG0000237	Praf	Prbg.g_00225	Praf.g_00627
OG0000237	Prbj	Prbg.g_00225	Prbj.g_02094
OG0000237	Prbk	Prbg.g_00225	Prbk.g_01047
OG0000237	Prbl	Prbg.g_00225	Prbl.g_00800
OG0000237	Syaa	Prbg.g_00225	Syaa.g_02020
OG0000237	Syac	Prbg.g_00225	Syac.g_01873
OG0000237	Syah	Prbg.g_00225	Syah.g_01028
OG0000237	Syaf	Prbg.g_00225	Syaf.g_02690
OG0000237	Syai	Prbg.g_00225	Syai.g_00669
OG0000237	Syam	Prbg.g_00225	Syam.g_00614
OG0000237	Syae	Prbg.g_00225	Syae.g_02340
OG0000237	Syad	Prbg.g_00225	Syad.g_00936
OG0000237	Syaj	Prbg.g_00225	Syaj.g_00103
OG0000237	Syar	Prbg.g_00225	Syar.g_01503
OG0000237	Syas	Prbg.g_00225	Syas.g_01220
OG0000237	Syat	Prbg.g_00225	Syat.g_03214
OG0000237	Syap	Prbg.g_00225	Syap.g_00262, Syap.g_00263
OG0000237	Syan	Prbg.g_00225	Syan.g_02731
OG0000237	Syao	Prbg.g_00225	Syao.g_00166
OG0000237	Syag	Prbg.g_00225	Syag.g_01495
OG0000237	Syaq	Prbg.g_00225	Syaq.g_01805
OG0000237	Syak	Prbg.g_00225	Syak.g_02607
OG0000237	Syab	Prbg.g_00225	Syab.g_02129
OG0000237	Syal	Prbg.g_00225	Syal.g_02930
OG0000237	Praj	Prbg.g_00225	Praj.g_00498
OG0000237	Prbb	Prbg.g_00225	Prbb.g_00510
OG0000237	Prbm	Prbg.g_00225	Prbm.g_00540
OG0000237	Prbc	Prbg.g_00225	Prbc.g_01586
OG0000237	Pral	Prbg.g_00225	Pral.g_00584
OG0000237	Prat	Prbg.g_00225	Prat.g_00469
OG0000237	Pram	Prbg.g_00225	Pram.g_00443
OG0000237	Prbh	Prbg.g_00225	Prbh.g_00324
OG0000237	Prak	Prbg.g_00225	Prak.g_00467
OG0000237	Prap	Prbg.g_00225	Prap.g_01261
OG0000237	Prbe	Prbg.g_00225	Prbe.g_00627
OG0000237	Prbf	Prbg.g_00225	Prbf.g_01789
OG0000237	Prbn	Prbg.g_00225	Prbn.g_00608
OG0000238	Prab	Prbg.g_00231	Prab.g_00516
OG0000238	Pran	Prbg.g_00231	Pran.g_01666
OG0000238	Prai	Prbg.g_00231	Prai.g_00542
OG0000238	Prbi	Prbg.g_00231	Prbi.g_00515
OG0000238	Prbd	Prbg.g_00231	Prbd.g_00730
OG0000238	Prax	Prbg.g_00231	Prax.g_00689
OG0000238	Prae	Prbg.g_00231	Prae.g_00486
OG0000238	Praa	Prbg.g_00231	Praa.g_00512
OG0000238	Pray	Prbg.g_00231	Pray.g_01003
OG0000238	Praz	Prbg.g_00231	Praz.g_01816
OG0000238	Prba	Prbg.g_00231	Prba.g_00949
OG0000238	Prad	Prbg.g_00231	Prad.g_00117
OG0000238	Prao	Prbg.g_00231	Prao.g_00618
OG0000238	Pras	Prbg.g_00231	Pras.g_01390
OG0000238	Prau	Prbg.g_00231	Prau.g_00553
OG0000238	Prac	Prbg.g_00231	Prac.g_00859
OG0000238	Praq	Prbg.g_00231	Praq.g_01090
OG0000238	Prar	Prbg.g_00231	Prar.g_01343
OG0000238	Prag	Prbg.g_00231	Prag.g_00491
OG0000238	Praw	Prbg.g_00231	Praw.g_00636
OG0000238	Prav	Prbg.g_00231	Prav.g_01110
OG0000238	Prbm	Prbg.g_00231	Prbm.g_00546
OG0000238	Prbb	Prbg.g_00231	Prbb.g_00516
OG0000238	Praj	Prbg.g_00231	Praj.g_00504
OG0000238	Prbc	Prbg.g_00231	Prbc.g_01592
OG0000238	Pral	Prbg.g_00231	Pral.g_00578
OG0000238	Prat	Prbg.g_00231	Prat.g_00475
OG0000238	Prbj	Prbg.g_00231	Prbj.g_02098
OG0000238	Prbk	Prbg.g_00231	Prbk.g_01051
OG0000238	Prbl	Prbg.g_00231	Prbl.g_00795
OG0000238	Praf	Prbg.g_00231	Praf.g_00631
OG0000238	Prah	Prbg.g_00231	Prah.g_01529
OG0000238	Syag	Prbg.g_00231	Syag.g_01490
OG0000238	Syaq	Prbg.g_00231	Syaq.g_01810
OG0000238	Syak	Prbg.g_00231	Syak.g_02612
OG0000238	Syab	Prbg.g_00231	Syab.g_02134
OG0000238	Syal	Prbg.g_00231	Syal.g_02935
OG0000238	Syat	Prbg.g_00231	Syat.g_03219
OG0000238	Syas	Prbg.g_00231	Syas.g_01215
OG0000238	Syap	Prbg.g_00231	Syap.g_00257, Syap.g_00258
OG0000238	Syan	Prbg.g_00231	Syan.g_02726
OG0000238	Syao	Prbg.g_00231	Syao.g_00161
OG0000238	Syar	Prbg.g_00231	Syar.g_01508
OG0000238	Syad	Prbg.g_00231	Syad.g_00941
OG0000238	Syaj	Prbg.g_00231	Syaj.g_00108
OG0000238	Syai	Prbg.g_00231	Syai.g_00674
OG0000238	Syaf	Prbg.g_00231	Syaf.g_02685
OG0000238	Syam	Prbg.g_00231	Syam.g_00619
OG0000238	Syac	Prbg.g_00231	Syac.g_01868
OG0000238	Syah	Prbg.g_00231	Syah.g_01032
OG0000238	Syaa	Prbg.g_00231	Syaa.g_02015
OG0000238	Syae	Prbg.g_00231	Syae.g_02345
OG0000238	Pram	Prbg.g_00231	Pram.g_00449
OG0000238	Prbh	Prbg.g_00231	Prbh.g_00318
OG0000238	Prak	Prbg.g_00231	Prak.g_00473
OG0000238	Prap	Prbg.g_00231	Prap.g_01255
OG0000238	Prbe	Prbg.g_00231	Prbe.g_00621
OG0000238	Prbf	Prbg.g_00231	Prbf.g_01795
OG0000238	Prbn	Prbg.g_00231	Prbn.g_00602
OG0000239	Prai	Prbg.g_00242	Prai.g_00553
OG0000239	Prab	Prbg.g_00242	Prab.g_00529
OG0000239	Pran	Prbg.g_00242	Pran.g_01653
OG0000239	Prac	Prbg.g_00242	Prac.g_00847
OG0000239	Praq	Prbg.g_00242	Praq.g_01077
OG0000239	Prar	Prbg.g_00242	Prar.g_01355
OG0000239	Prao	Prbg.g_00242	Prao.g_00631
OG0000239	Prag	Prbg.g_00242	Prag.g_00504
OG0000239	Praw	Prbg.g_00242	Praw.g_00623
OG0000239	Prad	Prbg.g_00242	Prad.g_00104
OG0000239	Prav	Prbg.g_00242	Prav.g_01123
OG0000239	Pray	Prbg.g_00242	Pray.g_01016
OG0000239	Praz	Prbg.g_00242	Praz.g_01803
OG0000239	Prba	Prbg.g_00242	Prba.g_00936
OG0000239	Pras	Prbg.g_00242	Pras.g_01402
OG0000239	Prau	Prbg.g_00242	Prau.g_00565
OG0000239	Prax	Prbg.g_00242	Prax.g_00676
OG0000239	Prbd	Prbg.g_00242	Prbd.g_00717
OG0000239	Praa	Prbg.g_00242	Praa.g_00525
OG0000239	Prae	Prbg.g_00242	Prae.g_00499
OG0000239	Prbi	Prbg.g_00242	Prbi.g_00528
OG0000239	Prbm	Prbg.g_00242	Prbm.g_00558
OG0000239	Praj	Prbg.g_00242	Praj.g_00516
OG0000239	Prbc	Prbg.g_00242	Prbc.g_01604
OG0000239	Prbb	Prbg.g_00242	Prbb.g_00528
OG0000239	Pral	Prbg.g_00242	Pral.g_00565
OG0000239	Prat	Prbg.g_00242	Prat.g_00487
OG0000239	Syak	Prbg.g_00242	Syak.g_02628
OG0000239	Syab	Prbg.g_00242	Syab.g_02151
OG0000239	Syal	Prbg.g_00242	Syal.g_02951
OG0000239	Prbj	Prbg.g_00242	Prbj.g_02114
OG0000239	Prbk	Prbg.g_00242	Prbk.g_01067
OG0000239	Prbl	Prbg.g_00242	Prbl.g_00779
OG0000239	Praf	Prbg.g_00242	Praf.g_00647
OG0000239	Prah	Prbg.g_00242	Prah.g_01513
OG0000239	Syaf	Prbg.g_00242	Syaf.g_02669
OG0000239	Syai	Prbg.g_00242	Syai.g_00691
OG0000239	Syam	Prbg.g_00242	Syam.g_00637
OG0000239	Syac	Prbg.g_00242	Syac.g_01852
OG0000239	Syah	Prbg.g_00242	Syah.g_01048
OG0000239	Syar	Prbg.g_00242	Syar.g_03277, Syar.g_02687
OG0000239	Syae	Prbg.g_00242	Syae.g_02360
OG0000239	Syaa	Prbg.g_00242	Syaa.g_01996
OG0000239	Syad	Prbg.g_00242	Syad.g_00957
OG0000239	Syaj	Prbg.g_00242	Syaj.g_00125
OG0000239	Syas	Prbg.g_00242	Syas.g_00012
OG0000239	Syao	Prbg.g_00242	Syao.g_01398
OG0000239	Syan	Prbg.g_00242	Syan.g_01187
OG0000239	Syap	Prbg.g_00242	Syap.g_02744
OG0000239	Syat	Prbg.g_00242	Syat.g_01105
OG0000239	Syag	Prbg.g_00242	Syag.g_01472
OG0000239	Syaq	Prbg.g_00242	Syaq.g_01826
OG0000239	Pram	Prbg.g_00242	Pram.g_00462
OG0000239	Prbh	Prbg.g_00242	Prbh.g_00305
OG0000239	Prak	Prbg.g_00242	Prak.g_00484
OG0000239	Prap	Prbg.g_00242	Prap.g_01244
OG0000239	Prbe	Prbg.g_00242	Prbe.g_00610
OG0000239	Prbf	Prbg.g_00242	Prbf.g_01806
OG0000239	Prbn	Prbg.g_00242	Prbn.g_00591
OG0000240	Prab	Prbg.g_00243	Prab.g_00530
OG0000240	Pran	Prbg.g_00243	Pran.g_01652
OG0000240	Prai	Prbg.g_00243	Prai.g_00554
OG0000240	Prao	Prbg.g_00243	Prao.g_00632
OG0000240	Pray	Prbg.g_00243	Pray.g_01017
OG0000240	Praz	Prbg.g_00243	Praz.g_01802
OG0000240	Prba	Prbg.g_00243	Prba.g_00935
OG0000240	Prac	Prbg.g_00243	Prac.g_00846
OG0000240	Praq	Prbg.g_00243	Praq.g_01076
OG0000240	Prar	Prbg.g_00243	Prar.g_01356
OG0000240	Prag	Prbg.g_00243	Prag.g_00505
OG0000240	Praw	Prbg.g_00243	Praw.g_00622
OG0000240	Prav	Prbg.g_00243	Prav.g_01124
OG0000240	Praa	Prbg.g_00243	Praa.g_00526
OG0000240	Prae	Prbg.g_00243	Prae.g_00500
OG0000240	Prbi	Prbg.g_00243	Prbi.g_00529
OG0000240	Pras	Prbg.g_00243	Pras.g_01403
OG0000240	Prau	Prbg.g_00243	Prau.g_00566
OG0000240	Prbd	Prbg.g_00243	Prbd.g_00716
OG0000240	Prad	Prbg.g_00243	Prad.g_00103
OG0000240	Prax	Prbg.g_00243	Prax.g_00675
OG0000240	Prbm	Prbg.g_00243	Prbm.g_00559
OG0000240	Praj	Prbg.g_00243	Praj.g_00517
OG0000240	Prbb	Prbg.g_00243	Prbb.g_00529
OG0000240	Prbc	Prbg.g_00243	Prbc.g_01605
OG0000240	Prbj	Prbg.g_00243	Prbj.g_02115
OG0000240	Prbk	Prbg.g_00243	Prbk.g_01068
OG0000240	Prbl	Prbg.g_00243	Prbl.g_00778
OG0000240	Praf	Prbg.g_00243	Praf.g_00648
OG0000240	Prah	Prbg.g_00243	Prah.g_01512
OG0000240	Syan	Prbg.g_00243	Syan.g_01186
OG0000240	Syao	Prbg.g_00243	Syao.g_01399
OG0000240	Syac	Prbg.g_00243	Syac.g_01851
OG0000240	Syah	Prbg.g_00243	Syah.g_01049
OG0000240	Syar	Prbg.g_00243	Syar.g_03278, Syar.g_02686
OG0000240	Syaf	Prbg.g_00243	Syaf.g_02668
OG0000240	Syai	Prbg.g_00243	Syai.g_00692
OG0000240	Syam	Prbg.g_00243	Syam.g_00638
OG0000240	Syas	Prbg.g_00243	Syas.g_00013
OG0000240	Syap	Prbg.g_00243	Syap.g_02742
OG0000240	Syat	Prbg.g_00243	Syat.g_01104
OG0000240	Syaa	Prbg.g_00243	Syaa.g_01995
OG0000240	Syad	Prbg.g_00243	Syad.g_00958
OG0000240	Syaj	Prbg.g_00243	Syaj.g_00126
OG0000240	Syae	Prbg.g_00243	Syae.g_02361
OG0000240	Syak	Prbg.g_00243	Syak.g_02629
OG0000240	Syab	Prbg.g_00243	Syab.g_02152
OG0000240	Syal	Prbg.g_00243	Syal.g_02952
OG0000240	Syag	Prbg.g_00243	Syag.g_01471
OG0000240	Syaq	Prbg.g_00243	Syaq.g_01827
OG0000240	Pral	Prbg.g_00243	Pral.g_00564
OG0000240	Prat	Prbg.g_00243	Prat.g_00488
OG0000240	Pram	Prbg.g_00243	Pram.g_00463
OG0000240	Prbh	Prbg.g_00243	Prbh.g_00304
OG0000240	Prak	Prbg.g_00243	Prak.g_00485
OG0000240	Prap	Prbg.g_00243	Prap.g_01243
OG0000240	Prbe	Prbg.g_00243	Prbe.g_00609
OG0000240	Prbf	Prbg.g_00243	Prbf.g_01807
OG0000240	Prbn	Prbg.g_00243	Prbn.g_00590
OG0000241	Prao	Prbg.g_00247	Prao.g_01861
OG0000241	Pray	Prbg.g_00247	Pray.g_01021
OG0000241	Praz	Prbg.g_00247	Praz.g_01798
OG0000241	Prba	Prbg.g_00247	Prba.g_00931
OG0000241	Prag	Prbg.g_00247	Prag.g_00509
OG0000241	Praw	Prbg.g_00247	Praw.g_00618
OG0000241	Prac	Prbg.g_00247	Prac.g_00842
OG0000241	Praq	Prbg.g_00247	Praq.g_01072
OG0000241	Prar	Prbg.g_00247	Prar.g_01360
OG0000241	Prab	Prbg.g_00247	Prab.g_00534
OG0000241	Pran	Prbg.g_00247	Pran.g_01648
OG0000241	Prai	Prbg.g_00247	Prai.g_00558
OG0000241	Prav	Prbg.g_00247	Prav.g_01128
OG0000241	Prax	Prbg.g_00247	Prax.g_00671
OG0000241	Prbd	Prbg.g_00247	Prbd.g_00712
OG0000241	Pras	Prbg.g_00247	Pras.g_01407
OG0000241	Prau	Prbg.g_00247	Prau.g_00570
OG0000241	Prbi	Prbg.g_00247	Prbi.g_00533
OG0000241	Prae	Prbg.g_00247	Prae.g_00504
OG0000241	Praa	Prbg.g_00247	Praa.g_00530
OG0000241	Prad	Prbg.g_00247	Prad.g_00099
OG0000241	Syas	Prbg.g_00247	Syas.g_00754
OG0000241	Syar	Prbg.g_00247	Syar.g_02410
OG0000241	Syan	Prbg.g_00247	Syan.g_00822
OG0000241	Syao	Prbg.g_00247	Syao.g_00887
OG0000241	Syat	Prbg.g_00247	Syat.g_00111
OG0000241	Syap	Prbg.g_00247	Syap.g_00888
OG0000241	Syaa	Prbg.g_00247	Syaa.g_01644
OG0000241	Prah	Prbg.g_00247	Prah.g_01094
OG0000241	Praf	Prbg.g_00247	Praf.g_01177
OG0000241	Prbj	Prbg.g_00247	Prbj.g_01116
OG0000241	Prbk	Prbg.g_00247	Prbk.g_01965
OG0000241	Prbl	Prbg.g_00247	Prbl.g_01526
OG0000241	Syad	Prbg.g_00247	Syad.g_02160
OG0000241	Syaj	Prbg.g_00247	Syaj.g_01291
OG0000241	Syac	Prbg.g_00247	Syac.g_00970
OG0000241	Syah	Prbg.g_00247	Syah.g_01944
OG0000241	Syae	Prbg.g_00247	Syae.g_00065
OG0000241	Syaf	Prbg.g_00247	Syaf.g_02322
OG0000241	Syai	Prbg.g_00247	Syai.g_01085, Syai.g_01089
OG0000241	Syam	Prbg.g_00247	Syam.g_01477
OG0000241	Syag	Prbg.g_00247	Syag.g_00396
OG0000241	Syaq	Prbg.g_00247	Syaq.g_02074
OG0000241	Syak	Prbg.g_00247	Syak.g_00027
OG0000241	Syab	Prbg.g_00247	Syab.g_01884
OG0000241	Syal	Prbg.g_00247	Syal.g_02696
OG0000241	Prbm	Prbg.g_00247	Prbm.g_00563
OG0000241	Praj	Prbg.g_00247	Praj.g_00521
OG0000241	Prbb	Prbg.g_00247	Prbb.g_00533
OG0000241	Prbc	Prbg.g_00247	Prbc.g_01609
OG0000241	Pral	Prbg.g_00247	Pral.g_00560
OG0000241	Prat	Prbg.g_00247	Prat.g_00492
OG0000241	Pram	Prbg.g_00247	Pram.g_00468
OG0000241	Prbh	Prbg.g_00247	Prbh.g_00299
OG0000241	Prak	Prbg.g_00247	Prak.g_00489
OG0000241	Prap	Prbg.g_00247	Prap.g_01239
OG0000241	Prbe	Prbg.g_00247	Prbe.g_00605
OG0000241	Prbf	Prbg.g_00247	Prbf.g_01811
OG0000241	Prbn	Prbg.g_00247	Prbn.g_00586
OG0000242	Prab	Prbg.g_00249	Prab.g_00536
OG0000242	Pran	Prbg.g_00249	Pran.g_01646
OG0000242	Prai	Prbg.g_00249	Prai.g_00560
OG0000242	Prao	Prbg.g_00249	Prao.g_01859
OG0000242	Prad	Prbg.g_00249	Prad.g_00097
OG0000242	Prag	Prbg.g_00249	Prag.g_00511
OG0000242	Praw	Prbg.g_00249	Praw.g_00616
OG0000242	Pray	Prbg.g_00249	Pray.g_01023
OG0000242	Praz	Prbg.g_00249	Praz.g_01796
OG0000242	Prba	Prbg.g_00249	Prba.g_00929
OG0000242	Prac	Prbg.g_00249	Prac.g_00840
OG0000242	Praq	Prbg.g_00249	Praq.g_01070
OG0000242	Prar	Prbg.g_00249	Prar.g_01362
OG0000242	Pras	Prbg.g_00249	Pras.g_01409
OG0000242	Prau	Prbg.g_00249	Prau.g_00572
OG0000242	Prbi	Prbg.g_00249	Prbi.g_00535
OG0000242	Praa	Prbg.g_00249	Praa.g_00532
OG0000242	Prae	Prbg.g_00249	Prae.g_00506
OG0000242	Prax	Prbg.g_00249	Prax.g_00669
OG0000242	Prbd	Prbg.g_00249	Prbd.g_00710
OG0000242	Prav	Prbg.g_00249	Prav.g_01130
OG0000242	Prbm	Prbg.g_00249	Prbm.g_00565
OG0000242	Prbc	Prbg.g_00249	Prbc.g_01611
OG0000242	Praj	Prbg.g_00249	Praj.g_00523
OG0000242	Prbb	Prbg.g_00249	Prbb.g_00535
OG0000242	Syar	Prbg.g_00249	Syar.g_01926
OG0000242	Syas	Prbg.g_00249	Syas.g_00059
OG0000242	Syap	Prbg.g_00249	Syap.g_01455
OG0000242	Syan	Prbg.g_00249	Syan.g_01168
OG0000242	Syao	Prbg.g_00249	Syao.g_01410
OG0000242	Syat	Prbg.g_00249	Syat.g_01077
OG0000242	Syae	Prbg.g_00249	Syae.g_02372
OG0000242	Syaa	Prbg.g_00249	Syaa.g_01982
OG0000242	Syaf	Prbg.g_00249	Syaf.g_02656
OG0000242	Syai	Prbg.g_00249	Syai.g_00705
OG0000242	Syam	Prbg.g_00249	Syam.g_00649
OG0000242	Syac	Prbg.g_00249	Syac.g_01839
OG0000242	Syah	Prbg.g_00249	Syah.g_01062
OG0000242	Syak	Prbg.g_00249	Syak.g_02638
OG0000242	Syag	Prbg.g_00249	Syag.g_01456
OG0000242	Syaq	Prbg.g_00249	Syaq.g_01836
OG0000242	Syab	Prbg.g_00249	Syab.g_02043
OG0000242	Syal	Prbg.g_00249	Syal.g_02840
OG0000242	Syad	Prbg.g_00249	Syad.g_00975
OG0000242	Syaj	Prbg.g_00249	Syaj.g_00142
OG0000242	Praf	Prbg.g_00249	Praf.g_00658
OG0000242	Prbj	Prbg.g_00249	Prbj.g_02125
OG0000242	Prbk	Prbg.g_00249	Prbk.g_01078
OG0000242	Prbl	Prbg.g_00249	Prbl.g_00768
OG0000242	Prah	Prbg.g_00249	Prah.g_00108, Prah.g_01503
OG0000242	Pral	Prbg.g_00249	Pral.g_00558
OG0000242	Prat	Prbg.g_00249	Prat.g_00494
OG0000242	Pram	Prbg.g_00249	Pram.g_00470
OG0000242	Prbh	Prbg.g_00249	Prbh.g_00297
OG0000242	Prak	Prbg.g_00249	Prak.g_00491
OG0000242	Prap	Prbg.g_00249	Prap.g_01237
OG0000242	Prbe	Prbg.g_00249	Prbe.g_00603
OG0000242	Prbf	Prbg.g_00249	Prbf.g_01813
OG0000242	Prbn	Prbg.g_00249	Prbn.g_00584
OG0000243	Syan	Prbg.g_00260	Syan.g_00840
OG0000243	Syao	Prbg.g_00260	Syao.g_00873
OG0000243	Syar	Prbg.g_00260	Syar.g_02335
OG0000243	Syat	Prbg.g_00260	Syat.g_00092
OG0000243	Syas	Prbg.g_00260	Syas.g_00777
OG0000243	Syap	Prbg.g_00260	Syap.g_01938
OG0000243	Prad	Prbg.g_00260	Prad.g_01333
OG0000243	Pray	Prbg.g_00260	Pray.g_01218
OG0000243	Praz	Prbg.g_00260	Praz.g_01785
OG0000243	Prba	Prbg.g_00260	Prba.g_01772
OG0000243	Pras	Prbg.g_00260	Pras.g_01420
OG0000243	Prau	Prbg.g_00260	Prau.g_00583
OG0000243	Prax	Prbg.g_00260	Prax.g_00004
OG0000243	Prbd	Prbg.g_00260	Prbd.g_00699
OG0000243	Prao	Prbg.g_00260	Prao.g_01162
OG0000243	Prbi	Prbg.g_00260	Prbi.g_00546
OG0000243	Prae	Prbg.g_00260	Prae.g_00518
OG0000243	Praa	Prbg.g_00260	Praa.g_00544
OG0000243	Prac	Prbg.g_00260	Prac.g_00829
OG0000243	Praq	Prbg.g_00260	Praq.g_01059
OG0000243	Prar	Prbg.g_00260	Prar.g_01373
OG0000243	Prag	Prbg.g_00260	Prag.g_00522
OG0000243	Praw	Prbg.g_00260	Praw.g_00605
OG0000243	Prav	Prbg.g_00260	Prav.g_01141, Prav.g_00954
OG0000243	Prab	Prbg.g_00260	Prab.g_00547
OG0000243	Pran	Prbg.g_00260	Pran.g_01635
OG0000243	Prai	Prbg.g_00260	Prai.g_00571
OG0000243	Praf	Prbg.g_00260	Praf.g_00681
OG0000243	Prah	Prbg.g_00260	Prah.g_01476
OG0000243	Prbj	Prbg.g_00260	Prbj.g_02668
OG0000243	Prbk	Prbg.g_00260	Prbk.g_02684
OG0000243	Prbl	Prbg.g_00260	Prbl.g_02647
OG0000243	Pral	Prbg.g_00260	Pral.g_00547
OG0000243	Prat	Prbg.g_00260	Prat.g_00504
OG0000243	Syak	Prbg.g_00260	Syak.g_02658
OG0000243	Syae	Prbg.g_00260	Syae.g_02391
OG0000243	Syad	Prbg.g_00260	Syad.g_01000
OG0000243	Syaj	Prbg.g_00260	Syaj.g_00164
OG0000243	Syab	Prbg.g_00260	Syab.g_02025
OG0000243	Syal	Prbg.g_00260	Syal.g_02822
OG0000243	Syac	Prbg.g_00260	Syac.g_01821
OG0000243	Syah	Prbg.g_00260	Syah.g_01079
OG0000243	Syaa	Prbg.g_00260	Syaa.g_01960
OG0000243	Syaq	Prbg.g_00260	Syaq.g_01922
OG0000243	Syai	Prbg.g_00260	Syai.g_00726
OG0000243	Syam	Prbg.g_00260	Syam.g_00668
OG0000243	Syaf	Prbg.g_00260	Syaf.g_02634
OG0000243	Syag	Prbg.g_00260	Syag.g_00255
OG0000243	Prbm	Prbg.g_00260	Prbm.g_00576
OG0000243	Praj	Prbg.g_00260	Praj.g_00534
OG0000243	Prbc	Prbg.g_00260	Prbc.g_01622
OG0000243	Prbb	Prbg.g_00260	Prbb.g_00546
OG0000243	Pram	Prbg.g_00260	Pram.g_00480
OG0000243	Prbh	Prbg.g_00260	Prbh.g_00287
OG0000243	Prak	Prbg.g_00260	Prak.g_00502
OG0000243	Prap	Prbg.g_00260	Prap.g_01226
OG0000243	Prbe	Prbg.g_00260	Prbe.g_00592
OG0000243	Prbf	Prbg.g_00260	Prbf.g_01824
OG0000243	Prbn	Prbg.g_00260	Prbn.g_00573
OG0000244	Prab	Prbg.g_00264	Prab.g_00550
OG0000244	Pran	Prbg.g_00264	Pran.g_01632
OG0000244	Prai	Prbg.g_00264	Prai.g_00574
OG0000244	Pray	Prbg.g_00264	Pray.g_01215
OG0000244	Praz	Prbg.g_00264	Praz.g_01782
OG0000244	Prba	Prbg.g_00264	Prba.g_01769
OG0000244	Prae	Prbg.g_00264	Prae.g_00521
OG0000244	Praa	Prbg.g_00264	Praa.g_00547
OG0000244	Prao	Prbg.g_00264	Prao.g_01165
OG0000244	Prbi	Prbg.g_00264	Prbi.g_00549
OG0000244	Pras	Prbg.g_00264	Pras.g_01423
OG0000244	Prau	Prbg.g_00264	Prau.g_00586
OG0000244	Prax	Prbg.g_00264	Prax.g_00007
OG0000244	Prbd	Prbg.g_00264	Prbd.g_00696
OG0000244	Prac	Prbg.g_00264	Prac.g_00826
OG0000244	Praq	Prbg.g_00264	Praq.g_01056
OG0000244	Prar	Prbg.g_00264	Prar.g_01376
OG0000244	Prag	Prbg.g_00264	Prag.g_00525
OG0000244	Praw	Prbg.g_00264	Praw.g_00602
OG0000244	Prav	Prbg.g_00264	Prav.g_01144
OG0000244	Prad	Prbg.g_00264	Prad.g_01336
OG0000244	Prbm	Prbg.g_00264	Prbm.g_00579
OG0000244	Prbc	Prbg.g_00264	Prbc.g_01626
OG0000244	Praj	Prbg.g_00264	Praj.g_00537
OG0000244	Prbb	Prbg.g_00264	Prbb.g_00550
OG0000244	Prah	Prbg.g_00264	Prah.g_01472
OG0000244	Praf	Prbg.g_00264	Praf.g_00685
OG0000244	Prbj	Prbg.g_00264	Prbj.g_01859
OG0000244	Prbk	Prbg.g_00264	Prbk.g_01897
OG0000244	Prbl	Prbg.g_00264	Prbl.g_01879
OG0000244	Syak	Prbg.g_00264	Syak.g_02665
OG0000244	Syab	Prbg.g_00264	Syab.g_02017
OG0000244	Syal	Prbg.g_00264	Syal.g_02815
OG0000244	Syag	Prbg.g_00264	Syag.g_00268
OG0000244	Syaq	Prbg.g_00264	Syaq.g_01928
OG0000244	Syan	Prbg.g_00264	Syan.g_00848
OG0000244	Syao	Prbg.g_00264	Syao.g_00865
OG0000244	Syar	Prbg.g_00264	Syar.g_02327
OG0000244	Syat	Prbg.g_00264	Syat.g_00082
OG0000244	Syas	Prbg.g_00264	Syas.g_00784
OG0000244	Syap	Prbg.g_00264	Syap.g_01146, Syap.g_01145
OG0000244	Syac	Prbg.g_00264	Syac.g_01814
OG0000244	Syah	Prbg.g_00264	Syah.g_01087
OG0000244	Syaf	Prbg.g_00264	Syaf.g_02627
OG0000244	Syai	Prbg.g_00264	Syai.g_00731
OG0000244	Syam	Prbg.g_00264	Syam.g_00674
OG0000244	Syae	Prbg.g_00264	Syae.g_02399
OG0000244	Syaa	Prbg.g_00264	Syaa.g_01954
OG0000244	Syad	Prbg.g_00264	Syad.g_01012
OG0000244	Syaj	Prbg.g_00264	Syaj.g_00180
OG0000244	Pral	Prbg.g_00264	Pral.g_00544
OG0000244	Prat	Prbg.g_00264	Prat.g_00507
OG0000244	Pram	Prbg.g_00264	Pram.g_00483
OG0000244	Prbh	Prbg.g_00264	Prbh.g_00284
OG0000244	Prak	Prbg.g_00264	Prak.g_00506
OG0000244	Prap	Prbg.g_00264	Prap.g_01223
OG0000244	Prbe	Prbg.g_00264	Prbe.g_00589
OG0000244	Prbf	Prbg.g_00264	Prbf.g_01827
OG0000244	Prbn	Prbg.g_00264	Prbn.g_00570
OG0000245	Prac	Prbg.g_00266	Prac.g_00824
OG0000245	Praq	Prbg.g_00266	Praq.g_01054
OG0000245	Prar	Prbg.g_00266	Prar.g_01378
OG0000245	Prav	Prbg.g_00266	Prav.g_01146
OG0000245	Prag	Prbg.g_00266	Prag.g_00527
OG0000245	Praw	Prbg.g_00266	Praw.g_00600
OG0000245	Prbi	Prbg.g_00266	Prbi.g_00551
OG0000245	Prao	Prbg.g_00266	Prao.g_01167
OG0000245	Prax	Prbg.g_00266	Prax.g_00009
OG0000245	Prau	Prbg.g_00266	Prau.g_00588
OG0000245	Prbd	Prbg.g_00266	Prbd.g_00694
OG0000245	Pras	Prbg.g_00266	Pras.g_01425
OG0000245	Praa	Prbg.g_00266	Praa.g_00549
OG0000245	Pray	Prbg.g_00266	Pray.g_01213
OG0000245	Praz	Prbg.g_00266	Praz.g_01780
OG0000245	Prba	Prbg.g_00266	Prba.g_01767
OG0000245	Prad	Prbg.g_00266	Prad.g_01338
OG0000245	Prae	Prbg.g_00266	Prae.g_00523
OG0000245	Prab	Prbg.g_00266	Prab.g_00552
OG0000245	Pran	Prbg.g_00266	Pran.g_01630
OG0000245	Prai	Prbg.g_00266	Prai.g_00576
OG0000245	Prbm	Prbg.g_00266	Prbm.g_00581
OG0000245	Prbc	Prbg.g_00266	Prbc.g_01628
OG0000245	Praj	Prbg.g_00266	Praj.g_00539
OG0000245	Prbb	Prbg.g_00266	Prbb.g_00552
OG0000245	Prbj	Prbg.g_00266	Prbj.g_01862
OG0000245	Prbk	Prbg.g_00266	Prbk.g_01894
OG0000245	Prbl	Prbg.g_00266	Prbl.g_01882
OG0000245	Praf	Prbg.g_00266	Praf.g_00688
OG0000245	Prah	Prbg.g_00266	Prah.g_01469
OG0000245	Syaa	Prbg.g_00266	Syaa.g_01952
OG0000245	Syaf	Prbg.g_00266	Syaf.g_02625
OG0000245	Syai	Prbg.g_00266	Syai.g_00733
OG0000245	Syam	Prbg.g_00266	Syam.g_00676
OG0000245	Syae	Prbg.g_00266	Syae.g_02401
OG0000245	Syad	Prbg.g_00266	Syad.g_01014
OG0000245	Syaj	Prbg.g_00266	Syaj.g_00182
OG0000245	Syar	Prbg.g_00266	Syar.g_02325, Syar.g_03238
OG0000245	Syat	Prbg.g_00266	Syat.g_00080
OG0000245	Syap	Prbg.g_00266	Syap.g_01148
OG0000245	Syas	Prbg.g_00266	Syas.g_00786
OG0000245	Syan	Prbg.g_00266	Syan.g_00850
OG0000245	Syao	Prbg.g_00266	Syao.g_00863
OG0000245	Syac	Prbg.g_00266	Syac.g_01811
OG0000245	Syah	Prbg.g_00266	Syah.g_01090
OG0000245	Syak	Prbg.g_00266	Syak.g_02667
OG0000245	Syab	Prbg.g_00266	Syab.g_02015
OG0000245	Syal	Prbg.g_00266	Syal.g_02813
OG0000245	Syag	Prbg.g_00266	Syag.g_00270
OG0000245	Syaq	Prbg.g_00266	Syaq.g_01930
OG0000245	Pral	Prbg.g_00266	Pral.g_00542
OG0000245	Prat	Prbg.g_00266	Prat.g_00509
OG0000245	Pram	Prbg.g_00266	Pram.g_00485
OG0000245	Prbh	Prbg.g_00266	Prbh.g_00282
OG0000245	Prak	Prbg.g_00266	Prak.g_00508
OG0000245	Prap	Prbg.g_00266	Prap.g_01221
OG0000245	Prbe	Prbg.g_00266	Prbe.g_00587
OG0000245	Prbf	Prbg.g_00266	Prbf.g_01829
OG0000245	Prbn	Prbg.g_00266	Prbn.g_00568
OG0000246	Prab	Prbg.g_00270	Prab.g_00556
OG0000246	Pran	Prbg.g_00270	Pran.g_01626
OG0000246	Prai	Prbg.g_00270	Prai.g_00580
OG0000246	Prag	Prbg.g_00270	Prag.g_00531
OG0000246	Praw	Prbg.g_00270	Praw.g_00596
OG0000246	Prac	Prbg.g_00270	Prac.g_00820
OG0000246	Praq	Prbg.g_00270	Praq.g_01050
OG0000246	Prar	Prbg.g_00270	Prar.g_01382
OG0000246	Prbi	Prbg.g_00270	Prbi.g_00555
OG0000246	Pray	Prbg.g_00270	Pray.g_01209
OG0000246	Praz	Prbg.g_00270	Praz.g_01776
OG0000246	Prba	Prbg.g_00270	Prba.g_01763
OG0000246	Prad	Prbg.g_00270	Prad.g_01342
OG0000246	Prae	Prbg.g_00270	Prae.g_00527
OG0000246	Prax	Prbg.g_00270	Prax.g_00013
OG0000246	Praa	Prbg.g_00270	Praa.g_00553
OG0000246	Prao	Prbg.g_00270	Prao.g_01171
OG0000246	Pras	Prbg.g_00270	Pras.g_01429
OG0000246	Prau	Prbg.g_00270	Prau.g_00592
OG0000246	Prbd	Prbg.g_00270	Prbd.g_00690
OG0000246	Prav	Prbg.g_00270	Prav.g_01150
OG0000246	Praj	Prbg.g_00270	Praj.g_00543
OG0000246	Prbc	Prbg.g_00270	Prbc.g_01632
OG0000246	Prbm	Prbg.g_00270	Prbm.g_00585
OG0000246	Prbb	Prbg.g_00270	Prbb.g_00556
OG0000246	Prbj	Prbg.g_00270	Prbj.g_01866
OG0000246	Prbk	Prbg.g_00270	Prbk.g_01890
OG0000246	Prbl	Prbg.g_00270	Prbl.g_01886
OG0000246	Praf	Prbg.g_00270	Praf.g_00692
OG0000246	Prah	Prbg.g_00270	Prah.g_01465
OG0000246	Syag	Prbg.g_00270	Syag.g_00274
OG0000246	Syaq	Prbg.g_00270	Syaq.g_01934
OG0000246	Syak	Prbg.g_00270	Syak.g_02671
OG0000246	Syab	Prbg.g_00270	Syab.g_02011
OG0000246	Syal	Prbg.g_00270	Syal.g_02809
OG0000246	Syas	Prbg.g_00270	Syas.g_00790
OG0000246	Syat	Prbg.g_00270	Syat.g_00076
OG0000246	Syar	Prbg.g_00270	Syar.g_02321
OG0000246	Syao	Prbg.g_00270	Syao.g_00859
OG0000246	Syan	Prbg.g_00270	Syan.g_00854
OG0000246	Syap	Prbg.g_00270	Syap.g_00308
OG0000246	Syad	Prbg.g_00270	Syad.g_01017
OG0000246	Syaj	Prbg.g_00270	Syaj.g_00186
OG0000246	Syae	Prbg.g_00270	Syae.g_02405
OG0000246	Syaa	Prbg.g_00270	Syaa.g_01948
OG0000246	Syac	Prbg.g_00270	Syac.g_01807
OG0000246	Syah	Prbg.g_00270	Syah.g_01094
OG0000246	Syaf	Prbg.g_00270	Syaf.g_02621
OG0000246	Syai	Prbg.g_00270	Syai.g_00737
OG0000246	Syam	Prbg.g_00270	Syam.g_00680
OG0000246	Pral	Prbg.g_00270	Pral.g_00538
OG0000246	Prat	Prbg.g_00270	Prat.g_00514, Prat.g_00513
OG0000246	Pram	Prbg.g_00270	Pram.g_00489
OG0000246	Prbh	Prbg.g_00270	Prbh.g_00278
OG0000246	Prak	Prbg.g_00270	Prak.g_00512
OG0000246	Prap	Prbg.g_00270	Prap.g_01217
OG0000246	Prbe	Prbg.g_00270	Prbe.g_00583
OG0000246	Prbf	Prbg.g_00270	Prbf.g_01833
OG0000246	Prbn	Prbg.g_00270	Prbn.g_00564
OG0000247	Prab	Prbg.g_00280	Prab.g_00566
OG0000247	Pran	Prbg.g_00280	Pran.g_01616
OG0000247	Prai	Prbg.g_00280	Prai.g_00590
OG0000247	Prac	Prbg.g_00280	Prac.g_00810
OG0000247	Praq	Prbg.g_00280	Praq.g_01040
OG0000247	Prar	Prbg.g_00280	Prar.g_01392
OG0000247	Prag	Prbg.g_00280	Prag.g_00541
OG0000247	Praw	Prbg.g_00280	Praw.g_00586
OG0000247	Prav	Prbg.g_00280	Prav.g_01160
OG0000247	Pray	Prbg.g_00280	Pray.g_01199
OG0000247	Praz	Prbg.g_00280	Praz.g_01766
OG0000247	Prba	Prbg.g_00280	Prba.g_01753
OG0000247	Pras	Prbg.g_00280	Pras.g_01439
OG0000247	Prau	Prbg.g_00280	Prau.g_00602
OG0000247	Prad	Prbg.g_00280	Prad.g_01352
OG0000247	Praa	Prbg.g_00280	Praa.g_00563
OG0000247	Prae	Prbg.g_00280	Prae.g_00537
OG0000247	Prax	Prbg.g_00280	Prax.g_00023
OG0000247	Prbd	Prbg.g_00280	Prbd.g_00680
OG0000247	Prao	Prbg.g_00280	Prao.g_01181
OG0000247	Prbi	Prbg.g_00280	Prbi.g_00565
OG0000247	Prbm	Prbg.g_00280	Prbm.g_00595
OG0000247	Prbb	Prbg.g_00280	Prbb.g_00566
OG0000247	Praj	Prbg.g_00280	Praj.g_00553
OG0000247	Prbc	Prbg.g_00280	Prbc.g_01642
OG0000247	Prbj	Prbg.g_00280	Prbj.g_01877
OG0000247	Prbk	Prbg.g_00280	Prbk.g_01879
OG0000247	Prbl	Prbg.g_00280	Prbl.g_01897
OG0000247	Praf	Prbg.g_00280	Praf.g_00703
OG0000247	Prah	Prbg.g_00280	Prah.g_01454
OG0000247	Syad	Prbg.g_00280	Syad.g_01029
OG0000247	Syaj	Prbg.g_00280	Syaj.g_00197
OG0000247	Syaa	Prbg.g_00280	Syaa.g_01937
OG0000247	Syae	Prbg.g_00280	Syae.g_02416
OG0000247	Syat	Prbg.g_00280	Syat.g_00065
OG0000247	Syan	Prbg.g_00280	Syan.g_00866
OG0000247	Syao	Prbg.g_00280	Syao.g_00847
OG0000247	Syar	Prbg.g_00280	Syar.g_02310
OG0000247	Syas	Prbg.g_00280	Syas.g_00802
OG0000247	Syap	Prbg.g_00280	Syap.g_00288, Syap.g_00293
OG0000247	Syaf	Prbg.g_00280	Syaf.g_02610
OG0000247	Syai	Prbg.g_00280	Syai.g_00748
OG0000247	Syam	Prbg.g_00280	Syam.g_00692
OG0000247	Syac	Prbg.g_00280	Syac.g_01795
OG0000247	Syah	Prbg.g_00280	Syah.g_01106
OG0000247	Syak	Prbg.g_00280	Syak.g_02681
OG0000247	Syaq	Prbg.g_00280	Syaq.g_01945
OG0000247	Syag	Prbg.g_00280	Syag.g_00286
OG0000247	Syab	Prbg.g_00280	Syab.g_01999
OG0000247	Syal	Prbg.g_00280	Syal.g_02797
OG0000247	Pral	Prbg.g_00280	Pral.g_00527
OG0000247	Prat	Prbg.g_00280	Prat.g_00525
OG0000247	Pram	Prbg.g_00280	Pram.g_00500
OG0000247	Prbh	Prbg.g_00280	Prbh.g_00267
OG0000247	Prak	Prbg.g_00280	Prak.g_00522
OG0000247	Prap	Prbg.g_00280	Prap.g_01207
OG0000247	Prbe	Prbg.g_00280	Prbe.g_00573
OG0000247	Prbf	Prbg.g_00280	Prbf.g_01843
OG0000247	Prbn	Prbg.g_00280	Prbn.g_00554
OG0000248	Prab	Prbg.g_00283	Prab.g_00569
OG0000248	Pran	Prbg.g_00283	Pran.g_01613
OG0000248	Prai	Prbg.g_00283	Prai.g_00593
OG0000248	Prac	Prbg.g_00283	Prac.g_00808
OG0000248	Praq	Prbg.g_00283	Praq.g_01038
OG0000248	Prar	Prbg.g_00283	Prar.g_01394
OG0000248	Prag	Prbg.g_00283	Prag.g_00543
OG0000248	Praw	Prbg.g_00283	Praw.g_00584
OG0000248	Pras	Prbg.g_00283	Pras.g_01441
OG0000248	Prau	Prbg.g_00283	Prau.g_00604
OG0000248	Prav	Prbg.g_00283	Prav.g_01162
OG0000248	Prad	Prbg.g_00283	Prad.g_01354
OG0000248	Pray	Prbg.g_00283	Pray.g_01197
OG0000248	Praz	Prbg.g_00283	Praz.g_01764
OG0000248	Prba	Prbg.g_00283	Prba.g_01751
OG0000248	Prae	Prbg.g_00283	Prae.g_00539
OG0000248	Prbi	Prbg.g_00283	Prbi.g_00567
OG0000248	Prax	Prbg.g_00283	Prax.g_00025
OG0000248	Prbd	Prbg.g_00283	Prbd.g_00678
OG0000248	Praa	Prbg.g_00283	Praa.g_00565
OG0000248	Prao	Prbg.g_00283	Prao.g_01183
OG0000248	Prbm	Prbg.g_00283	Prbm.g_00597
OG0000248	Prbb	Prbg.g_00283	Prbb.g_00568
OG0000248	Praj	Prbg.g_00283	Praj.g_00555
OG0000248	Prbc	Prbg.g_00283	Prbc.g_01644
OG0000248	Syad	Prbg.g_00283	Syad.g_01032
OG0000248	Syaj	Prbg.g_00283	Syaj.g_00200
OG0000248	Syan	Prbg.g_00283	Syan.g_00869
OG0000248	Syao	Prbg.g_00283	Syao.g_00844
OG0000248	Syar	Prbg.g_00283	Syar.g_02307, Syar.g_03293
OG0000248	Syaa	Prbg.g_00283	Syaa.g_01934
OG0000248	Syae	Prbg.g_00283	Syae.g_02419
OG0000248	Syam	Prbg.g_00283	Syam.g_00695
OG0000248	Syai	Prbg.g_00283	Syai.g_00751
OG0000248	Syaf	Prbg.g_00283	Syaf.g_02607
OG0000248	Syac	Prbg.g_00283	Syac.g_01792
OG0000248	Syah	Prbg.g_00283	Syah.g_01109
OG0000248	Syat	Prbg.g_00283	Syat.g_00062
OG0000248	Syap	Prbg.g_00283	Syap.g_00290
OG0000248	Syas	Prbg.g_00283	Syas.g_00805
OG0000248	Syag	Prbg.g_00283	Syag.g_00289
OG0000248	Syak	Prbg.g_00283	Syak.g_02684
OG0000248	Syab	Prbg.g_00283	Syab.g_01996
OG0000248	Syal	Prbg.g_00283	Syal.g_02794
OG0000248	Syaq	Prbg.g_00283	Syaq.g_01948
OG0000248	Prbj	Prbg.g_00283	Prbj.g_01880
OG0000248	Prbk	Prbg.g_00283	Prbk.g_01876
OG0000248	Prbl	Prbg.g_00283	Prbl.g_01900
OG0000248	Praf	Prbg.g_00283	Praf.g_00706
OG0000248	Prah	Prbg.g_00283	Prah.g_01451
OG0000248	Pral	Prbg.g_00283	Pral.g_00524
OG0000248	Prat	Prbg.g_00283	Prat.g_00528
OG0000248	Pram	Prbg.g_00283	Pram.g_00503
OG0000248	Prbh	Prbg.g_00283	Prbh.g_00264
OG0000248	Prak	Prbg.g_00283	Prak.g_00525
OG0000248	Prap	Prbg.g_00283	Prap.g_01204
OG0000248	Prbe	Prbg.g_00283	Prbe.g_00570
OG0000248	Prbf	Prbg.g_00283	Prbf.g_01846
OG0000248	Prbn	Prbg.g_00283	Prbn.g_00551
OG0000249	Prab	Prbg.g_00285	Prab.g_00571
OG0000249	Pran	Prbg.g_00285	Pran.g_01611
OG0000249	Prai	Prbg.g_00285	Prai.g_00595
OG0000249	Prag	Prbg.g_00285	Prag.g_00545
OG0000249	Praw	Prbg.g_00285	Praw.g_00582
OG0000249	Prac	Prbg.g_00285	Prac.g_00806
OG0000249	Praq	Prbg.g_00285	Praq.g_01036
OG0000249	Prar	Prbg.g_00285	Prar.g_01396
OG0000249	Prav	Prbg.g_00285	Prav.g_01164
OG0000249	Prad	Prbg.g_00285	Prad.g_01356
OG0000249	Pras	Prbg.g_00285	Pras.g_01443
OG0000249	Prau	Prbg.g_00285	Prau.g_00606
OG0000249	Praa	Prbg.g_00285	Praa.g_00567
OG0000249	Prbd	Prbg.g_00285	Prbd.g_00676
OG0000249	Pray	Prbg.g_00285	Pray.g_01195
OG0000249	Praz	Prbg.g_00285	Praz.g_01762
OG0000249	Prba	Prbg.g_00285	Prba.g_01749
OG0000249	Prao	Prbg.g_00285	Prao.g_01185
OG0000249	Prbi	Prbg.g_00285	Prbi.g_00569
OG0000249	Prae	Prbg.g_00285	Prae.g_00541
OG0000249	Prax	Prbg.g_00285	Prax.g_00027
OG0000249	Prbm	Prbg.g_00285	Prbm.g_00599
OG0000249	Prbb	Prbg.g_00285	Prbb.g_00570
OG0000249	Praj	Prbg.g_00285	Praj.g_00557
OG0000249	Prbc	Prbg.g_00285	Prbc.g_01646
OG0000249	Syar	Prbg.g_00285	Syar.g_02305
OG0000249	Syan	Prbg.g_00285	Syan.g_00871
OG0000249	Syao	Prbg.g_00285	Syao.g_00842
OG0000249	Syat	Prbg.g_00285	Syat.g_00060
OG0000249	Syas	Prbg.g_00285	Syas.g_00807
OG0000249	Syap	Prbg.g_00285	Syap.g_01296, Syap.g_01295
OG0000249	Syad	Prbg.g_00285	Syad.g_01034
OG0000249	Syaj	Prbg.g_00285	Syaj.g_00202
OG0000249	Syac	Prbg.g_00285	Syac.g_01790
OG0000249	Syah	Prbg.g_00285	Syah.g_01111
OG0000249	Syaf	Prbg.g_00285	Syaf.g_02605
OG0000249	Syai	Prbg.g_00285	Syai.g_00753
OG0000249	Syam	Prbg.g_00285	Syam.g_00697
OG0000249	Syaa	Prbg.g_00285	Syaa.g_01932
OG0000249	Syae	Prbg.g_00285	Syae.g_02421
OG0000249	Syak	Prbg.g_00285	Syak.g_02686
OG0000249	Syab	Prbg.g_00285	Syab.g_01994
OG0000249	Syal	Prbg.g_00285	Syal.g_02792
OG0000249	Praf	Prbg.g_00285	Praf.g_00708
OG0000249	Prbj	Prbg.g_00285	Prbj.g_01882
OG0000249	Prbk	Prbg.g_00285	Prbk.g_01874
OG0000249	Prbl	Prbg.g_00285	Prbl.g_01902
OG0000249	Prah	Prbg.g_00285	Prah.g_01449
OG0000249	Syag	Prbg.g_00285	Syag.g_00291
OG0000249	Syaq	Prbg.g_00285	Syaq.g_01950
OG0000249	Pral	Prbg.g_00285	Pral.g_00522
OG0000249	Prat	Prbg.g_00285	Prat.g_00530
OG0000249	Pram	Prbg.g_00285	Pram.g_00505
OG0000249	Prbh	Prbg.g_00285	Prbh.g_00262
OG0000249	Prak	Prbg.g_00285	Prak.g_00527
OG0000249	Prap	Prbg.g_00285	Prap.g_01202
OG0000249	Prbe	Prbg.g_00285	Prbe.g_00568
OG0000249	Prbf	Prbg.g_00285	Prbf.g_01848
OG0000249	Prbn	Prbg.g_00285	Prbn.g_00549
OG0000250	Prai	Prbg.g_00290	Prai.g_00600
OG0000250	Prab	Prbg.g_00290	Prab.g_00576
OG0000250	Pran	Prbg.g_00290	Pran.g_01606
OG0000250	Pray	Prbg.g_00290	Pray.g_01190
OG0000250	Praz	Prbg.g_00290	Praz.g_01757
OG0000250	Prba	Prbg.g_00290	Prba.g_01744
OG0000250	Prag	Prbg.g_00290	Prag.g_00550
OG0000250	Praw	Prbg.g_00290	Praw.g_00577
OG0000250	Prad	Prbg.g_00290	Prad.g_01361
OG0000250	Prav	Prbg.g_00290	Prav.g_01169
OG0000250	Prac	Prbg.g_00290	Prac.g_00801
OG0000250	Praq	Prbg.g_00290	Praq.g_01031
OG0000250	Prar	Prbg.g_00290	Prar.g_01401
OG0000250	Praa	Prbg.g_00290	Praa.g_00572
OG0000250	Prao	Prbg.g_00290	Prao.g_01864
OG0000250	Prbi	Prbg.g_00290	Prbi.g_00574
OG0000250	Pras	Prbg.g_00290	Pras.g_01448
OG0000250	Prau	Prbg.g_00290	Prau.g_00611
OG0000250	Prbd	Prbg.g_00290	Prbd.g_00671
OG0000250	Prae	Prbg.g_00290	Prae.g_00546
OG0000250	Prax	Prbg.g_00290	Prax.g_00032
OG0000250	Prbm	Prbg.g_00290	Prbm.g_00604
OG0000250	Praj	Prbg.g_00290	Praj.g_00562
OG0000250	Prbc	Prbg.g_00290	Prbc.g_01651
OG0000250	Prbb	Prbg.g_00290	Prbb.g_00575
OG0000250	Praf	Prbg.g_00290	Praf.g_00714
OG0000250	Prbj	Prbg.g_00290	Prbj.g_01805
OG0000250	Prbk	Prbg.g_00290	Prbk.g_01106
OG0000250	Prbl	Prbg.g_00290	Prbl.g_01799
OG0000250	Prah	Prbg.g_00290	Prah.g_01443
OG0000250	Syad	Prbg.g_00290	Syad.g_01044
OG0000250	Syaj	Prbg.g_00290	Syaj.g_00211
OG0000250	Syak	Prbg.g_00290	Syak.g_02694
OG0000250	Syag	Prbg.g_00290	Syag.g_00299
OG0000250	Syam	Prbg.g_00290	Syam.g_01747
OG0000250	Syaf	Prbg.g_00290	Syaf.g_02593
OG0000250	Syai	Prbg.g_00290	Syai.g_00762
OG0000250	Syaa	Prbg.g_00290	Syaa.g_01922
OG0000250	Syar	Prbg.g_00290	Syar.g_02299, Syar.g_03194
OG0000250	Syat	Prbg.g_00290	Syat.g_00053
OG0000250	Syas	Prbg.g_00290	Syas.g_00814
OG0000250	Syap	Prbg.g_00290	Syap.g_01306
OG0000250	Syao	Prbg.g_00290	Syao.g_00835
OG0000250	Syan	Prbg.g_00290	Syan.g_00878
OG0000250	Syab	Prbg.g_00290	Syab.g_01988
OG0000250	Syal	Prbg.g_00290	Syal.g_02786
OG0000250	Syae	Prbg.g_00290	Syae.g_02431
OG0000250	Syac	Prbg.g_00290	Syac.g_01782
OG0000250	Syah	Prbg.g_00290	Syah.g_01120
OG0000250	Syaq	Prbg.g_00290	Syaq.g_01958
OG0000250	Pral	Prbg.g_00290	Pral.g_00516
OG0000250	Prat	Prbg.g_00290	Prat.g_00536
OG0000250	Pram	Prbg.g_00290	Pram.g_00510
OG0000250	Prbh	Prbg.g_00290	Prbh.g_00257
OG0000250	Prak	Prbg.g_00290	Prak.g_00532
OG0000250	Prap	Prbg.g_00290	Prap.g_01197
OG0000250	Prbe	Prbg.g_00290	Prbe.g_00563
OG0000250	Prbf	Prbg.g_00290	Prbf.g_01853
OG0000250	Prbn	Prbg.g_00290	Prbn.g_00544
OG0000251	Praa	Prbg.g_00310	Praa.g_00591
OG0000251	Prab	Prbg.g_00310	Prab.g_00595
OG0000251	Pran	Prbg.g_00310	Pran.g_01587
OG0000251	Prai	Prbg.g_00310	Prai.g_00619
OG0000251	Prao	Prbg.g_00310	Prao.g_00029
OG0000251	Prax	Prbg.g_00310	Prax.g_00050
OG0000251	Prbi	Prbg.g_00310	Prbi.g_00593
OG0000251	Pray	Prbg.g_00310	Pray.g_01172
OG0000251	Praz	Prbg.g_00310	Praz.g_01739
OG0000251	Prba	Prbg.g_00310	Prba.g_01726
OG0000251	Prbd	Prbg.g_00310	Prbd.g_00653
OG0000251	Prad	Prbg.g_00310	Prad.g_01380
OG0000251	Prag	Prbg.g_00310	Prag.g_00569
OG0000251	Praw	Prbg.g_00310	Praw.g_01937
OG0000251	Prav	Prbg.g_00310	Prav.g_01187
OG0000251	Prac	Prbg.g_00310	Prac.g_00782
OG0000251	Praq	Prbg.g_00310	Praq.g_01012
OG0000251	Prar	Prbg.g_00310	Prar.g_01420
OG0000251	Prae	Prbg.g_00310	Prae.g_00565
OG0000251	Pras	Prbg.g_00310	Pras.g_01467
OG0000251	Prau	Prbg.g_00310	Prau.g_00629
OG0000251	Prbj	Prbg.g_00310	Prbj.g_01781
OG0000251	Prbk	Prbg.g_00310	Prbk.g_01130
OG0000251	Prbl	Prbg.g_00310	Prbl.g_01775
OG0000251	Praf	Prbg.g_00310	Praf.g_00739
OG0000251	Prah	Prbg.g_00310	Prah.g_01417
OG0000251	Syaq	Prbg.g_00310	Syaq.g_01984
OG0000251	Syas	Prbg.g_00310	Syas.g_00845
OG0000251	Syap	Prbg.g_00310	Syap.g_00442
OG0000251	Syan	Prbg.g_00310	Syan.g_00961
OG0000251	Syao	Prbg.g_00310	Syao.g_01026
OG0000251	Syac	Prbg.g_00310	Syac.g_01757
OG0000251	Syah	Prbg.g_00310	Syah.g_01145
OG0000251	Syar	Prbg.g_00310	Syar.g_03207, Syar.g_02194
OG0000251	Syad	Prbg.g_00310	Syad.g_01071
OG0000251	Syaj	Prbg.g_00310	Syaj.g_00237
OG0000251	Syae	Prbg.g_00310	Syae.g_02455
OG0000251	Syab	Prbg.g_00310	Syab.g_01961
OG0000251	Syal	Prbg.g_00310	Syal.g_02760
OG0000251	Syak	Prbg.g_00310	Syak.g_02722
OG0000251	Syaa	Prbg.g_00310	Syaa.g_01897
OG0000251	Syam	Prbg.g_00310	Syam.g_01722
OG0000251	Syaf	Prbg.g_00310	Syaf.g_02568
OG0000251	Syai	Prbg.g_00310	Syai.g_00789
OG0000251	Syat	Prbg.g_00310	Syat.g_00027
OG0000251	Syag	Prbg.g_00310	Syag.g_00328
OG0000251	Praj	Prbg.g_00310	Praj.g_00578
OG0000251	Prbc	Prbg.g_00310	Prbc.g_01667
OG0000251	Prbb	Prbg.g_00310	Prbb.g_00591
OG0000251	Prbm	Prbg.g_00310	Prbm.g_00620
OG0000251	Prat	Prbg.g_00310	Prat.g_00553
OG0000251	Pral	Prbg.g_00310	Pral.g_00498
OG0000251	Pram	Prbg.g_00310	Pram.g_00528
OG0000251	Prbh	Prbg.g_00310	Prbh.g_00239
OG0000251	Prak	Prbg.g_00310	Prak.g_00552
OG0000251	Prap	Prbg.g_00310	Prap.g_01177
OG0000251	Prbe	Prbg.g_00310	Prbe.g_00543
OG0000251	Prbf	Prbg.g_00310	Prbf.g_01873
OG0000251	Prbn	Prbg.g_00310	Prbn.g_00524
OG0000252	Prag	Prbg.g_00313	Prag.g_00572
OG0000252	Praw	Prbg.g_00313	Praw.g_01940
OG0000252	Prav	Prbg.g_00313	Prav.g_01190
OG0000252	Prab	Prbg.g_00313	Prab.g_00598
OG0000252	Pran	Prbg.g_00313	Pran.g_01584
OG0000252	Prai	Prbg.g_00313	Prai.g_00622
OG0000252	Prae	Prbg.g_00313	Prae.g_00568
OG0000252	Prax	Prbg.g_00313	Prax.g_00053
OG0000252	Prbi	Prbg.g_00313	Prbi.g_00596
OG0000252	Prbd	Prbg.g_00313	Prbd.g_00650
OG0000252	Praa	Prbg.g_00313	Praa.g_00594
OG0000252	Pray	Prbg.g_00313	Pray.g_01169
OG0000252	Praz	Prbg.g_00313	Praz.g_01736
OG0000252	Prba	Prbg.g_00313	Prba.g_01723
OG0000252	Prac	Prbg.g_00313	Prac.g_00778
OG0000252	Praq	Prbg.g_00313	Praq.g_01008
OG0000252	Prar	Prbg.g_00313	Prar.g_01424
OG0000252	Prao	Prbg.g_00313	Prao.g_00032
OG0000252	Prad	Prbg.g_00313	Prad.g_01383
OG0000252	Pras	Prbg.g_00313	Pras.g_01470
OG0000252	Prau	Prbg.g_00313	Prau.g_00632
OG0000252	Praj	Prbg.g_00313	Praj.g_00580
OG0000252	Prbc	Prbg.g_00313	Prbc.g_01669
OG0000252	Prbb	Prbg.g_00313	Prbb.g_00593
OG0000252	Prbm	Prbg.g_00313	Prbm.g_00623
OG0000252	Pral	Prbg.g_00313	Pral.g_00495
OG0000252	Prat	Prbg.g_00313	Prat.g_00556
OG0000252	Prah	Prbg.g_00313	Prah.g_01414
OG0000252	Praf	Prbg.g_00313	Praf.g_00742
OG0000252	Prbj	Prbg.g_00313	Prbj.g_01778
OG0000252	Prbk	Prbg.g_00313	Prbk.g_01133
OG0000252	Prbl	Prbg.g_00313	Prbl.g_01772
OG0000252	Syag	Prbg.g_00313	Syag.g_00331
OG0000252	Syaq	Prbg.g_00313	Syaq.g_01987
OG0000252	Syad	Prbg.g_00313	Syad.g_01078
OG0000252	Syaj	Prbg.g_00313	Syaj.g_00243
OG0000252	Syae	Prbg.g_00313	Syae.g_02458
OG0000252	Syaf	Prbg.g_00313	Syaf.g_02565
OG0000252	Syam	Prbg.g_00313	Syam.g_01719
OG0000252	Syai	Prbg.g_00313	Syai.g_00797
OG0000252	Syaa	Prbg.g_00313	Syaa.g_01894
OG0000252	Syar	Prbg.g_00313	Syar.g_02189, Syar.g_03263
OG0000252	Syah	Prbg.g_00313	Syah.g_01148
OG0000252	Syac	Prbg.g_00313	Syac.g_01753
OG0000252	Syab	Prbg.g_00313	Syab.g_01958
OG0000252	Syal	Prbg.g_00313	Syal.g_02757
OG0000252	Syak	Prbg.g_00313	Syak.g_02725
OG0000252	Syat	Prbg.g_00313	Syat.g_00022
OG0000252	Syap	Prbg.g_00313	Syap.g_01857
OG0000252	Syan	Prbg.g_00313	Syan.g_00966
OG0000252	Syao	Prbg.g_00313	Syao.g_01020
OG0000252	Syas	Prbg.g_00313	Syas.g_00950
OG0000252	Pram	Prbg.g_00313	Pram.g_00531
OG0000252	Prbh	Prbg.g_00313	Prbh.g_00236
OG0000252	Prak	Prbg.g_00313	Prak.g_00555
OG0000252	Prap	Prbg.g_00313	Prap.g_01174
OG0000252	Prbe	Prbg.g_00313	Prbe.g_00540
OG0000252	Prbf	Prbg.g_00313	Prbf.g_01876
OG0000252	Prbn	Prbg.g_00313	Prbn.g_00521
OG0000253	Prai	Prbg.g_00314	Prai.g_00623
OG0000253	Prab	Prbg.g_00314	Prab.g_00599
OG0000253	Pran	Prbg.g_00314	Pran.g_01583
OG0000253	Prac	Prbg.g_00314	Prac.g_00777
OG0000253	Praq	Prbg.g_00314	Praq.g_01007
OG0000253	Prar	Prbg.g_00314	Prar.g_01425
OG0000253	Prao	Prbg.g_00314	Prao.g_00033
OG0000253	Praa	Prbg.g_00314	Praa.g_00595
OG0000253	Prad	Prbg.g_00314	Prad.g_01384
OG0000253	Pray	Prbg.g_00314	Pray.g_01168
OG0000253	Praz	Prbg.g_00314	Praz.g_01735
OG0000253	Prba	Prbg.g_00314	Prba.g_01722
OG0000253	Prau	Prbg.g_00314	Prau.g_00633
OG0000253	Prbd	Prbg.g_00314	Prbd.g_00649
OG0000253	Prav	Prbg.g_00314	Prav.g_01191
OG0000253	Prag	Prbg.g_00314	Prag.g_00573
OG0000253	Praw	Prbg.g_00314	Praw.g_01941
OG0000253	Prae	Prbg.g_00314	Prae.g_00569
OG0000253	Prax	Prbg.g_00314	Prax.g_00054
OG0000253	Prbi	Prbg.g_00314	Prbi.g_00597
OG0000253	Pras	Prbg.g_00314	Pras.g_01471
OG0000253	Prbc	Prbg.g_00314	Prbc.g_01671
OG0000253	Prbm	Prbg.g_00314	Prbm.g_00625
OG0000253	Praj	Prbg.g_00314	Praj.g_00582
OG0000253	Prbb	Prbg.g_00314	Prbb.g_00595
OG0000253	Syaq	Prbg.g_00314	Syaq.g_01989
OG0000253	Prbj	Prbg.g_00314	Prbj.g_01772
OG0000253	Prbk	Prbg.g_00314	Prbk.g_01139
OG0000253	Prbl	Prbg.g_00314	Prbl.g_01766
OG0000253	Praf	Prbg.g_00314	Praf.g_00749
OG0000253	Prah	Prbg.g_00314	Prah.g_01408
OG0000253	Syap	Prbg.g_00314	Syap.g_00443
OG0000253	Syan	Prbg.g_00314	Syan.g_01000
OG0000253	Syao	Prbg.g_00314	Syao.g_01003
OG0000253	Syas	Prbg.g_00314	Syas.g_00846
OG0000253	Syar	Prbg.g_00314	Syar.g_02028, Syar.g_03229
OG0000253	Syat	Prbg.g_00314	Syat.g_00021
OG0000253	Syag	Prbg.g_00314	Syag.g_00333
OG0000253	Syak	Prbg.g_00314	Syak.g_02727
OG0000253	Syae	Prbg.g_00314	Syae.g_02459
OG0000253	Syaf	Prbg.g_00314	Syaf.g_02564
OG0000253	Syam	Prbg.g_00314	Syam.g_01718
OG0000253	Syai	Prbg.g_00314	Syai.g_00798
OG0000253	Syaa	Prbg.g_00314	Syaa.g_01893
OG0000253	Syac	Prbg.g_00314	Syac.g_01752
OG0000253	Syah	Prbg.g_00314	Syah.g_01149
OG0000253	Syad	Prbg.g_00314	Syad.g_01081
OG0000253	Syaj	Prbg.g_00314	Syaj.g_00245
OG0000253	Syab	Prbg.g_00314	Syab.g_01956
OG0000253	Syal	Prbg.g_00314	Syal.g_02755
OG0000253	Pral	Prbg.g_00314	Pral.g_00494
OG0000253	Prat	Prbg.g_00314	Prat.g_00557
OG0000253	Pram	Prbg.g_00314	Pram.g_00532
OG0000253	Prbh	Prbg.g_00314	Prbh.g_00235
OG0000253	Prak	Prbg.g_00314	Prak.g_00556
OG0000253	Prap	Prbg.g_00314	Prap.g_01173
OG0000253	Prbe	Prbg.g_00314	Prbe.g_00539
OG0000253	Prbf	Prbg.g_00314	Prbf.g_01877
OG0000253	Prbn	Prbg.g_00314	Prbn.g_00520
OG0000254	Prad	Prbg.g_00331	Prad.g_01400
OG0000254	Prao	Prbg.g_00331	Prao.g_00049
OG0000254	Prav	Prbg.g_00331	Prav.g_01207
OG0000254	Prab	Prbg.g_00331	Prab.g_00615
OG0000254	Pran	Prbg.g_00331	Pran.g_01567
OG0000254	Prai	Prbg.g_00331	Prai.g_00639
OG0000254	Prac	Prbg.g_00331	Prac.g_00760
OG0000254	Praq	Prbg.g_00331	Praq.g_00991
OG0000254	Prar	Prbg.g_00331	Prar.g_01441
OG0000254	Prae	Prbg.g_00331	Prae.g_00585
OG0000254	Pray	Prbg.g_00331	Pray.g_01152
OG0000254	Praz	Prbg.g_00331	Praz.g_01719
OG0000254	Prba	Prbg.g_00331	Prba.g_01706
OG0000254	Pras	Prbg.g_00331	Pras.g_01487
OG0000254	Prau	Prbg.g_00331	Prau.g_00649
OG0000254	Prbi	Prbg.g_00331	Prbi.g_00613
OG0000254	Prbd	Prbg.g_00331	Prbd.g_00633
OG0000254	Praa	Prbg.g_00331	Praa.g_00611
OG0000254	Prax	Prbg.g_00331	Prax.g_00070
OG0000254	Prag	Prbg.g_00331	Prag.g_00589
OG0000254	Praw	Prbg.g_00331	Praw.g_00147
OG0000254	Prbc	Prbg.g_00331	Prbc.g_01688
OG0000254	Prbm	Prbg.g_00331	Prbm.g_00642
OG0000254	Praj	Prbg.g_00331	Praj.g_00599
OG0000254	Prbb	Prbg.g_00331	Prbb.g_00612
OG0000254	Pral	Prbg.g_00331	Pral.g_00477
OG0000254	Prat	Prbg.g_00331	Prat.g_00574
OG0000254	Prbj	Prbg.g_00331	Prbj.g_01753
OG0000254	Prbk	Prbg.g_00331	Prbk.g_01158
OG0000254	Prbl	Prbg.g_00331	Prbl.g_01747
OG0000254	Praf	Prbg.g_00331	Praf.g_00768
OG0000254	Prah	Prbg.g_00331	Prah.g_01389
OG0000254	Syan	Prbg.g_00331	Syan.g_01026
OG0000254	Syao	Prbg.g_00331	Syao.g_01053
OG0000254	Syar	Prbg.g_00331	Syar.g_02169
OG0000254	Syap	Prbg.g_00331	Syap.g_01527, Syap.g_01528
OG0000254	Syat	Prbg.g_00331	Syat.g_03407
OG0000254	Syas	Prbg.g_00331	Syas.g_00869
OG0000254	Syaf	Prbg.g_00331	Syaf.g_02371
OG0000254	Syai	Prbg.g_00331	Syai.g_01045
OG0000254	Syam	Prbg.g_00331	Syam.g_01510
OG0000254	Syac	Prbg.g_00331	Syac.g_00939
OG0000254	Syah	Prbg.g_00331	Syah.g_01976
OG0000254	Syaa	Prbg.g_00331	Syaa.g_01684
OG0000254	Syae	Prbg.g_00331	Syae.g_00021
OG0000254	Syad	Prbg.g_00331	Syad.g_02203
OG0000254	Syaj	Prbg.g_00331	Syaj.g_01335
OG0000254	Syak	Prbg.g_00331	Syak.g_02752
OG0000254	Syab	Prbg.g_00331	Syab.g_01925
OG0000254	Syal	Prbg.g_00331	Syal.g_02732
OG0000254	Syag	Prbg.g_00331	Syag.g_00356
OG0000254	Syaq	Prbg.g_00331	Syaq.g_02016
OG0000254	Pram	Prbg.g_00331	Pram.g_00549
OG0000254	Prbh	Prbg.g_00331	Prbh.g_00218
OG0000254	Prak	Prbg.g_00331	Prak.g_00573
OG0000254	Prap	Prbg.g_00331	Prap.g_01156
OG0000254	Prbe	Prbg.g_00331	Prbe.g_00522
OG0000254	Prbf	Prbg.g_00331	Prbf.g_01894
OG0000254	Prbn	Prbg.g_00331	Prbn.g_00503
OG0000255	Prab	Prbg.g_00337	Prab.g_00621
OG0000255	Pran	Prbg.g_00337	Pran.g_01561
OG0000255	Prai	Prbg.g_00337	Prai.g_00645
OG0000255	Prag	Prbg.g_00337	Prag.g_00595
OG0000255	Praw	Prbg.g_00337	Praw.g_00153
OG0000255	Pras	Prbg.g_00337	Pras.g_01493
OG0000255	Prau	Prbg.g_00337	Prau.g_00655
OG0000255	Prav	Prbg.g_00337	Prav.g_01213
OG0000255	Prad	Prbg.g_00337	Prad.g_01406
OG0000255	Prao	Prbg.g_00337	Prao.g_00055
OG0000255	Prax	Prbg.g_00337	Prax.g_00076
OG0000255	Prbi	Prbg.g_00337	Prbi.g_00619
OG0000255	Prbd	Prbg.g_00337	Prbd.g_00627
OG0000255	Praa	Prbg.g_00337	Praa.g_00617
OG0000255	Prae	Prbg.g_00337	Prae.g_00591
OG0000255	Prac	Prbg.g_00337	Prac.g_00754
OG0000255	Praq	Prbg.g_00337	Praq.g_00985
OG0000255	Prar	Prbg.g_00337	Prar.g_01447
OG0000255	Pray	Prbg.g_00337	Pray.g_01146
OG0000255	Praz	Prbg.g_00337	Praz.g_01713
OG0000255	Prba	Prbg.g_00337	Prba.g_01700
OG0000255	Prbm	Prbg.g_00337	Prbm.g_00648
OG0000255	Prbc	Prbg.g_00337	Prbc.g_01694
OG0000255	Praj	Prbg.g_00337	Praj.g_00605
OG0000255	Prbb	Prbg.g_00337	Prbb.g_00618
OG0000255	Syan	Prbg.g_00337	Syan.g_00978
OG0000255	Syao	Prbg.g_00337	Syao.g_01009
OG0000255	Syat	Prbg.g_00337	Syat.g_02405
OG0000255	Syas	Prbg.g_00337	Syas.g_00132, Syas.g_01062
OG0000255	Syae	Prbg.g_00337	Syae.g_00041
OG0000255	Syai	Prbg.g_00337	Syai.g_01061
OG0000255	Syak	Prbg.g_00337	Syak.g_02772
OG0000255	Syac	Prbg.g_00337	Syac.g_00947
OG0000255	Syah	Prbg.g_00337	Syah.g_01968
OG0000255	Syar	Prbg.g_00337	Syar.g_00011, Syar.g_02224
OG0000255	Syam	Prbg.g_00337	Syam.g_01500
OG0000255	Syaf	Prbg.g_00337	Syaf.g_02352
OG0000255	Syaa	Prbg.g_00337	Syaa.g_01668
OG0000255	Syag	Prbg.g_00337	Syag.g_00369
OG0000255	Syab	Prbg.g_00337	Syab.g_01912
OG0000255	Syal	Prbg.g_00337	Syal.g_02719
OG0000255	Syad	Prbg.g_00337	Syad.g_02185
OG0000255	Syaj	Prbg.g_00337	Syaj.g_01315
OG0000255	Praf	Prbg.g_00337	Praf.g_01662
OG0000255	Prah	Prbg.g_00337	Prah.g_00530
OG0000255	Prbj	Prbg.g_00337	Prbj.g_02546
OG0000255	Prbk	Prbg.g_00337	Prbk.g_02604
OG0000255	Prbl	Prbg.g_00337	Prbl.g_01612
OG0000255	Syaq	Prbg.g_00337	Syaq.g_02041
OG0000255	Prat	Prbg.g_00337	Prat.g_00581
OG0000255	Pral	Prbg.g_00337	Pral.g_00470
OG0000255	Pram	Prbg.g_00337	Pram.g_00555
OG0000255	Prbh	Prbg.g_00337	Prbh.g_00212
OG0000255	Prak	Prbg.g_00337	Prak.g_00579
OG0000255	Prap	Prbg.g_00337	Prap.g_01150
OG0000255	Prbe	Prbg.g_00337	Prbe.g_00516
OG0000255	Prbf	Prbg.g_00337	Prbf.g_01900
OG0000255	Prbn	Prbg.g_00337	Prbn.g_00497
OG0000256	Prab	Prbg.g_00347	Prab.g_00632
OG0000256	Pran	Prbg.g_00347	Pran.g_01551
OG0000256	Prai	Prbg.g_00347	Prai.g_00656
OG0000256	Prac	Prbg.g_00347	Prac.g_00744
OG0000256	Praq	Prbg.g_00347	Praq.g_00975
OG0000256	Prar	Prbg.g_00347	Prar.g_01457
OG0000256	Prbd	Prbg.g_00347	Prbd.g_00617
OG0000256	Prbi	Prbg.g_00347	Prbi.g_00629
OG0000256	Praa	Prbg.g_00347	Praa.g_00627
OG0000256	Prao	Prbg.g_00347	Prao.g_00066
OG0000256	Pray	Prbg.g_00347	Pray.g_01136
OG0000256	Praz	Prbg.g_00347	Praz.g_01703
OG0000256	Prba	Prbg.g_00347	Prba.g_01690
OG0000256	Prag	Prbg.g_00347	Prag.g_00605
OG0000256	Praw	Prbg.g_00347	Praw.g_00163
OG0000256	Prav	Prbg.g_00347	Prav.g_01225
OG0000256	Prad	Prbg.g_00347	Prad.g_01416
OG0000256	Prae	Prbg.g_00347	Prae.g_00601
OG0000256	Pras	Prbg.g_00347	Pras.g_01503
OG0000256	Prau	Prbg.g_00347	Prau.g_00667
OG0000256	Prax	Prbg.g_00347	Prax.g_00086
OG0000256	Praj	Prbg.g_00347	Praj.g_00615
OG0000256	Prbm	Prbg.g_00347	Prbm.g_00658
OG0000256	Prbb	Prbg.g_00347	Prbb.g_00628
OG0000256	Prbc	Prbg.g_00347	Prbc.g_01704
OG0000256	Syat	Prbg.g_00347	Syat.g_03306
OG0000256	Syap	Prbg.g_00347	Syap.g_01287
OG0000256	Syas	Prbg.g_00347	Syas.g_00104
OG0000256	Syar	Prbg.g_00347	Syar.g_02244
OG0000256	Syao	Prbg.g_00347	Syao.g_01328
OG0000256	Syan	Prbg.g_00347	Syan.g_00001, Syan.g_01135
OG0000256	Syak	Prbg.g_00347	Syak.g_00020
OG0000256	Syab	Prbg.g_00347	Syab.g_01890
OG0000256	Syal	Prbg.g_00347	Syal.g_02705
OG0000256	Syag	Prbg.g_00347	Syag.g_00385
OG0000256	Syaq	Prbg.g_00347	Syaq.g_02068
OG0000256	Syaa	Prbg.g_00347	Syaa.g_01651
OG0000256	Syac	Prbg.g_00347	Syac.g_00963
OG0000256	Syah	Prbg.g_00347	Syah.g_01952
OG0000256	Syai	Prbg.g_00347	Syai.g_01077
OG0000256	Syaf	Prbg.g_00347	Syaf.g_02329
OG0000256	Syam	Prbg.g_00347	Syam.g_01484
OG0000256	Syae	Prbg.g_00347	Syae.g_00058
OG0000256	Syad	Prbg.g_00347	Syad.g_02167
OG0000256	Syaj	Prbg.g_00347	Syaj.g_01297
OG0000256	Prbj	Prbg.g_00347	Prbj.g_02560
OG0000256	Prbk	Prbg.g_00347	Prbk.g_02618
OG0000256	Prbl	Prbg.g_00347	Prbl.g_01626
OG0000256	Praf	Prbg.g_00347	Praf.g_01676
OG0000256	Prah	Prbg.g_00347	Prah.g_00516
OG0000256	Pral	Prbg.g_00347	Pral.g_00460
OG0000256	Prat	Prbg.g_00347	Prat.g_00591
OG0000256	Pram	Prbg.g_00347	Pram.g_00566
OG0000256	Prbh	Prbg.g_00347	Prbh.g_01455
OG0000256	Prak	Prbg.g_00347	Prak.g_00589
OG0000256	Prap	Prbg.g_00347	Prap.g_01140
OG0000256	Prbe	Prbg.g_00347	Prbe.g_00506
OG0000256	Prbf	Prbg.g_00347	Prbf.g_01910
OG0000256	Prbn	Prbg.g_00347	Prbn.g_00487
OG0000257	Prac	Prbg.g_01427	Prac.g_00741
OG0000257	Praq	Prbg.g_01427	Praq.g_00972
OG0000257	Prar	Prbg.g_01427	Prar.g_01460
OG0000257	Prag	Prbg.g_01427	Prag.g_00608
OG0000257	Praw	Prbg.g_01427	Praw.g_00166
OG0000257	Prav	Prbg.g_01427	Prav.g_01228
OG0000257	Prad	Prbg.g_01427	Prad.g_01419
OG0000257	Prao	Prbg.g_01427	Prao.g_00069
OG0000257	Pray	Prbg.g_01427	Pray.g_01133
OG0000257	Praz	Prbg.g_01427	Praz.g_01700
OG0000257	Prba	Prbg.g_01427	Prba.g_01687
OG0000257	Pras	Prbg.g_01427	Pras.g_01506
OG0000257	Prau	Prbg.g_01427	Prau.g_00670
OG0000257	Praa	Prbg.g_01427	Praa.g_00630
OG0000257	Prbd	Prbg.g_01427	Prbd.g_00614
OG0000257	Prae	Prbg.g_01427	Prae.g_00604
OG0000257	Prbi	Prbg.g_01427	Prbi.g_00632
OG0000257	Prax	Prbg.g_01427	Prax.g_00089
OG0000257	Prab	Prbg.g_01427	Prab.g_00635
OG0000257	Pran	Prbg.g_01427	Pran.g_01548
OG0000257	Prai	Prbg.g_01427	Prai.g_00659
OG0000257	Prbm	Prbg.g_01427	Prbm.g_00661
OG0000257	Praj	Prbg.g_01427	Praj.g_00618
OG0000257	Prbb	Prbg.g_01427	Prbb.g_00631
OG0000257	Prbc	Prbg.g_01427	Prbc.g_01707
OG0000257	Prbj	Prbg.g_01427	Prbj.g_02566
OG0000257	Prbk	Prbg.g_01427	Prbk.g_02624
OG0000257	Prbl	Prbg.g_01427	Prbl.g_01632
OG0000257	Praf	Prbg.g_01427	Praf.g_01685
OG0000257	Prah	Prbg.g_01427	Prah.g_00509
OG0000257	Syab	Prbg.g_01427	Syab.g_01885
OG0000257	Syal	Prbg.g_01427	Syal.g_02697
OG0000257	Syaq	Prbg.g_01427	Syaq.g_02073
OG0000257	Syag	Prbg.g_01427	Syag.g_00395
OG0000257	Syak	Prbg.g_01427	Syak.g_00026
OG0000257	Syae	Prbg.g_01427	Syae.g_00064
OG0000257	Syad	Prbg.g_01427	Syad.g_02161
OG0000257	Syaj	Prbg.g_01427	Syaj.g_01292
OG0000257	Syac	Prbg.g_01427	Syac.g_00969
OG0000257	Syah	Prbg.g_01427	Syah.g_01945
OG0000257	Syaa	Prbg.g_01427	Syaa.g_01645
OG0000257	Syaf	Prbg.g_01427	Syaf.g_02323
OG0000257	Syai	Prbg.g_01427	Syai.g_01084
OG0000257	Syam	Prbg.g_01427	Syam.g_01478
OG0000257	Syat	Prbg.g_01427	Syat.g_00109
OG0000257	Syar	Prbg.g_01427	Syar.g_02407, Syar.g_01762
OG0000257	Syas	Prbg.g_01427	Syas.g_00757
OG0000257	Syap	Prbg.g_01427	Syap.g_00886
OG0000257	Syan	Prbg.g_01427	Syan.g_00827
OG0000257	Syao	Prbg.g_01427	Syao.g_00884
OG0000257	Pral	Prbg.g_01427	Pral.g_01430
OG0000257	Prat	Prbg.g_01427	Prat.g_01097
OG0000257	Pram	Prbg.g_01427	Pram.g_01080
OG0000257	Prbh	Prbg.g_01427	Prbh.g_01223
OG0000257	Prak	Prbg.g_01427	Prak.g_01113
OG0000257	Prap	Prbg.g_01427	Prap.g_00397
OG0000257	Prbe	Prbg.g_01427	Prbe.g_01490
OG0000257	Prbf	Prbg.g_01427	Prbf.g_00977
OG0000257	Prbn	Prbg.g_01427	Prbn.g_00421
OG0000258	Prab	Prbg.g_01413	Prab.g_00648
OG0000258	Pran	Prbg.g_01413	Pran.g_01535
OG0000258	Prai	Prbg.g_01413	Prai.g_00672
OG0000258	Prag	Prbg.g_01413	Prag.g_00621
OG0000258	Praw	Prbg.g_01413	Praw.g_01879
OG0000258	Prav	Prbg.g_01413	Prav.g_01241
OG0000258	Prac	Prbg.g_01413	Prac.g_00728
OG0000258	Praq	Prbg.g_01413	Praq.g_00959
OG0000258	Prar	Prbg.g_01413	Prar.g_01473
OG0000258	Prad	Prbg.g_01413	Prad.g_01432
OG0000258	Pras	Prbg.g_01413	Pras.g_01519
OG0000258	Prau	Prbg.g_01413	Prau.g_00683
OG0000258	Pray	Prbg.g_01413	Pray.g_01120
OG0000258	Praz	Prbg.g_01413	Praz.g_01687
OG0000258	Prba	Prbg.g_01413	Prba.g_01674
OG0000258	Prbi	Prbg.g_01413	Prbi.g_00646
OG0000258	Prae	Prbg.g_01413	Prae.g_00617
OG0000258	Prax	Prbg.g_01413	Prax.g_00102
OG0000258	Praa	Prbg.g_01413	Praa.g_00643
OG0000258	Prao	Prbg.g_01413	Prao.g_00082
OG0000258	Prbd	Prbg.g_01413	Prbd.g_00601
OG0000258	Prbc	Prbg.g_01413	Prbc.g_01720
OG0000258	Prbm	Prbg.g_01413	Prbm.g_00674
OG0000258	Prbb	Prbg.g_01413	Prbb.g_00644
OG0000258	Praj	Prbg.g_01413	Praj.g_00631
OG0000258	Prbj	Prbg.g_01413	Prbj.g_02589
OG0000258	Prbk	Prbg.g_01413	Prbk.g_02647
OG0000258	Prbl	Prbg.g_01413	Prbl.g_01655
OG0000258	Praf	Prbg.g_01413	Praf.g_01708
OG0000258	Prah	Prbg.g_01413	Prah.g_00486
OG0000258	Syad	Prbg.g_01413	Syad.g_02143
OG0000258	Syaj	Prbg.g_01413	Syaj.g_01274
OG0000258	Syae	Prbg.g_01413	Syae.g_00083
OG0000258	Syan	Prbg.g_01413	Syan.g_00803
OG0000258	Syao	Prbg.g_01413	Syao.g_00907
OG0000258	Syat	Prbg.g_01413	Syat.g_00382
OG0000258	Syar	Prbg.g_01413	Syar.g_02427, Syar.g_00010
OG0000258	Syap	Prbg.g_01413	Syap.g_00907
OG0000258	Syas	Prbg.g_01413	Syas.g_00733
OG0000258	Syaa	Prbg.g_01413	Syaa.g_01624
OG0000258	Syaf	Prbg.g_01413	Syaf.g_02301
OG0000258	Syai	Prbg.g_01413	Syai.g_01113
OG0000258	Syam	Prbg.g_01413	Syam.g_01459
OG0000258	Syac	Prbg.g_01413	Syac.g_00988
OG0000258	Syah	Prbg.g_01413	Syah.g_01926
OG0000258	Syaq	Prbg.g_01413	Syaq.g_02095
OG0000258	Syag	Prbg.g_01413	Syag.g_00423
OG0000258	Syak	Prbg.g_01413	Syak.g_00044
OG0000258	Syab	Prbg.g_01413	Syab.g_01861
OG0000258	Syal	Prbg.g_01413	Syal.g_02623
OG0000258	Pral	Prbg.g_01413	Pral.g_01444
OG0000258	Prat	Prbg.g_01413	Prat.g_01081
OG0000258	Pram	Prbg.g_01413	Pram.g_01067
OG0000258	Prbh	Prbg.g_01413	Prbh.g_01210
OG0000258	Prak	Prbg.g_01413	Prak.g_01099
OG0000258	Prap	Prbg.g_01413	Prap.g_00383
OG0000258	Prbe	Prbg.g_01413	Prbe.g_01476
OG0000258	Prbf	Prbg.g_01413	Prbf.g_00991
OG0000258	Prbn	Prbg.g_01413	Prbn.g_00435
OG0000259	Prab	Prbg.g_01396	Prab.g_00665
OG0000259	Pran	Prbg.g_01396	Pran.g_01518
OG0000259	Prai	Prbg.g_01396	Prai.g_00689
OG0000259	Prac	Prbg.g_01396	Prac.g_00711
OG0000259	Praq	Prbg.g_01396	Praq.g_00789
OG0000259	Prar	Prbg.g_01396	Prar.g_01490
OG0000259	Prav	Prbg.g_01396	Prav.g_01258
OG0000259	Prag	Prbg.g_01396	Prag.g_00638
OG0000259	Praw	Prbg.g_01396	Praw.g_01862
OG0000259	Prax	Prbg.g_01396	Prax.g_00119
OG0000259	Prao	Prbg.g_01396	Prao.g_00099
OG0000259	Prbi	Prbg.g_01396	Prbi.g_00663
OG0000259	Prbd	Prbg.g_01396	Prbd.g_00584
OG0000259	Praa	Prbg.g_01396	Praa.g_00660
OG0000259	Prad	Prbg.g_01396	Prad.g_01234
OG0000259	Pras	Prbg.g_01396	Pras.g_01536
OG0000259	Prau	Prbg.g_01396	Prau.g_00700
OG0000259	Prae	Prbg.g_01396	Prae.g_00634
OG0000259	Pray	Prbg.g_01396	Pray.g_01103
OG0000259	Praz	Prbg.g_01396	Praz.g_01670
OG0000259	Prba	Prbg.g_01396	Prba.g_01657
OG0000259	Prbm	Prbg.g_01396	Prbm.g_00691
OG0000259	Prbc	Prbg.g_01396	Prbc.g_01737
OG0000259	Praj	Prbg.g_01396	Praj.g_00648
OG0000259	Prbb	Prbg.g_01396	Prbb.g_00661
OG0000259	Syas	Prbg.g_01396	Syas.g_01006, Syas.g_00708
OG0000259	Syag	Prbg.g_01396	Syag.g_00560
OG0000259	Syab	Prbg.g_01396	Syab.g_01538
OG0000259	Syal	Prbg.g_01396	Syal.g_02182
OG0000259	Syak	Prbg.g_01396	Syak.g_00334
OG0000259	Syaq	Prbg.g_01396	Syaq.g_02239
OG0000259	Prbj	Prbg.g_01396	Prbj.g_00812
OG0000259	Prbk	Prbg.g_01396	Prbk.g_00720
OG0000259	Prbl	Prbg.g_01396	Prbl.g_01406
OG0000259	Praf	Prbg.g_01396	Praf.g_01736
OG0000259	Prah	Prbg.g_01396	Prah.g_00457
OG0000259	Syae	Prbg.g_01396	Syae.g_00608
OG0000259	Syad	Prbg.g_01396	Syad.g_01576
OG0000259	Syaj	Prbg.g_01396	Syaj.g_00707
OG0000259	Syaa	Prbg.g_01396	Syaa.g_01063
OG0000259	Syac	Prbg.g_01396	Syac.g_01425
OG0000259	Syah	Prbg.g_01396	Syah.g_01494
OG0000259	Syaf	Prbg.g_01396	Syaf.g_02137
OG0000259	Syai	Prbg.g_01396	Syai.g_01229
OG0000259	Syam	Prbg.g_01396	Syam.g_01378
OG0000259	Syar	Prbg.g_01396	Syar.g_02472
OG0000259	Syat	Prbg.g_01396	Syat.g_00342
OG0000259	Syan	Prbg.g_01396	Syan.g_00772
OG0000259	Syao	Prbg.g_01396	Syao.g_00933, Syao.g_00932
OG0000259	Pral	Prbg.g_01396	Pral.g_01461
OG0000259	Prat	Prbg.g_01396	Prat.g_01064
OG0000259	Pram	Prbg.g_01396	Pram.g_01050
OG0000259	Prbh	Prbg.g_01396	Prbh.g_01193
OG0000259	Prak	Prbg.g_01396	Prak.g_01082
OG0000259	Prap	Prbg.g_01396	Prap.g_00366
OG0000259	Prbe	Prbg.g_01396	Prbe.g_01459
OG0000259	Prbf	Prbg.g_01396	Prbf.g_01008
OG0000259	Prbn	Prbg.g_01396	Prbn.g_00835
OG0000260	Prab	Prbg.g_01393	Prab.g_00668
OG0000260	Pran	Prbg.g_01393	Pran.g_01515
OG0000260	Prai	Prbg.g_01393	Prai.g_00692
OG0000260	Prag	Prbg.g_01393	Prag.g_00641
OG0000260	Praw	Prbg.g_01393	Praw.g_01859
OG0000260	Prax	Prbg.g_01393	Prax.g_00122
OG0000260	Prav	Prbg.g_01393	Prav.g_01261
OG0000260	Pray	Prbg.g_01393	Pray.g_01100
OG0000260	Praz	Prbg.g_01393	Praz.g_01667
OG0000260	Prba	Prbg.g_01393	Prba.g_01654
OG0000260	Prad	Prbg.g_01393	Prad.g_01237
OG0000260	Prbi	Prbg.g_01393	Prbi.g_00666
OG0000260	Pras	Prbg.g_01393	Pras.g_01539
OG0000260	Prau	Prbg.g_01393	Prau.g_00703
OG0000260	Praa	Prbg.g_01393	Praa.g_00663
OG0000260	Prbd	Prbg.g_01393	Prbd.g_00581
OG0000260	Prae	Prbg.g_01393	Prae.g_00637
OG0000260	Prao	Prbg.g_01393	Prao.g_00102
OG0000260	Prac	Prbg.g_01393	Prac.g_00708
OG0000260	Praq	Prbg.g_01393	Praq.g_00792
OG0000260	Prar	Prbg.g_01393	Prar.g_01493
OG0000260	Praj	Prbg.g_01393	Praj.g_00651
OG0000260	Prbm	Prbg.g_01393	Prbm.g_00694
OG0000260	Prbb	Prbg.g_01393	Prbb.g_00665
OG0000260	Prbc	Prbg.g_01393	Prbc.g_01740
OG0000260	Prbj	Prbg.g_01393	Prbj.g_00816
OG0000260	Prbk	Prbg.g_01393	Prbk.g_00717
OG0000260	Prbl	Prbg.g_01393	Prbl.g_01403
OG0000260	Praf	Prbg.g_01393	Praf.g_01739
OG0000260	Prah	Prbg.g_01393	Prah.g_00454
OG0000260	Syat	Prbg.g_01393	Syat.g_00392
OG0000260	Syan	Prbg.g_01393	Syan.g_00769
OG0000260	Syao	Prbg.g_01393	Syao.g_00936
OG0000260	Syap	Prbg.g_01393	Syap.g_01970
OG0000260	Syas	Prbg.g_01393	Syas.g_00705
OG0000260	Syaq	Prbg.g_01393	Syaq.g_02242
OG0000260	Syag	Prbg.g_01393	Syag.g_00570
OG0000260	Syak	Prbg.g_01393	Syak.g_00338
OG0000260	Syaf	Prbg.g_01393	Syaf.g_02134
OG0000260	Syai	Prbg.g_01393	Syai.g_01232
OG0000260	Syam	Prbg.g_01393	Syam.g_01375
OG0000260	Syad	Prbg.g_01393	Syad.g_01587
OG0000260	Syaj	Prbg.g_01393	Syaj.g_00712
OG0000260	Syaa	Prbg.g_01393	Syaa.g_01066
OG0000260	Syae	Prbg.g_01393	Syae.g_00603
OG0000260	Syac	Prbg.g_01393	Syac.g_01422
OG0000260	Syah	Prbg.g_01393	Syah.g_01497
OG0000260	Syar	Prbg.g_01393	Syar.g_03220, Syar.g_02475
OG0000260	Syab	Prbg.g_01393	Syab.g_01544
OG0000260	Syal	Prbg.g_01393	Syal.g_02188
OG0000260	Pral	Prbg.g_01393	Pral.g_01464
OG0000260	Prat	Prbg.g_01393	Prat.g_01061
OG0000260	Pram	Prbg.g_01393	Pram.g_01047
OG0000260	Prbh	Prbg.g_01393	Prbh.g_01190
OG0000260	Prak	Prbg.g_01393	Prak.g_01079
OG0000260	Prap	Prbg.g_01393	Prap.g_00363
OG0000260	Prbe	Prbg.g_01393	Prbe.g_01456
OG0000260	Prbf	Prbg.g_01393	Prbf.g_01011
OG0000260	Prbn	Prbg.g_01393	Prbn.g_00838
OG0000261	Prab	Prbg.g_01390	Prab.g_00670
OG0000261	Pran	Prbg.g_01390	Pran.g_01513
OG0000261	Prai	Prbg.g_01390	Prai.g_00694
OG0000261	Prac	Prbg.g_01390	Prac.g_00706
OG0000261	Praq	Prbg.g_01390	Praq.g_00794
OG0000261	Prar	Prbg.g_01390	Prar.g_01495
OG0000261	Prao	Prbg.g_01390	Prao.g_00104
OG0000261	Prav	Prbg.g_01390	Prav.g_01263
OG0000261	Prag	Prbg.g_01390	Prag.g_00643
OG0000261	Praw	Prbg.g_01390	Praw.g_01857
OG0000261	Pras	Prbg.g_01390	Pras.g_01541
OG0000261	Prau	Prbg.g_01390	Prau.g_00705
OG0000261	Prae	Prbg.g_01390	Prae.g_00639
OG0000261	Prbi	Prbg.g_01390	Prbi.g_00668
OG0000261	Prad	Prbg.g_01390	Prad.g_01239
OG0000261	Prax	Prbg.g_01390	Prax.g_00977
OG0000261	Praa	Prbg.g_01390	Praa.g_00665
OG0000261	Pray	Prbg.g_01390	Pray.g_01098
OG0000261	Praz	Prbg.g_01390	Praz.g_01665
OG0000261	Prba	Prbg.g_01390	Prba.g_01652
OG0000261	Prbd	Prbg.g_01390	Prbd.g_00579
OG0000261	Prbm	Prbg.g_01390	Prbm.g_00697
OG0000261	Praj	Prbg.g_01390	Praj.g_00654
OG0000261	Prbb	Prbg.g_01390	Prbb.g_00668
OG0000261	Prbc	Prbg.g_01390	Prbc.g_01743
OG0000261	Prbj	Prbg.g_01390	Prbj.g_00819
OG0000261	Prbk	Prbg.g_01390	Prbk.g_00714
OG0000261	Prbl	Prbg.g_01390	Prbl.g_01400
OG0000261	Praf	Prbg.g_01390	Praf.g_01742
OG0000261	Prah	Prbg.g_01390	Prah.g_00451
OG0000261	Syae	Prbg.g_01390	Syae.g_00600
OG0000261	Syad	Prbg.g_01390	Syad.g_01590
OG0000261	Syaj	Prbg.g_01390	Syaj.g_00715
OG0000261	Syac	Prbg.g_01390	Syac.g_01418
OG0000261	Syah	Prbg.g_01390	Syah.g_01500
OG0000261	Syaf	Prbg.g_01390	Syaf.g_02131
OG0000261	Syai	Prbg.g_01390	Syai.g_01235
OG0000261	Syam	Prbg.g_01390	Syam.g_01372
OG0000261	Syaa	Prbg.g_01390	Syaa.g_01069
OG0000261	Syag	Prbg.g_01390	Syag.g_00581
OG0000261	Syat	Prbg.g_01390	Syat.g_00400
OG0000261	Syan	Prbg.g_01390	Syan.g_00765
OG0000261	Syao	Prbg.g_01390	Syao.g_00941
OG0000261	Syas	Prbg.g_01390	Syas.g_00701
OG0000261	Syap	Prbg.g_01390	Syap.g_01962, Syap.g_01961
OG0000261	Syar	Prbg.g_01390	Syar.g_01916
OG0000261	Syaq	Prbg.g_01390	Syaq.g_02245
OG0000261	Syak	Prbg.g_01390	Syak.g_00348
OG0000261	Syab	Prbg.g_01390	Syab.g_01556
OG0000261	Syal	Prbg.g_01390	Syal.g_02199
OG0000261	Pral	Prbg.g_01390	Pral.g_01467
OG0000261	Prat	Prbg.g_01390	Prat.g_01058
OG0000261	Pram	Prbg.g_01390	Pram.g_01044
OG0000261	Prbh	Prbg.g_01390	Prbh.g_01187
OG0000261	Prak	Prbg.g_01390	Prak.g_01076
OG0000261	Prap	Prbg.g_01390	Prap.g_00360
OG0000261	Prbe	Prbg.g_01390	Prbe.g_01453
OG0000261	Prbf	Prbg.g_01390	Prbf.g_01014
OG0000261	Prbn	Prbg.g_01390	Prbn.g_00841
OG0000262	Prac	Prbg.g_01386	Prac.g_00702
OG0000262	Praq	Prbg.g_01386	Praq.g_00798
OG0000262	Prar	Prbg.g_01386	Prar.g_01499
OG0000262	Pras	Prbg.g_01386	Pras.g_00327, Pras.g_01545
OG0000262	Pray	Prbg.g_01386	Pray.g_01094
OG0000262	Praz	Prbg.g_01386	Praz.g_01661
OG0000262	Prba	Prbg.g_01386	Prba.g_01648
OG0000262	Prad	Prbg.g_01386	Prad.g_01243
OG0000262	Prae	Prbg.g_01386	Prae.g_00643
OG0000262	Praa	Prbg.g_01386	Praa.g_00669
OG0000262	Prau	Prbg.g_01386	Prau.g_00709
OG0000262	Prax	Prbg.g_01386	Prax.g_00973
OG0000262	Prbd	Prbg.g_01386	Prbd.g_00575
OG0000262	Prag	Prbg.g_01386	Prag.g_00647
OG0000262	Praw	Prbg.g_01386	Praw.g_01853
OG0000262	Prbi	Prbg.g_01386	Prbi.g_00672
OG0000262	Prav	Prbg.g_01386	Prav.g_01267
OG0000262	Prao	Prbg.g_01386	Prao.g_00108
OG0000262	Prab	Prbg.g_01386	Prab.g_00674
OG0000262	Pran	Prbg.g_01386	Pran.g_01509
OG0000262	Prai	Prbg.g_01386	Prai.g_00698
OG0000262	Prbm	Prbg.g_01386	Prbm.g_00702
OG0000262	Prbc	Prbg.g_01386	Prbc.g_01748
OG0000262	Praj	Prbg.g_01386	Praj.g_00659
OG0000262	Prbb	Prbg.g_01386	Prbb.g_00673
OG0000262	Prah	Prbg.g_01386	Prah.g_00445
OG0000262	Prbj	Prbg.g_01386	Prbj.g_00824
OG0000262	Prbk	Prbg.g_01386	Prbk.g_00709
OG0000262	Prbl	Prbg.g_01386	Prbl.g_01395
OG0000262	Praf	Prbg.g_01386	Praf.g_01748
OG0000262	Syar	Prbg.g_01386	Syar.g_01690
OG0000262	Syat	Prbg.g_01386	Syat.g_00407
OG0000262	Syas	Prbg.g_01386	Syas.g_00695
OG0000262	Syap	Prbg.g_01386	Syap.g_01954
OG0000262	Syan	Prbg.g_01386	Syan.g_00760
OG0000262	Syao	Prbg.g_01386	Syao.g_00946
OG0000262	Syaq	Prbg.g_01386	Syaq.g_02250
OG0000262	Syag	Prbg.g_01386	Syag.g_00586
OG0000262	Syam	Prbg.g_01386	Syam.g_01367
OG0000262	Syaf	Prbg.g_01386	Syaf.g_02126
OG0000262	Syai	Prbg.g_01386	Syai.g_01240
OG0000262	Syaa	Prbg.g_01386	Syaa.g_01074
OG0000262	Syae	Prbg.g_01386	Syae.g_00595
OG0000262	Syak	Prbg.g_01386	Syak.g_00353
OG0000262	Syab	Prbg.g_01386	Syab.g_01561
OG0000262	Syal	Prbg.g_01386	Syal.g_02204
OG0000262	Syac	Prbg.g_01386	Syac.g_01413
OG0000262	Syah	Prbg.g_01386	Syah.g_01505
OG0000262	Syad	Prbg.g_01386	Syad.g_01595
OG0000262	Syaj	Prbg.g_01386	Syaj.g_00720
OG0000262	Pral	Prbg.g_01386	Pral.g_01471
OG0000262	Prat	Prbg.g_01386	Prat.g_01054
OG0000262	Pram	Prbg.g_01386	Pram.g_01039
OG0000262	Prbh	Prbg.g_01386	Prbh.g_01182
OG0000262	Prak	Prbg.g_01386	Prak.g_01072
OG0000262	Prap	Prbg.g_01386	Prap.g_00356
OG0000262	Prbe	Prbg.g_01386	Prbe.g_01449
OG0000262	Prbf	Prbg.g_01386	Prbf.g_01018
OG0000262	Prbn	Prbg.g_01386	Prbn.g_00845
OG0000263	Prbd	Prbg.g_01122	Prbd.g_00563
OG0000263	Praa	Prbg.g_01122	Praa.g_00681
OG0000263	Pray	Prbg.g_01122	Pray.g_01082
OG0000263	Praz	Prbg.g_01122	Praz.g_01649
OG0000263	Prba	Prbg.g_01122	Prba.g_01636
OG0000263	Prad	Prbg.g_01122	Prad.g_01255
OG0000263	Pras	Prbg.g_01122	Pras.g_01557
OG0000263	Prau	Prbg.g_01122	Prau.g_00721
OG0000263	Prae	Prbg.g_01122	Prae.g_00655
OG0000263	Prax	Prbg.g_01122	Prax.g_00961
OG0000263	Prao	Prbg.g_01122	Prao.g_00119
OG0000263	Prbi	Prbg.g_01122	Prbi.g_00684
OG0000263	Prac	Prbg.g_01122	Prac.g_00690
OG0000263	Praq	Prbg.g_01122	Praq.g_00810
OG0000263	Prar	Prbg.g_01122	Prar.g_01511
OG0000263	Prag	Prbg.g_01122	Prag.g_00659
OG0000263	Praw	Prbg.g_01122	Praw.g_01841
OG0000263	Prav	Prbg.g_01122	Prav.g_01279
OG0000263	Prai	Prbg.g_01122	Prai.g_00710
OG0000263	Prab	Prbg.g_01122	Prab.g_00686
OG0000263	Pran	Prbg.g_01122	Pran.g_01497
OG0000263	Pral	Prbg.g_01122	Pral.g_01761
OG0000263	Prat	Prbg.g_01122	Prat.g_00754
OG0000263	Prbm	Prbg.g_01122	Prbm.g_00716
OG0000263	Prbc	Prbg.g_01122	Prbc.g_01762
OG0000263	Praj	Prbg.g_01122	Praj.g_00673
OG0000263	Prbb	Prbg.g_01122	Prbb.g_00686
OG0000263	Pram	Prbg.g_01122	Pram.g_00771
OG0000263	Prbh	Prbg.g_01122	Prbh.g_00915
OG0000263	Prbj	Prbg.g_01122	Prbj.g_00248
OG0000263	Prbk	Prbg.g_01122	Prbk.g_00672
OG0000263	Prbl	Prbg.g_01122	Prbl.g_01242
OG0000263	Praf	Prbg.g_01122	Praf.g_02570
OG0000263	Prah	Prbg.g_01122	Prah.g_02413
OG0000263	Syao	Prbg.g_01122	Syao.g_00247
OG0000263	Syas	Prbg.g_01122	Syas.g_01103
OG0000263	Syar	Prbg.g_01122	Syar.g_01991
OG0000263	Syat	Prbg.g_01122	Syat.g_00200
OG0000263	Syaq	Prbg.g_01122	Syaq.g_00185
OG0000263	Syan	Prbg.g_01122	Syan.g_02618
OG0000263	Syap	Prbg.g_01122	Syap.g_00432, Syap.g_00433
OG0000263	Syag	Prbg.g_01122	Syag.g_01079
OG0000263	Syak	Prbg.g_01122	Syak.g_00828
OG0000263	Syam	Prbg.g_01122	Syam.g_00885
OG0000263	Syai	Prbg.g_01122	Syai.g_01776
OG0000263	Syaf	Prbg.g_01122	Syaf.g_01585
OG0000263	Syab	Prbg.g_01122	Syab.g_01035
OG0000263	Syal	Prbg.g_01122	Syal.g_01720
OG0000263	Syac	Prbg.g_01122	Syac.g_01497
OG0000263	Syah	Prbg.g_01122	Syah.g_01410
OG0000263	Syaa	Prbg.g_01122	Syaa.g_00989
OG0000263	Syae	Prbg.g_01122	Syae.g_00671
OG0000263	Syad	Prbg.g_01122	Syad.g_01475
OG0000263	Syaj	Prbg.g_01122	Syaj.g_00605
OG0000263	Prak	Prbg.g_01122	Prak.g_00808
OG0000263	Prap	Prbg.g_01122	Prap.g_00820
OG0000263	Prbe	Prbg.g_01122	Prbe.g_00455
OG0000263	Prbf	Prbg.g_01122	Prbf.g_01282
OG0000263	Prbn	Prbg.g_01122	Prbn.g_01583
OG0000264	Prai	Prbg.g_01133	Prai.g_00720
OG0000264	Prab	Prbg.g_01133	Prab.g_00696
OG0000264	Pran	Prbg.g_01133	Pran.g_01487
OG0000264	Pras	Prbg.g_01133	Pras.g_01567
OG0000264	Prau	Prbg.g_01133	Prau.g_00731
OG0000264	Prad	Prbg.g_01133	Prad.g_01265
OG0000264	Prbd	Prbg.g_01133	Prbd.g_00553
OG0000264	Prav	Prbg.g_01133	Prav.g_01289
OG0000264	Pray	Prbg.g_01133	Pray.g_01072
OG0000264	Praz	Prbg.g_01133	Praz.g_01639
OG0000264	Prba	Prbg.g_01133	Prba.g_01626
OG0000264	Prax	Prbg.g_01133	Prax.g_00951
OG0000264	Praa	Prbg.g_01133	Praa.g_00691
OG0000264	Prae	Prbg.g_01133	Prae.g_00665
OG0000264	Prao	Prbg.g_01133	Prao.g_00129
OG0000264	Prbi	Prbg.g_01133	Prbi.g_00694
OG0000264	Prag	Prbg.g_01133	Prag.g_00669
OG0000264	Praw	Prbg.g_01133	Praw.g_01831
OG0000264	Prac	Prbg.g_01133	Prac.g_00680
OG0000264	Praq	Prbg.g_01133	Praq.g_00820
OG0000264	Prar	Prbg.g_01133	Prar.g_01521
OG0000264	Prbm	Prbg.g_01133	Prbm.g_00728
OG0000264	Praj	Prbg.g_01133	Praj.g_00684
OG0000264	Prbc	Prbg.g_01133	Prbc.g_01773
OG0000264	Prbb	Prbg.g_01133	Prbb.g_00697, Prbb.g_00698
OG0000264	Prbj	Prbg.g_01133	Prbj.g_00933
OG0000264	Prbk	Prbg.g_01133	Prbk.g_01815
OG0000264	Prbl	Prbg.g_01133	Prbl.g_01859
OG0000264	Prah	Prbg.g_01133	Prah.g_00974
OG0000264	Praf	Prbg.g_01133	Praf.g_01218, Praf.g_01219
OG0000264	Syar	Prbg.g_01133	Syar.g_02135, Syar.g_03267
OG0000264	Syas	Prbg.g_01133	Syas.g_02588
OG0000264	Syad	Prbg.g_01133	Syad.g_01360
OG0000264	Syaj	Prbg.g_01133	Syaj.g_00485
OG0000264	Syaa	Prbg.g_01133	Syaa.g_00910
OG0000264	Syac	Prbg.g_01133	Syac.g_00915
OG0000264	Syah	Prbg.g_01133	Syah.g_02000
OG0000264	Syaf	Prbg.g_01133	Syaf.g_01473
OG0000264	Syai	Prbg.g_01133	Syai.g_01962
OG0000264	Syam	Prbg.g_01133	Syam.g_00805
OG0000264	Syae	Prbg.g_01133	Syae.g_00761
OG0000264	Syag	Prbg.g_01133	Syag.g_01011
OG0000264	Syab	Prbg.g_01133	Syab.g_01173
OG0000264	Syal	Prbg.g_01133	Syal.g_01788
OG0000264	Syak	Prbg.g_01133	Syak.g_00698
OG0000264	Syaq	Prbg.g_01133	Syaq.g_02582
OG0000264	Syan	Prbg.g_01133	Syan.g_00540
OG0000264	Syao	Prbg.g_01133	Syao.g_00699
OG0000264	Pral	Prbg.g_01133	Pral.g_01750
OG0000264	Prat	Prbg.g_01133	Prat.g_00765
OG0000264	Pram	Prbg.g_01133	Pram.g_00782
OG0000264	Prbh	Prbg.g_01133	Prbh.g_00926
OG0000264	Prak	Prbg.g_01133	Prak.g_00819
OG0000264	Prap	Prbg.g_01133	Prap.g_00809
OG0000264	Prbe	Prbg.g_01133	Prbe.g_00466
OG0000264	Prbf	Prbg.g_01133	Prbf.g_01271
OG0000264	Prbn	Prbg.g_01133	Prbn.g_01572
OG0000265	Prab	Prbg.g_01151	Prab.g_00723
OG0000265	Pran	Prbg.g_01151	Pran.g_01460
OG0000265	Prai	Prbg.g_01151	Prai.g_00748
OG0000265	Prad	Prbg.g_01151	Prad.g_01049
OG0000265	Prac	Prbg.g_01151	Prac.g_01560
OG0000265	Praq	Prbg.g_01151	Praq.g_00583
OG0000265	Prar	Prbg.g_01151	Prar.g_01599
OG0000265	Prao	Prbg.g_01151	Prao.g_00648
OG0000265	Prbi	Prbg.g_01151	Prbi.g_00745
OG0000265	Prbd	Prbg.g_01151	Prbd.g_00007
OG0000265	Praa	Prbg.g_01151	Praa.g_00711
OG0000265	Prae	Prbg.g_01151	Prae.g_00711
OG0000265	Prax	Prbg.g_01151	Prax.g_00485
OG0000265	Prav	Prbg.g_01151	Prav.g_00306
OG0000265	Prag	Prbg.g_01151	Prag.g_00692
OG0000265	Praw	Prbg.g_01151	Praw.g_01809
OG0000265	Pray	Prbg.g_01151	Pray.g_01040
OG0000265	Praz	Prbg.g_01151	Praz.g_01607
OG0000265	Prba	Prbg.g_01151	Prba.g_01594
OG0000265	Pras	Prbg.g_01151	Pras.g_01606
OG0000265	Prau	Prbg.g_01151	Prau.g_00755
OG0000265	Prbm	Prbg.g_01151	Prbm.g_00742
OG0000265	Prbb	Prbg.g_01151	Prbb.g_00713
OG0000265	Praj	Prbg.g_01151	Praj.g_00698
OG0000265	Prbc	Prbg.g_01151	Prbc.g_01787
OG0000265	Prah	Prbg.g_01151	Prah.g_00958, Prah.g_00887
OG0000265	Praf	Prbg.g_01151	Praf.g_01238, Praf.g_01302
OG0000265	Prbj	Prbg.g_01151	Prbj.g_00913, Prbj.g_02178
OG0000265	Prbk	Prbg.g_01151	Prbk.g_01835, Prbk.g_00619
OG0000265	Prbl	Prbg.g_01151	Prbl.g_01839, Prbl.g_02567
OG0000265	Syaa	Prbg.g_01151	Syaa.g_00931, Syaa.g_01498
OG0000265	Syad	Prbg.g_01151	Syad.g_01383
OG0000265	Syaj	Prbg.g_01151	Syaj.g_00510
OG0000265	Syao	Prbg.g_01151	Syao.g_00049
OG0000265	Syaf	Prbg.g_01151	Syaf.g_01196
OG0000265	Syai	Prbg.g_01151	Syai.g_02245
OG0000265	Syam	Prbg.g_01151	Syam.g_01880
OG0000265	Syac	Prbg.g_01151	Syac.g_00673
OG0000265	Syah	Prbg.g_01151	Syah.g_02252
OG0000265	Syak	Prbg.g_01151	Syak.g_00211
OG0000265	Syae	Prbg.g_01151	Syae.g_00932, Syae.g_00226
OG0000265	Syag	Prbg.g_01151	Syag.g_01021
OG0000265	Syab	Prbg.g_01151	Syab.g_01773
OG0000265	Syal	Prbg.g_01151	Syal.g_02534
OG0000265	Pral	Prbg.g_01151	Pral.g_01729
OG0000265	Prat	Prbg.g_01151	Prat.g_00788
OG0000265	Pram	Prbg.g_01151	Pram.g_00801
OG0000265	Prbh	Prbg.g_01151	Prbh.g_00945
OG0000265	Prak	Prbg.g_01151	Prak.g_00837
OG0000265	Prap	Prbg.g_01151	Prap.g_00791
OG0000265	Prbe	Prbg.g_01151	Prbe.g_01214
OG0000265	Prbf	Prbg.g_01151	Prbf.g_01253
OG0000265	Prbn	Prbg.g_01151	Prbn.g_01554
OG0000266	Prab	Prbg.g_01367	Prab.g_00733
OG0000266	Pran	Prbg.g_01367	Pran.g_01450
OG0000266	Prai	Prbg.g_01367	Prai.g_00758
OG0000266	Prau	Prbg.g_01367	Prau.g_00765
OG0000266	Prav	Prbg.g_01367	Prav.g_00316
OG0000266	Prac	Prbg.g_01367	Prac.g_01550
OG0000266	Praq	Prbg.g_01367	Praq.g_00593
OG0000266	Prar	Prbg.g_01367	Prar.g_01609
OG0000266	Prag	Prbg.g_01367	Prag.g_00702
OG0000266	Praw	Prbg.g_01367	Praw.g_01799
OG0000266	Pras	Prbg.g_01367	Pras.g_01616
OG0000266	Prax	Prbg.g_01367	Prax.g_00475
OG0000266	Pray	Prbg.g_01367	Pray.g_01030
OG0000266	Praz	Prbg.g_01367	Praz.g_01597
OG0000266	Prba	Prbg.g_01367	Prba.g_01584
OG0000266	Prbd	Prbg.g_01367	Prbd.g_00017
OG0000266	Prao	Prbg.g_01367	Prao.g_00658
OG0000266	Prae	Prbg.g_01367	Prae.g_00721
OG0000266	Prbi	Prbg.g_01367	Prbi.g_00755
OG0000266	Praa	Prbg.g_01367	Praa.g_00721
OG0000266	Prad	Prbg.g_01367	Prad.g_01059
OG0000266	Prbm	Prbg.g_01367	Prbm.g_00752
OG0000266	Praj	Prbg.g_01367	Praj.g_00708
OG0000266	Prbb	Prbg.g_01367	Prbb.g_00723
OG0000266	Prbc	Prbg.g_01367	Prbc.g_01797
OG0000266	Syao	Prbg.g_01367	Syao.g_00480
OG0000266	Syan	Prbg.g_01367	Syan.g_00330
OG0000266	Syat	Prbg.g_01367	Syat.g_00671
OG0000266	Syar	Prbg.g_01367	Syar.g_01570
OG0000266	Syap	Prbg.g_01367	Syap.g_00519
OG0000266	Syas	Prbg.g_01367	Syas.g_00186
OG0000266	Syag	Prbg.g_01367	Syag.g_00907
OG0000266	Syab	Prbg.g_01367	Syab.g_01667
OG0000266	Syal	Prbg.g_01367	Syal.g_02421
OG0000266	Syaq	Prbg.g_01367	Syaq.g_00037
OG0000266	Syaa	Prbg.g_01367	Syaa.g_01257, Syaa.g_01258
OG0000266	Syak	Prbg.g_01367	Syak.g_00778
OG0000266	Syac	Prbg.g_01367	Syac.g_01271
OG0000266	Syah	Prbg.g_01367	Syah.g_01714
OG0000266	Syaf	Prbg.g_01367	Syaf.g_01967
OG0000266	Syai	Prbg.g_01367	Syai.g_01401
OG0000266	Syam	Prbg.g_01367	Syam.g_01234
OG0000266	Syae	Prbg.g_01367	Syae.g_00457
OG0000266	Syad	Prbg.g_01367	Syad.g_01804
OG0000266	Syaj	Prbg.g_01367	Syaj.g_00946
OG0000266	Prbj	Prbg.g_01367	Prbj.g_02189
OG0000266	Prbk	Prbg.g_01367	Prbk.g_00608
OG0000266	Prbl	Prbg.g_01367	Prbl.g_02556
OG0000266	Praf	Prbg.g_01367	Praf.g_01313
OG0000266	Prah	Prbg.g_01367	Prah.g_00876
OG0000266	Pral	Prbg.g_01367	Pral.g_01719
OG0000266	Prat	Prbg.g_01367	Prat.g_00801
OG0000266	Pram	Prbg.g_01367	Pram.g_01020
OG0000266	Prbh	Prbg.g_01367	Prbh.g_01163
OG0000266	Prbn	Prbg.g_01367	Prbn.g_00864
OG0000266	Prak	Prbg.g_01367	Prak.g_01053
OG0000266	Prap	Prbg.g_01367	Prap.g_00337
OG0000266	Prbe	Prbg.g_01367	Prbe.g_01430
OG0000266	Prbf	Prbg.g_01367	Prbf.g_01037
OG0000267	Prab	Prbg.g_01355	Prab.g_00744
OG0000267	Pran	Prbg.g_01355	Pran.g_01439
OG0000267	Prai	Prbg.g_01355	Prai.g_00769
OG0000267	Prac	Prbg.g_01355	Prac.g_01539
OG0000267	Praq	Prbg.g_01355	Praq.g_00604
OG0000267	Prar	Prbg.g_01355	Prar.g_01620
OG0000267	Prav	Prbg.g_01355	Prav.g_00327
OG0000267	Prad	Prbg.g_01355	Prad.g_01070
OG0000267	Pray	Prbg.g_01355	Pray.g_00274
OG0000267	Praz	Prbg.g_01355	Praz.g_01586
OG0000267	Prba	Prbg.g_01355	Prba.g_01573
OG0000267	Prag	Prbg.g_01355	Prag.g_00713
OG0000267	Praw	Prbg.g_01355	Praw.g_01788
OG0000267	Prbi	Prbg.g_01355	Prbi.g_00766
OG0000267	Prax	Prbg.g_01355	Prax.g_00464
OG0000267	Prbd	Prbg.g_01355	Prbd.g_00028
OG0000267	Prae	Prbg.g_01355	Prae.g_00732
OG0000267	Prao	Prbg.g_01355	Prao.g_00669
OG0000267	Praa	Prbg.g_01355	Praa.g_00732
OG0000267	Pras	Prbg.g_01355	Pras.g_01627
OG0000267	Prau	Prbg.g_01355	Prau.g_00776
OG0000267	Prbc	Prbg.g_01355	Prbc.g_01810
OG0000267	Prbm	Prbg.g_01355	Prbm.g_00765
OG0000267	Praj	Prbg.g_01355	Praj.g_00721
OG0000267	Prbb	Prbg.g_01355	Prbb.g_00736
OG0000267	Syag	Prbg.g_01355	Syag.g_00762
OG0000267	Syao	Prbg.g_01355	Syao.g_00589
OG0000267	Syan	Prbg.g_01355	Syan.g_00470
OG0000267	Syaq	Prbg.g_01355	Syaq.g_02430
OG0000267	Syap	Prbg.g_01355	Syap.g_02333, Syap.g_02332
OG0000267	Syar	Prbg.g_01355	Syar.g_01873
OG0000267	Syas	Prbg.g_01355	Syas.g_00377
OG0000267	Syat	Prbg.g_01355	Syat.g_00636
OG0000267	Syaa	Prbg.g_01355	Syaa.g_01409
OG0000267	Syae	Prbg.g_01355	Syae.g_00304
OG0000267	Syac	Prbg.g_01355	Syac.g_01131
OG0000267	Syah	Prbg.g_01355	Syah.g_01574
OG0000267	Syaf	Prbg.g_01355	Syaf.g_01787
OG0000267	Syai	Prbg.g_01355	Syai.g_01569
OG0000267	Syam	Prbg.g_01355	Syam.g_01071
OG0000267	Syad	Prbg.g_01355	Syad.g_01645
OG0000267	Syaj	Prbg.g_01355	Syaj.g_00770
OG0000267	Syak	Prbg.g_01355	Syak.g_00555
OG0000267	Syab	Prbg.g_01355	Syab.g_01433
OG0000267	Syal	Prbg.g_01355	Syal.g_02043
OG0000267	Prbj	Prbg.g_01355	Prbj.g_02315
OG0000267	Prbk	Prbg.g_01355	Prbk.g_02371
OG0000267	Prbl	Prbg.g_01355	Prbl.g_02431
OG0000267	Praf	Prbg.g_01355	Praf.g_01436
OG0000267	Prah	Prbg.g_01355	Prah.g_00751
OG0000267	Pral	Prbg.g_01355	Pral.g_01706
OG0000267	Prat	Prbg.g_01355	Prat.g_00814
OG0000267	Pram	Prbg.g_01355	Pram.g_01007
OG0000267	Prbh	Prbg.g_01355	Prbh.g_01150
OG0000267	Prak	Prbg.g_01355	Prak.g_01041
OG0000267	Prap	Prbg.g_01355	Prap.g_00325
OG0000267	Prbe	Prbg.g_01355	Prbe.g_01418
OG0000267	Prbf	Prbg.g_01355	Prbf.g_01049
OG0000267	Prbn	Prbg.g_01355	Prbn.g_01350
OG0000268	Prab	Prbg.g_01354	Prab.g_00745
OG0000268	Pran	Prbg.g_01354	Pran.g_01438
OG0000268	Prai	Prbg.g_01354	Prai.g_00770
OG0000268	Prac	Prbg.g_01354	Prac.g_01538
OG0000268	Praq	Prbg.g_01354	Praq.g_00605
OG0000268	Prar	Prbg.g_01354	Prar.g_01621
OG0000268	Prax	Prbg.g_01354	Prax.g_00463
OG0000268	Prag	Prbg.g_01354	Prag.g_00714
OG0000268	Praw	Prbg.g_01354	Praw.g_01787
OG0000268	Prae	Prbg.g_01354	Prae.g_00733
OG0000268	Prao	Prbg.g_01354	Prao.g_00670
OG0000268	Pras	Prbg.g_01354	Pras.g_01628
OG0000268	Praa	Prbg.g_01354	Praa.g_00733
OG0000268	Prau	Prbg.g_01354	Prau.g_00777
OG0000268	Prad	Prbg.g_01354	Prad.g_01071
OG0000268	Pray	Prbg.g_01354	Pray.g_00275
OG0000268	Praz	Prbg.g_01354	Praz.g_01585
OG0000268	Prba	Prbg.g_01354	Prba.g_01572
OG0000268	Prbd	Prbg.g_01354	Prbd.g_00029
OG0000268	Prav	Prbg.g_01354	Prav.g_00328
OG0000268	Prbi	Prbg.g_01354	Prbi.g_00767
OG0000268	Pral	Prbg.g_01354	Pral.g_01705
OG0000268	Prat	Prbg.g_01354	Prat.g_00815
OG0000268	Syaf	Prbg.g_01354	Syaf.g_00307, Syaf.g_01788
OG0000268	Prbm	Prbg.g_01354	Prbm.g_00766
OG0000268	Prbb	Prbg.g_01354	Prbb.g_00737
OG0000268	Praj	Prbg.g_01354	Praj.g_00722
OG0000268	Prbc	Prbg.g_01354	Prbc.g_01811
OG0000268	Syag	Prbg.g_01354	Syag.g_00763
OG0000268	Syak	Prbg.g_01354	Syak.g_00554
OG0000268	Syab	Prbg.g_01354	Syab.g_01432
OG0000268	Syal	Prbg.g_01354	Syal.g_02042
OG0000268	Syae	Prbg.g_01354	Syae.g_00308
OG0000268	Syac	Prbg.g_01354	Syac.g_01132
OG0000268	Syah	Prbg.g_01354	Syah.g_01575
OG0000268	Syai	Prbg.g_01354	Syai.g_01568
OG0000268	Syam	Prbg.g_01354	Syam.g_01072
OG0000268	Syaa	Prbg.g_01354	Syaa.g_01408
OG0000268	Syad	Prbg.g_01354	Syad.g_01646
OG0000268	Syaj	Prbg.g_01354	Syaj.g_00771
OG0000268	Syaq	Prbg.g_01354	Syaq.g_02431
OG0000268	Syan	Prbg.g_01354	Syan.g_00471
OG0000268	Syao	Prbg.g_01354	Syao.g_00588
OG0000268	Syap	Prbg.g_01354	Syap.g_00646
OG0000268	Syas	Prbg.g_01354	Syas.g_00390
OG0000268	Syat	Prbg.g_01354	Syat.g_00634
OG0000268	Syar	Prbg.g_01354	Syar.g_02589
OG0000268	Prah	Prbg.g_01354	Prah.g_00752
OG0000268	Praf	Prbg.g_01354	Praf.g_01435
OG0000268	Prbj	Prbg.g_01354	Prbj.g_02314
OG0000268	Prbk	Prbg.g_01354	Prbk.g_02370
OG0000268	Prbl	Prbg.g_01354	Prbl.g_02432
OG0000268	Pram	Prbg.g_01354	Pram.g_01006
OG0000268	Prbh	Prbg.g_01354	Prbh.g_01149
OG0000268	Prbn	Prbg.g_01354	Prbn.g_01351
OG0000268	Prak	Prbg.g_01354	Prak.g_01040
OG0000268	Prap	Prbg.g_01354	Prap.g_00324
OG0000268	Prbe	Prbg.g_01354	Prbe.g_01417
OG0000268	Prbf	Prbg.g_01354	Prbf.g_01050
OG0000269	Prai	Prbg.g_01154	Prai.g_00853
OG0000269	Prab	Prbg.g_01154	Prab.g_00835
OG0000269	Pran	Prbg.g_01154	Pran.g_01348
OG0000269	Prag	Prbg.g_01154	Prag.g_00801
OG0000269	Praw	Prbg.g_01154	Praw.g_01702
OG0000269	Pray	Prbg.g_01154	Pray.g_00343
OG0000269	Praz	Prbg.g_01154	Praz.g_01517
OG0000269	Prba	Prbg.g_01154	Prba.g_01504
OG0000269	Prbd	Prbg.g_01154	Prbd.g_00097
OG0000269	Praa	Prbg.g_01154	Praa.g_00798
OG0000269	Prax	Prbg.g_01154	Prax.g_00378
OG0000269	Prao	Prbg.g_01154	Prao.g_00736
OG0000269	Pras	Prbg.g_01154	Pras.g_01696
OG0000269	Prau	Prbg.g_01154	Prau.g_00849
OG0000269	Prae	Prbg.g_01154	Prae.g_00801
OG0000269	Prbi	Prbg.g_01154	Prbi.g_00842
OG0000269	Prav	Prbg.g_01154	Prav.g_00392
OG0000269	Prad	Prbg.g_01154	Prad.g_01141
OG0000269	Prac	Prbg.g_01154	Prac.g_01480
OG0000269	Praq	Prbg.g_01154	Praq.g_00665
OG0000269	Prar	Prbg.g_01154	Prar.g_01679
OG0000269	Praj	Prbg.g_01154	Praj.g_00764
OG0000269	Prbc	Prbg.g_01154	Prbc.g_01853
OG0000269	Prbm	Prbg.g_01154	Prbm.g_00809
OG0000269	Prbb	Prbg.g_01154	Prbb.g_00778
OG0000269	Pral	Prbg.g_01154	Pral.g_01483
OG0000269	Prat	Prbg.g_01154	Prat.g_01042
OG0000269	Prbj	Prbg.g_01154	Prbj.g_02407
OG0000269	Prbk	Prbg.g_01154	Prbk.g_02463
OG0000269	Prbl	Prbg.g_01154	Prbl.g_02340
OG0000269	Praf	Prbg.g_01154	Praf.g_01525
OG0000269	Prah	Prbg.g_01154	Prah.g_00672
OG0000269	Syak	Prbg.g_01154	Syak.g_00429
OG0000269	Syaa	Prbg.g_01154	Syaa.g_01149
OG0000269	Syae	Prbg.g_01154	Syae.g_00526
OG0000269	Syad	Prbg.g_01154	Syad.g_01894
OG0000269	Syaj	Prbg.g_01154	Syaj.g_01031
OG0000269	Syaf	Prbg.g_01154	Syaf.g_02054
OG0000269	Syai	Prbg.g_01154	Syai.g_01316
OG0000269	Syam	Prbg.g_01154	Syam.g_01295
OG0000269	Syac	Prbg.g_01154	Syac.g_01346
OG0000269	Syah	Prbg.g_01154	Syah.g_01784
OG0000269	Syap	Prbg.g_01154	Syap.g_00188
OG0000269	Syas	Prbg.g_01154	Syas.g_00601
OG0000269	Syat	Prbg.g_01154	Syat.g_00474, Syat.g_00126
OG0000269	Syar	Prbg.g_01154	Syar.g_02634
OG0000269	Syan	Prbg.g_01154	Syan.g_00695
OG0000269	Syao	Prbg.g_01154	Syao.g_00751
OG0000269	Syaq	Prbg.g_01154	Syaq.g_02335
OG0000269	Syag	Prbg.g_01154	Syag.g_00662
OG0000269	Syab	Prbg.g_01154	Syab.g_01650
OG0000269	Syal	Prbg.g_01154	Syal.g_02409
OG0000269	Pram	Prbg.g_01154	Pram.g_00804
OG0000269	Prbh	Prbg.g_01154	Prbh.g_00948
OG0000269	Prak	Prbg.g_01154	Prak.g_00840
OG0000269	Prap	Prbg.g_01154	Prap.g_00788
OG0000269	Prbe	Prbg.g_01154	Prbe.g_01217
OG0000269	Prbf	Prbg.g_01154	Prbf.g_01250
OG0000269	Prbn	Prbg.g_01154	Prbn.g_01551
OG0000270	Prab	Prbg.g_01157	Prab.g_00838
OG0000270	Pran	Prbg.g_01157	Pran.g_01345
OG0000270	Prai	Prbg.g_01157	Prai.g_00850
OG0000270	Prac	Prbg.g_01157	Prac.g_01477
OG0000270	Praq	Prbg.g_01157	Praq.g_00668
OG0000270	Prar	Prbg.g_01157	Prar.g_01682
OG0000270	Prag	Prbg.g_01157	Prag.g_00804
OG0000270	Praw	Prbg.g_01157	Praw.g_01699
OG0000270	Prae	Prbg.g_01157	Prae.g_00804
OG0000270	Prad	Prbg.g_01157	Prad.g_01144
OG0000270	Prbi	Prbg.g_01157	Prbi.g_00845
OG0000270	Prao	Prbg.g_01157	Prao.g_00739
OG0000270	Prbd	Prbg.g_01157	Prbd.g_00100
OG0000270	Praa	Prbg.g_01157	Praa.g_00801
OG0000270	Prax	Prbg.g_01157	Prax.g_00375
OG0000270	Pras	Prbg.g_01157	Pras.g_01699
OG0000270	Prau	Prbg.g_01157	Prau.g_00852
OG0000270	Pray	Prbg.g_01157	Pray.g_00346
OG0000270	Praz	Prbg.g_01157	Praz.g_01514
OG0000270	Prba	Prbg.g_01157	Prba.g_01501
OG0000270	Prav	Prbg.g_01157	Prav.g_00395
OG0000270	Prbc	Prbg.g_01157	Prbc.g_01856
OG0000270	Prbm	Prbg.g_01157	Prbm.g_00812
OG0000270	Prbb	Prbg.g_01157	Prbb.g_00781
OG0000270	Praj	Prbg.g_01157	Praj.g_00767
OG0000270	Pral	Prbg.g_01157	Pral.g_01486
OG0000270	Prat	Prbg.g_01157	Prat.g_01039
OG0000270	Prah	Prbg.g_01157	Prah.g_00669
OG0000270	Praf	Prbg.g_01157	Praf.g_01528
OG0000270	Prbj	Prbg.g_01157	Prbj.g_02410
OG0000270	Prbk	Prbg.g_01157	Prbk.g_02466
OG0000270	Prbl	Prbg.g_01157	Prbl.g_02337
OG0000270	Syar	Prbg.g_01157	Syar.g_00744, Syar.g_02637
OG0000270	Syas	Prbg.g_01157	Syas.g_00598
OG0000270	Syap	Prbg.g_01157	Syap.g_00192
OG0000270	Syat	Prbg.g_01157	Syat.g_00477
OG0000270	Syan	Prbg.g_01157	Syan.g_00692
OG0000270	Syao	Prbg.g_01157	Syao.g_00754
OG0000270	Syae	Prbg.g_01157	Syae.g_00523
OG0000270	Syad	Prbg.g_01157	Syad.g_01891
OG0000270	Syaj	Prbg.g_01157	Syaj.g_01025
OG0000270	Syaa	Prbg.g_01157	Syaa.g_01152
OG0000270	Syaf	Prbg.g_01157	Syaf.g_02051
OG0000270	Syai	Prbg.g_01157	Syai.g_01319
OG0000270	Syam	Prbg.g_01157	Syam.g_01292
OG0000270	Syac	Prbg.g_01157	Syac.g_01343
OG0000270	Syah	Prbg.g_01157	Syah.g_01781
OG0000270	Syaq	Prbg.g_01157	Syaq.g_02338
OG0000270	Syag	Prbg.g_01157	Syag.g_00665
OG0000270	Syak	Prbg.g_01157	Syak.g_00432
OG0000270	Syab	Prbg.g_01157	Syab.g_01657
OG0000270	Syal	Prbg.g_01157	Syal.g_02412
OG0000270	Pram	Prbg.g_01157	Pram.g_00807
OG0000270	Prbh	Prbg.g_01157	Prbh.g_00951
OG0000270	Prak	Prbg.g_01157	Prak.g_00843
OG0000270	Prap	Prbg.g_01157	Prap.g_00785
OG0000270	Prbe	Prbg.g_01157	Prbe.g_01220
OG0000270	Prbf	Prbg.g_01157	Prbf.g_01247
OG0000270	Prbn	Prbg.g_01157	Prbn.g_01548
OG0000271	Prac	Prbg.g_01165	Prac.g_01469
OG0000271	Praq	Prbg.g_01165	Praq.g_00676
OG0000271	Prar	Prbg.g_01165	Prar.g_01690
OG0000271	Prab	Prbg.g_01165	Prab.g_00846
OG0000271	Pran	Prbg.g_01165	Pran.g_01337
OG0000271	Prai	Prbg.g_01165	Prai.g_00842
OG0000271	Prag	Prbg.g_01165	Prag.g_00812
OG0000271	Praw	Prbg.g_01165	Praw.g_01691
OG0000271	Prbd	Prbg.g_01165	Prbd.g_00108
OG0000271	Prbi	Prbg.g_01165	Prbi.g_00853
OG0000271	Prad	Prbg.g_01165	Prad.g_01152
OG0000271	Praa	Prbg.g_01165	Praa.g_00809
OG0000271	Pray	Prbg.g_01165	Pray.g_00354
OG0000271	Praz	Prbg.g_01165	Praz.g_01506
OG0000271	Prba	Prbg.g_01165	Prba.g_01493
OG0000271	Prae	Prbg.g_01165	Prae.g_00812
OG0000271	Prao	Prbg.g_01165	Prao.g_00747
OG0000271	Prax	Prbg.g_01165	Prax.g_00367
OG0000271	Prav	Prbg.g_01165	Prav.g_00403
OG0000271	Prau	Prbg.g_01165	Prau.g_00860
OG0000271	Pras	Prbg.g_01165	Pras.g_01707
OG0000271	Prbm	Prbg.g_01165	Prbm.g_00820
OG0000271	Prbc	Prbg.g_01165	Prbc.g_01864
OG0000271	Praj	Prbg.g_01165	Praj.g_00775
OG0000271	Prbb	Prbg.g_01165	Prbb.g_00789
OG0000271	Prbj	Prbg.g_01165	Prbj.g_02418
OG0000271	Prbk	Prbg.g_01165	Prbk.g_02474
OG0000271	Prbl	Prbg.g_01165	Prbl.g_02329
OG0000271	Praf	Prbg.g_01165	Praf.g_01536
OG0000271	Prah	Prbg.g_01165	Prah.g_00661
OG0000271	Syak	Prbg.g_01165	Syak.g_00440
OG0000271	Syab	Prbg.g_01165	Syab.g_01279
OG0000271	Syal	Prbg.g_01165	Syal.g_01871
OG0000271	Syag	Prbg.g_01165	Syag.g_00673
OG0000271	Syaq	Prbg.g_01165	Syaq.g_02346
OG0000271	Syan	Prbg.g_01165	Syan.g_00684
OG0000271	Syao	Prbg.g_01165	Syao.g_00762
OG0000271	Syap	Prbg.g_01165	Syap.g_00200, Syap.g_00201
OG0000271	Syas	Prbg.g_01165	Syas.g_00590
OG0000271	Syar	Prbg.g_01165	Syar.g_02645
OG0000271	Syat	Prbg.g_01165	Syat.g_00485
OG0000271	Syaa	Prbg.g_01165	Syaa.g_01160
OG0000271	Syac	Prbg.g_01165	Syac.g_01335
OG0000271	Syah	Prbg.g_01165	Syah.g_01773
OG0000271	Syaf	Prbg.g_01165	Syaf.g_02043
OG0000271	Syai	Prbg.g_01165	Syai.g_01327
OG0000271	Syam	Prbg.g_01165	Syam.g_01284
OG0000271	Syae	Prbg.g_01165	Syae.g_00515
OG0000271	Syad	Prbg.g_01165	Syad.g_01883
OG0000271	Syaj	Prbg.g_01165	Syaj.g_01017
OG0000271	Pral	Prbg.g_01165	Pral.g_01494
OG0000271	Prat	Prbg.g_01165	Prat.g_01031
OG0000271	Pram	Prbg.g_01165	Pram.g_00815
OG0000271	Prbh	Prbg.g_01165	Prbh.g_00959
OG0000271	Prak	Prbg.g_01165	Prak.g_00851
OG0000271	Prap	Prbg.g_01165	Prap.g_00777
OG0000271	Prbe	Prbg.g_01165	Prbe.g_01228
OG0000271	Prbf	Prbg.g_01165	Prbf.g_01239
OG0000271	Prbn	Prbg.g_01165	Prbn.g_01540
OG0000272	Prac	Prbg.g_01166	Prac.g_01468
OG0000272	Praq	Prbg.g_01166	Praq.g_00677
OG0000272	Prar	Prbg.g_01166	Prar.g_01691
OG0000272	Prag	Prbg.g_01166	Prag.g_00813
OG0000272	Praw	Prbg.g_01166	Praw.g_01690
OG0000272	Pras	Prbg.g_01166	Pras.g_01708
OG0000272	Prau	Prbg.g_01166	Prau.g_00861
OG0000272	Prao	Prbg.g_01166	Prao.g_00748
OG0000272	Praa	Prbg.g_01166	Praa.g_00810, Praa.g_00811
OG0000272	Prad	Prbg.g_01166	Prad.g_01153
OG0000272	Prav	Prbg.g_01166	Prav.g_00404
OG0000272	Pray	Prbg.g_01166	Pray.g_00355
OG0000272	Praz	Prbg.g_01166	Praz.g_01505
OG0000272	Prba	Prbg.g_01166	Prba.g_01492
OG0000272	Prax	Prbg.g_01166	Prax.g_00366
OG0000272	Prae	Prbg.g_01166	Prae.g_00813
OG0000272	Prbi	Prbg.g_01166	Prbi.g_00854
OG0000272	Prbd	Prbg.g_01166	Prbd.g_00109
OG0000272	Prab	Prbg.g_01166	Prab.g_00847
OG0000272	Pran	Prbg.g_01166	Pran.g_01336
OG0000272	Prai	Prbg.g_01166	Prai.g_00840, Prai.g_00841
OG0000272	Prat	Prbg.g_01166	Prat.g_01030
OG0000272	Pral	Prbg.g_01166	Pral.g_01495
OG0000272	Prbc	Prbg.g_01166	Prbc.g_01865
OG0000272	Praj	Prbg.g_01166	Praj.g_00776
OG0000272	Prbb	Prbg.g_01166	Prbb.g_00790
OG0000272	Prbm	Prbg.g_01166	Prbm.g_00821
OG0000272	Syaq	Prbg.g_01166	Syaq.g_02347
OG0000272	Syak	Prbg.g_01166	Syak.g_00441
OG0000272	Syab	Prbg.g_01166	Syab.g_01280
OG0000272	Syal	Prbg.g_01166	Syal.g_01872
OG0000272	Prbj	Prbg.g_01166	Prbj.g_02419
OG0000272	Prbk	Prbg.g_01166	Prbk.g_02475
OG0000272	Prbl	Prbg.g_01166	Prbl.g_02328
OG0000272	Praf	Prbg.g_01166	Praf.g_01537
OG0000272	Prah	Prbg.g_01166	Prah.g_00660
OG0000272	Syaa	Prbg.g_01166	Syaa.g_01161
OG0000272	Syac	Prbg.g_01166	Syac.g_01334
OG0000272	Syah	Prbg.g_01166	Syah.g_01772
OG0000272	Syae	Prbg.g_01166	Syae.g_00514
OG0000272	Syad	Prbg.g_01166	Syad.g_01882
OG0000272	Syaj	Prbg.g_01166	Syaj.g_01016
OG0000272	Syaf	Prbg.g_01166	Syaf.g_02042
OG0000272	Syai	Prbg.g_01166	Syai.g_01328
OG0000272	Syam	Prbg.g_01166	Syam.g_01283
OG0000272	Syat	Prbg.g_01166	Syat.g_00486
OG0000272	Syar	Prbg.g_01166	Syar.g_02646
OG0000272	Syap	Prbg.g_01166	Syap.g_00202
OG0000272	Syas	Prbg.g_01166	Syas.g_00589
OG0000272	Syao	Prbg.g_01166	Syao.g_00763
OG0000272	Syan	Prbg.g_01166	Syan.g_00683
OG0000272	Pram	Prbg.g_01166	Pram.g_00816
OG0000272	Prbh	Prbg.g_01166	Prbh.g_00960
OG0000272	Prak	Prbg.g_01166	Prak.g_00852
OG0000272	Prap	Prbg.g_01166	Prap.g_00776
OG0000272	Prbe	Prbg.g_01166	Prbe.g_01229
OG0000272	Prbf	Prbg.g_01166	Prbf.g_01238
OG0000272	Prbn	Prbg.g_01166	Prbn.g_01539
OG0000273	Prab	Prbg.g_01190	Prab.g_00870
OG0000273	Pran	Prbg.g_01190	Pran.g_01313
OG0000273	Prai	Prbg.g_01190	Prai.g_00817
OG0000273	Pras	Prbg.g_01190	Pras.g_01731
OG0000273	Prau	Prbg.g_01190	Prau.g_00884
OG0000273	Prbi	Prbg.g_01190	Prbi.g_00877
OG0000273	Prae	Prbg.g_01190	Prae.g_00836
OG0000273	Praa	Prbg.g_01190	Praa.g_00834
OG0000273	Prbd	Prbg.g_01190	Prbd.g_00132
OG0000273	Prad	Prbg.g_01190	Prad.g_01176
OG0000273	Pray	Prbg.g_01190	Pray.g_00378
OG0000273	Praz	Prbg.g_01190	Praz.g_01482
OG0000273	Prba	Prbg.g_01190	Prba.g_01469
OG0000273	Prao	Prbg.g_01190	Prao.g_00771
OG0000273	Prag	Prbg.g_01190	Prag.g_00835
OG0000273	Prav	Prbg.g_01190	Prav.g_00427
OG0000273	Praw	Prbg.g_01190	Praw.g_01668
OG0000273	Prax	Prbg.g_01190	Prax.g_00343
OG0000273	Prac	Prbg.g_01190	Prac.g_01445
OG0000273	Praq	Prbg.g_01190	Praq.g_01428
OG0000273	Prar	Prbg.g_01190	Prar.g_01714
OG0000273	Prbb	Prbg.g_01190	Prbb.g_00814
OG0000273	Prbm	Prbg.g_01190	Prbm.g_00845
OG0000273	Praj	Prbg.g_01190	Praj.g_00801
OG0000273	Prbc	Prbg.g_01190	Prbc.g_01890
OG0000273	Syad	Prbg.g_01190	Syad.g_01247
OG0000273	Syaj	Prbg.g_01190	Syaj.g_00389
OG0000273	Syan	Prbg.g_01190	Syan.g_00654
OG0000273	Syao	Prbg.g_01190	Syao.g_00791
OG0000273	Syas	Prbg.g_01190	Syas.g_00563
OG0000273	Syap	Prbg.g_01190	Syap.g_02703
OG0000273	Syat	Prbg.g_01190	Syat.g_00520
OG0000273	Syag	Prbg.g_01190	Syag.g_00713
OG0000273	Syak	Prbg.g_01190	Syak.g_00616
OG0000273	Syab	Prbg.g_01190	Syab.g_01699
OG0000273	Syal	Prbg.g_01190	Syal.g_02454
OG0000273	Syar	Prbg.g_01190	Syar.g_02481, Syar.g_00008
OG0000273	Prbj	Prbg.g_01190	Prbj.g_02470
OG0000273	Prbk	Prbg.g_01190	Prbk.g_02526
OG0000273	Prbl	Prbg.g_01190	Prbl.g_01534
OG0000273	Praf	Prbg.g_01190	Praf.g_01585
OG0000273	Prah	Prbg.g_01190	Prah.g_00609
OG0000273	Syaa	Prbg.g_01190	Syaa.g_00844
OG0000273	Syac	Prbg.g_01190	Syac.g_00854
OG0000273	Syah	Prbg.g_01190	Syah.g_02075
OG0000273	Syae	Prbg.g_01190	Syae.g_00825
OG0000273	Syaf	Prbg.g_01190	Syaf.g_01392
OG0000273	Syai	Prbg.g_01190	Syai.g_02037
OG0000273	Syam	Prbg.g_01190	Syam.g_00745
OG0000273	Syaq	Prbg.g_01190	Syaq.g_02376
OG0000273	Pral	Prbg.g_01190	Pral.g_01518
OG0000273	Prat	Prbg.g_01190	Prat.g_01007
OG0000273	Pram	Prbg.g_01190	Pram.g_00839
OG0000273	Prbh	Prbg.g_01190	Prbh.g_00983
OG0000273	Prak	Prbg.g_01190	Prak.g_00876
OG0000273	Prap	Prbg.g_01190	Prap.g_00752
OG0000273	Prbe	Prbg.g_01190	Prbe.g_01253
OG0000273	Prbf	Prbg.g_01190	Prbf.g_01214
OG0000273	Prbn	Prbg.g_01190	Prbn.g_01515
OG0000274	Prab	Prbg.g_01191	Prab.g_00871
OG0000274	Pran	Prbg.g_01191	Pran.g_01312
OG0000274	Prai	Prbg.g_01191	Prai.g_00816
OG0000274	Prac	Prbg.g_01191	Prac.g_01444
OG0000274	Praq	Prbg.g_01191	Praq.g_01429
OG0000274	Prar	Prbg.g_01191	Prar.g_01715
OG0000274	Prag	Prbg.g_01191	Prag.g_00836
OG0000274	Praw	Prbg.g_01191	Praw.g_01667
OG0000274	Prav	Prbg.g_01191	Prav.g_00428
OG0000274	Praa	Prbg.g_01191	Praa.g_00835
OG0000274	Prbi	Prbg.g_01191	Prbi.g_00878
OG0000274	Pras	Prbg.g_01191	Pras.g_01732
OG0000274	Prau	Prbg.g_01191	Prau.g_00885
OG0000274	Prbd	Prbg.g_01191	Prbd.g_00133
OG0000274	Prao	Prbg.g_01191	Prao.g_00772
OG0000274	Prad	Prbg.g_01191	Prad.g_01177
OG0000274	Prax	Prbg.g_01191	Prax.g_00342
OG0000274	Pray	Prbg.g_01191	Pray.g_00379
OG0000274	Praz	Prbg.g_01191	Praz.g_01481
OG0000274	Prba	Prbg.g_01191	Prba.g_01468
OG0000274	Prae	Prbg.g_01191	Prae.g_00837
OG0000274	Syan	Prbg.g_01191	Syan.g_00653
OG0000274	Syao	Prbg.g_01191	Syao.g_00792
OG0000274	Syad	Prbg.g_01191	Syad.g_01246
OG0000274	Syaj	Prbg.g_01191	Syaj.g_00388
OG0000274	Syae	Prbg.g_01191	Syae.g_00826
OG0000274	Syaa	Prbg.g_01191	Syaa.g_00843
OG0000274	Syaf	Prbg.g_01191	Syaf.g_01391
OG0000274	Syai	Prbg.g_01191	Syai.g_02038
OG0000274	Syam	Prbg.g_01191	Syam.g_00744
OG0000274	Syac	Prbg.g_01191	Syac.g_00853
OG0000274	Syah	Prbg.g_01191	Syah.g_02076
OG0000274	Syar	Prbg.g_01191	Syar.g_00009, Syar.g_02482
OG0000274	Syak	Prbg.g_01191	Syak.g_00615
OG0000274	Syaq	Prbg.g_01191	Syaq.g_02377
OG0000274	Syag	Prbg.g_01191	Syag.g_00714
OG0000274	Prbj	Prbg.g_01191	Prbj.g_02471
OG0000274	Prbk	Prbg.g_01191	Prbk.g_02527
OG0000274	Prbl	Prbg.g_01191	Prbl.g_01535
OG0000274	Praf	Prbg.g_01191	Praf.g_01586
OG0000274	Prah	Prbg.g_01191	Prah.g_00608
OG0000274	Syap	Prbg.g_01191	Syap.g_02702
OG0000274	Syas	Prbg.g_01191	Syas.g_00562
OG0000274	Syat	Prbg.g_01191	Syat.g_00521
OG0000274	Syab	Prbg.g_01191	Syab.g_01700
OG0000274	Syal	Prbg.g_01191	Syal.g_02455
OG0000274	Praj	Prbg.g_01191	Praj.g_00802
OG0000274	Prbc	Prbg.g_01191	Prbc.g_01891
OG0000274	Prbb	Prbg.g_01191	Prbb.g_00815
OG0000274	Prbm	Prbg.g_01191	Prbm.g_00846
OG0000274	Pral	Prbg.g_01191	Pral.g_01519
OG0000274	Prat	Prbg.g_01191	Prat.g_01006
OG0000274	Pram	Prbg.g_01191	Pram.g_00840
OG0000274	Prbh	Prbg.g_01191	Prbh.g_00984
OG0000274	Prak	Prbg.g_01191	Prak.g_00877
OG0000274	Prap	Prbg.g_01191	Prap.g_00751
OG0000274	Prbe	Prbg.g_01191	Prbe.g_01254
OG0000274	Prbf	Prbg.g_01191	Prbf.g_01213
OG0000274	Prbn	Prbg.g_01191	Prbn.g_01514
OG0000275	Prab	Prbg.g_01194	Prab.g_00873
OG0000275	Pran	Prbg.g_01194	Pran.g_01310
OG0000275	Prai	Prbg.g_01194	Prai.g_00741, Prai.g_00813
OG0000275	Prao	Prbg.g_01194	Prao.g_00775
OG0000275	Prac	Prbg.g_01194	Prac.g_01442
OG0000275	Praq	Prbg.g_01194	Praq.g_01431
OG0000275	Prar	Prbg.g_01194	Prar.g_01717
OG0000275	Pras	Prbg.g_01194	Pras.g_01734
OG0000275	Prau	Prbg.g_01194	Prau.g_00887
OG0000275	Prad	Prbg.g_01194	Prad.g_01180
OG0000275	Prbd	Prbg.g_01194	Prbd.g_00136
OG0000275	Pray	Prbg.g_01194	Pray.g_00382
OG0000275	Praz	Prbg.g_01194	Praz.g_01478
OG0000275	Prba	Prbg.g_01194	Prba.g_01465
OG0000275	Prbi	Prbg.g_01194	Prbi.g_00881
OG0000275	Prax	Prbg.g_01194	Prax.g_00339
OG0000275	Praa	Prbg.g_01194	Praa.g_00838
OG0000275	Prag	Prbg.g_01194	Prag.g_00838
OG0000275	Praw	Prbg.g_01194	Praw.g_01665
OG0000275	Prae	Prbg.g_01194	Prae.g_00839
OG0000275	Prav	Prbg.g_01194	Prav.g_00430
OG0000275	Pral	Prbg.g_01194	Pral.g_01522
OG0000275	Prat	Prbg.g_01194	Prat.g_01004
OG0000275	Prbj	Prbg.g_01194	Prbj.g_02474
OG0000275	Prbk	Prbg.g_01194	Prbk.g_02530
OG0000275	Prbl	Prbg.g_01194	Prbl.g_01538
OG0000275	Praf	Prbg.g_01194	Praf.g_01590
OG0000275	Prah	Prbg.g_01194	Prah.g_00605
OG0000275	Syan	Prbg.g_01194	Syan.g_00373
OG0000275	Syao	Prbg.g_01194	Syao.g_00438
OG0000275	Syap	Prbg.g_01194	Syap.g_01847
OG0000275	Syas	Prbg.g_01194	Syas.g_00230
OG0000275	Syar	Prbg.g_01194	Syar.g_01810
OG0000275	Syat	Prbg.g_01194	Syat.g_00718
OG0000275	Syag	Prbg.g_01194	Syag.g_00717
OG0000275	Syaq	Prbg.g_01194	Syaq.g_02380
OG0000275	Syak	Prbg.g_01194	Syak.g_00611
OG0000275	Syad	Prbg.g_01194	Syad.g_01242
OG0000275	Syaj	Prbg.g_01194	Syaj.g_00384
OG0000275	Syab	Prbg.g_01194	Syab.g_01704
OG0000275	Syal	Prbg.g_01194	Syal.g_02458
OG0000275	Syac	Prbg.g_01194	Syac.g_00848
OG0000275	Syah	Prbg.g_01194	Syah.g_02081
OG0000275	Syae	Prbg.g_01194	Syae.g_00832
OG0000275	Syaa	Prbg.g_01194	Syaa.g_00840
OG0000275	Syaf	Prbg.g_01194	Syaf.g_01386
OG0000275	Syai	Prbg.g_01194	Syai.g_02043
OG0000275	Syam	Prbg.g_01194	Syam.g_00741
OG0000275	Prbc	Prbg.g_01194	Prbc.g_01893
OG0000275	Praj	Prbg.g_01194	Praj.g_00804
OG0000275	Prbm	Prbg.g_01194	Prbm.g_00848
OG0000275	Prbb	Prbg.g_01194	Prbb.g_00817
OG0000275	Pram	Prbg.g_01194	Pram.g_00843
OG0000275	Prbh	Prbg.g_01194	Prbh.g_00987
OG0000275	Prak	Prbg.g_01194	Prak.g_00880
OG0000275	Prap	Prbg.g_01194	Prap.g_00748
OG0000275	Prbe	Prbg.g_01194	Prbe.g_01257
OG0000275	Prbf	Prbg.g_01194	Prbf.g_01210
OG0000275	Prbn	Prbg.g_01194	Prbn.g_01511
OG0000276	Prab	Prbg.g_01200	Prab.g_00878
OG0000276	Pran	Prbg.g_01200	Pran.g_01305
OG0000276	Prai	Prbg.g_01200	Prai.g_00808
OG0000276	Prac	Prbg.g_01200	Prac.g_01437
OG0000276	Praq	Prbg.g_01200	Praq.g_01436
OG0000276	Prar	Prbg.g_01200	Prar.g_01722
OG0000276	Prao	Prbg.g_01200	Prao.g_00780
OG0000276	Prbd	Prbg.g_01200	Prbd.g_00141
OG0000276	Praa	Prbg.g_01200	Praa.g_00843
OG0000276	Prae	Prbg.g_01200	Prae.g_00844
OG0000276	Prax	Prbg.g_01200	Prax.g_00334
OG0000276	Pray	Prbg.g_01200	Pray.g_00387
OG0000276	Praz	Prbg.g_01200	Praz.g_01473
OG0000276	Prba	Prbg.g_01200	Prba.g_01460
OG0000276	Pras	Prbg.g_01200	Pras.g_01739
OG0000276	Prau	Prbg.g_01200	Prau.g_00892
OG0000276	Prbi	Prbg.g_01200	Prbi.g_00886
OG0000276	Prad	Prbg.g_01200	Prad.g_01185
OG0000276	Prag	Prbg.g_01200	Prag.g_00843
OG0000276	Praw	Prbg.g_01200	Praw.g_01660
OG0000276	Prav	Prbg.g_01200	Prav.g_00435
OG0000276	Prbc	Prbg.g_01200	Prbc.g_01899
OG0000276	Prbm	Prbg.g_01200	Prbm.g_00854
OG0000276	Praj	Prbg.g_01200	Praj.g_00810
OG0000276	Prbb	Prbg.g_01200	Prbb.g_00823
OG0000276	Pral	Prbg.g_01200	Pral.g_01527
OG0000276	Prat	Prbg.g_01200	Prat.g_00999
OG0000276	Syar	Prbg.g_01200	Syar.g_01817
OG0000276	Syat	Prbg.g_01200	Syat.g_00725
OG0000276	Syap	Prbg.g_01200	Syap.g_01839, Syap.g_01838
OG0000276	Syas	Prbg.g_01200	Syas.g_00237
OG0000276	Syan	Prbg.g_01200	Syan.g_00380
OG0000276	Syao	Prbg.g_01200	Syao.g_00558
OG0000276	Syad	Prbg.g_01200	Syad.g_01229
OG0000276	Syaj	Prbg.g_01200	Syaj.g_00377
OG0000276	Syae	Prbg.g_01200	Syae.g_00839
OG0000276	Syac	Prbg.g_01200	Syac.g_00840
OG0000276	Syah	Prbg.g_01200	Syah.g_02088
OG0000276	Syaa	Prbg.g_01200	Syaa.g_00834
OG0000276	Syaf	Prbg.g_01200	Syaf.g_01379
OG0000276	Syam	Prbg.g_01200	Syam.g_00733
OG0000276	Syai	Prbg.g_01200	Syai.g_02051
OG0000276	Prbj	Prbg.g_01200	Prbj.g_02480
OG0000276	Prbk	Prbg.g_01200	Prbk.g_02536
OG0000276	Prbl	Prbg.g_01200	Prbl.g_01544
OG0000276	Praf	Prbg.g_01200	Praf.g_01596
OG0000276	Prah	Prbg.g_01200	Prah.g_00599
OG0000276	Syag	Prbg.g_01200	Syag.g_00723
OG0000276	Syak	Prbg.g_01200	Syak.g_00604
OG0000276	Syab	Prbg.g_01200	Syab.g_01712
OG0000276	Syal	Prbg.g_01200	Syal.g_02467
OG0000276	Syaq	Prbg.g_01200	Syaq.g_02387
OG0000276	Pram	Prbg.g_01200	Pram.g_00849
OG0000276	Prbh	Prbg.g_01200	Prbh.g_00993
OG0000276	Prak	Prbg.g_01200	Prak.g_00886
OG0000276	Prap	Prbg.g_01200	Prap.g_00742
OG0000276	Prbe	Prbg.g_01200	Prbe.g_01263
OG0000276	Prbf	Prbg.g_01200	Prbf.g_01204
OG0000276	Prbn	Prbg.g_01200	Prbn.g_01505
OG0000277	Prab	Prbg.g_01201	Prab.g_00879
OG0000277	Pran	Prbg.g_01201	Pran.g_01304
OG0000277	Prai	Prbg.g_01201	Prai.g_00807
OG0000277	Prac	Prbg.g_01201	Prac.g_01436
OG0000277	Praq	Prbg.g_01201	Praq.g_01437
OG0000277	Prar	Prbg.g_01201	Prar.g_01723
OG0000277	Prav	Prbg.g_01201	Prav.g_00436
OG0000277	Prag	Prbg.g_01201	Prag.g_00844
OG0000277	Praw	Prbg.g_01201	Praw.g_01659
OG0000277	Pray	Prbg.g_01201	Pray.g_00388
OG0000277	Praz	Prbg.g_01201	Praz.g_01472
OG0000277	Prba	Prbg.g_01201	Prba.g_01459
OG0000277	Prad	Prbg.g_01201	Prad.g_00308
OG0000277	Prbi	Prbg.g_01201	Prbi.g_00887
OG0000277	Prbd	Prbg.g_01201	Prbd.g_00142
OG0000277	Praa	Prbg.g_01201	Praa.g_00844
OG0000277	Prax	Prbg.g_01201	Prax.g_00333
OG0000277	Prae	Prbg.g_01201	Prae.g_00845
OG0000277	Prao	Prbg.g_01201	Prao.g_00781
OG0000277	Pras	Prbg.g_01201	Pras.g_01740
OG0000277	Prau	Prbg.g_01201	Prau.g_00893
OG0000277	Prbc	Prbg.g_01201	Prbc.g_01900
OG0000277	Praj	Prbg.g_01201	Praj.g_00811
OG0000277	Prbb	Prbg.g_01201	Prbb.g_00824
OG0000277	Prbm	Prbg.g_01201	Prbm.g_00855
OG0000277	Praf	Prbg.g_01201	Praf.g_01597
OG0000277	Prbj	Prbg.g_01201	Prbj.g_02481
OG0000277	Prbk	Prbg.g_01201	Prbk.g_02537
OG0000277	Prbl	Prbg.g_01201	Prbl.g_01545
OG0000277	Prah	Prbg.g_01201	Prah.g_00598
OG0000277	Syaf	Prbg.g_01201	Syaf.g_01378
OG0000277	Syai	Prbg.g_01201	Syai.g_02052
OG0000277	Syam	Prbg.g_01201	Syam.g_00732
OG0000277	Syat	Prbg.g_01201	Syat.g_00738
OG0000277	Syap	Prbg.g_01201	Syap.g_01837
OG0000277	Syas	Prbg.g_01201	Syas.g_00238
OG0000277	Syar	Prbg.g_01201	Syar.g_01818, Syar.g_03242
OG0000277	Syan	Prbg.g_01201	Syan.g_00381
OG0000277	Syao	Prbg.g_01201	Syao.g_00557
OG0000277	Syad	Prbg.g_01201	Syad.g_01228
OG0000277	Syaj	Prbg.g_01201	Syaj.g_00376
OG0000277	Syac	Prbg.g_01201	Syac.g_00839
OG0000277	Syah	Prbg.g_01201	Syah.g_02089
OG0000277	Syaa	Prbg.g_01201	Syaa.g_00833
OG0000277	Syae	Prbg.g_01201	Syae.g_00840
OG0000277	Syag	Prbg.g_01201	Syag.g_00724
OG0000277	Syaq	Prbg.g_01201	Syaq.g_02388
OG0000277	Syak	Prbg.g_01201	Syak.g_00603
OG0000277	Syab	Prbg.g_01201	Syab.g_01713
OG0000277	Syal	Prbg.g_01201	Syal.g_02468
OG0000277	Pral	Prbg.g_01201	Pral.g_01528
OG0000277	Prat	Prbg.g_01201	Prat.g_00998
OG0000277	Pram	Prbg.g_01201	Pram.g_00850
OG0000277	Prbh	Prbg.g_01201	Prbh.g_00994
OG0000277	Prak	Prbg.g_01201	Prak.g_00887
OG0000277	Prap	Prbg.g_01201	Prap.g_00741
OG0000277	Prbe	Prbg.g_01201	Prbe.g_01264
OG0000277	Prbf	Prbg.g_01201	Prbf.g_01203
OG0000277	Prbn	Prbg.g_01201	Prbn.g_01504
OG0000278	Prab	Prbg.g_01204	Prab.g_00882
OG0000278	Pran	Prbg.g_01204	Pran.g_01301
OG0000278	Prai	Prbg.g_01204	Prai.g_00804
OG0000278	Prac	Prbg.g_01204	Prac.g_01433
OG0000278	Praq	Prbg.g_01204	Praq.g_01440
OG0000278	Prar	Prbg.g_01204	Prar.g_01726
OG0000278	Pray	Prbg.g_01204	Pray.g_00391
OG0000278	Praz	Prbg.g_01204	Praz.g_01469
OG0000278	Prba	Prbg.g_01204	Prba.g_01456
OG0000278	Pras	Prbg.g_01204	Pras.g_01743
OG0000278	Prad	Prbg.g_01204	Prad.g_00305
OG0000278	Praa	Prbg.g_01204	Praa.g_00847
OG0000278	Prax	Prbg.g_01204	Prax.g_00330
OG0000278	Prao	Prbg.g_01204	Prao.g_00784
OG0000278	Prav	Prbg.g_01204	Prav.g_00439
OG0000278	Prae	Prbg.g_01204	Prae.g_00848
OG0000278	Prbi	Prbg.g_01204	Prbi.g_00890
OG0000278	Prau	Prbg.g_01204	Prau.g_00896
OG0000278	Prbd	Prbg.g_01204	Prbd.g_00145
OG0000278	Prag	Prbg.g_01204	Prag.g_00847
OG0000278	Praw	Prbg.g_01204	Praw.g_01656
OG0000278	Syaf	Prbg.g_01204	Syaf.g_01375
OG0000278	Syai	Prbg.g_01204	Syai.g_02055
OG0000278	Syam	Prbg.g_01204	Syam.g_00729
OG0000278	Syag	Prbg.g_01204	Syag.g_00727
OG0000278	Syas	Prbg.g_01204	Syas.g_00241
OG0000278	Syar	Prbg.g_01204	Syar.g_01821, Syar.g_03174
OG0000278	Syat	Prbg.g_01204	Syat.g_00741
OG0000278	Syan	Prbg.g_01204	Syan.g_00384
OG0000278	Syao	Prbg.g_01204	Syao.g_00554
OG0000278	Syaq	Prbg.g_01204	Syaq.g_02391
OG0000278	Syaa	Prbg.g_01204	Syaa.g_00830
OG0000278	Syac	Prbg.g_01204	Syac.g_00836
OG0000278	Syah	Prbg.g_01204	Syah.g_02092
OG0000278	Syae	Prbg.g_01204	Syae.g_00843
OG0000278	Syad	Prbg.g_01204	Syad.g_01225
OG0000278	Syaj	Prbg.g_01204	Syaj.g_00373
OG0000278	Prah	Prbg.g_01204	Prah.g_00595
OG0000278	Praf	Prbg.g_01204	Praf.g_01600
OG0000278	Prbj	Prbg.g_01204	Prbj.g_02484
OG0000278	Prbk	Prbg.g_01204	Prbk.g_02540
OG0000278	Prbl	Prbg.g_01204	Prbl.g_01548
OG0000278	Syab	Prbg.g_01204	Syab.g_01716
OG0000278	Syal	Prbg.g_01204	Syal.g_02471
OG0000278	Syap	Prbg.g_01204	Syap.g_01834
OG0000278	Syak	Prbg.g_01204	Syak.g_00600
OG0000278	Prbb	Prbg.g_01204	Prbb.g_00828
OG0000278	Prbm	Prbg.g_01204	Prbm.g_00858
OG0000278	Praj	Prbg.g_01204	Praj.g_00815
OG0000278	Prbc	Prbg.g_01204	Prbc.g_01904
OG0000278	Pral	Prbg.g_01204	Pral.g_01531
OG0000278	Prat	Prbg.g_01204	Prat.g_00995
OG0000278	Pram	Prbg.g_01204	Pram.g_00853
OG0000278	Prbh	Prbg.g_01204	Prbh.g_00997
OG0000278	Prak	Prbg.g_01204	Prak.g_00890
OG0000278	Prap	Prbg.g_01204	Prap.g_00738
OG0000278	Prbe	Prbg.g_01204	Prbe.g_01267
OG0000278	Prbf	Prbg.g_01204	Prbf.g_01200
OG0000278	Prbn	Prbg.g_01204	Prbn.g_01501
OG0000279	Prag	Prbg.g_01211	Prag.g_00854
OG0000279	Praw	Prbg.g_01211	Praw.g_01649
OG0000279	Prac	Prbg.g_01211	Prac.g_01426
OG0000279	Praq	Prbg.g_01211	Praq.g_01447
OG0000279	Prar	Prbg.g_01211	Prar.g_01733
OG0000279	Prad	Prbg.g_01211	Prad.g_00298
OG0000279	Prau	Prbg.g_01211	Prau.g_00904
OG0000279	Prbi	Prbg.g_01211	Prbi.g_00897
OG0000279	Prav	Prbg.g_01211	Prav.g_00446
OG0000279	Pras	Prbg.g_01211	Pras.g_01750
OG0000279	Prbd	Prbg.g_01211	Prbd.g_00152
OG0000279	Pray	Prbg.g_01211	Pray.g_00398
OG0000279	Praz	Prbg.g_01211	Praz.g_01462
OG0000279	Prba	Prbg.g_01211	Prba.g_01449
OG0000279	Prax	Prbg.g_01211	Prax.g_00323
OG0000279	Praa	Prbg.g_01211	Praa.g_00854
OG0000279	Prao	Prbg.g_01211	Prao.g_00791
OG0000279	Prae	Prbg.g_01211	Prae.g_00855
OG0000279	Prab	Prbg.g_01211	Prab.g_00889
OG0000279	Pran	Prbg.g_01211	Pran.g_01294
OG0000279	Prai	Prbg.g_01211	Prai.g_00797
OG0000279	Pral	Prbg.g_01211	Pral.g_01538
OG0000279	Prat	Prbg.g_01211	Prat.g_00988
OG0000279	Prbm	Prbg.g_01211	Prbm.g_00865
OG0000279	Prbc	Prbg.g_01211	Prbc.g_01911
OG0000279	Praj	Prbg.g_01211	Praj.g_00822
OG0000279	Prbb	Prbg.g_01211	Prbb.g_00835
OG0000279	Pram	Prbg.g_01211	Pram.g_00861
OG0000279	Prbh	Prbg.g_01211	Prbh.g_01005
OG0000279	Syak	Prbg.g_01211	Syak.g_00592
OG0000279	Syab	Prbg.g_01211	Syab.g_01724
OG0000279	Syal	Prbg.g_01211	Syal.g_02479
OG0000279	Syag	Prbg.g_01211	Syag.g_00735
OG0000279	Syaq	Prbg.g_01211	Syaq.g_02401
OG0000279	Prah	Prbg.g_01211	Prah.g_00587
OG0000279	Praf	Prbg.g_01211	Praf.g_01608
OG0000279	Prbj	Prbg.g_01211	Prbj.g_02492
OG0000279	Prbk	Prbg.g_01211	Prbk.g_02548
OG0000279	Prbl	Prbg.g_01211	Prbl.g_01556
OG0000279	Syaf	Prbg.g_01211	Syaf.g_01367
OG0000279	Syai	Prbg.g_01211	Syai.g_02063
OG0000279	Syam	Prbg.g_01211	Syam.g_00721
OG0000279	Syar	Prbg.g_01211	Syar.g_01838
OG0000279	Syas	Prbg.g_01211	Syas.g_00288
OG0000279	Syat	Prbg.g_01211	Syat.g_00755
OG0000279	Syap	Prbg.g_01211	Syap.g_00829, Syap.g_00830
OG0000279	Syan	Prbg.g_01211	Syan.g_00398
OG0000279	Syao	Prbg.g_01211	Syao.g_00529
OG0000279	Syae	Prbg.g_01211	Syae.g_00851
OG0000279	Syaa	Prbg.g_01211	Syaa.g_00822
OG0000279	Syac	Prbg.g_01211	Syac.g_00828
OG0000279	Syah	Prbg.g_01211	Syah.g_02100
OG0000279	Syad	Prbg.g_01211	Syad.g_01208
OG0000279	Syaj	Prbg.g_01211	Syaj.g_00357
OG0000279	Prak	Prbg.g_01211	Prak.g_00897
OG0000279	Prap	Prbg.g_01211	Prap.g_00731
OG0000279	Prbe	Prbg.g_01211	Prbe.g_01274
OG0000279	Prbf	Prbg.g_01211	Prbf.g_01193
OG0000279	Prbn	Prbg.g_01211	Prbn.g_01494
OG0000280	Prac	Prbg.g_01212	Prac.g_01425
OG0000280	Praq	Prbg.g_01212	Praq.g_01448
OG0000280	Prar	Prbg.g_01212	Prar.g_01734
OG0000280	Prag	Prbg.g_01212	Prag.g_00855
OG0000280	Praw	Prbg.g_01212	Praw.g_01648
OG0000280	Praa	Prbg.g_01212	Praa.g_00855
OG0000280	Prbi	Prbg.g_01212	Prbi.g_00898
OG0000280	Prax	Prbg.g_01212	Prax.g_00322
OG0000280	Pras	Prbg.g_01212	Pras.g_01751
OG0000280	Prbd	Prbg.g_01212	Prbd.g_00153
OG0000280	Prae	Prbg.g_01212	Prae.g_00856
OG0000280	Prau	Prbg.g_01212	Prau.g_00905
OG0000280	Pray	Prbg.g_01212	Pray.g_00399
OG0000280	Praz	Prbg.g_01212	Praz.g_01461
OG0000280	Prba	Prbg.g_01212	Prba.g_01448
OG0000280	Prao	Prbg.g_01212	Prao.g_00792
OG0000280	Prad	Prbg.g_01212	Prad.g_00297
OG0000280	Prav	Prbg.g_01212	Prav.g_00447
OG0000280	Prab	Prbg.g_01212	Prab.g_00890
OG0000280	Pran	Prbg.g_01212	Pran.g_01293
OG0000280	Prai	Prbg.g_01212	Prai.g_00796
OG0000280	Pral	Prbg.g_01212	Pral.g_01539
OG0000280	Prat	Prbg.g_01212	Prat.g_00987
OG0000280	Prbb	Prbg.g_01212	Prbb.g_01370
OG0000280	Praj	Prbg.g_01212	Praj.g_01326
OG0000280	Prbc	Prbg.g_01212	Prbc.g_00068
OG0000280	Syat	Prbg.g_01212	Syat.g_01669
OG0000280	Syas	Prbg.g_01212	Syas.g_00889, Syas.g_00481
OG0000280	Syap	Prbg.g_01212	Syap.g_00365
OG0000280	Syar	Prbg.g_01212	Syar.g_02067, Syar.g_00734
OG0000280	Syan	Prbg.g_01212	Syan.g_00518
OG0000280	Syao	Prbg.g_01212	Syao.g_00608
OG0000280	Prah	Prbg.g_01212	Prah.g_00581
OG0000280	Praf	Prbg.g_01212	Praf.g_01614
OG0000280	Prbj	Prbg.g_01212	Prbj.g_02498
OG0000280	Prbk	Prbg.g_01212	Prbk.g_02554
OG0000280	Prbl	Prbg.g_01212	Prbl.g_01562
OG0000280	Syag	Prbg.g_01212	Syag.g_00741
OG0000280	Syak	Prbg.g_01212	Syak.g_00582
OG0000280	Syab	Prbg.g_01212	Syab.g_01736
OG0000280	Syal	Prbg.g_01212	Syal.g_02493
OG0000280	Syaq	Prbg.g_01212	Syaq.g_02410
OG0000280	Syaa	Prbg.g_01212	Syaa.g_00815
OG0000280	Syam	Prbg.g_01212	Syam.g_00701
OG0000280	Syai	Prbg.g_01212	Syai.g_02084
OG0000280	Syaf	Prbg.g_01212	Syaf.g_01337
OG0000280	Syac	Prbg.g_01212	Syac.g_00814
OG0000280	Syah	Prbg.g_01212	Syah.g_02112
OG0000280	Syae	Prbg.g_01212	Syae.g_00877
OG0000280	Syad	Prbg.g_01212	Syad.g_01198
OG0000280	Syaj	Prbg.g_01212	Syaj.g_00348
OG0000280	Pram	Prbg.g_01212	Pram.g_00862
OG0000280	Prbh	Prbg.g_01212	Prbh.g_01006
OG0000280	Prak	Prbg.g_01212	Prak.g_00898
OG0000280	Prap	Prbg.g_01212	Prap.g_00730
OG0000280	Prbe	Prbg.g_01212	Prbe.g_01275
OG0000280	Prbf	Prbg.g_01212	Prbf.g_01192
OG0000280	Prbn	Prbg.g_01212	Prbn.g_01493
OG0000281	Prai	Prbg.g_01219	Prai.g_00791
OG0000281	Prab	Prbg.g_01219	Prab.g_00896
OG0000281	Pran	Prbg.g_01219	Pran.g_01287
OG0000281	Prao	Prbg.g_01219	Prao.g_00797
OG0000281	Pras	Prbg.g_01219	Pras.g_01756
OG0000281	Prau	Prbg.g_01219	Prau.g_00910
OG0000281	Prac	Prbg.g_01219	Prac.g_01420
OG0000281	Prar	Prbg.g_01219	Prar.g_01740
OG0000281	Praq	Prbg.g_01219	Praq.g_01454
OG0000281	Prav	Prbg.g_01219	Prav.g_00452
OG0000281	Prad	Prbg.g_01219	Prad.g_00292
OG0000281	Prae	Prbg.g_01219	Prae.g_00861
OG0000281	Prbi	Prbg.g_01219	Prbi.g_00903
OG0000281	Pray	Prbg.g_01219	Pray.g_00404
OG0000281	Praz	Prbg.g_01219	Praz.g_01456
OG0000281	Prba	Prbg.g_01219	Prba.g_01443
OG0000281	Prbd	Prbg.g_01219	Prbd.g_00158
OG0000281	Prax	Prbg.g_01219	Prax.g_00317
OG0000281	Praa	Prbg.g_01219	Praa.g_00860
OG0000281	Prag	Prbg.g_01219	Prag.g_00860
OG0000281	Praw	Prbg.g_01219	Praw.g_01643
OG0000281	Prbm	Prbg.g_01219	Prbm.g_00871
OG0000281	Praj	Prbg.g_01219	Praj.g_00829
OG0000281	Prbb	Prbg.g_01219	Prbb.g_00841
OG0000281	Prbc	Prbg.g_01219	Prbc.g_01917
OG0000281	Syad	Prbg.g_01219	Syad.g_00624
OG0000281	Syaj	Prbg.g_01219	Syaj.g_02670
OG0000281	Syac	Prbg.g_01219	Syac.g_02158
OG0000281	Syah	Prbg.g_01219	Syah.g_00722
OG0000281	Syaq	Prbg.g_01219	Syaq.g_02224
OG0000281	Syae	Prbg.g_01219	Syae.g_02057
OG0000281	Syaf	Prbg.g_01219	Syaf.g_01636
OG0000281	Syai	Prbg.g_01219	Syai.g_01719
OG0000281	Syam	Prbg.g_01219	Syam.g_00943
OG0000281	Syag	Prbg.g_01219	Syag.g_00572
OG0000281	Syak	Prbg.g_01219	Syak.g_00339
OG0000281	Syal	Prbg.g_01219	Syal.g_02190
OG0000281	Syab	Prbg.g_01219	Syab.g_00685, Syab.g_00852, Syab.g_01077, Syab.g_01546
OG0000281	Syas	Prbg.g_01219	Syas.g_00970
OG0000281	Syao	Prbg.g_01219	Syao.g_01377
OG0000281	Syap	Prbg.g_01219	Syap.g_01977
OG0000281	Syar	Prbg.g_01219	Syar.g_02218
OG0000281	Syat	Prbg.g_01219	Syat.g_00960
OG0000281	Praf	Prbg.g_01219	Praf.g_01627
OG0000281	Prah	Prbg.g_01219	Prah.g_00566
OG0000281	Prbj	Prbg.g_01219	Prbj.g_02512
OG0000281	Prbk	Prbg.g_01219	Prbk.g_02568
OG0000281	Prbl	Prbg.g_01219	Prbl.g_01577
OG0000281	Pral	Prbg.g_01219	Pral.g_01546
OG0000281	Prat	Prbg.g_01219	Prat.g_00980
OG0000281	Pram	Prbg.g_01219	Pram.g_00870
OG0000281	Prbh	Prbg.g_01219	Prbh.g_01013
OG0000281	Prak	Prbg.g_01219	Prak.g_00905
OG0000281	Prap	Prbg.g_01219	Prap.g_00723
OG0000281	Prbe	Prbg.g_01219	Prbe.g_01282
OG0000281	Prbf	Prbg.g_01219	Prbf.g_01185
OG0000281	Prbn	Prbg.g_01219	Prbn.g_01486
OG0000282	Prab	Prbg.g_01086	Prab.g_01066
OG0000282	Pran	Prbg.g_01086	Pran.g_00431
OG0000282	Prai	Prbg.g_01086	Prai.g_01044
OG0000282	Pray	Prbg.g_01086	Pray.g_00454
OG0000282	Praz	Prbg.g_01086	Praz.g_01406
OG0000282	Prba	Prbg.g_01086	Prba.g_01393
OG0000282	Prad	Prbg.g_01086	Prad.g_00243
OG0000282	Prav	Prbg.g_01086	Prav.g_00501
OG0000282	Prag	Prbg.g_01086	Prag.g_00908
OG0000282	Praw	Prbg.g_01086	Praw.g_01595
OG0000282	Prac	Prbg.g_01086	Prac.g_01382
OG0000282	Praq	Prbg.g_01086	Praq.g_01492
OG0000282	Prar	Prbg.g_01086	Prar.g_01778
OG0000282	Prao	Prbg.g_01086	Prao.g_00847
OG0000282	Prax	Prbg.g_01086	Prax.g_00563
OG0000282	Prbd	Prbg.g_01086	Prbd.g_00208
OG0000282	Prbi	Prbg.g_01086	Prbi.g_00953
OG0000282	Pras	Prbg.g_01086	Pras.g_01803
OG0000282	Prau	Prbg.g_01086	Prau.g_00958
OG0000282	Praa	Prbg.g_01086	Praa.g_00909
OG0000282	Prae	Prbg.g_01086	Prae.g_00910
OG0000282	Prbm	Prbg.g_01086	Prbm.g_00931
OG0000282	Prbb	Prbg.g_01086	Prbb.g_00934
OG0000282	Praj	Prbg.g_01086	Praj.g_00889
OG0000282	Prbc	Prbg.g_01086	Prbc.g_01979
OG0000282	Syad	Prbg.g_01086	Syad.g_01619
OG0000282	Syaj	Prbg.g_01086	Syaj.g_00743
OG0000282	Syas	Prbg.g_01086	Syas.g_00672
OG0000282	Syap	Prbg.g_01086	Syap.g_01252
OG0000282	Syar	Prbg.g_01086	Syar.g_01614, Syar.g_03255
OG0000282	Syat	Prbg.g_01086	Syat.g_00431
OG0000282	Syan	Prbg.g_01086	Syan.g_00739
OG0000282	Syao	Prbg.g_01086	Syao.g_00967
OG0000282	Syae	Prbg.g_01086	Syae.g_00573
OG0000282	Syaa	Prbg.g_01086	Syaa.g_01096
OG0000282	Syac	Prbg.g_01086	Syac.g_01392
OG0000282	Syah	Prbg.g_01086	Syah.g_01531
OG0000282	Syaf	Prbg.g_01086	Syaf.g_02101
OG0000282	Syai	Prbg.g_01086	Syai.g_01263
OG0000282	Syam	Prbg.g_01086	Syam.g_01347
OG0000282	Syag	Prbg.g_01086	Syag.g_00611
OG0000282	Syaq	Prbg.g_01086	Syaq.g_02271
OG0000282	Syak	Prbg.g_01086	Syak.g_00375
OG0000282	Syab	Prbg.g_01086	Syab.g_01631
OG0000282	Syal	Prbg.g_01086	Syal.g_02284
OG0000282	Prbj	Prbg.g_01086	Prbj.g_02342
OG0000282	Prbk	Prbg.g_01086	Prbk.g_02398
OG0000282	Prbl	Prbg.g_01086	Prbl.g_02405
OG0000282	Praf	Prbg.g_01086	Praf.g_01463
OG0000282	Prah	Prbg.g_01086	Prah.g_00731
OG0000282	Pram	Prbg.g_01086	Pram.g_00736
OG0000282	Prbh	Prbg.g_01086	Prbh.g_00880
OG0000282	Prat	Prbg.g_01086	Prat.g_00718
OG0000282	Pral	Prbg.g_01086	Pral.g_01797
OG0000282	Prak	Prbg.g_01086	Prak.g_00772
OG0000282	Prap	Prbg.g_01086	Prap.g_00856
OG0000282	Prbe	Prbg.g_01086	Prbe.g_00419
OG0000282	Prbf	Prbg.g_01086	Prbf.g_01318
OG0000282	Prbn	Prbg.g_01086	Prbn.g_01619
OG0000283	Prbd	Prbg.g_01263	Prbd.g_00241
OG0000283	Prab	Prbg.g_01263	Prab.g_01033
OG0000283	Pran	Prbg.g_01263	Pran.g_00464
OG0000283	Prai	Prbg.g_01263	Prai.g_01012
OG0000283	Prac	Prbg.g_01263	Prac.g_01350
OG0000283	Praq	Prbg.g_01263	Praq.g_01525
OG0000283	Prar	Prbg.g_01263	Prar.g_01810
OG0000283	Prag	Prbg.g_01263	Prag.g_00941
OG0000283	Praw	Prbg.g_01263	Praw.g_01562
OG0000283	Prav	Prbg.g_01263	Prav.g_00533
OG0000283	Prad	Prbg.g_01263	Prad.g_00209
OG0000283	Prao	Prbg.g_01263	Prao.g_00879
OG0000283	Prbi	Prbg.g_01263	Prbi.g_00986
OG0000283	Praa	Prbg.g_01263	Praa.g_00941
OG0000283	Pray	Prbg.g_01263	Pray.g_00488
OG0000283	Praz	Prbg.g_01263	Praz.g_01373
OG0000283	Prba	Prbg.g_01263	Prba.g_01360
OG0000283	Pras	Prbg.g_01263	Pras.g_01836
OG0000283	Prau	Prbg.g_01263	Prau.g_00992
OG0000283	Prae	Prbg.g_01263	Prae.g_00941
OG0000283	Prax	Prbg.g_01263	Prax.g_00597
OG0000283	Prbm	Prbg.g_01263	Prbm.g_00962
OG0000283	Praj	Prbg.g_01263	Praj.g_00920
OG0000283	Prbb	Prbg.g_01263	Prbb.g_00965
OG0000283	Prbc	Prbg.g_01263	Prbc.g_02010
OG0000283	Prbj	Prbg.g_01263	Prbj.g_02303
OG0000283	Prbk	Prbg.g_01263	Prbk.g_02359
OG0000283	Prbl	Prbg.g_01263	Prbl.g_02443
OG0000283	Praf	Prbg.g_01263	Praf.g_01426
OG0000283	Prah	Prbg.g_01263	Prah.g_00761
OG0000283	Syag	Prbg.g_01263	Syag.g_00775
OG0000283	Syaa	Prbg.g_01263	Syaa.g_01396
OG0000283	Syae	Prbg.g_01263	Syae.g_00321
OG0000283	Syac	Prbg.g_01263	Syac.g_01142
OG0000283	Syah	Prbg.g_01263	Syah.g_01585
OG0000283	Syad	Prbg.g_01263	Syad.g_01661
OG0000283	Syaj	Prbg.g_01263	Syaj.g_00790
OG0000283	Syaf	Prbg.g_01263	Syaf.g_01804
OG0000283	Syai	Prbg.g_01263	Syai.g_01554
OG0000283	Syam	Prbg.g_01263	Syam.g_01087
OG0000283	Syar	Prbg.g_01263	Syar.g_02574
OG0000283	Syat	Prbg.g_01263	Syat.g_00620
OG0000283	Syap	Prbg.g_01263	Syap.g_01728
OG0000283	Syas	Prbg.g_01263	Syas.g_00409
OG0000283	Syan	Prbg.g_01263	Syan.g_00491
OG0000283	Syao	Prbg.g_01263	Syao.g_00640
OG0000283	Syab	Prbg.g_01263	Syab.g_01418
OG0000283	Syal	Prbg.g_01263	Syal.g_02028, Syal.g_02131
OG0000283	Syak	Prbg.g_01263	Syak.g_00541
OG0000283	Syaq	Prbg.g_01263	Syaq.g_02445
OG0000283	Prat	Prbg.g_01263	Prat.g_00868
OG0000283	Pral	Prbg.g_01263	Pral.g_01655
OG0000283	Pram	Prbg.g_01263	Pram.g_00916
OG0000283	Prbh	Prbg.g_01263	Prbh.g_01059
OG0000283	Prak	Prbg.g_01263	Prak.g_00949
OG0000283	Prap	Prbg.g_01263	Prap.g_00680
OG0000283	Prbe	Prbg.g_01263	Prbe.g_01326
OG0000283	Prbf	Prbg.g_01263	Prbf.g_01141
OG0000283	Prbn	Prbg.g_01263	Prbn.g_01442
OG0000284	Prab	Prbg.g_01268	Prab.g_01028
OG0000284	Pran	Prbg.g_01268	Pran.g_00469
OG0000284	Prai	Prbg.g_01268	Prai.g_01007
OG0000284	Prag	Prbg.g_01268	Prag.g_00946
OG0000284	Praw	Prbg.g_01268	Praw.g_01557
OG0000284	Prav	Prbg.g_01268	Prav.g_00538
OG0000284	Prao	Prbg.g_01268	Prao.g_00884
OG0000284	Prac	Prbg.g_01268	Prac.g_01345
OG0000284	Praq	Prbg.g_01268	Praq.g_01530
OG0000284	Prar	Prbg.g_01268	Prar.g_01815
OG0000284	Prad	Prbg.g_01268	Prad.g_00204
OG0000284	Prbi	Prbg.g_01268	Prbi.g_00991
OG0000284	Pras	Prbg.g_01268	Pras.g_01841
OG0000284	Prau	Prbg.g_01268	Prau.g_00997
OG0000284	Praa	Prbg.g_01268	Praa.g_00946
OG0000284	Prae	Prbg.g_01268	Prae.g_00946
OG0000284	Prbd	Prbg.g_01268	Prbd.g_00246
OG0000284	Prax	Prbg.g_01268	Prax.g_00602
OG0000284	Pray	Prbg.g_01268	Pray.g_00493
OG0000284	Praz	Prbg.g_01268	Praz.g_01368
OG0000284	Prba	Prbg.g_01268	Prba.g_01355
OG0000284	Prbc	Prbg.g_01268	Prbc.g_02015
OG0000284	Praj	Prbg.g_01268	Praj.g_00925
OG0000284	Prbm	Prbg.g_01268	Prbm.g_00967
OG0000284	Prbb	Prbg.g_01268	Prbb.g_00970
OG0000284	Pral	Prbg.g_01268	Pral.g_01650
OG0000284	Prat	Prbg.g_01268	Prat.g_00873
OG0000284	Syag	Prbg.g_01268	Syag.g_00780
OG0000284	Syaq	Prbg.g_01268	Syaq.g_02450
OG0000284	Syak	Prbg.g_01268	Syak.g_00536
OG0000284	Syab	Prbg.g_01268	Syab.g_01413
OG0000284	Syal	Prbg.g_01268	Syal.g_02023
OG0000284	Syar	Prbg.g_01268	Syar.g_03258, Syar.g_02568
OG0000284	Syap	Prbg.g_01268	Syap.g_01736
OG0000284	Syan	Prbg.g_01268	Syan.g_00497
OG0000284	Syao	Prbg.g_01268	Syao.g_00634
OG0000284	Syas	Prbg.g_01268	Syas.g_00416
OG0000284	Syat	Prbg.g_01268	Syat.g_00614
OG0000284	Syac	Prbg.g_01268	Syac.g_01148
OG0000284	Syah	Prbg.g_01268	Syah.g_01591
OG0000284	Syaa	Prbg.g_01268	Syaa.g_01390
OG0000284	Syaf	Prbg.g_01268	Syaf.g_01810
OG0000284	Syai	Prbg.g_01268	Syai.g_01548
OG0000284	Syam	Prbg.g_01268	Syam.g_01093
OG0000284	Syae	Prbg.g_01268	Syae.g_00327
OG0000284	Syad	Prbg.g_01268	Syad.g_01787
OG0000284	Syaj	Prbg.g_01268	Syaj.g_00930
OG0000284	Prbj	Prbg.g_01268	Prbj.g_02297
OG0000284	Prbk	Prbg.g_01268	Prbk.g_02353
OG0000284	Prbl	Prbg.g_01268	Prbl.g_02449
OG0000284	Praf	Prbg.g_01268	Praf.g_01420
OG0000284	Prah	Prbg.g_01268	Prah.g_00767
OG0000284	Pram	Prbg.g_01268	Pram.g_00921
OG0000284	Prbh	Prbg.g_01268	Prbh.g_01064
OG0000284	Prak	Prbg.g_01268	Prak.g_00954
OG0000284	Prap	Prbg.g_01268	Prap.g_00675
OG0000284	Prbe	Prbg.g_01268	Prbe.g_01331
OG0000284	Prbf	Prbg.g_01268	Prbf.g_01136
OG0000284	Prbn	Prbg.g_01268	Prbn.g_01437
OG0000285	Prab	Prbg.g_01273	Prab.g_01023
OG0000285	Pran	Prbg.g_01273	Pran.g_00474
OG0000285	Prai	Prbg.g_01273	Prai.g_01002
OG0000285	Prbi	Prbg.g_01273	Prbi.g_00996
OG0000285	Pray	Prbg.g_01273	Pray.g_00498
OG0000285	Praz	Prbg.g_01273	Praz.g_01363
OG0000285	Prba	Prbg.g_01273	Prba.g_01350
OG0000285	Pras	Prbg.g_01273	Pras.g_01846
OG0000285	Prau	Prbg.g_01273	Prau.g_01002
OG0000285	Prae	Prbg.g_01273	Prae.g_00951
OG0000285	Prao	Prbg.g_01273	Prao.g_00889
OG0000285	Prac	Prbg.g_01273	Prac.g_01340
OG0000285	Praq	Prbg.g_01273	Praq.g_01535
OG0000285	Prar	Prbg.g_01273	Prar.g_01820
OG0000285	Prag	Prbg.g_01273	Prag.g_00951
OG0000285	Praw	Prbg.g_01273	Praw.g_01552
OG0000285	Prav	Prbg.g_01273	Prav.g_00543
OG0000285	Prax	Prbg.g_01273	Prax.g_00607
OG0000285	Praa	Prbg.g_01273	Praa.g_00951
OG0000285	Prbd	Prbg.g_01273	Prbd.g_00251
OG0000285	Prad	Prbg.g_01273	Prad.g_00199
OG0000285	Praj	Prbg.g_01273	Praj.g_00930
OG0000285	Prbb	Prbg.g_01273	Prbb.g_00975
OG0000285	Prbm	Prbg.g_01273	Prbm.g_00972
OG0000285	Prbc	Prbg.g_01273	Prbc.g_02020
OG0000285	Syat	Prbg.g_01273	Syat.g_00607
OG0000285	Syan	Prbg.g_01273	Syan.g_00533
OG0000285	Syao	Prbg.g_01273	Syao.g_00706
OG0000285	Syas	Prbg.g_01273	Syas.g_00436
OG0000285	Syap	Prbg.g_01273	Syap.g_01746, Syap.g_01744
OG0000285	Syar	Prbg.g_01273	Syar.g_02560
OG0000285	Praf	Prbg.g_01273	Praf.g_01006
OG0000285	Prah	Prbg.g_01273	Prah.g_01178
OG0000285	Prbj	Prbg.g_01273	Prbj.g_00694
OG0000285	Prbk	Prbg.g_01273	Prbk.g_01698
OG0000285	Prbl	Prbg.g_01273	Prbl.g_01688
OG0000285	Syak	Prbg.g_01273	Syak.g_00523
OG0000285	Syaq	Prbg.g_01273	Syaq.g_02466
OG0000285	Syab	Prbg.g_01273	Syab.g_01402
OG0000285	Syal	Prbg.g_01273	Syal.g_02012
OG0000285	Syag	Prbg.g_01273	Syag.g_00791
OG0000285	Syae	Prbg.g_01273	Syae.g_00340
OG0000285	Syad	Prbg.g_01273	Syad.g_01776
OG0000285	Syaj	Prbg.g_01273	Syaj.g_00917
OG0000285	Syac	Prbg.g_01273	Syac.g_01160
OG0000285	Syah	Prbg.g_01273	Syah.g_01603
OG0000285	Syaa	Prbg.g_01273	Syaa.g_01377
OG0000285	Syaf	Prbg.g_01273	Syaf.g_01842
OG0000285	Syai	Prbg.g_01273	Syai.g_01522
OG0000285	Syam	Prbg.g_01273	Syam.g_01105
OG0000285	Pram	Prbg.g_01273	Pram.g_00926
OG0000285	Prbh	Prbg.g_01273	Prbh.g_01069
OG0000285	Pral	Prbg.g_01273	Pral.g_01644
OG0000285	Prat	Prbg.g_01273	Prat.g_00879
OG0000285	Prak	Prbg.g_01273	Prak.g_00959
OG0000285	Prap	Prbg.g_01273	Prap.g_00243
OG0000285	Prbe	Prbg.g_01273	Prbe.g_01336
OG0000285	Prbf	Prbg.g_01273	Prbf.g_01131
OG0000285	Prbn	Prbg.g_01273	Prbn.g_01432
OG0000286	Prab	Prbg.g_01286	Prab.g_01011
OG0000286	Pran	Prbg.g_01286	Pran.g_00486
OG0000286	Prai	Prbg.g_01286	Prai.g_00990
OG0000286	Prac	Prbg.g_01286	Prac.g_01328
OG0000286	Praq	Prbg.g_01286	Praq.g_01547
OG0000286	Prar	Prbg.g_01286	Prar.g_01832
OG0000286	Prao	Prbg.g_01286	Prao.g_00901
OG0000286	Prad	Prbg.g_01286	Prad.g_00187
OG0000286	Prag	Prbg.g_01286	Prag.g_00963
OG0000286	Praw	Prbg.g_01286	Praw.g_01540
OG0000286	Pray	Prbg.g_01286	Pray.g_00510
OG0000286	Praz	Prbg.g_01286	Praz.g_01351
OG0000286	Prba	Prbg.g_01286	Prba.g_01338
OG0000286	Prae	Prbg.g_01286	Prae.g_00963
OG0000286	Prax	Prbg.g_01286	Prax.g_00619
OG0000286	Pras	Prbg.g_01286	Pras.g_01858
OG0000286	Prau	Prbg.g_01286	Prau.g_01014
OG0000286	Praa	Prbg.g_01286	Praa.g_00963
OG0000286	Prbi	Prbg.g_01286	Prbi.g_01008
OG0000286	Prbd	Prbg.g_01286	Prbd.g_00263
OG0000286	Prav	Prbg.g_01286	Prav.g_00555
OG0000286	Prbb	Prbg.g_01286	Prbb.g_00990
OG0000286	Praj	Prbg.g_01286	Praj.g_00945
OG0000286	Prbc	Prbg.g_01286	Prbc.g_02035
OG0000286	Prbm	Prbg.g_01286	Prbm.g_00987
OG0000286	Pral	Prbg.g_01286	Pral.g_01628
OG0000286	Prat	Prbg.g_01286	Prat.g_00895
OG0000286	Prbj	Prbg.g_01286	Prbj.g_02269
OG0000286	Prbk	Prbg.g_01286	Prbk.g_02325
OG0000286	Prbl	Prbg.g_01286	Prbl.g_02477
OG0000286	Praf	Prbg.g_01286	Praf.g_01393
OG0000286	Prah	Prbg.g_01286	Prah.g_00795
OG0000286	Syaa	Prbg.g_01286	Syaa.g_01358
OG0000286	Syac	Prbg.g_01286	Syac.g_01181
OG0000286	Syah	Prbg.g_01286	Syah.g_01621
OG0000286	Syaf	Prbg.g_01286	Syaf.g_01860
OG0000286	Syai	Prbg.g_01286	Syai.g_01504
OG0000286	Syam	Prbg.g_01286	Syam.g_01123
OG0000286	Syae	Prbg.g_01286	Syae.g_00359
OG0000286	Syad	Prbg.g_01286	Syad.g_01758
OG0000286	Syaj	Prbg.g_01286	Syaj.g_00899
OG0000286	Syas	Prbg.g_01286	Syas.g_00460
OG0000286	Syan	Prbg.g_01286	Syan.g_00564
OG0000286	Syao	Prbg.g_01286	Syao.g_00675
OG0000286	Syap	Prbg.g_01286	Syap.g_02014, Syap.g_02013
OG0000286	Syat	Prbg.g_01286	Syat.g_00579
OG0000286	Syar	Prbg.g_01286	Syar.g_02540
OG0000286	Syaq	Prbg.g_01286	Syaq.g_02484
OG0000286	Syab	Prbg.g_01286	Syab.g_01384
OG0000286	Syal	Prbg.g_01286	Syal.g_01992
OG0000286	Syag	Prbg.g_01286	Syag.g_00809
OG0000286	Syak	Prbg.g_01286	Syak.g_00504
OG0000286	Pram	Prbg.g_01286	Pram.g_00942
OG0000286	Prbh	Prbg.g_01286	Prbh.g_01085
OG0000286	Prak	Prbg.g_01286	Prak.g_00972
OG0000286	Prap	Prbg.g_01286	Prap.g_00256
OG0000286	Prbe	Prbg.g_01286	Prbe.g_01349
OG0000286	Prbf	Prbg.g_01286	Prbf.g_01118
OG0000286	Prbn	Prbg.g_01286	Prbn.g_01419
OG0000287	Prab	Prbg.g_01552	Prab.g_00994
OG0000287	Pran	Prbg.g_01552	Pran.g_00503
OG0000287	Prai	Prbg.g_01552	Prai.g_00973
OG0000287	Prac	Prbg.g_01552	Prac.g_01311
OG0000287	Praq	Prbg.g_01552	Praq.g_01564
OG0000287	Prar	Prbg.g_01552	Prar.g_01849
OG0000287	Prax	Prbg.g_01552	Prax.g_01145
OG0000287	Prav	Prbg.g_01552	Prav.g_00572
OG0000287	Prad	Prbg.g_01552	Prad.g_00170
OG0000287	Pras	Prbg.g_01552	Pras.g_01875
OG0000287	Prau	Prbg.g_01552	Prau.g_01031
OG0000287	Prae	Prbg.g_01552	Prae.g_00980
OG0000287	Prbd	Prbg.g_01552	Prbd.g_00280
OG0000287	Prag	Prbg.g_01552	Prag.g_00980
OG0000287	Prao	Prbg.g_01552	Prao.g_00918
OG0000287	Praw	Prbg.g_01552	Praw.g_01523
OG0000287	Praa	Prbg.g_01552	Praa.g_00980
OG0000287	Pray	Prbg.g_01552	Pray.g_00527
OG0000287	Praz	Prbg.g_01552	Praz.g_01334
OG0000287	Prba	Prbg.g_01552	Prba.g_01321
OG0000287	Prbi	Prbg.g_01552	Prbi.g_01025
OG0000287	Prat	Prbg.g_01552	Prat.g_00912
OG0000287	Syak	Prbg.g_01552	Syak.g_00477
OG0000287	Syaq	Prbg.g_01552	Syaq.g_02511
OG0000287	Syae	Prbg.g_01552	Syae.g_00387
OG0000287	Syad	Prbg.g_01552	Syad.g_01720
OG0000287	Syaj	Prbg.g_01552	Syaj.g_00849
OG0000287	Syaa	Prbg.g_01552	Syaa.g_01330
OG0000287	Syam	Prbg.g_01552	Syam.g_01153
OG0000287	Syaf	Prbg.g_01552	Syaf.g_01896
OG0000287	Syai	Prbg.g_01552	Syai.g_01469
OG0000287	Syac	Prbg.g_01552	Syac.g_01209
OG0000287	Syah	Prbg.g_01552	Syah.g_01649
OG0000287	Syab	Prbg.g_01552	Syab.g_01350
OG0000287	Syal	Prbg.g_01552	Syal.g_01965
OG0000287	Syag	Prbg.g_01552	Syag.g_00838
OG0000287	Syar	Prbg.g_01552	Syar.g_02512
OG0000287	Syan	Prbg.g_01552	Syan.g_00593
OG0000287	Syat	Prbg.g_01552	Syat.g_00550
OG0000287	Syao	Prbg.g_01552	Syao.g_00825
OG0000287	Syas	Prbg.g_01552	Syas.g_00534
OG0000287	Praf	Prbg.g_01552	Praf.g_01073
OG0000287	Prah	Prbg.g_01552	Prah.g_01131
OG0000287	Prbj	Prbg.g_01552	Prbj.g_00722
OG0000287	Prbk	Prbg.g_01552	Prbk.g_01728
OG0000287	Prbl	Prbg.g_01552	Prbl.g_02608
OG0000287	Pral	Prbg.g_01552	Pral.g_00050
OG0000287	Praj	Prbg.g_01552	Praj.g_00085
OG0000287	Prbc	Prbg.g_01552	Prbc.g_02190
OG0000287	Prbm	Prbg.g_01552	Prbm.g_00102
OG0000287	Prbb	Prbg.g_01552	Prbb.g_00101
OG0000287	Pram	Prbg.g_01552	Pram.g_01199
OG0000287	Prbh	Prbg.g_01552	Prbh.g_01342
OG0000287	Prak	Prbg.g_01552	Prak.g_01238
OG0000287	Prap	Prbg.g_01552	Prap.g_00522
OG0000287	Prbe	Prbg.g_01552	Prbe.g_01615
OG0000287	Prbf	Prbg.g_01552	Prbf.g_00065
OG0000287	Prbn	Prbg.g_01552	Prbn.g_01123
OG0000288	Prab	Prbg.g_01325	Prab.g_00956
OG0000288	Pran	Prbg.g_01325	Pran.g_00541
OG0000288	Prai	Prbg.g_01325	Prai.g_00944
OG0000288	Prao	Prbg.g_01325	Prao.g_00947
OG0000288	Pras	Prbg.g_01325	Pras.g_01907
OG0000288	Prau	Prbg.g_01325	Prau.g_01062
OG0000288	Prag	Prbg.g_01325	Prag.g_01009
OG0000288	Praw	Prbg.g_01325	Praw.g_01494
OG0000288	Prav	Prbg.g_01325	Prav.g_00906
OG0000288	Pray	Prbg.g_01325	Pray.g_00557
OG0000288	Praz	Prbg.g_01325	Praz.g_01304
OG0000288	Prba	Prbg.g_01325	Prba.g_01291
OG0000288	Prbi	Prbg.g_01325	Prbi.g_01059
OG0000288	Prac	Prbg.g_01325	Prac.g_01283
OG0000288	Praq	Prbg.g_01325	Praq.g_01592
OG0000288	Prar	Prbg.g_01325	Prar.g_01877
OG0000288	Prad	Prbg.g_01325	Prad.g_00140
OG0000288	Prae	Prbg.g_01325	Prae.g_01013
OG0000288	Prbd	Prbg.g_01325	Prbd.g_00313
OG0000288	Prax	Prbg.g_01325	Prax.g_01177
OG0000288	Praa	Prbg.g_01325	Praa.g_01012
OG0000288	Prbm	Prbg.g_01325	Prbm.g_01034
OG0000288	Prbb	Prbg.g_01325	Prbb.g_01039
OG0000288	Praj	Prbg.g_01325	Praj.g_00994
OG0000288	Prbc	Prbg.g_01325	Prbc.g_02082
OG0000288	Prat	Prbg.g_01325	Prat.g_00933
OG0000288	Syag	Prbg.g_01325	Syag.g_00869
OG0000288	Syaq	Prbg.g_01325	Syaq.g_00067
OG0000288	Praf	Prbg.g_01325	Praf.g_01338
OG0000288	Prah	Prbg.g_01325	Prah.g_00851
OG0000288	Prbj	Prbg.g_01325	Prbj.g_02214
OG0000288	Prbk	Prbg.g_01325	Prbk.g_00583
OG0000288	Prbl	Prbg.g_01325	Prbl.g_02531
OG0000288	Syak	Prbg.g_01325	Syak.g_00644
OG0000288	Syab	Prbg.g_01325	Syab.g_01318
OG0000288	Syal	Prbg.g_01325	Syal.g_01919
OG0000288	Syan	Prbg.g_01325	Syan.g_00364
OG0000288	Syat	Prbg.g_01325	Syat.g_00709
OG0000288	Syas	Prbg.g_01325	Syas.g_00220
OG0000288	Syar	Prbg.g_01325	Syar.g_01801
OG0000288	Syap	Prbg.g_01325	Syap.g_02764, Syap.g_02763
OG0000288	Syao	Prbg.g_01325	Syao.g_00446
OG0000288	Syad	Prbg.g_01325	Syad.g_01687
OG0000288	Syaj	Prbg.g_01325	Syaj.g_00815
OG0000288	Syaa	Prbg.g_01325	Syaa.g_01299
OG0000288	Syae	Prbg.g_01325	Syae.g_00419
OG0000288	Syac	Prbg.g_01325	Syac.g_01240
OG0000288	Syah	Prbg.g_01325	Syah.g_01681
OG0000288	Syaf	Prbg.g_01325	Syaf.g_01929
OG0000288	Syai	Prbg.g_01325	Syai.g_01435
OG0000288	Syam	Prbg.g_01325	Syam.g_01186
OG0000288	Pral	Prbg.g_01325	Pral.g_01594
OG0000288	Pram	Prbg.g_01325	Pram.g_00977
OG0000288	Prbh	Prbg.g_01325	Prbh.g_01120
OG0000288	Prak	Prbg.g_01325	Prak.g_01011
OG0000288	Prap	Prbg.g_01325	Prap.g_00295
OG0000288	Prbe	Prbg.g_01325	Prbe.g_01388
OG0000288	Prbf	Prbg.g_01325	Prbf.g_01079
OG0000288	Prbn	Prbg.g_01325	Prbn.g_01380
OG0000289	Prab	Prbg.g_01341	Prab.g_00945
OG0000289	Pran	Prbg.g_01341	Pran.g_00552
OG0000289	Prai	Prbg.g_01341	Prai.g_00934
OG0000289	Pras	Prbg.g_01341	Pras.g_01918
OG0000289	Prau	Prbg.g_01341	Prau.g_01073
OG0000289	Prag	Prbg.g_01341	Prag.g_01020
OG0000289	Praw	Prbg.g_01341	Praw.g_01483
OG0000289	Prac	Prbg.g_01341	Prac.g_01272
OG0000289	Praq	Prbg.g_01341	Praq.g_01603
OG0000289	Prar	Prbg.g_01341	Prar.g_01888
OG0000289	Prao	Prbg.g_01341	Prao.g_00958
OG0000289	Prax	Prbg.g_01341	Prax.g_01188
OG0000289	Prae	Prbg.g_01341	Prae.g_01024
OG0000289	Prad	Prbg.g_01341	Prad.g_01035
OG0000289	Praa	Prbg.g_01341	Praa.g_01023
OG0000289	Prbi	Prbg.g_01341	Prbi.g_01070
OG0000289	Prbd	Prbg.g_01341	Prbd.g_00324
OG0000289	Pray	Prbg.g_01341	Pray.g_00568
OG0000289	Prba	Prbg.g_01341	Prba.g_01280
OG0000289	Praz	Prbg.g_01341	Praz.g_01292
OG0000289	Prav	Prbg.g_01341	Prav.g_00917
OG0000289	Pral	Prbg.g_01341	Pral.g_01609
OG0000289	Prat	Prbg.g_01341	Prat.g_00948
OG0000289	Prbm	Prbg.g_01341	Prbm.g_01045
OG0000289	Prbb	Prbg.g_01341	Prbb.g_01051
OG0000289	Praj	Prbg.g_01341	Praj.g_01005
OG0000289	Prbc	Prbg.g_01341	Prbc.g_02094
OG0000289	Syap	Prbg.g_01341	Syap.g_02784
OG0000289	Prbj	Prbg.g_01341	Prbj.g_02201
OG0000289	Prbk	Prbg.g_01341	Prbk.g_00596
OG0000289	Prbl	Prbg.g_01341	Prbl.g_02544
OG0000289	Praf	Prbg.g_01341	Praf.g_01325
OG0000289	Prah	Prbg.g_01341	Prah.g_00864
OG0000289	Syad	Prbg.g_01341	Syad.g_01672
OG0000289	Syaj	Prbg.g_01341	Syaj.g_00800
OG0000289	Syae	Prbg.g_01341	Syae.g_00433
OG0000289	Syak	Prbg.g_01341	Syak.g_00659
OG0000289	Syaq	Prbg.g_01341	Syaq.g_00053
OG0000289	Syab	Prbg.g_01341	Syab.g_01303
OG0000289	Syal	Prbg.g_01341	Syal.g_01904
OG0000289	Syac	Prbg.g_01341	Syac.g_01254
OG0000289	Syah	Prbg.g_01341	Syah.g_01695
OG0000289	Syar	Prbg.g_01341	Syar.g_03305, Syar.g_01786
OG0000289	Syaa	Prbg.g_01341	Syaa.g_01285
OG0000289	Syag	Prbg.g_01341	Syag.g_00884
OG0000289	Syan	Prbg.g_01341	Syan.g_00350
OG0000289	Syao	Prbg.g_01341	Syao.g_00461
OG0000289	Syas	Prbg.g_01341	Syas.g_00205
OG0000289	Syat	Prbg.g_01341	Syat.g_00695
OG0000289	Syai	Prbg.g_01341	Syai.g_01421
OG0000289	Syaf	Prbg.g_01341	Syaf.g_01943
OG0000289	Syam	Prbg.g_01341	Syam.g_01201
OG0000289	Pram	Prbg.g_01341	Pram.g_00992
OG0000289	Prbh	Prbg.g_01341	Prbh.g_01135
OG0000289	Prak	Prbg.g_01341	Prak.g_01027
OG0000289	Prap	Prbg.g_01341	Prap.g_00311
OG0000289	Prbe	Prbg.g_01341	Prbe.g_01404
OG0000289	Prbf	Prbg.g_01341	Prbf.g_01063
OG0000289	Prbn	Prbg.g_01341	Prbn.g_01364
OG0000290	Prab	Prbg.g_01237	Prab.g_00932
OG0000290	Pran	Prbg.g_01237	Pran.g_00565
OG0000290	Prai	Prbg.g_01237	Prai.g_00921
OG0000290	Prag	Prbg.g_01237	Prag.g_01033
OG0000290	Praw	Prbg.g_01237	Praw.g_01470
OG0000290	Prao	Prbg.g_01237	Prao.g_00971
OG0000290	Prac	Prbg.g_01237	Prac.g_01259
OG0000290	Praq	Prbg.g_01237	Praq.g_01616
OG0000290	Prar	Prbg.g_01237	Prar.g_01901
OG0000290	Pray	Prbg.g_01237	Pray.g_00581
OG0000290	Prba	Prbg.g_01237	Prba.g_01267
OG0000290	Praz	Prbg.g_01237	Praz.g_01279, Praz.g_00063
OG0000290	Pras	Prbg.g_01237	Pras.g_01931
OG0000290	Prau	Prbg.g_01237	Prau.g_01086
OG0000290	Prav	Prbg.g_01237	Prav.g_00930
OG0000290	Prae	Prbg.g_01237	Prae.g_01037
OG0000290	Prbi	Prbg.g_01237	Prbi.g_01083
OG0000290	Praa	Prbg.g_01237	Praa.g_01036
OG0000290	Prbd	Prbg.g_01237	Prbd.g_00337
OG0000290	Prad	Prbg.g_01237	Prad.g_01021
OG0000290	Prax	Prbg.g_01237	Prax.g_01201
OG0000290	Prbm	Prbg.g_01237	Prbm.g_01061
OG0000290	Praj	Prbg.g_01237	Praj.g_01021
OG0000290	Prbb	Prbg.g_01237	Prbb.g_01067
OG0000290	Prbc	Prbg.g_01237	Prbc.g_02110
OG0000290	Syar	Prbg.g_01237	Syar.g_01928
OG0000290	Syan	Prbg.g_01237	Syan.g_00293
OG0000290	Syao	Prbg.g_01237	Syao.g_00428
OG0000290	Syat	Prbg.g_01237	Syat.g_00805
OG0000290	Syap	Prbg.g_01237	Syap.g_01552
OG0000290	Syas	Prbg.g_01237	Syas.g_01016
OG0000290	Prbj	Prbg.g_01237	Prbj.g_01841
OG0000290	Prbk	Prbg.g_01237	Prbk.g_00059
OG0000290	Prbl	Prbg.g_01237	Prbl.g_00930
OG0000290	Praf	Prbg.g_01237	Praf.g_01277
OG0000290	Prah	Prbg.g_01237	Prah.g_00912
OG0000290	Syag	Prbg.g_01237	Syag.g_00970
OG0000290	Syak	Prbg.g_01237	Syak.g_00738
OG0000290	Syaq	Prbg.g_01237	Syaq.g_02682
OG0000290	Syab	Prbg.g_01237	Syab.g_01213
OG0000290	Syal	Prbg.g_01237	Syal.g_01826
OG0000290	Syac	Prbg.g_01237	Syac.g_00881
OG0000290	Syah	Prbg.g_01237	Syah.g_02033
OG0000290	Syaf	Prbg.g_01237	Syaf.g_01439
OG0000290	Syai	Prbg.g_01237	Syai.g_02010
OG0000290	Syam	Prbg.g_01237	Syam.g_00771
OG0000290	Syad	Prbg.g_01237	Syad.g_01287
OG0000290	Syaj	Prbg.g_01237	Syaj.g_00424
OG0000290	Syaa	Prbg.g_01237	Syaa.g_00875
OG0000290	Syae	Prbg.g_01237	Syae.g_00796
OG0000290	Pral	Prbg.g_01237	Pral.g_01564
OG0000290	Prat	Prbg.g_01237	Prat.g_00962
OG0000290	Pram	Prbg.g_01237	Pram.g_00891
OG0000290	Prbh	Prbg.g_01237	Prbh.g_01034
OG0000290	Prak	Prbg.g_01237	Prak.g_00923
OG0000290	Prap	Prbg.g_01237	Prap.g_00705
OG0000290	Prbe	Prbg.g_01237	Prbe.g_01300
OG0000290	Prbf	Prbg.g_01237	Prbf.g_01167
OG0000290	Prbn	Prbg.g_01237	Prbn.g_01468
OG0000291	Prab	Prbg.g_01235	Prab.g_00930
OG0000291	Pran	Prbg.g_01235	Pran.g_00567
OG0000291	Prai	Prbg.g_01235	Prai.g_00919
OG0000291	Prao	Prbg.g_01235	Prao.g_00973
OG0000291	Pray	Prbg.g_01235	Pray.g_00583
OG0000291	Praz	Prbg.g_01235	Praz.g_00065
OG0000291	Prba	Prbg.g_01235	Prba.g_01265
OG0000291	Prag	Prbg.g_01235	Prag.g_01035
OG0000291	Praw	Prbg.g_01235	Praw.g_01468
OG0000291	Prac	Prbg.g_01235	Prac.g_01257
OG0000291	Prar	Prbg.g_01235	Prar.g_01903
OG0000291	Praq	Prbg.g_01235	Praq.g_01618
OG0000291	Praa	Prbg.g_01235	Praa.g_01038
OG0000291	Prbi	Prbg.g_01235	Prbi.g_01085
OG0000291	Prax	Prbg.g_01235	Prax.g_01203
OG0000291	Pras	Prbg.g_01235	Pras.g_01933
OG0000291	Prau	Prbg.g_01235	Prau.g_01088
OG0000291	Prad	Prbg.g_01235	Prad.g_01019
OG0000291	Prae	Prbg.g_01235	Prae.g_01039
OG0000291	Prbd	Prbg.g_01235	Prbd.g_00339
OG0000291	Prav	Prbg.g_01235	Prav.g_00932
OG0000291	Prbm	Prbg.g_01235	Prbm.g_01063
OG0000291	Prbc	Prbg.g_01235	Prbc.g_02112
OG0000291	Praj	Prbg.g_01235	Praj.g_01023
OG0000291	Prbb	Prbg.g_01235	Prbb.g_01069
OG0000291	Syae	Prbg.g_01235	Syae.g_00794
OG0000291	Syaf	Prbg.g_01235	Syaf.g_01441
OG0000291	Syai	Prbg.g_01235	Syai.g_02008
OG0000291	Syam	Prbg.g_01235	Syam.g_00773
OG0000291	Syaa	Prbg.g_01235	Syaa.g_00877
OG0000291	Syad	Prbg.g_01235	Syad.g_01289
OG0000291	Syaj	Prbg.g_01235	Syaj.g_00426
OG0000291	Syag	Prbg.g_01235	Syag.g_00972
OG0000291	Syat	Prbg.g_01235	Syat.g_00807
OG0000291	Syas	Prbg.g_01235	Syas.g_01018
OG0000291	Syak	Prbg.g_01235	Syak.g_00734, Syak.g_00737
OG0000291	Syap	Prbg.g_01235	Syap.g_01554
OG0000291	Syan	Prbg.g_01235	Syan.g_00291
OG0000291	Syao	Prbg.g_01235	Syao.g_00333
OG0000291	Syab	Prbg.g_01235	Syab.g_01211
OG0000291	Syal	Prbg.g_01235	Syal.g_01824
OG0000291	Syac	Prbg.g_01235	Syac.g_00883
OG0000291	Syah	Prbg.g_01235	Syah.g_02031
OG0000291	Syaq	Prbg.g_01235	Syaq.g_02680
OG0000291	Syar	Prbg.g_01235	Syar.g_01930
OG0000291	Prbj	Prbg.g_01235	Prbj.g_01839
OG0000291	Prbk	Prbg.g_01235	Prbk.g_00057
OG0000291	Prbl	Prbg.g_01235	Prbl.g_00928
OG0000291	Praf	Prbg.g_01235	Praf.g_01275
OG0000291	Prah	Prbg.g_01235	Prah.g_00914
OG0000291	Pral	Prbg.g_01235	Pral.g_01562
OG0000291	Prat	Prbg.g_01235	Prat.g_00964
OG0000291	Pram	Prbg.g_01235	Pram.g_00889
OG0000291	Prbh	Prbg.g_01235	Prbh.g_01032
OG0000291	Prak	Prbg.g_01235	Prak.g_00921
OG0000291	Prap	Prbg.g_01235	Prap.g_00707
OG0000291	Prbe	Prbg.g_01235	Prbe.g_01298
OG0000291	Prbf	Prbg.g_01235	Prbf.g_01169
OG0000291	Prbn	Prbg.g_01235	Prbn.g_01470
OG0000292	Prag	Prbg.g_01531	Prag.g_01085
OG0000292	Praw	Prbg.g_01531	Praw.g_01418
OG0000292	Prax	Prbg.g_01531	Prax.g_01759, Prax.g_01254
OG0000292	Prac	Prbg.g_01531	Prac.g_01207
OG0000292	Praq	Prbg.g_01531	Praq.g_01667
OG0000292	Prar	Prbg.g_01531	Prar.g_01953
OG0000292	Pras	Prbg.g_01531	Pras.g_01982
OG0000292	Prau	Prbg.g_01531	Prau.g_01136
OG0000292	Prad	Prbg.g_01531	Prad.g_00972
OG0000292	Pray	Prbg.g_01531	Pray.g_00632
OG0000292	Praz	Prbg.g_01531	Praz.g_00114
OG0000292	Prba	Prbg.g_01531	Prba.g_01216
OG0000292	Prae	Prbg.g_01531	Prae.g_01090
OG0000292	Prbi	Prbg.g_01531	Prbi.g_01136
OG0000292	Prao	Prbg.g_01531	Prao.g_01025
OG0000292	Prbd	Prbg.g_01531	Prbd.g_00389
OG0000292	Praa	Prbg.g_01531	Praa.g_01089
OG0000292	Prav	Prbg.g_01531	Prav.g_00261
OG0000292	Prab	Prbg.g_01531	Prab.g_01144
OG0000292	Pran	Prbg.g_01531	Pran.g_00135
OG0000292	Prai	Prbg.g_01531	Prai.g_01107
OG0000292	Prbm	Prbg.g_01531	Prbm.g_01210
OG0000292	Praj	Prbg.g_01531	Praj.g_01196
OG0000292	Prbc	Prbg.g_01531	Prbc.g_00173
OG0000292	Prbb	Prbg.g_01531	Prbb.g_01238
OG0000292	Pral	Prbg.g_01531	Pral.g_01316
OG0000292	Prat	Prbg.g_01531	Prat.g_01208
OG0000292	Prbj	Prbg.g_01531	Prbj.g_02066
OG0000292	Prbk	Prbg.g_01531	Prbk.g_02271
OG0000292	Prbl	Prbg.g_01531	Prbl.g_02128
OG0000292	Praf	Prbg.g_01531	Praf.g_02776
OG0000292	Prah	Prbg.g_01531	Prah.g_02597
OG0000292	Syar	Prbg.g_01531	Syar.g_00463
OG0000292	Syan	Prbg.g_01531	Syan.g_01703
OG0000292	Syao	Prbg.g_01531	Syao.g_02196
OG0000292	Syap	Prbg.g_01531	Syap.g_02314
OG0000292	Syat	Prbg.g_01531	Syat.g_02388
OG0000292	Syas	Prbg.g_01531	Syas.g_02020
OG0000292	Syab	Prbg.g_01531	Syab.g_02907
OG0000292	Syal	Prbg.g_01531	Syal.g_00089
OG0000292	Syag	Prbg.g_01531	Syag.g_02265
OG0000292	Syaq	Prbg.g_01531	Syaq.g_01157
OG0000292	Syaa	Prbg.g_01531	Syaa.g_02751
OG0000292	Syak	Prbg.g_01531	Syak.g_01802
OG0000292	Syai	Prbg.g_01531	Syai.g_02926
OG0000292	Syaf	Prbg.g_01531	Syaf.g_00505
OG0000292	Syam	Prbg.g_01531	Syam.g_02439
OG0000292	Syac	Prbg.g_01531	Syac.g_02487
OG0000292	Syah	Prbg.g_01531	Syah.g_00380
OG0000292	Syae	Prbg.g_01531	Syae.g_01705
OG0000292	Syad	Prbg.g_01531	Syad.g_00155
OG0000292	Syaj	Prbg.g_01531	Syaj.g_02255
OG0000292	Pram	Prbg.g_01531	Pram.g_01185
OG0000292	Prbh	Prbg.g_01531	Prbh.g_01328
OG0000292	Prak	Prbg.g_01531	Prak.g_01217
OG0000292	Prap	Prbg.g_01531	Prap.g_00501
OG0000292	Prbe	Prbg.g_01531	Prbe.g_01594
OG0000292	Prbf	Prbg.g_01531	Prbf.g_00873
OG0000292	Prbn	Prbg.g_01531	Prbn.g_01144
OG0000293	Prac	Prbg.g_01496	Prac.g_00994
OG0000293	Praq	Prbg.g_01496	Praq.g_01324
OG0000293	Prar	Prbg.g_01496	Prar.g_01272
OG0000293	Prag	Prbg.g_01496	Prag.g_01144
OG0000293	Praw	Prbg.g_01496	Praw.g_00225
OG0000293	Praa	Prbg.g_01496	Praa.g_01151
OG0000293	Prax	Prbg.g_01496	Prax.g_00191
OG0000293	Pras	Prbg.g_01496	Pras.g_00047
OG0000293	Prau	Prbg.g_01496	Prau.g_01198
OG0000293	Prbi	Prbg.g_01496	Prbi.g_01198
OG0000293	Prae	Prbg.g_01496	Prae.g_01154
OG0000293	Prao	Prbg.g_01496	Prao.g_01098
OG0000293	Pray	Prbg.g_01496	Pray.g_00073
OG0000293	Prba	Prbg.g_01496	Prba.g_00073
OG0000293	Praz	Prbg.g_01496	Praz.g_00001
OG0000293	Prbd	Prbg.g_01496	Prbd.g_00459
OG0000293	Prad	Prbg.g_01496	Prad.g_01505
OG0000293	Prav	Prbg.g_01496	Prav.g_00056
OG0000293	Prab	Prbg.g_01496	Prab.g_01210
OG0000293	Pran	Prbg.g_01496	Pran.g_00069
OG0000293	Prai	Prbg.g_01496	Prai.g_01163
OG0000293	Praj	Prbg.g_01496	Praj.g_01470
OG0000293	Prbb	Prbg.g_01496	Prbb.g_01527
OG0000293	Prbm	Prbg.g_01496	Prbm.g_01559
OG0000293	Prbc	Prbg.g_01496	Prbc.g_01456
OG0000293	Pral	Prbg.g_01496	Pral.g_01357
OG0000293	Prat	Prbg.g_01496	Prat.g_01165
OG0000293	Prah	Prbg.g_01496	Prah.g_01336
OG0000293	Praf	Prbg.g_01496	Praf.g_00826
OG0000293	Prbj	Prbg.g_01496	Prbj.g_00958
OG0000293	Prbk	Prbg.g_01496	Prbk.g_01032
OG0000293	Prbl	Prbg.g_01496	Prbl.g_02071
OG0000293	Syan	Prbg.g_01496	Syan.g_02709
OG0000293	Syao	Prbg.g_01496	Syao.g_00136
OG0000293	Syat	Prbg.g_01496	Syat.g_03241
OG0000293	Syap	Prbg.g_01496	Syap.g_00240
OG0000293	Syas	Prbg.g_01496	Syas.g_01197
OG0000293	Syaf	Prbg.g_01496	Syaf.g_01277
OG0000293	Syai	Prbg.g_01496	Syai.g_02155
OG0000293	Syam	Prbg.g_01496	Syam.g_01806
OG0000293	Syac	Prbg.g_01496	Syac.g_00754
OG0000293	Syar	Prbg.g_01496	Syar.g_03297, Syar.g_01526
OG0000293	Syah	Prbg.g_01496	Syah.g_02173
OG0000293	Syae	Prbg.g_01496	Syae.g_00938
OG0000293	Syaa	Prbg.g_01496	Syaa.g_00758
OG0000293	Syad	Prbg.g_01496	Syad.g_01124
OG0000293	Syaj	Prbg.g_01496	Syaj.g_00290
OG0000293	Syaq	Prbg.g_01496	Syaq.g_00262
OG0000293	Syab	Prbg.g_01496	Syab.g_00946
OG0000293	Syal	Prbg.g_01496	Syal.g_01631
OG0000293	Syag	Prbg.g_01496	Syag.g_01155
OG0000293	Syak	Prbg.g_01496	Syak.g_00910
OG0000293	Pram	Prbg.g_01496	Pram.g_01150
OG0000293	Prbh	Prbg.g_01496	Prbh.g_01293
OG0000293	Prak	Prbg.g_01496	Prak.g_01182
OG0000293	Prap	Prbg.g_01496	Prap.g_00466
OG0000293	Prbe	Prbg.g_01496	Prbe.g_01559
OG0000293	Prbf	Prbg.g_01496	Prbf.g_00908
OG0000293	Prbn	Prbg.g_01496	Prbn.g_01179
OG0000294	Prab	Prbg.g_01495	Prab.g_01211
OG0000294	Pran	Prbg.g_01495	Pran.g_00068
OG0000294	Prai	Prbg.g_01495	Prai.g_01164
OG0000294	Prad	Prbg.g_01495	Prad.g_01504
OG0000294	Prag	Prbg.g_01495	Prag.g_01145
OG0000294	Praw	Prbg.g_01495	Praw.g_00226
OG0000294	Prac	Prbg.g_01495	Prac.g_00993
OG0000294	Praq	Prbg.g_01495	Praq.g_01325
OG0000294	Prar	Prbg.g_01495	Prar.g_01271
OG0000294	Prav	Prbg.g_01495	Prav.g_00057
OG0000294	Prbd	Prbg.g_01495	Prbd.g_00460
OG0000294	Praa	Prbg.g_01495	Praa.g_01152
OG0000294	Prao	Prbg.g_01495	Prao.g_01097
OG0000294	Pray	Prbg.g_01495	Pray.g_00072
OG0000294	Praz	Prbg.g_01495	Praz.g_00763
OG0000294	Prba	Prbg.g_01495	Prba.g_00072
OG0000294	Prax	Prbg.g_01495	Prax.g_00192
OG0000294	Prae	Prbg.g_01495	Prae.g_01155
OG0000294	Pras	Prbg.g_01495	Pras.g_00048
OG0000294	Prbi	Prbg.g_01495	Prbi.g_01199
OG0000294	Prau	Prbg.g_01495	Prau.g_01199
OG0000294	Prbb	Prbg.g_01495	Prbb.g_01526
OG0000294	Prbc	Prbg.g_01495	Prbc.g_01455
OG0000294	Praj	Prbg.g_01495	Praj.g_01469
OG0000294	Prbm	Prbg.g_01495	Prbm.g_01558
OG0000294	Syag	Prbg.g_01495	Syag.g_01154
OG0000294	Syaq	Prbg.g_01495	Syaq.g_00261
OG0000294	Syak	Prbg.g_01495	Syak.g_00909
OG0000294	Syab	Prbg.g_01495	Syab.g_00947
OG0000294	Syal	Prbg.g_01495	Syal.g_01632
OG0000294	Syap	Prbg.g_01495	Syap.g_00239
OG0000294	Syas	Prbg.g_01495	Syas.g_01196
OG0000294	Syar	Prbg.g_01495	Syar.g_01527, Syar.g_03296
OG0000294	Syan	Prbg.g_01495	Syan.g_02708
OG0000294	Syao	Prbg.g_01495	Syao.g_00135
OG0000294	Syaa	Prbg.g_01495	Syaa.g_00759
OG0000294	Syac	Prbg.g_01495	Syac.g_00755
OG0000294	Syah	Prbg.g_01495	Syah.g_02172
OG0000294	Syam	Prbg.g_01495	Syam.g_01805
OG0000294	Syai	Prbg.g_01495	Syai.g_02154
OG0000294	Syaf	Prbg.g_01495	Syaf.g_01278
OG0000294	Syad	Prbg.g_01495	Syad.g_01125
OG0000294	Syaj	Prbg.g_01495	Syaj.g_00291
OG0000294	Syae	Prbg.g_01495	Syae.g_00937
OG0000294	Syat	Prbg.g_01495	Syat.g_03248
OG0000294	Prah	Prbg.g_01495	Prah.g_01335
OG0000294	Praf	Prbg.g_01495	Praf.g_00827
OG0000294	Prbj	Prbg.g_01495	Prbj.g_00959
OG0000294	Prbk	Prbg.g_01495	Prbk.g_01031
OG0000294	Prbl	Prbg.g_01495	Prbl.g_02072
OG0000294	Pral	Prbg.g_01495	Pral.g_01358
OG0000294	Prat	Prbg.g_01495	Prat.g_01164
OG0000294	Pram	Prbg.g_01495	Pram.g_01149
OG0000294	Prbh	Prbg.g_01495	Prbh.g_01292
OG0000294	Prak	Prbg.g_01495	Prak.g_01181
OG0000294	Prap	Prbg.g_01495	Prap.g_00465
OG0000294	Prbe	Prbg.g_01495	Prbe.g_01558
OG0000294	Prbf	Prbg.g_01495	Prbf.g_00909
OG0000294	Prbn	Prbg.g_01495	Prbn.g_01180
OG0000295	Prab	Prbg.g_01472	Prab.g_01231
OG0000295	Pran	Prbg.g_01472	Pran.g_00048
OG0000295	Prai	Prbg.g_01472	Prai.g_01183
OG0000295	Prac	Prbg.g_01472	Prac.g_00973
OG0000295	Praq	Prbg.g_01472	Praq.g_01345
OG0000295	Prar	Prbg.g_01472	Prar.g_01251
OG0000295	Prag	Prbg.g_01472	Prag.g_01165
OG0000295	Praw	Prbg.g_01472	Praw.g_00246
OG0000295	Prae	Prbg.g_01472	Prae.g_01175
OG0000295	Pray	Prbg.g_01472	Pray.g_00051
OG0000295	Praz	Prbg.g_01472	Praz.g_00742
OG0000295	Prba	Prbg.g_01472	Prba.g_00051
OG0000295	Prad	Prbg.g_01472	Prad.g_01484
OG0000295	Praa	Prbg.g_01472	Praa.g_01171
OG0000295	Prax	Prbg.g_01472	Prax.g_00212
OG0000295	Prbd	Prbg.g_01472	Prbd.g_00480
OG0000295	Prao	Prbg.g_01472	Prao.g_01077
OG0000295	Prbi	Prbg.g_01472	Prbi.g_01219
OG0000295	Pras	Prbg.g_01472	Pras.g_00068
OG0000295	Prau	Prbg.g_01472	Prau.g_01218
OG0000295	Prav	Prbg.g_01472	Prav.g_00077
OG0000295	Pral	Prbg.g_01472	Pral.g_01382
OG0000295	Prat	Prbg.g_01472	Prat.g_01142
OG0000295	Prbm	Prbg.g_01472	Prbm.g_01534
OG0000295	Prbc	Prbg.g_01472	Prbc.g_01431
OG0000295	Praj	Prbg.g_01472	Praj.g_01447
OG0000295	Prbb	Prbg.g_01472	Prbb.g_01502
OG0000295	Syae	Prbg.g_01472	Syae.g_00893
OG0000295	Syaa	Prbg.g_01472	Syaa.g_00796
OG0000295	Syad	Prbg.g_01472	Syad.g_01181
OG0000295	Syaj	Prbg.g_01472	Syaj.g_00330
OG0000295	Syar	Prbg.g_01472	Syar.g_01951, Syar.g_03208
OG0000295	Syat	Prbg.g_01472	Syat.g_00297
OG0000295	Syas	Prbg.g_01472	Syas.g_01139
OG0000295	Syap	Prbg.g_01472	Syap.g_00206
OG0000295	Syac	Prbg.g_01472	Syac.g_00796
OG0000295	Syah	Prbg.g_01472	Syah.g_02131
OG0000295	Syaf	Prbg.g_01472	Syaf.g_01316
OG0000295	Syai	Prbg.g_01472	Syai.g_02117
OG0000295	Syam	Prbg.g_01472	Syam.g_01771
OG0000295	Syan	Prbg.g_01472	Syan.g_02662
OG0000295	Syao	Prbg.g_01472	Syao.g_00186
OG0000295	Syag	Prbg.g_01472	Syag.g_01115
OG0000295	Syaq	Prbg.g_01472	Syaq.g_00220
OG0000295	Syak	Prbg.g_01472	Syak.g_00863
OG0000295	Syab	Prbg.g_01472	Syab.g_01001
OG0000295	Syal	Prbg.g_01472	Syal.g_01687
OG0000295	Prbj	Prbg.g_01472	Prbj.g_00304
OG0000295	Prbk	Prbg.g_01472	Prbk.g_00106
OG0000295	Prbl	Prbg.g_01472	Prbl.g_00178
OG0000295	Praf	Prbg.g_01472	Praf.g_00879
OG0000295	Prah	Prbg.g_01472	Prah.g_01298
OG0000295	Pram	Prbg.g_01472	Pram.g_01125
OG0000295	Prbh	Prbg.g_01472	Prbh.g_01268
OG0000295	Prak	Prbg.g_01472	Prak.g_01158
OG0000295	Prap	Prbg.g_01472	Prap.g_00442
OG0000295	Prbe	Prbg.g_01472	Prbe.g_01535
OG0000295	Prbf	Prbg.g_01472	Prbf.g_00932
OG0000295	Prbn	Prbg.g_01472	Prbn.g_01203
OG0000296	Prag	Prbg.g_01470	Prag.g_01167
OG0000296	Praw	Prbg.g_01470	Praw.g_00248
OG0000296	Prbd	Prbg.g_01470	Prbd.g_00482
OG0000296	Praa	Prbg.g_01470	Praa.g_01173
OG0000296	Prax	Prbg.g_01470	Prax.g_00214
OG0000296	Pras	Prbg.g_01470	Pras.g_00070
OG0000296	Prau	Prbg.g_01470	Prau.g_01220
OG0000296	Prao	Prbg.g_01470	Prao.g_01075
OG0000296	Prac	Prbg.g_01470	Prac.g_00971
OG0000296	Praq	Prbg.g_01470	Praq.g_01347
OG0000296	Prar	Prbg.g_01470	Prar.g_01249
OG0000296	Prbi	Prbg.g_01470	Prbi.g_01221
OG0000296	Prad	Prbg.g_01470	Prad.g_01482
OG0000296	Prav	Prbg.g_01470	Prav.g_01867
OG0000296	Prae	Prbg.g_01470	Prae.g_01177
OG0000296	Pray	Prbg.g_01470	Pray.g_00049
OG0000296	Praz	Prbg.g_01470	Praz.g_00740
OG0000296	Prba	Prbg.g_01470	Prba.g_00049
OG0000296	Prab	Prbg.g_01470	Prab.g_01233
OG0000296	Pran	Prbg.g_01470	Pran.g_00046
OG0000296	Prai	Prbg.g_01470	Prai.g_01185
OG0000296	Syar	Prbg.g_01470	Syar.g_01953
OG0000296	Syan	Prbg.g_01470	Syan.g_02660
OG0000296	Syao	Prbg.g_01470	Syao.g_00184
OG0000296	Syat	Prbg.g_01470	Syat.g_00295
OG0000296	Syap	Prbg.g_01470	Syap.g_00204
OG0000296	Syas	Prbg.g_01470	Syas.g_01137
OG0000296	Praf	Prbg.g_01470	Praf.g_00881
OG0000296	Prah	Prbg.g_01470	Prah.g_01296
OG0000296	Prbk	Prbg.g_01470	Prbk.g_00104
OG0000296	Prbl	Prbg.g_01470	Prbl.g_00180
OG0000296	Prbj	Prbg.g_01470	Prbj.g_00306, Prbj.g_00307
OG0000296	Syak	Prbg.g_01470	Syak.g_00861
OG0000296	Syaq	Prbg.g_01470	Syaq.g_00218
OG0000296	Syag	Prbg.g_01470	Syag.g_01113
OG0000296	Syab	Prbg.g_01470	Syab.g_01003
OG0000296	Syal	Prbg.g_01470	Syal.g_01689
OG0000296	Syae	Prbg.g_01470	Syae.g_00891
OG0000296	Syad	Prbg.g_01470	Syad.g_01183
OG0000296	Syaj	Prbg.g_01470	Syaj.g_00332
OG0000296	Syaf	Prbg.g_01470	Syaf.g_01318
OG0000296	Syai	Prbg.g_01470	Syai.g_02115
OG0000296	Syam	Prbg.g_01470	Syam.g_01769
OG0000296	Syac	Prbg.g_01470	Syac.g_00798
OG0000296	Syah	Prbg.g_01470	Syah.g_02129
OG0000296	Syaa	Prbg.g_01470	Syaa.g_00798
OG0000296	Prbm	Prbg.g_01470	Prbm.g_01532
OG0000296	Prbb	Prbg.g_01470	Prbb.g_01500
OG0000296	Praj	Prbg.g_01470	Praj.g_01445
OG0000296	Prbc	Prbg.g_01470	Prbc.g_01429
OG0000296	Pral	Prbg.g_01470	Pral.g_01384
OG0000296	Prat	Prbg.g_01470	Prat.g_01140
OG0000296	Pram	Prbg.g_01470	Pram.g_01123
OG0000296	Prbh	Prbg.g_01470	Prbh.g_01266
OG0000296	Prak	Prbg.g_01470	Prak.g_01156
OG0000296	Prap	Prbg.g_01470	Prap.g_00440
OG0000296	Prbe	Prbg.g_01470	Prbe.g_01533
OG0000296	Prbf	Prbg.g_01470	Prbf.g_00934
OG0000296	Prbn	Prbg.g_01470	Prbn.g_01205
OG0000297	Prab	Prbg.g_01461	Prab.g_01241
OG0000297	Pran	Prbg.g_01461	Pran.g_00038
OG0000297	Prai	Prbg.g_01461	Prai.g_01193
OG0000297	Prad	Prbg.g_01461	Prad.g_01474
OG0000297	Prag	Prbg.g_01461	Prag.g_01175
OG0000297	Praw	Prbg.g_01461	Praw.g_00256
OG0000297	Pras	Prbg.g_01461	Pras.g_00078
OG0000297	Prau	Prbg.g_01461	Prau.g_01228
OG0000297	Prav	Prbg.g_01461	Prav.g_01859
OG0000297	Prac	Prbg.g_01461	Prac.g_00963
OG0000297	Praq	Prbg.g_01461	Praq.g_01355
OG0000297	Prar	Prbg.g_01461	Prar.g_01241
OG0000297	Pray	Prbg.g_01461	Pray.g_00041
OG0000297	Praz	Prbg.g_01461	Praz.g_00732
OG0000297	Prba	Prbg.g_01461	Prba.g_00041
OG0000297	Prao	Prbg.g_01461	Prao.g_01067
OG0000297	Prae	Prbg.g_01461	Prae.g_01185
OG0000297	Prbi	Prbg.g_01461	Prbi.g_01229
OG0000297	Prax	Prbg.g_01461	Prax.g_00222
OG0000297	Praa	Prbg.g_01461	Praa.g_01181
OG0000297	Prbd	Prbg.g_01461	Prbd.g_00490
OG0000297	Prbm	Prbg.g_01461	Prbm.g_01524
OG0000297	Praj	Prbg.g_01461	Praj.g_01437
OG0000297	Prbb	Prbg.g_01461	Prbb.g_01491
OG0000297	Prbc	Prbg.g_01461	Prbc.g_01421
OG0000297	Pral	Prbg.g_01461	Pral.g_01394
OG0000297	Prat	Prbg.g_01461	Prat.g_01131
OG0000297	Prah	Prbg.g_01461	Prah.g_01259
OG0000297	Praf	Prbg.g_01461	Praf.g_00917
OG0000297	Prbj	Prbg.g_01461	Prbj.g_01913
OG0000297	Prbk	Prbg.g_01461	Prbk.g_01498
OG0000297	Prbl	Prbg.g_01461	Prbl.g_01382
OG0000297	Syaa	Prbg.g_01461	Syaa.g_01021
OG0000297	Syag	Prbg.g_01461	Syag.g_01099
OG0000297	Syat	Prbg.g_01461	Syat.g_00226
OG0000297	Syap	Prbg.g_01461	Syap.g_01887
OG0000297	Syas	Prbg.g_01461	Syas.g_01124
OG0000297	Syar	Prbg.g_01461	Syar.g_01967, Syar.g_03216
OG0000297	Syan	Prbg.g_01461	Syan.g_02646
OG0000297	Syao	Prbg.g_01461	Syao.g_00171
OG0000297	Syaq	Prbg.g_01461	Syaq.g_00205
OG0000297	Syaf	Prbg.g_01461	Syaf.g_01607
OG0000297	Syai	Prbg.g_01461	Syai.g_01754
OG0000297	Syam	Prbg.g_01461	Syam.g_00906
OG0000297	Syac	Prbg.g_01461	Syac.g_01475
OG0000297	Syah	Prbg.g_01461	Syah.g_01427
OG0000297	Syae	Prbg.g_01461	Syae.g_00645
OG0000297	Syad	Prbg.g_01461	Syad.g_01512
OG0000297	Syaj	Prbg.g_01461	Syaj.g_00639
OG0000297	Syak	Prbg.g_01461	Syak.g_00848
OG0000297	Syab	Prbg.g_01461	Syab.g_01016
OG0000297	Syal	Prbg.g_01461	Syal.g_01702
OG0000297	Pram	Prbg.g_01461	Pram.g_01114
OG0000297	Prbh	Prbg.g_01461	Prbh.g_01257
OG0000297	Prak	Prbg.g_01461	Prak.g_01147
OG0000297	Prap	Prbg.g_01461	Prap.g_00431
OG0000297	Prbe	Prbg.g_01461	Prbe.g_01524
OG0000297	Prbf	Prbg.g_01461	Prbf.g_00943
OG0000297	Prbn	Prbg.g_01461	Prbn.g_00387
OG0000298	Prab	Prbg.g_01460	Prab.g_01242
OG0000298	Pran	Prbg.g_01460	Pran.g_00037
OG0000298	Prae	Prbg.g_01460	Prae.g_01186
OG0000298	Prbi	Prbg.g_01460	Prbi.g_01230
OG0000298	Prbd	Prbg.g_01460	Prbd.g_00491
OG0000298	Praa	Prbg.g_01460	Praa.g_01182
OG0000298	Prax	Prbg.g_01460	Prax.g_00223
OG0000298	Pray	Prbg.g_01460	Pray.g_00040
OG0000298	Praz	Prbg.g_01460	Praz.g_00731
OG0000298	Prba	Prbg.g_01460	Prba.g_00040
OG0000298	Prag	Prbg.g_01460	Prag.g_01176
OG0000298	Praw	Prbg.g_01460	Praw.g_00257
OG0000298	Prac	Prbg.g_01460	Prac.g_00962
OG0000298	Prar	Prbg.g_01460	Prar.g_01240
OG0000298	Praq	Prbg.g_01460	Praq.g_01356
OG0000298	Pras	Prbg.g_01460	Pras.g_00079
OG0000298	Prau	Prbg.g_01460	Prau.g_01229
OG0000298	Prao	Prbg.g_01460	Prao.g_01066
OG0000298	Prad	Prbg.g_01460	Prad.g_01473
OG0000298	Prav	Prbg.g_01460	Prav.g_01858
OG0000298	Prai	Prbg.g_01460	Prai.g_01194
OG0000298	Prbc	Prbg.g_01460	Prbc.g_01420
OG0000298	Prbm	Prbg.g_01460	Prbm.g_01523
OG0000298	Prbb	Prbg.g_01460	Prbb.g_01490
OG0000298	Praj	Prbg.g_01460	Praj.g_01436
OG0000298	Syaf	Prbg.g_01460	Syaf.g_01606
OG0000298	Syai	Prbg.g_01460	Syai.g_01755
OG0000298	Syam	Prbg.g_01460	Syam.g_00905
OG0000298	Syaa	Prbg.g_01460	Syaa.g_01010
OG0000298	Syae	Prbg.g_01460	Syae.g_00646
OG0000298	Syad	Prbg.g_01460	Syad.g_01511
OG0000298	Syaj	Prbg.g_01460	Syaj.g_00638
OG0000298	Syap	Prbg.g_01460	Syap.g_01888
OG0000298	Syas	Prbg.g_01460	Syas.g_01123
OG0000298	Syat	Prbg.g_01460	Syat.g_00225
OG0000298	Syar	Prbg.g_01460	Syar.g_01968, Syar.g_03215
OG0000298	Syan	Prbg.g_01460	Syan.g_02645
OG0000298	Syao	Prbg.g_01460	Syao.g_00170
OG0000298	Syag	Prbg.g_01460	Syag.g_01098
OG0000298	Syaq	Prbg.g_01460	Syaq.g_00204
OG0000298	Syac	Prbg.g_01460	Syac.g_01476
OG0000298	Syah	Prbg.g_01460	Syah.g_01426
OG0000298	Prbj	Prbg.g_01460	Prbj.g_01914
OG0000298	Prbk	Prbg.g_01460	Prbk.g_01497
OG0000298	Prbl	Prbg.g_01460	Prbl.g_01383
OG0000298	Praf	Prbg.g_01460	Praf.g_00918
OG0000298	Prah	Prbg.g_01460	Prah.g_01258
OG0000298	Syak	Prbg.g_01460	Syak.g_00847
OG0000298	Syab	Prbg.g_01460	Syab.g_01017
OG0000298	Syal	Prbg.g_01460	Syal.g_01703
OG0000298	Pral	Prbg.g_01460	Pral.g_01395
OG0000298	Prat	Prbg.g_01460	Prat.g_01130
OG0000298	Pram	Prbg.g_01460	Pram.g_01113
OG0000298	Prbh	Prbg.g_01460	Prbh.g_01256
OG0000298	Prak	Prbg.g_01460	Prak.g_01146
OG0000298	Prap	Prbg.g_01460	Prap.g_00430
OG0000298	Prbe	Prbg.g_01460	Prbe.g_01523
OG0000298	Prbf	Prbg.g_01460	Prbf.g_00944
OG0000298	Prbn	Prbg.g_01460	Prbn.g_00388
OG0000299	Prab	Prbg.g_01441	Prab.g_01259
OG0000299	Pran	Prbg.g_01441	Pran.g_00020
OG0000299	Prai	Prbg.g_01441	Prai.g_01213
OG0000299	Prac	Prbg.g_01441	Prac.g_00945
OG0000299	Praq	Prbg.g_01441	Praq.g_01373
OG0000299	Prar	Prbg.g_01441	Prar.g_01223
OG0000299	Prav	Prbg.g_01441	Prav.g_01841
OG0000299	Prag	Prbg.g_01441	Prag.g_01193
OG0000299	Praw	Prbg.g_01441	Praw.g_00274
OG0000299	Prau	Prbg.g_01441	Prau.g_01246
OG0000299	Pray	Prbg.g_01441	Pray.g_00023
OG0000299	Praz	Prbg.g_01441	Praz.g_00714
OG0000299	Prba	Prbg.g_01441	Prba.g_00023
OG0000299	Prax	Prbg.g_01441	Prax.g_00240
OG0000299	Praa	Prbg.g_01441	Praa.g_01199
OG0000299	Prao	Prbg.g_01441	Prao.g_01049
OG0000299	Prbd	Prbg.g_01441	Prbd.g_00508
OG0000299	Prbi	Prbg.g_01441	Prbi.g_01247
OG0000299	Prae	Prbg.g_01441	Prae.g_01203
OG0000299	Pras	Prbg.g_01441	Pras.g_00096, Pras.g_00097
OG0000299	Prad	Prbg.g_01441	Prad.g_01455
OG0000299	Prbm	Prbg.g_01441	Prbm.g_01503
OG0000299	Prbb	Prbg.g_01441	Prbb.g_01471
OG0000299	Praj	Prbg.g_01441	Praj.g_01417
OG0000299	Prbc	Prbg.g_01441	Prbc.g_01401
OG0000299	Prah	Prbg.g_01441	Prah.g_01268
OG0000299	Praf	Prbg.g_01441	Praf.g_00908
OG0000299	Prbj	Prbg.g_01441	Prbj.g_01903
OG0000299	Prbk	Prbg.g_01441	Prbk.g_01508
OG0000299	Prbl	Prbg.g_01441	Prbl.g_01372
OG0000299	Syak	Prbg.g_01441	Syak.g_00820
OG0000299	Syab	Prbg.g_01441	Syab.g_01047
OG0000299	Syal	Prbg.g_01441	Syal.g_01732
OG0000299	Syag	Prbg.g_01441	Syag.g_01067
OG0000299	Syaq	Prbg.g_01441	Syaq.g_00171
OG0000299	Syar	Prbg.g_01441	Syar.g_01704
OG0000299	Syap	Prbg.g_01441	Syap.g_02620
OG0000299	Syas	Prbg.g_01441	Syas.g_01087
OG0000299	Syat	Prbg.g_01441	Syat.g_00910
OG0000299	Syan	Prbg.g_01441	Syan.g_02601
OG0000299	Syao	Prbg.g_01441	Syao.g_00231
OG0000299	Syae	Prbg.g_01441	Syae.g_00680
OG0000299	Syad	Prbg.g_01441	Syad.g_01462
OG0000299	Syaj	Prbg.g_01441	Syaj.g_00592
OG0000299	Syac	Prbg.g_01441	Syac.g_01503
OG0000299	Syah	Prbg.g_01441	Syah.g_01404
OG0000299	Syaa	Prbg.g_01441	Syaa.g_00982
OG0000299	Syaf	Prbg.g_01441	Syaf.g_01578
OG0000299	Syai	Prbg.g_01441	Syai.g_01783
OG0000299	Syam	Prbg.g_01441	Syam.g_00878
OG0000299	Pral	Prbg.g_01441	Pral.g_01415
OG0000299	Prat	Prbg.g_01441	Prat.g_01112
OG0000299	Pram	Prbg.g_01441	Pram.g_01094
OG0000299	Prbh	Prbg.g_01441	Prbh.g_01237
OG0000299	Prak	Prbg.g_01441	Prak.g_01127
OG0000299	Prap	Prbg.g_01441	Prap.g_00411
OG0000299	Prbe	Prbg.g_01441	Prbe.g_01504
OG0000299	Prbf	Prbg.g_01441	Prbf.g_00963
OG0000299	Prbn	Prbg.g_01441	Prbn.g_00407
OG0000300	Prab	Prbg.g_01438	Prab.g_01262
OG0000300	Pran	Prbg.g_01438	Pran.g_00017
OG0000300	Prai	Prbg.g_01438	Prai.g_01216
OG0000300	Prav	Prbg.g_01438	Prav.g_01838
OG0000300	Prbi	Prbg.g_01438	Prbi.g_01250
OG0000300	Pray	Prbg.g_01438	Pray.g_00020
OG0000300	Praz	Prbg.g_01438	Praz.g_00711
OG0000300	Prba	Prbg.g_01438	Prba.g_00020
OG0000300	Prac	Prbg.g_01438	Prac.g_00942
OG0000300	Prar	Prbg.g_01438	Prar.g_01220
OG0000300	Praq	Prbg.g_01438	Praq.g_01376
OG0000300	Prag	Prbg.g_01438	Prag.g_01196
OG0000300	Praw	Prbg.g_01438	Praw.g_00277
OG0000300	Prad	Prbg.g_01438	Prad.g_01452
OG0000300	Prao	Prbg.g_01438	Prao.g_01046
OG0000300	Pras	Prbg.g_01438	Pras.g_00100
OG0000300	Prau	Prbg.g_01438	Prau.g_01249
OG0000300	Praa	Prbg.g_01438	Praa.g_01202
OG0000300	Prae	Prbg.g_01438	Prae.g_01206
OG0000300	Prax	Prbg.g_01438	Prax.g_00243
OG0000300	Prbd	Prbg.g_01438	Prbd.g_00511
OG0000300	Prbc	Prbg.g_01438	Prbc.g_01398
OG0000300	Praj	Prbg.g_01438	Praj.g_01414
OG0000300	Prbb	Prbg.g_01438	Prbb.g_01468
OG0000300	Prbm	Prbg.g_01438	Prbm.g_01500
OG0000300	Syam	Prbg.g_01438	Syam.g_00871
OG0000300	Syaf	Prbg.g_01438	Syaf.g_01571
OG0000300	Syai	Prbg.g_01438	Syai.g_01790
OG0000300	Syae	Prbg.g_01438	Syae.g_00686
OG0000300	Syaa	Prbg.g_01438	Syaa.g_00976
OG0000300	Syad	Prbg.g_01438	Syad.g_01455
OG0000300	Syaj	Prbg.g_01438	Syaj.g_00586
OG0000300	Syac	Prbg.g_01438	Syac.g_01510
OG0000300	Syah	Prbg.g_01438	Syah.g_01397
OG0000300	Syar	Prbg.g_01438	Syar.g_01646, Syar.g_01711
OG0000300	Syas	Prbg.g_01438	Syas.g_01082
OG0000300	Syat	Prbg.g_01438	Syat.g_00904
OG0000300	Syag	Prbg.g_01438	Syag.g_01062
OG0000300	Syao	Prbg.g_01438	Syao.g_00274
OG0000300	Syan	Prbg.g_01438	Syan.g_02593, Syan.g_02594
OG0000300	Syaq	Prbg.g_01438	Syaq.g_00164
OG0000300	Syak	Prbg.g_01438	Syak.g_00813
OG0000300	Syab	Prbg.g_01438	Syab.g_01054
OG0000300	Syal	Prbg.g_01438	Syal.g_01738
OG0000300	Prbj	Prbg.g_01438	Prbj.g_02155
OG0000300	Prbk	Prbg.g_01438	Prbk.g_00186
OG0000300	Prbl	Prbg.g_01438	Prbl.g_02582
OG0000300	Praf	Prbg.g_01438	Praf.g_00902
OG0000300	Prah	Prbg.g_01438	Prah.g_01275
OG0000300	Pral	Prbg.g_01438	Pral.g_01419
OG0000300	Prat	Prbg.g_01438	Prat.g_01108
OG0000300	Pram	Prbg.g_01438	Pram.g_01091
OG0000300	Prbh	Prbg.g_01438	Prbh.g_01234
OG0000300	Prak	Prbg.g_01438	Prak.g_01124
OG0000300	Prap	Prbg.g_01438	Prap.g_00408
OG0000300	Prbe	Prbg.g_01438	Prbe.g_01501
OG0000300	Prbf	Prbg.g_01438	Prbf.g_00966
OG0000300	Prbn	Prbg.g_01438	Prbn.g_00410
OG0000301	Prab	Prbg.g_01437	Prab.g_01263
OG0000301	Pran	Prbg.g_01437	Pran.g_00016
OG0000301	Prai	Prbg.g_01437	Prai.g_01217
OG0000301	Prbi	Prbg.g_01437	Prbi.g_01251
OG0000301	Prac	Prbg.g_01437	Prac.g_00941
OG0000301	Praq	Prbg.g_01437	Praq.g_01377
OG0000301	Prar	Prbg.g_01437	Prar.g_01219
OG0000301	Pray	Prbg.g_01437	Pray.g_00019
OG0000301	Praz	Prbg.g_01437	Praz.g_00710
OG0000301	Prba	Prbg.g_01437	Prba.g_00019
OG0000301	Prad	Prbg.g_01437	Prad.g_01451
OG0000301	Prag	Prbg.g_01437	Prag.g_01197
OG0000301	Praw	Prbg.g_01437	Praw.g_00278
OG0000301	Prbd	Prbg.g_01437	Prbd.g_00512
OG0000301	Prao	Prbg.g_01437	Prao.g_01045
OG0000301	Prax	Prbg.g_01437	Prax.g_00244
OG0000301	Praa	Prbg.g_01437	Praa.g_01203
OG0000301	Pras	Prbg.g_01437	Pras.g_00101
OG0000301	Prau	Prbg.g_01437	Prau.g_01250
OG0000301	Prae	Prbg.g_01437	Prae.g_01207
OG0000301	Prav	Prbg.g_01437	Prav.g_00955, Prav.g_01837
OG0000301	Praj	Prbg.g_01437	Praj.g_01413
OG0000301	Prbb	Prbg.g_01437	Prbb.g_01467
OG0000301	Prbc	Prbg.g_01437	Prbc.g_01397
OG0000301	Prbm	Prbg.g_01437	Prbm.g_01499
OG0000301	Prbj	Prbg.g_01437	Prbj.g_02156
OG0000301	Prbk	Prbg.g_01437	Prbk.g_00185
OG0000301	Prbl	Prbg.g_01437	Prbl.g_02583
OG0000301	Praf	Prbg.g_01437	Praf.g_00901
OG0000301	Prah	Prbg.g_01437	Prah.g_01276
OG0000301	Syaq	Prbg.g_01437	Syaq.g_00163
OG0000301	Syak	Prbg.g_01437	Syak.g_00812
OG0000301	Syab	Prbg.g_01437	Syab.g_01055
OG0000301	Syal	Prbg.g_01437	Syal.g_01739
OG0000301	Syas	Prbg.g_01437	Syas.g_01081
OG0000301	Syan	Prbg.g_01437	Syan.g_02592
OG0000301	Syag	Prbg.g_01437	Syag.g_01061
OG0000301	Syao	Prbg.g_01437	Syao.g_00272, Syao.g_00273
OG0000301	Syar	Prbg.g_01437	Syar.g_01712
OG0000301	Syat	Prbg.g_01437	Syat.g_00903
OG0000301	Syaa	Prbg.g_01437	Syaa.g_00975
OG0000301	Syad	Prbg.g_01437	Syad.g_01454
OG0000301	Syaj	Prbg.g_01437	Syaj.g_00585
OG0000301	Syae	Prbg.g_01437	Syae.g_00687
OG0000301	Syac	Prbg.g_01437	Syac.g_01511
OG0000301	Syah	Prbg.g_01437	Syah.g_01396
OG0000301	Syam	Prbg.g_01437	Syam.g_00870
OG0000301	Syaf	Prbg.g_01437	Syaf.g_01570
OG0000301	Syai	Prbg.g_01437	Syai.g_01791
OG0000301	Pral	Prbg.g_01437	Pral.g_01420
OG0000301	Prat	Prbg.g_01437	Prat.g_01107
OG0000301	Pram	Prbg.g_01437	Pram.g_01090
OG0000301	Prbh	Prbg.g_01437	Prbh.g_01233
OG0000301	Prak	Prbg.g_01437	Prak.g_01123
OG0000301	Prap	Prbg.g_01437	Prap.g_00407
OG0000301	Prbe	Prbg.g_01437	Prbe.g_01500
OG0000301	Prbf	Prbg.g_01437	Prbf.g_00967
OG0000301	Prbn	Prbg.g_01437	Prbn.g_00411
OG0000302	Prai	Prbg.g_01435	Prai.g_01219
OG0000302	Prab	Prbg.g_01435	Prab.g_01265
OG0000302	Pran	Prbg.g_01435	Pran.g_00014
OG0000302	Prav	Prbg.g_01435	Prav.g_01835
OG0000302	Pray	Prbg.g_01435	Pray.g_00017
OG0000302	Praz	Prbg.g_01435	Praz.g_00708
OG0000302	Prba	Prbg.g_01435	Prba.g_00017
OG0000302	Prac	Prbg.g_01435	Prac.g_00939
OG0000302	Praq	Prbg.g_01435	Praq.g_01379
OG0000302	Prar	Prbg.g_01435	Prar.g_01217
OG0000302	Prbi	Prbg.g_01435	Prbi.g_01253
OG0000302	Prad	Prbg.g_01435	Prad.g_01449
OG0000302	Prag	Prbg.g_01435	Prag.g_01199
OG0000302	Praw	Prbg.g_01435	Praw.g_00280
OG0000302	Prao	Prbg.g_01435	Prao.g_01043
OG0000302	Praa	Prbg.g_01435	Praa.g_01205
OG0000302	Prbd	Prbg.g_01435	Prbd.g_00514
OG0000302	Prax	Prbg.g_01435	Prax.g_00246
OG0000302	Pras	Prbg.g_01435	Pras.g_00103
OG0000302	Prau	Prbg.g_01435	Prau.g_01252
OG0000302	Prae	Prbg.g_01435	Prae.g_01209
OG0000302	Praj	Prbg.g_01435	Praj.g_01410
OG0000302	Prbb	Prbg.g_01435	Prbb.g_01464
OG0000302	Prbc	Prbg.g_01435	Prbc.g_01395
OG0000302	Prbm	Prbg.g_01435	Prbm.g_01497
OG0000302	Prbj	Prbg.g_01435	Prbj.g_02159
OG0000302	Prbk	Prbg.g_01435	Prbk.g_00182
OG0000302	Prbl	Prbg.g_01435	Prbl.g_02586
OG0000302	Praf	Prbg.g_01435	Praf.g_00898
OG0000302	Prah	Prbg.g_01435	Prah.g_01279
OG0000302	Syaa	Prbg.g_01435	Syaa.g_00972
OG0000302	Syad	Prbg.g_01435	Syad.g_01453
OG0000302	Syaj	Prbg.g_01435	Syaj.g_00582
OG0000302	Syae	Prbg.g_01435	Syae.g_00691
OG0000302	Syac	Prbg.g_01435	Syac.g_01512
OG0000302	Syah	Prbg.g_01435	Syah.g_01395
OG0000302	Syam	Prbg.g_01435	Syam.g_00868
OG0000302	Syaf	Prbg.g_01435	Syaf.g_01568
OG0000302	Syai	Prbg.g_01435	Syai.g_01793
OG0000302	Syaq	Prbg.g_01435	Syaq.g_00162
OG0000302	Syak	Prbg.g_01435	Syak.g_00811
OG0000302	Syab	Prbg.g_01435	Syab.g_01056
OG0000302	Syal	Prbg.g_01435	Syal.g_01740
OG0000302	Syar	Prbg.g_01435	Syar.g_01713
OG0000302	Syas	Prbg.g_01435	Syas.g_01080
OG0000302	Syat	Prbg.g_01435	Syat.g_00901
OG0000302	Syan	Prbg.g_01435	Syan.g_02591
OG0000302	Syag	Prbg.g_01435	Syag.g_01060
OG0000302	Syao	Prbg.g_01435	Syao.g_00271
OG0000302	Syap	Prbg.g_01435	Syap.g_02444, Syap.g_02445
OG0000302	Pral	Prbg.g_01435	Pral.g_01422
OG0000302	Prat	Prbg.g_01435	Prat.g_01105
OG0000302	Pram	Prbg.g_01435	Pram.g_01088
OG0000302	Prbh	Prbg.g_01435	Prbh.g_01231
OG0000302	Prak	Prbg.g_01435	Prak.g_01121
OG0000302	Prap	Prbg.g_01435	Prap.g_00405
OG0000302	Prbe	Prbg.g_01435	Prbe.g_01498
OG0000302	Prbf	Prbg.g_01435	Prbf.g_00969
OG0000302	Prbn	Prbg.g_01435	Prbn.g_00413
OG0000303	Prab	Prbg.g_01429	Prab.g_01272
OG0000303	Pran	Prbg.g_01429	Pran.g_00007
OG0000303	Prai	Prbg.g_01429	Prai.g_01226
OG0000303	Prav	Prbg.g_01429	Prav.g_01828
OG0000303	Pray	Prbg.g_01429	Pray.g_00010
OG0000303	Praz	Prbg.g_01429	Praz.g_00701
OG0000303	Prba	Prbg.g_01429	Prba.g_00010
OG0000303	Prac	Prbg.g_01429	Prac.g_00932
OG0000303	Praq	Prbg.g_01429	Praq.g_01386
OG0000303	Prar	Prbg.g_01429	Prar.g_01210
OG0000303	Prag	Prbg.g_01429	Prag.g_01206
OG0000303	Praw	Prbg.g_01429	Praw.g_00287
OG0000303	Prao	Prbg.g_01429	Prao.g_01036
OG0000303	Pras	Prbg.g_01429	Pras.g_00110
OG0000303	Prau	Prbg.g_01429	Prau.g_01259
OG0000303	Praa	Prbg.g_01429	Praa.g_01212
OG0000303	Prbd	Prbg.g_01429	Prbd.g_00521
OG0000303	Prax	Prbg.g_01429	Prax.g_00253
OG0000303	Prad	Prbg.g_01429	Prad.g_01442
OG0000303	Prae	Prbg.g_01429	Prae.g_01216
OG0000303	Prbi	Prbg.g_01429	Prbi.g_01260
OG0000303	Pral	Prbg.g_01429	Pral.g_01428
OG0000303	Prat	Prbg.g_01429	Prat.g_01099
OG0000303	Prbb	Prbg.g_01429	Prbb.g_01459
OG0000303	Prbc	Prbg.g_01429	Prbc.g_01390
OG0000303	Praj	Prbg.g_01429	Praj.g_01405
OG0000303	Prbm	Prbg.g_01429	Prbm.g_01492
OG0000303	Praf	Prbg.g_01429	Praf.g_00888
OG0000303	Prbj	Prbg.g_01429	Prbj.g_00314
OG0000303	Prbk	Prbg.g_01429	Prbk.g_00097
OG0000303	Prbl	Prbg.g_01429	Prbl.g_00187
OG0000303	Prah	Prbg.g_01429	Prah.g_01289
OG0000303	Syac	Prbg.g_01429	Syac.g_01520
OG0000303	Syah	Prbg.g_01429	Syah.g_01387
OG0000303	Syar	Prbg.g_01429	Syar.g_03136, Syar.g_01723
OG0000303	Syai	Prbg.g_01429	Syai.g_01802
OG0000303	Syaf	Prbg.g_01429	Syaf.g_01559
OG0000303	Syam	Prbg.g_01429	Syam.g_00859
OG0000303	Syaq	Prbg.g_01429	Syaq.g_00152
OG0000303	Syag	Prbg.g_01429	Syag.g_01048
OG0000303	Syak	Prbg.g_01429	Syak.g_00674
OG0000303	Syab	Prbg.g_01429	Syab.g_01149
OG0000303	Syal	Prbg.g_01429	Syal.g_01763
OG0000303	Syas	Prbg.g_01429	Syas.g_01071
OG0000303	Syap	Prbg.g_01429	Syap.g_02435
OG0000303	Syat	Prbg.g_01429	Syat.g_00892
OG0000303	Syao	Prbg.g_01429	Syao.g_00262
OG0000303	Syan	Prbg.g_01429	Syan.g_02582
OG0000303	Syad	Prbg.g_01429	Syad.g_01442
OG0000303	Syaj	Prbg.g_01429	Syaj.g_00572
OG0000303	Syaa	Prbg.g_01429	Syaa.g_00963
OG0000303	Syae	Prbg.g_01429	Syae.g_00700
OG0000303	Pram	Prbg.g_01429	Pram.g_01082
OG0000303	Prbh	Prbg.g_01429	Prbh.g_01225
OG0000303	Prak	Prbg.g_01429	Prak.g_01115
OG0000303	Prap	Prbg.g_01429	Prap.g_00399
OG0000303	Prbe	Prbg.g_01429	Prbe.g_01492
OG0000303	Prbf	Prbg.g_01429	Prbf.g_00975
OG0000303	Prbn	Prbg.g_01429	Prbn.g_00419
OG0000304	Prag	Prbg.g_00352	Prag.g_01210
OG0000304	Praw	Prbg.g_00352	Praw.g_00291
OG0000304	Prav	Prbg.g_00352	Prav.g_01824
OG0000304	Prad	Prbg.g_00352	Prad.g_01438
OG0000304	Prbd	Prbg.g_00352	Prbd.g_00525
OG0000304	Prae	Prbg.g_00352	Prae.g_01220
OG0000304	Prao	Prbg.g_00352	Prao.g_01032
OG0000304	Prax	Prbg.g_00352	Prax.g_00257
OG0000304	Pras	Prbg.g_00352	Pras.g_00114
OG0000304	Prau	Prbg.g_00352	Prau.g_01263
OG0000304	Praa	Prbg.g_00352	Praa.g_01216
OG0000304	Prbi	Prbg.g_00352	Prbi.g_01264
OG0000304	Prab	Prbg.g_00352	Prab.g_01276
OG0000304	Pran	Prbg.g_00352	Pran.g_00003
OG0000304	Prai	Prbg.g_00352	Prai.g_01230
OG0000304	Prac	Prbg.g_00352	Prac.g_00928
OG0000304	Praq	Prbg.g_00352	Praq.g_01390
OG0000304	Prar	Prbg.g_00352	Prar.g_01206
OG0000304	Pray	Prbg.g_00352	Pray.g_00006
OG0000304	Praz	Prbg.g_00352	Praz.g_00697
OG0000304	Prba	Prbg.g_00352	Prba.g_00006
OG0000304	Prbm	Prbg.g_00352	Prbm.g_01489
OG0000304	Prbb	Prbg.g_00352	Prbb.g_01456
OG0000304	Praj	Prbg.g_00352	Praj.g_01402
OG0000304	Prbc	Prbg.g_00352	Prbc.g_01387
OG0000304	Prbj	Prbg.g_00352	Prbj.g_00020
OG0000304	Prbl	Prbg.g_00352	Prbl.g_01102
OG0000304	Prbk	Prbg.g_00352	Prbk.g_00121
OG0000304	Praf	Prbg.g_00352	Praf.g_00938
OG0000304	Prah	Prbg.g_00352	Prah.g_01237, Prah.g_01238
OG0000304	Syac	Prbg.g_00352	Syac.g_01526
OG0000304	Syah	Prbg.g_00352	Syah.g_01382
OG0000304	Syaa	Prbg.g_00352	Syaa.g_00957
OG0000304	Syaf	Prbg.g_00352	Syaf.g_01551
OG0000304	Syai	Prbg.g_00352	Syai.g_01826
OG0000304	Syam	Prbg.g_00352	Syam.g_00853
OG0000304	Syae	Prbg.g_00352	Syae.g_00706
OG0000304	Syad	Prbg.g_00352	Syad.g_01436
OG0000304	Syaj	Prbg.g_00352	Syaj.g_00566
OG0000304	Syag	Prbg.g_00352	Syag.g_01041
OG0000304	Syak	Prbg.g_00352	Syak.g_00680
OG0000304	Syab	Prbg.g_00352	Syab.g_01143
OG0000304	Syal	Prbg.g_00352	Syal.g_01756
OG0000304	Syan	Prbg.g_00352	Syan.g_02556
OG0000304	Syaq	Prbg.g_00352	Syaq.g_00146
OG0000304	Syao	Prbg.g_00352	Syao.g_00256
OG0000304	Syap	Prbg.g_00352	Syap.g_02430
OG0000304	Syas	Prbg.g_00352	Syas.g_01066
OG0000304	Syar	Prbg.g_00352	Syar.g_01728
OG0000304	Syat	Prbg.g_00352	Syat.g_00885
OG0000304	Pral	Prbg.g_00352	Pral.g_00455
OG0000304	Prat	Prbg.g_00352	Prat.g_00595
OG0000304	Pram	Prbg.g_00352	Pram.g_00571
OG0000304	Prbh	Prbg.g_00352	Prbh.g_01450
OG0000304	Prak	Prbg.g_00352	Prak.g_00594
OG0000304	Prap	Prbg.g_00352	Prap.g_01135
OG0000304	Prbe	Prbg.g_00352	Prbe.g_00501
OG0000304	Prbf	Prbg.g_00352	Prbf.g_01915
OG0000304	Prbn	Prbg.g_00352	Prbn.g_00482
OG0000305	Prab	Prbg.g_01529	Prab.g_01353
OG0000305	Pran	Prbg.g_01529	Pran.g_00848
OG0000305	Prai	Prbg.g_01529	Prai.g_01362
OG0000305	Prac	Prbg.g_01529	Prac.g_00209
OG0000305	Praq	Prbg.g_01529	Praq.g_00167
OG0000305	Prar	Prbg.g_01529	Prar.g_00919
OG0000305	Prav	Prbg.g_01529	Prav.g_01465
OG0000305	Pray	Prbg.g_01529	Pray.g_01837
OG0000305	Praz	Prbg.g_01529	Praz.g_01147
OG0000305	Prba	Prbg.g_01529	Prba.g_00204
OG0000305	Prbi	Prbg.g_01529	Prbi.g_01431
OG0000305	Prae	Prbg.g_01529	Prae.g_01360
OG0000305	Praa	Prbg.g_01529	Praa.g_01358
OG0000305	Prao	Prbg.g_01529	Prao.g_01247
OG0000305	Prax	Prbg.g_01529	Prax.g_01871
OG0000305	Prbd	Prbg.g_01529	Prbd.g_01772
OG0000305	Prad	Prbg.g_01529	Prad.g_00602
OG0000305	Prag	Prbg.g_01529	Prag.g_01381
OG0000305	Praw	Prbg.g_01529	Praw.g_01008
OG0000305	Pras	Prbg.g_01529	Pras.g_00242
OG0000305	Prau	Prbg.g_01529	Prau.g_01401
OG0000305	Pram	Prbg.g_01529	Pram.g_01183
OG0000305	Prbh	Prbg.g_01529	Prbh.g_01326
OG0000305	Pral	Prbg.g_01529	Pral.g_01323
OG0000305	Prat	Prbg.g_01529	Prat.g_01200
OG0000305	Prbb	Prbg.g_01529	Prbb.g_01789
OG0000305	Prbc	Prbg.g_01529	Prbc.g_00810
OG0000305	Praj	Prbg.g_01529	Praj.g_01734
OG0000305	Prbm	Prbg.g_01529	Prbm.g_01812
OG0000305	Prbj	Prbg.g_01529	Prbj.g_01837
OG0000305	Prbk	Prbg.g_01529	Prbk.g_00055
OG0000305	Prbl	Prbg.g_01529	Prbl.g_00926
OG0000305	Praf	Prbg.g_01529	Praf.g_01271
OG0000305	Prah	Prbg.g_01529	Prah.g_00918
OG0000305	Syaq	Prbg.g_01529	Syaq.g_02677
OG0000305	Syal	Prbg.g_01529	Syal.g_01821
OG0000305	Syag	Prbg.g_01529	Syag.g_00977
OG0000305	Syab	Prbg.g_01529	Syab.g_01208
OG0000305	Syak	Prbg.g_01529	Syak.g_00732
OG0000305	Syan	Prbg.g_01529	Syan.g_00195
OG0000305	Syao	Prbg.g_01529	Syao.g_00388
OG0000305	Syat	Prbg.g_01529	Syat.g_00809
OG0000305	Syap	Prbg.g_01529	Syap.g_01557
OG0000305	Syas	Prbg.g_01529	Syas.g_01023
OG0000305	Syad	Prbg.g_01529	Syad.g_01292
OG0000305	Syaj	Prbg.g_01529	Syaj.g_00429
OG0000305	Syae	Prbg.g_01529	Syae.g_00791
OG0000305	Syar	Prbg.g_01529	Syar.g_01933, Syar.g_03163
OG0000305	Syaa	Prbg.g_01529	Syaa.g_00881
OG0000305	Syac	Prbg.g_01529	Syac.g_00886
OG0000305	Syah	Prbg.g_01529	Syah.g_02028
OG0000305	Syaf	Prbg.g_01529	Syaf.g_01444
OG0000305	Syai	Prbg.g_01529	Syai.g_02005
OG0000305	Syam	Prbg.g_01529	Syam.g_00776
OG0000305	Prak	Prbg.g_01529	Prak.g_01215
OG0000305	Prap	Prbg.g_01529	Prap.g_00499
OG0000305	Prbe	Prbg.g_01529	Prbe.g_01592
OG0000305	Prbf	Prbg.g_01529	Prbf.g_00875
OG0000305	Prbn	Prbg.g_01529	Prbn.g_01146
OG0000306	Prai	Prbg.g_01223	Prai.g_01365
OG0000306	Prax	Prbg.g_01223	Prax.g_01868
OG0000306	Praa	Prbg.g_01223	Praa.g_01361
OG0000306	Prbd	Prbg.g_01223	Prbd.g_01769
OG0000306	Pras	Prbg.g_01223	Pras.g_00245
OG0000306	Prau	Prbg.g_01223	Prau.g_01404
OG0000306	Prae	Prbg.g_01223	Prae.g_01363
OG0000306	Prbi	Prbg.g_01223	Prbi.g_01434
OG0000306	Prao	Prbg.g_01223	Prao.g_01244
OG0000306	Prad	Prbg.g_01223	Prad.g_00599
OG0000306	Pray	Prbg.g_01223	Pray.g_01834
OG0000306	Praz	Prbg.g_01223	Praz.g_01144
OG0000306	Prba	Prbg.g_01223	Prba.g_00201
OG0000306	Prac	Prbg.g_01223	Prac.g_00212
OG0000306	Praq	Prbg.g_01223	Praq.g_00170
OG0000306	Prar	Prbg.g_01223	Prar.g_00916
OG0000306	Prag	Prbg.g_01223	Prag.g_01384
OG0000306	Praw	Prbg.g_01223	Praw.g_01011
OG0000306	Prav	Prbg.g_01223	Prav.g_01468
OG0000306	Prab	Prbg.g_01223	Prab.g_01355
OG0000306	Pran	Prbg.g_01223	Pran.g_00846
OG0000306	Syaa	Prbg.g_01223	Syaa.g_00807
OG0000306	Syag	Prbg.g_01223	Syag.g_00460
OG0000306	Syae	Prbg.g_01223	Syae.g_00277
OG0000306	Syad	Prbg.g_01223	Syad.g_01989
OG0000306	Syaj	Prbg.g_01223	Syaj.g_01126
OG0000306	Syab	Prbg.g_01223	Syab.g_01819
OG0000306	Syal	Prbg.g_01223	Syal.g_02579
OG0000306	Syak	Prbg.g_01223	Syak.g_00094
OG0000306	Syaq	Prbg.g_01223	Syaq.g_01861
OG0000306	Syan	Prbg.g_01223	Syan.g_00087
OG0000306	Praf	Prbg.g_01223	Praf.g_01635
OG0000306	Prah	Prbg.g_01223	Prah.g_00560
OG0000306	Prbj	Prbg.g_01223	Prbj.g_02521
OG0000306	Prbk	Prbg.g_01223	Prbk.g_02578
OG0000306	Prbl	Prbg.g_01223	Prbl.g_01586
OG0000306	Syat	Prbg.g_01223	Syat.g_01704
OG0000306	Syar	Prbg.g_01223	Syar.g_01884, Syar.g_03140
OG0000306	Syas	Prbg.g_01223	Syas.g_01929
OG0000306	Syap	Prbg.g_01223	Syap.g_01966
OG0000306	Syaf	Prbg.g_01223	Syaf.g_01332
OG0000306	Syai	Prbg.g_01223	Syai.g_02090
OG0000306	Syam	Prbg.g_01223	Syam.g_01757
OG0000306	Syac	Prbg.g_01223	Syac.g_00810
OG0000306	Syah	Prbg.g_01223	Syah.g_02116
OG0000306	Syao	Prbg.g_01223	Syao.g_01216
OG0000306	Prat	Prbg.g_01223	Prat.g_00976
OG0000306	Prbm	Prbg.g_01223	Prbm.g_00875
OG0000306	Praj	Prbg.g_01223	Praj.g_00833
OG0000306	Prbb	Prbg.g_01223	Prbb.g_00845
OG0000306	Prbc	Prbg.g_01223	Prbc.g_01921
OG0000306	Pral	Prbg.g_01223	Pral.g_01550
OG0000306	Pram	Prbg.g_01223	Pram.g_00874
OG0000306	Prbh	Prbg.g_01223	Prbh.g_01017
OG0000306	Prak	Prbg.g_01223	Prak.g_00909
OG0000306	Prap	Prbg.g_01223	Prap.g_00719
OG0000306	Prbe	Prbg.g_01223	Prbe.g_01286
OG0000306	Prbf	Prbg.g_01223	Prbf.g_01181
OG0000306	Prbn	Prbg.g_01223	Prbn.g_01482
OG0000307	Prab	Prbg.g_00538	Prab.g_01369
OG0000307	Pran	Prbg.g_00538	Pran.g_00832
OG0000307	Prai	Prbg.g_00538	Prai.g_01379
OG0000307	Prad	Prbg.g_00538	Prad.g_00585
OG0000307	Prbd	Prbg.g_00538	Prbd.g_01755
OG0000307	Prao	Prbg.g_00538	Prao.g_01230
OG0000307	Praa	Prbg.g_00538	Praa.g_01375
OG0000307	Prax	Prbg.g_00538	Prax.g_01854
OG0000307	Prbi	Prbg.g_00538	Prbi.g_01448
OG0000307	Pray	Prbg.g_00538	Pray.g_01820
OG0000307	Praz	Prbg.g_00538	Praz.g_01130
OG0000307	Prba	Prbg.g_00538	Prba.g_00187
OG0000307	Pras	Prbg.g_00538	Pras.g_00259
OG0000307	Prau	Prbg.g_00538	Prau.g_01418
OG0000307	Prae	Prbg.g_00538	Prae.g_01377
OG0000307	Prav	Prbg.g_00538	Prav.g_01482
OG0000307	Prac	Prbg.g_00538	Prac.g_00226
OG0000307	Praq	Prbg.g_00538	Praq.g_00186
OG0000307	Prar	Prbg.g_00538	Prar.g_00902
OG0000307	Prag	Prbg.g_00538	Prag.g_01398
OG0000307	Praw	Prbg.g_00538	Praw.g_01025
OG0000307	Praj	Prbg.g_00538	Praj.g_01584
OG0000307	Prbb	Prbg.g_00538	Prbb.g_01648
OG0000307	Prbc	Prbg.g_00538	Prbc.g_00666
OG0000307	Prbm	Prbg.g_00538	Prbm.g_01669
OG0000307	Prah	Prbg.g_00538	Prah.g_01584
OG0000307	Praf	Prbg.g_00538	Praf.g_00575
OG0000307	Prbj	Prbg.g_00538	Prbj.g_01647
OG0000307	Prbk	Prbg.g_00538	Prbk.g_02044
OG0000307	Prbl	Prbg.g_00538	Prbl.g_00494
OG0000307	Syab	Prbg.g_00538	Syab.g_02078
OG0000307	Syal	Prbg.g_00538	Syal.g_02880
OG0000307	Syak	Prbg.g_00538	Syak.g_02556
OG0000307	Syag	Prbg.g_00538	Syag.g_01546
OG0000307	Syaq	Prbg.g_00538	Syaq.g_01754
OG0000307	Syae	Prbg.g_00538	Syae.g_02290
OG0000307	Syar	Prbg.g_00538	Syar.g_01452, Syar.g_03153
OG0000307	Syaa	Prbg.g_00538	Syaa.g_02068
OG0000307	Syad	Prbg.g_00538	Syad.g_00883
OG0000307	Syaj	Prbg.g_00538	Syaj.g_00051
OG0000307	Syaf	Prbg.g_00538	Syaf.g_02742
OG0000307	Syai	Prbg.g_00538	Syai.g_00619
OG0000307	Syam	Prbg.g_00538	Syam.g_00566
OG0000307	Syac	Prbg.g_00538	Syac.g_01924
OG0000307	Syah	Prbg.g_00538	Syah.g_00978
OG0000307	Syan	Prbg.g_00538	Syan.g_02782
OG0000307	Syao	Prbg.g_00538	Syao.g_00045
OG0000307	Syas	Prbg.g_00538	Syas.g_01270
OG0000307	Syap	Prbg.g_00538	Syap.g_02517
OG0000307	Syat	Prbg.g_00538	Syat.g_01304
OG0000307	Pral	Prbg.g_00538	Pral.g_01213
OG0000307	Prat	Prbg.g_00538	Prat.g_01300
OG0000307	Pram	Prbg.g_00538	Pram.g_01458
OG0000307	Prbh	Prbg.g_00538	Prbh.g_00019
OG0000307	Prak	Prbg.g_00538	Prak.g_01338
OG0000307	Prap	Prbg.g_00538	Prap.g_00068
OG0000307	Prbe	Prbg.g_00538	Prbe.g_00364
OG0000307	Prbf	Prbg.g_00538	Prbf.g_00104
OG0000307	Prbn	Prbg.g_00538	Prbn.g_00159
OG0000308	Prab	Prbg.g_00539	Prab.g_01370
OG0000308	Pran	Prbg.g_00539	Pran.g_00831
OG0000308	Prai	Prbg.g_00539	Prai.g_01380
OG0000308	Pray	Prbg.g_00539	Pray.g_01819
OG0000308	Praz	Prbg.g_00539	Praz.g_01129
OG0000308	Prba	Prbg.g_00539	Prba.g_00186
OG0000308	Prag	Prbg.g_00539	Prag.g_01399
OG0000308	Praw	Prbg.g_00539	Praw.g_01026
OG0000308	Prao	Prbg.g_00539	Prao.g_01229
OG0000308	Prav	Prbg.g_00539	Prav.g_01483
OG0000308	Prax	Prbg.g_00539	Prax.g_01853
OG0000308	Prbd	Prbg.g_00539	Prbd.g_01754
OG0000308	Praa	Prbg.g_00539	Praa.g_01376
OG0000308	Prae	Prbg.g_00539	Prae.g_01378
OG0000308	Pras	Prbg.g_00539	Pras.g_00260
OG0000308	Prau	Prbg.g_00539	Prau.g_01419
OG0000308	Prac	Prbg.g_00539	Prac.g_00227
OG0000308	Praq	Prbg.g_00539	Praq.g_00187
OG0000308	Prar	Prbg.g_00539	Prar.g_00901
OG0000308	Prbi	Prbg.g_00539	Prbi.g_01449
OG0000308	Prad	Prbg.g_00539	Prad.g_00584
OG0000308	Prbb	Prbg.g_00539	Prbb.g_01649
OG0000308	Prbc	Prbg.g_00539	Prbc.g_00667
OG0000308	Praj	Prbg.g_00539	Praj.g_01585
OG0000308	Prbm	Prbg.g_00539	Prbm.g_01670
OG0000308	Prah	Prbg.g_00539	Prah.g_01586
OG0000308	Praf	Prbg.g_00539	Praf.g_00573
OG0000308	Prbj	Prbg.g_00539	Prbj.g_01649
OG0000308	Prbk	Prbg.g_00539	Prbk.g_02042
OG0000308	Prbl	Prbg.g_00539	Prbl.g_00492
OG0000308	Syak	Prbg.g_00539	Syak.g_02554
OG0000308	Syab	Prbg.g_00539	Syab.g_02076
OG0000308	Syal	Prbg.g_00539	Syal.g_02878
OG0000308	Syag	Prbg.g_00539	Syag.g_01548
OG0000308	Syaq	Prbg.g_00539	Syaq.g_01752
OG0000308	Syan	Prbg.g_00539	Syan.g_02784
OG0000308	Syao	Prbg.g_00539	Syao.g_00047
OG0000308	Syar	Prbg.g_00539	Syar.g_01450
OG0000308	Syap	Prbg.g_00539	Syap.g_02514, Syap.g_02515
OG0000308	Syat	Prbg.g_00539	Syat.g_01306
OG0000308	Syas	Prbg.g_00539	Syas.g_01272
OG0000308	Syaa	Prbg.g_00539	Syaa.g_02070
OG0000308	Syad	Prbg.g_00539	Syad.g_00881
OG0000308	Syaj	Prbg.g_00539	Syaj.g_00049
OG0000308	Syae	Prbg.g_00539	Syae.g_02288
OG0000308	Syac	Prbg.g_00539	Syac.g_01926
OG0000308	Syah	Prbg.g_00539	Syah.g_00976
OG0000308	Syaf	Prbg.g_00539	Syaf.g_02744
OG0000308	Syai	Prbg.g_00539	Syai.g_00617
OG0000308	Syam	Prbg.g_00539	Syam.g_00564
OG0000308	Pral	Prbg.g_00539	Pral.g_01212
OG0000308	Prat	Prbg.g_00539	Prat.g_01301
OG0000308	Pram	Prbg.g_00539	Pram.g_01457
OG0000308	Prbh	Prbg.g_00539	Prbh.g_00020
OG0000308	Prak	Prbg.g_00539	Prak.g_01339
OG0000308	Prap	Prbg.g_00539	Prap.g_00069
OG0000308	Prbe	Prbg.g_00539	Prbe.g_00363
OG0000308	Prbf	Prbg.g_00539	Prbf.g_00105
OG0000308	Prbn	Prbg.g_00539	Prbn.g_00160
OG0000309	Prao	Prbg.g_00543	Prao.g_01225
OG0000309	Prab	Prbg.g_00543	Prab.g_01374
OG0000309	Pran	Prbg.g_00543	Pran.g_00827
OG0000309	Prai	Prbg.g_00543	Prai.g_01384
OG0000309	Prax	Prbg.g_00543	Prax.g_01849
OG0000309	Prac	Prbg.g_00543	Prac.g_00231
OG0000309	Praq	Prbg.g_00543	Praq.g_00191
OG0000309	Prar	Prbg.g_00543	Prar.g_00897
OG0000309	Praa	Prbg.g_00543	Praa.g_01380
OG0000309	Pray	Prbg.g_00543	Pray.g_01815
OG0000309	Praz	Prbg.g_00543	Praz.g_01125
OG0000309	Prba	Prbg.g_00543	Prba.g_00182
OG0000309	Prau	Prbg.g_00543	Prau.g_01423
OG0000309	Prad	Prbg.g_00543	Prad.g_00580
OG0000309	Prag	Prbg.g_00543	Prag.g_01403
OG0000309	Praw	Prbg.g_00543	Praw.g_01030
OG0000309	Prav	Prbg.g_00543	Prav.g_01487
OG0000309	Prbi	Prbg.g_00543	Prbi.g_01453
OG0000309	Prae	Prbg.g_00543	Prae.g_01382
OG0000309	Prbd	Prbg.g_00543	Prbd.g_01750
OG0000309	Pras	Prbg.g_00543	Pras.g_00264
OG0000309	Prbm	Prbg.g_00543	Prbm.g_01674
OG0000309	Praj	Prbg.g_00543	Praj.g_01589
OG0000309	Prbc	Prbg.g_00543	Prbc.g_00671
OG0000309	Prbb	Prbg.g_00543	Prbb.g_01653
OG0000309	Prah	Prbg.g_00543	Prah.g_01590
OG0000309	Praf	Prbg.g_00543	Praf.g_00569
OG0000309	Prbj	Prbg.g_00543	Prbj.g_01653
OG0000309	Prbk	Prbg.g_00543	Prbk.g_02038
OG0000309	Prbl	Prbg.g_00543	Prbl.g_00488
OG0000309	Syak	Prbg.g_00543	Syak.g_02549
OG0000309	Syaq	Prbg.g_00543	Syaq.g_01747
OG0000309	Syag	Prbg.g_00543	Syag.g_01553
OG0000309	Syab	Prbg.g_00543	Syab.g_02071
OG0000309	Syal	Prbg.g_00543	Syal.g_02873
OG0000309	Syad	Prbg.g_00543	Syad.g_00876
OG0000309	Syaj	Prbg.g_00543	Syaj.g_00044
OG0000309	Syaa	Prbg.g_00543	Syaa.g_02075
OG0000309	Syam	Prbg.g_00543	Syam.g_00559
OG0000309	Syai	Prbg.g_00543	Syai.g_00612
OG0000309	Syaf	Prbg.g_00543	Syaf.g_02749
OG0000309	Syac	Prbg.g_00543	Syac.g_01931
OG0000309	Syah	Prbg.g_00543	Syah.g_00971
OG0000309	Syae	Prbg.g_00543	Syae.g_02283
OG0000309	Syas	Prbg.g_00543	Syas.g_01364
OG0000309	Syap	Prbg.g_00543	Syap.g_02198, Syap.g_02446
OG0000309	Syan	Prbg.g_00543	Syan.g_02883
OG0000309	Syao	Prbg.g_00543	Syao.g_02705
OG0000309	Syar	Prbg.g_00543	Syar.g_01239
OG0000309	Syat	Prbg.g_00543	Syat.g_01417
OG0000309	Pral	Prbg.g_00543	Pral.g_01208
OG0000309	Prat	Prbg.g_00543	Prat.g_01305
OG0000309	Pram	Prbg.g_00543	Pram.g_01453
OG0000309	Prbh	Prbg.g_00543	Prbh.g_00024
OG0000309	Prbe	Prbg.g_00543	Prbe.g_00359
OG0000309	Prak	Prbg.g_00543	Prak.g_01343
OG0000309	Prap	Prbg.g_00543	Prap.g_00073
OG0000309	Prbf	Prbg.g_00543	Prbf.g_00109
OG0000309	Prbn	Prbg.g_00543	Prbn.g_00164
OG0000310	Prab	Prbg.g_00577	Prab.g_01451
OG0000310	Pran	Prbg.g_00577	Pran.g_00748
OG0000310	Prai	Prbg.g_00577	Prai.g_01448
OG0000310	Prag	Prbg.g_00577	Prag.g_01473
OG0000310	Praw	Prbg.g_00577	Praw.g_01098
OG0000310	Prao	Prbg.g_00577	Prao.g_01382
OG0000310	Pray	Prbg.g_00577	Pray.g_01737
OG0000310	Praz	Prbg.g_00577	Praz.g_01056
OG0000310	Prba	Prbg.g_00577	Prba.g_00112
OG0000310	Prbd	Prbg.g_00577	Prbd.g_01704
OG0000310	Prax	Prbg.g_00577	Prax.g_01748
OG0000310	Prau	Prbg.g_00577	Prau.g_01513
OG0000310	Praa	Prbg.g_00577	Praa.g_01461
OG0000310	Prad	Prbg.g_00577	Prad.g_00530
OG0000310	Prbi	Prbg.g_00577	Prbi.g_01574
OG0000310	Prae	Prbg.g_00577	Prae.g_01444
OG0000310	Pras	Prbg.g_00577	Pras.g_00335
OG0000310	Prav	Prbg.g_00577	Prav.g_01563
OG0000310	Prac	Prbg.g_00577	Prac.g_00426
OG0000310	Praq	Prbg.g_00577	Praq.g_00279
OG0000310	Prar	Prbg.g_00577	Prar.g_00354
OG0000310	Prbm	Prbg.g_00577	Prbm.g_01694
OG0000310	Prbb	Prbg.g_00577	Prbb.g_01671
OG0000310	Praj	Prbg.g_00577	Praj.g_01616
OG0000310	Prbc	Prbg.g_00577	Prbc.g_00693
OG0000310	Prbj	Prbg.g_00577	Prbj.g_01294
OG0000310	Prbk	Prbg.g_00577	Prbk.g_01937
OG0000310	Prbl	Prbg.g_00577	Prbl.g_00160
OG0000310	Praf	Prbg.g_00577	Praf.g_01772
OG0000310	Prah	Prbg.g_00577	Prah.g_00428
OG0000310	Syat	Prbg.g_00577	Syat.g_01246
OG0000310	Syar	Prbg.g_00577	Syar.g_02826
OG0000310	Syan	Prbg.g_00577	Syan.g_01304
OG0000310	Syao	Prbg.g_00577	Syao.g_01530
OG0000310	Syas	Prbg.g_00577	Syas.g_02796
OG0000310	Syap	Prbg.g_00577	Syap.g_02660, Syap.g_02661
OG0000310	Syac	Prbg.g_00577	Syac.g_01607
OG0000310	Syah	Prbg.g_00577	Syah.g_01321
OG0000310	Syaa	Prbg.g_00577	Syaa.g_01752
OG0000310	Syaf	Prbg.g_00577	Syaf.g_02387
OG0000310	Syai	Prbg.g_00577	Syai.g_00989
OG0000310	Syam	Prbg.g_00577	Syam.g_01591
OG0000310	Syad	Prbg.g_00577	Syad.g_02250
OG0000310	Syaj	Prbg.g_00577	Syaj.g_01358
OG0000310	Syae	Prbg.g_00577	Syae.g_02687
OG0000310	Syab	Prbg.g_00577	Syab.g_00817
OG0000310	Syal	Prbg.g_00577	Syal.g_01537
OG0000310	Syak	Prbg.g_00577	Syak.g_00994
OG0000310	Syag	Prbg.g_00577	Syag.g_01291
OG0000310	Syaq	Prbg.g_00577	Syaq.g_00347
OG0000310	Pral	Prbg.g_00577	Pral.g_01181
OG0000310	Prat	Prbg.g_00577	Prat.g_01336
OG0000310	Pram	Prbg.g_00577	Pram.g_01395
OG0000310	Prbh	Prbg.g_00577	Prbh.g_00082
OG0000310	Prak	Prbg.g_00577	Prak.g_01377
OG0000310	Prap	Prbg.g_00577	Prap.g_00107
OG0000310	Prbe	Prbg.g_00577	Prbe.g_00325
OG0000310	Prbf	Prbg.g_00577	Prbf.g_00143
OG0000310	Prbn	Prbg.g_00577	Prbn.g_00198
OG0000311	Prab	Prbg.g_00579	Prab.g_01453
OG0000311	Pran	Prbg.g_00579	Pran.g_00746
OG0000311	Prai	Prbg.g_00579	Prai.g_01450
OG0000311	Prao	Prbg.g_00579	Prao.g_01384
OG0000311	Prad	Prbg.g_00579	Prad.g_00528
OG0000311	Prag	Prbg.g_00579	Prag.g_01475
OG0000311	Praw	Prbg.g_00579	Praw.g_01096
OG0000311	Prae	Prbg.g_00579	Prae.g_01446
OG0000311	Prbi	Prbg.g_00579	Prbi.g_01576
OG0000311	Prav	Prbg.g_00579	Prav.g_01565
OG0000311	Pras	Prbg.g_00579	Pras.g_00337
OG0000311	Prax	Prbg.g_00579	Prax.g_01746
OG0000311	Prau	Prbg.g_00579	Prau.g_01515
OG0000311	Prbd	Prbg.g_00579	Prbd.g_01702
OG0000311	Praa	Prbg.g_00579	Praa.g_01463
OG0000311	Pray	Prbg.g_00579	Pray.g_01735
OG0000311	Praz	Prbg.g_00579	Praz.g_01054
OG0000311	Prba	Prbg.g_00579	Prba.g_00110
OG0000311	Prac	Prbg.g_00579	Prac.g_00424
OG0000311	Praq	Prbg.g_00579	Praq.g_00281
OG0000311	Prar	Prbg.g_00579	Prar.g_00352
OG0000311	Prbb	Prbg.g_00579	Prbb.g_01673
OG0000311	Prbm	Prbg.g_00579	Prbm.g_01696
OG0000311	Praj	Prbg.g_00579	Praj.g_01618
OG0000311	Prbc	Prbg.g_00579	Prbc.g_00695
OG0000311	Syak	Prbg.g_00579	Syak.g_00999
OG0000311	Syas	Prbg.g_00579	Syas.g_02799
OG0000311	Syap	Prbg.g_00579	Syap.g_02657
OG0000311	Syan	Prbg.g_00579	Syan.g_01299
OG0000311	Syao	Prbg.g_00579	Syao.g_01533
OG0000311	Syat	Prbg.g_00579	Syat.g_01242
OG0000311	Syar	Prbg.g_00579	Syar.g_02823
OG0000311	Syaq	Prbg.g_00579	Syaq.g_00352
OG0000311	Syag	Prbg.g_00579	Syag.g_01300
OG0000311	Syab	Prbg.g_00579	Syab.g_00811
OG0000311	Syal	Prbg.g_00579	Syal.g_00061
OG0000311	Syad	Prbg.g_00579	Syad.g_02254
OG0000311	Syaj	Prbg.g_00579	Syaj.g_01362
OG0000311	Syae	Prbg.g_00579	Syae.g_02682
OG0000311	Syac	Prbg.g_00579	Syac.g_01611
OG0000311	Syah	Prbg.g_00579	Syah.g_01317
OG0000311	Syaa	Prbg.g_00579	Syaa.g_01757
OG0000311	Syam	Prbg.g_00579	Syam.g_01595
OG0000311	Syai	Prbg.g_00579	Syai.g_00985
OG0000311	Syaf	Prbg.g_00579	Syaf.g_02391
OG0000311	Prbj	Prbg.g_00579	Prbj.g_01040
OG0000311	Prbk	Prbg.g_00579	Prbk.g_00243
OG0000311	Prbl	Prbg.g_00579	Prbl.g_00258
OG0000311	Prah	Prbg.g_00579	Prah.g_00424
OG0000311	Praf	Prbg.g_00579	Praf.g_01778, Praf.g_01776
OG0000311	Pral	Prbg.g_00579	Pral.g_01179
OG0000311	Prat	Prbg.g_00579	Prat.g_01338
OG0000311	Pram	Prbg.g_00579	Pram.g_01393
OG0000311	Prbh	Prbg.g_00579	Prbh.g_00084
OG0000311	Prak	Prbg.g_00579	Prak.g_01379
OG0000311	Prap	Prbg.g_00579	Prap.g_00109
OG0000311	Prbe	Prbg.g_00579	Prbe.g_00323
OG0000311	Prbf	Prbg.g_00579	Prbf.g_00145
OG0000311	Prbn	Prbg.g_00579	Prbn.g_00200
OG0000312	Prab	Prbg.g_00582	Prab.g_01456
OG0000312	Pran	Prbg.g_00582	Pran.g_00743
OG0000312	Prai	Prbg.g_00582	Prai.g_01453
OG0000312	Prag	Prbg.g_00582	Prag.g_01478
OG0000312	Praw	Prbg.g_00582	Praw.g_01093
OG0000312	Prao	Prbg.g_00582	Prao.g_01387
OG0000312	Prad	Prbg.g_00582	Prad.g_00525
OG0000312	Prae	Prbg.g_00582	Prae.g_01449
OG0000312	Praa	Prbg.g_00582	Praa.g_01466
OG0000312	Prbd	Prbg.g_00582	Prbd.g_01699
OG0000312	Pray	Prbg.g_00582	Pray.g_01732
OG0000312	Praz	Prbg.g_00582	Praz.g_01051
OG0000312	Prba	Prbg.g_00582	Prba.g_00107
OG0000312	Prac	Prbg.g_00582	Prac.g_00421
OG0000312	Praq	Prbg.g_00582	Praq.g_00284
OG0000312	Prar	Prbg.g_00582	Prar.g_00349
OG0000312	Prav	Prbg.g_00582	Prav.g_01568
OG0000312	Prau	Prbg.g_00582	Prau.g_01518
OG0000312	Prax	Prbg.g_00582	Prax.g_01743
OG0000312	Prbi	Prbg.g_00582	Prbi.g_01579
OG0000312	Pras	Prbg.g_00582	Pras.g_00340
OG0000312	Pral	Prbg.g_00582	Pral.g_01176
OG0000312	Prat	Prbg.g_00582	Prat.g_01341
OG0000312	Prbm	Prbg.g_00582	Prbm.g_01699
OG0000312	Prbc	Prbg.g_00582	Prbc.g_00698
OG0000312	Praj	Prbg.g_00582	Praj.g_01621
OG0000312	Prbb	Prbg.g_00582	Prbb.g_01676
OG0000312	Prbj	Prbg.g_00582	Prbj.g_01044
OG0000312	Prbk	Prbg.g_00582	Prbk.g_00247
OG0000312	Prbl	Prbg.g_00582	Prbl.g_00254
OG0000312	Praf	Prbg.g_00582	Praf.g_01782
OG0000312	Prah	Prbg.g_00582	Prah.g_00420
OG0000312	Syag	Prbg.g_00582	Syag.g_01434
OG0000312	Syak	Prbg.g_00582	Syak.g_01028
OG0000312	Syab	Prbg.g_00582	Syab.g_00793
OG0000312	Syal	Prbg.g_00582	Syal.g_00031
OG0000312	Syaq	Prbg.g_00582	Syaq.g_00359
OG0000312	Syah	Prbg.g_00582	Syah.g_01304
OG0000312	Syac	Prbg.g_00582	Syac.g_01619
OG0000312	Syar	Prbg.g_00582	Syar.g_00015, Syar.g_02818
OG0000312	Syan	Prbg.g_00582	Syan.g_01290
OG0000312	Syat	Prbg.g_00582	Syat.g_01237
OG0000312	Syap	Prbg.g_00582	Syap.g_02114
OG0000312	Syas	Prbg.g_00582	Syas.g_02804
OG0000312	Syae	Prbg.g_00582	Syae.g_02664
OG0000312	Syad	Prbg.g_00582	Syad.g_02265
OG0000312	Syaj	Prbg.g_00582	Syaj.g_01368
OG0000312	Syaa	Prbg.g_00582	Syaa.g_01762
OG0000312	Syaf	Prbg.g_00582	Syaf.g_02397
OG0000312	Syai	Prbg.g_00582	Syai.g_00966
OG0000312	Syam	Prbg.g_00582	Syam.g_01601
OG0000312	Pram	Prbg.g_00582	Pram.g_01390
OG0000312	Prbh	Prbg.g_00582	Prbh.g_00087
OG0000312	Syao	Prbg.g_00582	Syao.g_01538
OG0000312	Prak	Prbg.g_00582	Prak.g_01382
OG0000312	Prap	Prbg.g_00582	Prap.g_00112
OG0000312	Prbe	Prbg.g_00582	Prbe.g_00320
OG0000312	Prbf	Prbg.g_00582	Prbf.g_00148
OG0000312	Prbn	Prbg.g_00582	Prbn.g_00203
OG0000313	Prai	Prbg.g_00595	Prai.g_01467
OG0000313	Prab	Prbg.g_00595	Prab.g_01470
OG0000313	Pran	Prbg.g_00595	Pran.g_00729
OG0000313	Prac	Prbg.g_00595	Prac.g_00407
OG0000313	Praq	Prbg.g_00595	Praq.g_00298
OG0000313	Prar	Prbg.g_00595	Prar.g_00335
OG0000313	Prao	Prbg.g_00595	Prao.g_01401
OG0000313	Pras	Prbg.g_00595	Pras.g_00354
OG0000313	Prau	Prbg.g_00595	Prau.g_01535
OG0000313	Prad	Prbg.g_00595	Prad.g_00511
OG0000313	Prag	Prbg.g_00595	Prag.g_01494
OG0000313	Praw	Prbg.g_00595	Praw.g_01076
OG0000313	Prav	Prbg.g_00595	Prav.g_01582
OG0000313	Prae	Prbg.g_00595	Prae.g_01463
OG0000313	Pray	Prbg.g_00595	Pray.g_01718
OG0000313	Praz	Prbg.g_00595	Praz.g_01037
OG0000313	Prba	Prbg.g_00595	Prba.g_00709
OG0000313	Prax	Prbg.g_00595	Prax.g_01724
OG0000313	Prbi	Prbg.g_00595	Prbi.g_01595
OG0000313	Praa	Prbg.g_00595	Praa.g_01480
OG0000313	Prbd	Prbg.g_00595	Prbd.g_01685
OG0000313	Prbm	Prbg.g_00595	Prbm.g_01714
OG0000313	Prbc	Prbg.g_00595	Prbc.g_00713
OG0000313	Praj	Prbg.g_00595	Praj.g_01636
OG0000313	Prbb	Prbg.g_00595	Prbb.g_01690
OG0000313	Praf	Prbg.g_00595	Praf.g_01802
OG0000313	Prbj	Prbg.g_00595	Prbj.g_01068
OG0000313	Prbk	Prbg.g_00595	Prbk.g_00271
OG0000313	Prbl	Prbg.g_00595	Prbl.g_00230
OG0000313	Prah	Prbg.g_00595	Prah.g_00402
OG0000313	Syae	Prbg.g_00595	Syae.g_02647
OG0000313	Syaa	Prbg.g_00595	Syaa.g_01779
OG0000313	Syac	Prbg.g_00595	Syac.g_01638
OG0000313	Syah	Prbg.g_00595	Syah.g_01285
OG0000313	Syai	Prbg.g_00595	Syai.g_00949
OG0000313	Syam	Prbg.g_00595	Syam.g_01617
OG0000313	Syaf	Prbg.g_00595	Syaf.g_02421
OG0000313	Syad	Prbg.g_00595	Syad.g_02284
OG0000313	Syaj	Prbg.g_00595	Syaj.g_01386
OG0000313	Syab	Prbg.g_00595	Syab.g_00769
OG0000313	Syal	Prbg.g_00595	Syal.g_00381
OG0000313	Syag	Prbg.g_00595	Syag.g_00966, Syag.g_01412
OG0000313	Syak	Prbg.g_00595	Syak.g_01046
OG0000313	Syaq	Prbg.g_00595	Syaq.g_00379
OG0000313	Syap	Prbg.g_00595	Syap.g_02473
OG0000313	Syas	Prbg.g_00595	Syas.g_02823
OG0000313	Syan	Prbg.g_00595	Syan.g_01271
OG0000313	Syao	Prbg.g_00595	Syao.g_01491
OG0000313	Syar	Prbg.g_00595	Syar.g_02804
OG0000313	Syat	Prbg.g_00595	Syat.g_01183
OG0000313	Pral	Prbg.g_00595	Pral.g_01157
OG0000313	Prat	Prbg.g_00595	Prat.g_01357
OG0000313	Pram	Prbg.g_00595	Pram.g_01374
OG0000313	Prbh	Prbg.g_00595	Prbh.g_00103
OG0000313	Prak	Prbg.g_00595	Prak.g_01395
OG0000313	Prap	Prbg.g_00595	Prap.g_00125
OG0000313	Prbe	Prbg.g_00595	Prbe.g_00307
OG0000313	Prbf	Prbg.g_00595	Prbf.g_00161
OG0000313	Prbn	Prbg.g_00595	Prbn.g_00216
OG0000314	Prag	Prbg.g_00618	Prag.g_01516
OG0000314	Praw	Prbg.g_00618	Praw.g_00363
OG0000314	Pray	Prbg.g_00618	Pray.g_01695
OG0000314	Praz	Prbg.g_00618	Praz.g_01014
OG0000314	Prba	Prbg.g_00618	Prba.g_00686
OG0000314	Prae	Prbg.g_00618	Prae.g_01486
OG0000314	Prbd	Prbg.g_00618	Prbd.g_01662
OG0000314	Prbi	Prbg.g_00618	Prbi.g_01617
OG0000314	Praa	Prbg.g_00618	Praa.g_01503
OG0000314	Prax	Prbg.g_00618	Prax.g_01701
OG0000314	Prav	Prbg.g_00618	Prav.g_01605
OG0000314	Prad	Prbg.g_00618	Prad.g_00487
OG0000314	Prao	Prbg.g_00618	Prao.g_01423
OG0000314	Prac	Prbg.g_00618	Prac.g_00384
OG0000314	Praq	Prbg.g_00618	Praq.g_00321
OG0000314	Prar	Prbg.g_00618	Prar.g_00820
OG0000314	Pras	Prbg.g_00618	Pras.g_00377
OG0000314	Prau	Prbg.g_00618	Prau.g_01558
OG0000314	Prab	Prbg.g_00618	Prab.g_01493
OG0000314	Pran	Prbg.g_00618	Pran.g_00706
OG0000314	Prai	Prbg.g_00618	Prai.g_01489
OG0000314	Prbm	Prbg.g_00618	Prbm.g_01735
OG0000314	Prbb	Prbg.g_00618	Prbb.g_01711
OG0000314	Praj	Prbg.g_00618	Praj.g_01657
OG0000314	Prbc	Prbg.g_00618	Prbc.g_00734
OG0000314	Pral	Prbg.g_00618	Pral.g_01133
OG0000314	Prat	Prbg.g_00618	Prat.g_01382
OG0000314	Prbj	Prbg.g_00618	Prbj.g_00646
OG0000314	Prbk	Prbg.g_00618	Prbk.g_01222
OG0000314	Prbl	Prbg.g_00618	Prbl.g_00699
OG0000314	Praf	Prbg.g_00618	Praf.g_01837
OG0000314	Prah	Prbg.g_00618	Prah.g_00371
OG0000314	Syar	Prbg.g_00618	Syar.g_01403
OG0000314	Syat	Prbg.g_00618	Syat.g_01341
OG0000314	Syag	Prbg.g_00618	Syag.g_01380
OG0000314	Syak	Prbg.g_00618	Syak.g_01079
OG0000314	Syaf	Prbg.g_00618	Syaf.g_02458
OG0000314	Syai	Prbg.g_00618	Syai.g_00908
OG0000314	Syam	Prbg.g_00618	Syam.g_01647
OG0000314	Syad	Prbg.g_00618	Syad.g_02313, Syad.g_02231
OG0000314	Syaj	Prbg.g_00618	Syaj.g_01420
OG0000314	Syae	Prbg.g_00618	Syae.g_02618
OG0000314	Syaa	Prbg.g_00618	Syaa.g_01806
OG0000314	Syac	Prbg.g_00618	Syac.g_01665
OG0000314	Syah	Prbg.g_00618	Syah.g_01259
OG0000314	Syas	Prbg.g_00618	Syas.g_01296
OG0000314	Syap	Prbg.g_00618	Syap.g_00007
OG0000314	Syaq	Prbg.g_00618	Syaq.g_00408
OG0000314	Syan	Prbg.g_00618	Syan.g_02823
OG0000314	Syao	Prbg.g_00618	Syao.g_00078
OG0000314	Syab	Prbg.g_00618	Syab.g_00736
OG0000314	Syal	Prbg.g_00618	Syal.g_00416
OG0000314	Pram	Prbg.g_00618	Pram.g_01351
OG0000314	Prbh	Prbg.g_00618	Prbh.g_00126
OG0000314	Prak	Prbg.g_00618	Prak.g_01418
OG0000314	Prap	Prbg.g_00618	Prap.g_00148
OG0000314	Prbe	Prbg.g_00618	Prbe.g_00284
OG0000314	Prbf	Prbg.g_00618	Prbf.g_00184
OG0000314	Prbn	Prbg.g_00618	Prbn.g_00239
OG0000315	Prav	Prbg.g_00628	Prav.g_01615
OG0000315	Prau	Prbg.g_00628	Prau.g_01568
OG0000315	Pras	Prbg.g_00628	Pras.g_00388
OG0000315	Prbd	Prbg.g_00628	Prbd.g_01652
OG0000315	Pray	Prbg.g_00628	Pray.g_01685
OG0000315	Praz	Prbg.g_00628	Praz.g_01004
OG0000315	Prba	Prbg.g_00628	Prba.g_00351, Prba.g_00676
OG0000315	Prax	Prbg.g_00628	Prax.g_01691
OG0000315	Prae	Prbg.g_00628	Prae.g_01496
OG0000315	Prbi	Prbg.g_00628	Prbi.g_01627
OG0000315	Praa	Prbg.g_00628	Praa.g_01513
OG0000315	Prad	Prbg.g_00628	Prad.g_00477
OG0000315	Prac	Prbg.g_00628	Prac.g_00374
OG0000315	Praq	Prbg.g_00628	Praq.g_00331
OG0000315	Prar	Prbg.g_00628	Prar.g_00810
OG0000315	Prao	Prbg.g_00628	Prao.g_01433
OG0000315	Prab	Prbg.g_00628	Prab.g_01503
OG0000315	Pran	Prbg.g_00628	Pran.g_00696
OG0000315	Prai	Prbg.g_00628	Prai.g_01499
OG0000315	Prag	Prbg.g_00628	Prag.g_01527
OG0000315	Praw	Prbg.g_00628	Praw.g_00374
OG0000315	Syak	Prbg.g_00628	Syak.g_01090
OG0000315	Syar	Prbg.g_00628	Syar.g_01393
OG0000315	Syap	Prbg.g_00628	Syap.g_00017
OG0000315	Syat	Prbg.g_00628	Syat.g_01351
OG0000315	Syas	Prbg.g_00628	Syas.g_01306
OG0000315	Syan	Prbg.g_00628	Syan.g_02833
OG0000315	Syao	Prbg.g_00628	Syao.g_00088
OG0000315	Syac	Prbg.g_00628	Syac.g_01675
OG0000315	Syah	Prbg.g_00628	Syah.g_01248
OG0000315	Syae	Prbg.g_00628	Syae.g_02609
OG0000315	Syad	Prbg.g_00628	Syad.g_02323
OG0000315	Syaj	Prbg.g_00628	Syaj.g_01430
OG0000315	Syaf	Prbg.g_00628	Syaf.g_02468
OG0000315	Syaa	Prbg.g_00628	Syaa.g_01816
OG0000315	Syai	Prbg.g_00628	Syai.g_00897
OG0000315	Syam	Prbg.g_00628	Syam.g_01658
OG0000315	Syag	Prbg.g_00628	Syag.g_01369
OG0000315	Syab	Prbg.g_00628	Syab.g_00726
OG0000315	Syal	Prbg.g_00628	Syal.g_00426
OG0000315	Syaq	Prbg.g_00628	Syaq.g_00418
OG0000315	Praf	Prbg.g_00628	Praf.g_01848
OG0000315	Prbj	Prbg.g_00628	Prbj.g_00656
OG0000315	Prbk	Prbg.g_00628	Prbk.g_01212
OG0000315	Prbl	Prbg.g_00628	Prbl.g_00709
OG0000315	Prah	Prbg.g_00628	Prah.g_00361
OG0000315	Prbm	Prbg.g_00628	Prbm.g_01745
OG0000315	Prbb	Prbg.g_00628	Prbb.g_01721
OG0000315	Praj	Prbg.g_00628	Praj.g_01667
OG0000315	Prbc	Prbg.g_00628	Prbc.g_00744
OG0000315	Pral	Prbg.g_00628	Pral.g_01123
OG0000315	Prat	Prbg.g_00628	Prat.g_01392
OG0000315	Pram	Prbg.g_00628	Pram.g_01341
OG0000315	Prbh	Prbg.g_00628	Prbh.g_00136
OG0000315	Prak	Prbg.g_00628	Prak.g_01428
OG0000315	Prap	Prbg.g_00628	Prap.g_00158
OG0000315	Prbe	Prbg.g_00628	Prbe.g_00274
OG0000315	Prbf	Prbg.g_00628	Prbf.g_00194
OG0000315	Prbn	Prbg.g_00628	Prbn.g_00249
OG0000316	Prab	Prbg.g_00653	Prab.g_01523
OG0000316	Pran	Prbg.g_00653	Pran.g_00676
OG0000316	Prai	Prbg.g_00653	Prai.g_01519
OG0000316	Prao	Prbg.g_00653	Prao.g_01453
OG0000316	Prac	Prbg.g_00653	Prac.g_00354
OG0000316	Praq	Prbg.g_00653	Praq.g_00351
OG0000316	Prar	Prbg.g_00653	Prar.g_00790
OG0000316	Pray	Prbg.g_00653	Pray.g_01665
OG0000316	Praz	Prbg.g_00653	Praz.g_00984
OG0000316	Prba	Prbg.g_00653	Prba.g_00331
OG0000316	Prad	Prbg.g_00653	Prad.g_00457
OG0000316	Prag	Prbg.g_00653	Prag.g_01547
OG0000316	Praw	Prbg.g_00653	Praw.g_00394
OG0000316	Prbi	Prbg.g_00653	Prbi.g_01647
OG0000316	Pras	Prbg.g_00653	Pras.g_00410
OG0000316	Prau	Prbg.g_00653	Prau.g_01588
OG0000316	Prae	Prbg.g_00653	Prae.g_01516
OG0000316	Prax	Prbg.g_00653	Prax.g_01671
OG0000316	Prav	Prbg.g_00653	Prav.g_01635
OG0000316	Praa	Prbg.g_00653	Praa.g_01533
OG0000316	Prbd	Prbg.g_00653	Prbd.g_01632
OG0000316	Prbb	Prbg.g_00653	Prbb.g_01746
OG0000316	Prbm	Prbg.g_00653	Prbm.g_01770
OG0000316	Praj	Prbg.g_00653	Praj.g_01692
OG0000316	Prbc	Prbg.g_00653	Prbc.g_00768
OG0000316	Syag	Prbg.g_00653	Syag.g_01641
OG0000316	Syab	Prbg.g_00653	Syab.g_02189
OG0000316	Syal	Prbg.g_00653	Syal.g_02987
OG0000316	Syaq	Prbg.g_00653	Syaq.g_01716
OG0000316	Syap	Prbg.g_00653	Syap.g_00030
OG0000316	Syat	Prbg.g_00653	Syat.g_03082
OG0000316	Syan	Prbg.g_00653	Syan.g_01354
OG0000316	Syao	Prbg.g_00653	Syao.g_01602
OG0000316	Syar	Prbg.g_00653	Syar.g_02885
OG0000316	Syas	Prbg.g_00653	Syas.g_02728
OG0000316	Syak	Prbg.g_00653	Syak.g_02462
OG0000316	Syaa	Prbg.g_00653	Syaa.g_00598
OG0000316	Syae	Prbg.g_00653	Syae.g_01118
OG0000316	Syad	Prbg.g_00653	Syad.g_02564
OG0000316	Syaj	Prbg.g_00653	Syaj.g_01664
OG0000316	Syai	Prbg.g_00653	Syai.g_02320, Syai.g_02322
OG0000316	Syaf	Prbg.g_00653	Syaf.g_01088
OG0000316	Syam	Prbg.g_00653	Syam.g_01945
OG0000316	Syac	Prbg.g_00653	Syac.g_00601
OG0000316	Syah	Prbg.g_00653	Syah.g_02333
OG0000316	Prah	Prbg.g_00653	Prah.g_01631
OG0000316	Praf	Prbg.g_00653	Praf.g_00526
OG0000316	Prbj	Prbg.g_00653	Prbj.g_01699
OG0000316	Prbk	Prbg.g_00653	Prbk.g_01991
OG0000316	Prbl	Prbg.g_00653	Prbl.g_00441
OG0000316	Pral	Prbg.g_00653	Pral.g_01095
OG0000316	Prat	Prbg.g_00653	Prat.g_01420
OG0000316	Pram	Prbg.g_00653	Pram.g_01315
OG0000316	Prbh	Prbg.g_00653	Prbh.g_00162
OG0000316	Prak	Prbg.g_00653	Prak.g_01453
OG0000316	Prap	Prbg.g_00653	Prap.g_00183
OG0000316	Prbe	Prbg.g_00653	Prbe.g_00249
OG0000316	Prbf	Prbg.g_00653	Prbf.g_00219
OG0000316	Prbn	Prbg.g_00653	Prbn.g_00274
OG0000317	Praa	Prbg.g_01647	Praa.g_01633
OG0000317	Prax	Prbg.g_01647	Prax.g_01561
OG0000317	Prae	Prbg.g_01647	Prae.g_01621
OG0000317	Prbd	Prbg.g_01647	Prbd.g_01527
OG0000317	Prbi	Prbg.g_01647	Prbi.g_01785
OG0000317	Pras	Prbg.g_01647	Pras.g_00548
OG0000317	Prau	Prbg.g_01647	Prau.g_01730
OG0000317	Prao	Prbg.g_01647	Prao.g_01550
OG0000317	Pray	Prbg.g_01647	Pray.g_01561
OG0000317	Praz	Prbg.g_01647	Praz.g_00879
OG0000317	Prba	Prbg.g_01647	Prba.g_00228
OG0000317	Prad	Prbg.g_01647	Prad.g_00943
OG0000317	Prag	Prbg.g_01647	Prag.g_01667
OG0000317	Praw	Prbg.g_01647	Praw.g_00513
OG0000317	Prav	Prbg.g_01647	Prav.g_01759
OG0000317	Prab	Prbg.g_01647	Prab.g_01667
OG0000317	Pran	Prbg.g_01647	Pran.g_00968
OG0000317	Prai	Prbg.g_01647	Prai.g_01636
OG0000317	Prac	Prbg.g_01647	Prac.g_00627
OG0000317	Prar	Prbg.g_01647	Prar.g_01145
OG0000317	Praq	Prbg.g_01647	Praq.g_01954, Praq.g_00499
OG0000317	Syat	Prbg.g_01647	Syat.g_03120
OG0000317	Syap	Prbg.g_01647	Syap.g_00618
OG0000317	Syas	Prbg.g_01647	Syas.g_02687
OG0000317	Syan	Prbg.g_01647	Syan.g_01396
OG0000317	Syao	Prbg.g_01647	Syao.g_01560
OG0000317	Syar	Prbg.g_01647	Syar.g_02926
OG0000317	Prbj	Prbg.g_01647	Prbj.g_00863
OG0000317	Prbk	Prbg.g_01647	Prbk.g_00913
OG0000317	Prbl	Prbg.g_01647	Prbl.g_00399
OG0000317	Praf	Prbg.g_01647	Praf.g_00485
OG0000317	Prah	Prbg.g_01647	Prah.g_01672
OG0000317	Syac	Prbg.g_01647	Syac.g_00552
OG0000317	Syah	Prbg.g_01647	Syah.g_02380
OG0000317	Syaf	Prbg.g_01647	Syaf.g_01040
OG0000317	Syai	Prbg.g_01647	Syai.g_02373
OG0000317	Syam	Prbg.g_01647	Syam.g_01987
OG0000317	Syaa	Prbg.g_01647	Syaa.g_00556
OG0000317	Syae	Prbg.g_01647	Syae.g_01160
OG0000317	Syad	Prbg.g_01647	Syad.g_02620
OG0000317	Syaj	Prbg.g_01647	Syaj.g_01715
OG0000317	Syak	Prbg.g_01647	Syak.g_02419
OG0000317	Syab	Prbg.g_01647	Syab.g_02251
OG0000317	Syal	Prbg.g_01647	Syal.g_00583
OG0000317	Syag	Prbg.g_01647	Syag.g_01684
OG0000317	Syaq	Prbg.g_01647	Syaq.g_01675
OG0000317	Prbm	Prbg.g_01647	Prbm.g_01839
OG0000317	Praj	Prbg.g_01647	Praj.g_01766
OG0000317	Prbb	Prbg.g_01647	Prbb.g_01821
OG0000317	Prbc	Prbg.g_01647	Prbc.g_00830
OG0000317	Pral	Prbg.g_01647	Pral.g_00104
OG0000317	Prat	Prbg.g_01647	Prat.g_01589
OG0000317	Pram	Prbg.g_01647	Pram.g_01629
OG0000317	Prbh	Prbg.g_01647	Prbh.g_01785
OG0000317	Prak	Prbg.g_01647	Prak.g_01642
OG0000317	Prap	Prbg.g_01647	Prap.g_01782
OG0000317	Prbe	Prbg.g_01647	Prbe.g_00988
OG0000317	Prbf	Prbg.g_01647	Prbf.g_00696
OG0000317	Prbn	Prbg.g_01647	Prbn.g_01742
OG0000318	Prab	Prbg.g_01651	Prab.g_01670
OG0000318	Pran	Prbg.g_01651	Pran.g_00971
OG0000318	Prad	Prbg.g_01651	Prad.g_00940
OG0000318	Prag	Prbg.g_01651	Prag.g_01670
OG0000318	Praw	Prbg.g_01651	Praw.g_00516
OG0000318	Prao	Prbg.g_01651	Prao.g_01553
OG0000318	Prav	Prbg.g_01651	Prav.g_01762
OG0000318	Prae	Prbg.g_01651	Prae.g_01624
OG0000318	Pras	Prbg.g_01651	Pras.g_00551
OG0000318	Prau	Prbg.g_01651	Prau.g_01733
OG0000318	Prax	Prbg.g_01651	Prax.g_01558
OG0000318	Pray	Prbg.g_01651	Pray.g_01558
OG0000318	Praz	Prbg.g_01651	Praz.g_00876
OG0000318	Prba	Prbg.g_01651	Prba.g_00619
OG0000318	Prbi	Prbg.g_01651	Prbi.g_01788
OG0000318	Prac	Prbg.g_01651	Prac.g_00624
OG0000318	Praq	Prbg.g_01651	Praq.g_00496
OG0000318	Prar	Prbg.g_01651	Prar.g_01142
OG0000318	Prbd	Prbg.g_01651	Prbd.g_01524
OG0000318	Praa	Prbg.g_01651	Praa.g_01636
OG0000318	Prai	Prbg.g_01651	Prai.g_01639
OG0000318	Syan	Prbg.g_01651	Syan.g_01401
OG0000318	Syao	Prbg.g_01651	Syao.g_01553
OG0000318	Syas	Prbg.g_01651	Syas.g_02680
OG0000318	Syap	Prbg.g_01651	Syap.g_00622, Syap.g_02786
OG0000318	Syaf	Prbg.g_01651	Syaf.g_01032
OG0000318	Syae	Prbg.g_01651	Syae.g_01164
OG0000318	Syag	Prbg.g_01651	Syag.g_01688
OG0000318	Syam	Prbg.g_01651	Syam.g_01991
OG0000318	Syai	Prbg.g_01651	Syai.g_02379
OG0000318	Syak	Prbg.g_01651	Syak.g_02415
OG0000318	Syab	Prbg.g_01651	Syab.g_02257
OG0000318	Syal	Prbg.g_01651	Syal.g_00588
OG0000318	Syac	Prbg.g_01651	Syac.g_00543
OG0000318	Syah	Prbg.g_01651	Syah.g_02385
OG0000318	Syaq	Prbg.g_01651	Syaq.g_01672
OG0000318	Syaa	Prbg.g_01651	Syaa.g_00550
OG0000318	Syar	Prbg.g_01651	Syar.g_02930
OG0000318	Syad	Prbg.g_01651	Syad.g_02624
OG0000318	Syaj	Prbg.g_01651	Syaj.g_01722
OG0000318	Praf	Prbg.g_01651	Praf.g_00479
OG0000318	Prah	Prbg.g_01651	Prah.g_01677
OG0000318	Prbj	Prbg.g_01651	Prbj.g_00856
OG0000318	Prbk	Prbg.g_01651	Prbk.g_00906
OG0000318	Prbl	Prbg.g_01651	Prbl.g_00393
OG0000318	Syat	Prbg.g_01651	Syat.g_03125
OG0000318	Praj	Prbg.g_01651	Praj.g_01769
OG0000318	Prbb	Prbg.g_01651	Prbb.g_01824
OG0000318	Prbc	Prbg.g_01651	Prbc.g_00833
OG0000318	Prbm	Prbg.g_01651	Prbm.g_01842
OG0000318	Prat	Prbg.g_01651	Prat.g_01593
OG0000318	Pral	Prbg.g_01651	Pral.g_00108
OG0000318	Pram	Prbg.g_01651	Pram.g_01633
OG0000318	Prbh	Prbg.g_01651	Prbh.g_01781
OG0000318	Prak	Prbg.g_01651	Prak.g_01646
OG0000318	Prap	Prbg.g_01651	Prap.g_01778
OG0000318	Prbe	Prbg.g_01651	Prbe.g_00984
OG0000318	Prbf	Prbg.g_01651	Prbf.g_00692
OG0000318	Prbn	Prbg.g_01651	Prbn.g_01746
OG0000319	Prac	Prbg.g_01664	Prac.g_00611
OG0000319	Praq	Prbg.g_01664	Praq.g_00483
OG0000319	Prar	Prbg.g_01664	Prar.g_01129
OG0000319	Prag	Prbg.g_01664	Prag.g_01683
OG0000319	Praw	Prbg.g_01664	Praw.g_00529
OG0000319	Prav	Prbg.g_01664	Prav.g_01775
OG0000319	Prab	Prbg.g_01664	Prab.g_01683
OG0000319	Pran	Prbg.g_01664	Pran.g_00984
OG0000319	Prai	Prbg.g_01664	Prai.g_01652
OG0000319	Pray	Prbg.g_01664	Pray.g_01545
OG0000319	Praz	Prbg.g_01664	Praz.g_00863
OG0000319	Prba	Prbg.g_01664	Prba.g_00606
OG0000319	Prbd	Prbg.g_01664	Prbd.g_01511
OG0000319	Prao	Prbg.g_01664	Prao.g_01566
OG0000319	Prbi	Prbg.g_01664	Prbi.g_01801
OG0000319	Prae	Prbg.g_01664	Prae.g_01637
OG0000319	Prad	Prbg.g_01664	Prad.g_00927
OG0000319	Praa	Prbg.g_01664	Praa.g_01649
OG0000319	Prax	Prbg.g_01664	Prax.g_01545
OG0000319	Pras	Prbg.g_01664	Pras.g_00564
OG0000319	Prau	Prbg.g_01664	Prau.g_01746
OG0000319	Praj	Prbg.g_01664	Praj.g_01780
OG0000319	Prbb	Prbg.g_01664	Prbb.g_01835
OG0000319	Prbm	Prbg.g_01664	Prbm.g_01853
OG0000319	Prbc	Prbg.g_01664	Prbc.g_00844
OG0000319	Prbj	Prbg.g_01664	Prbj.g_00487
OG0000319	Prbk	Prbg.g_01664	Prbk.g_01443
OG0000319	Prbl	Prbg.g_01664	Prbl.g_00376
OG0000319	Praf	Prbg.g_01664	Praf.g_00464
OG0000319	Prah	Prbg.g_01664	Prah.g_01694
OG0000319	Syad	Prbg.g_01664	Syad.g_02642
OG0000319	Syaj	Prbg.g_01664	Syaj.g_01741
OG0000319	Syac	Prbg.g_01664	Syac.g_00525
OG0000319	Syah	Prbg.g_01664	Syah.g_02405
OG0000319	Syaa	Prbg.g_01664	Syaa.g_00532
OG0000319	Syaf	Prbg.g_01664	Syaf.g_01015
OG0000319	Syai	Prbg.g_01664	Syai.g_02395
OG0000319	Syam	Prbg.g_01664	Syam.g_02006
OG0000319	Syae	Prbg.g_01664	Syae.g_01181
OG0000319	Syaq	Prbg.g_01664	Syaq.g_01657
OG0000319	Syag	Prbg.g_01664	Syag.g_01710
OG0000319	Syak	Prbg.g_01664	Syak.g_02399
OG0000319	Syab	Prbg.g_01664	Syab.g_02291
OG0000319	Syal	Prbg.g_01664	Syal.g_00608
OG0000319	Syas	Prbg.g_01664	Syas.g_02663
OG0000319	Syat	Prbg.g_01664	Syat.g_03055
OG0000319	Syar	Prbg.g_01664	Syar.g_02954
OG0000319	Syap	Prbg.g_01664	Syap.g_01764, Syap.g_01771
OG0000319	Syan	Prbg.g_01664	Syan.g_01425
OG0000319	Syao	Prbg.g_01664	Syao.g_01678
OG0000319	Prat	Prbg.g_01664	Prat.g_01605
OG0000319	Pral	Prbg.g_01664	Pral.g_00121
OG0000319	Pram	Prbg.g_01664	Pram.g_01646
OG0000319	Prbh	Prbg.g_01664	Prbh.g_01768
OG0000319	Prak	Prbg.g_01664	Prak.g_01659
OG0000319	Prap	Prbg.g_01664	Prap.g_01765
OG0000319	Prbe	Prbg.g_01664	Prbe.g_00971
OG0000319	Prbf	Prbg.g_01664	Prbf.g_00679
OG0000319	Prbn	Prbg.g_01664	Prbn.g_01759
OG0000320	Prae	Prbg.g_01666	Prae.g_01639
OG0000320	Prax	Prbg.g_01666	Prax.g_01543
OG0000320	Prac	Prbg.g_01666	Prac.g_00609
OG0000320	Praq	Prbg.g_01666	Praq.g_00481
OG0000320	Prar	Prbg.g_01666	Prar.g_01127
OG0000320	Pras	Prbg.g_01666	Pras.g_00566
OG0000320	Prag	Prbg.g_01666	Prag.g_01685
OG0000320	Praw	Prbg.g_01666	Praw.g_00531
OG0000320	Prav	Prbg.g_01666	Prav.g_01777
OG0000320	Prau	Prbg.g_01666	Prau.g_01748
OG0000320	Prbd	Prbg.g_01666	Prbd.g_01509
OG0000320	Prab	Prbg.g_01666	Prab.g_01685
OG0000320	Pran	Prbg.g_01666	Pran.g_00986
OG0000320	Prai	Prbg.g_01666	Prai.g_01654
OG0000320	Pray	Prbg.g_01666	Pray.g_01543
OG0000320	Praz	Prbg.g_01666	Praz.g_00861
OG0000320	Prba	Prbg.g_01666	Prba.g_00604
OG0000320	Prbi	Prbg.g_01666	Prbi.g_01803
OG0000320	Praa	Prbg.g_01666	Praa.g_01651
OG0000320	Prao	Prbg.g_01666	Prao.g_01568
OG0000320	Prad	Prbg.g_01666	Prad.g_00925
OG0000320	Syae	Prbg.g_01666	Syae.g_01183
OG0000320	Syaa	Prbg.g_01666	Syaa.g_00530
OG0000320	Syaf	Prbg.g_01666	Syaf.g_01013
OG0000320	Syai	Prbg.g_01666	Syai.g_02397
OG0000320	Syam	Prbg.g_01666	Syam.g_02008
OG0000320	Syac	Prbg.g_01666	Syac.g_00523
OG0000320	Syah	Prbg.g_01666	Syah.g_02407
OG0000320	Syad	Prbg.g_01666	Syad.g_02644
OG0000320	Syaj	Prbg.g_01666	Syaj.g_01743
OG0000320	Syab	Prbg.g_01666	Syab.g_02293
OG0000320	Syal	Prbg.g_01666	Syal.g_00610
OG0000320	Syak	Prbg.g_01666	Syak.g_02397
OG0000320	Syag	Prbg.g_01666	Syag.g_01712
OG0000320	Syaq	Prbg.g_01666	Syaq.g_01655
OG0000320	Syas	Prbg.g_01666	Syas.g_02661
OG0000320	Syap	Prbg.g_01666	Syap.g_01761, Syap.g_01769
OG0000320	Syar	Prbg.g_01666	Syar.g_02956
OG0000320	Syat	Prbg.g_01666	Syat.g_03053
OG0000320	Syao	Prbg.g_01666	Syao.g_01676
OG0000320	Syan	Prbg.g_01666	Syan.g_01427
OG0000320	Praf	Prbg.g_01666	Praf.g_00462
OG0000320	Prah	Prbg.g_01666	Prah.g_01696
OG0000320	Prbj	Prbg.g_01666	Prbj.g_00485
OG0000320	Prbk	Prbg.g_01666	Prbk.g_01441
OG0000320	Prbl	Prbg.g_01666	Prbl.g_00374
OG0000320	Praj	Prbg.g_01666	Praj.g_01782
OG0000320	Prbc	Prbg.g_01666	Prbc.g_00846
OG0000320	Prbb	Prbg.g_01666	Prbb.g_01837
OG0000320	Prbm	Prbg.g_01666	Prbm.g_01855
OG0000320	Pral	Prbg.g_01666	Pral.g_00123
OG0000320	Prat	Prbg.g_01666	Prat.g_01607
OG0000320	Pram	Prbg.g_01666	Pram.g_01648
OG0000320	Prbh	Prbg.g_01666	Prbh.g_01766
OG0000320	Prak	Prbg.g_01666	Prak.g_01661
OG0000320	Prap	Prbg.g_01666	Prap.g_01763
OG0000320	Prbe	Prbg.g_01666	Prbe.g_00969
OG0000320	Prbf	Prbg.g_01666	Prbf.g_00677
OG0000320	Prbn	Prbg.g_01666	Prbn.g_01761
OG0000321	Prac	Prbg.g_01667	Prac.g_00608
OG0000321	Praq	Prbg.g_01667	Praq.g_00480
OG0000321	Prar	Prbg.g_01667	Prar.g_01126
OG0000321	Prab	Prbg.g_01667	Prab.g_01686
OG0000321	Pran	Prbg.g_01667	Pran.g_00987
OG0000321	Prai	Prbg.g_01667	Prai.g_01655
OG0000321	Pras	Prbg.g_01667	Pras.g_00567
OG0000321	Prau	Prbg.g_01667	Prau.g_01749
OG0000321	Prag	Prbg.g_01667	Prag.g_01686
OG0000321	Praw	Prbg.g_01667	Praw.g_00532
OG0000321	Prav	Prbg.g_01667	Prav.g_01778
OG0000321	Pray	Prbg.g_01667	Pray.g_01542
OG0000321	Praz	Prbg.g_01667	Praz.g_00860
OG0000321	Prba	Prbg.g_01667	Prba.g_00603
OG0000321	Prax	Prbg.g_01667	Prax.g_01542
OG0000321	Prbd	Prbg.g_01667	Prbd.g_01508
OG0000321	Prbi	Prbg.g_01667	Prbi.g_01804
OG0000321	Prae	Prbg.g_01667	Prae.g_01640
OG0000321	Praa	Prbg.g_01667	Praa.g_01652
OG0000321	Prad	Prbg.g_01667	Prad.g_00924
OG0000321	Prao	Prbg.g_01667	Prao.g_01569
OG0000321	Pral	Prbg.g_01667	Pral.g_00124
OG0000321	Prat	Prbg.g_01667	Prat.g_01608
OG0000321	Syan	Prbg.g_01667	Syan.g_01428
OG0000321	Syao	Prbg.g_01667	Syao.g_01675
OG0000321	Syar	Prbg.g_01667	Syar.g_02957
OG0000321	Syat	Prbg.g_01667	Syat.g_03052
OG0000321	Syap	Prbg.g_01667	Syap.g_01760, Syap.g_01768
OG0000321	Syas	Prbg.g_01667	Syas.g_02660
OG0000321	Syad	Prbg.g_01667	Syad.g_02645
OG0000321	Syaj	Prbg.g_01667	Syaj.g_01744
OG0000321	Syae	Prbg.g_01667	Syae.g_01184
OG0000321	Syaa	Prbg.g_01667	Syaa.g_00529
OG0000321	Syam	Prbg.g_01667	Syam.g_02009
OG0000321	Syai	Prbg.g_01667	Syai.g_02398
OG0000321	Syaf	Prbg.g_01667	Syaf.g_01012
OG0000321	Syac	Prbg.g_01667	Syac.g_00522
OG0000321	Syah	Prbg.g_01667	Syah.g_02408
OG0000321	Syak	Prbg.g_01667	Syak.g_02396
OG0000321	Syab	Prbg.g_01667	Syab.g_02294
OG0000321	Syal	Prbg.g_01667	Syal.g_00611
OG0000321	Syaq	Prbg.g_01667	Syaq.g_01654
OG0000321	Syag	Prbg.g_01667	Syag.g_01713
OG0000321	Prbj	Prbg.g_01667	Prbj.g_00484
OG0000321	Prbk	Prbg.g_01667	Prbk.g_01440
OG0000321	Prbl	Prbg.g_01667	Prbl.g_00373
OG0000321	Praf	Prbg.g_01667	Praf.g_00461
OG0000321	Prah	Prbg.g_01667	Prah.g_01697
OG0000321	Prbm	Prbg.g_01667	Prbm.g_01856
OG0000321	Praj	Prbg.g_01667	Praj.g_01783
OG0000321	Prbb	Prbg.g_01667	Prbb.g_01838
OG0000321	Prbc	Prbg.g_01667	Prbc.g_00847
OG0000321	Pram	Prbg.g_01667	Pram.g_01649
OG0000321	Prbh	Prbg.g_01667	Prbh.g_01765
OG0000321	Prak	Prbg.g_01667	Prak.g_01662
OG0000321	Prap	Prbg.g_01667	Prap.g_01762
OG0000321	Prbe	Prbg.g_01667	Prbe.g_00968
OG0000321	Prbf	Prbg.g_01667	Prbf.g_00676
OG0000321	Prbn	Prbg.g_01667	Prbn.g_01762
OG0000322	Prab	Prbg.g_01668	Prab.g_01687
OG0000322	Pran	Prbg.g_01668	Pran.g_00988
OG0000322	Prai	Prbg.g_01668	Prai.g_01656
OG0000322	Prao	Prbg.g_01668	Prao.g_01570
OG0000322	Prax	Prbg.g_01668	Prax.g_01541
OG0000322	Prac	Prbg.g_01668	Prac.g_00607
OG0000322	Praq	Prbg.g_01668	Praq.g_00479
OG0000322	Prar	Prbg.g_01668	Prar.g_01125
OG0000322	Prav	Prbg.g_01668	Prav.g_01779
OG0000322	Pray	Prbg.g_01668	Pray.g_01541
OG0000322	Praz	Prbg.g_01668	Praz.g_00859
OG0000322	Prba	Prbg.g_01668	Prba.g_00602
OG0000322	Prbd	Prbg.g_01668	Prbd.g_01507
OG0000322	Pras	Prbg.g_01668	Pras.g_00568
OG0000322	Prau	Prbg.g_01668	Prau.g_01750
OG0000322	Prag	Prbg.g_01668	Prag.g_01687
OG0000322	Praw	Prbg.g_01668	Praw.g_00533
OG0000322	Praa	Prbg.g_01668	Praa.g_01653
OG0000322	Prad	Prbg.g_01668	Prad.g_00923
OG0000322	Prbi	Prbg.g_01668	Prbi.g_01805
OG0000322	Prae	Prbg.g_01668	Prae.g_01641
OG0000322	Pral	Prbg.g_01668	Pral.g_00125
OG0000322	Prat	Prbg.g_01668	Prat.g_01609
OG0000322	Praj	Prbg.g_01668	Praj.g_01784
OG0000322	Prbb	Prbg.g_01668	Prbb.g_01839
OG0000322	Prbm	Prbg.g_01668	Prbm.g_01857
OG0000322	Prbc	Prbg.g_01668	Prbc.g_00848
OG0000322	Syao	Prbg.g_01668	Syao.g_01674
OG0000322	Syan	Prbg.g_01668	Syan.g_01429
OG0000322	Syar	Prbg.g_01668	Syar.g_02958
OG0000322	Syak	Prbg.g_01668	Syak.g_02395
OG0000322	Syab	Prbg.g_01668	Syab.g_02295
OG0000322	Syal	Prbg.g_01668	Syal.g_00612
OG0000322	Syaq	Prbg.g_01668	Syaq.g_01653
OG0000322	Syag	Prbg.g_01668	Syag.g_01714
OG0000322	Syad	Prbg.g_01668	Syad.g_02646
OG0000322	Syaj	Prbg.g_01668	Syaj.g_01745
OG0000322	Syae	Prbg.g_01668	Syae.g_01185
OG0000322	Syaf	Prbg.g_01668	Syaf.g_01011
OG0000322	Syam	Prbg.g_01668	Syam.g_02010
OG0000322	Syai	Prbg.g_01668	Syai.g_02399
OG0000322	Syaa	Prbg.g_01668	Syaa.g_00528
OG0000322	Syac	Prbg.g_01668	Syac.g_00521
OG0000322	Syah	Prbg.g_01668	Syah.g_02409
OG0000322	Syas	Prbg.g_01668	Syas.g_02659
OG0000322	Syap	Prbg.g_01668	Syap.g_01759, Syap.g_01767
OG0000322	Syat	Prbg.g_01668	Syat.g_03051
OG0000322	Praf	Prbg.g_01668	Praf.g_00460
OG0000322	Prbj	Prbg.g_01668	Prbj.g_00483
OG0000322	Prbk	Prbg.g_01668	Prbk.g_01439
OG0000322	Prbl	Prbg.g_01668	Prbl.g_00372
OG0000322	Prah	Prbg.g_01668	Prah.g_01698
OG0000322	Pram	Prbg.g_01668	Pram.g_01650
OG0000322	Prbh	Prbg.g_01668	Prbh.g_01764
OG0000322	Prak	Prbg.g_01668	Prak.g_01663
OG0000322	Prap	Prbg.g_01668	Prap.g_01761
OG0000322	Prbe	Prbg.g_01668	Prbe.g_00967
OG0000322	Prbf	Prbg.g_01668	Prbf.g_00675
OG0000322	Prbn	Prbg.g_01668	Prbn.g_01763
OG0000323	Prai	Prbg.g_01677	Prai.g_01665
OG0000323	Prab	Prbg.g_01677	Prab.g_01696
OG0000323	Pran	Prbg.g_01677	Pran.g_00997
OG0000323	Prad	Prbg.g_01677	Prad.g_00914
OG0000323	Pray	Prbg.g_01677	Pray.g_01532
OG0000323	Praz	Prbg.g_01677	Praz.g_00850
OG0000323	Prba	Prbg.g_01677	Prba.g_00593
OG0000323	Praa	Prbg.g_01677	Praa.g_01662
OG0000323	Prac	Prbg.g_01677	Prac.g_00598
OG0000323	Prae	Prbg.g_01677	Prae.g_01650
OG0000323	Prag	Prbg.g_01677	Prag.g_01696
OG0000323	Prao	Prbg.g_01677	Prao.g_01579
OG0000323	Praq	Prbg.g_01677	Praq.g_00470
OG0000323	Prar	Prbg.g_01677	Prar.g_01967
OG0000323	Prav	Prbg.g_01677	Prav.g_01788
OG0000323	Praw	Prbg.g_01677	Praw.g_00542
OG0000323	Prax	Prbg.g_01677	Prax.g_01532
OG0000323	Prbi	Prbg.g_01677	Prbi.g_01814
OG0000323	Pras	Prbg.g_01677	Pras.g_00577
OG0000323	Prau	Prbg.g_01677	Prau.g_01759
OG0000323	Prbd	Prbg.g_01677	Prbd.g_01498
OG0000323	Syaa	Prbg.g_01677	Syaa.g_00496
OG0000323	Syac	Prbg.g_01677	Syac.g_00506
OG0000323	Syah	Prbg.g_01677	Syah.g_02425
OG0000323	Syae	Prbg.g_01677	Syae.g_01200
OG0000323	Syad	Prbg.g_01677	Syad.g_02661
OG0000323	Syaj	Prbg.g_01677	Syaj.g_01760
OG0000323	Syaf	Prbg.g_01677	Syaf.g_00997
OG0000323	Syai	Prbg.g_01677	Syai.g_02413
OG0000323	Syam	Prbg.g_01677	Syam.g_02025
OG0000323	Prbm	Prbg.g_01677	Prbm.g_01866
OG0000323	Praj	Prbg.g_01677	Praj.g_01793
OG0000323	Prbb	Prbg.g_01677	Prbb.g_01848
OG0000323	Prbc	Prbg.g_01677	Prbc.g_00857
OG0000323	Prbj	Prbg.g_01677	Prbj.g_00472
OG0000323	Prbk	Prbg.g_01677	Prbk.g_01428
OG0000323	Prbl	Prbg.g_01677	Prbl.g_00361
OG0000323	Praf	Prbg.g_01677	Praf.g_00449
OG0000323	Prah	Prbg.g_01677	Prah.g_01710
OG0000323	Syab	Prbg.g_01677	Syab.g_02310
OG0000323	Syal	Prbg.g_01677	Syal.g_00626
OG0000323	Syat	Prbg.g_01677	Syat.g_03038
OG0000323	Syap	Prbg.g_01677	Syap.g_01389
OG0000323	Syas	Prbg.g_01677	Syas.g_02646
OG0000323	Syar	Prbg.g_01677	Syar.g_02973
OG0000323	Syao	Prbg.g_01677	Syao.g_01661
OG0000323	Syan	Prbg.g_01677	Syan.g_01442
OG0000323	Syag	Prbg.g_01677	Syag.g_01728
OG0000323	Syak	Prbg.g_01677	Syak.g_02380
OG0000323	Syaq	Prbg.g_01677	Syaq.g_01638
OG0000323	Pral	Prbg.g_01677	Pral.g_00134
OG0000323	Prat	Prbg.g_01677	Prat.g_01618
OG0000323	Pram	Prbg.g_01677	Pram.g_01659
OG0000323	Prbh	Prbg.g_01677	Prbh.g_01755
OG0000323	Prak	Prbg.g_01677	Prak.g_01672
OG0000323	Prap	Prbg.g_01677	Prap.g_01751
OG0000323	Prbe	Prbg.g_01677	Prbe.g_00958
OG0000323	Prbf	Prbg.g_01677	Prbf.g_00666
OG0000323	Prbn	Prbg.g_01677	Prbn.g_01773
OG0000324	Prao	Prbg.g_01704	Prao.g_01605
OG0000324	Prad	Prbg.g_01704	Prad.g_00887
OG0000324	Prax	Prbg.g_01704	Prax.g_01505
OG0000324	Prbd	Prbg.g_01704	Prbd.g_01471
OG0000324	Prbi	Prbg.g_01704	Prbi.g_01840
OG0000324	Praa	Prbg.g_01704	Praa.g_01690
OG0000324	Prae	Prbg.g_01704	Prae.g_01676
OG0000324	Prag	Prbg.g_01704	Prag.g_01723
OG0000324	Praw	Prbg.g_01704	Praw.g_00569
OG0000324	Prav	Prbg.g_01704	Prav.g_01815
OG0000324	Prac	Prbg.g_01704	Prac.g_00572
OG0000324	Praq	Prbg.g_01704	Praq.g_00444
OG0000324	Prar	Prbg.g_01704	Prar.g_00609
OG0000324	Pray	Prbg.g_01704	Pray.g_01506
OG0000324	Praz	Prbg.g_01704	Praz.g_00824
OG0000324	Prba	Prbg.g_01704	Prba.g_00567
OG0000324	Pras	Prbg.g_01704	Pras.g_00604
OG0000324	Prau	Prbg.g_01704	Prau.g_01785
OG0000324	Prab	Prbg.g_01704	Prab.g_01722
OG0000324	Pran	Prbg.g_01704	Pran.g_01023
OG0000324	Prai	Prbg.g_01704	Prai.g_01691
OG0000324	Prbm	Prbg.g_01704	Prbm.g_01893
OG0000324	Prbb	Prbg.g_01704	Prbb.g_01875
OG0000324	Prbc	Prbg.g_01704	Prbc.g_00884
OG0000324	Praj	Prbg.g_01704	Praj.g_01820
OG0000324	Prbj	Prbg.g_01704	Prbj.g_00443
OG0000324	Prbk	Prbg.g_01704	Prbk.g_01399
OG0000324	Prbl	Prbg.g_01704	Prbl.g_00332
OG0000324	Praf	Prbg.g_01704	Praf.g_00419
OG0000324	Prah	Prbg.g_01704	Prah.g_01744
OG0000324	Syat	Prbg.g_01704	Syat.g_02998
OG0000324	Syar	Prbg.g_01704	Syar.g_00350, Syar.g_03001
OG0000324	Syas	Prbg.g_01704	Syas.g_02578
OG0000324	Syap	Prbg.g_01704	Syap.g_01503
OG0000324	Syan	Prbg.g_01704	Syan.g_01472
OG0000324	Syao	Prbg.g_01704	Syao.g_01630
OG0000324	Syaq	Prbg.g_01704	Syaq.g_01605
OG0000324	Syak	Prbg.g_01704	Syak.g_02347
OG0000324	Syab	Prbg.g_01704	Syab.g_02341
OG0000324	Syal	Prbg.g_01704	Syal.g_00656
OG0000324	Syac	Prbg.g_01704	Syac.g_00648
OG0000324	Syah	Prbg.g_01704	Syah.g_02278
OG0000324	Syag	Prbg.g_01704	Syag.g_01757
OG0000324	Syad	Prbg.g_01704	Syad.g_02505
OG0000324	Syaj	Prbg.g_01704	Syaj.g_01609
OG0000324	Syae	Prbg.g_01704	Syae.g_01049
OG0000324	Syaa	Prbg.g_01704	Syaa.g_00653
OG0000324	Syai	Prbg.g_01704	Syai.g_02272
OG0000324	Syaf	Prbg.g_01704	Syaf.g_01164
OG0000324	Syam	Prbg.g_01704	Syam.g_01906
OG0000324	Pral	Prbg.g_01704	Pral.g_00162
OG0000324	Prat	Prbg.g_01704	Prat.g_01647
OG0000324	Pram	Prbg.g_01704	Pram.g_01687
OG0000324	Prbh	Prbg.g_01704	Prbh.g_01727
OG0000324	Prak	Prbg.g_01704	Prak.g_01699
OG0000324	Prap	Prbg.g_01704	Prap.g_01724
OG0000324	Prbe	Prbg.g_01704	Prbe.g_00931
OG0000324	Prbf	Prbg.g_01704	Prbf.g_00639
OG0000324	Prbn	Prbg.g_01704	Prbn.g_01800
OG0000325	Prab	Prbg.g_01715	Prab.g_01732
OG0000325	Pran	Prbg.g_01715	Pran.g_01033
OG0000325	Prai	Prbg.g_01715	Prai.g_01702
OG0000325	Prac	Prbg.g_01715	Prac.g_00477
OG0000325	Praq	Prbg.g_01715	Praq.g_00950
OG0000325	Prar	Prbg.g_01715	Prar.g_01113
OG0000325	Prad	Prbg.g_01715	Prad.g_00878
OG0000325	Prbi	Prbg.g_01715	Prbi.g_01849
OG0000325	Prao	Prbg.g_01715	Prao.g_01616
OG0000325	Praa	Prbg.g_01715	Praa.g_01700
OG0000325	Pras	Prbg.g_01715	Pras.g_00614
OG0000325	Prae	Prbg.g_01715	Prae.g_01687
OG0000325	Prag	Prbg.g_01715	Prag.g_01733
OG0000325	Praw	Prbg.g_01715	Praw.g_01916
OG0000325	Prav	Prbg.g_01715	Prav.g_00269
OG0000325	Prbd	Prbg.g_01715	Prbd.g_01462
OG0000325	Prax	Prbg.g_01715	Prax.g_01263
OG0000325	Pray	Prbg.g_01715	Pray.g_01235
OG0000325	Praz	Prbg.g_01715	Praz.g_00334
OG0000325	Prba	Prbg.g_01715	Prba.g_00358
OG0000325	Prau	Prbg.g_01715	Prau.g_01795
OG0000325	Pral	Prbg.g_01715	Pral.g_00172
OG0000325	Prat	Prbg.g_01715	Prat.g_01657
OG0000325	Syab	Prbg.g_01715	Syab.g_00368
OG0000325	Syal	Prbg.g_01715	Syal.g_00195
OG0000325	Syaq	Prbg.g_01715	Syaq.g_00693
OG0000325	Syag	Prbg.g_01715	Syag.g_02690
OG0000325	Praf	Prbg.g_01715	Praf.g_02200
OG0000325	Prbj	Prbg.g_01715	Prbj.g_02657
OG0000325	Prbk	Prbg.g_01715	Prbk.g_01904
OG0000325	Prbl	Prbg.g_01715	Prbl.g_02683
OG0000325	Prah	Prbg.g_01715	Prah.g_02071
OG0000325	Syas	Prbg.g_01715	Syas.g_01668
OG0000325	Syap	Prbg.g_01715	Syap.g_02680
OG0000325	Syan	Prbg.g_01715	Syan.g_02107
OG0000325	Syao	Prbg.g_01715	Syao.g_01936
OG0000325	Syae	Prbg.g_01715	Syae.g_02033
OG0000325	Syaj	Prbg.g_01715	Syaj.g_02638
OG0000325	Syaa	Prbg.g_01715	Syaa.g_02350
OG0000325	Syad	Prbg.g_01715	Syad.g_00591
OG0000325	Syai	Prbg.g_01715	Syai.g_00320
OG0000325	Syaf	Prbg.g_01715	Syaf.g_00176
OG0000325	Syam	Prbg.g_01715	Syam.g_00289
OG0000325	Syac	Prbg.g_01715	Syac.g_02190
OG0000325	Syah	Prbg.g_01715	Syah.g_00689
OG0000325	Syar	Prbg.g_01715	Syar.g_03291, Syar.g_00148
OG0000325	Syat	Prbg.g_01715	Syat.g_01861
OG0000325	Syak	Prbg.g_01715	Syak.g_01391
OG0000325	Pram	Prbg.g_01715	Pram.g_01697
OG0000325	Prbh	Prbg.g_01715	Prbh.g_01717
OG0000325	Prbb	Prbg.g_01715	Prbb.g_01924
OG0000325	Prbc	Prbg.g_01715	Prbc.g_00935
OG0000325	Praj	Prbg.g_01715	Praj.g_01870
OG0000325	Prbm	Prbg.g_01715	Prbm.g_01950
OG0000325	Prak	Prbg.g_01715	Prak.g_01710
OG0000325	Prap	Prbg.g_01715	Prap.g_01713
OG0000325	Prbe	Prbg.g_01715	Prbe.g_00920
OG0000325	Prbf	Prbg.g_01715	Prbf.g_00628
OG0000325	Prbn	Prbg.g_01715	Prbn.g_01811
OG0000326	Prab	Prbg.g_01722	Prab.g_01738
OG0000326	Pran	Prbg.g_01722	Pran.g_01039
OG0000326	Prai	Prbg.g_01722	Prai.g_01708
OG0000326	Prax	Prbg.g_01722	Prax.g_01269
OG0000326	Praa	Prbg.g_01722	Praa.g_01706
OG0000326	Prbd	Prbg.g_01722	Prbd.g_01456
OG0000326	Prbi	Prbg.g_01722	Prbi.g_01855
OG0000326	Pras	Prbg.g_01722	Pras.g_00620
OG0000326	Prau	Prbg.g_01722	Prau.g_01801
OG0000326	Prae	Prbg.g_01722	Prae.g_01693
OG0000326	Prag	Prbg.g_01722	Prag.g_01739
OG0000326	Praw	Prbg.g_01722	Praw.g_01910
OG0000326	Prav	Prbg.g_01722	Prav.g_00275
OG0000326	Prac	Prbg.g_01722	Prac.g_00483
OG0000326	Praq	Prbg.g_01722	Praq.g_00944
OG0000326	Prar	Prbg.g_01722	Prar.g_01107
OG0000326	Pray	Prbg.g_01722	Pray.g_01241
OG0000326	Praz	Prbg.g_01722	Praz.g_00328
OG0000326	Prba	Prbg.g_01722	Prba.g_00364
OG0000326	Prad	Prbg.g_01722	Prad.g_00872
OG0000326	Prao	Prbg.g_01722	Prao.g_01622
OG0000326	Prbm	Prbg.g_01722	Prbm.g_01956
OG0000326	Prbc	Prbg.g_01722	Prbc.g_00941
OG0000326	Praj	Prbg.g_01722	Praj.g_01876
OG0000326	Prbb	Prbg.g_01722	Prbb.g_01930
OG0000326	Prbj	Prbg.g_01722	Prbj.g_02649
OG0000326	Prbk	Prbg.g_01722	Prbk.g_01912
OG0000326	Prbl	Prbg.g_01722	Prbl.g_01059
OG0000326	Praf	Prbg.g_01722	Praf.g_02193
OG0000326	Prah	Prbg.g_01722	Prah.g_02064
OG0000326	Syag	Prbg.g_01722	Syag.g_02698
OG0000326	Syaq	Prbg.g_01722	Syaq.g_00686
OG0000326	Syak	Prbg.g_01722	Syak.g_01384
OG0000326	Syab	Prbg.g_01722	Syab.g_00375
OG0000326	Syal	Prbg.g_01722	Syal.g_00202
OG0000326	Syan	Prbg.g_01722	Syan.g_02114
OG0000326	Syao	Prbg.g_01722	Syao.g_01918
OG0000326	Syar	Prbg.g_01722	Syar.g_00139, Syar.g_03134
OG0000326	Syae	Prbg.g_01722	Syae.g_02040
OG0000326	Syad	Prbg.g_01722	Syad.g_00598
OG0000326	Syaj	Prbg.g_01722	Syaj.g_02645
OG0000326	Syaf	Prbg.g_01722	Syaf.g_00169
OG0000326	Syai	Prbg.g_01722	Syai.g_00327
OG0000326	Syam	Prbg.g_01722	Syam.g_00296
OG0000326	Syaa	Prbg.g_01722	Syaa.g_02343
OG0000326	Syac	Prbg.g_01722	Syac.g_02183
OG0000326	Syah	Prbg.g_01722	Syah.g_00696
OG0000326	Syat	Prbg.g_01722	Syat.g_01854
OG0000326	Syap	Prbg.g_01722	Syap.g_00544
OG0000326	Syas	Prbg.g_01722	Syas.g_01661
OG0000326	Pral	Prbg.g_01722	Pral.g_00179
OG0000326	Prat	Prbg.g_01722	Prat.g_01664
OG0000326	Pram	Prbg.g_01722	Pram.g_01704
OG0000326	Prbh	Prbg.g_01722	Prbh.g_01710
OG0000326	Prak	Prbg.g_01722	Prak.g_01717
OG0000326	Prap	Prbg.g_01722	Prap.g_01706
OG0000326	Prbe	Prbg.g_01722	Prbe.g_01109
OG0000326	Prbf	Prbg.g_01722	Prbf.g_00621
OG0000326	Prbn	Prbg.g_01722	Prbn.g_01818
OG0000327	Prab	Prbg.g_01743	Prab.g_01761
OG0000327	Pran	Prbg.g_01743	Pran.g_01063
OG0000327	Prai	Prbg.g_01743	Prai.g_01735
OG0000327	Pray	Prbg.g_01743	Pray.g_01265
OG0000327	Praz	Prbg.g_01743	Praz.g_00304
OG0000327	Prba	Prbg.g_01743	Prba.g_00388
OG0000327	Pras	Prbg.g_01743	Pras.g_00646
OG0000327	Prau	Prbg.g_01743	Prau.g_01828
OG0000327	Prax	Prbg.g_01743	Prax.g_01297
OG0000327	Prbi	Prbg.g_01743	Prbi.g_01897
OG0000327	Praa	Prbg.g_01743	Praa.g_01734
OG0000327	Prac	Prbg.g_01743	Prac.g_00507
OG0000327	Praq	Prbg.g_01743	Praq.g_00920
OG0000327	Prar	Prbg.g_01743	Prar.g_01068
OG0000327	Prad	Prbg.g_01743	Prad.g_00848
OG0000327	Prag	Prbg.g_01743	Prag.g_01763
OG0000327	Praw	Prbg.g_01743	Praw.g_00137
OG0000327	Prao	Prbg.g_01743	Prao.g_01646
OG0000327	Prae	Prbg.g_01743	Prae.g_01717
OG0000327	Prav	Prbg.g_01743	Prav.g_00591
OG0000327	Prbd	Prbg.g_01743	Prbd.g_01432
OG0000327	Prbm	Prbg.g_01743	Prbm.g_01991
OG0000327	Praj	Prbg.g_01743	Praj.g_01910
OG0000327	Prbb	Prbg.g_01743	Prbb.g_01959
OG0000327	Prbc	Prbg.g_01743	Prbc.g_00326
OG0000327	Syag	Prbg.g_01743	Syag.g_02728
OG0000327	Syaq	Prbg.g_01743	Syaq.g_00652
OG0000327	Syab	Prbg.g_01743	Syab.g_00402
OG0000327	Syal	Prbg.g_01743	Syal.g_00230
OG0000327	Praf	Prbg.g_01743	Praf.g_02162
OG0000327	Prah	Prbg.g_01743	Prah.g_02038
OG0000327	Prbj	Prbg.g_01743	Prbj.g_01024
OG0000327	Prbk	Prbg.g_01743	Prbk.g_00987
OG0000327	Prbl	Prbg.g_01743	Prbl.g_00957
OG0000327	Syae	Prbg.g_01743	Syae.g_02080
OG0000327	Syad	Prbg.g_01743	Syad.g_00649
OG0000327	Syaj	Prbg.g_01743	Syaj.g_02693
OG0000327	Syaa	Prbg.g_01743	Syaa.g_02294
OG0000327	Syac	Prbg.g_01743	Syac.g_02137
OG0000327	Syah	Prbg.g_01743	Syah.g_00742
OG0000327	Syaf	Prbg.g_01743	Syaf.g_00138
OG0000327	Syai	Prbg.g_01743	Syai.g_00359
OG0000327	Syam	Prbg.g_01743	Syam.g_00325
OG0000327	Syan	Prbg.g_01743	Syan.g_02244
OG0000327	Syao	Prbg.g_01743	Syao.g_01795
OG0000327	Syar	Prbg.g_01743	Syar.g_01029
OG0000327	Syat	Prbg.g_01743	Syat.g_01827
OG0000327	Syap	Prbg.g_01743	Syap.g_01233, Syap.g_01913
OG0000327	Syas	Prbg.g_01743	Syas.g_01634
OG0000327	Syak	Prbg.g_01743	Syak.g_01350
OG0000327	Prat	Prbg.g_01743	Prat.g_01685
OG0000327	Pral	Prbg.g_01743	Pral.g_00201
OG0000327	Pram	Prbg.g_01743	Pram.g_01728
OG0000327	Prbh	Prbg.g_01743	Prbh.g_01686
OG0000327	Prak	Prbg.g_01743	Prak.g_01738
OG0000327	Prap	Prbg.g_01743	Prap.g_01685
OG0000327	Prbe	Prbg.g_01743	Prbe.g_01088
OG0000327	Prbf	Prbg.g_01743	Prbf.g_00600
OG0000327	Prbn	Prbg.g_01743	Prbn.g_01839
OG0000328	Prab	Prbg.g_01744	Prab.g_01762
OG0000328	Pran	Prbg.g_01744	Pran.g_01064
OG0000328	Prai	Prbg.g_01744	Prai.g_01736
OG0000328	Prao	Prbg.g_01744	Prao.g_01647
OG0000328	Pray	Prbg.g_01744	Pray.g_01266
OG0000328	Praz	Prbg.g_01744	Praz.g_00303
OG0000328	Prba	Prbg.g_01744	Prba.g_00389
OG0000328	Prac	Prbg.g_01744	Prac.g_00508
OG0000328	Praq	Prbg.g_01744	Praq.g_00919
OG0000328	Prar	Prbg.g_01744	Prar.g_01067
OG0000328	Prav	Prbg.g_01744	Prav.g_00592
OG0000328	Prag	Prbg.g_01744	Prag.g_01764
OG0000328	Praw	Prbg.g_01744	Praw.g_00136
OG0000328	Praa	Prbg.g_01744	Praa.g_01735
OG0000328	Pras	Prbg.g_01744	Pras.g_00647
OG0000328	Prau	Prbg.g_01744	Prau.g_01829
OG0000328	Prbi	Prbg.g_01744	Prbi.g_01898
OG0000328	Prae	Prbg.g_01744	Prae.g_01718
OG0000328	Prax	Prbg.g_01744	Prax.g_01298
OG0000328	Prbd	Prbg.g_01744	Prbd.g_01431
OG0000328	Prad	Prbg.g_01744	Prad.g_00847
OG0000328	Prbm	Prbg.g_01744	Prbm.g_01992
OG0000328	Praj	Prbg.g_01744	Praj.g_01911
OG0000328	Prbb	Prbg.g_01744	Prbb.g_01960
OG0000328	Prbc	Prbg.g_01744	Prbc.g_00325
OG0000328	Syag	Prbg.g_01744	Syag.g_02729
OG0000328	Syaq	Prbg.g_01744	Syaq.g_00651
OG0000328	Syak	Prbg.g_01744	Syak.g_01349
OG0000328	Syab	Prbg.g_01744	Syab.g_00403
OG0000328	Syal	Prbg.g_01744	Syal.g_00231
OG0000328	Syat	Prbg.g_01744	Syat.g_01826
OG0000328	Syar	Prbg.g_01744	Syar.g_01030
OG0000328	Syan	Prbg.g_01744	Syan.g_02243
OG0000328	Syao	Prbg.g_01744	Syao.g_01794
OG0000328	Syas	Prbg.g_01744	Syas.g_01633
OG0000328	Syap	Prbg.g_01744	Syap.g_01234, Syap.g_01912
OG0000328	Syae	Prbg.g_01744	Syae.g_02081
OG0000328	Syad	Prbg.g_01744	Syad.g_00650
OG0000328	Syaj	Prbg.g_01744	Syaj.g_02694
OG0000328	Syac	Prbg.g_01744	Syac.g_02136
OG0000328	Syah	Prbg.g_01744	Syah.g_00743
OG0000328	Syaa	Prbg.g_01744	Syaa.g_02293
OG0000328	Syaf	Prbg.g_01744	Syaf.g_00137
OG0000328	Syai	Prbg.g_01744	Syai.g_00360
OG0000328	Syam	Prbg.g_01744	Syam.g_00326
OG0000328	Prah	Prbg.g_01744	Prah.g_02037
OG0000328	Praf	Prbg.g_01744	Praf.g_02161
OG0000328	Prbj	Prbg.g_01744	Prbj.g_01023
OG0000328	Prbk	Prbg.g_01744	Prbk.g_00986
OG0000328	Prbl	Prbg.g_01744	Prbl.g_00958
OG0000328	Pral	Prbg.g_01744	Pral.g_00202
OG0000328	Prat	Prbg.g_01744	Prat.g_01686
OG0000328	Pram	Prbg.g_01744	Pram.g_01729
OG0000328	Prbh	Prbg.g_01744	Prbh.g_01685
OG0000328	Prak	Prbg.g_01744	Prak.g_01739
OG0000328	Prap	Prbg.g_01744	Prap.g_01684
OG0000328	Prbe	Prbg.g_01744	Prbe.g_01087
OG0000328	Prbf	Prbg.g_01744	Prbf.g_00599
OG0000328	Prbn	Prbg.g_01744	Prbn.g_01840
OG0000329	Prai	Prbg.g_01761	Prai.g_01754
OG0000329	Prab	Prbg.g_01761	Prab.g_01779
OG0000329	Pran	Prbg.g_01761	Pran.g_01082
OG0000329	Prax	Prbg.g_01761	Prax.g_01315
OG0000329	Prau	Prbg.g_01761	Prau.g_01846
OG0000329	Pras	Prbg.g_01761	Pras.g_00664
OG0000329	Prae	Prbg.g_01761	Prae.g_01735
OG0000329	Prad	Prbg.g_01761	Prad.g_00830
OG0000329	Prag	Prbg.g_01761	Prag.g_01781
OG0000329	Praw	Prbg.g_01761	Praw.g_00119
OG0000329	Praa	Prbg.g_01761	Praa.g_01752
OG0000329	Prbd	Prbg.g_01761	Prbd.g_01414
OG0000329	Prbi	Prbg.g_01761	Prbi.g_01915
OG0000329	Prao	Prbg.g_01761	Prao.g_01664
OG0000329	Prav	Prbg.g_01761	Prav.g_00609
OG0000329	Prac	Prbg.g_01761	Prac.g_00525
OG0000329	Praq	Prbg.g_01761	Praq.g_00902
OG0000329	Prar	Prbg.g_01761	Prar.g_01050
OG0000329	Pray	Prbg.g_01761	Pray.g_01283
OG0000329	Praz	Prbg.g_01761	Praz.g_00286
OG0000329	Prba	Prbg.g_01761	Prba.g_00406
OG0000329	Pral	Prbg.g_01761	Pral.g_00219
OG0000329	Prat	Prbg.g_01761	Prat.g_01703
OG0000329	Praj	Prbg.g_01761	Praj.g_01928
OG0000329	Prbc	Prbg.g_01761	Prbc.g_00308
OG0000329	Prbm	Prbg.g_01761	Prbm.g_02009
OG0000329	Prbb	Prbg.g_01761	Prbb.g_01977
OG0000329	Prah	Prbg.g_01761	Prah.g_02020
OG0000329	Praf	Prbg.g_01761	Praf.g_02144
OG0000329	Prbj	Prbg.g_01761	Prbj.g_01006
OG0000329	Prbk	Prbg.g_01761	Prbk.g_00969
OG0000329	Prbl	Prbg.g_01761	Prbl.g_00975
OG0000329	Syag	Prbg.g_01761	Syag.g_02747
OG0000329	Syaq	Prbg.g_01761	Syaq.g_00633
OG0000329	Syap	Prbg.g_01761	Syap.g_00498
OG0000329	Syas	Prbg.g_01761	Syas.g_01615
OG0000329	Syan	Prbg.g_01761	Syan.g_02225
OG0000329	Syao	Prbg.g_01761	Syao.g_01776
OG0000329	Syat	Prbg.g_01761	Syat.g_01808
OG0000329	Syad	Prbg.g_01761	Syad.g_00668
OG0000329	Syaj	Prbg.g_01761	Syaj.g_02712
OG0000329	Syae	Prbg.g_01761	Syae.g_02099
OG0000329	Syaa	Prbg.g_01761	Syaa.g_02275
OG0000329	Syac	Prbg.g_01761	Syac.g_02119
OG0000329	Syah	Prbg.g_01761	Syah.g_00760
OG0000329	Syar	Prbg.g_01761	Syar.g_03189, Syar.g_01048
OG0000329	Syaf	Prbg.g_01761	Syaf.g_00119
OG0000329	Syai	Prbg.g_01761	Syai.g_00378
OG0000329	Syam	Prbg.g_01761	Syam.g_00344
OG0000329	Syak	Prbg.g_01761	Syak.g_01331
OG0000329	Syab	Prbg.g_01761	Syab.g_00420
OG0000329	Syal	Prbg.g_01761	Syal.g_00249
OG0000329	Pram	Prbg.g_01761	Pram.g_01746
OG0000329	Prbh	Prbg.g_01761	Prbh.g_01668
OG0000329	Prak	Prbg.g_01761	Prak.g_01756
OG0000329	Prap	Prbg.g_01761	Prap.g_01667
OG0000329	Prbe	Prbg.g_01761	Prbe.g_00860
OG0000329	Prbf	Prbg.g_01761	Prbf.g_00582
OG0000329	Prbn	Prbg.g_01761	Prbn.g_01857
OG0000330	Prab	Prbg.g_01762	Prab.g_01780
OG0000330	Prai	Prbg.g_01762	Prai.g_01755
OG0000330	Pran	Prbg.g_01762	Pran.g_01083
OG0000330	Pray	Prbg.g_01762	Pray.g_01284
OG0000330	Praz	Prbg.g_01762	Praz.g_00285
OG0000330	Prba	Prbg.g_01762	Prba.g_00407
OG0000330	Praa	Prbg.g_01762	Praa.g_01753
OG0000330	Prad	Prbg.g_01762	Prad.g_00829
OG0000330	Prae	Prbg.g_01762	Prae.g_01736
OG0000330	Prag	Prbg.g_01762	Prag.g_01782
OG0000330	Prao	Prbg.g_01762	Prao.g_01665
OG0000330	Pras	Prbg.g_01762	Pras.g_00665
OG0000330	Prau	Prbg.g_01762	Prau.g_01847
OG0000330	Prav	Prbg.g_01762	Prav.g_00610
OG0000330	Praw	Prbg.g_01762	Praw.g_00118
OG0000330	Prax	Prbg.g_01762	Prax.g_01316
OG0000330	Prbd	Prbg.g_01762	Prbd.g_01413
OG0000330	Prbi	Prbg.g_01762	Prbi.g_01916
OG0000330	Prac	Prbg.g_01762	Prac.g_00526
OG0000330	Praq	Prbg.g_01762	Praq.g_00901
OG0000330	Prar	Prbg.g_01762	Prar.g_01049
OG0000330	Pral	Prbg.g_01762	Pral.g_00220
OG0000330	Prat	Prbg.g_01762	Prat.g_01704
OG0000330	Praj	Prbg.g_01762	Praj.g_01929
OG0000330	Prbb	Prbg.g_01762	Prbb.g_01978
OG0000330	Prbc	Prbg.g_01762	Prbc.g_00307
OG0000330	Prbm	Prbg.g_01762	Prbm.g_02010
OG0000330	Praf	Prbg.g_01762	Praf.g_02143
OG0000330	Prah	Prbg.g_01762	Prah.g_02019
OG0000330	Prbj	Prbg.g_01762	Prbj.g_01005
OG0000330	Prbk	Prbg.g_01762	Prbk.g_00968
OG0000330	Prbl	Prbg.g_01762	Prbl.g_00976
OG0000330	Syad	Prbg.g_01762	Syad.g_00669
OG0000330	Syak	Prbg.g_01762	Syak.g_01330
OG0000330	Syaj	Prbg.g_01762	Syaj.g_02713
OG0000330	Syac	Prbg.g_01762	Syac.g_02118
OG0000330	Syah	Prbg.g_01762	Syah.g_00761
OG0000330	Syar	Prbg.g_01762	Syar.g_03190, Syar.g_01049
OG0000330	Syaf	Prbg.g_01762	Syaf.g_00118
OG0000330	Syai	Prbg.g_01762	Syai.g_00379
OG0000330	Syam	Prbg.g_01762	Syam.g_00345
OG0000330	Syaa	Prbg.g_01762	Syaa.g_02274
OG0000330	Syan	Prbg.g_01762	Syan.g_02224
OG0000330	Syao	Prbg.g_01762	Syao.g_01775
OG0000330	Syap	Prbg.g_01762	Syap.g_00497
OG0000330	Syas	Prbg.g_01762	Syas.g_01614
OG0000330	Syat	Prbg.g_01762	Syat.g_01807
OG0000330	Syag	Prbg.g_01762	Syag.g_02748
OG0000330	Syaq	Prbg.g_01762	Syaq.g_00632
OG0000330	Syab	Prbg.g_01762	Syab.g_00421
OG0000330	Syal	Prbg.g_01762	Syal.g_00250
OG0000330	Syae	Prbg.g_01762	Syae.g_02100
OG0000330	Pram	Prbg.g_01762	Pram.g_01747
OG0000330	Prbh	Prbg.g_01762	Prbh.g_01667
OG0000330	Prak	Prbg.g_01762	Prak.g_01757
OG0000330	Prap	Prbg.g_01762	Prap.g_01666
OG0000330	Prbe	Prbg.g_01762	Prbe.g_00859
OG0000330	Prbf	Prbg.g_01762	Prbf.g_00581
OG0000330	Prbn	Prbg.g_01762	Prbn.g_01858
OG0000331	Pray	Prbg.g_01763	Pray.g_01285
OG0000331	Praz	Prbg.g_01763	Praz.g_00284
OG0000331	Prba	Prbg.g_01763	Prba.g_00408
OG0000331	Prac	Prbg.g_01763	Prac.g_00527
OG0000331	Praq	Prbg.g_01763	Praq.g_00900
OG0000331	Prar	Prbg.g_01763	Prar.g_01048
OG0000331	Prbd	Prbg.g_01763	Prbd.g_01412
OG0000331	Pras	Prbg.g_01763	Pras.g_00666
OG0000331	Prau	Prbg.g_01763	Prau.g_01848
OG0000331	Prad	Prbg.g_01763	Prad.g_00828
OG0000331	Prao	Prbg.g_01763	Prao.g_01666
OG0000331	Prax	Prbg.g_01763	Prax.g_01317
OG0000331	Praa	Prbg.g_01763	Praa.g_01754
OG0000331	Prae	Prbg.g_01763	Prae.g_01737
OG0000331	Prbi	Prbg.g_01763	Prbi.g_01917
OG0000331	Prag	Prbg.g_01763	Prag.g_01783
OG0000331	Praw	Prbg.g_01763	Praw.g_00117
OG0000331	Prav	Prbg.g_01763	Prav.g_00611
OG0000331	Prab	Prbg.g_01763	Prab.g_01781
OG0000331	Pran	Prbg.g_01763	Pran.g_01084
OG0000331	Prai	Prbg.g_01763	Prai.g_01756
OG0000331	Prbb	Prbg.g_01763	Prbb.g_01979
OG0000331	Prbc	Prbg.g_01763	Prbc.g_00306
OG0000331	Prbm	Prbg.g_01763	Prbm.g_02011
OG0000331	Praj	Prbg.g_01763	Praj.g_01930
OG0000331	Pral	Prbg.g_01763	Pral.g_00221
OG0000331	Prat	Prbg.g_01763	Prat.g_01705
OG0000331	Syan	Prbg.g_01763	Syan.g_02223
OG0000331	Syao	Prbg.g_01763	Syao.g_01774
OG0000331	Syap	Prbg.g_01763	Syap.g_00496
OG0000331	Syas	Prbg.g_01763	Syas.g_01613
OG0000331	Syat	Prbg.g_01763	Syat.g_01806
OG0000331	Syak	Prbg.g_01763	Syak.g_01329
OG0000331	Syab	Prbg.g_01763	Syab.g_00422
OG0000331	Syal	Prbg.g_01763	Syal.g_00251
OG0000331	Syae	Prbg.g_01763	Syae.g_02101
OG0000331	Prah	Prbg.g_01763	Prah.g_02018
OG0000331	Praf	Prbg.g_01763	Praf.g_02142
OG0000331	Prbj	Prbg.g_01763	Prbj.g_01004
OG0000331	Prbk	Prbg.g_01763	Prbk.g_00967
OG0000331	Prbl	Prbg.g_01763	Prbl.g_00977
OG0000331	Syar	Prbg.g_01763	Syar.g_01050, Syar.g_03191
OG0000331	Syaq	Prbg.g_01763	Syaq.g_00631
OG0000331	Syag	Prbg.g_01763	Syag.g_02749
OG0000331	Syad	Prbg.g_01763	Syad.g_00670
OG0000331	Syaj	Prbg.g_01763	Syaj.g_02714
OG0000331	Syac	Prbg.g_01763	Syac.g_02117
OG0000331	Syah	Prbg.g_01763	Syah.g_00762
OG0000331	Syaf	Prbg.g_01763	Syaf.g_00117
OG0000331	Syai	Prbg.g_01763	Syai.g_00380
OG0000331	Syam	Prbg.g_01763	Syam.g_00346
OG0000331	Syaa	Prbg.g_01763	Syaa.g_02273
OG0000331	Pram	Prbg.g_01763	Pram.g_01748
OG0000331	Prbh	Prbg.g_01763	Prbh.g_01666
OG0000331	Prak	Prbg.g_01763	Prak.g_01758
OG0000331	Prap	Prbg.g_01763	Prap.g_01665
OG0000331	Prbe	Prbg.g_01763	Prbe.g_00858
OG0000331	Prbf	Prbg.g_01763	Prbf.g_00580
OG0000331	Prbn	Prbg.g_01763	Prbn.g_01859
OG0000332	Prab	Prbg.g_01777	Prab.g_01795
OG0000332	Pran	Prbg.g_01777	Pran.g_01098
OG0000332	Prai	Prbg.g_01777	Prai.g_01770
OG0000332	Prav	Prbg.g_01777	Prav.g_00625
OG0000332	Prag	Prbg.g_01777	Prag.g_01797
OG0000332	Praw	Prbg.g_01777	Praw.g_00103
OG0000332	Prac	Prbg.g_01777	Prac.g_00541
OG0000332	Praq	Prbg.g_01777	Praq.g_00886
OG0000332	Prar	Prbg.g_01777	Prar.g_01034
OG0000332	Praa	Prbg.g_01777	Praa.g_01768
OG0000332	Prad	Prbg.g_01777	Prad.g_00814
OG0000332	Pray	Prbg.g_01777	Pray.g_01299
OG0000332	Praz	Prbg.g_01777	Praz.g_00270
OG0000332	Prba	Prbg.g_01777	Prba.g_00422
OG0000332	Prbi	Prbg.g_01777	Prbi.g_01931
OG0000332	Prax	Prbg.g_01777	Prax.g_01331
OG0000332	Prau	Prbg.g_01777	Prau.g_01862
OG0000332	Pras	Prbg.g_01777	Pras.g_00680
OG0000332	Prae	Prbg.g_01777	Prae.g_01751
OG0000332	Prao	Prbg.g_01777	Prao.g_01680
OG0000332	Prbd	Prbg.g_01777	Prbd.g_01398
OG0000332	Pral	Prbg.g_01777	Pral.g_00235
OG0000332	Prat	Prbg.g_01777	Prat.g_01718
OG0000332	Syae	Prbg.g_01777	Syae.g_02116
OG0000332	Syad	Prbg.g_01777	Syad.g_00685
OG0000332	Syaj	Prbg.g_01777	Syaj.g_02729
OG0000332	Syar	Prbg.g_01777	Syar.g_01064, Syar.g_03299
OG0000332	Syan	Prbg.g_01777	Syan.g_02208
OG0000332	Syao	Prbg.g_01777	Syao.g_01813
OG0000332	Syat	Prbg.g_01777	Syat.g_01790
OG0000332	Syap	Prbg.g_01777	Syap.g_00481
OG0000332	Syas	Prbg.g_01777	Syas.g_01598
OG0000332	Syaa	Prbg.g_01777	Syaa.g_02258
OG0000332	Syac	Prbg.g_01777	Syac.g_02103
OG0000332	Syah	Prbg.g_01777	Syah.g_00776
OG0000332	Syam	Prbg.g_01777	Syam.g_00361
OG0000332	Syai	Prbg.g_01777	Syai.g_00395
OG0000332	Syaf	Prbg.g_01777	Syaf.g_00102
OG0000332	Prbj	Prbg.g_01777	Prbj.g_00989
OG0000332	Prbk	Prbg.g_01777	Prbk.g_00952
OG0000332	Prbl	Prbg.g_01777	Prbl.g_00992
OG0000332	Praf	Prbg.g_01777	Praf.g_02127
OG0000332	Prah	Prbg.g_01777	Prah.g_02003
OG0000332	Syaq	Prbg.g_01777	Syaq.g_00616
OG0000332	Syak	Prbg.g_01777	Syak.g_01314
OG0000332	Syab	Prbg.g_01777	Syab.g_00437
OG0000332	Syal	Prbg.g_01777	Syal.g_00266
OG0000332	Syag	Prbg.g_01777	Syag.g_02764
OG0000332	Prbm	Prbg.g_01777	Prbm.g_02025
OG0000332	Praj	Prbg.g_01777	Praj.g_01944
OG0000332	Prbb	Prbg.g_01777	Prbb.g_01993
OG0000332	Prbc	Prbg.g_01777	Prbc.g_00292
OG0000332	Pram	Prbg.g_01777	Pram.g_01762
OG0000332	Prbh	Prbg.g_01777	Prbh.g_01652
OG0000332	Prak	Prbg.g_01777	Prak.g_01772
OG0000332	Prap	Prbg.g_01777	Prap.g_01651
OG0000332	Prbe	Prbg.g_01777	Prbe.g_00844
OG0000332	Prbf	Prbg.g_01777	Prbf.g_00566
OG0000332	Prbn	Prbg.g_01777	Prbn.g_01873
OG0000333	Prab	Prbg.g_01779	Prab.g_01797
OG0000333	Pran	Prbg.g_01779	Pran.g_01100
OG0000333	Prai	Prbg.g_01779	Prai.g_01777
OG0000333	Prac	Prbg.g_01779	Prac.g_00543
OG0000333	Praq	Prbg.g_01779	Praq.g_00884
OG0000333	Prar	Prbg.g_01779	Prar.g_01032
OG0000333	Prav	Prbg.g_01779	Prav.g_00627
OG0000333	Pray	Prbg.g_01779	Pray.g_01301
OG0000333	Praz	Prbg.g_01779	Praz.g_00268
OG0000333	Prba	Prbg.g_01779	Prba.g_00424
OG0000333	Prax	Prbg.g_01779	Prax.g_01333
OG0000333	Prao	Prbg.g_01779	Prao.g_01682
OG0000333	Prbi	Prbg.g_01779	Prbi.g_01933
OG0000333	Prbd	Prbg.g_01779	Prbd.g_01396
OG0000333	Praa	Prbg.g_01779	Praa.g_01770
OG0000333	Prae	Prbg.g_01779	Prae.g_01753
OG0000333	Prag	Prbg.g_01779	Prag.g_01799
OG0000333	Praw	Prbg.g_01779	Praw.g_00101
OG0000333	Prad	Prbg.g_01779	Prad.g_00812
OG0000333	Pras	Prbg.g_01779	Pras.g_00682
OG0000333	Prau	Prbg.g_01779	Prau.g_01864
OG0000333	Prbm	Prbg.g_01779	Prbm.g_02027
OG0000333	Prbb	Prbg.g_01779	Prbb.g_01995
OG0000333	Praj	Prbg.g_01779	Praj.g_01946
OG0000333	Prbc	Prbg.g_01779	Prbc.g_00290
OG0000333	Praf	Prbg.g_01779	Praf.g_02125
OG0000333	Prah	Prbg.g_01779	Prah.g_02001
OG0000333	Prbj	Prbg.g_01779	Prbj.g_00987
OG0000333	Prbk	Prbg.g_01779	Prbk.g_00950
OG0000333	Prbl	Prbg.g_01779	Prbl.g_00994
OG0000333	Syad	Prbg.g_01779	Syad.g_00688
OG0000333	Syaj	Prbg.g_01779	Syaj.g_02732
OG0000333	Syae	Prbg.g_01779	Syae.g_02119
OG0000333	Syaa	Prbg.g_01779	Syaa.g_02255
OG0000333	Syac	Prbg.g_01779	Syac.g_02100
OG0000333	Syah	Prbg.g_01779	Syah.g_00779
OG0000333	Syai	Prbg.g_01779	Syai.g_00398
OG0000333	Syaf	Prbg.g_01779	Syaf.g_00099
OG0000333	Syam	Prbg.g_01779	Syam.g_00364
OG0000333	Syar	Prbg.g_01779	Syar.g_01067
OG0000333	Syan	Prbg.g_01779	Syan.g_02205
OG0000333	Syao	Prbg.g_01779	Syao.g_01810
OG0000333	Syat	Prbg.g_01779	Syat.g_01787
OG0000333	Syap	Prbg.g_01779	Syap.g_00478
OG0000333	Syas	Prbg.g_01779	Syas.g_01595
OG0000333	Syak	Prbg.g_01779	Syak.g_01311
OG0000333	Syab	Prbg.g_01779	Syab.g_00440
OG0000333	Syal	Prbg.g_01779	Syal.g_00269
OG0000333	Syag	Prbg.g_01779	Syag.g_02767
OG0000333	Syaq	Prbg.g_01779	Syaq.g_00613
OG0000333	Pral	Prbg.g_01779	Pral.g_00237
OG0000333	Prat	Prbg.g_01779	Prat.g_01720
OG0000333	Pram	Prbg.g_01779	Pram.g_01764
OG0000333	Prbh	Prbg.g_01779	Prbh.g_01650
OG0000333	Prap	Prbg.g_01779	Prap.g_01648, Prap.g_01649
OG0000333	Prak	Prbg.g_01779	Prak.g_01774
OG0000333	Prbe	Prbg.g_01779	Prbe.g_00842
OG0000333	Prbf	Prbg.g_01779	Prbf.g_00564
OG0000333	Prbn	Prbg.g_01779	Prbn.g_01875
OG0000334	Prae	Prbg.g_01788	Prae.g_01761
OG0000334	Prbd	Prbg.g_01788	Prbd.g_01388
OG0000334	Pras	Prbg.g_01788	Pras.g_00690
OG0000334	Prau	Prbg.g_01788	Prau.g_01872
OG0000334	Prad	Prbg.g_01788	Prad.g_00804
OG0000334	Praa	Prbg.g_01788	Praa.g_01778
OG0000334	Prab	Prbg.g_01788	Prab.g_01805
OG0000334	Pran	Prbg.g_01788	Pran.g_01108
OG0000334	Prai	Prbg.g_01788	Prai.g_01785
OG0000334	Prao	Prbg.g_01788	Prao.g_01690
OG0000334	Pray	Prbg.g_01788	Pray.g_01309
OG0000334	Praz	Prbg.g_01788	Praz.g_00260
OG0000334	Prba	Prbg.g_01788	Prba.g_00432
OG0000334	Prag	Prbg.g_01788	Prag.g_01807
OG0000334	Praw	Prbg.g_01788	Praw.g_00093
OG0000334	Prac	Prbg.g_01788	Prac.g_00551
OG0000334	Praq	Prbg.g_01788	Praq.g_00876
OG0000334	Prar	Prbg.g_01788	Prar.g_01024
OG0000334	Prav	Prbg.g_01788	Prav.g_00635
OG0000334	Prbi	Prbg.g_01788	Prbi.g_01941
OG0000334	Prax	Prbg.g_01788	Prax.g_01341
OG0000334	Prat	Prbg.g_01788	Prat.g_01729
OG0000334	Pral	Prbg.g_01788	Pral.g_00246
OG0000334	Prbm	Prbg.g_01788	Prbm.g_02036
OG0000334	Prbc	Prbg.g_01788	Prbc.g_00281
OG0000334	Praj	Prbg.g_01788	Praj.g_01955
OG0000334	Prbb	Prbg.g_01788	Prbb.g_02004
OG0000334	Syam	Prbg.g_01788	Syam.g_00375
OG0000334	Syaf	Prbg.g_01788	Syaf.g_00090
OG0000334	Syai	Prbg.g_01788	Syai.g_00407
OG0000334	Syac	Prbg.g_01788	Syac.g_02090
OG0000334	Syah	Prbg.g_01788	Syah.g_00789
OG0000334	Syaa	Prbg.g_01788	Syaa.g_02246
OG0000334	Syae	Prbg.g_01788	Syae.g_02128
OG0000334	Syad	Prbg.g_01788	Syad.g_00697
OG0000334	Syaj	Prbg.g_01788	Syaj.g_02741
OG0000334	Praf	Prbg.g_01788	Praf.g_02112
OG0000334	Prbj	Prbg.g_01788	Prbj.g_00410
OG0000334	Prbk	Prbg.g_01788	Prbk.g_00801
OG0000334	Prbl	Prbg.g_01788	Prbl.g_01131
OG0000334	Prah	Prbg.g_01788	Prah.g_01991
OG0000334	Syak	Prbg.g_01788	Syak.g_01302
OG0000334	Syag	Prbg.g_01788	Syag.g_02777
OG0000334	Syab	Prbg.g_01788	Syab.g_00450
OG0000334	Syal	Prbg.g_01788	Syal.g_00279
OG0000334	Syat	Prbg.g_01788	Syat.g_01657
OG0000334	Syap	Prbg.g_01788	Syap.g_00468
OG0000334	Syas	Prbg.g_01788	Syas.g_01586
OG0000334	Syar	Prbg.g_01788	Syar.g_01076
OG0000334	Syan	Prbg.g_01788	Syan.g_00247, Syan.g_02194
OG0000334	Syao	Prbg.g_01788	Syao.g_01836
OG0000334	Syaq	Prbg.g_01788	Syaq.g_00603
OG0000334	Pram	Prbg.g_01788	Pram.g_01773
OG0000334	Prbh	Prbg.g_01788	Prbh.g_01641
OG0000334	Prak	Prbg.g_01788	Prak.g_01783
OG0000334	Prap	Prbg.g_01788	Prap.g_01639
OG0000334	Prbe	Prbg.g_01788	Prbe.g_00833
OG0000334	Prbf	Prbg.g_01788	Prbf.g_00555
OG0000334	Prbn	Prbg.g_01788	Prbn.g_01884
OG0000335	Prab	Prbg.g_01793	Prab.g_01810
OG0000335	Pran	Prbg.g_01793	Pran.g_01113
OG0000335	Prai	Prbg.g_01793	Prai.g_01790
OG0000335	Prao	Prbg.g_01793	Prao.g_01695
OG0000335	Prac	Prbg.g_01793	Prac.g_00555
OG0000335	Praq	Prbg.g_01793	Praq.g_00872
OG0000335	Prar	Prbg.g_01793	Prar.g_01020
OG0000335	Prag	Prbg.g_01793	Prag.g_01812
OG0000335	Praw	Prbg.g_01793	Praw.g_00088
OG0000335	Prav	Prbg.g_01793	Prav.g_00640
OG0000335	Pray	Prbg.g_01793	Pray.g_01314
OG0000335	Praz	Prbg.g_01793	Praz.g_00255
OG0000335	Prba	Prbg.g_01793	Prba.g_00437
OG0000335	Prbi	Prbg.g_01793	Prbi.g_01946
OG0000335	Prax	Prbg.g_01793	Prax.g_01346
OG0000335	Prae	Prbg.g_01793	Prae.g_01767
OG0000335	Pras	Prbg.g_01793	Pras.g_00695
OG0000335	Prau	Prbg.g_01793	Prau.g_01877
OG0000335	Prad	Prbg.g_01793	Prad.g_00799
OG0000335	Praa	Prbg.g_01793	Praa.g_01783
OG0000335	Prbd	Prbg.g_01793	Prbd.g_01383
OG0000335	Prbm	Prbg.g_01793	Prbm.g_02041
OG0000335	Prbc	Prbg.g_01793	Prbc.g_00276
OG0000335	Praj	Prbg.g_01793	Praj.g_01960
OG0000335	Prbb	Prbg.g_01793	Prbb.g_02009
OG0000335	Prbj	Prbg.g_01793	Prbj.g_00405
OG0000335	Prbk	Prbg.g_01793	Prbk.g_00806
OG0000335	Prbl	Prbg.g_01793	Prbl.g_01136
OG0000335	Praf	Prbg.g_01793	Praf.g_02107
OG0000335	Prah	Prbg.g_01793	Prah.g_01986
OG0000335	Syaa	Prbg.g_01793	Syaa.g_02241
OG0000335	Syae	Prbg.g_01793	Syae.g_02132
OG0000335	Syad	Prbg.g_01793	Syad.g_00702
OG0000335	Syaj	Prbg.g_01793	Syaj.g_02746
OG0000335	Syac	Prbg.g_01793	Syac.g_02085
OG0000335	Syah	Prbg.g_01793	Syah.g_00794
OG0000335	Syaf	Prbg.g_01793	Syaf.g_00085
OG0000335	Syai	Prbg.g_01793	Syai.g_00412
OG0000335	Syam	Prbg.g_01793	Syam.g_00380
OG0000335	Syar	Prbg.g_01793	Syar.g_01080
OG0000335	Syan	Prbg.g_01793	Syan.g_02189
OG0000335	Syao	Prbg.g_01793	Syao.g_01831
OG0000335	Syat	Prbg.g_01793	Syat.g_01652
OG0000335	Syas	Prbg.g_01793	Syas.g_01581
OG0000335	Syap	Prbg.g_01793	Syap.g_00101, Syap.g_00463
OG0000335	Syab	Prbg.g_01793	Syab.g_00455
OG0000335	Syal	Prbg.g_01793	Syal.g_00284
OG0000335	Syak	Prbg.g_01793	Syak.g_01298
OG0000335	Syaq	Prbg.g_01793	Syaq.g_00598
OG0000335	Syag	Prbg.g_01793	Syag.g_02782
OG0000335	Pral	Prbg.g_01793	Pral.g_00251
OG0000335	Prat	Prbg.g_01793	Prat.g_01734
OG0000335	Pram	Prbg.g_01793	Pram.g_01778
OG0000335	Prbh	Prbg.g_01793	Prbh.g_01636
OG0000335	Prak	Prbg.g_01793	Prak.g_01788
OG0000335	Prap	Prbg.g_01793	Prap.g_01634
OG0000335	Prbe	Prbg.g_01793	Prbe.g_00828
OG0000335	Prbf	Prbg.g_01793	Prbf.g_00550
OG0000335	Prbn	Prbg.g_01793	Prbn.g_01889
OG0000336	Prab	Prbg.g_01797	Prab.g_01814
OG0000336	Pran	Prbg.g_01797	Pran.g_01117
OG0000336	Prai	Prbg.g_01797	Prai.g_01794
OG0000336	Pray	Prbg.g_01797	Pray.g_01318
OG0000336	Praz	Prbg.g_01797	Praz.g_00251
OG0000336	Prba	Prbg.g_01797	Prba.g_01050
OG0000336	Prac	Prbg.g_01797	Prac.g_00559
OG0000336	Praq	Prbg.g_01797	Praq.g_00868
OG0000336	Prar	Prbg.g_01797	Prar.g_01016
OG0000336	Prad	Prbg.g_01797	Prad.g_00795
OG0000336	Prag	Prbg.g_01797	Prag.g_01816
OG0000336	Praw	Prbg.g_01797	Praw.g_00084
OG0000336	Prbi	Prbg.g_01797	Prbi.g_01950
OG0000336	Praa	Prbg.g_01797	Praa.g_01787
OG0000336	Prax	Prbg.g_01797	Prax.g_01350
OG0000336	Prae	Prbg.g_01797	Prae.g_01771
OG0000336	Prbd	Prbg.g_01797	Prbd.g_01379
OG0000336	Pras	Prbg.g_01797	Pras.g_00699
OG0000336	Prau	Prbg.g_01797	Prau.g_01881
OG0000336	Prao	Prbg.g_01797	Prao.g_01699
OG0000336	Prav	Prbg.g_01797	Prav.g_00644
OG0000336	Prbc	Prbg.g_01797	Prbc.g_00272
OG0000336	Prbm	Prbg.g_01797	Prbm.g_02045
OG0000336	Praj	Prbg.g_01797	Praj.g_01964
OG0000336	Prbb	Prbg.g_01797	Prbb.g_02013
OG0000336	Prbj	Prbg.g_01797	Prbj.g_00401
OG0000336	Prbk	Prbg.g_01797	Prbk.g_00810
OG0000336	Prbl	Prbg.g_01797	Prbl.g_01140
OG0000336	Praf	Prbg.g_01797	Praf.g_02103
OG0000336	Prah	Prbg.g_01797	Prah.g_01982
OG0000336	Syag	Prbg.g_01797	Syag.g_02786
OG0000336	Syaq	Prbg.g_01797	Syaq.g_00594
OG0000336	Syak	Prbg.g_01797	Syak.g_01294
OG0000336	Syab	Prbg.g_01797	Syab.g_00459
OG0000336	Syal	Prbg.g_01797	Syal.g_00288
OG0000336	Syaa	Prbg.g_01797	Syaa.g_02237
OG0000336	Syae	Prbg.g_01797	Syae.g_02136
OG0000336	Syad	Prbg.g_01797	Syad.g_00706
OG0000336	Syaj	Prbg.g_01797	Syaj.g_02750
OG0000336	Syac	Prbg.g_01797	Syac.g_02081
OG0000336	Syah	Prbg.g_01797	Syah.g_00798
OG0000336	Syaf	Prbg.g_01797	Syaf.g_00081
OG0000336	Syai	Prbg.g_01797	Syai.g_00416
OG0000336	Syam	Prbg.g_01797	Syam.g_00384
OG0000336	Syas	Prbg.g_01797	Syas.g_01577
OG0000336	Syar	Prbg.g_01797	Syar.g_01084
OG0000336	Syat	Prbg.g_01797	Syat.g_01648
OG0000336	Syap	Prbg.g_01797	Syap.g_00417, Syap.g_00607
OG0000336	Syan	Prbg.g_01797	Syan.g_02185
OG0000336	Syao	Prbg.g_01797	Syao.g_01827
OG0000336	Prat	Prbg.g_01797	Prat.g_01738
OG0000336	Pral	Prbg.g_01797	Pral.g_00255
OG0000336	Pram	Prbg.g_01797	Pram.g_01782
OG0000336	Prbh	Prbg.g_01797	Prbh.g_01632
OG0000336	Prak	Prbg.g_01797	Prak.g_01792
OG0000336	Prap	Prbg.g_01797	Prap.g_01630
OG0000336	Prbe	Prbg.g_01797	Prbe.g_00824
OG0000336	Prbf	Prbg.g_01797	Prbf.g_00546
OG0000336	Prbn	Prbg.g_01797	Prbn.g_01893
OG0000337	Prab	Prbg.g_01815	Prab.g_01830
OG0000337	Pran	Prbg.g_01815	Pran.g_01133
OG0000337	Prai	Prbg.g_01815	Prai.g_01810
OG0000337	Prac	Prbg.g_01815	Prac.g_00013
OG0000337	Praq	Prbg.g_01815	Praq.g_00735
OG0000337	Prar	Prbg.g_01815	Prar.g_00625
OG0000337	Prag	Prbg.g_01815	Prag.g_01832
OG0000337	Praw	Prbg.g_01815	Praw.g_00068
OG0000337	Prav	Prbg.g_01815	Prav.g_00661
OG0000337	Prao	Prbg.g_01815	Prao.g_01715
OG0000337	Prbi	Prbg.g_01815	Prbi.g_01966
OG0000337	Prad	Prbg.g_01815	Prad.g_00779
OG0000337	Pray	Prbg.g_01815	Pray.g_01335
OG0000337	Praz	Prbg.g_01815	Praz.g_00234
OG0000337	Prba	Prbg.g_01815	Prba.g_01067
OG0000337	Prae	Prbg.g_01815	Prae.g_01787
OG0000337	Praa	Prbg.g_01815	Praa.g_01804
OG0000337	Prbd	Prbg.g_01815	Prbd.g_01363
OG0000337	Pras	Prbg.g_01815	Pras.g_00715
OG0000337	Prau	Prbg.g_01815	Prau.g_01897
OG0000337	Prax	Prbg.g_01815	Prax.g_01366
OG0000337	Syao	Prbg.g_01815	Syao.g_01968
OG0000337	Syan	Prbg.g_01815	Syan.g_01949
OG0000337	Syas	Prbg.g_01815	Syas.g_02211
OG0000337	Syap	Prbg.g_01815	Syap.g_01054
OG0000337	Syar	Prbg.g_01815	Syar.g_00285
OG0000337	Syat	Prbg.g_01815	Syat.g_02144
OG0000337	Prbj	Prbg.g_01815	Prbj.g_01494
OG0000337	Prbk	Prbg.g_01815	Prbk.g_00506
OG0000337	Prbl	Prbg.g_01815	Prbl.g_00863
OG0000337	Praf	Prbg.g_01815	Praf.g_02372
OG0000337	Prah	Prbg.g_01815	Prah.g_02224
OG0000337	Syaq	Prbg.g_01815	Syaq.g_00975
OG0000337	Syab	Prbg.g_01815	Syab.g_00210
OG0000337	Syal	Prbg.g_01815	Syal.g_01343
OG0000337	Syag	Prbg.g_01815	Syag.g_02445
OG0000337	Syaj	Prbg.g_01815	Syaj.g_02466
OG0000337	Syad	Prbg.g_01815	Syad.g_00425, Syad.g_00427
OG0000337	Syae	Prbg.g_01815	Syae.g_01879
OG0000337	Syam	Prbg.g_01815	Syam.g_00155
OG0000337	Syaf	Prbg.g_01815	Syaf.g_00344
OG0000337	Syai	Prbg.g_01815	Syai.g_00169
OG0000337	Syac	Prbg.g_01815	Syac.g_00199
OG0000337	Syah	Prbg.g_01815	Syah.g_00178
OG0000337	Syaa	Prbg.g_01815	Syaa.g_00167
OG0000337	Syak	Prbg.g_01815	Syak.g_01555
OG0000337	Praj	Prbg.g_01815	Praj.g_01982
OG0000337	Prbb	Prbg.g_01815	Prbb.g_02031
OG0000337	Prbc	Prbg.g_01815	Prbc.g_00241
OG0000337	Prbm	Prbg.g_01815	Prbm.g_02064
OG0000337	Pral	Prbg.g_01815	Pral.g_00274
OG0000337	Prat	Prbg.g_01815	Prat.g_01756
OG0000337	Pram	Prbg.g_01815	Pram.g_01801
OG0000337	Prbh	Prbg.g_01815	Prbh.g_01613
OG0000337	Prak	Prbg.g_01815	Prak.g_01810
OG0000337	Prap	Prbg.g_01815	Prap.g_01612
OG0000337	Prbe	Prbg.g_01815	Prbe.g_00806
OG0000337	Prbf	Prbg.g_01815	Prbf.g_00528
OG0000337	Prbn	Prbg.g_01815	Prbn.g_01911
OG0000338	Prag	Prbg.g_01816	Prag.g_01833
OG0000338	Praw	Prbg.g_01816	Praw.g_00067
OG0000338	Prav	Prbg.g_01816	Prav.g_00662
OG0000338	Prac	Prbg.g_01816	Prac.g_00014
OG0000338	Praq	Prbg.g_01816	Praq.g_00736
OG0000338	Prar	Prbg.g_01816	Prar.g_00626
OG0000338	Prao	Prbg.g_01816	Prao.g_01716
OG0000338	Prad	Prbg.g_01816	Prad.g_00778
OG0000338	Prbi	Prbg.g_01816	Prbi.g_01967
OG0000338	Pray	Prbg.g_01816	Pray.g_01336
OG0000338	Praz	Prbg.g_01816	Praz.g_00233
OG0000338	Prba	Prbg.g_01816	Prba.g_01068
OG0000338	Praa	Prbg.g_01816	Praa.g_01805
OG0000338	Prbd	Prbg.g_01816	Prbd.g_01362
OG0000338	Pras	Prbg.g_01816	Pras.g_00716
OG0000338	Prau	Prbg.g_01816	Prau.g_01898
OG0000338	Prax	Prbg.g_01816	Prax.g_01367
OG0000338	Prae	Prbg.g_01816	Prae.g_01788
OG0000338	Prab	Prbg.g_01816	Prab.g_01831
OG0000338	Pran	Prbg.g_01816	Pran.g_01134
OG0000338	Prai	Prbg.g_01816	Prai.g_01811
OG0000338	Prbm	Prbg.g_01816	Prbm.g_02065
OG0000338	Prbc	Prbg.g_01816	Prbc.g_00240
OG0000338	Praj	Prbg.g_01816	Praj.g_01983
OG0000338	Prbb	Prbg.g_01816	Prbb.g_02032
OG0000338	Pral	Prbg.g_01816	Pral.g_00275
OG0000338	Prat	Prbg.g_01816	Prat.g_01757
OG0000338	Prbj	Prbg.g_01816	Prbj.g_01498
OG0000338	Prbk	Prbg.g_01816	Prbk.g_00510
OG0000338	Prbl	Prbg.g_01816	Prbl.g_00859
OG0000338	Praf	Prbg.g_01816	Praf.g_02375
OG0000338	Prah	Prbg.g_01816	Prah.g_02227
OG0000338	Syat	Prbg.g_01816	Syat.g_02146
OG0000338	Syap	Prbg.g_01816	Syap.g_01059
OG0000338	Syan	Prbg.g_01816	Syan.g_01943
OG0000338	Syao	Prbg.g_01816	Syao.g_01962
OG0000338	Syas	Prbg.g_01816	Syas.g_02199
OG0000338	Syac	Prbg.g_01816	Syac.g_00196
OG0000338	Syah	Prbg.g_01816	Syah.g_00181
OG0000338	Syar	Prbg.g_01816	Syar.g_03225, Syar.g_00287
OG0000338	Syad	Prbg.g_01816	Syad.g_00421
OG0000338	Syaj	Prbg.g_01816	Syaj.g_02462
OG0000338	Syae	Prbg.g_01816	Syae.g_01876
OG0000338	Syaa	Prbg.g_01816	Syaa.g_00162
OG0000338	Syaf	Prbg.g_01816	Syaf.g_00348
OG0000338	Syai	Prbg.g_01816	Syai.g_00166
OG0000338	Syam	Prbg.g_01816	Syam.g_00153
OG0000338	Syab	Prbg.g_01816	Syab.g_00207
OG0000338	Syal	Prbg.g_01816	Syal.g_01345
OG0000338	Syak	Prbg.g_01816	Syak.g_01558
OG0000338	Syag	Prbg.g_01816	Syag.g_02440
OG0000338	Syaq	Prbg.g_01816	Syaq.g_00981
OG0000338	Pram	Prbg.g_01816	Pram.g_01802
OG0000338	Prbh	Prbg.g_01816	Prbh.g_01612
OG0000338	Prak	Prbg.g_01816	Prak.g_01811
OG0000338	Prap	Prbg.g_01816	Prap.g_01611
OG0000338	Prbe	Prbg.g_01816	Prbe.g_00805
OG0000338	Prbf	Prbg.g_01816	Prbf.g_00527
OG0000338	Prbn	Prbg.g_01816	Prbn.g_01912
OG0000339	Prab	Prbg.g_01822	Prab.g_01835
OG0000339	Pran	Prbg.g_01822	Pran.g_01138
OG0000339	Prai	Prbg.g_01822	Prai.g_01815
OG0000339	Prac	Prbg.g_01822	Prac.g_00018
OG0000339	Prar	Prbg.g_01822	Prar.g_00630
OG0000339	Praq	Prbg.g_01822	Praq.g_00740
OG0000339	Prad	Prbg.g_01822	Prad.g_00774
OG0000339	Prag	Prbg.g_01822	Prag.g_01837
OG0000339	Praw	Prbg.g_01822	Praw.g_00063
OG0000339	Prav	Prbg.g_01822	Prav.g_00666
OG0000339	Pray	Prbg.g_01822	Pray.g_01340
OG0000339	Praz	Prbg.g_01822	Praz.g_00229
OG0000339	Prba	Prbg.g_01822	Prba.g_01072
OG0000339	Prbd	Prbg.g_01822	Prbd.g_01358
OG0000339	Praa	Prbg.g_01822	Praa.g_01809
OG0000339	Prae	Prbg.g_01822	Prae.g_01792
OG0000339	Prax	Prbg.g_01822	Prax.g_01371
OG0000339	Prao	Prbg.g_01822	Prao.g_01720
OG0000339	Prbi	Prbg.g_01822	Prbi.g_01971
OG0000339	Pras	Prbg.g_01822	Pras.g_00720
OG0000339	Prau	Prbg.g_01822	Prau.g_01902
OG0000339	Prbm	Prbg.g_01822	Prbm.g_02070
OG0000339	Prbc	Prbg.g_01822	Prbc.g_00235
OG0000339	Praj	Prbg.g_01822	Praj.g_01988
OG0000339	Prbb	Prbg.g_01822	Prbb.g_02037
OG0000339	Prbj	Prbg.g_01822	Prbj.g_01504
OG0000339	Prbk	Prbg.g_01822	Prbk.g_00516
OG0000339	Prbl	Prbg.g_01822	Prbl.g_00853
OG0000339	Praf	Prbg.g_01822	Praf.g_02386
OG0000339	Prah	Prbg.g_01822	Prah.g_02234
OG0000339	Syap	Prbg.g_01822	Syap.g_01068
OG0000339	Syas	Prbg.g_01822	Syas.g_02192
OG0000339	Syan	Prbg.g_01822	Syan.g_01935, Syan.g_00264
OG0000339	Syao	Prbg.g_01822	Syao.g_02259
OG0000339	Syat	Prbg.g_01822	Syat.g_02155, Syat.g_01055
OG0000339	Syar	Prbg.g_01822	Syar.g_00658
OG0000339	Syak	Prbg.g_01822	Syak.g_01566
OG0000339	Syab	Prbg.g_01822	Syab.g_00201
OG0000339	Syal	Prbg.g_01822	Syal.g_01351
OG0000339	Syaq	Prbg.g_01822	Syaq.g_00988
OG0000339	Syaa	Prbg.g_01822	Syaa.g_00156
OG0000339	Syae	Prbg.g_01822	Syae.g_01869
OG0000339	Syad	Prbg.g_01822	Syad.g_00414
OG0000339	Syaj	Prbg.g_01822	Syaj.g_02455
OG0000339	Syai	Prbg.g_01822	Syai.g_00160
OG0000339	Syaf	Prbg.g_01822	Syaf.g_00355
OG0000339	Syam	Prbg.g_01822	Syam.g_00147
OG0000339	Syac	Prbg.g_01822	Syac.g_00190
OG0000339	Syah	Prbg.g_01822	Syah.g_00188
OG0000339	Pral	Prbg.g_01822	Pral.g_00280
OG0000339	Prat	Prbg.g_01822	Prat.g_01762
OG0000339	Pram	Prbg.g_01822	Pram.g_01808
OG0000339	Prbh	Prbg.g_01822	Prbh.g_01606
OG0000339	Prak	Prbg.g_01822	Prak.g_01817
OG0000339	Prap	Prbg.g_01822	Prap.g_01605
OG0000339	Prbe	Prbg.g_01822	Prbe.g_00799
OG0000339	Prbf	Prbg.g_01822	Prbf.g_00521
OG0000339	Prbn	Prbg.g_01822	Prbn.g_01918
OG0000340	Syab	Prbg.g_01831	Syab.g_00135
OG0000340	Syak	Prbg.g_01831	Syak.g_01626
OG0000340	Syal	Prbg.g_01831	Syal.g_01434
OG0000340	Prag	Prbg.g_01831	Prag.g_01845
OG0000340	Praw	Prbg.g_01831	Praw.g_00055
OG0000340	Syag	Prbg.g_01831	Syag.g_02416
OG0000340	Praa	Prbg.g_01831	Praa.g_01817
OG0000340	Prab	Prbg.g_01831	Prab.g_01842
OG0000340	Prac	Prbg.g_01831	Prac.g_00026
OG0000340	Prad	Prbg.g_01831	Prad.g_00766, Prad.g_01294
OG0000340	Prae	Prbg.g_01831	Prae.g_01800
OG0000340	Prai	Prbg.g_01831	Prai.g_01823
OG0000340	Pran	Prbg.g_01831	Pran.g_01145
OG0000340	Prao	Prbg.g_01831	Prao.g_01728
OG0000340	Praq	Prbg.g_01831	Praq.g_00748
OG0000340	Prar	Prbg.g_01831	Prar.g_00638
OG0000340	Pras	Prbg.g_01831	Pras.g_00728
OG0000340	Prau	Prbg.g_01831	Prau.g_01910
OG0000340	Prav	Prbg.g_01831	Prav.g_00674
OG0000340	Prax	Prbg.g_01831	Prax.g_01379
OG0000340	Pray	Prbg.g_01831	Pray.g_01348
OG0000340	Praz	Prbg.g_01831	Praz.g_00221
OG0000340	Prba	Prbg.g_01831	Prba.g_00752
OG0000340	Prbd	Prbg.g_01831	Prbd.g_01350
OG0000340	Prbi	Prbg.g_01831	Prbi.g_01979
OG0000340	Syaq	Prbg.g_01831	Syaq.g_01005
OG0000340	Syat	Prbg.g_01831	Syat.g_02165
OG0000340	Pral	Prbg.g_01831	Pral.g_00289
OG0000340	Pram	Prbg.g_01831	Pram.g_01817
OG0000340	Prbh	Prbg.g_01831	Prbh.g_01597
OG0000340	Syad	Prbg.g_01831	Syad.g_00370
OG0000340	Syae	Prbg.g_01831	Syae.g_01855
OG0000340	Syaf	Prbg.g_01831	Syaf.g_00366
OG0000340	Syah	Prbg.g_01831	Syah.g_00206
OG0000340	Syai	Prbg.g_01831	Syai.g_00133
OG0000340	Syaj	Prbg.g_01831	Syaj.g_02443
OG0000340	Syam	Prbg.g_01831	Syam.g_00137
OG0000340	Syas	Prbg.g_01831	Syas.g_02183
OG0000340	Syap	Prbg.g_01831	Syap.g_01077
OG0000340	Prat	Prbg.g_01831	Prat.g_01771
OG0000340	Syan	Prbg.g_01831	Syan.g_01923
OG0000340	Syao	Prbg.g_01831	Syao.g_02129
OG0000340	Praf	Prbg.g_01831	Praf.g_02396
OG0000340	Prbj	Prbg.g_01831	Prbj.g_01516
OG0000340	Prbk	Prbg.g_01831	Prbk.g_00528
OG0000340	Prbl	Prbg.g_01831	Prbl.g_00841
OG0000340	Prah	Prbg.g_01831	Prah.g_02244
OG0000340	Syac	Prbg.g_01831	Syac.g_00178
OG0000340	Syaa	Prbg.g_01831	Syaa.g_00144
OG0000340	Praj	Prbg.g_01831	Praj.g_01997
OG0000340	Prbb	Prbg.g_01831	Prbb.g_02046
OG0000340	Prbm	Prbg.g_01831	Prbm.g_02079
OG0000340	Prbc	Prbg.g_01831	Prbc.g_00226
OG0000340	Syar	Prbg.g_01831	Syar.g_00247
OG0000340	Prak	Prbg.g_01831	Prak.g_01826
OG0000340	Prap	Prbg.g_01831	Prap.g_01596
OG0000340	Prbe	Prbg.g_01831	Prbe.g_00790
OG0000340	Prbf	Prbg.g_01831	Prbf.g_00512
OG0000340	Prbn	Prbg.g_01831	Prbn.g_01012
OG0000341	Prab	Prbg.g_01833	Prab.g_01844
OG0000341	Pran	Prbg.g_01833	Pran.g_01147
OG0000341	Prai	Prbg.g_01833	Prai.g_01825
OG0000341	Prac	Prbg.g_01833	Prac.g_00028
OG0000341	Praq	Prbg.g_01833	Praq.g_00750
OG0000341	Prar	Prbg.g_01833	Prar.g_00640
OG0000341	Prag	Prbg.g_01833	Prag.g_01847
OG0000341	Praw	Prbg.g_01833	Praw.g_00053
OG0000341	Prav	Prbg.g_01833	Prav.g_00676
OG0000341	Prao	Prbg.g_01833	Prao.g_01730
OG0000341	Pras	Prbg.g_01833	Pras.g_00730
OG0000341	Prau	Prbg.g_01833	Prau.g_01912
OG0000341	Prad	Prbg.g_01833	Prad.g_00764
OG0000341	Praa	Prbg.g_01833	Praa.g_01819
OG0000341	Prax	Prbg.g_01833	Prax.g_01381
OG0000341	Pray	Prbg.g_01833	Pray.g_01350
OG0000341	Praz	Prbg.g_01833	Praz.g_00219
OG0000341	Prba	Prbg.g_01833	Prba.g_00754
OG0000341	Prae	Prbg.g_01833	Prae.g_01802
OG0000341	Prbd	Prbg.g_01833	Prbd.g_01348
OG0000341	Prbi	Prbg.g_01833	Prbi.g_01981
OG0000341	Prbm	Prbg.g_01833	Prbm.g_02081
OG0000341	Prbc	Prbg.g_01833	Prbc.g_00224
OG0000341	Praj	Prbg.g_01833	Praj.g_01999
OG0000341	Prbb	Prbg.g_01833	Prbb.g_02048
OG0000341	Prbj	Prbg.g_01833	Prbj.g_01518
OG0000341	Prbk	Prbg.g_01833	Prbk.g_00530
OG0000341	Prbl	Prbg.g_01833	Prbl.g_00839
OG0000341	Praf	Prbg.g_01833	Praf.g_02398
OG0000341	Prah	Prbg.g_01833	Prah.g_02246
OG0000341	Syan	Prbg.g_01833	Syan.g_01921
OG0000341	Syao	Prbg.g_01833	Syao.g_02131
OG0000341	Syar	Prbg.g_01833	Syar.g_00249
OG0000341	Syat	Prbg.g_01833	Syat.g_02167
OG0000341	Syap	Prbg.g_01833	Syap.g_01079
OG0000341	Syas	Prbg.g_01833	Syas.g_02181
OG0000341	Syac	Prbg.g_01833	Syac.g_00176
OG0000341	Syah	Prbg.g_01833	Syah.g_00208
OG0000341	Syaa	Prbg.g_01833	Syaa.g_00142
OG0000341	Syam	Prbg.g_01833	Syam.g_00135
OG0000341	Syai	Prbg.g_01833	Syai.g_00131
OG0000341	Syaf	Prbg.g_01833	Syaf.g_00368
OG0000341	Syad	Prbg.g_01833	Syad.g_00368
OG0000341	Syaj	Prbg.g_01833	Syaj.g_02441
OG0000341	Syae	Prbg.g_01833	Syae.g_01853
OG0000341	Syab	Prbg.g_01833	Syab.g_00157, Syab.g_00133
OG0000341	Syak	Prbg.g_01833	Syak.g_01628
OG0000341	Syag	Prbg.g_01833	Syag.g_02414
OG0000341	Syal	Prbg.g_01833	Syal.g_01436
OG0000341	Syaq	Prbg.g_01833	Syaq.g_01007
OG0000341	Pral	Prbg.g_01833	Pral.g_00291
OG0000341	Prat	Prbg.g_01833	Prat.g_01773
OG0000341	Pram	Prbg.g_01833	Pram.g_01819
OG0000341	Prbh	Prbg.g_01833	Prbh.g_01595
OG0000341	Prak	Prbg.g_01833	Prak.g_01828
OG0000341	Prap	Prbg.g_01833	Prap.g_01594
OG0000341	Prbe	Prbg.g_01833	Prbe.g_00788
OG0000341	Prbf	Prbg.g_01833	Prbf.g_00510
OG0000341	Prbn	Prbg.g_01833	Prbn.g_01010
OG0000342	Prab	Prbg.g_01834	Prab.g_01845
OG0000342	Pran	Prbg.g_01834	Pran.g_01148
OG0000342	Prai	Prbg.g_01834	Prai.g_01826
OG0000342	Prav	Prbg.g_01834	Prav.g_00677
OG0000342	Prac	Prbg.g_01834	Prac.g_00029
OG0000342	Praq	Prbg.g_01834	Praq.g_00751
OG0000342	Prar	Prbg.g_01834	Prar.g_00641
OG0000342	Prag	Prbg.g_01834	Prag.g_01848
OG0000342	Praw	Prbg.g_01834	Praw.g_00052
OG0000342	Prbi	Prbg.g_01834	Prbi.g_01982
OG0000342	Prad	Prbg.g_01834	Prad.g_00763
OG0000342	Praa	Prbg.g_01834	Praa.g_01820
OG0000342	Prbd	Prbg.g_01834	Prbd.g_01347
OG0000342	Pras	Prbg.g_01834	Pras.g_00731
OG0000342	Prau	Prbg.g_01834	Prau.g_01913
OG0000342	Pray	Prbg.g_01834	Pray.g_01351
OG0000342	Praz	Prbg.g_01834	Praz.g_00218
OG0000342	Prba	Prbg.g_01834	Prba.g_00755
OG0000342	Prae	Prbg.g_01834	Prae.g_01803
OG0000342	Prao	Prbg.g_01834	Prao.g_01731
OG0000342	Prax	Prbg.g_01834	Prax.g_01382
OG0000342	Prbm	Prbg.g_01834	Prbm.g_02082
OG0000342	Prbb	Prbg.g_01834	Prbb.g_02049
OG0000342	Praj	Prbg.g_01834	Praj.g_02000
OG0000342	Prbc	Prbg.g_01834	Prbc.g_00223
OG0000342	Prbj	Prbg.g_01834	Prbj.g_01519
OG0000342	Prbk	Prbg.g_01834	Prbk.g_00531
OG0000342	Prbl	Prbg.g_01834	Prbl.g_00838
OG0000342	Praf	Prbg.g_01834	Praf.g_02399
OG0000342	Prah	Prbg.g_01834	Prah.g_02247
OG0000342	Syat	Prbg.g_01834	Syat.g_02168
OG0000342	Syar	Prbg.g_01834	Syar.g_00250
OG0000342	Syap	Prbg.g_01834	Syap.g_01080, Syap.g_02477
OG0000342	Syas	Prbg.g_01834	Syas.g_02180
OG0000342	Syan	Prbg.g_01834	Syan.g_01920
OG0000342	Syao	Prbg.g_01834	Syao.g_02132
OG0000342	Syak	Prbg.g_01834	Syak.g_01629
OG0000342	Syae	Prbg.g_01834	Syae.g_01852
OG0000342	Syaa	Prbg.g_01834	Syaa.g_00141
OG0000342	Syaj	Prbg.g_01834	Syaj.g_02440
OG0000342	Syad	Prbg.g_01834	Syad.g_00367
OG0000342	Syab	Prbg.g_01834	Syab.g_00132
OG0000342	Syal	Prbg.g_01834	Syal.g_01437
OG0000342	Syac	Prbg.g_01834	Syac.g_00175
OG0000342	Syah	Prbg.g_01834	Syah.g_00209
OG0000342	Syam	Prbg.g_01834	Syam.g_00134
OG0000342	Syai	Prbg.g_01834	Syai.g_00130
OG0000342	Syaf	Prbg.g_01834	Syaf.g_00369
OG0000342	Syag	Prbg.g_01834	Syag.g_02413
OG0000342	Syaq	Prbg.g_01834	Syaq.g_01008
OG0000342	Pram	Prbg.g_01834	Pram.g_01820
OG0000342	Prbh	Prbg.g_01834	Prbh.g_01594
OG0000342	Pral	Prbg.g_01834	Pral.g_00292
OG0000342	Prat	Prbg.g_01834	Prat.g_01775
OG0000342	Prak	Prbg.g_01834	Prak.g_01829
OG0000342	Prap	Prbg.g_01834	Prap.g_01593
OG0000342	Prbe	Prbg.g_01834	Prbe.g_00787
OG0000342	Prbf	Prbg.g_01834	Prbf.g_00509
OG0000342	Prbn	Prbg.g_01834	Prbn.g_01009
OG0000343	Prab	Prbg.g_01835	Prab.g_01846
OG0000343	Pran	Prbg.g_01835	Pran.g_01149
OG0000343	Prai	Prbg.g_01835	Prai.g_01827
OG0000343	Prac	Prbg.g_01835	Prac.g_00030
OG0000343	Praq	Prbg.g_01835	Praq.g_00752
OG0000343	Prar	Prbg.g_01835	Prar.g_00642
OG0000343	Prad	Prbg.g_01835	Prad.g_00762
OG0000343	Prae	Prbg.g_01835	Prae.g_01804
OG0000343	Prax	Prbg.g_01835	Prax.g_01383
OG0000343	Pras	Prbg.g_01835	Pras.g_00732
OG0000343	Prau	Prbg.g_01835	Prau.g_01914
OG0000343	Prbd	Prbg.g_01835	Prbd.g_01346
OG0000343	Prao	Prbg.g_01835	Prao.g_01732
OG0000343	Praa	Prbg.g_01835	Praa.g_01821
OG0000343	Prbi	Prbg.g_01835	Prbi.g_01983
OG0000343	Pray	Prbg.g_01835	Pray.g_01352
OG0000343	Praz	Prbg.g_01835	Praz.g_00217
OG0000343	Prba	Prbg.g_01835	Prba.g_00756
OG0000343	Prag	Prbg.g_01835	Prag.g_01849
OG0000343	Praw	Prbg.g_01835	Praw.g_00051
OG0000343	Prav	Prbg.g_01835	Prav.g_00678
OG0000343	Prbm	Prbg.g_01835	Prbm.g_02083
OG0000343	Praj	Prbg.g_01835	Praj.g_02001
OG0000343	Prbc	Prbg.g_01835	Prbc.g_00222
OG0000343	Prbb	Prbg.g_01835	Prbb.g_02050
OG0000343	Prah	Prbg.g_01835	Prah.g_00168
OG0000343	Praf	Prbg.g_01835	Praf.g_00196
OG0000343	Prbj	Prbg.g_01835	Prbj.g_01576
OG0000343	Prbk	Prbg.g_01835	Prbk.g_00215
OG0000343	Prbl	Prbg.g_01835	Prbl.g_01307
OG0000343	Syaq	Prbg.g_01835	Syaq.g_01010
OG0000343	Syan	Prbg.g_01835	Syan.g_01918
OG0000343	Syao	Prbg.g_01835	Syao.g_02133
OG0000343	Syar	Prbg.g_01835	Syar.g_00256
OG0000343	Syat	Prbg.g_01835	Syat.g_02185
OG0000343	Syas	Prbg.g_01835	Syas.g_02176
OG0000343	Syap	Prbg.g_01835	Syap.g_01086, Syap.g_02078
OG0000343	Syag	Prbg.g_01835	Syag.g_02411
OG0000343	Syam	Prbg.g_01835	Syam.g_00133
OG0000343	Syaf	Prbg.g_01835	Syaf.g_00370
OG0000343	Syai	Prbg.g_01835	Syai.g_00129
OG0000343	Syab	Prbg.g_01835	Syab.g_00131
OG0000343	Syal	Prbg.g_01835	Syal.g_01441
OG0000343	Syac	Prbg.g_01835	Syac.g_00174
OG0000343	Syah	Prbg.g_01835	Syah.g_00231
OG0000343	Syaj	Prbg.g_01835	Syaj.g_02437
OG0000343	Syae	Prbg.g_01835	Syae.g_01848
OG0000343	Syad	Prbg.g_01835	Syad.g_00366
OG0000343	Syaa	Prbg.g_01835	Syaa.g_00140
OG0000343	Syak	Prbg.g_01835	Syak.g_01631
OG0000343	Pral	Prbg.g_01835	Pral.g_00293
OG0000343	Prat	Prbg.g_01835	Prat.g_01776
OG0000343	Pram	Prbg.g_01835	Pram.g_01821
OG0000343	Prbh	Prbg.g_01835	Prbh.g_01593
OG0000343	Prak	Prbg.g_01835	Prak.g_01830
OG0000343	Prap	Prbg.g_01835	Prap.g_01592
OG0000343	Prbe	Prbg.g_01835	Prbe.g_00786
OG0000343	Prbf	Prbg.g_01835	Prbf.g_00508
OG0000343	Prbn	Prbg.g_01835	Prbn.g_01008
OG0000344	Prab	Prbg.g_01838	Prab.g_01849
OG0000344	Pran	Prbg.g_01838	Pran.g_01152
OG0000344	Prai	Prbg.g_01838	Prai.g_01830
OG0000344	Pray	Prbg.g_01838	Pray.g_01355
OG0000344	Praz	Prbg.g_01838	Praz.g_00214
OG0000344	Prba	Prbg.g_01838	Prba.g_00759
OG0000344	Prad	Prbg.g_01838	Prad.g_01639
OG0000344	Prac	Prbg.g_01838	Prac.g_00033
OG0000344	Praq	Prbg.g_01838	Praq.g_00755
OG0000344	Prar	Prbg.g_01838	Prar.g_00645
OG0000344	Prbi	Prbg.g_01838	Prbi.g_01986
OG0000344	Pras	Prbg.g_01838	Pras.g_00735
OG0000344	Prau	Prbg.g_01838	Prau.g_01917
OG0000344	Prax	Prbg.g_01838	Prax.g_01386
OG0000344	Prae	Prbg.g_01838	Prae.g_01807
OG0000344	Prao	Prbg.g_01838	Prao.g_01735
OG0000344	Praa	Prbg.g_01838	Praa.g_01824
OG0000344	Prbd	Prbg.g_01838	Prbd.g_01343
OG0000344	Prag	Prbg.g_01838	Prag.g_01852
OG0000344	Praw	Prbg.g_01838	Praw.g_00048
OG0000344	Prav	Prbg.g_01838	Prav.g_00681
OG0000344	Pral	Prbg.g_01838	Pral.g_00296
OG0000344	Prat	Prbg.g_01838	Prat.g_01779
OG0000344	Prbb	Prbg.g_01838	Prbb.g_02053
OG0000344	Prbm	Prbg.g_01838	Prbm.g_02086
OG0000344	Praj	Prbg.g_01838	Praj.g_02004
OG0000344	Prbc	Prbg.g_01838	Prbc.g_00219
OG0000344	Prbj	Prbg.g_01838	Prbj.g_01579
OG0000344	Prbk	Prbg.g_01838	Prbk.g_00218
OG0000344	Prbl	Prbg.g_01838	Prbl.g_01304
OG0000344	Praf	Prbg.g_01838	Praf.g_00193
OG0000344	Prah	Prbg.g_01838	Prah.g_00165
OG0000344	Syag	Prbg.g_01838	Syag.g_02407
OG0000344	Syaq	Prbg.g_01838	Syaq.g_01014
OG0000344	Syae	Prbg.g_01838	Syae.g_01843
OG0000344	Syac	Prbg.g_01838	Syac.g_00170
OG0000344	Syah	Prbg.g_01838	Syah.g_00235
OG0000344	Syaa	Prbg.g_01838	Syaa.g_00136
OG0000344	Syad	Prbg.g_01838	Syad.g_00362
OG0000344	Syaj	Prbg.g_01838	Syaj.g_02433
OG0000344	Syaf	Prbg.g_01838	Syaf.g_00374
OG0000344	Syai	Prbg.g_01838	Syai.g_00125
OG0000344	Syam	Prbg.g_01838	Syam.g_00129
OG0000344	Syas	Prbg.g_01838	Syas.g_02172
OG0000344	Syat	Prbg.g_01838	Syat.g_02189
OG0000344	Syar	Prbg.g_01838	Syar.g_00260
OG0000344	Syap	Prbg.g_01838	Syap.g_01091
OG0000344	Syan	Prbg.g_01838	Syan.g_01914
OG0000344	Syao	Prbg.g_01838	Syao.g_02137
OG0000344	Syak	Prbg.g_01838	Syak.g_01635
OG0000344	Syab	Prbg.g_01838	Syab.g_00127, Syab.g_02424
OG0000344	Syal	Prbg.g_01838	Syal.g_01445
OG0000344	Pram	Prbg.g_01838	Pram.g_01824
OG0000344	Prbh	Prbg.g_01838	Prbh.g_01590
OG0000344	Prak	Prbg.g_01838	Prak.g_01833
OG0000344	Prap	Prbg.g_01838	Prap.g_01589
OG0000344	Prbe	Prbg.g_01838	Prbe.g_00783
OG0000344	Prbf	Prbg.g_01838	Prbf.g_00505
OG0000344	Prbn	Prbg.g_01838	Prbn.g_01005
OG0000345	Prab	Prbg.g_01844	Prab.g_01854
OG0000345	Pran	Prbg.g_01844	Pran.g_01157
OG0000345	Prai	Prbg.g_01844	Prai.g_01835
OG0000345	Prad	Prbg.g_01844	Prad.g_01634
OG0000345	Prao	Prbg.g_01844	Prao.g_01740
OG0000345	Prax	Prbg.g_01844	Prax.g_01391
OG0000345	Prag	Prbg.g_01844	Prag.g_01857
OG0000345	Praw	Prbg.g_01844	Praw.g_00043
OG0000345	Prae	Prbg.g_01844	Prae.g_01812
OG0000345	Prav	Prbg.g_01844	Prav.g_00686
OG0000345	Praa	Prbg.g_01844	Praa.g_01829
OG0000345	Prbi	Prbg.g_01844	Prbi.g_01991
OG0000345	Prbd	Prbg.g_01844	Prbd.g_01338
OG0000345	Prac	Prbg.g_01844	Prac.g_00038
OG0000345	Praq	Prbg.g_01844	Praq.g_00760
OG0000345	Prar	Prbg.g_01844	Prar.g_00650
OG0000345	Pras	Prbg.g_01844	Pras.g_00740
OG0000345	Prau	Prbg.g_01844	Prau.g_01922
OG0000345	Pray	Prbg.g_01844	Pray.g_01360
OG0000345	Praz	Prbg.g_01844	Praz.g_00209
OG0000345	Prba	Prbg.g_01844	Prba.g_00764
OG0000345	Prbm	Prbg.g_01844	Prbm.g_02091
OG0000345	Praj	Prbg.g_01844	Praj.g_02009
OG0000345	Prbb	Prbg.g_01844	Prbb.g_02058
OG0000345	Prbc	Prbg.g_01844	Prbc.g_00214
OG0000345	Praf	Prbg.g_01844	Praf.g_00182
OG0000345	Prah	Prbg.g_01844	Prah.g_00154
OG0000345	Prbj	Prbg.g_01844	Prbj.g_01594
OG0000345	Prbk	Prbg.g_01844	Prbk.g_00233
OG0000345	Prbl	Prbg.g_01844	Prbl.g_01289
OG0000345	Syag	Prbg.g_01844	Syag.g_02397
OG0000345	Syaq	Prbg.g_01844	Syaq.g_01024
OG0000345	Syab	Prbg.g_01844	Syab.g_00117
OG0000345	Syal	Prbg.g_01844	Syal.g_01455
OG0000345	Syak	Prbg.g_01844	Syak.g_01645
OG0000345	Syat	Prbg.g_01844	Syat.g_02202
OG0000345	Syas	Prbg.g_01844	Syas.g_02160
OG0000345	Syap	Prbg.g_01844	Syap.g_01107, Syap.g_01470
OG0000345	Syan	Prbg.g_01844	Syan.g_01900
OG0000345	Syao	Prbg.g_01844	Syao.g_01953
OG0000345	Syar	Prbg.g_01844	Syar.g_00612
OG0000345	Syae	Prbg.g_01844	Syae.g_01833
OG0000345	Syad	Prbg.g_01844	Syad.g_00352
OG0000345	Syaj	Prbg.g_01844	Syaj.g_02421
OG0000345	Syai	Prbg.g_01844	Syai.g_00115
OG0000345	Syaf	Prbg.g_01844	Syaf.g_00384
OG0000345	Syam	Prbg.g_01844	Syam.g_00119
OG0000345	Syaa	Prbg.g_01844	Syaa.g_00127
OG0000345	Syah	Prbg.g_01844	Syah.g_00246
OG0000345	Syac	Prbg.g_01844	Syac.g_00160
OG0000345	Pral	Prbg.g_01844	Pral.g_00302
OG0000345	Prat	Prbg.g_01844	Prat.g_01785
OG0000345	Pram	Prbg.g_01844	Pram.g_01830
OG0000345	Prbh	Prbg.g_01844	Prbh.g_01584
OG0000345	Prap	Prbg.g_01844	Prap.g_01583
OG0000345	Prbf	Prbg.g_01844	Prbf.g_00499
OG0000345	Prak	Prbg.g_01844	Prak.g_01839
OG0000345	Prbe	Prbg.g_01844	Prbe.g_00777
OG0000345	Prbn	Prbg.g_01844	Prbn.g_00999
OG0000346	Prac	Prbg.g_01848	Prac.g_00042
OG0000346	Praq	Prbg.g_01848	Praq.g_00764
OG0000346	Prar	Prbg.g_01848	Prar.g_00654
OG0000346	Prbc	Prbg.g_01848	Prbc.g_00210
OG0000346	Prbm	Prbg.g_01848	Prbm.g_02095
OG0000346	Praj	Prbg.g_01848	Praj.g_02013
OG0000346	Prbb	Prbg.g_01848	Prbb.g_02062
OG0000346	Syad	Prbg.g_01848	Syad.g_00347
OG0000346	Syaj	Prbg.g_01848	Syaj.g_02416
OG0000346	Syaa	Prbg.g_01848	Syaa.g_00122
OG0000346	Syae	Prbg.g_01848	Syae.g_01828
OG0000346	Syaf	Prbg.g_01848	Syaf.g_00389
OG0000346	Syac	Prbg.g_01848	Syac.g_00155
OG0000346	Syah	Prbg.g_01848	Syah.g_00251
OG0000346	Syam	Prbg.g_01848	Syam.g_00114
OG0000346	Syai	Prbg.g_01848	Syai.g_00110
OG0000346	Syap	Prbg.g_01848	Syap.g_02423, Syap.g_01113
OG0000346	Syaq	Prbg.g_01848	Syaq.g_01029
OG0000346	Syag	Prbg.g_01848	Syag.g_02392
OG0000346	Syak	Prbg.g_01848	Syak.g_01651
OG0000346	Syas	Prbg.g_01848	Syas.g_02155
OG0000346	Syat	Prbg.g_01848	Syat.g_02207
OG0000346	Syan	Prbg.g_01848	Syan.g_01895
OG0000346	Syar	Prbg.g_01848	Syar.g_00607
OG0000346	Praf	Prbg.g_01848	Praf.g_00177
OG0000346	Prah	Prbg.g_01848	Prah.g_00149
OG0000346	Prbj	Prbg.g_01848	Prbj.g_01599
OG0000346	Prbk	Prbg.g_01848	Prbk.g_00238
OG0000346	Prbl	Prbg.g_01848	Prbl.g_01284
OG0000346	Syao	Prbg.g_01848	Syao.g_01948
OG0000346	Syab	Prbg.g_01848	Syab.g_00112
OG0000346	Syal	Prbg.g_01848	Syal.g_01460
OG0000346	Prab	Prbg.g_01848	Prab.g_01858
OG0000346	Pran	Prbg.g_01848	Pran.g_01161
OG0000346	Prai	Prbg.g_01848	Prai.g_01839
OG0000346	Prav	Prbg.g_01848	Prav.g_00690
OG0000346	Prae	Prbg.g_01848	Prae.g_01816
OG0000346	Pray	Prbg.g_01848	Pray.g_01365
OG0000346	Praz	Prbg.g_01848	Praz.g_00204
OG0000346	Prba	Prbg.g_01848	Prba.g_00769
OG0000346	Praa	Prbg.g_01848	Praa.g_01833
OG0000346	Prbd	Prbg.g_01848	Prbd.g_01334
OG0000346	Prax	Prbg.g_01848	Prax.g_01395
OG0000346	Prag	Prbg.g_01848	Prag.g_01862
OG0000346	Praw	Prbg.g_01848	Praw.g_00038
OG0000346	Prao	Prbg.g_01848	Prao.g_01744
OG0000346	Pras	Prbg.g_01848	Pras.g_00744
OG0000346	Prau	Prbg.g_01848	Prau.g_01926
OG0000346	Prbi	Prbg.g_01848	Prbi.g_01995
OG0000346	Prad	Prbg.g_01848	Prad.g_01630
OG0000346	Pral	Prbg.g_01848	Pral.g_00306
OG0000346	Prat	Prbg.g_01848	Prat.g_01789
OG0000346	Pram	Prbg.g_01848	Pram.g_01834
OG0000346	Prbh	Prbg.g_01848	Prbh.g_01580
OG0000346	Prak	Prbg.g_01848	Prak.g_01843
OG0000346	Prap	Prbg.g_01848	Prap.g_01579
OG0000346	Prbe	Prbg.g_01848	Prbe.g_00773
OG0000346	Prbf	Prbg.g_01848	Prbf.g_00495
OG0000346	Prbn	Prbg.g_01848	Prbn.g_00995
OG0000347	Prab	Prbg.g_01865	Prab.g_01874
OG0000347	Pran	Prbg.g_01865	Pran.g_01177
OG0000347	Prai	Prbg.g_01865	Prai.g_01855
OG0000347	Pray	Prbg.g_01865	Pray.g_01381
OG0000347	Praz	Prbg.g_01865	Praz.g_00188
OG0000347	Prba	Prbg.g_01865	Prba.g_00785
OG0000347	Prav	Prbg.g_01865	Prav.g_00706
OG0000347	Prag	Prbg.g_01865	Prag.g_01878
OG0000347	Praw	Prbg.g_01865	Praw.g_00022
OG0000347	Prad	Prbg.g_01865	Prad.g_01615
OG0000347	Prbi	Prbg.g_01865	Prbi.g_02011
OG0000347	Pras	Prbg.g_01865	Pras.g_00761
OG0000347	Prau	Prbg.g_01865	Prau.g_01942
OG0000347	Prae	Prbg.g_01865	Prae.g_01832
OG0000347	Prbd	Prbg.g_01865	Prbd.g_01317
OG0000347	Prax	Prbg.g_01865	Prax.g_01411
OG0000347	Praa	Prbg.g_01865	Praa.g_01849
OG0000347	Prac	Prbg.g_01865	Prac.g_00057
OG0000347	Prar	Prbg.g_01865	Prar.g_00669
OG0000347	Praq	Prbg.g_01865	Praq.g_00683
OG0000347	Prao	Prbg.g_01865	Prao.g_01760
OG0000347	Prbc	Prbg.g_01865	Prbc.g_00190
OG0000347	Prbb	Prbg.g_01865	Prbb.g_02082
OG0000347	Praj	Prbg.g_01865	Praj.g_02034
OG0000347	Prbm	Prbg.g_01865	Prbm.g_02114
OG0000347	Praf	Prbg.g_01865	Praf.g_00152
OG0000347	Prbj	Prbg.g_01865	Prbj.g_01280
OG0000347	Prbk	Prbg.g_01865	Prbk.g_01540
OG0000347	Prbl	Prbg.g_01865	Prbl.g_02053
OG0000347	Prah	Prbg.g_01865	Prah.g_00089
OG0000347	Syar	Prbg.g_01865	Syar.g_00558
OG0000347	Syat	Prbg.g_01865	Syat.g_02234
OG0000347	Syas	Prbg.g_01865	Syas.g_02136
OG0000347	Syap	Prbg.g_01865	Syap.g_01131, Syap.g_02459
OG0000347	Syan	Prbg.g_01865	Syan.g_01867
OG0000347	Syao	Prbg.g_01865	Syao.g_02178
OG0000347	Syag	Prbg.g_01865	Syag.g_02366
OG0000347	Syaq	Prbg.g_01865	Syaq.g_01057
OG0000347	Syak	Prbg.g_01865	Syak.g_01694
OG0000347	Syab	Prbg.g_01865	Syab.g_00087
OG0000347	Syal	Prbg.g_01865	Syal.g_01525
OG0000347	Syad	Prbg.g_01865	Syad.g_00318
OG0000347	Syae	Prbg.g_01865	Syae.g_01805
OG0000347	Syaj	Prbg.g_01865	Syaj.g_02383
OG0000347	Syac	Prbg.g_01865	Syac.g_00129
OG0000347	Syah	Prbg.g_01865	Syah.g_00275
OG0000347	Syaa	Prbg.g_01865	Syaa.g_00088
OG0000347	Syam	Prbg.g_01865	Syam.g_00083
OG0000347	Syaf	Prbg.g_01865	Syaf.g_00415
OG0000347	Syai	Prbg.g_01865	Syai.g_00087
OG0000347	Pral	Prbg.g_01865	Pral.g_00323
OG0000347	Prat	Prbg.g_01865	Prat.g_01806
OG0000347	Pram	Prbg.g_01865	Pram.g_01851
OG0000347	Prbh	Prbg.g_01865	Prbh.g_01563
OG0000347	Prak	Prbg.g_01865	Prak.g_01860
OG0000347	Prap	Prbg.g_01865	Prap.g_01562
OG0000347	Prbe	Prbg.g_01865	Prbe.g_00746
OG0000347	Prbf	Prbg.g_01865	Prbf.g_00477
OG0000347	Prbn	Prbg.g_01865	Prbn.g_00978
OG0000348	Prab	Prbg.g_01873	Prab.g_01884
OG0000348	Pran	Prbg.g_01873	Pran.g_01187
OG0000348	Prai	Prbg.g_01873	Prai.g_01866
OG0000348	Prav	Prbg.g_01873	Prav.g_00715
OG0000348	Pray	Prbg.g_01873	Pray.g_01391
OG0000348	Praz	Prbg.g_01873	Praz.g_00178
OG0000348	Prba	Prbg.g_01873	Prba.g_00795
OG0000348	Pras	Prbg.g_01873	Pras.g_00771
OG0000348	Prau	Prbg.g_01873	Prau.g_01952
OG0000348	Prao	Prbg.g_01873	Prao.g_01770
OG0000348	Praa	Prbg.g_01873	Praa.g_01859
OG0000348	Prax	Prbg.g_01873	Prax.g_01421
OG0000348	Prbd	Prbg.g_01873	Prbd.g_01307
OG0000348	Prad	Prbg.g_01873	Prad.g_01606
OG0000348	Prae	Prbg.g_01873	Prae.g_01841
OG0000348	Prbi	Prbg.g_01873	Prbi.g_02033
OG0000348	Prag	Prbg.g_01873	Prag.g_01887
OG0000348	Praw	Prbg.g_01873	Praw.g_00013
OG0000348	Prac	Prbg.g_01873	Prac.g_00066
OG0000348	Praq	Prbg.g_01873	Praq.g_00692
OG0000348	Prar	Prbg.g_01873	Prar.g_00678
OG0000348	Prbc	Prbg.g_01873	Prbc.g_00970
OG0000348	Prbm	Prbg.g_01873	Prbm.g_02149
OG0000348	Praj	Prbg.g_01873	Praj.g_02064
OG0000348	Prbb	Prbg.g_01873	Prbb.g_02104
OG0000348	Prah	Prbg.g_01873	Prah.g_00078
OG0000348	Praf	Prbg.g_01873	Praf.g_00081
OG0000348	Prbj	Prbg.g_01873	Prbj.g_01243
OG0000348	Prbk	Prbg.g_01873	Prbk.g_01578
OG0000348	Prbl	Prbg.g_01873	Prbl.g_02016
OG0000348	Syab	Prbg.g_01873	Syab.g_00076
OG0000348	Syal	Prbg.g_01873	Syal.g_00170
OG0000348	Syak	Prbg.g_01873	Syak.g_01717
OG0000348	Syaq	Prbg.g_01873	Syaq.g_01070
OG0000348	Syag	Prbg.g_01873	Syag.g_02357
OG0000348	Syae	Prbg.g_01873	Syae.g_01781
OG0000348	Syad	Prbg.g_01873	Syad.g_00233
OG0000348	Syaj	Prbg.g_01873	Syaj.g_02333
OG0000348	Syaa	Prbg.g_01873	Syaa.g_00071
OG0000348	Syaf	Prbg.g_01873	Syaf.g_00427
OG0000348	Syai	Prbg.g_01873	Syai.g_00076
OG0000348	Syam	Prbg.g_01873	Syam.g_00068
OG0000348	Syah	Prbg.g_01873	Syah.g_00301
OG0000348	Syac	Prbg.g_01873	Syac.g_00070, Syac.g_00074
OG0000348	Syan	Prbg.g_01873	Syan.g_01803
OG0000348	Syao	Prbg.g_01873	Syao.g_02166
OG0000348	Syar	Prbg.g_01873	Syar.g_00544
OG0000348	Syap	Prbg.g_01873	Syap.g_00632
OG0000348	Syas	Prbg.g_01873	Syas.g_02107
OG0000348	Syat	Prbg.g_01873	Syat.g_02264
OG0000348	Pral	Prbg.g_01873	Pral.g_00331
OG0000348	Prat	Prbg.g_01873	Prat.g_01814
OG0000348	Pram	Prbg.g_01873	Pram.g_01859
OG0000348	Prbh	Prbg.g_01873	Prbh.g_01555
OG0000348	Prak	Prbg.g_01873	Prak.g_01868
OG0000348	Prap	Prbg.g_01873	Prap.g_01554
OG0000348	Prbe	Prbg.g_01873	Prbe.g_00754
OG0000348	Prbf	Prbg.g_01873	Prbf.g_00469
OG0000348	Prbn	Prbg.g_01873	Prbn.g_00970
OG0000349	Prab	Prbg.g_01891	Prab.g_01901
OG0000349	Pran	Prbg.g_01891	Pran.g_01203
OG0000349	Prai	Prbg.g_01891	Prai.g_01883
OG0000349	Prav	Prbg.g_01891	Prav.g_00732
OG0000349	Prag	Prbg.g_01891	Prag.g_01904
OG0000349	Praw	Prbg.g_01891	Praw.g_01189
OG0000349	Prac	Prbg.g_01891	Prac.g_00083
OG0000349	Praq	Prbg.g_01891	Praq.g_00709
OG0000349	Prar	Prbg.g_01891	Prar.g_00695
OG0000349	Prbd	Prbg.g_01891	Prbd.g_01290
OG0000349	Praa	Prbg.g_01891	Praa.g_01876
OG0000349	Prae	Prbg.g_01891	Prae.g_01858
OG0000349	Prax	Prbg.g_01891	Prax.g_01438
OG0000349	Prbi	Prbg.g_01891	Prbi.g_02050
OG0000349	Pray	Prbg.g_01891	Pray.g_01408
OG0000349	Praz	Prbg.g_01891	Praz.g_00161
OG0000349	Prba	Prbg.g_01891	Prba.g_00812
OG0000349	Prao	Prbg.g_01891	Prao.g_01787
OG0000349	Pras	Prbg.g_01891	Pras.g_00788
OG0000349	Prad	Prbg.g_01891	Prad.g_01589
OG0000349	Prau	Prbg.g_01891	Prau.g_01969
OG0000349	Prbm	Prbg.g_01891	Prbm.g_02167
OG0000349	Praj	Prbg.g_01891	Praj.g_02082
OG0000349	Prbb	Prbg.g_01891	Prbb.g_02122
OG0000349	Prbc	Prbg.g_01891	Prbc.g_00988
OG0000349	Prah	Prbg.g_01891	Prah.g_00053
OG0000349	Praf	Prbg.g_01891	Praf.g_00054
OG0000349	Prbj	Prbg.g_01891	Prbj.g_01219
OG0000349	Prbk	Prbg.g_01891	Prbk.g_01602
OG0000349	Prbl	Prbg.g_01891	Prbl.g_01992
OG0000349	Syas	Prbg.g_01891	Syas.g_02085
OG0000349	Syar	Prbg.g_01891	Syar.g_00521
OG0000349	Syat	Prbg.g_01891	Syat.g_02291
OG0000349	Syap	Prbg.g_01891	Syap.g_00110, Syap.g_01813
OG0000349	Syan	Prbg.g_01891	Syan.g_01727
OG0000349	Syaq	Prbg.g_01891	Syaq.g_01099
OG0000349	Syao	Prbg.g_01891	Syao.g_02219
OG0000349	Syag	Prbg.g_01891	Syag.g_02330
OG0000349	Syae	Prbg.g_01891	Syae.g_01763
OG0000349	Syai	Prbg.g_01891	Syai.g_00057
OG0000349	Syaf	Prbg.g_01891	Syaf.g_00445
OG0000349	Syam	Prbg.g_01891	Syam.g_00050
OG0000349	Syab	Prbg.g_01891	Syab.g_00054
OG0000349	Syal	Prbg.g_01891	Syal.g_00148
OG0000349	Syaa	Prbg.g_01891	Syaa.g_00053
OG0000349	Syak	Prbg.g_01891	Syak.g_01740
OG0000349	Syac	Prbg.g_01891	Syac.g_00050
OG0000349	Syah	Prbg.g_01891	Syah.g_00320
OG0000349	Syad	Prbg.g_01891	Syad.g_00213
OG0000349	Syaj	Prbg.g_01891	Syaj.g_02314
OG0000349	Pral	Prbg.g_01891	Pral.g_00349
OG0000349	Prat	Prbg.g_01891	Prat.g_01832
OG0000349	Pram	Prbg.g_01891	Pram.g_01877
OG0000349	Prbh	Prbg.g_01891	Prbh.g_01537
OG0000349	Prak	Prbg.g_01891	Prak.g_01886
OG0000349	Prap	Prbg.g_01891	Prap.g_01537
OG0000349	Prbe	Prbg.g_01891	Prbe.g_01149
OG0000349	Prbf	Prbg.g_01891	Prbf.g_00452
OG0000349	Prbn	Prbg.g_01891	Prbn.g_00953
OG0000350	Pral	Prbg.g_00419	Pral.g_00370
OG0000350	Prat	Prbg.g_00419	Prat.g_01853
OG0000350	Praj	Prbg.g_00419	Praj.g_02103
OG0000350	Prbb	Prbg.g_00419	Prbb.g_02143
OG0000350	Prbc	Prbg.g_00419	Prbc.g_01009
OG0000350	Prbm	Prbg.g_00419	Prbm.g_02188
OG0000350	Syar	Prbg.g_00419	Syar.g_00132
OG0000350	Syaf	Prbg.g_00419	Syaf.g_00162
OG0000350	Syai	Prbg.g_00419	Syai.g_00334
OG0000350	Syam	Prbg.g_00419	Syam.g_00303
OG0000350	Syad	Prbg.g_00419	Syad.g_00605
OG0000350	Syaj	Prbg.g_00419	Syaj.g_02652
OG0000350	Syac	Prbg.g_00419	Syac.g_02176
OG0000350	Syah	Prbg.g_00419	Syah.g_00703
OG0000350	Syaa	Prbg.g_00419	Syaa.g_02336
OG0000350	Syae	Prbg.g_00419	Syae.g_02047
OG0000350	Syag	Prbg.g_00419	Syag.g_02705
OG0000350	Syaq	Prbg.g_00419	Syaq.g_00679
OG0000350	Syak	Prbg.g_00419	Syak.g_01377
OG0000350	Syab	Prbg.g_00419	Syab.g_00382
OG0000350	Syal	Prbg.g_00419	Syal.g_00209
OG0000350	Syas	Prbg.g_00419	Syas.g_01654
OG0000350	Syan	Prbg.g_00419	Syan.g_02121
OG0000350	Syao	Prbg.g_00419	Syao.g_01925
OG0000350	Syat	Prbg.g_00419	Syat.g_01847
OG0000350	Prbj	Prbg.g_00419	Prbj.g_01999
OG0000350	Prbk	Prbg.g_00419	Prbk.g_02204
OG0000350	Prbl	Prbg.g_00419	Prbl.g_02195
OG0000350	Praf	Prbg.g_00419	Praf.g_02699
OG0000350	Prah	Prbg.g_00419	Prah.g_02533
OG0000350	Prav	Prbg.g_00419	Prav.g_00751
OG0000350	Pras	Prbg.g_00419	Pras.g_00806, Pras.g_00131
OG0000350	Prau	Prbg.g_00419	Prau.g_01987, Prau.g_01297
OG0000350	Prab	Prbg.g_00419	Prab.g_01920
OG0000350	Pran	Prbg.g_00419	Pran.g_01222
OG0000350	Prai	Prbg.g_00419	Prai.g_01901
OG0000350	Praa	Prbg.g_00419	Praa.g_01894
OG0000350	Prbd	Prbg.g_00419	Prbd.g_01272
OG0000350	Prad	Prbg.g_00419	Prad.g_01570
OG0000350	Pray	Prbg.g_00419	Pray.g_01427
OG0000350	Praz	Prbg.g_00419	Praz.g_00142
OG0000350	Prba	Prbg.g_00419	Prba.g_00831
OG0000350	Prae	Prbg.g_00419	Prae.g_01877
OG0000350	Prac	Prbg.g_00419	Prac.g_00101
OG0000350	Praq	Prbg.g_00419	Praq.g_00392
OG0000350	Prar	Prbg.g_00419	Prar.g_00072
OG0000350	Prbi	Prbg.g_00419	Prbi.g_02069
OG0000350	Prao	Prbg.g_00419	Prao.g_01806
OG0000350	Prag	Prbg.g_00419	Prag.g_01923
OG0000350	Praw	Prbg.g_00419	Praw.g_01170
OG0000350	Prax	Prbg.g_00419	Prax.g_01456
OG0000350	Pram	Prbg.g_00419	Pram.g_01898
OG0000350	Prbh	Prbg.g_00419	Prbh.g_01516
OG0000350	Prak	Prbg.g_00419	Prak.g_00656
OG0000350	Prap	Prbg.g_00419	Prap.g_00623
OG0000350	Prbe	Prbg.g_00419	Prbe.g_00709
OG0000350	Prbf	Prbg.g_00419	Prbf.g_00351
OG0000350	Prbn	Prbg.g_00419	Prbn.g_00798
OG0000351	Prab	Prbg.g_01931	Prab.g_01937
OG0000351	Pran	Prbg.g_01931	Pran.g_01239
OG0000351	Prai	Prbg.g_01931	Prai.g_01918
OG0000351	Prau	Prbg.g_01931	Prau.g_02004
OG0000351	Prac	Prbg.g_01931	Prac.g_00118
OG0000351	Praq	Prbg.g_01931	Praq.g_00409
OG0000351	Prar	Prbg.g_01931	Prar.g_00055
OG0000351	Prav	Prbg.g_01931	Prav.g_00768
OG0000351	Pras	Prbg.g_01931	Pras.g_00824
OG0000351	Prad	Prbg.g_01931	Prad.g_01553
OG0000351	Prao	Prbg.g_01931	Prao.g_01823
OG0000351	Prbi	Prbg.g_01931	Prbi.g_02086
OG0000351	Prae	Prbg.g_01931	Prae.g_01894
OG0000351	Prax	Prbg.g_01931	Prax.g_01473
OG0000351	Prbd	Prbg.g_01931	Prbd.g_01255
OG0000351	Praa	Prbg.g_01931	Praa.g_01911
OG0000351	Prag	Prbg.g_01931	Prag.g_01940
OG0000351	Praw	Prbg.g_01931	Praw.g_01153
OG0000351	Pray	Prbg.g_01931	Pray.g_01444
OG0000351	Praz	Prbg.g_01931	Praz.g_00125
OG0000351	Prba	Prbg.g_01931	Prba.g_00848, Prba.g_01776
OG0000351	Prbm	Prbg.g_01931	Prbm.g_02212
OG0000351	Praj	Prbg.g_01931	Praj.g_02128
OG0000351	Prbb	Prbg.g_01931	Prbb.g_02168
OG0000351	Prbc	Prbg.g_01931	Prbc.g_01047
OG0000351	Syap	Prbg.g_01931	Syap.g_02594
OG0000351	Syas	Prbg.g_01931	Syas.g_01998
OG0000351	Syar	Prbg.g_01931	Syar.g_00442
OG0000351	Syat	Prbg.g_01931	Syat.g_02411
OG0000351	Syan	Prbg.g_01931	Syan.g_01682
OG0000351	Syao	Prbg.g_01931	Syao.g_02331
OG0000351	Syaa	Prbg.g_01931	Syaa.g_02730
OG0000351	Syac	Prbg.g_01931	Syac.g_02468
OG0000351	Syah	Prbg.g_01931	Syah.g_00399
OG0000351	Syaf	Prbg.g_01931	Syaf.g_00528
OG0000351	Syai	Prbg.g_01931	Syai.g_02904
OG0000351	Syam	Prbg.g_01931	Syam.g_02420
OG0000351	Prbj	Prbg.g_01931	Prbj.g_02047
OG0000351	Prbk	Prbg.g_01931	Prbk.g_02252
OG0000351	Prbl	Prbg.g_01931	Prbl.g_02147
OG0000351	Praf	Prbg.g_01931	Praf.g_02757
OG0000351	Prah	Prbg.g_01931	Prah.g_02578
OG0000351	Syak	Prbg.g_01931	Syak.g_01823
OG0000351	Syab	Prbg.g_01931	Syab.g_02879
OG0000351	Syal	Prbg.g_01931	Syal.g_01175
OG0000351	Syag	Prbg.g_01931	Syag.g_02244
OG0000351	Syaq	Prbg.g_01931	Syaq.g_01179
OG0000351	Syad	Prbg.g_01931	Syad.g_00134
OG0000351	Syaj	Prbg.g_01931	Syaj.g_02234
OG0000351	Syae	Prbg.g_01931	Syae.g_01684
OG0000351	Pral	Prbg.g_01931	Pral.g_00390
OG0000351	Prat	Prbg.g_01931	Prat.g_01873
OG0000351	Pram	Prbg.g_01931	Pram.g_01917
OG0000351	Prbh	Prbg.g_01931	Prbh.g_01497
OG0000351	Prak	Prbg.g_01931	Prak.g_01926
OG0000351	Prap	Prbg.g_01931	Prap.g_01497
OG0000351	Prbe	Prbg.g_01931	Prbe.g_01189
OG0000351	Prbf	Prbg.g_01931	Prbf.g_00412
OG0000351	Prbn	Prbg.g_01931	Prbn.g_00913
OG0000352	Prai	Prbg.g_01932	Prai.g_01919
OG0000352	Prab	Prbg.g_01932	Prab.g_01938
OG0000352	Pran	Prbg.g_01932	Pran.g_01240
OG0000352	Prau	Prbg.g_01932	Prau.g_02005
OG0000352	Prac	Prbg.g_01932	Prac.g_00119
OG0000352	Praq	Prbg.g_01932	Praq.g_00410
OG0000352	Prar	Prbg.g_01932	Prar.g_00054
OG0000352	Prav	Prbg.g_01932	Prav.g_00769
OG0000352	Pras	Prbg.g_01932	Pras.g_00825
OG0000352	Pray	Prbg.g_01932	Pray.g_01445
OG0000352	Praz	Prbg.g_01932	Praz.g_00124
OG0000352	Prba	Prbg.g_01932	Prba.g_01777
OG0000352	Prag	Prbg.g_01932	Prag.g_01941
OG0000352	Praw	Prbg.g_01932	Praw.g_01152
OG0000352	Praa	Prbg.g_01932	Praa.g_01912
OG0000352	Prbi	Prbg.g_01932	Prbi.g_02087
OG0000352	Prae	Prbg.g_01932	Prae.g_01895
OG0000352	Prax	Prbg.g_01932	Prax.g_01474
OG0000352	Prbd	Prbg.g_01932	Prbd.g_01254
OG0000352	Prad	Prbg.g_01932	Prad.g_01552
OG0000352	Prao	Prbg.g_01932	Prao.g_01824
OG0000352	Prbm	Prbg.g_01932	Prbm.g_02213
OG0000352	Praj	Prbg.g_01932	Praj.g_02129
OG0000352	Prbb	Prbg.g_01932	Prbb.g_02169
OG0000352	Prbc	Prbg.g_01932	Prbc.g_01048
OG0000352	Pral	Prbg.g_01932	Pral.g_00391
OG0000352	Prat	Prbg.g_01932	Prat.g_01874
OG0000352	Prbj	Prbg.g_01932	Prbj.g_02048
OG0000352	Prbk	Prbg.g_01932	Prbk.g_02253
OG0000352	Prbl	Prbg.g_01932	Prbl.g_02146
OG0000352	Praf	Prbg.g_01932	Praf.g_02758
OG0000352	Prah	Prbg.g_01932	Prah.g_02579
OG0000352	Syaq	Prbg.g_01932	Syaq.g_01178
OG0000352	Syas	Prbg.g_01932	Syas.g_01999
OG0000352	Syap	Prbg.g_01932	Syap.g_02596, Syap.g_02597
OG0000352	Syan	Prbg.g_01932	Syan.g_01683
OG0000352	Syao	Prbg.g_01932	Syao.g_02332
OG0000352	Syar	Prbg.g_01932	Syar.g_00443
OG0000352	Syat	Prbg.g_01932	Syat.g_02410
OG0000352	Syab	Prbg.g_01932	Syab.g_02880
OG0000352	Syal	Prbg.g_01932	Syal.g_01176
OG0000352	Syac	Prbg.g_01932	Syac.g_02469
OG0000352	Syah	Prbg.g_01932	Syah.g_00398
OG0000352	Syaj	Prbg.g_01932	Syaj.g_02235
OG0000352	Syaa	Prbg.g_01932	Syaa.g_02731
OG0000352	Syae	Prbg.g_01932	Syae.g_01685
OG0000352	Syad	Prbg.g_01932	Syad.g_00135
OG0000352	Syam	Prbg.g_01932	Syam.g_02421
OG0000352	Syaf	Prbg.g_01932	Syaf.g_00527
OG0000352	Syai	Prbg.g_01932	Syai.g_02905
OG0000352	Syag	Prbg.g_01932	Syag.g_02245
OG0000352	Syak	Prbg.g_01932	Syak.g_01822
OG0000352	Pram	Prbg.g_01932	Pram.g_01918
OG0000352	Prbh	Prbg.g_01932	Prbh.g_01496
OG0000352	Prak	Prbg.g_01932	Prak.g_01927
OG0000352	Prbe	Prbg.g_01932	Prbe.g_01190
OG0000352	Prap	Prbg.g_01932	Prap.g_01496
OG0000352	Prbf	Prbg.g_01932	Prbf.g_00411
OG0000352	Prbn	Prbg.g_01932	Prbn.g_00912
OG0000353	Prab	Prbg.g_00766	Prab.g_01954
OG0000353	Pran	Prbg.g_00766	Pran.g_01256
OG0000353	Prai	Prbg.g_00766	Prai.g_01935
OG0000353	Pras	Prbg.g_00766	Pras.g_00841
OG0000353	Prau	Prbg.g_00766	Prau.g_02021
OG0000353	Pray	Prbg.g_00766	Pray.g_01460
OG0000353	Praz	Prbg.g_00766	Praz.g_00364
OG0000353	Prba	Prbg.g_00766	Prba.g_01792
OG0000353	Prae	Prbg.g_00766	Prae.g_01910
OG0000353	Prax	Prbg.g_00766	Prax.g_01489
OG0000353	Praa	Prbg.g_00766	Praa.g_01927
OG0000353	Prbd	Prbg.g_00766	Prbd.g_01238
OG0000353	Prad	Prbg.g_00766	Prad.g_01537
OG0000353	Prbi	Prbg.g_00766	Prbi.g_02102
OG0000353	Prav	Prbg.g_00766	Prav.g_00785
OG0000353	Prag	Prbg.g_00766	Prag.g_01956
OG0000353	Praw	Prbg.g_00766	Praw.g_01137
OG0000353	Prao	Prbg.g_00766	Prao.g_01840
OG0000353	Prac	Prbg.g_00766	Prac.g_01948
OG0000353	Praq	Prbg.g_00766	Praq.g_00425
OG0000353	Prar	Prbg.g_00766	Prar.g_00039
OG0000353	Prbc	Prbg.g_00766	Prbc.g_01068
OG0000353	Prbm	Prbg.g_00766	Prbm.g_02232
OG0000353	Praj	Prbg.g_00766	Praj.g_02148
OG0000353	Prbb	Prbg.g_00766	Prbb.g_02188
OG0000353	Syag	Prbg.g_00766	Syag.g_02271
OG0000353	Syae	Prbg.g_00766	Syae.g_01711
OG0000353	Syad	Prbg.g_00766	Syad.g_00161
OG0000353	Syaj	Prbg.g_00766	Syaj.g_02261
OG0000353	Syaa	Prbg.g_00766	Syaa.g_02757
OG0000353	Syaf	Prbg.g_00766	Syaf.g_00499
OG0000353	Syai	Prbg.g_00766	Syai.g_02932
OG0000353	Syam	Prbg.g_00766	Syam.g_02445
OG0000353	Syac	Prbg.g_00766	Syac.g_02493
OG0000353	Syah	Prbg.g_00766	Syah.g_00374
OG0000353	Syap	Prbg.g_00766	Syap.g_00054
OG0000353	Syas	Prbg.g_00766	Syas.g_02033
OG0000353	Syat	Prbg.g_00766	Syat.g_00955, Syat.g_02377
OG0000353	Syar	Prbg.g_00766	Syar.g_00469
OG0000353	Syan	Prbg.g_00766	Syan.g_01795
OG0000353	Syao	Prbg.g_00766	Syao.g_02160
OG0000353	Syaq	Prbg.g_00766	Syaq.g_01151
OG0000353	Syak	Prbg.g_00766	Syak.g_01796
OG0000353	Syab	Prbg.g_00766	Syab.g_02913
OG0000353	Syal	Prbg.g_00766	Syal.g_00095
OG0000353	Prah	Prbg.g_00766	Prah.g_02603
OG0000353	Praf	Prbg.g_00766	Praf.g_02782
OG0000353	Prbj	Prbg.g_00766	Prbj.g_02072
OG0000353	Prbk	Prbg.g_00766	Prbk.g_02277
OG0000353	Prbl	Prbg.g_00766	Prbl.g_02122
OG0000353	Pral	Prbg.g_00766	Pral.g_00409
OG0000353	Prat	Prbg.g_00766	Prat.g_01892
OG0000353	Pram	Prbg.g_00766	Pram.g_01937
OG0000353	Prbh	Prbg.g_00766	Prbh.g_01477
OG0000353	Prak	Prbg.g_00766	Prak.g_01944
OG0000353	Prap	Prbg.g_00766	Prap.g_00055
OG0000353	Prbe	Prbg.g_00766	Prbe.g_01064
OG0000353	Prbf	Prbg.g_00766	Prbf.g_00394
OG0000353	Prbn	Prbg.g_00766	Prbn.g_00299
OG0000355	Prab	Prbg.g_00768	Prab.g_00001
OG0000355	Pran	Prbg.g_00768	Pran.g_01258
OG0000355	Prai	Prbg.g_00768	Prai.g_00001
OG0000355	Prag	Prbg.g_00768	Prag.g_00001
OG0000355	Praw	Prbg.g_00768	Praw.g_01135
OG0000355	Pray	Prbg.g_00768	Pray.g_01462
OG0000355	Praz	Prbg.g_00768	Praz.g_00366
OG0000355	Prba	Prbg.g_00768	Prba.g_01794
OG0000355	Prav	Prbg.g_00768	Prav.g_00787
OG0000355	Prac	Prbg.g_00768	Prac.g_01946
OG0000355	Praq	Prbg.g_00768	Praq.g_00427
OG0000355	Prar	Prbg.g_00768	Prar.g_00037
OG0000355	Prao	Prbg.g_00768	Prao.g_01842
OG0000355	Prbi	Prbg.g_00768	Prbi.g_00001
OG0000355	Pras	Prbg.g_00768	Pras.g_00843
OG0000355	Prau	Prbg.g_00768	Prau.g_00001
OG0000355	Prad	Prbg.g_00768	Prad.g_01535
OG0000355	Praa	Prbg.g_00768	Praa.g_00001
OG0000355	Prbd	Prbg.g_00768	Prbd.g_01236
OG0000355	Prae	Prbg.g_00768	Prae.g_00001
OG0000355	Prax	Prbg.g_00768	Prax.g_01491
OG0000355	Prbm	Prbg.g_00768	Prbm.g_00001
OG0000355	Prbb	Prbg.g_00768	Prbb.g_00001
OG0000355	Prbc	Prbg.g_00768	Prbc.g_01071
OG0000355	Praj	Prbg.g_00768	Praj.g_00001
OG0000355	Pral	Prbg.g_00768	Pral.g_00411
OG0000355	Prat	Prbg.g_00768	Prat.g_00001
OG0000355	Praf	Prbg.g_00768	Praf.g_00001
OG0000355	Prbj	Prbg.g_00768	Prbj.g_02074
OG0000355	Prbk	Prbg.g_00768	Prbk.g_02279
OG0000355	Prbl	Prbg.g_00768	Prbl.g_02120
OG0000355	Prah	Prbg.g_00768	Prah.g_00002
OG0000355	Syar	Prbg.g_00768	Syar.g_00471
OG0000355	Syan	Prbg.g_00768	Syan.g_01797
OG0000355	Syao	Prbg.g_00768	Syao.g_02162
OG0000355	Syat	Prbg.g_00768	Syat.g_02375
OG0000355	Syap	Prbg.g_00768	Syap.g_00056
OG0000355	Syas	Prbg.g_00768	Syas.g_02035
OG0000355	Syac	Prbg.g_00768	Syac.g_00001
OG0000355	Syah	Prbg.g_00768	Syah.g_00372
OG0000355	Syam	Prbg.g_00768	Syam.g_00001
OG0000355	Syai	Prbg.g_00768	Syai.g_00001
OG0000355	Syaf	Prbg.g_00768	Syaf.g_00497
OG0000355	Syae	Prbg.g_00768	Syae.g_01713
OG0000355	Syad	Prbg.g_00768	Syad.g_00163
OG0000355	Syaj	Prbg.g_00768	Syaj.g_02263
OG0000355	Syaa	Prbg.g_00768	Syaa.g_00001
OG0000355	Syak	Prbg.g_00768	Syak.g_01793
OG0000355	Syab	Prbg.g_00768	Syab.g_00001
OG0000355	Syal	Prbg.g_00768	Syal.g_00098
OG0000355	Syag	Prbg.g_00768	Syag.g_02273
OG0000355	Syaq	Prbg.g_00768	Syaq.g_01149
OG0000355	Pram	Prbg.g_00768	Pram.g_01939
OG0000355	Prbh	Prbg.g_00768	Prbh.g_01475
OG0000355	Prak	Prbg.g_00768	Prak.g_00001
OG0000355	Prap	Prbg.g_00768	Prap.g_00053
OG0000355	Prbe	Prbg.g_00768	Prbe.g_01066
OG0000355	Prbf	Prbg.g_00768	Prbf.g_00392
OG0000355	Prbn	Prbg.g_00768	Prbn.g_00301
OG0000356	Prab	Prbg.g_00769	Prab.g_00002
OG0000356	Pran	Prbg.g_00769	Pran.g_01259
OG0000356	Prai	Prbg.g_00769	Prai.g_00002
OG0000356	Pray	Prbg.g_00769	Pray.g_01463
OG0000356	Praz	Prbg.g_00769	Praz.g_00367
OG0000356	Prba	Prbg.g_00769	Prba.g_01795
OG0000356	Prao	Prbg.g_00769	Prao.g_01843
OG0000356	Prag	Prbg.g_00769	Prag.g_00002
OG0000356	Praw	Prbg.g_00769	Praw.g_01134
OG0000356	Prad	Prbg.g_00769	Prad.g_01534
OG0000356	Praa	Prbg.g_00769	Praa.g_00002
OG0000356	Prbd	Prbg.g_00769	Prbd.g_01235
OG0000356	Prbi	Prbg.g_00769	Prbi.g_00002
OG0000356	Prax	Prbg.g_00769	Prax.g_01492
OG0000356	Prae	Prbg.g_00769	Prae.g_00002
OG0000356	Pras	Prbg.g_00769	Pras.g_00844
OG0000356	Prau	Prbg.g_00769	Prau.g_00002
OG0000356	Prav	Prbg.g_00769	Prav.g_00788
OG0000356	Prac	Prbg.g_00769	Prac.g_01945
OG0000356	Praq	Prbg.g_00769	Praq.g_00428
OG0000356	Prar	Prbg.g_00769	Prar.g_00036
OG0000356	Praj	Prbg.g_00769	Praj.g_00002
OG0000356	Prbb	Prbg.g_00769	Prbb.g_00002
OG0000356	Prbm	Prbg.g_00769	Prbm.g_00002
OG0000356	Prbc	Prbg.g_00769	Prbc.g_01072
OG0000356	Pral	Prbg.g_00769	Pral.g_00412
OG0000356	Prat	Prbg.g_00769	Prat.g_00002
OG0000356	Syap	Prbg.g_00769	Syap.g_00057
OG0000356	Syas	Prbg.g_00769	Syas.g_02036
OG0000356	Syar	Prbg.g_00769	Syar.g_00472
OG0000356	Syat	Prbg.g_00769	Syat.g_02374
OG0000356	Syan	Prbg.g_00769	Syan.g_01798
OG0000356	Syao	Prbg.g_00769	Syao.g_02163
OG0000356	Syac	Prbg.g_00769	Syac.g_00002
OG0000356	Syah	Prbg.g_00769	Syah.g_00371
OG0000356	Syaf	Prbg.g_00769	Syaf.g_00496
OG0000356	Syai	Prbg.g_00769	Syai.g_00002
OG0000356	Syam	Prbg.g_00769	Syam.g_00002
OG0000356	Syaa	Prbg.g_00769	Syaa.g_00002
OG0000356	Syae	Prbg.g_00769	Syae.g_01714
OG0000356	Syad	Prbg.g_00769	Syad.g_00164
OG0000356	Syaj	Prbg.g_00769	Syaj.g_02264
OG0000356	Syak	Prbg.g_00769	Syak.g_01792
OG0000356	Syab	Prbg.g_00769	Syab.g_00002
OG0000356	Syal	Prbg.g_00769	Syal.g_00099
OG0000356	Praf	Prbg.g_00769	Praf.g_00002
OG0000356	Prbj	Prbg.g_00769	Prbj.g_02075
OG0000356	Prbk	Prbg.g_00769	Prbk.g_02280
OG0000356	Prbl	Prbg.g_00769	Prbl.g_02119
OG0000356	Prah	Prbg.g_00769	Prah.g_00003
OG0000356	Syag	Prbg.g_00769	Syag.g_02274
OG0000356	Syaq	Prbg.g_00769	Syaq.g_01148
OG0000356	Pram	Prbg.g_00769	Pram.g_01940
OG0000356	Prbh	Prbg.g_00769	Prbh.g_01474
OG0000356	Prak	Prbg.g_00769	Prak.g_00002
OG0000356	Prap	Prbg.g_00769	Prap.g_00052
OG0000356	Prbe	Prbg.g_00769	Prbe.g_01067
OG0000356	Prbf	Prbg.g_00769	Prbf.g_00391
OG0000356	Prbn	Prbg.g_00769	Prbn.g_00302
OG0000357	Prab	Prbg.g_00770	Prab.g_00003
OG0000357	Pran	Prbg.g_00770	Pran.g_01260
OG0000357	Prai	Prbg.g_00770	Prai.g_00003
OG0000357	Pray	Prbg.g_00770	Pray.g_01464
OG0000357	Praz	Prbg.g_00770	Praz.g_00368
OG0000357	Prba	Prbg.g_00770	Prba.g_01796
OG0000357	Prac	Prbg.g_00770	Prac.g_01944
OG0000357	Praq	Prbg.g_00770	Praq.g_00429
OG0000357	Prar	Prbg.g_00770	Prar.g_00035
OG0000357	Prav	Prbg.g_00770	Prav.g_00789
OG0000357	Prad	Prbg.g_00770	Prad.g_01533
OG0000357	Prbi	Prbg.g_00770	Prbi.g_00003
OG0000357	Prax	Prbg.g_00770	Prax.g_01493
OG0000357	Prbd	Prbg.g_00770	Prbd.g_01234
OG0000357	Pras	Prbg.g_00770	Pras.g_00845
OG0000357	Prau	Prbg.g_00770	Prau.g_00003
OG0000357	Praa	Prbg.g_00770	Praa.g_00003
OG0000357	Prae	Prbg.g_00770	Prae.g_00003
OG0000357	Prag	Prbg.g_00770	Prag.g_00003
OG0000357	Praw	Prbg.g_00770	Praw.g_01133
OG0000357	Prao	Prbg.g_00770	Prao.g_01844
OG0000357	Praj	Prbg.g_00770	Praj.g_00003
OG0000357	Prbc	Prbg.g_00770	Prbc.g_01073
OG0000357	Prbb	Prbg.g_00770	Prbb.g_00003
OG0000357	Prbm	Prbg.g_00770	Prbm.g_00003
OG0000357	Prbj	Prbg.g_00770	Prbj.g_02076
OG0000357	Prbk	Prbg.g_00770	Prbk.g_02281
OG0000357	Prbl	Prbg.g_00770	Prbl.g_02118
OG0000357	Praf	Prbg.g_00770	Praf.g_00003
OG0000357	Prah	Prbg.g_00770	Prah.g_00004
OG0000357	Syap	Prbg.g_00770	Syap.g_00058
OG0000357	Syan	Prbg.g_00770	Syan.g_01800
OG0000357	Syao	Prbg.g_00770	Syao.g_02164
OG0000357	Syas	Prbg.g_00770	Syas.g_02037
OG0000357	Syat	Prbg.g_00770	Syat.g_02373
OG0000357	Syar	Prbg.g_00770	Syar.g_00473
OG0000357	Syak	Prbg.g_00770	Syak.g_01791
OG0000357	Syab	Prbg.g_00770	Syab.g_00003
OG0000357	Syal	Prbg.g_00770	Syal.g_00100
OG0000357	Syag	Prbg.g_00770	Syag.g_02275
OG0000357	Syaq	Prbg.g_00770	Syaq.g_01147
OG0000357	Syac	Prbg.g_00770	Syac.g_00003
OG0000357	Syah	Prbg.g_00770	Syah.g_00370
OG0000357	Syaf	Prbg.g_00770	Syaf.g_00495
OG0000357	Syai	Prbg.g_00770	Syai.g_00003
OG0000357	Syam	Prbg.g_00770	Syam.g_00003
OG0000357	Syaa	Prbg.g_00770	Syaa.g_00003
OG0000357	Syae	Prbg.g_00770	Syae.g_01715
OG0000357	Syad	Prbg.g_00770	Syad.g_00165
OG0000357	Syaj	Prbg.g_00770	Syaj.g_02265
OG0000357	Pral	Prbg.g_00770	Pral.g_00413
OG0000357	Prat	Prbg.g_00770	Prat.g_00003
OG0000357	Pram	Prbg.g_00770	Pram.g_01941
OG0000357	Prbh	Prbg.g_00770	Prbh.g_01473
OG0000357	Prbn	Prbg.g_00770	Prbn.g_00011
OG0000357	Prak	Prbg.g_00770	Prak.g_00003
OG0000357	Prap	Prbg.g_00770	Prap.g_00051
OG0000357	Prbe	Prbg.g_00770	Prbe.g_01068
OG0000357	Prbf	Prbg.g_00770	Prbf.g_00390
OG0000358	Prac	Prbg.g_00774	Prac.g_01940
OG0000358	Praq	Prbg.g_00774	Praq.g_00433
OG0000358	Prar	Prbg.g_00774	Prar.g_00031
OG0000358	Prao	Prbg.g_00774	Prao.g_01848
OG0000358	Prag	Prbg.g_00774	Prag.g_00007
OG0000358	Praw	Prbg.g_00774	Praw.g_01129
OG0000358	Prav	Prbg.g_00774	Prav.g_00793
OG0000358	Prax	Prbg.g_00774	Prax.g_01497
OG0000358	Praa	Prbg.g_00774	Praa.g_00007
OG0000358	Prbd	Prbg.g_00774	Prbd.g_01230
OG0000358	Prbi	Prbg.g_00774	Prbi.g_00007
OG0000358	Pras	Prbg.g_00774	Pras.g_00849
OG0000358	Prau	Prbg.g_00774	Prau.g_00007
OG0000358	Prae	Prbg.g_00774	Prae.g_00007
OG0000358	Pray	Prbg.g_00774	Pray.g_01469
OG0000358	Praz	Prbg.g_00774	Praz.g_00372
OG0000358	Prba	Prbg.g_00774	Prba.g_01800
OG0000358	Prad	Prbg.g_00774	Prad.g_01529
OG0000358	Prab	Prbg.g_00774	Prab.g_00007
OG0000358	Pran	Prbg.g_00774	Pran.g_01264
OG0000358	Prai	Prbg.g_00774	Prai.g_00007
OG0000358	Pral	Prbg.g_00774	Pral.g_00417
OG0000358	Prat	Prbg.g_00774	Prat.g_00007
OG0000358	Prbm	Prbg.g_00774	Prbm.g_00007
OG0000358	Prbb	Prbg.g_00774	Prbb.g_00008
OG0000358	Praj	Prbg.g_00774	Praj.g_00007
OG0000358	Prbc	Prbg.g_00774	Prbc.g_01077
OG0000358	Prbj	Prbg.g_00774	Prbj.g_02080
OG0000358	Prbk	Prbg.g_00774	Prbk.g_02285
OG0000358	Prbl	Prbg.g_00774	Prbl.g_02114
OG0000358	Praf	Prbg.g_00774	Praf.g_00007
OG0000358	Prah	Prbg.g_00774	Prah.g_00008
OG0000358	Syak	Prbg.g_00774	Syak.g_01787
OG0000358	Syab	Prbg.g_00774	Syab.g_00007
OG0000358	Syal	Prbg.g_00774	Syal.g_00104
OG0000358	Syan	Prbg.g_00774	Syan.g_01773
OG0000358	Syao	Prbg.g_00774	Syao.g_02154
OG0000358	Syar	Prbg.g_00774	Syar.g_00477
OG0000358	Syat	Prbg.g_00774	Syat.g_02336
OG0000358	Syap	Prbg.g_00774	Syap.g_00063
OG0000358	Syas	Prbg.g_00774	Syas.g_02041
OG0000358	Syaq	Prbg.g_00774	Syaq.g_01143
OG0000358	Syag	Prbg.g_00774	Syag.g_02279
OG0000358	Syae	Prbg.g_00774	Syae.g_01719
OG0000358	Syad	Prbg.g_00774	Syad.g_00169
OG0000358	Syaj	Prbg.g_00774	Syaj.g_02269
OG0000358	Syaa	Prbg.g_00774	Syaa.g_00007
OG0000358	Syac	Prbg.g_00774	Syac.g_00007
OG0000358	Syah	Prbg.g_00774	Syah.g_00366
OG0000358	Syaf	Prbg.g_00774	Syaf.g_00491
OG0000358	Syai	Prbg.g_00774	Syai.g_00007
OG0000358	Syam	Prbg.g_00774	Syam.g_00007
OG0000358	Pram	Prbg.g_00774	Pram.g_01945
OG0000358	Prbh	Prbg.g_00774	Prbh.g_01469
OG0000358	Prak	Prbg.g_00774	Prak.g_00007
OG0000358	Prap	Prbg.g_00774	Prap.g_00047
OG0000358	Prbe	Prbg.g_00774	Prbe.g_01072
OG0000358	Prbf	Prbg.g_00774	Prbf.g_00386
OG0000358	Prbn	Prbg.g_00774	Prbn.g_00007
OG0000359	Prab	Prbg.g_00775	Prab.g_00008
OG0000359	Pran	Prbg.g_00775	Pran.g_01265
OG0000359	Prai	Prbg.g_00775	Prai.g_00008
OG0000359	Prao	Prbg.g_00775	Prao.g_01849
OG0000359	Prad	Prbg.g_00775	Prad.g_01528
OG0000359	Prae	Prbg.g_00775	Prae.g_00008
OG0000359	Prag	Prbg.g_00775	Prag.g_00008
OG0000359	Praw	Prbg.g_00775	Praw.g_01128
OG0000359	Prbd	Prbg.g_00775	Prbd.g_01229
OG0000359	Prac	Prbg.g_00775	Prac.g_01939
OG0000359	Praq	Prbg.g_00775	Praq.g_00434
OG0000359	Prar	Prbg.g_00775	Prar.g_00030
OG0000359	Pray	Prbg.g_00775	Pray.g_01470
OG0000359	Praz	Prbg.g_00775	Praz.g_00373
OG0000359	Prba	Prbg.g_00775	Prba.g_01801
OG0000359	Prbi	Prbg.g_00775	Prbi.g_00008
OG0000359	Praa	Prbg.g_00775	Praa.g_00008
OG0000359	Prax	Prbg.g_00775	Prax.g_01498
OG0000359	Pras	Prbg.g_00775	Pras.g_00850
OG0000359	Prav	Prbg.g_00775	Prav.g_00794
OG0000359	Prau	Prbg.g_00775	Prau.g_00008
OG0000359	Prbm	Prbg.g_00775	Prbm.g_00008
OG0000359	Praj	Prbg.g_00775	Praj.g_00008
OG0000359	Prbb	Prbg.g_00775	Prbb.g_00009
OG0000359	Prbc	Prbg.g_00775	Prbc.g_01078
OG0000359	Pral	Prbg.g_00775	Pral.g_00418
OG0000359	Prat	Prbg.g_00775	Prat.g_00008
OG0000359	Prah	Prbg.g_00775	Prah.g_00010
OG0000359	Praf	Prbg.g_00775	Praf.g_00009
OG0000359	Prbj	Prbg.g_00775	Prbj.g_02082
OG0000359	Prbk	Prbg.g_00775	Prbk.g_02287
OG0000359	Prbl	Prbg.g_00775	Prbl.g_02112
OG0000359	Syaa	Prbg.g_00775	Syaa.g_00009
OG0000359	Syaf	Prbg.g_00775	Syaf.g_00489
OG0000359	Syai	Prbg.g_00775	Syai.g_00009
OG0000359	Syam	Prbg.g_00775	Syam.g_00009
OG0000359	Syac	Prbg.g_00775	Syac.g_00009
OG0000359	Syah	Prbg.g_00775	Syah.g_00364
OG0000359	Syae	Prbg.g_00775	Syae.g_01721
OG0000359	Syad	Prbg.g_00775	Syad.g_00171
OG0000359	Syaj	Prbg.g_00775	Syaj.g_02271
OG0000359	Syak	Prbg.g_00775	Syak.g_01785
OG0000359	Syag	Prbg.g_00775	Syag.g_02281
OG0000359	Syab	Prbg.g_00775	Syab.g_00009
OG0000359	Syal	Prbg.g_00775	Syal.g_00106
OG0000359	Syaq	Prbg.g_00775	Syaq.g_01141
OG0000359	Syas	Prbg.g_00775	Syas.g_02043
OG0000359	Syap	Prbg.g_00775	Syap.g_00065
OG0000359	Syat	Prbg.g_00775	Syat.g_02334
OG0000359	Syar	Prbg.g_00775	Syar.g_00479
OG0000359	Syan	Prbg.g_00775	Syan.g_01771
OG0000359	Syao	Prbg.g_00775	Syao.g_02152
OG0000359	Pram	Prbg.g_00775	Pram.g_01946
OG0000359	Prbh	Prbg.g_00775	Prbh.g_01468
OG0000359	Prak	Prbg.g_00775	Prak.g_00008
OG0000359	Prap	Prbg.g_00775	Prap.g_00046
OG0000359	Prbe	Prbg.g_00775	Prbe.g_01073
OG0000359	Prbf	Prbg.g_00775	Prbf.g_00385
OG0000359	Prbn	Prbg.g_00775	Prbn.g_00006
OG0000360	Prai	Prbg.g_00776	Prai.g_00009
OG0000360	Prab	Prbg.g_00776	Prab.g_00009
OG0000360	Pran	Prbg.g_00776	Pran.g_01266
OG0000360	Prad	Prbg.g_00776	Prad.g_01527
OG0000360	Prac	Prbg.g_00776	Prac.g_01938
OG0000360	Praq	Prbg.g_00776	Praq.g_00435
OG0000360	Prar	Prbg.g_00776	Prar.g_00029
OG0000360	Pray	Prbg.g_00776	Pray.g_01471
OG0000360	Praz	Prbg.g_00776	Praz.g_00374
OG0000360	Prba	Prbg.g_00776	Prba.g_01802
OG0000360	Prao	Prbg.g_00776	Prao.g_01850
OG0000360	Prag	Prbg.g_00776	Prag.g_00009
OG0000360	Praw	Prbg.g_00776	Praw.g_01127
OG0000360	Prav	Prbg.g_00776	Prav.g_00795
OG0000360	Prbi	Prbg.g_00776	Prbi.g_00009
OG0000360	Pras	Prbg.g_00776	Pras.g_00851
OG0000360	Prau	Prbg.g_00776	Prau.g_00009
OG0000360	Praa	Prbg.g_00776	Praa.g_00009
OG0000360	Prbd	Prbg.g_00776	Prbd.g_01228
OG0000360	Prae	Prbg.g_00776	Prae.g_00009
OG0000360	Prax	Prbg.g_00776	Prax.g_01499
OG0000360	Prbm	Prbg.g_00776	Prbm.g_00009
OG0000360	Praj	Prbg.g_00776	Praj.g_00009
OG0000360	Prbc	Prbg.g_00776	Prbc.g_01079
OG0000360	Prbb	Prbg.g_00776	Prbb.g_00010
OG0000360	Syak	Prbg.g_00776	Syak.g_01784
OG0000360	Syab	Prbg.g_00776	Syab.g_00010
OG0000360	Syal	Prbg.g_00776	Syal.g_00107
OG0000360	Syaq	Prbg.g_00776	Syaq.g_01140
OG0000360	Syaa	Prbg.g_00776	Syaa.g_00010
OG0000360	Syac	Prbg.g_00776	Syac.g_00010
OG0000360	Syah	Prbg.g_00776	Syah.g_00363
OG0000360	Syaf	Prbg.g_00776	Syaf.g_00488
OG0000360	Syai	Prbg.g_00776	Syai.g_00010
OG0000360	Syam	Prbg.g_00776	Syam.g_00010
OG0000360	Syad	Prbg.g_00776	Syad.g_00172
OG0000360	Syaj	Prbg.g_00776	Syaj.g_02272
OG0000360	Syae	Prbg.g_00776	Syae.g_01722
OG0000360	Syap	Prbg.g_00776	Syap.g_00067
OG0000360	Syat	Prbg.g_00776	Syat.g_02333
OG0000360	Syan	Prbg.g_00776	Syan.g_01770
OG0000360	Syao	Prbg.g_00776	Syao.g_02151
OG0000360	Syar	Prbg.g_00776	Syar.g_00480
OG0000360	Syas	Prbg.g_00776	Syas.g_02044
OG0000360	Syag	Prbg.g_00776	Syag.g_02282
OG0000360	Prbj	Prbg.g_00776	Prbj.g_02083
OG0000360	Prbk	Prbg.g_00776	Prbk.g_02288
OG0000360	Prbl	Prbg.g_00776	Prbl.g_02111
OG0000360	Praf	Prbg.g_00776	Praf.g_00010
OG0000360	Prah	Prbg.g_00776	Prah.g_00011
OG0000360	Pral	Prbg.g_00776	Pral.g_00419
OG0000360	Prat	Prbg.g_00776	Prat.g_00009
OG0000360	Pram	Prbg.g_00776	Pram.g_01947
OG0000360	Prbh	Prbg.g_00776	Prbh.g_01467
OG0000360	Prak	Prbg.g_00776	Prak.g_00009
OG0000360	Prap	Prbg.g_00776	Prap.g_00045
OG0000360	Prbe	Prbg.g_00776	Prbe.g_01074
OG0000360	Prbf	Prbg.g_00776	Prbf.g_00384
OG0000360	Prbn	Prbg.g_00776	Prbn.g_00005
OG0000361	Prab	Prbg.g_00777	Prab.g_00010
OG0000361	Pran	Prbg.g_00777	Pran.g_01267
OG0000361	Prai	Prbg.g_00777	Prai.g_00010
OG0000361	Prao	Prbg.g_00777	Prao.g_00157
OG0000361	Prag	Prbg.g_00777	Prag.g_00010
OG0000361	Praw	Prbg.g_00777	Praw.g_01126
OG0000361	Prav	Prbg.g_00777	Prav.g_00078
OG0000361	Pray	Prbg.g_00777	Pray.g_01472
OG0000361	Praz	Prbg.g_00777	Praz.g_00375
OG0000361	Prba	Prbg.g_00777	Prba.g_01803
OG0000361	Prad	Prbg.g_00777	Prad.g_01976
OG0000361	Prbi	Prbg.g_00777	Prbi.g_00010
OG0000361	Praa	Prbg.g_00777	Praa.g_00010
OG0000361	Prbd	Prbg.g_00777	Prbd.g_01227
OG0000361	Prae	Prbg.g_00777	Prae.g_00010
OG0000361	Pras	Prbg.g_00777	Pras.g_00852
OG0000361	Prau	Prbg.g_00777	Prau.g_00010
OG0000361	Prax	Prbg.g_00777	Prax.g_01975
OG0000361	Praq	Prbg.g_00777	Praq.g_00436
OG0000361	Prac	Prbg.g_00777	Prac.g_01937
OG0000361	Prar	Prbg.g_00777	Prar.g_00028
OG0000361	Prbm	Prbg.g_00777	Prbm.g_00010
OG0000361	Prbb	Prbg.g_00777	Prbb.g_00011
OG0000361	Praj	Prbg.g_00777	Praj.g_00010
OG0000361	Prbc	Prbg.g_00777	Prbc.g_01080
OG0000361	Praf	Prbg.g_00777	Praf.g_00011
OG0000361	Prah	Prbg.g_00777	Prah.g_00012
OG0000361	Prbj	Prbg.g_00777	Prbj.g_02084
OG0000361	Prbk	Prbg.g_00777	Prbk.g_02289
OG0000361	Prbl	Prbg.g_00777	Prbl.g_02110
OG0000361	Syak	Prbg.g_00777	Syak.g_01783
OG0000361	Syab	Prbg.g_00777	Syab.g_00011
OG0000361	Syal	Prbg.g_00777	Syal.g_00108
OG0000361	Syaq	Prbg.g_00777	Syaq.g_01139
OG0000361	Syan	Prbg.g_00777	Syan.g_01769
OG0000361	Syao	Prbg.g_00777	Syao.g_02150
OG0000361	Syat	Prbg.g_00777	Syat.g_02332
OG0000361	Syar	Prbg.g_00777	Syar.g_00481
OG0000361	Syap	Prbg.g_00777	Syap.g_00068
OG0000361	Syas	Prbg.g_00777	Syas.g_02045
OG0000361	Syag	Prbg.g_00777	Syag.g_02283
OG0000361	Syae	Prbg.g_00777	Syae.g_01723
OG0000361	Syaf	Prbg.g_00777	Syaf.g_00487
OG0000361	Syai	Prbg.g_00777	Syai.g_00011
OG0000361	Syam	Prbg.g_00777	Syam.g_00011
OG0000361	Syaa	Prbg.g_00777	Syaa.g_00011
OG0000361	Syad	Prbg.g_00777	Syad.g_00173
OG0000361	Syaj	Prbg.g_00777	Syaj.g_02273
OG0000361	Syac	Prbg.g_00777	Syac.g_00011
OG0000361	Syah	Prbg.g_00777	Syah.g_00362
OG0000361	Pral	Prbg.g_00777	Pral.g_00420
OG0000361	Prat	Prbg.g_00777	Prat.g_00010
OG0000361	Pram	Prbg.g_00777	Pram.g_01948
OG0000361	Prbh	Prbg.g_00777	Prbh.g_01466
OG0000361	Prak	Prbg.g_00777	Prak.g_00010
OG0000361	Prap	Prbg.g_00777	Prap.g_00044
OG0000361	Prbe	Prbg.g_00777	Prbe.g_01075
OG0000361	Prbf	Prbg.g_00777	Prbf.g_00383
OG0000361	Prbn	Prbg.g_00777	Prbn.g_00004
OG0000362	Prab	Prbg.g_00779	Prab.g_00012
OG0000362	Pran	Prbg.g_00779	Pran.g_01269
OG0000362	Prai	Prbg.g_00779	Prai.g_00012
OG0000362	Prad	Prbg.g_00779	Prad.g_01974
OG0000362	Pray	Prbg.g_00779	Pray.g_01474
OG0000362	Praz	Prbg.g_00779	Praz.g_00377
OG0000362	Prba	Prbg.g_00779	Prba.g_01805
OG0000362	Prao	Prbg.g_00779	Prao.g_00159
OG0000362	Prag	Prbg.g_00779	Prag.g_00012
OG0000362	Praw	Prbg.g_00779	Praw.g_01124
OG0000362	Prac	Prbg.g_00779	Prac.g_01935
OG0000362	Praq	Prbg.g_00779	Praq.g_00438
OG0000362	Prar	Prbg.g_00779	Prar.g_00026
OG0000362	Prav	Prbg.g_00779	Prav.g_00080
OG0000362	Prae	Prbg.g_00779	Prae.g_00012
OG0000362	Praa	Prbg.g_00779	Praa.g_00012
OG0000362	Pras	Prbg.g_00779	Pras.g_00854
OG0000362	Prau	Prbg.g_00779	Prau.g_00012
OG0000362	Prbi	Prbg.g_00779	Prbi.g_00012
OG0000362	Prax	Prbg.g_00779	Prax.g_01973
OG0000362	Prbd	Prbg.g_00779	Prbd.g_01225
OG0000362	Prbm	Prbg.g_00779	Prbm.g_00012
OG0000362	Prbc	Prbg.g_00779	Prbc.g_01082
OG0000362	Praj	Prbg.g_00779	Praj.g_00012
OG0000362	Prbb	Prbg.g_00779	Prbb.g_00013
OG0000362	Prah	Prbg.g_00779	Prah.g_00014
OG0000362	Praf	Prbg.g_00779	Praf.g_00013
OG0000362	Prbj	Prbg.g_00779	Prbj.g_02086
OG0000362	Prbk	Prbg.g_00779	Prbk.g_02291
OG0000362	Prbl	Prbg.g_00779	Prbl.g_02108
OG0000362	Syan	Prbg.g_00779	Syan.g_01767
OG0000362	Syao	Prbg.g_00779	Syao.g_01954
OG0000362	Syar	Prbg.g_00779	Syar.g_00483
OG0000362	Syat	Prbg.g_00779	Syat.g_02330
OG0000362	Syap	Prbg.g_00779	Syap.g_00070
OG0000362	Syas	Prbg.g_00779	Syas.g_02047
OG0000362	Syak	Prbg.g_00779	Syak.g_01781
OG0000362	Syab	Prbg.g_00779	Syab.g_00013
OG0000362	Syal	Prbg.g_00779	Syal.g_00110
OG0000362	Syag	Prbg.g_00779	Syag.g_02285
OG0000362	Syaq	Prbg.g_00779	Syaq.g_01137
OG0000362	Syad	Prbg.g_00779	Syad.g_00175
OG0000362	Syaj	Prbg.g_00779	Syaj.g_02275
OG0000362	Syae	Prbg.g_00779	Syae.g_01725
OG0000362	Syaa	Prbg.g_00779	Syaa.g_00013
OG0000362	Syac	Prbg.g_00779	Syac.g_00013
OG0000362	Syah	Prbg.g_00779	Syah.g_00360
OG0000362	Syai	Prbg.g_00779	Syai.g_00013
OG0000362	Syaf	Prbg.g_00779	Syaf.g_00485
OG0000362	Syam	Prbg.g_00779	Syam.g_00013
OG0000362	Pral	Prbg.g_00779	Pral.g_00422
OG0000362	Prat	Prbg.g_00779	Prat.g_00013
OG0000362	Pram	Prbg.g_00779	Pram.g_01950
OG0000362	Prbh	Prbg.g_00779	Prbh.g_01952
OG0000362	Prak	Prbg.g_00779	Prak.g_00012
OG0000362	Prap	Prbg.g_00779	Prap.g_00042
OG0000362	Prbe	Prbg.g_00779	Prbe.g_01077
OG0000362	Prbf	Prbg.g_00779	Prbf.g_00381
OG0000362	Prbn	Prbg.g_00779	Prbn.g_00001
OG0000363	Prac	Prbg.g_00860	Prac.g_01933
OG0000363	Praq	Prbg.g_00860	Praq.g_01217
OG0000363	Prar	Prbg.g_00860	Prar.g_00024
OG0000363	Prav	Prbg.g_00860	Prav.g_00082
OG0000363	Prbi	Prbg.g_00860	Prbi.g_00014
OG0000363	Pras	Prbg.g_00860	Pras.g_00856
OG0000363	Prau	Prbg.g_00860	Prau.g_00014
OG0000363	Prae	Prbg.g_00860	Prae.g_00014
OG0000363	Prax	Prbg.g_00860	Prax.g_00299
OG0000363	Praa	Prbg.g_00860	Praa.g_00014
OG0000363	Prbd	Prbg.g_00860	Prbd.g_01223
OG0000363	Prad	Prbg.g_00860	Prad.g_01972
OG0000363	Prao	Prbg.g_00860	Prao.g_00161
OG0000363	Pray	Prbg.g_00860	Pray.g_01476
OG0000363	Praz	Prbg.g_00860	Praz.g_00379
OG0000363	Prba	Prbg.g_00860	Prba.g_01807
OG0000363	Prag	Prbg.g_00860	Prag.g_00014
OG0000363	Praw	Prbg.g_00860	Praw.g_01414
OG0000363	Prab	Prbg.g_00860	Prab.g_00014
OG0000363	Pran	Prbg.g_00860	Pran.g_00410
OG0000363	Prai	Prbg.g_00860	Prai.g_00014
OG0000363	Prbm	Prbg.g_00860	Prbm.g_00014
OG0000363	Praj	Prbg.g_00860	Praj.g_00014
OG0000363	Prbc	Prbg.g_00860	Prbc.g_01084
OG0000363	Prbb	Prbg.g_00860	Prbb.g_00015
OG0000363	Praf	Prbg.g_00860	Praf.g_00015
OG0000363	Prah	Prbg.g_00860	Prah.g_00016
OG0000363	Prbj	Prbg.g_00860	Prbj.g_01182
OG0000363	Prbk	Prbg.g_00860	Prbk.g_01639
OG0000363	Prbl	Prbg.g_00860	Prbl.g_01955
OG0000363	Syar	Prbg.g_00860	Syar.g_00484
OG0000363	Syap	Prbg.g_00860	Syap.g_00072
OG0000363	Syat	Prbg.g_00860	Syat.g_02328
OG0000363	Syas	Prbg.g_00860	Syas.g_02049
OG0000363	Syan	Prbg.g_00860	Syan.g_01765
OG0000363	Syao	Prbg.g_00860	Syao.g_02255
OG0000363	Syag	Prbg.g_00860	Syag.g_02287
OG0000363	Syaq	Prbg.g_00860	Syaq.g_01135
OG0000363	Syak	Prbg.g_00860	Syak.g_01779
OG0000363	Syab	Prbg.g_00860	Syab.g_00015
OG0000363	Syal	Prbg.g_00860	Syal.g_00112
OG0000363	Syac	Prbg.g_00860	Syac.g_00015
OG0000363	Syah	Prbg.g_00860	Syah.g_00358
OG0000363	Syad	Prbg.g_00860	Syad.g_00177
OG0000363	Syaj	Prbg.g_00860	Syaj.g_02277
OG0000363	Syae	Prbg.g_00860	Syae.g_01727
OG0000363	Syaa	Prbg.g_00860	Syaa.g_00015
OG0000363	Syaf	Prbg.g_00860	Syaf.g_00483
OG0000363	Syam	Prbg.g_00860	Syam.g_00015
OG0000363	Syai	Prbg.g_00860	Syai.g_00015
OG0000363	Pral	Prbg.g_00860	Pral.g_01030
OG0000363	Prat	Prbg.g_00860	Prat.g_00015
OG0000363	Pram	Prbg.g_00860	Pram.g_00001
OG0000363	Prbh	Prbg.g_00860	Prbh.g_00766
OG0000363	Prak	Prbg.g_00860	Prak.g_00014
OG0000363	Prap	Prbg.g_00860	Prap.g_00941
OG0000363	Prbe	Prbg.g_00860	Prbe.g_00114
OG0000363	Prbf	Prbg.g_00860	Prbf.g_01336
OG0000363	Prbn	Prbg.g_00860	Prbn.g_00768
OG0000364	Prab	Prbg.g_00859	Prab.g_00015
OG0000364	Pran	Prbg.g_00859	Pran.g_00409
OG0000364	Prai	Prbg.g_00859	Prai.g_00015
OG0000364	Prbd	Prbg.g_00859	Prbd.g_01222
OG0000364	Prax	Prbg.g_00859	Prax.g_00298
OG0000364	Pras	Prbg.g_00859	Pras.g_00857
OG0000364	Prau	Prbg.g_00859	Prau.g_00015
OG0000364	Prae	Prbg.g_00859	Prae.g_00015
OG0000364	Praa	Prbg.g_00859	Praa.g_00015
OG0000364	Prag	Prbg.g_00859	Prag.g_00015
OG0000364	Praw	Prbg.g_00859	Praw.g_01413
OG0000364	Prav	Prbg.g_00859	Prav.g_00083
OG0000364	Prbi	Prbg.g_00859	Prbi.g_00015
OG0000364	Prac	Prbg.g_00859	Prac.g_01932
OG0000364	Praq	Prbg.g_00859	Praq.g_01218
OG0000364	Prar	Prbg.g_00859	Prar.g_00023
OG0000364	Prao	Prbg.g_00859	Prao.g_00162
OG0000364	Prad	Prbg.g_00859	Prad.g_01971
OG0000364	Pray	Prbg.g_00859	Pray.g_01477
OG0000364	Praz	Prbg.g_00859	Praz.g_00380
OG0000364	Prba	Prbg.g_00859	Prba.g_01808
OG0000364	Syan	Prbg.g_00859	Syan.g_01398
OG0000364	Syao	Prbg.g_00859	Syao.g_01558
OG0000364	Syar	Prbg.g_00859	Syar.g_02928
OG0000364	Syap	Prbg.g_00859	Syap.g_00620
OG0000364	Syat	Prbg.g_00859	Syat.g_03122
OG0000364	Syas	Prbg.g_00859	Syas.g_02685
OG0000364	Prah	Prbg.g_00859	Prah.g_00017
OG0000364	Praf	Prbg.g_00859	Praf.g_00016
OG0000364	Prbj	Prbg.g_00859	Prbj.g_01183
OG0000364	Prbk	Prbg.g_00859	Prbk.g_01638
OG0000364	Prbl	Prbg.g_00859	Prbl.g_01956
OG0000364	Syaq	Prbg.g_00859	Syaq.g_01134
OG0000364	Syab	Prbg.g_00859	Syab.g_00016
OG0000364	Syal	Prbg.g_00859	Syal.g_00113
OG0000364	Syag	Prbg.g_00859	Syag.g_02288
OG0000364	Syak	Prbg.g_00859	Syak.g_01778
OG0000364	Syad	Prbg.g_00859	Syad.g_00178
OG0000364	Syaj	Prbg.g_00859	Syaj.g_02278
OG0000364	Syae	Prbg.g_00859	Syae.g_01728
OG0000364	Syaf	Prbg.g_00859	Syaf.g_00482
OG0000364	Syai	Prbg.g_00859	Syai.g_00016
OG0000364	Syam	Prbg.g_00859	Syam.g_00016
OG0000364	Syaa	Prbg.g_00859	Syaa.g_00016
OG0000364	Syac	Prbg.g_00859	Syac.g_00016
OG0000364	Syah	Prbg.g_00859	Syah.g_00357
OG0000364	Praj	Prbg.g_00859	Praj.g_00015
OG0000364	Prbb	Prbg.g_00859	Prbb.g_00016
OG0000364	Prbc	Prbg.g_00859	Prbc.g_01085
OG0000364	Prbm	Prbg.g_00859	Prbm.g_00015
OG0000364	Pral	Prbg.g_00859	Pral.g_01029
OG0000364	Prat	Prbg.g_00859	Prat.g_00016
OG0000364	Pram	Prbg.g_00859	Pram.g_00002
OG0000364	Prbh	Prbg.g_00859	Prbh.g_00765
OG0000364	Prak	Prbg.g_00859	Prak.g_00015
OG0000364	Prap	Prbg.g_00859	Prap.g_00940
OG0000364	Prbe	Prbg.g_00859	Prbe.g_00115
OG0000364	Prbf	Prbg.g_00859	Prbf.g_01337
OG0000364	Prbn	Prbg.g_00859	Prbn.g_00767
OG0000365	Prab	Prbg.g_00854	Prab.g_00020
OG0000365	Pran	Prbg.g_00854	Pran.g_00404
OG0000365	Prai	Prbg.g_00854	Prai.g_00020
OG0000365	Praa	Prbg.g_00854	Praa.g_00020
OG0000365	Prax	Prbg.g_00854	Prax.g_00293
OG0000365	Prbd	Prbg.g_00854	Prbd.g_01217
OG0000365	Prae	Prbg.g_00854	Prae.g_00020
OG0000365	Prbi	Prbg.g_00854	Prbi.g_00020
OG0000365	Pras	Prbg.g_00854	Pras.g_00862
OG0000365	Prau	Prbg.g_00854	Prau.g_00020
OG0000365	Prad	Prbg.g_00854	Prad.g_01966
OG0000365	Pray	Prbg.g_00854	Pray.g_01482
OG0000365	Praz	Prbg.g_00854	Praz.g_00385
OG0000365	Prba	Prbg.g_00854	Prba.g_01813
OG0000365	Prao	Prbg.g_00854	Prao.g_00167
OG0000365	Prac	Prbg.g_00854	Prac.g_01927
OG0000365	Praq	Prbg.g_00854	Praq.g_01223
OG0000365	Prar	Prbg.g_00854	Prar.g_00018
OG0000365	Prag	Prbg.g_00854	Prag.g_00020
OG0000365	Praw	Prbg.g_00854	Praw.g_01408
OG0000365	Prav	Prbg.g_00854	Prav.g_00088
OG0000365	Pral	Prbg.g_00854	Pral.g_01024
OG0000365	Prat	Prbg.g_00854	Prat.g_00021
OG0000365	Prbm	Prbg.g_00854	Prbm.g_00020
OG0000365	Praj	Prbg.g_00854	Praj.g_00020
OG0000365	Prbb	Prbg.g_00854	Prbb.g_00021
OG0000365	Prbc	Prbg.g_00854	Prbc.g_01090
OG0000365	Syab	Prbg.g_00854	Syab.g_00026
OG0000365	Syal	Prbg.g_00854	Syal.g_00122
OG0000365	Syag	Prbg.g_00854	Syag.g_02297
OG0000365	Syak	Prbg.g_00854	Syak.g_01769
OG0000365	Praf	Prbg.g_00854	Praf.g_00025
OG0000365	Prbj	Prbg.g_00854	Prbj.g_01192
OG0000365	Prbk	Prbg.g_00854	Prbk.g_01629
OG0000365	Prbl	Prbg.g_00854	Prbl.g_01965
OG0000365	Prah	Prbg.g_00854	Prah.g_00026
OG0000365	Syaq	Prbg.g_00854	Syaq.g_01125
OG0000365	Syad	Prbg.g_00854	Syad.g_00187
OG0000365	Syaj	Prbg.g_00854	Syaj.g_02287
OG0000365	Syae	Prbg.g_00854	Syae.g_01737
OG0000365	Syac	Prbg.g_00854	Syac.g_00023
OG0000365	Syah	Prbg.g_00854	Syah.g_00351
OG0000365	Syaa	Prbg.g_00854	Syaa.g_00027
OG0000365	Syam	Prbg.g_00854	Syam.g_00025
OG0000365	Syai	Prbg.g_00854	Syai.g_00027
OG0000365	Syaf	Prbg.g_00854	Syaf.g_00473
OG0000365	Syan	Prbg.g_00854	Syan.g_01755
OG0000365	Syao	Prbg.g_00854	Syao.g_02246
OG0000365	Syar	Prbg.g_00854	Syar.g_00493
OG0000365	Syap	Prbg.g_00854	Syap.g_00081
OG0000365	Syas	Prbg.g_00854	Syas.g_02058
OG0000365	Syat	Prbg.g_00854	Syat.g_02318
OG0000365	Pram	Prbg.g_00854	Pram.g_00007
OG0000365	Prbh	Prbg.g_00854	Prbh.g_00760
OG0000365	Prak	Prbg.g_00854	Prak.g_00020
OG0000365	Prap	Prbg.g_00854	Prap.g_00935
OG0000365	Prbe	Prbg.g_00854	Prbe.g_00120
OG0000365	Prbf	Prbg.g_00854	Prbf.g_01342
OG0000365	Prbn	Prbg.g_00854	Prbn.g_00762
OG0000366	Prab	Prbg.g_00853	Prab.g_00021
OG0000366	Pran	Prbg.g_00853	Pran.g_00403
OG0000366	Prai	Prbg.g_00853	Prai.g_00021
OG0000366	Praa	Prbg.g_00853	Praa.g_00021
OG0000366	Prax	Prbg.g_00853	Prax.g_00292
OG0000366	Prbd	Prbg.g_00853	Prbd.g_01216
OG0000366	Prae	Prbg.g_00853	Prae.g_00021
OG0000366	Prao	Prbg.g_00853	Prao.g_00168
OG0000366	Prad	Prbg.g_00853	Prad.g_01965
OG0000366	Pras	Prbg.g_00853	Pras.g_00863
OG0000366	Prau	Prbg.g_00853	Prau.g_00021
OG0000366	Pray	Prbg.g_00853	Pray.g_01483
OG0000366	Praz	Prbg.g_00853	Praz.g_00386
OG0000366	Prba	Prbg.g_00853	Prba.g_01814
OG0000366	Prbi	Prbg.g_00853	Prbi.g_00021
OG0000366	Prag	Prbg.g_00853	Prag.g_00021
OG0000366	Praw	Prbg.g_00853	Praw.g_01407
OG0000366	Prav	Prbg.g_00853	Prav.g_00089
OG0000366	Prac	Prbg.g_00853	Prac.g_01926
OG0000366	Praq	Prbg.g_00853	Praq.g_01224
OG0000366	Prar	Prbg.g_00853	Prar.g_00017
OG0000366	Prbm	Prbg.g_00853	Prbm.g_00021
OG0000366	Prbb	Prbg.g_00853	Prbb.g_00022
OG0000366	Praj	Prbg.g_00853	Praj.g_00021
OG0000366	Prbc	Prbg.g_00853	Prbc.g_01091
OG0000366	Prat	Prbg.g_00853	Prat.g_00022
OG0000366	Pral	Prbg.g_00853	Pral.g_01023
OG0000366	Prbj	Prbg.g_00853	Prbj.g_01193
OG0000366	Prbk	Prbg.g_00853	Prbk.g_01628
OG0000366	Prbl	Prbg.g_00853	Prbl.g_01966
OG0000366	Prah	Prbg.g_00853	Prah.g_00027
OG0000366	Praf	Prbg.g_00853	Praf.g_00026
OG0000366	Syac	Prbg.g_00853	Syac.g_00024
OG0000366	Syah	Prbg.g_00853	Syah.g_00350
OG0000366	Syaf	Prbg.g_00853	Syaf.g_00472
OG0000366	Syai	Prbg.g_00853	Syai.g_00028
OG0000366	Syam	Prbg.g_00853	Syam.g_00026
OG0000366	Syaa	Prbg.g_00853	Syaa.g_00028
OG0000366	Syae	Prbg.g_00853	Syae.g_01738
OG0000366	Syad	Prbg.g_00853	Syad.g_00188
OG0000366	Syaj	Prbg.g_00853	Syaj.g_02288
OG0000366	Syas	Prbg.g_00853	Syas.g_02059
OG0000366	Syap	Prbg.g_00853	Syap.g_00082
OG0000366	Syat	Prbg.g_00853	Syat.g_02317
OG0000366	Syar	Prbg.g_00853	Syar.g_00494
OG0000366	Syan	Prbg.g_00853	Syan.g_01754
OG0000366	Syao	Prbg.g_00853	Syao.g_02245
OG0000366	Syag	Prbg.g_00853	Syag.g_02298
OG0000366	Syaq	Prbg.g_00853	Syaq.g_01124
OG0000366	Syak	Prbg.g_00853	Syak.g_01768
OG0000366	Syab	Prbg.g_00853	Syab.g_00027
OG0000366	Syal	Prbg.g_00853	Syal.g_00123
OG0000366	Pram	Prbg.g_00853	Pram.g_00008
OG0000366	Prbh	Prbg.g_00853	Prbh.g_00759
OG0000366	Prak	Prbg.g_00853	Prak.g_00021
OG0000366	Prap	Prbg.g_00853	Prap.g_00934
OG0000366	Prbe	Prbg.g_00853	Prbe.g_00121
OG0000366	Prbf	Prbg.g_00853	Prbf.g_01343
OG0000366	Prbn	Prbg.g_00853	Prbn.g_00761
OG0000367	Prab	Prbg.g_00852	Prab.g_00022
OG0000367	Pran	Prbg.g_00852	Pran.g_00402
OG0000367	Prai	Prbg.g_00852	Prai.g_00022
OG0000367	Pray	Prbg.g_00852	Pray.g_01484
OG0000367	Praz	Prbg.g_00852	Praz.g_00387
OG0000367	Prba	Prbg.g_00852	Prba.g_01815
OG0000367	Prac	Prbg.g_00852	Prac.g_01925
OG0000367	Praq	Prbg.g_00852	Praq.g_01225
OG0000367	Prar	Prbg.g_00852	Prar.g_00016
OG0000367	Prbi	Prbg.g_00852	Prbi.g_00022
OG0000367	Prao	Prbg.g_00852	Prao.g_00169
OG0000367	Prax	Prbg.g_00852	Prax.g_00291
OG0000367	Prbd	Prbg.g_00852	Prbd.g_01215
OG0000367	Prae	Prbg.g_00852	Prae.g_00022
OG0000367	Praa	Prbg.g_00852	Praa.g_00022
OG0000367	Prad	Prbg.g_00852	Prad.g_01964
OG0000367	Pras	Prbg.g_00852	Pras.g_00864
OG0000367	Prau	Prbg.g_00852	Prau.g_00022
OG0000367	Prag	Prbg.g_00852	Prag.g_00022
OG0000367	Praw	Prbg.g_00852	Praw.g_01406
OG0000367	Prav	Prbg.g_00852	Prav.g_00090
OG0000367	Prbm	Prbg.g_00852	Prbm.g_00022
OG0000367	Praj	Prbg.g_00852	Praj.g_00022
OG0000367	Prbc	Prbg.g_00852	Prbc.g_01092
OG0000367	Prbb	Prbg.g_00852	Prbb.g_00023
OG0000367	Praf	Prbg.g_00852	Praf.g_00027
OG0000367	Prbj	Prbg.g_00852	Prbj.g_01194
OG0000367	Prbk	Prbg.g_00852	Prbk.g_01627
OG0000367	Prbl	Prbg.g_00852	Prbl.g_01967
OG0000367	Prah	Prbg.g_00852	Prah.g_00028
OG0000367	Syan	Prbg.g_00852	Syan.g_01753
OG0000367	Syao	Prbg.g_00852	Syao.g_02244
OG0000367	Syad	Prbg.g_00852	Syad.g_00189
OG0000367	Syaj	Prbg.g_00852	Syaj.g_02289
OG0000367	Syae	Prbg.g_00852	Syae.g_01739
OG0000367	Syaa	Prbg.g_00852	Syaa.g_00029
OG0000367	Syac	Prbg.g_00852	Syac.g_00025
OG0000367	Syah	Prbg.g_00852	Syah.g_00349
OG0000367	Syar	Prbg.g_00852	Syar.g_03262, Syar.g_00495
OG0000367	Syaf	Prbg.g_00852	Syaf.g_00471
OG0000367	Syai	Prbg.g_00852	Syai.g_00029
OG0000367	Syam	Prbg.g_00852	Syam.g_00027
OG0000367	Syap	Prbg.g_00852	Syap.g_00083
OG0000367	Syat	Prbg.g_00852	Syat.g_02316
OG0000367	Syak	Prbg.g_00852	Syak.g_01767
OG0000367	Syab	Prbg.g_00852	Syab.g_00028
OG0000367	Syal	Prbg.g_00852	Syal.g_00124
OG0000367	Syag	Prbg.g_00852	Syag.g_02299
OG0000367	Syaq	Prbg.g_00852	Syaq.g_01123
OG0000367	Pral	Prbg.g_00852	Pral.g_01022
OG0000367	Prat	Prbg.g_00852	Prat.g_00023
OG0000367	Pram	Prbg.g_00852	Pram.g_00009
OG0000367	Prbh	Prbg.g_00852	Prbh.g_00758
OG0000367	Prak	Prbg.g_00852	Prak.g_00022
OG0000367	Prap	Prbg.g_00852	Prap.g_00933
OG0000367	Prbe	Prbg.g_00852	Prbe.g_00122
OG0000367	Prbf	Prbg.g_00852	Prbf.g_01344
OG0000367	Prbn	Prbg.g_00852	Prbn.g_00760
OG0000368	Prab	Prbg.g_00850	Prab.g_00024
OG0000368	Pran	Prbg.g_00850	Pran.g_00400
OG0000368	Prai	Prbg.g_00850	Prai.g_00024
OG0000368	Prav	Prbg.g_00850	Prav.g_00092
OG0000368	Prao	Prbg.g_00850	Prao.g_00171
OG0000368	Pray	Prbg.g_00850	Pray.g_01486
OG0000368	Praz	Prbg.g_00850	Praz.g_00389
OG0000368	Prba	Prbg.g_00850	Prba.g_01817
OG0000368	Prac	Prbg.g_00850	Prac.g_01923
OG0000368	Praq	Prbg.g_00850	Praq.g_01227
OG0000368	Prar	Prbg.g_00850	Prar.g_00014
OG0000368	Prag	Prbg.g_00850	Prag.g_00024
OG0000368	Praw	Prbg.g_00850	Praw.g_01404
OG0000368	Praa	Prbg.g_00850	Praa.g_00024
OG0000368	Prad	Prbg.g_00850	Prad.g_01962
OG0000368	Prae	Prbg.g_00850	Prae.g_00024
OG0000368	Prbd	Prbg.g_00850	Prbd.g_01213
OG0000368	Prax	Prbg.g_00850	Prax.g_00289
OG0000368	Prbi	Prbg.g_00850	Prbi.g_00024
OG0000368	Pras	Prbg.g_00850	Pras.g_00866
OG0000368	Prau	Prbg.g_00850	Prau.g_00024
OG0000368	Prbm	Prbg.g_00850	Prbm.g_00024
OG0000368	Praj	Prbg.g_00850	Praj.g_00024
OG0000368	Prbb	Prbg.g_00850	Prbb.g_00025
OG0000368	Prbc	Prbg.g_00850	Prbc.g_01094
OG0000368	Praf	Prbg.g_00850	Praf.g_00029
OG0000368	Prah	Prbg.g_00850	Prah.g_00030
OG0000368	Prbj	Prbg.g_00850	Prbj.g_01196
OG0000368	Prbk	Prbg.g_00850	Prbk.g_01625
OG0000368	Prbl	Prbg.g_00850	Prbl.g_01969
OG0000368	Syag	Prbg.g_00850	Syag.g_02301
OG0000368	Syak	Prbg.g_00850	Syak.g_01765
OG0000368	Syaq	Prbg.g_00850	Syaq.g_01121
OG0000368	Syap	Prbg.g_00850	Syap.g_00085
OG0000368	Syas	Prbg.g_00850	Syas.g_02062
OG0000368	Syat	Prbg.g_00850	Syat.g_02314
OG0000368	Syao	Prbg.g_00850	Syao.g_02242
OG0000368	Syar	Prbg.g_00850	Syar.g_00497
OG0000368	Syan	Prbg.g_00850	Syan.g_01751
OG0000368	Syab	Prbg.g_00850	Syab.g_00030
OG0000368	Syal	Prbg.g_00850	Syal.g_00126
OG0000368	Syad	Prbg.g_00850	Syad.g_00191
OG0000368	Syaj	Prbg.g_00850	Syaj.g_02291
OG0000368	Syae	Prbg.g_00850	Syae.g_01741
OG0000368	Syaa	Prbg.g_00850	Syaa.g_00031
OG0000368	Syac	Prbg.g_00850	Syac.g_00027
OG0000368	Syah	Prbg.g_00850	Syah.g_00347
OG0000368	Syaf	Prbg.g_00850	Syaf.g_00469
OG0000368	Syai	Prbg.g_00850	Syai.g_00031
OG0000368	Syam	Prbg.g_00850	Syam.g_00029
OG0000368	Pral	Prbg.g_00850	Pral.g_01020
OG0000368	Prat	Prbg.g_00850	Prat.g_00025
OG0000368	Pram	Prbg.g_00850	Pram.g_00011
OG0000368	Prbh	Prbg.g_00850	Prbh.g_00756
OG0000368	Prak	Prbg.g_00850	Prak.g_00024
OG0000368	Prap	Prbg.g_00850	Prap.g_00931
OG0000368	Prbe	Prbg.g_00850	Prbe.g_00124
OG0000368	Prbf	Prbg.g_00850	Prbf.g_01346
OG0000368	Prbn	Prbg.g_00850	Prbn.g_00758
OG0000369	Prab	Prbg.g_00849	Prab.g_00025
OG0000369	Pran	Prbg.g_00849	Pran.g_00399
OG0000369	Prai	Prbg.g_00849	Prai.g_00025
OG0000369	Pray	Prbg.g_00849	Pray.g_01487
OG0000369	Praz	Prbg.g_00849	Praz.g_00390
OG0000369	Prba	Prbg.g_00849	Prba.g_01818
OG0000369	Prag	Prbg.g_00849	Prag.g_00025
OG0000369	Praw	Prbg.g_00849	Praw.g_01403
OG0000369	Prac	Prbg.g_00849	Prac.g_01922
OG0000369	Praq	Prbg.g_00849	Praq.g_01228
OG0000369	Prar	Prbg.g_00849	Prar.g_00013
OG0000369	Prav	Prbg.g_00849	Prav.g_00093
OG0000369	Pras	Prbg.g_00849	Pras.g_00867
OG0000369	Prau	Prbg.g_00849	Prau.g_00025
OG0000369	Praa	Prbg.g_00849	Praa.g_00025
OG0000369	Prad	Prbg.g_00849	Prad.g_01961
OG0000369	Prax	Prbg.g_00849	Prax.g_00288
OG0000369	Prbd	Prbg.g_00849	Prbd.g_01212
OG0000369	Prbi	Prbg.g_00849	Prbi.g_00025
OG0000369	Prae	Prbg.g_00849	Prae.g_00025
OG0000369	Prao	Prbg.g_00849	Prao.g_00172
OG0000369	Prbj	Prbg.g_00849	Prbj.g_01197
OG0000369	Prbk	Prbg.g_00849	Prbk.g_01624
OG0000369	Prbl	Prbg.g_00849	Prbl.g_01970
OG0000369	Praf	Prbg.g_00849	Praf.g_00030
OG0000369	Prah	Prbg.g_00849	Prah.g_00031
OG0000369	Syan	Prbg.g_00849	Syan.g_01750
OG0000369	Syao	Prbg.g_00849	Syao.g_02241
OG0000369	Syap	Prbg.g_00849	Syap.g_00086
OG0000369	Syar	Prbg.g_00849	Syar.g_00498
OG0000369	Syat	Prbg.g_00849	Syat.g_02313
OG0000369	Syas	Prbg.g_00849	Syas.g_02063
OG0000369	Syac	Prbg.g_00849	Syac.g_00028
OG0000369	Syah	Prbg.g_00849	Syah.g_00346
OG0000369	Syae	Prbg.g_00849	Syae.g_01742
OG0000369	Syad	Prbg.g_00849	Syad.g_00192
OG0000369	Syaj	Prbg.g_00849	Syaj.g_02292
OG0000369	Syaa	Prbg.g_00849	Syaa.g_00032
OG0000369	Syaf	Prbg.g_00849	Syaf.g_00468
OG0000369	Syai	Prbg.g_00849	Syai.g_00032
OG0000369	Syam	Prbg.g_00849	Syam.g_00030
OG0000369	Syak	Prbg.g_00849	Syak.g_01764
OG0000369	Syab	Prbg.g_00849	Syab.g_00031
OG0000369	Syal	Prbg.g_00849	Syal.g_00127
OG0000369	Syag	Prbg.g_00849	Syag.g_02302
OG0000369	Syaq	Prbg.g_00849	Syaq.g_01120
OG0000369	Prbc	Prbg.g_00849	Prbc.g_01095
OG0000369	Praj	Prbg.g_00849	Praj.g_00025
OG0000369	Prbm	Prbg.g_00849	Prbm.g_00025
OG0000369	Prbb	Prbg.g_00849	Prbb.g_00026
OG0000369	Pral	Prbg.g_00849	Pral.g_01019
OG0000369	Prat	Prbg.g_00849	Prat.g_00026
OG0000369	Pram	Prbg.g_00849	Pram.g_00012
OG0000369	Prbh	Prbg.g_00849	Prbh.g_00755
OG0000369	Prak	Prbg.g_00849	Prak.g_00025
OG0000369	Prap	Prbg.g_00849	Prap.g_00930
OG0000369	Prbe	Prbg.g_00849	Prbe.g_00125
OG0000369	Prbf	Prbg.g_00849	Prbf.g_01347
OG0000369	Prbn	Prbg.g_00849	Prbn.g_00757
OG0000370	Prab	Prbg.g_00848	Prab.g_00026
OG0000370	Pran	Prbg.g_00848	Pran.g_00398
OG0000370	Prai	Prbg.g_00848	Prai.g_00026
OG0000370	Prad	Prbg.g_00848	Prad.g_01960
OG0000370	Pras	Prbg.g_00848	Pras.g_00868
OG0000370	Prau	Prbg.g_00848	Prau.g_00026
OG0000370	Prav	Prbg.g_00848	Prav.g_00094
OG0000370	Pray	Prbg.g_00848	Pray.g_01488
OG0000370	Praz	Prbg.g_00848	Praz.g_00391
OG0000370	Prba	Prbg.g_00848	Prba.g_01819
OG0000370	Prax	Prbg.g_00848	Prax.g_00287
OG0000370	Prbi	Prbg.g_00848	Prbi.g_00026
OG0000370	Prbd	Prbg.g_00848	Prbd.g_01211
OG0000370	Praa	Prbg.g_00848	Praa.g_00026
OG0000370	Prae	Prbg.g_00848	Prae.g_00026
OG0000370	Prao	Prbg.g_00848	Prao.g_00173
OG0000370	Prag	Prbg.g_00848	Prag.g_00026
OG0000370	Praw	Prbg.g_00848	Praw.g_01402
OG0000370	Prac	Prbg.g_00848	Prac.g_01921
OG0000370	Praq	Prbg.g_00848	Praq.g_01229
OG0000370	Prar	Prbg.g_00848	Prar.g_00012
OG0000370	Pral	Prbg.g_00848	Pral.g_01018
OG0000370	Praf	Prbg.g_00848	Praf.g_00031
OG0000370	Prbj	Prbg.g_00848	Prbj.g_01198
OG0000370	Prbk	Prbg.g_00848	Prbk.g_01623
OG0000370	Prbl	Prbg.g_00848	Prbl.g_01971
OG0000370	Prah	Prbg.g_00848	Prah.g_00032
OG0000370	Syak	Prbg.g_00848	Syak.g_01763
OG0000370	Syad	Prbg.g_00848	Syad.g_00193
OG0000370	Syaj	Prbg.g_00848	Syaj.g_02293
OG0000370	Syac	Prbg.g_00848	Syac.g_00029
OG0000370	Syah	Prbg.g_00848	Syah.g_00345
OG0000370	Syaf	Prbg.g_00848	Syaf.g_00467
OG0000370	Syai	Prbg.g_00848	Syai.g_00033
OG0000370	Syam	Prbg.g_00848	Syam.g_00031
OG0000370	Syaa	Prbg.g_00848	Syaa.g_00033
OG0000370	Syae	Prbg.g_00848	Syae.g_01743
OG0000370	Syag	Prbg.g_00848	Syag.g_02303
OG0000370	Syap	Prbg.g_00848	Syap.g_00087
OG0000370	Syas	Prbg.g_00848	Syas.g_02064
OG0000370	Syan	Prbg.g_00848	Syan.g_01749
OG0000370	Syao	Prbg.g_00848	Syao.g_02240
OG0000370	Syar	Prbg.g_00848	Syar.g_00499
OG0000370	Syat	Prbg.g_00848	Syat.g_02312
OG0000370	Syaq	Prbg.g_00848	Syaq.g_01119
OG0000370	Syab	Prbg.g_00848	Syab.g_00032
OG0000370	Syal	Prbg.g_00848	Syal.g_00128
OG0000370	Pram	Prbg.g_00848	Pram.g_00013
OG0000370	Prbh	Prbg.g_00848	Prbh.g_00754
OG0000370	Praj	Prbg.g_00848	Praj.g_00026
OG0000370	Prbm	Prbg.g_00848	Prbm.g_00026
OG0000370	Prbb	Prbg.g_00848	Prbb.g_00027
OG0000370	Prbc	Prbg.g_00848	Prbc.g_01096
OG0000370	Prat	Prbg.g_00848	Prat.g_00027
OG0000370	Prak	Prbg.g_00848	Prak.g_00026
OG0000370	Prap	Prbg.g_00848	Prap.g_00929
OG0000370	Prbe	Prbg.g_00848	Prbe.g_00126
OG0000370	Prbf	Prbg.g_00848	Prbf.g_01348
OG0000370	Prbn	Prbg.g_00848	Prbn.g_00756
OG0000371	Prab	Prbg.g_00841	Prab.g_00032
OG0000371	Pran	Prbg.g_00841	Pran.g_00392
OG0000371	Prai	Prbg.g_00841	Prai.g_00032
OG0000371	Prao	Prbg.g_00841	Prao.g_00178
OG0000371	Prad	Prbg.g_00841	Prad.g_01954
OG0000371	Prax	Prbg.g_00841	Prax.g_00281
OG0000371	Prbd	Prbg.g_00841	Prbd.g_01205
OG0000371	Prbi	Prbg.g_00841	Prbi.g_00032
OG0000371	Praa	Prbg.g_00841	Praa.g_00032
OG0000371	Prae	Prbg.g_00841	Prae.g_00032
OG0000371	Pras	Prbg.g_00841	Pras.g_00874
OG0000371	Prau	Prbg.g_00841	Prau.g_00031
OG0000371	Prag	Prbg.g_00841	Prag.g_00032
OG0000371	Praw	Prbg.g_00841	Praw.g_01396
OG0000371	Prav	Prbg.g_00841	Prav.g_00100
OG0000371	Prac	Prbg.g_00841	Prac.g_01915
OG0000371	Praq	Prbg.g_00841	Praq.g_01235
OG0000371	Prar	Prbg.g_00841	Prar.g_00006
OG0000371	Pray	Prbg.g_00841	Pray.g_01494
OG0000371	Praz	Prbg.g_00841	Praz.g_00397
OG0000371	Prba	Prbg.g_00841	Prba.g_01825
OG0000371	Syak	Prbg.g_00841	Syak.g_01753
OG0000371	Syab	Prbg.g_00841	Syab.g_00711, Syab.g_00039
OG0000371	Syal	Prbg.g_00841	Syal.g_00135
OG0000371	Prah	Prbg.g_00841	Prah.g_00041
OG0000371	Praf	Prbg.g_00841	Praf.g_00040
OG0000371	Prbj	Prbg.g_00841	Prbj.g_01207
OG0000371	Prbk	Prbg.g_00841	Prbk.g_01614
OG0000371	Prbl	Prbg.g_00841	Prbl.g_01980
OG0000371	Syag	Prbg.g_00841	Syag.g_02312
OG0000371	Syaq	Prbg.g_00841	Syaq.g_01111
OG0000371	Syaa	Prbg.g_00841	Syaa.g_00041
OG0000371	Syac	Prbg.g_00841	Syac.g_00036
OG0000371	Syah	Prbg.g_00841	Syah.g_00338
OG0000371	Syae	Prbg.g_00841	Syae.g_01751
OG0000371	Syad	Prbg.g_00841	Syad.g_00201
OG0000371	Syaj	Prbg.g_00841	Syaj.g_02301
OG0000371	Syaf	Prbg.g_00841	Syaf.g_00458
OG0000371	Syam	Prbg.g_00841	Syam.g_00038
OG0000371	Syai	Prbg.g_00841	Syai.g_00041
OG0000371	Syar	Prbg.g_00841	Syar.g_00508
OG0000371	Syan	Prbg.g_00841	Syan.g_01740
OG0000371	Syat	Prbg.g_00841	Syat.g_02304
OG0000371	Syas	Prbg.g_00841	Syas.g_02073
OG0000371	Syao	Prbg.g_00841	Syao.g_02231
OG0000371	Prbm	Prbg.g_00841	Prbm.g_00032
OG0000371	Praj	Prbg.g_00841	Praj.g_00032
OG0000371	Prbb	Prbg.g_00841	Prbb.g_00033
OG0000371	Prbc	Prbg.g_00841	Prbc.g_01102
OG0000371	Pral	Prbg.g_00841	Pral.g_01011
OG0000371	Prat	Prbg.g_00841	Prat.g_00034
OG0000371	Pram	Prbg.g_00841	Pram.g_00019
OG0000371	Prbh	Prbg.g_00841	Prbh.g_00748
OG0000371	Prak	Prbg.g_00841	Prak.g_00033
OG0000371	Prap	Prbg.g_00841	Prap.g_00922
OG0000371	Prbe	Prbg.g_00841	Prbe.g_00133
OG0000371	Prbf	Prbg.g_00841	Prbf.g_01355
OG0000371	Prbn	Prbg.g_00841	Prbn.g_00749
OG0000372	Prab	Prbg.g_00838	Prab.g_00035
OG0000372	Pran	Prbg.g_00838	Pran.g_00389
OG0000372	Prai	Prbg.g_00838	Prai.g_00035
OG0000372	Prad	Prbg.g_00838	Prad.g_01951
OG0000372	Prav	Prbg.g_00838	Prav.g_00103
OG0000372	Prac	Prbg.g_00838	Prac.g_01911
OG0000372	Praq	Prbg.g_00838	Praq.g_01239
OG0000372	Prar	Prbg.g_00838	Prar.g_00002
OG0000372	Pras	Prbg.g_00838	Pras.g_00877
OG0000372	Prau	Prbg.g_00838	Prau.g_00034
OG0000372	Prag	Prbg.g_00838	Prag.g_00035
OG0000372	Praw	Prbg.g_00838	Praw.g_01393
OG0000372	Prae	Prbg.g_00838	Prae.g_00035
OG0000372	Prax	Prbg.g_00838	Prax.g_00278
OG0000372	Prbd	Prbg.g_00838	Prbd.g_01202
OG0000372	Praa	Prbg.g_00838	Praa.g_00035
OG0000372	Prbi	Prbg.g_00838	Prbi.g_00035
OG0000372	Pray	Prbg.g_00838	Pray.g_01497
OG0000372	Praz	Prbg.g_00838	Praz.g_00400
OG0000372	Prba	Prbg.g_00838	Prba.g_01828
OG0000372	Prao	Prbg.g_00838	Prao.g_00181
OG0000372	Prbm	Prbg.g_00838	Prbm.g_00033
OG0000372	Prbc	Prbg.g_00838	Prbc.g_01104
OG0000372	Praj	Prbg.g_00838	Praj.g_00034
OG0000372	Prbb	Prbg.g_00838	Prbb.g_00035
OG0000372	Prah	Prbg.g_00838	Prah.g_00046
OG0000372	Praf	Prbg.g_00838	Praf.g_00045
OG0000372	Prbj	Prbg.g_00838	Prbj.g_01212
OG0000372	Prbk	Prbg.g_00838	Prbk.g_01609
OG0000372	Prbl	Prbg.g_00838	Prbl.g_01985
OG0000372	Syap	Prbg.g_00838	Syap.g_01805
OG0000372	Syan	Prbg.g_00838	Syan.g_01734
OG0000372	Syao	Prbg.g_00838	Syao.g_02226
OG0000372	Syas	Prbg.g_00838	Syas.g_02078
OG0000372	Syar	Prbg.g_00838	Syar.g_00514
OG0000372	Syat	Prbg.g_00838	Syat.g_02298
OG0000372	Syag	Prbg.g_00838	Syag.g_02317
OG0000372	Syak	Prbg.g_00838	Syak.g_01748
OG0000372	Syab	Prbg.g_00838	Syab.g_00045
OG0000372	Syal	Prbg.g_00838	Syal.g_00141
OG0000372	Syaq	Prbg.g_00838	Syaq.g_01106
OG0000372	Syac	Prbg.g_00838	Syac.g_00041
OG0000372	Syah	Prbg.g_00838	Syah.g_00333
OG0000372	Syaf	Prbg.g_00838	Syaf.g_00453
OG0000372	Syai	Prbg.g_00838	Syai.g_00047
OG0000372	Syam	Prbg.g_00838	Syam.g_00043
OG0000372	Syaa	Prbg.g_00838	Syaa.g_00046
OG0000372	Syae	Prbg.g_00838	Syae.g_01756
OG0000372	Syad	Prbg.g_00838	Syad.g_00206
OG0000372	Syaj	Prbg.g_00838	Syaj.g_02307
OG0000372	Prat	Prbg.g_00838	Prat.g_00036
OG0000372	Pral	Prbg.g_00838	Pral.g_01009
OG0000372	Pram	Prbg.g_00838	Pram.g_00021
OG0000372	Prbh	Prbg.g_00838	Prbh.g_00746
OG0000372	Prak	Prbg.g_00838	Prak.g_00036
OG0000372	Prap	Prbg.g_00838	Prap.g_00919
OG0000372	Prbe	Prbg.g_00838	Prbe.g_00136
OG0000372	Prbf	Prbg.g_00838	Prbf.g_01358
OG0000372	Prbn	Prbg.g_00838	Prbn.g_00746
OG0000373	Prao	Prbg.g_00837	Prao.g_00182
OG0000373	Prag	Prbg.g_00837	Prag.g_00036
OG0000373	Praw	Prbg.g_00837	Praw.g_01392
OG0000373	Prav	Prbg.g_00837	Prav.g_00104
OG0000373	Prbi	Prbg.g_00837	Prbi.g_00036
OG0000373	Prad	Prbg.g_00837	Prad.g_01950
OG0000373	Pras	Prbg.g_00837	Pras.g_00878
OG0000373	Prau	Prbg.g_00837	Prau.g_00035
OG0000373	Prae	Prbg.g_00837	Prae.g_00036
OG0000373	Prax	Prbg.g_00837	Prax.g_00277
OG0000373	Prbd	Prbg.g_00837	Prbd.g_01201
OG0000373	Praa	Prbg.g_00837	Praa.g_00036
OG0000373	Pray	Prbg.g_00837	Pray.g_01498
OG0000373	Praz	Prbg.g_00837	Praz.g_00401
OG0000373	Prba	Prbg.g_00837	Prba.g_01829
OG0000373	Prac	Prbg.g_00837	Prac.g_01910
OG0000373	Praq	Prbg.g_00837	Praq.g_01240
OG0000373	Prar	Prbg.g_00837	Prar.g_00001
OG0000373	Prab	Prbg.g_00837	Prab.g_00036
OG0000373	Pran	Prbg.g_00837	Pran.g_00388
OG0000373	Prai	Prbg.g_00837	Prai.g_00036
OG0000373	Prbm	Prbg.g_00837	Prbm.g_00034
OG0000373	Prbc	Prbg.g_00837	Prbc.g_01105
OG0000373	Praj	Prbg.g_00837	Praj.g_00035
OG0000373	Prbb	Prbg.g_00837	Prbb.g_00036
OG0000373	Pral	Prbg.g_00837	Pral.g_01008
OG0000373	Prat	Prbg.g_00837	Prat.g_00037
OG0000373	Prbj	Prbg.g_00837	Prbj.g_01213
OG0000373	Prbk	Prbg.g_00837	Prbk.g_01608
OG0000373	Prbl	Prbg.g_00837	Prbl.g_01986
OG0000373	Praf	Prbg.g_00837	Praf.g_00046
OG0000373	Prah	Prbg.g_00837	Prah.g_00047
OG0000373	Syaq	Prbg.g_00837	Syaq.g_01105
OG0000373	Syak	Prbg.g_00837	Syak.g_01747
OG0000373	Syab	Prbg.g_00837	Syab.g_00046
OG0000373	Syal	Prbg.g_00837	Syal.g_00142
OG0000373	Syag	Prbg.g_00837	Syag.g_02318
OG0000373	Syac	Prbg.g_00837	Syac.g_00042
OG0000373	Syah	Prbg.g_00837	Syah.g_00332
OG0000373	Syaa	Prbg.g_00837	Syaa.g_00047
OG0000373	Syaf	Prbg.g_00837	Syaf.g_00452
OG0000373	Syam	Prbg.g_00837	Syam.g_00044
OG0000373	Syai	Prbg.g_00837	Syai.g_00048
OG0000373	Syae	Prbg.g_00837	Syae.g_01757
OG0000373	Syad	Prbg.g_00837	Syad.g_00207
OG0000373	Syaj	Prbg.g_00837	Syaj.g_02308
OG0000373	Syan	Prbg.g_00837	Syan.g_01733
OG0000373	Syao	Prbg.g_00837	Syao.g_02225
OG0000373	Syar	Prbg.g_00837	Syar.g_00515
OG0000373	Syap	Prbg.g_00837	Syap.g_01806
OG0000373	Syas	Prbg.g_00837	Syas.g_02079
OG0000373	Syat	Prbg.g_00837	Syat.g_02297
OG0000373	Pram	Prbg.g_00837	Pram.g_00022
OG0000373	Prbh	Prbg.g_00837	Prbh.g_00745
OG0000373	Prak	Prbg.g_00837	Prak.g_00037
OG0000373	Prap	Prbg.g_00837	Prap.g_00918
OG0000373	Prbe	Prbg.g_00837	Prbe.g_00137
OG0000373	Prbf	Prbg.g_00837	Prbf.g_01359
OG0000373	Prbn	Prbg.g_00837	Prbn.g_00745
OG0000374	Prab	Prbg.g_00836	Prab.g_00037
OG0000374	Pran	Prbg.g_00836	Pran.g_00387
OG0000374	Prai	Prbg.g_00836	Prai.g_00037
OG0000374	Prac	Prbg.g_00836	Prac.g_01909
OG0000374	Praq	Prbg.g_00836	Praq.g_01241
OG0000374	Prar	Prbg.g_00836	Prar.g_00594
OG0000374	Prag	Prbg.g_00836	Prag.g_00037
OG0000374	Praw	Prbg.g_00836	Praw.g_01391
OG0000374	Prav	Prbg.g_00836	Prav.g_00105
OG0000374	Prax	Prbg.g_00836	Prax.g_00276
OG0000374	Prbd	Prbg.g_00836	Prbd.g_01200
OG0000374	Praa	Prbg.g_00836	Praa.g_00037
OG0000374	Pray	Prbg.g_00836	Pray.g_01499
OG0000374	Praz	Prbg.g_00836	Praz.g_00402
OG0000374	Prba	Prbg.g_00836	Prba.g_01830
OG0000374	Pras	Prbg.g_00836	Pras.g_00879
OG0000374	Prau	Prbg.g_00836	Prau.g_00036
OG0000374	Prbi	Prbg.g_00836	Prbi.g_00037
OG0000374	Prad	Prbg.g_00836	Prad.g_01949
OG0000374	Prae	Prbg.g_00836	Prae.g_00037
OG0000374	Prao	Prbg.g_00836	Prao.g_00183
OG0000374	Prbc	Prbg.g_00836	Prbc.g_01106
OG0000374	Prbm	Prbg.g_00836	Prbm.g_00035
OG0000374	Praj	Prbg.g_00836	Praj.g_00036
OG0000374	Prbb	Prbg.g_00836	Prbb.g_00037
OG0000374	Praf	Prbg.g_00836	Praf.g_00047
OG0000374	Prah	Prbg.g_00836	Prah.g_00048
OG0000374	Prbj	Prbg.g_00836	Prbj.g_01214
OG0000374	Prbk	Prbg.g_00836	Prbk.g_01607
OG0000374	Prbl	Prbg.g_00836	Prbl.g_01987
OG0000374	Syar	Prbg.g_00836	Syar.g_00516
OG0000374	Syan	Prbg.g_00836	Syan.g_01732
OG0000374	Syao	Prbg.g_00836	Syao.g_02224
OG0000374	Syat	Prbg.g_00836	Syat.g_02296
OG0000374	Syap	Prbg.g_00836	Syap.g_01807
OG0000374	Syas	Prbg.g_00836	Syas.g_02080
OG0000374	Syab	Prbg.g_00836	Syab.g_00047
OG0000374	Syal	Prbg.g_00836	Syal.g_00143
OG0000374	Syak	Prbg.g_00836	Syak.g_01746
OG0000374	Syai	Prbg.g_00836	Syai.g_00049
OG0000374	Syaf	Prbg.g_00836	Syaf.g_00451
OG0000374	Syam	Prbg.g_00836	Syam.g_00045
OG0000374	Syac	Prbg.g_00836	Syac.g_00043
OG0000374	Syah	Prbg.g_00836	Syah.g_00331
OG0000374	Syaa	Prbg.g_00836	Syaa.g_00048
OG0000374	Syae	Prbg.g_00836	Syae.g_01758
OG0000374	Syad	Prbg.g_00836	Syad.g_00208
OG0000374	Syaj	Prbg.g_00836	Syaj.g_02309
OG0000374	Syag	Prbg.g_00836	Syag.g_02319
OG0000374	Syaq	Prbg.g_00836	Syaq.g_01104
OG0000374	Pral	Prbg.g_00836	Pral.g_01007
OG0000374	Prat	Prbg.g_00836	Prat.g_00038
OG0000374	Pram	Prbg.g_00836	Pram.g_00023
OG0000374	Prbh	Prbg.g_00836	Prbh.g_00744
OG0000374	Prak	Prbg.g_00836	Prak.g_00038
OG0000374	Prap	Prbg.g_00836	Prap.g_00917
OG0000374	Prbe	Prbg.g_00836	Prbe.g_00138
OG0000374	Prbf	Prbg.g_00836	Prbf.g_01360
OG0000374	Prbn	Prbg.g_00836	Prbn.g_00744
OG0000375	Prai	Prbg.g_00834	Prai.g_00047
OG0000375	Prab	Prbg.g_00834	Prab.g_00039
OG0000375	Pran	Prbg.g_00834	Pran.g_00385
OG0000375	Prag	Prbg.g_00834	Prag.g_00040
OG0000375	Praw	Prbg.g_00834	Praw.g_01388
OG0000375	Prav	Prbg.g_00834	Prav.g_00111
OG0000375	Pray	Prbg.g_00834	Pray.g_00243
OG0000375	Praz	Prbg.g_00834	Praz.g_00406
OG0000375	Prba	Prbg.g_00834	Prba.g_01834
OG0000375	Prac	Prbg.g_00834	Prac.g_01892
OG0000375	Praq	Prbg.g_00834	Praq.g_01255
OG0000375	Prar	Prbg.g_00834	Prar.g_00580
OG0000375	Prao	Prbg.g_00834	Prao.g_00186
OG0000375	Praa	Prbg.g_00834	Praa.g_00040
OG0000375	Prae	Prbg.g_00834	Prae.g_00042
OG0000375	Prax	Prbg.g_00834	Prax.g_00273
OG0000375	Prad	Prbg.g_00834	Prad.g_01947
OG0000375	Prbd	Prbg.g_00834	Prbd.g_01198
OG0000375	Prbi	Prbg.g_00834	Prbi.g_00049
OG0000375	Pras	Prbg.g_00834	Pras.g_00893
OG0000375	Prau	Prbg.g_00834	Prau.g_00047
OG0000375	Prbc	Prbg.g_00834	Prbc.g_01118
OG0000375	Prbm	Prbg.g_00834	Prbm.g_00049
OG0000375	Praj	Prbg.g_00834	Praj.g_00044
OG0000375	Prbb	Prbg.g_00834	Prbb.g_00055
OG0000375	Prah	Prbg.g_00834	Prah.g_00049
OG0000375	Praf	Prbg.g_00834	Praf.g_00050
OG0000375	Prbj	Prbg.g_00834	Prbj.g_01215
OG0000375	Prbk	Prbg.g_00834	Prbk.g_01606
OG0000375	Prbl	Prbg.g_00834	Prbl.g_01988
OG0000375	Syag	Prbg.g_00834	Syag.g_02326
OG0000375	Syaq	Prbg.g_00834	Syaq.g_01103
OG0000375	Syab	Prbg.g_00834	Syab.g_00050
OG0000375	Syal	Prbg.g_00834	Syal.g_00144
OG0000375	Syak	Prbg.g_00834	Syak.g_01744
OG0000375	Syaa	Prbg.g_00834	Syaa.g_00049
OG0000375	Syac	Prbg.g_00834	Syac.g_00046
OG0000375	Syah	Prbg.g_00834	Syah.g_00329
OG0000375	Syam	Prbg.g_00834	Syam.g_00046
OG0000375	Syaf	Prbg.g_00834	Syaf.g_00449
OG0000375	Syai	Prbg.g_00834	Syai.g_00053
OG0000375	Syad	Prbg.g_00834	Syad.g_00209
OG0000375	Syaj	Prbg.g_00834	Syaj.g_02310
OG0000375	Syae	Prbg.g_00834	Syae.g_01759
OG0000375	Syan	Prbg.g_00834	Syan.g_01731
OG0000375	Syao	Prbg.g_00834	Syao.g_02223
OG0000375	Syar	Prbg.g_00834	Syar.g_00517
OG0000375	Syat	Prbg.g_00834	Syat.g_02295
OG0000375	Syap	Prbg.g_00834	Syap.g_01808
OG0000375	Syas	Prbg.g_00834	Syas.g_02081
OG0000375	Pral	Prbg.g_00834	Pral.g_01005
OG0000375	Prat	Prbg.g_00834	Prat.g_00042
OG0000375	Pram	Prbg.g_00834	Pram.g_00024
OG0000375	Prbh	Prbg.g_00834	Prbh.g_00743
OG0000375	Prak	Prbg.g_00834	Prak.g_00040
OG0000375	Prap	Prbg.g_00834	Prap.g_00915
OG0000375	Prbe	Prbg.g_00834	Prbe.g_00140
OG0000375	Prbf	Prbg.g_00834	Prbf.g_01362
OG0000375	Prbn	Prbg.g_00834	Prbn.g_00742
OG0000376	Prab	Prbg.g_00832	Prab.g_00041
OG0000376	Pran	Prbg.g_00832	Pran.g_00383
OG0000376	Prai	Prbg.g_00832	Prai.g_00049
OG0000376	Prac	Prbg.g_00832	Prac.g_01890
OG0000376	Praq	Prbg.g_00832	Praq.g_01257
OG0000376	Prar	Prbg.g_00832	Prar.g_00578
OG0000376	Prao	Prbg.g_00832	Prao.g_00188
OG0000376	Prag	Prbg.g_00832	Prag.g_00042
OG0000376	Praw	Prbg.g_00832	Praw.g_01386
OG0000376	Prav	Prbg.g_00832	Prav.g_00113
OG0000376	Pray	Prbg.g_00832	Pray.g_00241
OG0000376	Praz	Prbg.g_00832	Praz.g_00408
OG0000376	Prba	Prbg.g_00832	Prba.g_01836
OG0000376	Praa	Prbg.g_00832	Praa.g_00042
OG0000376	Prae	Prbg.g_00832	Prae.g_00044
OG0000376	Prax	Prbg.g_00832	Prax.g_00271
OG0000376	Prbd	Prbg.g_00832	Prbd.g_01196
OG0000376	Prad	Prbg.g_00832	Prad.g_01945
OG0000376	Prbi	Prbg.g_00832	Prbi.g_00051
OG0000376	Pras	Prbg.g_00832	Pras.g_00895
OG0000376	Prau	Prbg.g_00832	Prau.g_00049
OG0000376	Prbc	Prbg.g_00832	Prbc.g_01120
OG0000376	Prbm	Prbg.g_00832	Prbm.g_00051
OG0000376	Prbb	Prbg.g_00832	Prbb.g_00057
OG0000376	Praj	Prbg.g_00832	Praj.g_00046
OG0000376	Prbj	Prbg.g_00832	Prbj.g_01217
OG0000376	Prbk	Prbg.g_00832	Prbk.g_01604
OG0000376	Prbl	Prbg.g_00832	Prbl.g_01990
OG0000376	Praf	Prbg.g_00832	Praf.g_00052
OG0000376	Prah	Prbg.g_00832	Prah.g_00051
OG0000376	Syab	Prbg.g_00832	Syab.g_00052
OG0000376	Syal	Prbg.g_00832	Syal.g_00146
OG0000376	Syak	Prbg.g_00832	Syak.g_01742
OG0000376	Syag	Prbg.g_00832	Syag.g_02328
OG0000376	Syaq	Prbg.g_00832	Syaq.g_01101
OG0000376	Syad	Prbg.g_00832	Syad.g_00211
OG0000376	Syaj	Prbg.g_00832	Syaj.g_02312
OG0000376	Syaa	Prbg.g_00832	Syaa.g_00051
OG0000376	Syae	Prbg.g_00832	Syae.g_01761
OG0000376	Syac	Prbg.g_00832	Syac.g_00048
OG0000376	Syah	Prbg.g_00832	Syah.g_00327
OG0000376	Syaf	Prbg.g_00832	Syaf.g_00447
OG0000376	Syai	Prbg.g_00832	Syai.g_00055
OG0000376	Syam	Prbg.g_00832	Syam.g_00048
OG0000376	Syan	Prbg.g_00832	Syan.g_01729
OG0000376	Syao	Prbg.g_00832	Syao.g_02221
OG0000376	Syas	Prbg.g_00832	Syas.g_02083
OG0000376	Syap	Prbg.g_00832	Syap.g_01811
OG0000376	Syat	Prbg.g_00832	Syat.g_02293
OG0000376	Syar	Prbg.g_00832	Syar.g_00519
OG0000376	Pral	Prbg.g_00832	Pral.g_01003
OG0000376	Prat	Prbg.g_00832	Prat.g_00044
OG0000376	Pram	Prbg.g_00832	Pram.g_00026
OG0000376	Prbh	Prbg.g_00832	Prbh.g_00741
OG0000376	Prak	Prbg.g_00832	Prak.g_00042
OG0000376	Prap	Prbg.g_00832	Prap.g_00913
OG0000376	Prbe	Prbg.g_00832	Prbe.g_00142
OG0000376	Prbf	Prbg.g_00832	Prbf.g_01364
OG0000376	Prbn	Prbg.g_00832	Prbn.g_00740
OG0000377	Prab	Prbg.g_00828	Prab.g_00044
OG0000377	Pran	Prbg.g_00828	Pran.g_00380
OG0000377	Prai	Prbg.g_00828	Prai.g_00052
OG0000377	Prad	Prbg.g_00828	Prad.g_01941
OG0000377	Pras	Prbg.g_00828	Pras.g_00898
OG0000377	Prau	Prbg.g_00828	Prau.g_00053
OG0000377	Prae	Prbg.g_00828	Prae.g_00047
OG0000377	Prag	Prbg.g_00828	Prag.g_00045
OG0000377	Praw	Prbg.g_00828	Praw.g_01383
OG0000377	Prao	Prbg.g_00828	Prao.g_00191
OG0000377	Prav	Prbg.g_00828	Prav.g_00116
OG0000377	Prbi	Prbg.g_00828	Prbi.g_00056
OG0000377	Prax	Prbg.g_00828	Prax.g_00261
OG0000377	Praa	Prbg.g_00828	Praa.g_00045
OG0000377	Prbd	Prbg.g_00828	Prbd.g_01192
OG0000377	Pray	Prbg.g_00828	Pray.g_00238
OG0000377	Praz	Prbg.g_00828	Praz.g_00411
OG0000377	Prba	Prbg.g_00828	Prba.g_01839
OG0000377	Prac	Prbg.g_00828	Prac.g_01886
OG0000377	Praq	Prbg.g_00828	Praq.g_01261
OG0000377	Prar	Prbg.g_00828	Prar.g_00574
OG0000377	Prbb	Prbg.g_00828	Prbb.g_00060
OG0000377	Prbm	Prbg.g_00828	Prbm.g_00054
OG0000377	Prbc	Prbg.g_00828	Prbc.g_01123
OG0000377	Praj	Prbg.g_00828	Praj.g_00049
OG0000377	Prah	Prbg.g_00828	Prah.g_02485
OG0000377	Praf	Prbg.g_00828	Praf.g_02618
OG0000377	Prbj	Prbg.g_00828	Prbj.g_01950
OG0000377	Prbk	Prbg.g_00828	Prbk.g_02155
OG0000377	Prbl	Prbg.g_00828	Prbl.g_02244
OG0000377	Syas	Prbg.g_00828	Syas.g_01879
OG0000377	Syap	Prbg.g_00828	Syap.g_00128
OG0000377	Syat	Prbg.g_00828	Syat.g_02695
OG0000377	Syar	Prbg.g_00828	Syar.g_00322
OG0000377	Syan	Prbg.g_00828	Syan.g_01555
OG0000377	Syao	Prbg.g_00828	Syao.g_02429
OG0000377	Syaq	Prbg.g_00828	Syaq.g_01270
OG0000377	Syak	Prbg.g_00828	Syak.g_01948
OG0000377	Syab	Prbg.g_00828	Syab.g_02748
OG0000377	Syal	Prbg.g_00828	Syal.g_01061
OG0000377	Syag	Prbg.g_00828	Syag.g_02119
OG0000377	Syac	Prbg.g_00828	Syac.g_02346
OG0000377	Syah	Prbg.g_00828	Syah.g_00517
OG0000377	Syaa	Prbg.g_00828	Syaa.g_02585
OG0000377	Syaf	Prbg.g_00828	Syaf.g_00654
OG0000377	Syai	Prbg.g_00828	Syai.g_02769
OG0000377	Syam	Prbg.g_00828	Syam.g_02306
OG0000377	Syae	Prbg.g_00828	Syae.g_01561
OG0000377	Syad	Prbg.g_00828	Syad.g_03027
OG0000377	Syaj	Prbg.g_00828	Syaj.g_02105
OG0000377	Pral	Prbg.g_00828	Pral.g_00999
OG0000377	Prat	Prbg.g_00828	Prat.g_00048
OG0000377	Pram	Prbg.g_00828	Pram.g_00030
OG0000377	Prbh	Prbg.g_00828	Prbh.g_00737
OG0000377	Prak	Prbg.g_00828	Prak.g_00046
OG0000377	Prap	Prbg.g_00828	Prap.g_00909
OG0000377	Prbe	Prbg.g_00828	Prbe.g_00146
OG0000377	Prbf	Prbg.g_00828	Prbf.g_01368
OG0000377	Prbn	Prbg.g_00828	Prbn.g_00736
OG0000378	Prab	Prbg.g_00824	Prab.g_00046
OG0000378	Pran	Prbg.g_00824	Pran.g_00378
OG0000378	Prac	Prbg.g_00824	Prac.g_01884
OG0000378	Praq	Prbg.g_00824	Praq.g_01263
OG0000378	Prar	Prbg.g_00824	Prar.g_00572
OG0000378	Pras	Prbg.g_00824	Pras.g_00900
OG0000378	Prau	Prbg.g_00824	Prau.g_00055
OG0000378	Prad	Prbg.g_00824	Prad.g_01939
OG0000378	Prav	Prbg.g_00824	Prav.g_00118
OG0000378	Pray	Prbg.g_00824	Pray.g_00236
OG0000378	Praz	Prbg.g_00824	Praz.g_00413
OG0000378	Prba	Prbg.g_00824	Prba.g_01841
OG0000378	Prao	Prbg.g_00824	Prao.g_00193
OG0000378	Prbd	Prbg.g_00824	Prbd.g_01190
OG0000378	Prae	Prbg.g_00824	Prae.g_00049
OG0000378	Prbi	Prbg.g_00824	Prbi.g_00058
OG0000378	Prag	Prbg.g_00824	Prag.g_00047
OG0000378	Praw	Prbg.g_00824	Praw.g_01381
OG0000378	Praa	Prbg.g_00824	Praa.g_00047
OG0000378	Prax	Prbg.g_00824	Prax.g_00622
OG0000378	Prai	Prbg.g_00824	Prai.g_00054
OG0000378	Praj	Prbg.g_00824	Praj.g_00051
OG0000378	Prbm	Prbg.g_00824	Prbm.g_00056
OG0000378	Prbb	Prbg.g_00824	Prbb.g_00062
OG0000378	Prbc	Prbg.g_00824	Prbc.g_01125
OG0000378	Praf	Prbg.g_00824	Praf.g_02605
OG0000378	Prah	Prbg.g_00824	Prah.g_02471
OG0000378	Prbj	Prbg.g_00824	Prbj.g_01936
OG0000378	Prbk	Prbg.g_00824	Prbk.g_02141
OG0000378	Prbl	Prbg.g_00824	Prbl.g_02258
OG0000378	Syan	Prbg.g_00824	Syan.g_01543
OG0000378	Syao	Prbg.g_00824	Syao.g_02414
OG0000378	Syar	Prbg.g_00824	Syar.g_00905
OG0000378	Syap	Prbg.g_00824	Syap.g_01326
OG0000378	Syat	Prbg.g_00824	Syat.g_02715
OG0000378	Syas	Prbg.g_00824	Syas.g_01867
OG0000378	Syak	Prbg.g_00824	Syak.g_01968
OG0000378	Syad	Prbg.g_00824	Syad.g_03012
OG0000378	Syaj	Prbg.g_00824	Syaj.g_02091
OG0000378	Syac	Prbg.g_00824	Syac.g_02338
OG0000378	Syah	Prbg.g_00824	Syah.g_00526
OG0000378	Syae	Prbg.g_00824	Syae.g_01553
OG0000378	Syaa	Prbg.g_00824	Syaa.g_02577
OG0000378	Syaf	Prbg.g_00824	Syaf.g_00668
OG0000378	Syai	Prbg.g_00824	Syai.g_02751
OG0000378	Syam	Prbg.g_00824	Syam.g_02297
OG0000378	Syag	Prbg.g_00824	Syag.g_02099
OG0000378	Syaq	Prbg.g_00824	Syaq.g_01286
OG0000378	Syab	Prbg.g_00824	Syab.g_02717
OG0000378	Syal	Prbg.g_00824	Syal.g_01027
OG0000378	Pral	Prbg.g_00824	Pral.g_00995
OG0000378	Prat	Prbg.g_00824	Prat.g_00052
OG0000378	Pram	Prbg.g_00824	Pram.g_00034
OG0000378	Prbh	Prbg.g_00824	Prbh.g_00733
OG0000378	Prak	Prbg.g_00824	Prak.g_00050
OG0000378	Prap	Prbg.g_00824	Prap.g_00905
OG0000378	Prbe	Prbg.g_00824	Prbe.g_00150
OG0000378	Prbf	Prbg.g_00824	Prbf.g_01372
OG0000378	Prbn	Prbg.g_00824	Prbn.g_00732
OG0000379	Prab	Prbg.g_00821	Prab.g_00049
OG0000379	Pran	Prbg.g_00821	Pran.g_00375
OG0000379	Prai	Prbg.g_00821	Prai.g_00057
OG0000379	Prac	Prbg.g_00821	Prac.g_01881
OG0000379	Praq	Prbg.g_00821	Praq.g_01266
OG0000379	Prar	Prbg.g_00821	Prar.g_00569
OG0000379	Pras	Prbg.g_00821	Pras.g_00903
OG0000379	Prau	Prbg.g_00821	Prau.g_00058
OG0000379	Prad	Prbg.g_00821	Prad.g_01936
OG0000379	Pray	Prbg.g_00821	Pray.g_00233
OG0000379	Praz	Prbg.g_00821	Praz.g_00416
OG0000379	Prba	Prbg.g_00821	Prba.g_01844
OG0000379	Prbi	Prbg.g_00821	Prbi.g_00061
OG0000379	Praa	Prbg.g_00821	Praa.g_00050
OG0000379	Prao	Prbg.g_00821	Prao.g_00196
OG0000379	Prax	Prbg.g_00821	Prax.g_00625
OG0000379	Prbd	Prbg.g_00821	Prbd.g_01187
OG0000379	Prae	Prbg.g_00821	Prae.g_00052
OG0000379	Prav	Prbg.g_00821	Prav.g_00121
OG0000379	Prag	Prbg.g_00821	Prag.g_00050
OG0000379	Praw	Prbg.g_00821	Praw.g_01378
OG0000379	Pral	Prbg.g_00821	Pral.g_00992
OG0000379	Prat	Prbg.g_00821	Prat.g_00055
OG0000379	Prbm	Prbg.g_00821	Prbm.g_00059
OG0000379	Prbc	Prbg.g_00821	Prbc.g_01128
OG0000379	Praj	Prbg.g_00821	Praj.g_00054
OG0000379	Prbb	Prbg.g_00821	Prbb.g_00065
OG0000379	Prah	Prbg.g_00821	Prah.g_02457
OG0000379	Praf	Prbg.g_00821	Praf.g_02601
OG0000379	Prbj	Prbg.g_00821	Prbj.g_01920
OG0000379	Prbk	Prbg.g_00821	Prbk.g_02125
OG0000379	Prbl	Prbg.g_00821	Prbl.g_02274
OG0000379	Syas	Prbg.g_00821	Syas.g_01859
OG0000379	Syar	Prbg.g_00821	Syar.g_00910
OG0000379	Syat	Prbg.g_00821	Syat.g_02720
OG0000379	Syal	Prbg.g_00821	Syal.g_02681, Syal.g_01024
OG0000379	Syan	Prbg.g_00821	Syan.g_01539
OG0000379	Syao	Prbg.g_00821	Syao.g_02409
OG0000379	Syaq	Prbg.g_00821	Syaq.g_01291
OG0000379	Syag	Prbg.g_00821	Syag.g_02091
OG0000379	Syab	Prbg.g_00821	Syab.g_02714
OG0000379	Syak	Prbg.g_00821	Syak.g_01972
OG0000379	Syad	Prbg.g_00821	Syad.g_03005
OG0000379	Syaj	Prbg.g_00821	Syaj.g_02086
OG0000379	Syaa	Prbg.g_00821	Syaa.g_02574
OG0000379	Syae	Prbg.g_00821	Syae.g_01550
OG0000379	Syai	Prbg.g_00821	Syai.g_02733
OG0000379	Syam	Prbg.g_00821	Syam.g_02294
OG0000379	Syaf	Prbg.g_00821	Syaf.g_00686
OG0000379	Syac	Prbg.g_00821	Syac.g_02335
OG0000379	Syah	Prbg.g_00821	Syah.g_00529
OG0000379	Pram	Prbg.g_00821	Pram.g_00037
OG0000379	Prbh	Prbg.g_00821	Prbh.g_00730
OG0000379	Prak	Prbg.g_00821	Prak.g_00053
OG0000379	Prap	Prbg.g_00821	Prap.g_00902
OG0000379	Prbe	Prbg.g_00821	Prbe.g_00153
OG0000379	Prbf	Prbg.g_00821	Prbf.g_01375
OG0000379	Prbn	Prbg.g_00821	Prbn.g_00729
OG0000380	Prab	Prbg.g_00804	Prab.g_00058
OG0000380	Pran	Prbg.g_00804	Pran.g_00366
OG0000380	Prai	Prbg.g_00804	Prai.g_00066
OG0000380	Prac	Prbg.g_00804	Prac.g_01865
OG0000380	Praq	Prbg.g_00804	Praq.g_01937
OG0000380	Prar	Prbg.g_00804	Prar.g_00552
OG0000380	Prag	Prbg.g_00804	Prag.g_00060
OG0000380	Praw	Prbg.g_00804	Praw.g_01368
OG0000380	Prav	Prbg.g_00804	Prav.g_00131
OG0000380	Prae	Prbg.g_00804	Prae.g_00066
OG0000380	Pras	Prbg.g_00804	Pras.g_00918
OG0000380	Prau	Prbg.g_00804	Prau.g_00068
OG0000380	Prad	Prbg.g_00804	Prad.g_01927
OG0000380	Praa	Prbg.g_00804	Praa.g_00066
OG0000380	Prax	Prbg.g_00804	Prax.g_00637
OG0000380	Prbi	Prbg.g_00804	Prbi.g_00073
OG0000380	Prao	Prbg.g_00804	Prao.g_00205
OG0000380	Pray	Prbg.g_00804	Pray.g_00223
OG0000380	Praz	Prbg.g_00804	Praz.g_00426
OG0000380	Prba	Prbg.g_00804	Prba.g_01854
OG0000380	Prbd	Prbg.g_00804	Prbd.g_01178
OG0000380	Prbj	Prbg.g_00804	Prbj.g_00561
OG0000380	Prbk	Prbg.g_00804	Prbk.g_01323
OG0000380	Prbl	Prbg.g_00804	Prbl.g_00612
OG0000380	Praf	Prbg.g_00804	Praf.g_00325
OG0000380	Prah	Prbg.g_00804	Prah.g_01834
OG0000380	Syad	Prbg.g_00804	Syad.g_02725
OG0000380	Syaj	Prbg.g_00804	Syaj.g_01815
OG0000380	Syac	Prbg.g_00804	Syac.g_00452
OG0000380	Syah	Prbg.g_00804	Syah.g_02481
OG0000380	Syaf	Prbg.g_00804	Syaf.g_00965
OG0000380	Syai	Prbg.g_00804	Syai.g_02472
OG0000380	Syam	Prbg.g_00804	Syam.g_02060
OG0000380	Syaa	Prbg.g_00804	Syaa.g_00357
OG0000380	Syae	Prbg.g_00804	Syae.g_01281
OG0000380	Syak	Prbg.g_00804	Syak.g_02256
OG0000380	Syab	Prbg.g_00804	Syab.g_02432
OG0000380	Syal	Prbg.g_00804	Syal.g_00749
OG0000380	Syag	Prbg.g_00804	Syag.g_01817
OG0000380	Syaq	Prbg.g_00804	Syaq.g_01560
OG0000380	Syar	Prbg.g_00804	Syar.g_03039
OG0000380	Syat	Prbg.g_00804	Syat.g_01468
OG0000380	Syan	Prbg.g_00804	Syan.g_02905
OG0000380	Syao	Prbg.g_00804	Syao.g_02616
OG0000380	Syas	Prbg.g_00804	Syas.g_02523
OG0000380	Syap	Prbg.g_00804	Syap.g_01687
OG0000380	Prbb	Prbg.g_00804	Prbb.g_00121
OG0000380	Praj	Prbg.g_00804	Praj.g_00104
OG0000380	Prbc	Prbg.g_00804	Prbc.g_00507
OG0000380	Prbm	Prbg.g_00804	Prbm.g_00123
OG0000380	Pral	Prbg.g_00804	Pral.g_00982
OG0000380	Prat	Prbg.g_00804	Prat.g_00062
OG0000380	Pram	Prbg.g_00804	Pram.g_00050
OG0000380	Prbh	Prbg.g_00804	Prbh.g_00717
OG0000380	Prak	Prbg.g_00804	Prak.g_00070
OG0000380	Prap	Prbg.g_00804	Prap.g_00885
OG0000380	Prbe	Prbg.g_00804	Prbe.g_00170
OG0000380	Prbf	Prbg.g_00804	Prbf.g_01392
OG0000380	Prbn	Prbg.g_00804	Prbn.g_00712
OG0000381	Prab	Prbg.g_00799	Prab.g_00062
OG0000381	Pran	Prbg.g_00799	Pran.g_00362
OG0000381	Prai	Prbg.g_00799	Prai.g_00070
OG0000381	Prac	Prbg.g_00799	Prac.g_01861
OG0000381	Praq	Prbg.g_00799	Praq.g_01933
OG0000381	Prar	Prbg.g_00799	Prar.g_00548
OG0000381	Prag	Prbg.g_00799	Prag.g_00064
OG0000381	Praw	Prbg.g_00799	Praw.g_01364
OG0000381	Prav	Prbg.g_00799	Prav.g_00135
OG0000381	Prad	Prbg.g_00799	Prad.g_01923
OG0000381	Prax	Prbg.g_00799	Prax.g_00641
OG0000381	Pras	Prbg.g_00799	Pras.g_00922
OG0000381	Prau	Prbg.g_00799	Prau.g_00072
OG0000381	Pray	Prbg.g_00799	Pray.g_00219
OG0000381	Praz	Prbg.g_00799	Praz.g_00430
OG0000381	Prba	Prbg.g_00799	Prba.g_01858
OG0000381	Prbi	Prbg.g_00799	Prbi.g_00077
OG0000381	Prbd	Prbg.g_00799	Prbd.g_01174
OG0000381	Praa	Prbg.g_00799	Praa.g_00070
OG0000381	Prao	Prbg.g_00799	Prao.g_00209
OG0000381	Prae	Prbg.g_00799	Prae.g_00070
OG0000381	Prbm	Prbg.g_00799	Prbm.g_00127
OG0000381	Praj	Prbg.g_00799	Praj.g_00108
OG0000381	Prbc	Prbg.g_00799	Prbc.g_00503
OG0000381	Prbb	Prbg.g_00799	Prbb.g_00125
OG0000381	Syad	Prbg.g_00799	Syad.g_02729
OG0000381	Syaj	Prbg.g_00799	Syaj.g_01819
OG0000381	Syaa	Prbg.g_00799	Syaa.g_00353
OG0000381	Syac	Prbg.g_00799	Syac.g_00449
OG0000381	Syah	Prbg.g_00799	Syah.g_02484
OG0000381	Syaf	Prbg.g_00799	Syaf.g_00962
OG0000381	Syai	Prbg.g_00799	Syai.g_02475
OG0000381	Syam	Prbg.g_00799	Syam.g_02063
OG0000381	Syae	Prbg.g_00799	Syae.g_01285
OG0000381	Syak	Prbg.g_00799	Syak.g_02254
OG0000381	Syab	Prbg.g_00799	Syab.g_02435
OG0000381	Syal	Prbg.g_00799	Syal.g_00752
OG0000381	Syan	Prbg.g_00799	Syan.g_02908
OG0000381	Syao	Prbg.g_00799	Syao.g_02618
OG0000381	Syas	Prbg.g_00799	Syas.g_02521
OG0000381	Syat	Prbg.g_00799	Syat.g_01470
OG0000381	Syar	Prbg.g_00799	Syar.g_03041
OG0000381	Syap	Prbg.g_00799	Syap.g_01690
OG0000381	Prah	Prbg.g_00799	Prah.g_01839
OG0000381	Praf	Prbg.g_00799	Praf.g_00320
OG0000381	Prbj	Prbg.g_00799	Prbj.g_00565
OG0000381	Prbk	Prbg.g_00799	Prbk.g_01319
OG0000381	Prbl	Prbg.g_00799	Prbl.g_00607
OG0000381	Syag	Prbg.g_00799	Syag.g_01820
OG0000381	Syaq	Prbg.g_00799	Syaq.g_01558
OG0000381	Pral	Prbg.g_00799	Pral.g_00977
OG0000381	Prat	Prbg.g_00799	Prat.g_00067
OG0000381	Pram	Prbg.g_00799	Pram.g_00055
OG0000381	Prbh	Prbg.g_00799	Prbh.g_00712
OG0000381	Prak	Prbg.g_00799	Prak.g_00075
OG0000381	Prap	Prbg.g_00799	Prap.g_00880
OG0000381	Prbe	Prbg.g_00799	Prbe.g_00175
OG0000381	Prbf	Prbg.g_00799	Prbf.g_01397
OG0000381	Prbn	Prbg.g_00799	Prbn.g_00707
OG0000382	Prai	Prbg.g_00789	Prai.g_00081
OG0000382	Prac	Prbg.g_00789	Prac.g_01850
OG0000382	Praq	Prbg.g_00789	Praq.g_01922
OG0000382	Prar	Prbg.g_00789	Prar.g_00247
OG0000382	Pras	Prbg.g_00789	Pras.g_00932
OG0000382	Prad	Prbg.g_00789	Prad.g_01912
OG0000382	Prau	Prbg.g_00789	Prau.g_00082
OG0000382	Prab	Prbg.g_00789	Prab.g_00073
OG0000382	Pran	Prbg.g_00789	Pran.g_00351
OG0000382	Pray	Prbg.g_00789	Pray.g_00208
OG0000382	Praz	Prbg.g_00789	Praz.g_00441
OG0000382	Prba	Prbg.g_00789	Prba.g_01869
OG0000382	Prao	Prbg.g_00789	Prao.g_00220
OG0000382	Prax	Prbg.g_00789	Prax.g_00652
OG0000382	Prae	Prbg.g_00789	Prae.g_00081
OG0000382	Praa	Prbg.g_00789	Praa.g_00081
OG0000382	Prbd	Prbg.g_00789	Prbd.g_01163
OG0000382	Prbi	Prbg.g_00789	Prbi.g_00088
OG0000382	Prav	Prbg.g_00789	Prav.g_00146
OG0000382	Prag	Prbg.g_00789	Prag.g_00075
OG0000382	Praw	Prbg.g_00789	Praw.g_01353
OG0000382	Prbc	Prbg.g_00789	Prbc.g_00492
OG0000382	Prbm	Prbg.g_00789	Prbm.g_00138
OG0000382	Praj	Prbg.g_00789	Praj.g_00119
OG0000382	Prbb	Prbg.g_00789	Prbb.g_00136
OG0000382	Syan	Prbg.g_00789	Syan.g_02925
OG0000382	Syao	Prbg.g_00789	Syao.g_02636
OG0000382	Syat	Prbg.g_00789	Syat.g_01488
OG0000382	Syas	Prbg.g_00789	Syas.g_02503
OG0000382	Syap	Prbg.g_00789	Syap.g_02548
OG0000382	Syar	Prbg.g_00789	Syar.g_03057
OG0000382	Syaf	Prbg.g_00789	Syaf.g_00945
OG0000382	Syae	Prbg.g_00789	Syae.g_01322
OG0000382	Syac	Prbg.g_00789	Syac.g_00434
OG0000382	Syah	Prbg.g_00789	Syah.g_02500
OG0000382	Syad	Prbg.g_00789	Syad.g_02758
OG0000382	Syaj	Prbg.g_00789	Syaj.g_01836
OG0000382	Syaa	Prbg.g_00789	Syaa.g_00335
OG0000382	Syam	Prbg.g_00789	Syam.g_02080
OG0000382	Syai	Prbg.g_00789	Syai.g_02493
OG0000382	Praf	Prbg.g_00789	Praf.g_00304
OG0000382	Prah	Prbg.g_00789	Prah.g_01859
OG0000382	Prbj	Prbg.g_00789	Prbj.g_00580
OG0000382	Prbk	Prbg.g_00789	Prbk.g_01304
OG0000382	Prbl	Prbg.g_00789	Prbl.g_00592
OG0000382	Syaq	Prbg.g_00789	Syaq.g_01540
OG0000382	Syag	Prbg.g_00789	Syag.g_01838
OG0000382	Syak	Prbg.g_00789	Syak.g_02236
OG0000382	Syab	Prbg.g_00789	Syab.g_02453
OG0000382	Syal	Prbg.g_00789	Syal.g_00770
OG0000382	Pral	Prbg.g_00789	Pral.g_00966
OG0000382	Prat	Prbg.g_00789	Prat.g_00079
OG0000382	Pram	Prbg.g_00789	Pram.g_00065
OG0000382	Prbh	Prbg.g_00789	Prbh.g_00702
OG0000382	Prak	Prbg.g_00789	Prak.g_00085
OG0000382	Prap	Prbg.g_00789	Prap.g_01097
OG0000382	Prbe	Prbg.g_00789	Prbe.g_00185
OG0000382	Prbf	Prbg.g_00789	Prbf.g_01407
OG0000382	Prbn	Prbg.g_00789	Prbn.g_01340
OG0000383	Prab	Prbg.g_00787	Prab.g_00075
OG0000383	Pran	Prbg.g_00787	Pran.g_00349
OG0000383	Prai	Prbg.g_00787	Prai.g_00083
OG0000383	Prbd	Prbg.g_00787	Prbd.g_01161
OG0000383	Pray	Prbg.g_00787	Pray.g_00206
OG0000383	Praz	Prbg.g_00787	Praz.g_00443
OG0000383	Prba	Prbg.g_00787	Prba.g_01871
OG0000383	Prao	Prbg.g_00787	Prao.g_00222
OG0000383	Prbi	Prbg.g_00787	Prbi.g_00090
OG0000383	Prax	Prbg.g_00787	Prax.g_00654
OG0000383	Praa	Prbg.g_00787	Praa.g_00083
OG0000383	Prad	Prbg.g_00787	Prad.g_01910
OG0000383	Pras	Prbg.g_00787	Pras.g_00934
OG0000383	Prau	Prbg.g_00787	Prau.g_00084
OG0000383	Prag	Prbg.g_00787	Prag.g_00077
OG0000383	Praw	Prbg.g_00787	Praw.g_01351
OG0000383	Prac	Prbg.g_00787	Prac.g_01848
OG0000383	Prar	Prbg.g_00787	Prar.g_00245
OG0000383	Praq	Prbg.g_00787	Praq.g_01920
OG0000383	Prae	Prbg.g_00787	Prae.g_00083
OG0000383	Prav	Prbg.g_00787	Prav.g_00148
OG0000383	Prbm	Prbg.g_00787	Prbm.g_00140
OG0000383	Prbc	Prbg.g_00787	Prbc.g_00490
OG0000383	Praj	Prbg.g_00787	Praj.g_00121
OG0000383	Prbb	Prbg.g_00787	Prbb.g_00138
OG0000383	Syad	Prbg.g_00787	Syad.g_02761
OG0000383	Syaj	Prbg.g_00787	Syaj.g_01839
OG0000383	Syac	Prbg.g_00787	Syac.g_00432
OG0000383	Syah	Prbg.g_00787	Syah.g_02502
OG0000383	Syam	Prbg.g_00787	Syam.g_02083
OG0000383	Syaf	Prbg.g_00787	Syaf.g_00941
OG0000383	Syai	Prbg.g_00787	Syai.g_02498
OG0000383	Syaa	Prbg.g_00787	Syaa.g_00333
OG0000383	Syae	Prbg.g_00787	Syae.g_01324
OG0000383	Syaq	Prbg.g_00787	Syaq.g_01535
OG0000383	Syag	Prbg.g_00787	Syag.g_01843
OG0000383	Syak	Prbg.g_00787	Syak.g_02229
OG0000383	Syab	Prbg.g_00787	Syab.g_02459
OG0000383	Syal	Prbg.g_00787	Syal.g_00775
OG0000383	Prbj	Prbg.g_00787	Prbj.g_00582
OG0000383	Prbk	Prbg.g_00787	Prbk.g_01302
OG0000383	Prbl	Prbg.g_00787	Prbl.g_00590
OG0000383	Praf	Prbg.g_00787	Praf.g_00302
OG0000383	Prah	Prbg.g_00787	Prah.g_01861
OG0000383	Syas	Prbg.g_00787	Syas.g_02480
OG0000383	Syat	Prbg.g_00787	Syat.g_01521
OG0000383	Syap	Prbg.g_00787	Syap.g_02359
OG0000383	Syar	Prbg.g_00787	Syar.g_03074
OG0000383	Syan	Prbg.g_00787	Syan.g_02936
OG0000383	Syao	Prbg.g_00787	Syao.g_02643
OG0000383	Pral	Prbg.g_00787	Pral.g_00964
OG0000383	Prat	Prbg.g_00787	Prat.g_00081
OG0000383	Pram	Prbg.g_00787	Pram.g_00067
OG0000383	Prbh	Prbg.g_00787	Prbh.g_00700
OG0000383	Prak	Prbg.g_00787	Prak.g_00087
OG0000383	Prap	Prbg.g_00787	Prap.g_01095
OG0000383	Prbe	Prbg.g_00787	Prbe.g_00187
OG0000383	Prbf	Prbg.g_00787	Prbf.g_01409
OG0000383	Prbn	Prbg.g_00787	Prbn.g_01338
OG0000384	Prab	Prbg.g_00786	Prab.g_00076
OG0000384	Pran	Prbg.g_00786	Pran.g_00348
OG0000384	Prai	Prbg.g_00786	Prai.g_00084
OG0000384	Prac	Prbg.g_00786	Prac.g_01847
OG0000384	Praq	Prbg.g_00786	Praq.g_01919
OG0000384	Prar	Prbg.g_00786	Prar.g_00244
OG0000384	Prad	Prbg.g_00786	Prad.g_01909
OG0000384	Prav	Prbg.g_00786	Prav.g_00149
OG0000384	Praa	Prbg.g_00786	Praa.g_00084
OG0000384	Prbi	Prbg.g_00786	Prbi.g_00091
OG0000384	Pras	Prbg.g_00786	Pras.g_00935
OG0000384	Prau	Prbg.g_00786	Prau.g_00085
OG0000384	Prae	Prbg.g_00786	Prae.g_00084
OG0000384	Prax	Prbg.g_00786	Prax.g_00655
OG0000384	Prbd	Prbg.g_00786	Prbd.g_01160
OG0000384	Prao	Prbg.g_00786	Prao.g_00223
OG0000384	Pray	Prbg.g_00786	Pray.g_00205
OG0000384	Praz	Prbg.g_00786	Praz.g_00444
OG0000384	Prba	Prbg.g_00786	Prba.g_01872
OG0000384	Prag	Prbg.g_00786	Prag.g_00078
OG0000384	Praw	Prbg.g_00786	Praw.g_01350
OG0000384	Prbm	Prbg.g_00786	Prbm.g_00141
OG0000384	Prbc	Prbg.g_00786	Prbc.g_00489
OG0000384	Praj	Prbg.g_00786	Praj.g_00122
OG0000384	Prbb	Prbg.g_00786	Prbb.g_00139
OG0000384	Syab	Prbg.g_00786	Syab.g_02460
OG0000384	Syal	Prbg.g_00786	Syal.g_00776
OG0000384	Syag	Prbg.g_00786	Syag.g_01844
OG0000384	Prbj	Prbg.g_00786	Prbj.g_00583
OG0000384	Prbk	Prbg.g_00786	Prbk.g_01301
OG0000384	Prbl	Prbg.g_00786	Prbl.g_00589
OG0000384	Praf	Prbg.g_00786	Praf.g_00301
OG0000384	Prah	Prbg.g_00786	Prah.g_01862
OG0000384	Syar	Prbg.g_00786	Syar.g_03075
OG0000384	Syan	Prbg.g_00786	Syan.g_02937
OG0000384	Syao	Prbg.g_00786	Syao.g_02644
OG0000384	Syat	Prbg.g_00786	Syat.g_01522
OG0000384	Syap	Prbg.g_00786	Syap.g_02360
OG0000384	Syas	Prbg.g_00786	Syas.g_02479
OG0000384	Syak	Prbg.g_00786	Syak.g_02228
OG0000384	Syaq	Prbg.g_00786	Syaq.g_01534
OG0000384	Syac	Prbg.g_00786	Syac.g_00431
OG0000384	Syah	Prbg.g_00786	Syah.g_02503
OG0000384	Syaa	Prbg.g_00786	Syaa.g_00332
OG0000384	Syam	Prbg.g_00786	Syam.g_02084
OG0000384	Syaf	Prbg.g_00786	Syaf.g_00940
OG0000384	Syai	Prbg.g_00786	Syai.g_02499
OG0000384	Syae	Prbg.g_00786	Syae.g_01325
OG0000384	Syad	Prbg.g_00786	Syad.g_02762
OG0000384	Syaj	Prbg.g_00786	Syaj.g_01840
OG0000384	Pral	Prbg.g_00786	Pral.g_00963
OG0000384	Prat	Prbg.g_00786	Prat.g_00082
OG0000384	Pram	Prbg.g_00786	Pram.g_00068
OG0000384	Prbh	Prbg.g_00786	Prbh.g_00699
OG0000384	Prak	Prbg.g_00786	Prak.g_00088
OG0000384	Prap	Prbg.g_00786	Prap.g_01094
OG0000384	Prbe	Prbg.g_00786	Prbe.g_00188
OG0000384	Prbf	Prbg.g_00786	Prbf.g_01410
OG0000384	Prbn	Prbg.g_00786	Prbn.g_01337
OG0000385	Prab	Prbg.g_00785	Prab.g_00077
OG0000385	Pran	Prbg.g_00785	Pran.g_00347
OG0000385	Prai	Prbg.g_00785	Prai.g_00085
OG0000385	Pras	Prbg.g_00785	Pras.g_00936
OG0000385	Prau	Prbg.g_00785	Prau.g_00086
OG0000385	Prav	Prbg.g_00785	Prav.g_00150
OG0000385	Praa	Prbg.g_00785	Praa.g_00085
OG0000385	Prbi	Prbg.g_00785	Prbi.g_00092
OG0000385	Prbd	Prbg.g_00785	Prbd.g_01159
OG0000385	Prax	Prbg.g_00785	Prax.g_00656
OG0000385	Prao	Prbg.g_00785	Prao.g_00224
OG0000385	Prae	Prbg.g_00785	Prae.g_00085
OG0000385	Pray	Prbg.g_00785	Pray.g_00204
OG0000385	Praz	Prbg.g_00785	Praz.g_00445
OG0000385	Prba	Prbg.g_00785	Prba.g_01873
OG0000385	Prag	Prbg.g_00785	Prag.g_00079
OG0000385	Praw	Prbg.g_00785	Praw.g_01349
OG0000385	Prac	Prbg.g_00785	Prac.g_01846
OG0000385	Praq	Prbg.g_00785	Praq.g_01918
OG0000385	Prar	Prbg.g_00785	Prar.g_00243
OG0000385	Prad	Prbg.g_00785	Prad.g_01908
OG0000385	Prbm	Prbg.g_00785	Prbm.g_00142
OG0000385	Prbc	Prbg.g_00785	Prbc.g_00488
OG0000385	Praj	Prbg.g_00785	Praj.g_00123
OG0000385	Prbb	Prbg.g_00785	Prbb.g_00140
OG0000385	Prah	Prbg.g_00785	Prah.g_01863
OG0000385	Praf	Prbg.g_00785	Praf.g_00300
OG0000385	Prbj	Prbg.g_00785	Prbj.g_00584
OG0000385	Prbk	Prbg.g_00785	Prbk.g_01300
OG0000385	Prbl	Prbg.g_00785	Prbl.g_00588
OG0000385	Syap	Prbg.g_00785	Syap.g_02361
OG0000385	Syas	Prbg.g_00785	Syas.g_02478
OG0000385	Syan	Prbg.g_00785	Syan.g_02938
OG0000385	Syao	Prbg.g_00785	Syao.g_02645
OG0000385	Syar	Prbg.g_00785	Syar.g_03076
OG0000385	Syat	Prbg.g_00785	Syat.g_01523
OG0000385	Syab	Prbg.g_00785	Syab.g_02461
OG0000385	Syal	Prbg.g_00785	Syal.g_00777
OG0000385	Syag	Prbg.g_00785	Syag.g_01845
OG0000385	Syak	Prbg.g_00785	Syak.g_02227
OG0000385	Syaa	Prbg.g_00785	Syaa.g_00331
OG0000385	Syac	Prbg.g_00785	Syac.g_00430
OG0000385	Syah	Prbg.g_00785	Syah.g_02504
OG0000385	Syae	Prbg.g_00785	Syae.g_01326
OG0000385	Syaq	Prbg.g_00785	Syaq.g_01533
OG0000385	Syam	Prbg.g_00785	Syam.g_02085
OG0000385	Syaf	Prbg.g_00785	Syaf.g_00939
OG0000385	Syai	Prbg.g_00785	Syai.g_02500
OG0000385	Syad	Prbg.g_00785	Syad.g_02763
OG0000385	Syaj	Prbg.g_00785	Syaj.g_01841
OG0000385	Pral	Prbg.g_00785	Pral.g_00962
OG0000385	Prat	Prbg.g_00785	Prat.g_00083
OG0000385	Pram	Prbg.g_00785	Pram.g_00069
OG0000385	Prbh	Prbg.g_00785	Prbh.g_00698
OG0000385	Prak	Prbg.g_00785	Prak.g_00089
OG0000385	Prap	Prbg.g_00785	Prap.g_01093
OG0000385	Prbe	Prbg.g_00785	Prbe.g_00189
OG0000385	Prbf	Prbg.g_00785	Prbf.g_01411
OG0000385	Prbn	Prbg.g_00785	Prbn.g_01336
OG0000386	Prad	Prbg.g_00784	Prad.g_01907
OG0000386	Prao	Prbg.g_00784	Prao.g_00225
OG0000386	Prax	Prbg.g_00784	Prax.g_00657
OG0000386	Prbi	Prbg.g_00784	Prbi.g_00093
OG0000386	Praa	Prbg.g_00784	Praa.g_00086
OG0000386	Pray	Prbg.g_00784	Pray.g_00203
OG0000386	Praz	Prbg.g_00784	Praz.g_00446
OG0000386	Prba	Prbg.g_00784	Prba.g_01874
OG0000386	Prae	Prbg.g_00784	Prae.g_00086
OG0000386	Prbd	Prbg.g_00784	Prbd.g_01158
OG0000386	Prav	Prbg.g_00784	Prav.g_00151
OG0000386	Pras	Prbg.g_00784	Pras.g_00937
OG0000386	Prau	Prbg.g_00784	Prau.g_00087
OG0000386	Prac	Prbg.g_00784	Prac.g_01845
OG0000386	Praq	Prbg.g_00784	Praq.g_01917
OG0000386	Prar	Prbg.g_00784	Prar.g_00242
OG0000386	Prag	Prbg.g_00784	Prag.g_00080
OG0000386	Praw	Prbg.g_00784	Praw.g_01348
OG0000386	Prab	Prbg.g_00784	Prab.g_00078
OG0000386	Pran	Prbg.g_00784	Pran.g_00346
OG0000386	Prai	Prbg.g_00784	Prai.g_00086
OG0000386	Prbj	Prbg.g_00784	Prbj.g_00585
OG0000386	Prbk	Prbg.g_00784	Prbk.g_01299
OG0000386	Prbl	Prbg.g_00784	Prbl.g_00587
OG0000386	Praf	Prbg.g_00784	Praf.g_00299
OG0000386	Prah	Prbg.g_00784	Prah.g_01864
OG0000386	Syap	Prbg.g_00784	Syap.g_02362
OG0000386	Syas	Prbg.g_00784	Syas.g_02477
OG0000386	Syan	Prbg.g_00784	Syan.g_02939
OG0000386	Syao	Prbg.g_00784	Syao.g_02646
OG0000386	Syar	Prbg.g_00784	Syar.g_03077
OG0000386	Syat	Prbg.g_00784	Syat.g_01524
OG0000386	Syab	Prbg.g_00784	Syab.g_02462
OG0000386	Syal	Prbg.g_00784	Syal.g_00778
OG0000386	Syag	Prbg.g_00784	Syag.g_01846
OG0000386	Syaa	Prbg.g_00784	Syaa.g_00330
OG0000386	Syae	Prbg.g_00784	Syae.g_01327
OG0000386	Syak	Prbg.g_00784	Syak.g_02226
OG0000386	Syac	Prbg.g_00784	Syac.g_00429
OG0000386	Syah	Prbg.g_00784	Syah.g_02505
OG0000386	Syad	Prbg.g_00784	Syad.g_02764
OG0000386	Syaj	Prbg.g_00784	Syaj.g_01842
OG0000386	Syaq	Prbg.g_00784	Syaq.g_01532
OG0000386	Syai	Prbg.g_00784	Syai.g_02501
OG0000386	Syaf	Prbg.g_00784	Syaf.g_00938
OG0000386	Syam	Prbg.g_00784	Syam.g_02086
OG0000386	Prbm	Prbg.g_00784	Prbm.g_00143
OG0000386	Prbc	Prbg.g_00784	Prbc.g_00487
OG0000386	Praj	Prbg.g_00784	Praj.g_00124
OG0000386	Prbb	Prbg.g_00784	Prbb.g_00141
OG0000386	Pral	Prbg.g_00784	Pral.g_00961
OG0000386	Prat	Prbg.g_00784	Prat.g_00084
OG0000386	Pram	Prbg.g_00784	Pram.g_00070
OG0000386	Prbh	Prbg.g_00784	Prbh.g_00697
OG0000386	Prak	Prbg.g_00784	Prak.g_00090
OG0000386	Prap	Prbg.g_00784	Prap.g_01092
OG0000386	Prbe	Prbg.g_00784	Prbe.g_00190
OG0000386	Prbf	Prbg.g_00784	Prbf.g_01412
OG0000386	Prbn	Prbg.g_00784	Prbn.g_01335
OG0000387	Prab	Prbg.g_00870	Prab.g_00090
OG0000387	Pran	Prbg.g_00870	Pran.g_00334
OG0000387	Prai	Prbg.g_00870	Prai.g_00099
OG0000387	Prag	Prbg.g_00870	Prag.g_00092
OG0000387	Praw	Prbg.g_00870	Praw.g_01336
OG0000387	Praa	Prbg.g_00870	Praa.g_00099
OG0000387	Prae	Prbg.g_00870	Prae.g_00099
OG0000387	Prax	Prbg.g_00870	Prax.g_01119
OG0000387	Prbi	Prbg.g_00870	Prbi.g_00106
OG0000387	Prac	Prbg.g_00870	Prac.g_01832
OG0000387	Praq	Prbg.g_00870	Praq.g_01904
OG0000387	Prar	Prbg.g_00870	Prar.g_00229
OG0000387	Prbd	Prbg.g_00870	Prbd.g_01145
OG0000387	Pray	Prbg.g_00870	Pray.g_00190
OG0000387	Praz	Prbg.g_00870	Praz.g_00459
OG0000387	Prba	Prbg.g_00870	Prba.g_01887
OG0000387	Prav	Prbg.g_00870	Prav.g_00164
OG0000387	Prad	Prbg.g_00870	Prad.g_01894
OG0000387	Pras	Prbg.g_00870	Pras.g_00950
OG0000387	Prau	Prbg.g_00870	Prau.g_00100
OG0000387	Prao	Prbg.g_00870	Prao.g_00238
OG0000387	Prbj	Prbg.g_00870	Prbj.g_00611
OG0000387	Prbk	Prbg.g_00870	Prbk.g_00020
OG0000387	Prbl	Prbg.g_00870	Prbl.g_00561
OG0000387	Praf	Prbg.g_00870	Praf.g_00253
OG0000387	Prah	Prbg.g_00870	Prah.g_01888
OG0000387	Syag	Prbg.g_00870	Syag.g_01876
OG0000387	Syaq	Prbg.g_00870	Syaq.g_01495
OG0000387	Syak	Prbg.g_00870	Syak.g_02200
OG0000387	Syab	Prbg.g_00870	Syab.g_02491
OG0000387	Syal	Prbg.g_00870	Syal.g_00811
OG0000387	Syat	Prbg.g_00870	Syat.g_01561
OG0000387	Syar	Prbg.g_00870	Syar.g_03109
OG0000387	Syap	Prbg.g_00870	Syap.g_01864
OG0000387	Syas	Prbg.g_00870	Syas.g_00134
OG0000387	Syan	Prbg.g_00870	Syan.g_00967
OG0000387	Syao	Prbg.g_00870	Syao.g_01019
OG0000387	Syad	Prbg.g_00870	Syad.g_02792
OG0000387	Syaj	Prbg.g_00870	Syaj.g_01878
OG0000387	Syaa	Prbg.g_00870	Syaa.g_02371
OG0000387	Syae	Prbg.g_00870	Syae.g_01354
OG0000387	Syac	Prbg.g_00870	Syac.g_00404
OG0000387	Syah	Prbg.g_00870	Syah.g_02530
OG0000387	Syaf	Prbg.g_00870	Syaf.g_00912
OG0000387	Syai	Prbg.g_00870	Syai.g_02534
OG0000387	Syam	Prbg.g_00870	Syam.g_02112
OG0000387	Praj	Prbg.g_00870	Praj.g_00137
OG0000387	Prbb	Prbg.g_00870	Prbb.g_00154
OG0000387	Prbc	Prbg.g_00870	Prbc.g_00474
OG0000387	Prbm	Prbg.g_00870	Prbm.g_00156
OG0000387	Pral	Prbg.g_00870	Pral.g_00948
OG0000387	Prat	Prbg.g_00870	Prat.g_00096
OG0000387	Pram	Prbg.g_00870	Pram.g_00083
OG0000387	Prbh	Prbg.g_00870	Prbh.g_00684
OG0000387	Prak	Prbg.g_00870	Prak.g_00104
OG0000387	Prap	Prbg.g_00870	Prap.g_01078
OG0000387	Prbe	Prbg.g_00870	Prbe.g_01640
OG0000387	Prbf	Prbg.g_00870	Prbf.g_01426
OG0000387	Prbn	Prbg.g_00870	Prbn.g_01321
OG0000388	Prab	Prbg.g_00874	Prab.g_00093
OG0000388	Pran	Prbg.g_00874	Pran.g_00331
OG0000388	Prai	Prbg.g_00874	Prai.g_00102
OG0000388	Prao	Prbg.g_00874	Prao.g_00241
OG0000388	Prac	Prbg.g_00874	Prac.g_01829
OG0000388	Praq	Prbg.g_00874	Praq.g_01901
OG0000388	Prar	Prbg.g_00874	Prar.g_00226
OG0000388	Prae	Prbg.g_00874	Prae.g_00102
OG0000388	Prav	Prbg.g_00874	Prav.g_00167
OG0000388	Prag	Prbg.g_00874	Prag.g_00095
OG0000388	Praw	Prbg.g_00874	Praw.g_01333
OG0000388	Pray	Prbg.g_00874	Pray.g_00187
OG0000388	Praz	Prbg.g_00874	Praz.g_00462
OG0000388	Prba	Prbg.g_00874	Prba.g_01890
OG0000388	Prbi	Prbg.g_00874	Prbi.g_00109
OG0000388	Pras	Prbg.g_00874	Pras.g_00953
OG0000388	Prau	Prbg.g_00874	Prau.g_00103
OG0000388	Prad	Prbg.g_00874	Prad.g_01891
OG0000388	Praa	Prbg.g_00874	Praa.g_00102
OG0000388	Prax	Prbg.g_00874	Prax.g_01116
OG0000388	Prbd	Prbg.g_00874	Prbd.g_01142
OG0000388	Prbb	Prbg.g_00874	Prbb.g_00158
OG0000388	Praj	Prbg.g_00874	Praj.g_00141
OG0000388	Prbc	Prbg.g_00874	Prbc.g_00470
OG0000388	Prbm	Prbg.g_00874	Prbm.g_00160
OG0000388	Pral	Prbg.g_00874	Pral.g_00944
OG0000388	Prat	Prbg.g_00874	Prat.g_00100
OG0000388	Syag	Prbg.g_00874	Syag.g_01880
OG0000388	Syak	Prbg.g_00874	Syak.g_02196
OG0000388	Syab	Prbg.g_00874	Syab.g_02495
OG0000388	Syal	Prbg.g_00874	Syal.g_00815
OG0000388	Syaq	Prbg.g_00874	Syaq.g_01491
OG0000388	Syae	Prbg.g_00874	Syae.g_01358
OG0000388	Syaa	Prbg.g_00874	Syaa.g_02375
OG0000388	Syac	Prbg.g_00874	Syac.g_00401
OG0000388	Syah	Prbg.g_00874	Syah.g_02533
OG0000388	Syar	Prbg.g_00874	Syar.g_03148, Syar.g_03113
OG0000388	Syai	Prbg.g_00874	Syai.g_02538
OG0000388	Syaf	Prbg.g_00874	Syaf.g_00908
OG0000388	Syam	Prbg.g_00874	Syam.g_02116
OG0000388	Syan	Prbg.g_00874	Syan.g_02970
OG0000388	Syao	Prbg.g_00874	Syao.g_02596
OG0000388	Syat	Prbg.g_00874	Syat.g_01565
OG0000388	Syas	Prbg.g_00874	Syas.g_02426
OG0000388	Syad	Prbg.g_00874	Syad.g_02796
OG0000388	Syaj	Prbg.g_00874	Syaj.g_01882
OG0000388	Prah	Prbg.g_00874	Prah.g_01892
OG0000388	Praf	Prbg.g_00874	Praf.g_00249
OG0000388	Prbj	Prbg.g_00874	Prbj.g_00615
OG0000388	Prbk	Prbg.g_00874	Prbk.g_00016
OG0000388	Prbl	Prbg.g_00874	Prbl.g_00557
OG0000388	Pram	Prbg.g_00874	Pram.g_00087
OG0000388	Prbh	Prbg.g_00874	Prbh.g_00680
OG0000388	Prak	Prbg.g_00874	Prak.g_00108
OG0000388	Prap	Prbg.g_00874	Prap.g_01074
OG0000388	Prbe	Prbg.g_00874	Prbe.g_01644
OG0000388	Prbf	Prbg.g_00874	Prbf.g_01430
OG0000388	Prbn	Prbg.g_00874	Prbn.g_01317
OG0000389	Prab	Prbg.g_00877	Prab.g_00097
OG0000389	Pran	Prbg.g_00877	Pran.g_00327
OG0000389	Prai	Prbg.g_00877	Prai.g_00106
OG0000389	Prag	Prbg.g_00877	Prag.g_00099
OG0000389	Praw	Prbg.g_00877	Praw.g_01329
OG0000389	Prav	Prbg.g_00877	Prav.g_00171
OG0000389	Prac	Prbg.g_00877	Prac.g_01825
OG0000389	Praq	Prbg.g_00877	Praq.g_01897
OG0000389	Prar	Prbg.g_00877	Prar.g_00222
OG0000389	Pray	Prbg.g_00877	Pray.g_00183
OG0000389	Praz	Prbg.g_00877	Praz.g_00466
OG0000389	Prba	Prbg.g_00877	Prba.g_01894
OG0000389	Prbi	Prbg.g_00877	Prbi.g_00113
OG0000389	Praa	Prbg.g_00877	Praa.g_00106
OG0000389	Prbd	Prbg.g_00877	Prbd.g_01138
OG0000389	Prae	Prbg.g_00877	Prae.g_00105
OG0000389	Prax	Prbg.g_00877	Prax.g_01113
OG0000389	Prad	Prbg.g_00877	Prad.g_01887
OG0000389	Pras	Prbg.g_00877	Pras.g_00957
OG0000389	Prau	Prbg.g_00877	Prau.g_00107
OG0000389	Prao	Prbg.g_00877	Prao.g_00244
OG0000389	Prbb	Prbg.g_00877	Prbb.g_00161
OG0000389	Prbm	Prbg.g_00877	Prbm.g_00163
OG0000389	Praj	Prbg.g_00877	Praj.g_00144
OG0000389	Prbc	Prbg.g_00877	Prbc.g_00467
OG0000389	Syan	Prbg.g_00877	Syan.g_02973
OG0000389	Syao	Prbg.g_00877	Syao.g_02599
OG0000389	Syar	Prbg.g_00877	Syar.g_03118
OG0000389	Syas	Prbg.g_00877	Syas.g_02422
OG0000389	Syat	Prbg.g_00877	Syat.g_01569
OG0000389	Syab	Prbg.g_00877	Syab.g_02499
OG0000389	Syal	Prbg.g_00877	Syal.g_00819
OG0000389	Syaq	Prbg.g_00877	Syaq.g_01488
OG0000389	Syag	Prbg.g_00877	Syag.g_01884
OG0000389	Syak	Prbg.g_00877	Syak.g_02193, Syak.g_02345
OG0000389	Syae	Prbg.g_00877	Syae.g_01362
OG0000389	Syac	Prbg.g_00877	Syac.g_00397
OG0000389	Syah	Prbg.g_00877	Syah.g_02536
OG0000389	Syaf	Prbg.g_00877	Syaf.g_00904
OG0000389	Syai	Prbg.g_00877	Syai.g_02542
OG0000389	Syam	Prbg.g_00877	Syam.g_02120
OG0000389	Syad	Prbg.g_00877	Syad.g_02800
OG0000389	Syaj	Prbg.g_00877	Syaj.g_01886
OG0000389	Syaa	Prbg.g_00877	Syaa.g_02379
OG0000389	Praf	Prbg.g_00877	Praf.g_00245
OG0000389	Prbj	Prbg.g_00877	Prbj.g_00619
OG0000389	Prbk	Prbg.g_00877	Prbk.g_00012
OG0000389	Prbl	Prbg.g_00877	Prbl.g_00553
OG0000389	Prah	Prbg.g_00877	Prah.g_01896
OG0000389	Pral	Prbg.g_00877	Pral.g_00941
OG0000389	Prat	Prbg.g_00877	Prat.g_00103
OG0000389	Pram	Prbg.g_00877	Pram.g_00090
OG0000389	Prbh	Prbg.g_00877	Prbh.g_00677
OG0000389	Prak	Prbg.g_00877	Prak.g_00111
OG0000389	Prap	Prbg.g_00877	Prap.g_01071
OG0000389	Prbe	Prbg.g_00877	Prbe.g_01647
OG0000389	Prbf	Prbg.g_00877	Prbf.g_01433
OG0000389	Prbn	Prbg.g_00877	Prbn.g_01314
OG0000390	Prbm	Prbg.g_00887	Prbm.g_00172
OG0000390	Prbb	Prbg.g_00887	Prbb.g_00170
OG0000390	Praj	Prbg.g_00887	Praj.g_00153
OG0000390	Prbc	Prbg.g_00887	Prbc.g_00458
OG0000390	Syad	Prbg.g_00887	Syad.g_02818
OG0000390	Syaj	Prbg.g_00887	Syaj.g_01904
OG0000390	Syaa	Prbg.g_00887	Syaa.g_02398
OG0000390	Syae	Prbg.g_00887	Syae.g_01378
OG0000390	Syac	Prbg.g_00887	Syac.g_00379
OG0000390	Syah	Prbg.g_00887	Syah.g_00002
OG0000390	Syaf	Prbg.g_00887	Syaf.g_00883
OG0000390	Syam	Prbg.g_00887	Syam.g_02136
OG0000390	Syai	Prbg.g_00887	Syai.g_02556
OG0000390	Prbj	Prbg.g_00887	Prbj.g_01551
OG0000390	Prbk	Prbg.g_00887	Prbk.g_00191
OG0000390	Prbl	Prbg.g_00887	Prbl.g_01331
OG0000390	Praf	Prbg.g_00887	Praf.g_00224
OG0000390	Prah	Prbg.g_00887	Prah.g_00194
OG0000390	Syar	Prbg.g_00887	Syar.g_00033
OG0000390	Syas	Prbg.g_00887	Syas.g_02406
OG0000390	Syat	Prbg.g_00887	Syat.g_02945
OG0000390	Syan	Prbg.g_00887	Syan.g_02306
OG0000390	Syao	Prbg.g_00887	Syao.g_02567
OG0000390	Syab	Prbg.g_00887	Syab.g_02516
OG0000390	Syal	Prbg.g_00887	Syal.g_00835
OG0000390	Syag	Prbg.g_00887	Syag.g_01903
OG0000390	Syak	Prbg.g_00887	Syak.g_02177
OG0000390	Syaq	Prbg.g_00887	Syaq.g_01473
OG0000390	Pral	Prbg.g_00887	Pral.g_00932
OG0000390	Prat	Prbg.g_00887	Prat.g_00112
OG0000390	Prab	Prbg.g_00887	Prab.g_00104
OG0000390	Pran	Prbg.g_00887	Pran.g_00320
OG0000390	Prai	Prbg.g_00887	Prai.g_00113
OG0000390	Prad	Prbg.g_00887	Prad.g_01880
OG0000390	Pras	Prbg.g_00887	Pras.g_00964
OG0000390	Prau	Prbg.g_00887	Prau.g_00114
OG0000390	Pray	Prbg.g_00887	Pray.g_00176
OG0000390	Praz	Prbg.g_00887	Praz.g_00473
OG0000390	Prba	Prbg.g_00887	Prba.g_01901
OG0000390	Prbd	Prbg.g_00887	Prbd.g_01131
OG0000390	Prae	Prbg.g_00887	Prae.g_00112
OG0000390	Prax	Prbg.g_00887	Prax.g_01106
OG0000390	Prbi	Prbg.g_00887	Prbi.g_00120
OG0000390	Praa	Prbg.g_00887	Praa.g_00113
OG0000390	Prag	Prbg.g_00887	Prag.g_00106
OG0000390	Praw	Prbg.g_00887	Praw.g_01322
OG0000390	Prac	Prbg.g_00887	Prac.g_01818
OG0000390	Praq	Prbg.g_00887	Praq.g_01890
OG0000390	Prar	Prbg.g_00887	Prar.g_00215
OG0000390	Prav	Prbg.g_00887	Prav.g_00178
OG0000390	Prao	Prbg.g_00887	Prao.g_00251
OG0000390	Pram	Prbg.g_00887	Pram.g_00099
OG0000390	Prbh	Prbg.g_00887	Prbh.g_00668
OG0000390	Prap	Prbg.g_00887	Prap.g_01061
OG0000390	Prak	Prbg.g_00887	Prak.g_00121
OG0000390	Prbe	Prbg.g_00887	Prbe.g_01657
OG0000390	Prbf	Prbg.g_00887	Prbf.g_01443
OG0000390	Prbn	Prbg.g_00887	Prbn.g_01304
OG0000391	Prab	Prbg.g_00890	Prab.g_00107
OG0000391	Pran	Prbg.g_00890	Pran.g_00317
OG0000391	Prai	Prbg.g_00890	Prai.g_00116
OG0000391	Prav	Prbg.g_00890	Prav.g_00181
OG0000391	Prag	Prbg.g_00890	Prag.g_00109
OG0000391	Praw	Prbg.g_00890	Praw.g_01319
OG0000391	Prac	Prbg.g_00890	Prac.g_01815
OG0000391	Praq	Prbg.g_00890	Praq.g_01887
OG0000391	Prar	Prbg.g_00890	Prar.g_00212
OG0000391	Prad	Prbg.g_00890	Prad.g_01877
OG0000391	Pras	Prbg.g_00890	Pras.g_00967
OG0000391	Prau	Prbg.g_00890	Prau.g_00117
OG0000391	Prao	Prbg.g_00890	Prao.g_00255
OG0000391	Pray	Prbg.g_00890	Pray.g_00173
OG0000391	Praz	Prbg.g_00890	Praz.g_00476
OG0000391	Prba	Prbg.g_00890	Prba.g_01904
OG0000391	Prbd	Prbg.g_00890	Prbd.g_01127
OG0000391	Prbi	Prbg.g_00890	Prbi.g_00124
OG0000391	Praa	Prbg.g_00890	Praa.g_00116
OG0000391	Prae	Prbg.g_00890	Prae.g_00116
OG0000391	Prax	Prbg.g_00890	Prax.g_01102
OG0000391	Prbm	Prbg.g_00890	Prbm.g_00176
OG0000391	Prbb	Prbg.g_00890	Prbb.g_00174
OG0000391	Praj	Prbg.g_00890	Praj.g_00157
OG0000391	Prbc	Prbg.g_00890	Prbc.g_00454
OG0000391	Syaa	Prbg.g_00890	Syaa.g_02403
OG0000391	Syaf	Prbg.g_00890	Syaf.g_00878
OG0000391	Syai	Prbg.g_00890	Syai.g_02561
OG0000391	Syam	Prbg.g_00890	Syam.g_02141
OG0000391	Syac	Prbg.g_00890	Syac.g_00374
OG0000391	Syah	Prbg.g_00890	Syah.g_00007
OG0000391	Syad	Prbg.g_00890	Syad.g_02823
OG0000391	Syaj	Prbg.g_00890	Syaj.g_01909
OG0000391	Syae	Prbg.g_00890	Syae.g_01383
OG0000391	Syaq	Prbg.g_00890	Syaq.g_01468
OG0000391	Syag	Prbg.g_00890	Syag.g_01908
OG0000391	Syak	Prbg.g_00890	Syak.g_02172
OG0000391	Syab	Prbg.g_00890	Syab.g_02521
OG0000391	Syal	Prbg.g_00890	Syal.g_00840
OG0000391	Syan	Prbg.g_00890	Syan.g_02301
OG0000391	Syao	Prbg.g_00890	Syao.g_02572
OG0000391	Syar	Prbg.g_00890	Syar.g_00038
OG0000391	Syap	Prbg.g_00890	Syap.g_02234
OG0000391	Syas	Prbg.g_00890	Syas.g_02401
OG0000391	Syat	Prbg.g_00890	Syat.g_02940
OG0000391	Prah	Prbg.g_00890	Prah.g_00189
OG0000391	Praf	Prbg.g_00890	Praf.g_00219
OG0000391	Prbj	Prbg.g_00890	Prbj.g_01556
OG0000391	Prbk	Prbg.g_00890	Prbk.g_00196
OG0000391	Prbl	Prbg.g_00890	Prbl.g_01326
OG0000391	Pral	Prbg.g_00890	Pral.g_00929
OG0000391	Prat	Prbg.g_00890	Prat.g_00115
OG0000391	Pram	Prbg.g_00890	Pram.g_00102
OG0000391	Prbh	Prbg.g_00890	Prbh.g_00665
OG0000391	Prak	Prbg.g_00890	Prak.g_00124
OG0000391	Prap	Prbg.g_00890	Prap.g_01058
OG0000391	Prbe	Prbg.g_00890	Prbe.g_01660
OG0000391	Prbf	Prbg.g_00890	Prbf.g_01446
OG0000391	Prbn	Prbg.g_00890	Prbn.g_01301
OG0000392	Prab	Prbg.g_00894	Prab.g_00111
OG0000392	Pran	Prbg.g_00894	Pran.g_00313
OG0000392	Prai	Prbg.g_00894	Prai.g_00120
OG0000392	Prav	Prbg.g_00894	Prav.g_00185
OG0000392	Prac	Prbg.g_00894	Prac.g_01811
OG0000392	Praq	Prbg.g_00894	Praq.g_01883
OG0000392	Prar	Prbg.g_00894	Prar.g_00208
OG0000392	Prad	Prbg.g_00894	Prad.g_01873
OG0000392	Prag	Prbg.g_00894	Prag.g_00113
OG0000392	Praw	Prbg.g_00894	Praw.g_01315
OG0000392	Prbd	Prbg.g_00894	Prbd.g_01123
OG0000392	Pras	Prbg.g_00894	Pras.g_00971
OG0000392	Prau	Prbg.g_00894	Prau.g_00121
OG0000392	Prax	Prbg.g_00894	Prax.g_01098
OG0000392	Praa	Prbg.g_00894	Praa.g_00120
OG0000392	Pray	Prbg.g_00894	Pray.g_00169
OG0000392	Praz	Prbg.g_00894	Praz.g_00480
OG0000392	Prba	Prbg.g_00894	Prba.g_01908
OG0000392	Prbi	Prbg.g_00894	Prbi.g_00128
OG0000392	Prae	Prbg.g_00894	Prae.g_00120
OG0000392	Prao	Prbg.g_00894	Prao.g_00259
OG0000392	Prbc	Prbg.g_00894	Prbc.g_00451
OG0000392	Praj	Prbg.g_00894	Praj.g_00160
OG0000392	Prbm	Prbg.g_00894	Prbm.g_00179
OG0000392	Prbb	Prbg.g_00894	Prbb.g_00177
OG0000392	Pral	Prbg.g_00894	Pral.g_00925
OG0000392	Prat	Prbg.g_00894	Prat.g_00118
OG0000392	Pram	Prbg.g_00894	Pram.g_00106
OG0000392	Prbh	Prbg.g_00894	Prbh.g_00661
OG0000392	Syag	Prbg.g_00894	Syag.g_01914
OG0000392	Syak	Prbg.g_00894	Syak.g_02166
OG0000392	Syaq	Prbg.g_00894	Syaq.g_01463
OG0000392	Prah	Prbg.g_00894	Prah.g_00183
OG0000392	Praf	Prbg.g_00894	Praf.g_00214
OG0000392	Prbj	Prbg.g_00894	Prbj.g_01562
OG0000392	Prbk	Prbg.g_00894	Prbk.g_00202
OG0000392	Prbl	Prbg.g_00894	Prbl.g_01320
OG0000392	Syab	Prbg.g_00894	Syab.g_02527
OG0000392	Syal	Prbg.g_00894	Syal.g_00846
OG0000392	Syat	Prbg.g_00894	Syat.g_02934
OG0000392	Syas	Prbg.g_00894	Syas.g_02396
OG0000392	Syan	Prbg.g_00894	Syan.g_02295
OG0000392	Syao	Prbg.g_00894	Syao.g_02578
OG0000392	Syap	Prbg.g_00894	Syap.g_02225
OG0000392	Syar	Prbg.g_00894	Syar.g_00045
OG0000392	Syae	Prbg.g_00894	Syae.g_01389
OG0000392	Syac	Prbg.g_00894	Syac.g_00369
OG0000392	Syah	Prbg.g_00894	Syah.g_00012
OG0000392	Syai	Prbg.g_00894	Syai.g_02568
OG0000392	Syaf	Prbg.g_00894	Syaf.g_00872
OG0000392	Syam	Prbg.g_00894	Syam.g_02147
OG0000392	Syaa	Prbg.g_00894	Syaa.g_02409
OG0000392	Syad	Prbg.g_00894	Syad.g_02833
OG0000392	Syaj	Prbg.g_00894	Syaj.g_01918
OG0000392	Prak	Prbg.g_00894	Prak.g_00128
OG0000392	Prap	Prbg.g_00894	Prap.g_01054
OG0000392	Prbe	Prbg.g_00894	Prbe.g_01664
OG0000392	Prbf	Prbg.g_00894	Prbf.g_01450
OG0000392	Prbn	Prbg.g_00894	Prbn.g_01297
OG0000393	Prab	Prbg.g_00897	Prab.g_00113
OG0000393	Pran	Prbg.g_00897	Pran.g_00311
OG0000393	Prai	Prbg.g_00897	Prai.g_00122
OG0000393	Prac	Prbg.g_00897	Prac.g_01809
OG0000393	Praq	Prbg.g_00897	Praq.g_01881
OG0000393	Prar	Prbg.g_00897	Prar.g_00206
OG0000393	Pras	Prbg.g_00897	Pras.g_00973
OG0000393	Prau	Prbg.g_00897	Prau.g_00123
OG0000393	Prav	Prbg.g_00897	Prav.g_00187
OG0000393	Pray	Prbg.g_00897	Pray.g_00167
OG0000393	Praz	Prbg.g_00897	Praz.g_00482
OG0000393	Prba	Prbg.g_00897	Prba.g_01910
OG0000393	Prao	Prbg.g_00897	Prao.g_00261
OG0000393	Prae	Prbg.g_00897	Prae.g_00122
OG0000393	Prbd	Prbg.g_00897	Prbd.g_01121
OG0000393	Prbi	Prbg.g_00897	Prbi.g_00130
OG0000393	Praa	Prbg.g_00897	Praa.g_00122
OG0000393	Prax	Prbg.g_00897	Prax.g_01096
OG0000393	Prag	Prbg.g_00897	Prag.g_00115
OG0000393	Praw	Prbg.g_00897	Praw.g_01313
OG0000393	Prad	Prbg.g_00897	Prad.g_01871
OG0000393	Praj	Prbg.g_00897	Praj.g_00163
OG0000393	Prbb	Prbg.g_00897	Prbb.g_00180
OG0000393	Prbc	Prbg.g_00897	Prbc.g_00448
OG0000393	Prbm	Prbg.g_00897	Prbm.g_00182
OG0000393	Pral	Prbg.g_00897	Pral.g_00922
OG0000393	Prat	Prbg.g_00897	Prat.g_00122
OG0000393	Prbj	Prbg.g_00897	Prbj.g_01567
OG0000393	Prbk	Prbg.g_00897	Prbk.g_00207
OG0000393	Prbl	Prbg.g_00897	Prbl.g_01315
OG0000393	Praf	Prbg.g_00897	Praf.g_00209
OG0000393	Prah	Prbg.g_00897	Prah.g_00175
OG0000393	Syaq	Prbg.g_00897	Syaq.g_01460
OG0000393	Syad	Prbg.g_00897	Syad.g_02837
OG0000393	Syaj	Prbg.g_00897	Syaj.g_01922
OG0000393	Syab	Prbg.g_00897	Syab.g_02530
OG0000393	Syal	Prbg.g_00897	Syal.g_00849
OG0000393	Syak	Prbg.g_00897	Syak.g_02163
OG0000393	Syag	Prbg.g_00897	Syag.g_01917
OG0000393	Syae	Prbg.g_00897	Syae.g_01392
OG0000393	Syac	Prbg.g_00897	Syac.g_00366
OG0000393	Syah	Prbg.g_00897	Syah.g_00014
OG0000393	Syaa	Prbg.g_00897	Syaa.g_02412
OG0000393	Syaf	Prbg.g_00897	Syaf.g_00870
OG0000393	Syai	Prbg.g_00897	Syai.g_02570
OG0000393	Syam	Prbg.g_00897	Syam.g_02149
OG0000393	Syao	Prbg.g_00897	Syao.g_02581
OG0000393	Syat	Prbg.g_00897	Syat.g_02931
OG0000393	Syap	Prbg.g_00897	Syap.g_02222
OG0000393	Syas	Prbg.g_00897	Syas.g_02394
OG0000393	Syar	Prbg.g_00897	Syar.g_00048
OG0000393	Syan	Prbg.g_00897	Syan.g_02292
OG0000393	Pram	Prbg.g_00897	Pram.g_00109
OG0000393	Prbh	Prbg.g_00897	Prbh.g_00658
OG0000393	Prak	Prbg.g_00897	Prak.g_00131
OG0000393	Prap	Prbg.g_00897	Prap.g_01051
OG0000393	Prbe	Prbg.g_00897	Prbe.g_01667
OG0000393	Prbf	Prbg.g_00897	Prbf.g_01453
OG0000393	Prbn	Prbg.g_00897	Prbn.g_01294
OG0000394	Prax	Prbg.g_00898	Prax.g_01095
OG0000394	Prbd	Prbg.g_00898	Prbd.g_01120
OG0000394	Praa	Prbg.g_00898	Praa.g_00123
OG0000394	Prbi	Prbg.g_00898	Prbi.g_00131
OG0000394	Prae	Prbg.g_00898	Prae.g_00123
OG0000394	Prao	Prbg.g_00898	Prao.g_00262
OG0000394	Prav	Prbg.g_00898	Prav.g_00188
OG0000394	Pray	Prbg.g_00898	Pray.g_00166
OG0000394	Praz	Prbg.g_00898	Praz.g_00483
OG0000394	Prba	Prbg.g_00898	Prba.g_01911
OG0000394	Prag	Prbg.g_00898	Prag.g_00116
OG0000394	Praw	Prbg.g_00898	Praw.g_01312
OG0000394	Prac	Prbg.g_00898	Prac.g_01808
OG0000394	Praq	Prbg.g_00898	Praq.g_01880
OG0000394	Prar	Prbg.g_00898	Prar.g_00205
OG0000394	Prad	Prbg.g_00898	Prad.g_01870
OG0000394	Pras	Prbg.g_00898	Pras.g_00974
OG0000394	Prau	Prbg.g_00898	Prau.g_00124
OG0000394	Prab	Prbg.g_00898	Prab.g_00114
OG0000394	Pran	Prbg.g_00898	Pran.g_00310
OG0000394	Prai	Prbg.g_00898	Prai.g_00123
OG0000394	Prbm	Prbg.g_00898	Prbm.g_00183
OG0000394	Prbc	Prbg.g_00898	Prbc.g_00447
OG0000394	Praj	Prbg.g_00898	Praj.g_00164
OG0000394	Prbb	Prbg.g_00898	Prbb.g_00181
OG0000394	Pral	Prbg.g_00898	Pral.g_00921
OG0000394	Prat	Prbg.g_00898	Prat.g_00123
OG0000394	Prbj	Prbg.g_00898	Prbj.g_01568
OG0000394	Prbk	Prbg.g_00898	Prbk.g_00208
OG0000394	Prbl	Prbg.g_00898	Prbl.g_01314
OG0000394	Praf	Prbg.g_00898	Praf.g_00208
OG0000394	Prah	Prbg.g_00898	Prah.g_00174
OG0000394	Syan	Prbg.g_00898	Syan.g_02291
OG0000394	Syao	Prbg.g_00898	Syao.g_02582
OG0000394	Syar	Prbg.g_00898	Syar.g_00049
OG0000394	Syat	Prbg.g_00898	Syat.g_02930
OG0000394	Syap	Prbg.g_00898	Syap.g_02221
OG0000394	Syas	Prbg.g_00898	Syas.g_02393
OG0000394	Syag	Prbg.g_00898	Syag.g_01918
OG0000394	Syaq	Prbg.g_00898	Syaq.g_01459
OG0000394	Syab	Prbg.g_00898	Syab.g_02531
OG0000394	Syal	Prbg.g_00898	Syal.g_00850
OG0000394	Syad	Prbg.g_00898	Syad.g_02838
OG0000394	Syaj	Prbg.g_00898	Syaj.g_01923
OG0000394	Syaf	Prbg.g_00898	Syaf.g_00869
OG0000394	Syam	Prbg.g_00898	Syam.g_02150
OG0000394	Syai	Prbg.g_00898	Syai.g_02571
OG0000394	Syaa	Prbg.g_00898	Syaa.g_02413
OG0000394	Syae	Prbg.g_00898	Syae.g_01393
OG0000394	Syac	Prbg.g_00898	Syac.g_00365
OG0000394	Syah	Prbg.g_00898	Syah.g_00015
OG0000394	Syak	Prbg.g_00898	Syak.g_02162
OG0000394	Pram	Prbg.g_00898	Pram.g_00110
OG0000394	Prbh	Prbg.g_00898	Prbh.g_00657
OG0000394	Prak	Prbg.g_00898	Prak.g_00132
OG0000394	Prap	Prbg.g_00898	Prap.g_01050
OG0000394	Prbe	Prbg.g_00898	Prbe.g_01668
OG0000394	Prbf	Prbg.g_00898	Prbf.g_01454
OG0000394	Prbn	Prbg.g_00898	Prbn.g_01293
OG0000395	Prab	Prbg.g_00899	Prab.g_00115
OG0000395	Pran	Prbg.g_00899	Pran.g_00309
OG0000395	Prai	Prbg.g_00899	Prai.g_00124
OG0000395	Prac	Prbg.g_00899	Prac.g_01807
OG0000395	Praq	Prbg.g_00899	Praq.g_01879
OG0000395	Prar	Prbg.g_00899	Prar.g_00204
OG0000395	Prag	Prbg.g_00899	Prag.g_00117
OG0000395	Praw	Prbg.g_00899	Praw.g_01311
OG0000395	Prad	Prbg.g_00899	Prad.g_01869
OG0000395	Prav	Prbg.g_00899	Prav.g_00189
OG0000395	Prbd	Prbg.g_00899	Prbd.g_01119
OG0000395	Pras	Prbg.g_00899	Pras.g_00975
OG0000395	Prau	Prbg.g_00899	Prau.g_00125
OG0000395	Pray	Prbg.g_00899	Pray.g_00165
OG0000395	Praz	Prbg.g_00899	Praz.g_00484
OG0000395	Prba	Prbg.g_00899	Prba.g_01912
OG0000395	Praa	Prbg.g_00899	Praa.g_00124
OG0000395	Prax	Prbg.g_00899	Prax.g_01094
OG0000395	Prae	Prbg.g_00899	Prae.g_00124
OG0000395	Prao	Prbg.g_00899	Prao.g_00263
OG0000395	Prbi	Prbg.g_00899	Prbi.g_00132
OG0000395	Prbc	Prbg.g_00899	Prbc.g_00446
OG0000395	Prbm	Prbg.g_00899	Prbm.g_00184
OG0000395	Prbb	Prbg.g_00899	Prbb.g_00182
OG0000395	Praj	Prbg.g_00899	Praj.g_00165
OG0000395	Prat	Prbg.g_00899	Prat.g_00124
OG0000395	Pral	Prbg.g_00899	Pral.g_00920
OG0000395	Prbj	Prbg.g_00899	Prbj.g_01569
OG0000395	Prbk	Prbg.g_00899	Prbk.g_00209
OG0000395	Prbl	Prbg.g_00899	Prbl.g_01313
OG0000395	Praf	Prbg.g_00899	Praf.g_00207
OG0000395	Prah	Prbg.g_00899	Prah.g_00173
OG0000395	Syab	Prbg.g_00899	Syab.g_02532
OG0000395	Syal	Prbg.g_00899	Syal.g_00851
OG0000395	Syag	Prbg.g_00899	Syag.g_01919
OG0000395	Syaq	Prbg.g_00899	Syaq.g_01458
OG0000395	Syae	Prbg.g_00899	Syae.g_01394
OG0000395	Syac	Prbg.g_00899	Syac.g_00364
OG0000395	Syah	Prbg.g_00899	Syah.g_00016
OG0000395	Syaa	Prbg.g_00899	Syaa.g_02414
OG0000395	Syai	Prbg.g_00899	Syai.g_02572
OG0000395	Syaf	Prbg.g_00899	Syaf.g_00868
OG0000395	Syam	Prbg.g_00899	Syam.g_02151
OG0000395	Syad	Prbg.g_00899	Syad.g_02839
OG0000395	Syaj	Prbg.g_00899	Syaj.g_01924
OG0000395	Syak	Prbg.g_00899	Syak.g_02161
OG0000395	Syan	Prbg.g_00899	Syan.g_02290
OG0000395	Syao	Prbg.g_00899	Syao.g_02583
OG0000395	Syar	Prbg.g_00899	Syar.g_00050
OG0000395	Syap	Prbg.g_00899	Syap.g_02220
OG0000395	Syas	Prbg.g_00899	Syas.g_02392
OG0000395	Syat	Prbg.g_00899	Syat.g_02929
OG0000395	Pram	Prbg.g_00899	Pram.g_00111
OG0000395	Prbh	Prbg.g_00899	Prbh.g_00656
OG0000395	Prak	Prbg.g_00899	Prak.g_00133
OG0000395	Prap	Prbg.g_00899	Prap.g_01049
OG0000395	Prbe	Prbg.g_00899	Prbe.g_01669
OG0000395	Prbf	Prbg.g_00899	Prbf.g_01455
OG0000395	Prbn	Prbg.g_00899	Prbn.g_01292
OG0000396	Prab	Prbg.g_00901	Prab.g_00117
OG0000396	Pran	Prbg.g_00901	Pran.g_00307
OG0000396	Prai	Prbg.g_00901	Prai.g_00127
OG0000396	Prac	Prbg.g_00901	Prac.g_01804
OG0000396	Praq	Prbg.g_00901	Praq.g_01876
OG0000396	Prar	Prbg.g_00901	Prar.g_00201
OG0000396	Prag	Prbg.g_00901	Prag.g_00120
OG0000396	Praw	Prbg.g_00901	Praw.g_01308
OG0000396	Prad	Prbg.g_00901	Prad.g_01866
OG0000396	Pray	Prbg.g_00901	Pray.g_00162
OG0000396	Praz	Prbg.g_00901	Praz.g_00487
OG0000396	Prba	Prbg.g_00901	Prba.g_01915
OG0000396	Prbd	Prbg.g_00901	Prbd.g_01116
OG0000396	Prae	Prbg.g_00901	Prae.g_00127
OG0000396	Prao	Prbg.g_00901	Prao.g_00266
OG0000396	Prav	Prbg.g_00901	Prav.g_00192
OG0000396	Prbi	Prbg.g_00901	Prbi.g_00135
OG0000396	Praa	Prbg.g_00901	Praa.g_00127
OG0000396	Prax	Prbg.g_00901	Prax.g_01091
OG0000396	Pras	Prbg.g_00901	Pras.g_00978
OG0000396	Prau	Prbg.g_00901	Prau.g_00128
OG0000396	Prbc	Prbg.g_00901	Prbc.g_00443
OG0000396	Prbb	Prbg.g_00901	Prbb.g_00185
OG0000396	Praj	Prbg.g_00901	Praj.g_00168
OG0000396	Prbm	Prbg.g_00901	Prbm.g_00187
OG0000396	Pral	Prbg.g_00901	Pral.g_00918
OG0000396	Prat	Prbg.g_00901	Prat.g_00126
OG0000396	Prbj	Prbg.g_00901	Prbj.g_01530
OG0000396	Prbk	Prbg.g_00901	Prbk.g_00542
OG0000396	Prbl	Prbg.g_00901	Prbl.g_00827
OG0000396	Prah	Prbg.g_00901	Prah.g_02252
OG0000396	Praf	Prbg.g_00901	Praf.g_02403
OG0000396	Syae	Prbg.g_00901	Syae.g_01397
OG0000396	Syac	Prbg.g_00901	Syac.g_00361
OG0000396	Syah	Prbg.g_00901	Syah.g_00019
OG0000396	Syaa	Prbg.g_00901	Syaa.g_02417
OG0000396	Syai	Prbg.g_00901	Syai.g_02575
OG0000396	Syaf	Prbg.g_00901	Syaf.g_00865
OG0000396	Syam	Prbg.g_00901	Syam.g_02153
OG0000396	Syad	Prbg.g_00901	Syad.g_02843
OG0000396	Syaj	Prbg.g_00901	Syaj.g_01928
OG0000396	Syan	Prbg.g_00901	Syan.g_02287
OG0000396	Syao	Prbg.g_00901	Syao.g_02586
OG0000396	Syap	Prbg.g_00901	Syap.g_02217
OG0000396	Syar	Prbg.g_00901	Syar.g_00053
OG0000396	Syat	Prbg.g_00901	Syat.g_02927
OG0000396	Syas	Prbg.g_00901	Syas.g_02389
OG0000396	Syag	Prbg.g_00901	Syag.g_01922
OG0000396	Syak	Prbg.g_00901	Syak.g_02158
OG0000396	Syab	Prbg.g_00901	Syab.g_02535
OG0000396	Syal	Prbg.g_00901	Syal.g_00854
OG0000396	Syaq	Prbg.g_00901	Syaq.g_01455
OG0000396	Pram	Prbg.g_00901	Pram.g_00113
OG0000396	Prbh	Prbg.g_00901	Prbh.g_00654
OG0000396	Prak	Prbg.g_00901	Prak.g_00135
OG0000396	Prap	Prbg.g_00901	Prap.g_01047
OG0000396	Prbe	Prbg.g_00901	Prbe.g_01671
OG0000396	Prbf	Prbg.g_00901	Prbf.g_01457
OG0000396	Prbn	Prbg.g_00901	Prbn.g_01290
OG0000397	Prab	Prbg.g_00903	Prab.g_00119
OG0000397	Pran	Prbg.g_00903	Pran.g_00305
OG0000397	Prai	Prbg.g_00903	Prai.g_00129
OG0000397	Prac	Prbg.g_00903	Prac.g_01802
OG0000397	Praq	Prbg.g_00903	Praq.g_01874
OG0000397	Prar	Prbg.g_00903	Prar.g_00199
OG0000397	Pray	Prbg.g_00903	Pray.g_00160
OG0000397	Praz	Prbg.g_00903	Praz.g_00489
OG0000397	Prba	Prbg.g_00903	Prba.g_01917
OG0000397	Prad	Prbg.g_00903	Prad.g_01864
OG0000397	Prax	Prbg.g_00903	Prax.g_01089
OG0000397	Pras	Prbg.g_00903	Pras.g_00980
OG0000397	Prau	Prbg.g_00903	Prau.g_00130
OG0000397	Prbd	Prbg.g_00903	Prbd.g_01114
OG0000397	Praa	Prbg.g_00903	Praa.g_00129
OG0000397	Prbi	Prbg.g_00903	Prbi.g_00137
OG0000397	Prao	Prbg.g_00903	Prao.g_00268
OG0000397	Prae	Prbg.g_00903	Prae.g_00129
OG0000397	Prav	Prbg.g_00903	Prav.g_00194
OG0000397	Prag	Prbg.g_00903	Prag.g_00122
OG0000397	Praw	Prbg.g_00903	Praw.g_01306
OG0000397	Praj	Prbg.g_00903	Praj.g_00170
OG0000397	Prbb	Prbg.g_00903	Prbb.g_00187
OG0000397	Prbc	Prbg.g_00903	Prbc.g_00441
OG0000397	Prbm	Prbg.g_00903	Prbm.g_00189
OG0000397	Prat	Prbg.g_00903	Prat.g_00128
OG0000397	Syab	Prbg.g_00903	Syab.g_02537
OG0000397	Syal	Prbg.g_00903	Syal.g_00857
OG0000397	Syag	Prbg.g_00903	Syag.g_01924
OG0000397	Praf	Prbg.g_00903	Praf.g_02405
OG0000397	Prbj	Prbg.g_00903	Prbj.g_01532
OG0000397	Prbk	Prbg.g_00903	Prbk.g_00544
OG0000397	Prbl	Prbg.g_00903	Prbl.g_00825
OG0000397	Prah	Prbg.g_00903	Prah.g_02254
OG0000397	Syaq	Prbg.g_00903	Syaq.g_01453
OG0000397	Syaf	Prbg.g_00903	Syaf.g_00863
OG0000397	Syam	Prbg.g_00903	Syam.g_02160
OG0000397	Syai	Prbg.g_00903	Syai.g_02577
OG0000397	Syae	Prbg.g_00903	Syae.g_01400
OG0000397	Syac	Prbg.g_00903	Syac.g_00359
OG0000397	Syah	Prbg.g_00903	Syah.g_00021
OG0000397	Syad	Prbg.g_00903	Syad.g_02845
OG0000397	Syaj	Prbg.g_00903	Syaj.g_01930
OG0000397	Syaa	Prbg.g_00903	Syaa.g_02419
OG0000397	Syak	Prbg.g_00903	Syak.g_02156
OG0000397	Syat	Prbg.g_00903	Syat.g_02925
OG0000397	Syap	Prbg.g_00903	Syap.g_02215
OG0000397	Syas	Prbg.g_00903	Syas.g_02387
OG0000397	Syar	Prbg.g_00903	Syar.g_00055
OG0000397	Syan	Prbg.g_00903	Syan.g_02285
OG0000397	Syao	Prbg.g_00903	Syao.g_02542
OG0000397	Pral	Prbg.g_00903	Pral.g_00916
OG0000397	Pram	Prbg.g_00903	Pram.g_00115
OG0000397	Prbh	Prbg.g_00903	Prbh.g_00652
OG0000397	Prak	Prbg.g_00903	Prak.g_00137
OG0000397	Prap	Prbg.g_00903	Prap.g_01045
OG0000397	Prbe	Prbg.g_00903	Prbe.g_01673
OG0000397	Prbf	Prbg.g_00903	Prbf.g_01459
OG0000397	Prbn	Prbg.g_00903	Prbn.g_01288
OG0000398	Prao	Prbg.g_00906	Prao.g_00270
OG0000398	Prac	Prbg.g_00906	Prac.g_01800
OG0000398	Praq	Prbg.g_00906	Praq.g_01872
OG0000398	Prar	Prbg.g_00906	Prar.g_00197
OG0000398	Prag	Prbg.g_00906	Prag.g_00124
OG0000398	Praw	Prbg.g_00906	Praw.g_01304
OG0000398	Prad	Prbg.g_00906	Prad.g_01862
OG0000398	Pray	Prbg.g_00906	Pray.g_00158
OG0000398	Praz	Prbg.g_00906	Praz.g_00491
OG0000398	Prba	Prbg.g_00906	Prba.g_01919
OG0000398	Prbi	Prbg.g_00906	Prbi.g_00139
OG0000398	Prau	Prbg.g_00906	Prau.g_00132
OG0000398	Pras	Prbg.g_00906	Pras.g_00982
OG0000398	Praa	Prbg.g_00906	Praa.g_00131
OG0000398	Prax	Prbg.g_00906	Prax.g_01087
OG0000398	Prbd	Prbg.g_00906	Prbd.g_01112
OG0000398	Prae	Prbg.g_00906	Prae.g_00131
OG0000398	Prab	Prbg.g_00906	Prab.g_00121
OG0000398	Pran	Prbg.g_00906	Pran.g_00303
OG0000398	Prai	Prbg.g_00906	Prai.g_00131
OG0000398	Prav	Prbg.g_00906	Prav.g_00196
OG0000398	Praj	Prbg.g_00906	Praj.g_00173
OG0000398	Prbm	Prbg.g_00906	Prbm.g_00192
OG0000398	Prbb	Prbg.g_00906	Prbb.g_00190
OG0000398	Prbc	Prbg.g_00906	Prbc.g_00438
OG0000398	Prbj	Prbg.g_00906	Prbj.g_01537
OG0000398	Prbk	Prbg.g_00906	Prbk.g_00549
OG0000398	Prbl	Prbg.g_00906	Prbl.g_00820
OG0000398	Praf	Prbg.g_00906	Praf.g_02410
OG0000398	Prah	Prbg.g_00906	Prah.g_02259
OG0000398	Syag	Prbg.g_00906	Syag.g_01929
OG0000398	Syaf	Prbg.g_00906	Syaf.g_00858
OG0000398	Syai	Prbg.g_00906	Syai.g_02582
OG0000398	Syam	Prbg.g_00906	Syam.g_02165
OG0000398	Syae	Prbg.g_00906	Syae.g_01405
OG0000398	Syak	Prbg.g_00906	Syak.g_02151
OG0000398	Syac	Prbg.g_00906	Syac.g_00354
OG0000398	Syah	Prbg.g_00906	Syah.g_00027
OG0000398	Syaa	Prbg.g_00906	Syaa.g_02424
OG0000398	Syaq	Prbg.g_00906	Syaq.g_01448
OG0000398	Syad	Prbg.g_00906	Syad.g_02850
OG0000398	Syaj	Prbg.g_00906	Syaj.g_01935
OG0000398	Syar	Prbg.g_00906	Syar.g_00060
OG0000398	Syat	Prbg.g_00906	Syat.g_02920
OG0000398	Syap	Prbg.g_00906	Syap.g_02211
OG0000398	Syas	Prbg.g_00906	Syas.g_02382
OG0000398	Syan	Prbg.g_00906	Syan.g_02279
OG0000398	Syao	Prbg.g_00906	Syao.g_02547
OG0000398	Syab	Prbg.g_00906	Syab.g_02542
OG0000398	Syal	Prbg.g_00906	Syal.g_00862
OG0000398	Pral	Prbg.g_00906	Pral.g_00913
OG0000398	Prat	Prbg.g_00906	Prat.g_00131
OG0000398	Pram	Prbg.g_00906	Pram.g_00118
OG0000398	Prbh	Prbg.g_00906	Prbh.g_00649
OG0000398	Prak	Prbg.g_00906	Prak.g_00140
OG0000398	Prap	Prbg.g_00906	Prap.g_01042
OG0000398	Prbe	Prbg.g_00906	Prbe.g_01676
OG0000398	Prbf	Prbg.g_00906	Prbf.g_01462
OG0000398	Prbn	Prbg.g_00906	Prbn.g_01285
OG0000399	Prab	Prbg.g_00907	Prab.g_00122
OG0000399	Pran	Prbg.g_00907	Pran.g_00302
OG0000399	Prag	Prbg.g_00907	Prag.g_00125
OG0000399	Praw	Prbg.g_00907	Praw.g_01303
OG0000399	Prav	Prbg.g_00907	Prav.g_00197
OG0000399	Prac	Prbg.g_00907	Prac.g_01799
OG0000399	Praq	Prbg.g_00907	Praq.g_01871
OG0000399	Prar	Prbg.g_00907	Prar.g_00196
OG0000399	Prad	Prbg.g_00907	Prad.g_01861
OG0000399	Praa	Prbg.g_00907	Praa.g_00132
OG0000399	Prax	Prbg.g_00907	Prax.g_01086
OG0000399	Prae	Prbg.g_00907	Prae.g_00132
OG0000399	Pras	Prbg.g_00907	Pras.g_00983
OG0000399	Prau	Prbg.g_00907	Prau.g_00133
OG0000399	Prbi	Prbg.g_00907	Prbi.g_00140
OG0000399	Prbd	Prbg.g_00907	Prbd.g_01111
OG0000399	Prao	Prbg.g_00907	Prao.g_00271
OG0000399	Pray	Prbg.g_00907	Pray.g_00157
OG0000399	Praz	Prbg.g_00907	Praz.g_00492
OG0000399	Prba	Prbg.g_00907	Prba.g_01920
OG0000399	Prai	Prbg.g_00907	Prai.g_00132
OG0000399	Praj	Prbg.g_00907	Praj.g_00174
OG0000399	Prbm	Prbg.g_00907	Prbm.g_00193
OG0000399	Prbb	Prbg.g_00907	Prbb.g_00191
OG0000399	Prbc	Prbg.g_00907	Prbc.g_00437
OG0000399	Praf	Prbg.g_00907	Praf.g_02411
OG0000399	Prah	Prbg.g_00907	Prah.g_02260
OG0000399	Prbj	Prbg.g_00907	Prbj.g_01538
OG0000399	Prbk	Prbg.g_00907	Prbk.g_00550
OG0000399	Prbl	Prbg.g_00907	Prbl.g_00819
OG0000399	Syas	Prbg.g_00907	Syas.g_02381
OG0000399	Syap	Prbg.g_00907	Syap.g_02210
OG0000399	Syan	Prbg.g_00907	Syan.g_02278
OG0000399	Syao	Prbg.g_00907	Syao.g_02548
OG0000399	Syar	Prbg.g_00907	Syar.g_00061
OG0000399	Syat	Prbg.g_00907	Syat.g_02919
OG0000399	Syag	Prbg.g_00907	Syag.g_01930
OG0000399	Syab	Prbg.g_00907	Syab.g_02543
OG0000399	Syal	Prbg.g_00907	Syal.g_00863
OG0000399	Syaq	Prbg.g_00907	Syaq.g_01447
OG0000399	Syak	Prbg.g_00907	Syak.g_02150
OG0000399	Syaj	Prbg.g_00907	Syaj.g_01936
OG0000399	Syac	Prbg.g_00907	Syac.g_00353
OG0000399	Syah	Prbg.g_00907	Syah.g_00028
OG0000399	Syaa	Prbg.g_00907	Syaa.g_02425
OG0000399	Syaf	Prbg.g_00907	Syaf.g_00857
OG0000399	Syai	Prbg.g_00907	Syai.g_02583
OG0000399	Syad	Prbg.g_00907	Syad.g_02851
OG0000399	Syam	Prbg.g_00907	Syam.g_02166
OG0000399	Syae	Prbg.g_00907	Syae.g_01406
OG0000399	Pral	Prbg.g_00907	Pral.g_00912
OG0000399	Prat	Prbg.g_00907	Prat.g_00132
OG0000399	Pram	Prbg.g_00907	Pram.g_00119
OG0000399	Prbh	Prbg.g_00907	Prbh.g_00648
OG0000399	Prak	Prbg.g_00907	Prak.g_00141
OG0000399	Prap	Prbg.g_00907	Prap.g_01041
OG0000399	Prbe	Prbg.g_00907	Prbe.g_01677
OG0000399	Prbf	Prbg.g_00907	Prbf.g_01463
OG0000399	Prbn	Prbg.g_00907	Prbn.g_01284
OG0000400	Prai	Prbg.g_00908	Prai.g_00133
OG0000400	Prab	Prbg.g_00908	Prab.g_00123
OG0000400	Pran	Prbg.g_00908	Pran.g_00301
OG0000400	Prac	Prbg.g_00908	Prac.g_01798
OG0000400	Praq	Prbg.g_00908	Praq.g_01870
OG0000400	Prar	Prbg.g_00908	Prar.g_00195
OG0000400	Prag	Prbg.g_00908	Prag.g_00126
OG0000400	Praw	Prbg.g_00908	Praw.g_01302
OG0000400	Prav	Prbg.g_00908	Prav.g_00198
OG0000400	Pray	Prbg.g_00908	Pray.g_00156
OG0000400	Praz	Prbg.g_00908	Praz.g_00493
OG0000400	Prba	Prbg.g_00908	Prba.g_01921
OG0000400	Prad	Prbg.g_00908	Prad.g_01860
OG0000400	Prao	Prbg.g_00908	Prao.g_00272
OG0000400	Pras	Prbg.g_00908	Pras.g_00984
OG0000400	Prau	Prbg.g_00908	Prau.g_00134
OG0000400	Prae	Prbg.g_00908	Prae.g_00133
OG0000400	Praa	Prbg.g_00908	Praa.g_00133
OG0000400	Prax	Prbg.g_00908	Prax.g_01085
OG0000400	Prbd	Prbg.g_00908	Prbd.g_01110
OG0000400	Prbi	Prbg.g_00908	Prbi.g_00141
OG0000400	Praj	Prbg.g_00908	Praj.g_00175
OG0000400	Prbm	Prbg.g_00908	Prbm.g_00194
OG0000400	Prbb	Prbg.g_00908	Prbb.g_00192
OG0000400	Prbc	Prbg.g_00908	Prbc.g_00436
OG0000400	Pral	Prbg.g_00908	Pral.g_00911
OG0000400	Prat	Prbg.g_00908	Prat.g_00133
OG0000400	Syae	Prbg.g_00908	Syae.g_01407
OG0000400	Syaf	Prbg.g_00908	Syaf.g_00856
OG0000400	Syaa	Prbg.g_00908	Syaa.g_02426
OG0000400	Syai	Prbg.g_00908	Syai.g_02584
OG0000400	Syam	Prbg.g_00908	Syam.g_02167
OG0000400	Syak	Prbg.g_00908	Syak.g_02149
OG0000400	Syac	Prbg.g_00908	Syac.g_00352
OG0000400	Syah	Prbg.g_00908	Syah.g_00029
OG0000400	Syad	Prbg.g_00908	Syad.g_02852
OG0000400	Syaj	Prbg.g_00908	Syaj.g_01937
OG0000400	Prbj	Prbg.g_00908	Prbj.g_01539
OG0000400	Prbk	Prbg.g_00908	Prbk.g_00551
OG0000400	Prbl	Prbg.g_00908	Prbl.g_00818
OG0000400	Praf	Prbg.g_00908	Praf.g_02412
OG0000400	Prah	Prbg.g_00908	Prah.g_02261
OG0000400	Syab	Prbg.g_00908	Syab.g_02544
OG0000400	Syal	Prbg.g_00908	Syal.g_00864
OG0000400	Syag	Prbg.g_00908	Syag.g_01931
OG0000400	Syaq	Prbg.g_00908	Syaq.g_01446
OG0000400	Syap	Prbg.g_00908	Syap.g_02209
OG0000400	Syas	Prbg.g_00908	Syas.g_02380
OG0000400	Syat	Prbg.g_00908	Syat.g_02918
OG0000400	Syar	Prbg.g_00908	Syar.g_00062
OG0000400	Syan	Prbg.g_00908	Syan.g_02277
OG0000400	Syao	Prbg.g_00908	Syao.g_02549
OG0000400	Pram	Prbg.g_00908	Pram.g_00120
OG0000400	Prbh	Prbg.g_00908	Prbh.g_00647
OG0000400	Prak	Prbg.g_00908	Prak.g_00142
OG0000400	Prap	Prbg.g_00908	Prap.g_01040
OG0000400	Prbe	Prbg.g_00908	Prbe.g_01678
OG0000400	Prbf	Prbg.g_00908	Prbf.g_01464
OG0000400	Prbn	Prbg.g_00908	Prbn.g_01283
OG0000401	Prab	Prbg.g_00909	Prab.g_00124
OG0000401	Pran	Prbg.g_00909	Pran.g_00300
OG0000401	Prai	Prbg.g_00909	Prai.g_00134
OG0000401	Prag	Prbg.g_00909	Prag.g_00127
OG0000401	Praw	Prbg.g_00909	Praw.g_01301
OG0000401	Pray	Prbg.g_00909	Pray.g_00155
OG0000401	Praz	Prbg.g_00909	Praz.g_00494
OG0000401	Prba	Prbg.g_00909	Prba.g_01922
OG0000401	Prav	Prbg.g_00909	Prav.g_00199
OG0000401	Prad	Prbg.g_00909	Prad.g_01859
OG0000401	Prao	Prbg.g_00909	Prao.g_00273
OG0000401	Prac	Prbg.g_00909	Prac.g_01797
OG0000401	Praq	Prbg.g_00909	Praq.g_01869
OG0000401	Prar	Prbg.g_00909	Prar.g_00194
OG0000401	Prbi	Prbg.g_00909	Prbi.g_00142
OG0000401	Prax	Prbg.g_00909	Prax.g_01084
OG0000401	Pras	Prbg.g_00909	Pras.g_00985
OG0000401	Prbd	Prbg.g_00909	Prbd.g_01109
OG0000401	Prae	Prbg.g_00909	Prae.g_00134
OG0000401	Praa	Prbg.g_00909	Praa.g_00134
OG0000401	Prau	Prbg.g_00909	Prau.g_00135
OG0000401	Prbb	Prbg.g_00909	Prbb.g_00193
OG0000401	Praj	Prbg.g_00909	Praj.g_00176
OG0000401	Prbm	Prbg.g_00909	Prbm.g_00195
OG0000401	Prbc	Prbg.g_00909	Prbc.g_00435
OG0000401	Prah	Prbg.g_00909	Prah.g_02262
OG0000401	Prbj	Prbg.g_00909	Prbj.g_01540
OG0000401	Prbk	Prbg.g_00909	Prbk.g_00552
OG0000401	Prbl	Prbg.g_00909	Prbl.g_00817
OG0000401	Praf	Prbg.g_00909	Praf.g_02413
OG0000401	Syat	Prbg.g_00909	Syat.g_02917
OG0000401	Syas	Prbg.g_00909	Syas.g_02379
OG0000401	Syan	Prbg.g_00909	Syan.g_02274
OG0000401	Syao	Prbg.g_00909	Syao.g_02550
OG0000401	Syap	Prbg.g_00909	Syap.g_02208
OG0000401	Syar	Prbg.g_00909	Syar.g_00063
OG0000401	Syae	Prbg.g_00909	Syae.g_01408
OG0000401	Syaa	Prbg.g_00909	Syaa.g_02427
OG0000401	Syad	Prbg.g_00909	Syad.g_02853
OG0000401	Syaj	Prbg.g_00909	Syaj.g_01938
OG0000401	Syac	Prbg.g_00909	Syac.g_00351
OG0000401	Syah	Prbg.g_00909	Syah.g_00030
OG0000401	Syaf	Prbg.g_00909	Syaf.g_00855
OG0000401	Syam	Prbg.g_00909	Syam.g_02168
OG0000401	Syai	Prbg.g_00909	Syai.g_02585
OG0000401	Syag	Prbg.g_00909	Syag.g_01932
OG0000401	Syaq	Prbg.g_00909	Syaq.g_01445
OG0000401	Syak	Prbg.g_00909	Syak.g_02148
OG0000401	Syab	Prbg.g_00909	Syab.g_02545
OG0000401	Syal	Prbg.g_00909	Syal.g_00865
OG0000401	Pral	Prbg.g_00909	Pral.g_00910
OG0000401	Prat	Prbg.g_00909	Prat.g_00134
OG0000401	Pram	Prbg.g_00909	Pram.g_00121
OG0000401	Prbh	Prbg.g_00909	Prbh.g_00646
OG0000401	Prak	Prbg.g_00909	Prak.g_00143
OG0000401	Prap	Prbg.g_00909	Prap.g_01039
OG0000401	Prbe	Prbg.g_00909	Prbe.g_01679
OG0000401	Prbf	Prbg.g_00909	Prbf.g_01465
OG0000401	Prbn	Prbg.g_00909	Prbn.g_01282
OG0000402	Prab	Prbg.g_01349	Prab.g_00126
OG0000402	Pran	Prbg.g_01349	Pran.g_00298
OG0000402	Prai	Prbg.g_01349	Prai.g_00136
OG0000402	Prac	Prbg.g_01349	Prac.g_01795
OG0000402	Praq	Prbg.g_01349	Praq.g_01867
OG0000402	Prar	Prbg.g_01349	Prar.g_00192
OG0000402	Prav	Prbg.g_01349	Prav.g_00201
OG0000402	Prad	Prbg.g_01349	Prad.g_01857
OG0000402	Prao	Prbg.g_01349	Prao.g_00274
OG0000402	Prag	Prbg.g_01349	Prag.g_00129
OG0000402	Praw	Prbg.g_01349	Praw.g_01299
OG0000402	Pras	Prbg.g_01349	Pras.g_00987
OG0000402	Prau	Prbg.g_01349	Prau.g_00137
OG0000402	Pray	Prbg.g_01349	Pray.g_00153
OG0000402	Praz	Prbg.g_01349	Praz.g_00496
OG0000402	Prba	Prbg.g_01349	Prba.g_01924
OG0000402	Prae	Prbg.g_01349	Prae.g_00136
OG0000402	Praa	Prbg.g_01349	Praa.g_00136
OG0000402	Prax	Prbg.g_01349	Prax.g_01082
OG0000402	Prbd	Prbg.g_01349	Prbd.g_01107
OG0000402	Prbi	Prbg.g_01349	Prbi.g_00144
OG0000402	Prbj	Prbg.g_01349	Prbj.g_01542
OG0000402	Prbk	Prbg.g_01349	Prbk.g_00554
OG0000402	Prbl	Prbg.g_01349	Prbl.g_00815
OG0000402	Prah	Prbg.g_01349	Prah.g_02264
OG0000402	Praf	Prbg.g_01349	Praf.g_02415
OG0000402	Syag	Prbg.g_01349	Syag.g_01934
OG0000402	Syae	Prbg.g_01349	Syae.g_01410
OG0000402	Syam	Prbg.g_01349	Syam.g_02171
OG0000402	Syai	Prbg.g_01349	Syai.g_02588
OG0000402	Syaf	Prbg.g_01349	Syaf.g_00852
OG0000402	Syaa	Prbg.g_01349	Syaa.g_02429
OG0000402	Syac	Prbg.g_01349	Syac.g_00348
OG0000402	Syah	Prbg.g_01349	Syah.g_00033
OG0000402	Syad	Prbg.g_01349	Syad.g_02855
OG0000402	Syaj	Prbg.g_01349	Syaj.g_01940
OG0000402	Syar	Prbg.g_01349	Syar.g_00065
OG0000402	Syat	Prbg.g_01349	Syat.g_02915
OG0000402	Syap	Prbg.g_01349	Syap.g_02206
OG0000402	Syan	Prbg.g_01349	Syan.g_02272
OG0000402	Syao	Prbg.g_01349	Syao.g_02552
OG0000402	Syas	Prbg.g_01349	Syas.g_02377
OG0000402	Syak	Prbg.g_01349	Syak.g_02146
OG0000402	Syab	Prbg.g_01349	Syab.g_02547
OG0000402	Syal	Prbg.g_01349	Syal.g_00867
OG0000402	Syaq	Prbg.g_01349	Syaq.g_01443
OG0000402	Pral	Prbg.g_01349	Pral.g_00450
OG0000402	Prat	Prbg.g_01349	Prat.g_00601
OG0000402	Pram	Prbg.g_01349	Pram.g_01001
OG0000402	Prbh	Prbg.g_01349	Prbh.g_01144
OG0000402	Praj	Prbg.g_01349	Praj.g_01057
OG0000402	Prbm	Prbg.g_01349	Prbm.g_01096
OG0000402	Prbc	Prbg.g_01349	Prbc.g_02145
OG0000402	Prbb	Prbg.g_01349	Prbb.g_01101
OG0000402	Prak	Prbg.g_01349	Prak.g_01035
OG0000402	Prap	Prbg.g_01349	Prap.g_00319
OG0000402	Prbe	Prbg.g_01349	Prbe.g_01412
OG0000402	Prbf	Prbg.g_01349	Prbf.g_01055
OG0000402	Prbn	Prbg.g_01349	Prbn.g_01356
OG0000403	Prab	Prbg.g_00911	Prab.g_00127
OG0000403	Pran	Prbg.g_00911	Pran.g_00297
OG0000403	Prai	Prbg.g_00911	Prai.g_00137
OG0000403	Prao	Prbg.g_00911	Prao.g_00275
OG0000403	Prac	Prbg.g_00911	Prac.g_01794
OG0000403	Praq	Prbg.g_00911	Praq.g_01866
OG0000403	Prar	Prbg.g_00911	Prar.g_00191
OG0000403	Prav	Prbg.g_00911	Prav.g_00202
OG0000403	Prad	Prbg.g_00911	Prad.g_01856
OG0000403	Pray	Prbg.g_00911	Pray.g_00152
OG0000403	Praz	Prbg.g_00911	Praz.g_00497
OG0000403	Prba	Prbg.g_00911	Prba.g_01925
OG0000403	Prag	Prbg.g_00911	Prag.g_00130
OG0000403	Praw	Prbg.g_00911	Praw.g_01298
OG0000403	Prbd	Prbg.g_00911	Prbd.g_01106
OG0000403	Prbi	Prbg.g_00911	Prbi.g_00145
OG0000403	Pras	Prbg.g_00911	Pras.g_00988
OG0000403	Prau	Prbg.g_00911	Prau.g_00138
OG0000403	Prae	Prbg.g_00911	Prae.g_00137
OG0000403	Praa	Prbg.g_00911	Praa.g_00137
OG0000403	Prax	Prbg.g_00911	Prax.g_01081
OG0000403	Pral	Prbg.g_00911	Pral.g_00908
OG0000403	Prat	Prbg.g_00911	Prat.g_00136
OG0000403	Prbc	Prbg.g_00911	Prbc.g_00434
OG0000403	Prbb	Prbg.g_00911	Prbb.g_00194
OG0000403	Praj	Prbg.g_00911	Praj.g_00177
OG0000403	Prbm	Prbg.g_00911	Prbm.g_00196
OG0000403	Prbj	Prbg.g_00911	Prbj.g_01543
OG0000403	Prbk	Prbg.g_00911	Prbk.g_00555
OG0000403	Prbl	Prbg.g_00911	Prbl.g_00814
OG0000403	Praf	Prbg.g_00911	Praf.g_02416
OG0000403	Prah	Prbg.g_00911	Prah.g_02265
OG0000403	Syad	Prbg.g_00911	Syad.g_02856
OG0000403	Syaj	Prbg.g_00911	Syaj.g_01941
OG0000403	Syai	Prbg.g_00911	Syai.g_02589
OG0000403	Syaf	Prbg.g_00911	Syaf.g_00851
OG0000403	Syam	Prbg.g_00911	Syam.g_02172
OG0000403	Syac	Prbg.g_00911	Syac.g_00347
OG0000403	Syah	Prbg.g_00911	Syah.g_00034
OG0000403	Syae	Prbg.g_00911	Syae.g_01411
OG0000403	Syaa	Prbg.g_00911	Syaa.g_02430
OG0000403	Syat	Prbg.g_00911	Syat.g_02914
OG0000403	Syap	Prbg.g_00911	Syap.g_02205
OG0000403	Syas	Prbg.g_00911	Syas.g_02376
OG0000403	Syar	Prbg.g_00911	Syar.g_00066
OG0000403	Syan	Prbg.g_00911	Syan.g_02271
OG0000403	Syao	Prbg.g_00911	Syao.g_02553
OG0000403	Syag	Prbg.g_00911	Syag.g_01935
OG0000403	Syaq	Prbg.g_00911	Syaq.g_01442
OG0000403	Syak	Prbg.g_00911	Syak.g_02145
OG0000403	Syab	Prbg.g_00911	Syab.g_02548
OG0000403	Syal	Prbg.g_00911	Syal.g_00868
OG0000403	Pram	Prbg.g_00911	Pram.g_00123
OG0000403	Prbh	Prbg.g_00911	Prbh.g_00644
OG0000403	Prak	Prbg.g_00911	Prak.g_00145
OG0000403	Prap	Prbg.g_00911	Prap.g_01037
OG0000403	Prbe	Prbg.g_00911	Prbe.g_01681
OG0000403	Prbf	Prbg.g_00911	Prbf.g_01467
OG0000403	Prbn	Prbg.g_00911	Prbn.g_01280
OG0000404	Prad	Prbg.g_00912	Prad.g_01855
OG0000404	Prao	Prbg.g_00912	Prao.g_00276
OG0000404	Prav	Prbg.g_00912	Prav.g_00203
OG0000404	Prac	Prbg.g_00912	Prac.g_01793
OG0000404	Praq	Prbg.g_00912	Praq.g_01865
OG0000404	Prar	Prbg.g_00912	Prar.g_00190
OG0000404	Prab	Prbg.g_00912	Prab.g_00128
OG0000404	Pran	Prbg.g_00912	Pran.g_00296
OG0000404	Prai	Prbg.g_00912	Prai.g_00138
OG0000404	Prag	Prbg.g_00912	Prag.g_00131
OG0000404	Praw	Prbg.g_00912	Praw.g_01297
OG0000404	Pray	Prbg.g_00912	Pray.g_00151
OG0000404	Praz	Prbg.g_00912	Praz.g_00498
OG0000404	Prba	Prbg.g_00912	Prba.g_01926
OG0000404	Prae	Prbg.g_00912	Prae.g_00138
OG0000404	Prax	Prbg.g_00912	Prax.g_01080
OG0000404	Pras	Prbg.g_00912	Pras.g_00989
OG0000404	Praa	Prbg.g_00912	Praa.g_00138
OG0000404	Prbd	Prbg.g_00912	Prbd.g_01105
OG0000404	Prau	Prbg.g_00912	Prau.g_00139
OG0000404	Prbi	Prbg.g_00912	Prbi.g_00146
OG0000404	Prbc	Prbg.g_00912	Prbc.g_00433
OG0000404	Prbm	Prbg.g_00912	Prbm.g_00197
OG0000404	Praj	Prbg.g_00912	Praj.g_00178
OG0000404	Prbb	Prbg.g_00912	Prbb.g_00195
OG0000404	Pram	Prbg.g_00912	Pram.g_00124
OG0000404	Prbh	Prbg.g_00912	Prbh.g_00643
OG0000404	Pral	Prbg.g_00912	Pral.g_00907
OG0000404	Prat	Prbg.g_00912	Prat.g_00137
OG0000404	Syab	Prbg.g_00912	Syab.g_02550
OG0000404	Syal	Prbg.g_00912	Syal.g_00870
OG0000404	Syak	Prbg.g_00912	Syak.g_02143
OG0000404	Syag	Prbg.g_00912	Syag.g_01937
OG0000404	Syac	Prbg.g_00912	Syac.g_00345
OG0000404	Syah	Prbg.g_00912	Syah.g_00036
OG0000404	Syaa	Prbg.g_00912	Syaa.g_02431
OG0000404	Syae	Prbg.g_00912	Syae.g_01412
OG0000404	Syad	Prbg.g_00912	Syad.g_02858
OG0000404	Syaj	Prbg.g_00912	Syaj.g_01943
OG0000404	Syaf	Prbg.g_00912	Syaf.g_00850
OG0000404	Syai	Prbg.g_00912	Syai.g_02590
OG0000404	Syam	Prbg.g_00912	Syam.g_02173
OG0000404	Praf	Prbg.g_00912	Praf.g_02418
OG0000404	Prbj	Prbg.g_00912	Prbj.g_01545
OG0000404	Prbk	Prbg.g_00912	Prbk.g_00557
OG0000404	Prbl	Prbg.g_00912	Prbl.g_00812
OG0000404	Syaq	Prbg.g_00912	Syaq.g_01440
OG0000404	Syas	Prbg.g_00912	Syas.g_02375
OG0000404	Syat	Prbg.g_00912	Syat.g_02913
OG0000404	Syap	Prbg.g_00912	Syap.g_02204, Syap.g_02618
OG0000404	Syar	Prbg.g_00912	Syar.g_00067
OG0000404	Syan	Prbg.g_00912	Syan.g_02269
OG0000404	Syao	Prbg.g_00912	Syao.g_02554
OG0000404	Prak	Prbg.g_00912	Prak.g_00146
OG0000404	Prap	Prbg.g_00912	Prap.g_01036
OG0000404	Prbe	Prbg.g_00912	Prbe.g_01682
OG0000404	Prbf	Prbg.g_00912	Prbf.g_01468
OG0000404	Prbn	Prbg.g_00912	Prbn.g_01279
OG0000405	Prab	Prbg.g_00916	Prab.g_00132
OG0000405	Pran	Prbg.g_00916	Pran.g_00292
OG0000405	Prai	Prbg.g_00916	Prai.g_00142
OG0000405	Prav	Prbg.g_00916	Prav.g_00207
OG0000405	Prao	Prbg.g_00916	Prao.g_00280
OG0000405	Pray	Prbg.g_00916	Pray.g_00147
OG0000405	Praz	Prbg.g_00916	Praz.g_00502
OG0000405	Prba	Prbg.g_00916	Prba.g_01930
OG0000405	Prae	Prbg.g_00916	Prae.g_00142
OG0000405	Prbi	Prbg.g_00916	Prbi.g_00150
OG0000405	Praa	Prbg.g_00916	Praa.g_00142
OG0000405	Prax	Prbg.g_00916	Prax.g_01076
OG0000405	Prbd	Prbg.g_00916	Prbd.g_01100
OG0000405	Prad	Prbg.g_00916	Prad.g_01851
OG0000405	Pras	Prbg.g_00916	Pras.g_00993
OG0000405	Prau	Prbg.g_00916	Prau.g_00143
OG0000405	Prag	Prbg.g_00916	Prag.g_00135
OG0000405	Praw	Prbg.g_00916	Praw.g_01293
OG0000405	Prac	Prbg.g_00916	Prac.g_01789
OG0000405	Praq	Prbg.g_00916	Praq.g_01861
OG0000405	Prar	Prbg.g_00916	Prar.g_00186
OG0000405	Prbm	Prbg.g_00916	Prbm.g_00202
OG0000405	Prbc	Prbg.g_00916	Prbc.g_00428
OG0000405	Praj	Prbg.g_00916	Praj.g_00183
OG0000405	Prbb	Prbg.g_00916	Prbb.g_00200
OG0000405	Prat	Prbg.g_00916	Prat.g_00141
OG0000405	Pral	Prbg.g_00916	Pral.g_00903
OG0000405	Prbj	Prbg.g_00916	Prbj.g_00545
OG0000405	Prbk	Prbg.g_00916	Prbk.g_00749
OG0000405	Prbl	Prbg.g_00916	Prbl.g_00305
OG0000405	Praf	Prbg.g_00916	Praf.g_02430
OG0000405	Prah	Prbg.g_00916	Prah.g_02280
OG0000405	Syaq	Prbg.g_00916	Syaq.g_01429
OG0000405	Syac	Prbg.g_00916	Syac.g_00332
OG0000405	Syah	Prbg.g_00916	Syah.g_00050
OG0000405	Syad	Prbg.g_00916	Syad.g_02874
OG0000405	Syaj	Prbg.g_00916	Syaj.g_01961
OG0000405	Syae	Prbg.g_00916	Syae.g_01426
OG0000405	Syaa	Prbg.g_00916	Syaa.g_02446
OG0000405	Syaf	Prbg.g_00916	Syaf.g_00835
OG0000405	Syai	Prbg.g_00916	Syai.g_02606
OG0000405	Syam	Prbg.g_00916	Syam.g_02189
OG0000405	Syas	Prbg.g_00916	Syas.g_02369
OG0000405	Syap	Prbg.g_00916	Syap.g_02191
OG0000405	Syat	Prbg.g_00916	Syat.g_02900
OG0000405	Syar	Prbg.g_00916	Syar.g_00076
OG0000405	Syan	Prbg.g_00916	Syan.g_03005
OG0000405	Syao	Prbg.g_00916	Syao.g_02478
OG0000405	Syag	Prbg.g_00916	Syag.g_01949
OG0000405	Syab	Prbg.g_00916	Syab.g_02562
OG0000405	Syal	Prbg.g_00916	Syal.g_00883
OG0000405	Syak	Prbg.g_00916	Syak.g_02131
OG0000405	Pram	Prbg.g_00916	Pram.g_00128
OG0000405	Prbh	Prbg.g_00916	Prbh.g_00639
OG0000405	Prak	Prbg.g_00916	Prak.g_00150
OG0000405	Prap	Prbg.g_00916	Prap.g_01032
OG0000405	Prbe	Prbg.g_00916	Prbe.g_01686
OG0000405	Prbf	Prbg.g_00916	Prbf.g_01472
OG0000405	Prbn	Prbg.g_00916	Prbn.g_01275
OG0000406	Prao	Prbg.g_00924	Prao.g_00285
OG0000406	Prab	Prbg.g_00924	Prab.g_00138
OG0000406	Pran	Prbg.g_00924	Pran.g_00286
OG0000406	Prai	Prbg.g_00924	Prai.g_00158
OG0000406	Pray	Prbg.g_00924	Pray.g_00142
OG0000406	Praz	Prbg.g_00924	Praz.g_00507
OG0000406	Prba	Prbg.g_00924	Prba.g_01935
OG0000406	Prag	Prbg.g_00924	Prag.g_00140
OG0000406	Praw	Prbg.g_00924	Praw.g_01288
OG0000406	Prac	Prbg.g_00924	Prac.g_01783
OG0000406	Praq	Prbg.g_00924	Praq.g_01855
OG0000406	Prar	Prbg.g_00924	Prar.g_00180
OG0000406	Prav	Prbg.g_00924	Prav.g_00214
OG0000406	Prad	Prbg.g_00924	Prad.g_01844
OG0000406	Pras	Prbg.g_00924	Pras.g_00998
OG0000406	Prau	Prbg.g_00924	Prau.g_00148
OG0000406	Prax	Prbg.g_00924	Prax.g_01071
OG0000406	Praa	Prbg.g_00924	Praa.g_00147
OG0000406	Prbd	Prbg.g_00924	Prbd.g_01093
OG0000406	Prae	Prbg.g_00924	Prae.g_00150
OG0000406	Prbi	Prbg.g_00924	Prbi.g_00171
OG0000406	Praj	Prbg.g_00924	Praj.g_00187
OG0000406	Prbm	Prbg.g_00924	Prbm.g_00206
OG0000406	Prbc	Prbg.g_00924	Prbc.g_00424
OG0000406	Prbb	Prbg.g_00924	Prbb.g_00204
OG0000406	Prah	Prbg.g_00924	Prah.g_02284
OG0000406	Praf	Prbg.g_00924	Praf.g_02434
OG0000406	Prbj	Prbg.g_00924	Prbj.g_00541
OG0000406	Prbk	Prbg.g_00924	Prbk.g_00753
OG0000406	Prbl	Prbg.g_00924	Prbl.g_00301
OG0000406	Syaq	Prbg.g_00924	Syaq.g_01422
OG0000406	Syab	Prbg.g_00924	Syab.g_02566
OG0000406	Syal	Prbg.g_00924	Syal.g_00888
OG0000406	Syad	Prbg.g_00924	Syad.g_02878
OG0000406	Syaj	Prbg.g_00924	Syaj.g_01966
OG0000406	Syac	Prbg.g_00924	Syac.g_00328
OG0000406	Syah	Prbg.g_00924	Syah.g_00054
OG0000406	Syaf	Prbg.g_00924	Syaf.g_00831
OG0000406	Syai	Prbg.g_00924	Syai.g_02610
OG0000406	Syam	Prbg.g_00924	Syam.g_02193
OG0000406	Syaa	Prbg.g_00924	Syaa.g_02450
OG0000406	Syae	Prbg.g_00924	Syae.g_01430
OG0000406	Syap	Prbg.g_00924	Syap.g_02186
OG0000406	Syas	Prbg.g_00924	Syas.g_02365
OG0000406	Syar	Prbg.g_00924	Syar.g_00080
OG0000406	Syat	Prbg.g_00924	Syat.g_02896
OG0000406	Syan	Prbg.g_00924	Syan.g_03010
OG0000406	Syao	Prbg.g_00924	Syao.g_02482
OG0000406	Syag	Prbg.g_00924	Syag.g_01953
OG0000406	Syak	Prbg.g_00924	Syak.g_02126
OG0000406	Pral	Prbg.g_00924	Pral.g_00898
OG0000406	Prat	Prbg.g_00924	Prat.g_00146
OG0000406	Pram	Prbg.g_00924	Pram.g_00132
OG0000406	Prbh	Prbg.g_00924	Prbh.g_00635
OG0000406	Prak	Prbg.g_00924	Prak.g_00158
OG0000406	Prap	Prbg.g_00924	Prap.g_01024
OG0000406	Prbe	Prbg.g_00924	Prbe.g_01694
OG0000406	Prbf	Prbg.g_00924	Prbf.g_01480
OG0000406	Prbn	Prbg.g_00924	Prbn.g_01267
OG0000407	Prai	Prbg.g_00925	Prai.g_00159
OG0000407	Prab	Prbg.g_00925	Prab.g_00139
OG0000407	Pran	Prbg.g_00925	Pran.g_00285
OG0000407	Prac	Prbg.g_00925	Prac.g_01782
OG0000407	Praq	Prbg.g_00925	Praq.g_01854
OG0000407	Prar	Prbg.g_00925	Prar.g_00179
OG0000407	Prao	Prbg.g_00925	Prao.g_00286
OG0000407	Prag	Prbg.g_00925	Prag.g_00141
OG0000407	Praw	Prbg.g_00925	Praw.g_01287
OG0000407	Prav	Prbg.g_00925	Prav.g_00215
OG0000407	Prad	Prbg.g_00925	Prad.g_01843
OG0000407	Pras	Prbg.g_00925	Pras.g_00999
OG0000407	Prau	Prbg.g_00925	Prau.g_00149
OG0000407	Pray	Prbg.g_00925	Pray.g_00141
OG0000407	Praz	Prbg.g_00925	Praz.g_00508
OG0000407	Prba	Prbg.g_00925	Prba.g_01936
OG0000407	Praa	Prbg.g_00925	Praa.g_00148
OG0000407	Prax	Prbg.g_00925	Prax.g_01070
OG0000407	Prbd	Prbg.g_00925	Prbd.g_01092
OG0000407	Prae	Prbg.g_00925	Prae.g_00151
OG0000407	Prbi	Prbg.g_00925	Prbi.g_00172
OG0000407	Prbm	Prbg.g_00925	Prbm.g_00207
OG0000407	Prbc	Prbg.g_00925	Prbc.g_00423
OG0000407	Praj	Prbg.g_00925	Praj.g_00188
OG0000407	Prbb	Prbg.g_00925	Prbb.g_00205
OG0000407	Syae	Prbg.g_00925	Syae.g_01431
OG0000407	Syad	Prbg.g_00925	Syad.g_02879
OG0000407	Syaj	Prbg.g_00925	Syaj.g_01967
OG0000407	Syac	Prbg.g_00925	Syac.g_00327
OG0000407	Syah	Prbg.g_00925	Syah.g_00055
OG0000407	Syaa	Prbg.g_00925	Syaa.g_02451
OG0000407	Syam	Prbg.g_00925	Syam.g_02194
OG0000407	Syai	Prbg.g_00925	Syai.g_02611
OG0000407	Syaf	Prbg.g_00925	Syaf.g_00830
OG0000407	Syar	Prbg.g_00925	Syar.g_00081
OG0000407	Syat	Prbg.g_00925	Syat.g_02895
OG0000407	Syas	Prbg.g_00925	Syas.g_02364
OG0000407	Syap	Prbg.g_00925	Syap.g_02185
OG0000407	Syan	Prbg.g_00925	Syan.g_03011
OG0000407	Syao	Prbg.g_00925	Syao.g_02483
OG0000407	Syak	Prbg.g_00925	Syak.g_02125
OG0000407	Syab	Prbg.g_00925	Syab.g_02567
OG0000407	Syal	Prbg.g_00925	Syal.g_00889
OG0000407	Syag	Prbg.g_00925	Syag.g_01954
OG0000407	Syaq	Prbg.g_00925	Syaq.g_01421
OG0000407	Prbj	Prbg.g_00925	Prbj.g_00540
OG0000407	Prbk	Prbg.g_00925	Prbk.g_00754
OG0000407	Prbl	Prbg.g_00925	Prbl.g_00300
OG0000407	Praf	Prbg.g_00925	Praf.g_02435
OG0000407	Prah	Prbg.g_00925	Prah.g_02285
OG0000407	Pral	Prbg.g_00925	Pral.g_00897
OG0000407	Prat	Prbg.g_00925	Prat.g_00147
OG0000407	Pram	Prbg.g_00925	Pram.g_00133
OG0000407	Prbh	Prbg.g_00925	Prbh.g_00634
OG0000407	Prak	Prbg.g_00925	Prak.g_00159
OG0000407	Prap	Prbg.g_00925	Prap.g_01023
OG0000407	Prbe	Prbg.g_00925	Prbe.g_01695
OG0000407	Prbf	Prbg.g_00925	Prbf.g_01481
OG0000407	Prbn	Prbg.g_00925	Prbn.g_01266
OG0000408	Prab	Prbg.g_00927	Prab.g_00141
OG0000408	Pran	Prbg.g_00927	Pran.g_00282
OG0000408	Prai	Prbg.g_00927	Prai.g_00161
OG0000408	Prag	Prbg.g_00927	Prag.g_00143
OG0000408	Praw	Prbg.g_00927	Praw.g_01285
OG0000408	Prao	Prbg.g_00927	Prao.g_00288
OG0000408	Pras	Prbg.g_00927	Pras.g_01001
OG0000408	Prau	Prbg.g_00927	Prau.g_00151
OG0000408	Prac	Prbg.g_00927	Prac.g_01780
OG0000408	Praq	Prbg.g_00927	Praq.g_01852
OG0000408	Prar	Prbg.g_00927	Prar.g_00177
OG0000408	Prad	Prbg.g_00927	Prad.g_01841
OG0000408	Pray	Prbg.g_00927	Pray.g_00139
OG0000408	Praz	Prbg.g_00927	Praz.g_00510
OG0000408	Prba	Prbg.g_00927	Prba.g_01938
OG0000408	Prae	Prbg.g_00927	Prae.g_00153
OG0000408	Prax	Prbg.g_00927	Prax.g_01068
OG0000408	Prbd	Prbg.g_00927	Prbd.g_01090
OG0000408	Praa	Prbg.g_00927	Praa.g_00150
OG0000408	Prbi	Prbg.g_00927	Prbi.g_00174
OG0000408	Prbm	Prbg.g_00927	Prbm.g_00209
OG0000408	Prbb	Prbg.g_00927	Prbb.g_00207
OG0000408	Praj	Prbg.g_00927	Praj.g_00190
OG0000408	Prbc	Prbg.g_00927	Prbc.g_00421
OG0000408	Prbj	Prbg.g_00927	Prbj.g_00538
OG0000408	Prbk	Prbg.g_00927	Prbk.g_00756
OG0000408	Prbl	Prbg.g_00927	Prbl.g_00298
OG0000408	Praf	Prbg.g_00927	Praf.g_02437
OG0000408	Prah	Prbg.g_00927	Prah.g_02287
OG0000408	Syac	Prbg.g_00927	Syac.g_00325
OG0000408	Syah	Prbg.g_00927	Syah.g_00057
OG0000408	Syad	Prbg.g_00927	Syad.g_02883
OG0000408	Syaj	Prbg.g_00927	Syaj.g_01970
OG0000408	Syaf	Prbg.g_00927	Syaf.g_00828
OG0000408	Syai	Prbg.g_00927	Syai.g_02613
OG0000408	Syam	Prbg.g_00927	Syam.g_02196
OG0000408	Syae	Prbg.g_00927	Syae.g_01433
OG0000408	Syaa	Prbg.g_00927	Syaa.g_02458
OG0000408	Syas	Prbg.g_00927	Syas.g_02361
OG0000408	Syap	Prbg.g_00927	Syap.g_02181, Syap.g_02182
OG0000408	Syan	Prbg.g_00927	Syan.g_03013
OG0000408	Syao	Prbg.g_00927	Syao.g_02485
OG0000408	Syat	Prbg.g_00927	Syat.g_02893
OG0000408	Syar	Prbg.g_00927	Syar.g_00083
OG0000408	Syab	Prbg.g_00927	Syab.g_02569
OG0000408	Syal	Prbg.g_00927	Syal.g_00891
OG0000408	Syak	Prbg.g_00927	Syak.g_02123
OG0000408	Syag	Prbg.g_00927	Syag.g_01956
OG0000408	Syaq	Prbg.g_00927	Syaq.g_01419
OG0000408	Pral	Prbg.g_00927	Pral.g_00895
OG0000408	Prat	Prbg.g_00927	Prat.g_00149
OG0000408	Pram	Prbg.g_00927	Pram.g_00135
OG0000408	Prbh	Prbg.g_00927	Prbh.g_00632
OG0000408	Prak	Prbg.g_00927	Prak.g_00161
OG0000408	Prap	Prbg.g_00927	Prap.g_01021
OG0000408	Prbe	Prbg.g_00927	Prbe.g_01697
OG0000408	Prbf	Prbg.g_00927	Prbf.g_01483
OG0000408	Prbn	Prbg.g_00927	Prbn.g_01264
OG0000409	Prab	Prbg.g_00929	Prab.g_00143
OG0000409	Pran	Prbg.g_00929	Pran.g_00280
OG0000409	Prai	Prbg.g_00929	Prai.g_00163
OG0000409	Prac	Prbg.g_00929	Prac.g_01778
OG0000409	Praq	Prbg.g_00929	Praq.g_01850
OG0000409	Prar	Prbg.g_00929	Prar.g_00175
OG0000409	Prao	Prbg.g_00929	Prao.g_00290
OG0000409	Pras	Prbg.g_00929	Pras.g_01003
OG0000409	Prau	Prbg.g_00929	Prau.g_00153
OG0000409	Prbi	Prbg.g_00929	Prbi.g_00176
OG0000409	Prax	Prbg.g_00929	Prax.g_01066
OG0000409	Prbd	Prbg.g_00929	Prbd.g_01088
OG0000409	Praa	Prbg.g_00929	Praa.g_00152
OG0000409	Prae	Prbg.g_00929	Prae.g_00155
OG0000409	Prad	Prbg.g_00929	Prad.g_01839
OG0000409	Prag	Prbg.g_00929	Prag.g_00145
OG0000409	Praw	Prbg.g_00929	Praw.g_01283
OG0000409	Prav	Prbg.g_00929	Prav.g_00886
OG0000409	Pray	Prbg.g_00929	Pray.g_00137
OG0000409	Praz	Prbg.g_00929	Praz.g_00512
OG0000409	Prba	Prbg.g_00929	Prba.g_01940
OG0000409	Praj	Prbg.g_00929	Praj.g_00192
OG0000409	Prbc	Prbg.g_00929	Prbc.g_00419
OG0000409	Prbb	Prbg.g_00929	Prbb.g_00209
OG0000409	Prbm	Prbg.g_00929	Prbm.g_00211
OG0000409	Pral	Prbg.g_00929	Pral.g_00893
OG0000409	Prat	Prbg.g_00929	Prat.g_00151
OG0000409	Prbj	Prbg.g_00929	Prbj.g_00536
OG0000409	Prbk	Prbg.g_00929	Prbk.g_00758
OG0000409	Prbl	Prbg.g_00929	Prbl.g_00296
OG0000409	Praf	Prbg.g_00929	Praf.g_02439
OG0000409	Prah	Prbg.g_00929	Prah.g_02289
OG0000409	Syar	Prbg.g_00929	Syar.g_00085
OG0000409	Syan	Prbg.g_00929	Syan.g_03015
OG0000409	Syao	Prbg.g_00929	Syao.g_02487
OG0000409	Syat	Prbg.g_00929	Syat.g_02891
OG0000409	Syap	Prbg.g_00929	Syap.g_02179
OG0000409	Syas	Prbg.g_00929	Syas.g_02359
OG0000409	Syaq	Prbg.g_00929	Syaq.g_01417
OG0000409	Syae	Prbg.g_00929	Syae.g_01435
OG0000409	Syad	Prbg.g_00929	Syad.g_02885
OG0000409	Syaj	Prbg.g_00929	Syaj.g_01972
OG0000409	Syaa	Prbg.g_00929	Syaa.g_02460
OG0000409	Syac	Prbg.g_00929	Syac.g_00323
OG0000409	Syah	Prbg.g_00929	Syah.g_00059
OG0000409	Syaf	Prbg.g_00929	Syaf.g_00826
OG0000409	Syai	Prbg.g_00929	Syai.g_02615
OG0000409	Syam	Prbg.g_00929	Syam.g_02198
OG0000409	Syag	Prbg.g_00929	Syag.g_01958
OG0000409	Syak	Prbg.g_00929	Syak.g_02121
OG0000409	Syab	Prbg.g_00929	Syab.g_02571
OG0000409	Syal	Prbg.g_00929	Syal.g_00893
OG0000409	Pram	Prbg.g_00929	Pram.g_00137
OG0000409	Prbh	Prbg.g_00929	Prbh.g_00630
OG0000409	Prak	Prbg.g_00929	Prak.g_00163
OG0000409	Prap	Prbg.g_00929	Prap.g_01019
OG0000409	Prbe	Prbg.g_00929	Prbe.g_01699
OG0000409	Prbf	Prbg.g_00929	Prbf.g_01485
OG0000409	Prbn	Prbg.g_00929	Prbn.g_01262
OG0000410	Prab	Prbg.g_00930	Prab.g_00144
OG0000410	Pran	Prbg.g_00930	Pran.g_00279
OG0000410	Prai	Prbg.g_00930	Prai.g_00164
OG0000410	Prag	Prbg.g_00930	Prag.g_00146
OG0000410	Praw	Prbg.g_00930	Praw.g_01282
OG0000410	Prav	Prbg.g_00930	Prav.g_00885
OG0000410	Prao	Prbg.g_00930	Prao.g_00291
OG0000410	Prae	Prbg.g_00930	Prae.g_00156
OG0000410	Prbi	Prbg.g_00930	Prbi.g_00177
OG0000410	Pray	Prbg.g_00930	Pray.g_00136
OG0000410	Praz	Prbg.g_00930	Praz.g_00513
OG0000410	Prba	Prbg.g_00930	Prba.g_01941
OG0000410	Prad	Prbg.g_00930	Prad.g_01838
OG0000410	Pras	Prbg.g_00930	Pras.g_01004
OG0000410	Prau	Prbg.g_00930	Prau.g_00154
OG0000410	Prbd	Prbg.g_00930	Prbd.g_01087
OG0000410	Praa	Prbg.g_00930	Praa.g_00153
OG0000410	Prax	Prbg.g_00930	Prax.g_01065
OG0000410	Prac	Prbg.g_00930	Prac.g_01777
OG0000410	Praq	Prbg.g_00930	Praq.g_01849
OG0000410	Prar	Prbg.g_00930	Prar.g_00174
OG0000410	Praj	Prbg.g_00930	Praj.g_00193
OG0000410	Prbc	Prbg.g_00930	Prbc.g_00418
OG0000410	Prbb	Prbg.g_00930	Prbb.g_00210
OG0000410	Prbm	Prbg.g_00930	Prbm.g_00212
OG0000410	Syak	Prbg.g_00930	Syak.g_02120
OG0000410	Syab	Prbg.g_00930	Syab.g_02572
OG0000410	Syal	Prbg.g_00930	Syal.g_00894
OG0000410	Syat	Prbg.g_00930	Syat.g_02890
OG0000410	Syas	Prbg.g_00930	Syas.g_02358
OG0000410	Syap	Prbg.g_00930	Syap.g_02178
OG0000410	Syan	Prbg.g_00930	Syan.g_03016
OG0000410	Syao	Prbg.g_00930	Syao.g_02488
OG0000410	Syar	Prbg.g_00930	Syar.g_00086
OG0000410	Prah	Prbg.g_00930	Prah.g_02290
OG0000410	Praf	Prbg.g_00930	Praf.g_02440
OG0000410	Prbj	Prbg.g_00930	Prbj.g_00535
OG0000410	Prbk	Prbg.g_00930	Prbk.g_00759
OG0000410	Prbl	Prbg.g_00930	Prbl.g_00295
OG0000410	Syad	Prbg.g_00930	Syad.g_02886
OG0000410	Syaj	Prbg.g_00930	Syaj.g_01973
OG0000410	Syae	Prbg.g_00930	Syae.g_01436
OG0000410	Syac	Prbg.g_00930	Syac.g_00322
OG0000410	Syah	Prbg.g_00930	Syah.g_00060
OG0000410	Syaa	Prbg.g_00930	Syaa.g_02461
OG0000410	Syaf	Prbg.g_00930	Syaf.g_00825
OG0000410	Syai	Prbg.g_00930	Syai.g_02616
OG0000410	Syam	Prbg.g_00930	Syam.g_02199
OG0000410	Syag	Prbg.g_00930	Syag.g_01959
OG0000410	Syaq	Prbg.g_00930	Syaq.g_01416
OG0000410	Pral	Prbg.g_00930	Pral.g_00892
OG0000410	Prat	Prbg.g_00930	Prat.g_00152
OG0000410	Pram	Prbg.g_00930	Pram.g_00138
OG0000410	Prbh	Prbg.g_00930	Prbh.g_00629
OG0000410	Prak	Prbg.g_00930	Prak.g_00164
OG0000410	Prap	Prbg.g_00930	Prap.g_01018
OG0000410	Prbe	Prbg.g_00930	Prbe.g_01700
OG0000410	Prbf	Prbg.g_00930	Prbf.g_01486
OG0000410	Prbn	Prbg.g_00930	Prbn.g_01261
OG0000411	Prab	Prbg.g_00931	Prab.g_00145
OG0000411	Pran	Prbg.g_00931	Pran.g_00278
OG0000411	Prai	Prbg.g_00931	Prai.g_00165
OG0000411	Prad	Prbg.g_00931	Prad.g_01837
OG0000411	Prax	Prbg.g_00931	Prax.g_01064
OG0000411	Prbd	Prbg.g_00931	Prbd.g_01086
OG0000411	Prao	Prbg.g_00931	Prao.g_00292
OG0000411	Prag	Prbg.g_00931	Prag.g_00147
OG0000411	Praw	Prbg.g_00931	Praw.g_01281
OG0000411	Prav	Prbg.g_00931	Prav.g_00884
OG0000411	Prac	Prbg.g_00931	Prac.g_01776
OG0000411	Praq	Prbg.g_00931	Praq.g_01848
OG0000411	Prar	Prbg.g_00931	Prar.g_00173
OG0000411	Prbi	Prbg.g_00931	Prbi.g_00178
OG0000411	Pray	Prbg.g_00931	Pray.g_00635
OG0000411	Praz	Prbg.g_00931	Praz.g_00514
OG0000411	Prba	Prbg.g_00931	Prba.g_01942
OG0000411	Praa	Prbg.g_00931	Praa.g_00154
OG0000411	Prae	Prbg.g_00931	Prae.g_00157
OG0000411	Pras	Prbg.g_00931	Pras.g_01005
OG0000411	Prau	Prbg.g_00931	Prau.g_00155
OG0000411	Praj	Prbg.g_00931	Praj.g_00194
OG0000411	Prbc	Prbg.g_00931	Prbc.g_00417
OG0000411	Prbb	Prbg.g_00931	Prbb.g_00211
OG0000411	Prbm	Prbg.g_00931	Prbm.g_00213
OG0000411	Praf	Prbg.g_00931	Praf.g_02441
OG0000411	Prbj	Prbg.g_00931	Prbj.g_00534
OG0000411	Prbk	Prbg.g_00931	Prbk.g_00760
OG0000411	Prbl	Prbg.g_00931	Prbl.g_00294
OG0000411	Prah	Prbg.g_00931	Prah.g_02291
OG0000411	Syae	Prbg.g_00931	Syae.g_01437
OG0000411	Syad	Prbg.g_00931	Syad.g_02887
OG0000411	Syaj	Prbg.g_00931	Syaj.g_01974
OG0000411	Syaf	Prbg.g_00931	Syaf.g_00824
OG0000411	Syai	Prbg.g_00931	Syai.g_02617
OG0000411	Syam	Prbg.g_00931	Syam.g_02200
OG0000411	Syaa	Prbg.g_00931	Syaa.g_02462
OG0000411	Syac	Prbg.g_00931	Syac.g_00321
OG0000411	Syah	Prbg.g_00931	Syah.g_00061
OG0000411	Syar	Prbg.g_00931	Syar.g_00087
OG0000411	Syas	Prbg.g_00931	Syas.g_02357
OG0000411	Syat	Prbg.g_00931	Syat.g_02889
OG0000411	Syap	Prbg.g_00931	Syap.g_02177
OG0000411	Syan	Prbg.g_00931	Syan.g_03017
OG0000411	Syao	Prbg.g_00931	Syao.g_02489
OG0000411	Syag	Prbg.g_00931	Syag.g_01960
OG0000411	Syak	Prbg.g_00931	Syak.g_02119
OG0000411	Syab	Prbg.g_00931	Syab.g_02573
OG0000411	Syal	Prbg.g_00931	Syal.g_00895
OG0000411	Syaq	Prbg.g_00931	Syaq.g_01415
OG0000411	Pral	Prbg.g_00931	Pral.g_00891
OG0000411	Prat	Prbg.g_00931	Prat.g_00153
OG0000411	Pram	Prbg.g_00931	Pram.g_00139
OG0000411	Prbh	Prbg.g_00931	Prbh.g_00628
OG0000411	Prak	Prbg.g_00931	Prak.g_00165
OG0000411	Prap	Prbg.g_00931	Prap.g_01017
OG0000411	Prbe	Prbg.g_00931	Prbe.g_01701
OG0000411	Prbf	Prbg.g_00931	Prbf.g_01487
OG0000411	Prbn	Prbg.g_00931	Prbn.g_01260
OG0000412	Prab	Prbg.g_00932	Prab.g_00146
OG0000412	Pran	Prbg.g_00932	Pran.g_00277
OG0000412	Prai	Prbg.g_00932	Prai.g_00166
OG0000412	Prad	Prbg.g_00932	Prad.g_01836
OG0000412	Prac	Prbg.g_00932	Prac.g_01775
OG0000412	Praq	Prbg.g_00932	Praq.g_01847
OG0000412	Prar	Prbg.g_00932	Prar.g_00172
OG0000412	Prae	Prbg.g_00932	Prae.g_00158
OG0000412	Praa	Prbg.g_00932	Praa.g_00155
OG0000412	Prbi	Prbg.g_00932	Prbi.g_00179
OG0000412	Pray	Prbg.g_00932	Pray.g_00636
OG0000412	Praz	Prbg.g_00932	Praz.g_00515
OG0000412	Prba	Prbg.g_00932	Prba.g_01943
OG0000412	Prax	Prbg.g_00932	Prax.g_01063
OG0000412	Prbd	Prbg.g_00932	Prbd.g_01085
OG0000412	Prao	Prbg.g_00932	Prao.g_00293
OG0000412	Prag	Prbg.g_00932	Prag.g_00148
OG0000412	Praw	Prbg.g_00932	Praw.g_01280
OG0000412	Prav	Prbg.g_00932	Prav.g_00883
OG0000412	Pras	Prbg.g_00932	Pras.g_01006
OG0000412	Prau	Prbg.g_00932	Prau.g_00156
OG0000412	Praj	Prbg.g_00932	Praj.g_00195
OG0000412	Prbc	Prbg.g_00932	Prbc.g_00416
OG0000412	Prbb	Prbg.g_00932	Prbb.g_00212
OG0000412	Prbm	Prbg.g_00932	Prbm.g_00214
OG0000412	Pral	Prbg.g_00932	Pral.g_00890
OG0000412	Prat	Prbg.g_00932	Prat.g_00154
OG0000412	Prah	Prbg.g_00932	Prah.g_02292
OG0000412	Praf	Prbg.g_00932	Praf.g_02442
OG0000412	Prbj	Prbg.g_00932	Prbj.g_00533
OG0000412	Prbk	Prbg.g_00932	Prbk.g_00761
OG0000412	Prbl	Prbg.g_00932	Prbl.g_00293
OG0000412	Syak	Prbg.g_00932	Syak.g_02118
OG0000412	Syab	Prbg.g_00932	Syab.g_02574
OG0000412	Syal	Prbg.g_00932	Syal.g_00896
OG0000412	Syar	Prbg.g_00932	Syar.g_00088
OG0000412	Syat	Prbg.g_00932	Syat.g_02888
OG0000412	Syap	Prbg.g_00932	Syap.g_02176
OG0000412	Syan	Prbg.g_00932	Syan.g_03018
OG0000412	Syao	Prbg.g_00932	Syao.g_02490
OG0000412	Syas	Prbg.g_00932	Syas.g_02356
OG0000412	Syag	Prbg.g_00932	Syag.g_01961
OG0000412	Syaq	Prbg.g_00932	Syaq.g_01414
OG0000412	Syac	Prbg.g_00932	Syac.g_00320
OG0000412	Syah	Prbg.g_00932	Syah.g_00062
OG0000412	Syaf	Prbg.g_00932	Syaf.g_00823
OG0000412	Syam	Prbg.g_00932	Syam.g_02201
OG0000412	Syai	Prbg.g_00932	Syai.g_02618
OG0000412	Syae	Prbg.g_00932	Syae.g_01438
OG0000412	Syaa	Prbg.g_00932	Syaa.g_02463
OG0000412	Syad	Prbg.g_00932	Syad.g_02888
OG0000412	Syaj	Prbg.g_00932	Syaj.g_01975
OG0000412	Pram	Prbg.g_00932	Pram.g_00140
OG0000412	Prbh	Prbg.g_00932	Prbh.g_00627
OG0000412	Prbf	Prbg.g_00932	Prbf.g_01488
OG0000412	Prak	Prbg.g_00932	Prak.g_00166
OG0000412	Prap	Prbg.g_00932	Prap.g_01016
OG0000412	Prbe	Prbg.g_00932	Prbe.g_01702
OG0000412	Prbn	Prbg.g_00932	Prbn.g_01259
OG0000413	Prab	Prbg.g_00934	Prab.g_00147
OG0000413	Pran	Prbg.g_00934	Pran.g_00276
OG0000413	Prai	Prbg.g_00934	Prai.g_00167
OG0000413	Prav	Prbg.g_00934	Prav.g_00882
OG0000413	Prag	Prbg.g_00934	Prag.g_00149
OG0000413	Praw	Prbg.g_00934	Praw.g_01279
OG0000413	Prac	Prbg.g_00934	Prac.g_01774
OG0000413	Prar	Prbg.g_00934	Prar.g_00171
OG0000413	Praq	Prbg.g_00934	Praq.g_01846
OG0000413	Prad	Prbg.g_00934	Prad.g_01835
OG0000413	Pras	Prbg.g_00934	Pras.g_01007
OG0000413	Prau	Prbg.g_00934	Prau.g_00157
OG0000413	Prao	Prbg.g_00934	Prao.g_00294
OG0000413	Praa	Prbg.g_00934	Praa.g_00156
OG0000413	Prae	Prbg.g_00934	Prae.g_00159
OG0000413	Prbi	Prbg.g_00934	Prbi.g_00180
OG0000413	Prax	Prbg.g_00934	Prax.g_01062
OG0000413	Prbd	Prbg.g_00934	Prbd.g_01084
OG0000413	Pray	Prbg.g_00934	Pray.g_00637
OG0000413	Praz	Prbg.g_00934	Praz.g_00516
OG0000413	Prba	Prbg.g_00934	Prba.g_01944
OG0000413	Prat	Prbg.g_00934	Prat.g_00156
OG0000413	Pral	Prbg.g_00934	Pral.g_00888
OG0000413	Praj	Prbg.g_00934	Praj.g_00196
OG0000413	Prbc	Prbg.g_00934	Prbc.g_00415
OG0000413	Prbb	Prbg.g_00934	Prbb.g_00213
OG0000413	Prbm	Prbg.g_00934	Prbm.g_00215
OG0000413	Syak	Prbg.g_00934	Syak.g_02116
OG0000413	Syab	Prbg.g_00934	Syab.g_02576
OG0000413	Syal	Prbg.g_00934	Syal.g_00898
OG0000413	Syag	Prbg.g_00934	Syag.g_01963
OG0000413	Syaq	Prbg.g_00934	Syaq.g_01412
OG0000413	Prah	Prbg.g_00934	Prah.g_02294
OG0000413	Praf	Prbg.g_00934	Praf.g_02444
OG0000413	Prbj	Prbg.g_00934	Prbj.g_00531
OG0000413	Prbk	Prbg.g_00934	Prbk.g_00763
OG0000413	Prbl	Prbg.g_00934	Prbl.g_00291
OG0000413	Syat	Prbg.g_00934	Syat.g_02886
OG0000413	Syas	Prbg.g_00934	Syas.g_02354
OG0000413	Syap	Prbg.g_00934	Syap.g_02174
OG0000413	Syar	Prbg.g_00934	Syar.g_00090
OG0000413	Syan	Prbg.g_00934	Syan.g_03020
OG0000413	Syao	Prbg.g_00934	Syao.g_02492
OG0000413	Syaa	Prbg.g_00934	Syaa.g_02465
OG0000413	Syaf	Prbg.g_00934	Syaf.g_00821
OG0000413	Syai	Prbg.g_00934	Syai.g_02620
OG0000413	Syam	Prbg.g_00934	Syam.g_02203
OG0000413	Syad	Prbg.g_00934	Syad.g_02890
OG0000413	Syaj	Prbg.g_00934	Syaj.g_01977
OG0000413	Syac	Prbg.g_00934	Syac.g_00318
OG0000413	Syah	Prbg.g_00934	Syah.g_00064
OG0000413	Syae	Prbg.g_00934	Syae.g_01440
OG0000413	Pram	Prbg.g_00934	Pram.g_00141
OG0000413	Prbh	Prbg.g_00934	Prbh.g_00626
OG0000413	Prak	Prbg.g_00934	Prak.g_00168
OG0000413	Prap	Prbg.g_00934	Prap.g_01014
OG0000413	Prbe	Prbg.g_00934	Prbe.g_01704
OG0000413	Prbf	Prbg.g_00934	Prbf.g_01490
OG0000413	Prbn	Prbg.g_00934	Prbn.g_01257
OG0000414	Prac	Prbg.g_00935	Prac.g_01590, Prac.g_01773
OG0000414	Praq	Prbg.g_00935	Praq.g_00554, Praq.g_01845
OG0000414	Prar	Prbg.g_00935	Prar.g_01569, Prar.g_00170
OG0000414	Prai	Prbg.g_00935	Prai.g_01288, Prai.g_00168
OG0000414	Prab	Prbg.g_00935	Prab.g_00148
OG0000414	Pran	Prbg.g_00935	Pran.g_00275
OG0000414	Prad	Prbg.g_00935	Prad.g_01834
OG0000414	Pras	Prbg.g_00935	Pras.g_01008
OG0000414	Prau	Prbg.g_00935	Prau.g_00158
OG0000414	Prag	Prbg.g_00935	Prag.g_00150
OG0000414	Praw	Prbg.g_00935	Praw.g_01278
OG0000414	Prav	Prbg.g_00935	Prav.g_00881
OG0000414	Prao	Prbg.g_00935	Prao.g_00295
OG0000414	Pray	Prbg.g_00935	Pray.g_00638
OG0000414	Praz	Prbg.g_00935	Praz.g_00517
OG0000414	Prba	Prbg.g_00935	Prba.g_01945
OG0000414	Prax	Prbg.g_00935	Prax.g_01061
OG0000414	Praa	Prbg.g_00935	Praa.g_00157
OG0000414	Prbd	Prbg.g_00935	Prbd.g_01083
OG0000414	Prae	Prbg.g_00935	Prae.g_00160
OG0000414	Prbi	Prbg.g_00935	Prbi.g_00181
OG0000414	Pral	Prbg.g_00935	Pral.g_00887
OG0000414	Prat	Prbg.g_00935	Prat.g_00157
OG0000414	Prbb	Prbg.g_00935	Prbb.g_00214
OG0000414	Prbm	Prbg.g_00935	Prbm.g_00216
OG0000414	Praj	Prbg.g_00935	Praj.g_00197
OG0000414	Prbc	Prbg.g_00935	Prbc.g_00414
OG0000414	Syam	Prbg.g_00935	Syam.g_02204
OG0000414	Syai	Prbg.g_00935	Syai.g_02621
OG0000414	Syaf	Prbg.g_00935	Syaf.g_00820
OG0000414	Prah	Prbg.g_00935	Prah.g_02295
OG0000414	Praf	Prbg.g_00935	Praf.g_02445
OG0000414	Prbj	Prbg.g_00935	Prbj.g_00530
OG0000414	Prbk	Prbg.g_00935	Prbk.g_00764
OG0000414	Prbl	Prbg.g_00935	Prbl.g_00290
OG0000414	Syab	Prbg.g_00935	Syab.g_02577
OG0000414	Syal	Prbg.g_00935	Syal.g_00899
OG0000414	Syag	Prbg.g_00935	Syag.g_01964
OG0000414	Syaq	Prbg.g_00935	Syaq.g_01411
OG0000414	Syac	Prbg.g_00935	Syac.g_00317
OG0000414	Syas	Prbg.g_00935	Syas.g_02353
OG0000414	Syap	Prbg.g_00935	Syap.g_02173
OG0000414	Syar	Prbg.g_00935	Syar.g_00091, Syar.g_03179
OG0000414	Syat	Prbg.g_00935	Syat.g_02885
OG0000414	Syah	Prbg.g_00935	Syah.g_00065
OG0000414	Syan	Prbg.g_00935	Syan.g_03021
OG0000414	Syao	Prbg.g_00935	Syao.g_02493
OG0000414	Pram	Prbg.g_00935	Pram.g_00142
OG0000414	Prbh	Prbg.g_00935	Prbh.g_00625
OG0000414	Prbn	Prbg.g_00935	Prbn.g_01256
OG0000414	Prak	Prbg.g_00935	Prak.g_00169
OG0000414	Prap	Prbg.g_00935	Prap.g_01013
OG0000414	Prbe	Prbg.g_00935	Prbe.g_01705
OG0000414	Prbf	Prbg.g_00935	Prbf.g_01491
OG0000415	Prab	Prbg.g_00936	Prab.g_00149
OG0000415	Pran	Prbg.g_00936	Pran.g_00274
OG0000415	Prai	Prbg.g_00936	Prai.g_00169
OG0000415	Prac	Prbg.g_00936	Prac.g_01772
OG0000415	Praq	Prbg.g_00936	Praq.g_01844
OG0000415	Prar	Prbg.g_00936	Prar.g_00169
OG0000415	Pras	Prbg.g_00936	Pras.g_01009
OG0000415	Prau	Prbg.g_00936	Prau.g_00159
OG0000415	Prav	Prbg.g_00936	Prav.g_00880
OG0000415	Prae	Prbg.g_00936	Prae.g_00161
OG0000415	Prax	Prbg.g_00936	Prax.g_01060
OG0000415	Prbi	Prbg.g_00936	Prbi.g_00182
OG0000415	Praa	Prbg.g_00936	Praa.g_00158
OG0000415	Prbd	Prbg.g_00936	Prbd.g_01082
OG0000415	Pray	Prbg.g_00936	Pray.g_00639
OG0000415	Praz	Prbg.g_00936	Praz.g_00518
OG0000415	Prba	Prbg.g_00936	Prba.g_01946
OG0000415	Prad	Prbg.g_00936	Prad.g_01833
OG0000415	Prao	Prbg.g_00936	Prao.g_00296
OG0000415	Prag	Prbg.g_00936	Prag.g_00151
OG0000415	Praw	Prbg.g_00936	Praw.g_01277
OG0000415	Praj	Prbg.g_00936	Praj.g_00198
OG0000415	Prbc	Prbg.g_00936	Prbc.g_00413
OG0000415	Prbb	Prbg.g_00936	Prbb.g_00215
OG0000415	Prbm	Prbg.g_00936	Prbm.g_00217
OG0000415	Pral	Prbg.g_00936	Pral.g_00886
OG0000415	Prat	Prbg.g_00936	Prat.g_00158
OG0000415	Prbj	Prbg.g_00936	Prbj.g_00529
OG0000415	Prbk	Prbg.g_00936	Prbk.g_00765
OG0000415	Prbl	Prbg.g_00936	Prbl.g_00289
OG0000415	Praf	Prbg.g_00936	Praf.g_02446
OG0000415	Prah	Prbg.g_00936	Prah.g_02296
OG0000415	Syag	Prbg.g_00936	Syag.g_01965
OG0000415	Syaq	Prbg.g_00936	Syaq.g_01410
OG0000415	Syak	Prbg.g_00936	Syak.g_02114
OG0000415	Syab	Prbg.g_00936	Syab.g_02578
OG0000415	Syal	Prbg.g_00936	Syal.g_00900
OG0000415	Syar	Prbg.g_00936	Syar.g_00092
OG0000415	Syas	Prbg.g_00936	Syas.g_02352
OG0000415	Syat	Prbg.g_00936	Syat.g_02884
OG0000415	Syap	Prbg.g_00936	Syap.g_02172
OG0000415	Syan	Prbg.g_00936	Syan.g_03022
OG0000415	Syao	Prbg.g_00936	Syao.g_02494
OG0000415	Syaa	Prbg.g_00936	Syaa.g_02466
OG0000415	Syae	Prbg.g_00936	Syae.g_01441
OG0000415	Syad	Prbg.g_00936	Syad.g_02891
OG0000415	Syaj	Prbg.g_00936	Syaj.g_01978
OG0000415	Syaf	Prbg.g_00936	Syaf.g_00819
OG0000415	Syai	Prbg.g_00936	Syai.g_02622
OG0000415	Syam	Prbg.g_00936	Syam.g_02205
OG0000415	Syac	Prbg.g_00936	Syac.g_00316
OG0000415	Syah	Prbg.g_00936	Syah.g_00066
OG0000415	Pram	Prbg.g_00936	Pram.g_00143
OG0000415	Prbh	Prbg.g_00936	Prbh.g_00624
OG0000415	Prak	Prbg.g_00936	Prak.g_00170
OG0000415	Prap	Prbg.g_00936	Prap.g_01012
OG0000415	Prbe	Prbg.g_00936	Prbe.g_01706
OG0000415	Prbf	Prbg.g_00936	Prbf.g_01492
OG0000415	Prbn	Prbg.g_00936	Prbn.g_01255
OG0000416	Prab	Prbg.g_00937	Prab.g_00150
OG0000416	Pran	Prbg.g_00937	Pran.g_00273
OG0000416	Prai	Prbg.g_00937	Prai.g_00170
OG0000416	Prag	Prbg.g_00937	Prag.g_00152
OG0000416	Praw	Prbg.g_00937	Praw.g_01276
OG0000416	Prav	Prbg.g_00937	Prav.g_00879
OG0000416	Pray	Prbg.g_00937	Pray.g_00640
OG0000416	Praz	Prbg.g_00937	Praz.g_00519
OG0000416	Prba	Prbg.g_00937	Prba.g_01947
OG0000416	Prac	Prbg.g_00937	Prac.g_01771
OG0000416	Praq	Prbg.g_00937	Praq.g_01843
OG0000416	Prar	Prbg.g_00937	Prar.g_00168
OG0000416	Prad	Prbg.g_00937	Prad.g_01832
OG0000416	Prao	Prbg.g_00937	Prao.g_00297
OG0000416	Prbi	Prbg.g_00937	Prbi.g_00183
OG0000416	Prae	Prbg.g_00937	Prae.g_00162
OG0000416	Prax	Prbg.g_00937	Prax.g_01059
OG0000416	Pras	Prbg.g_00937	Pras.g_01010
OG0000416	Prau	Prbg.g_00937	Prau.g_00160
OG0000416	Praa	Prbg.g_00937	Praa.g_00159
OG0000416	Prbd	Prbg.g_00937	Prbd.g_01081
OG0000416	Praj	Prbg.g_00937	Praj.g_00199
OG0000416	Prbc	Prbg.g_00937	Prbc.g_00412
OG0000416	Prbb	Prbg.g_00937	Prbb.g_00216
OG0000416	Prbm	Prbg.g_00937	Prbm.g_00218
OG0000416	Syap	Prbg.g_00937	Syap.g_02171
OG0000416	Syas	Prbg.g_00937	Syas.g_02351
OG0000416	Syat	Prbg.g_00937	Syat.g_02883
OG0000416	Syan	Prbg.g_00937	Syan.g_03023
OG0000416	Syao	Prbg.g_00937	Syao.g_02495
OG0000416	Syar	Prbg.g_00937	Syar.g_00093
OG0000416	Syae	Prbg.g_00937	Syae.g_01442
OG0000416	Syai	Prbg.g_00937	Syai.g_02623
OG0000416	Syaf	Prbg.g_00937	Syaf.g_00818
OG0000416	Syam	Prbg.g_00937	Syam.g_02206
OG0000416	Syac	Prbg.g_00937	Syac.g_00315
OG0000416	Syah	Prbg.g_00937	Syah.g_00067
OG0000416	Syaa	Prbg.g_00937	Syaa.g_02467
OG0000416	Syad	Prbg.g_00937	Syad.g_02892
OG0000416	Syaj	Prbg.g_00937	Syaj.g_01979
OG0000416	Syab	Prbg.g_00937	Syab.g_02579
OG0000416	Syal	Prbg.g_00937	Syal.g_00901
OG0000416	Syak	Prbg.g_00937	Syak.g_02113
OG0000416	Syag	Prbg.g_00937	Syag.g_01966
OG0000416	Syaq	Prbg.g_00937	Syaq.g_01409
OG0000416	Prbj	Prbg.g_00937	Prbj.g_00528
OG0000416	Prbk	Prbg.g_00937	Prbk.g_00766
OG0000416	Prbl	Prbg.g_00937	Prbl.g_00288
OG0000416	Prah	Prbg.g_00937	Prah.g_02297
OG0000416	Praf	Prbg.g_00937	Praf.g_02447
OG0000416	Prat	Prbg.g_00937	Prat.g_00159
OG0000416	Pral	Prbg.g_00937	Pral.g_00885
OG0000416	Pram	Prbg.g_00937	Pram.g_00144
OG0000416	Prbh	Prbg.g_00937	Prbh.g_00623
OG0000416	Prbe	Prbg.g_00937	Prbe.g_01707
OG0000416	Prbf	Prbg.g_00937	Prbf.g_01493
OG0000416	Prbn	Prbg.g_00937	Prbn.g_01254
OG0000416	Prak	Prbg.g_00937	Prak.g_00171
OG0000416	Prap	Prbg.g_00937	Prap.g_01011
OG0000417	Prax	Prbg.g_00938	Prax.g_01058
OG0000417	Prbi	Prbg.g_00938	Prbi.g_00184
OG0000417	Pras	Prbg.g_00938	Pras.g_01011
OG0000417	Prau	Prbg.g_00938	Prau.g_00161
OG0000417	Prac	Prbg.g_00938	Prac.g_01770
OG0000417	Praq	Prbg.g_00938	Praq.g_01842
OG0000417	Prar	Prbg.g_00938	Prar.g_00167
OG0000417	Prab	Prbg.g_00938	Prab.g_00151
OG0000417	Pran	Prbg.g_00938	Pran.g_00272
OG0000417	Prai	Prbg.g_00938	Prai.g_00171
OG0000417	Prao	Prbg.g_00938	Prao.g_00298
OG0000417	Prag	Prbg.g_00938	Prag.g_00153
OG0000417	Praw	Prbg.g_00938	Praw.g_01275
OG0000417	Prav	Prbg.g_00938	Prav.g_00878
OG0000417	Prad	Prbg.g_00938	Prad.g_01831
OG0000417	Pray	Prbg.g_00938	Pray.g_00641
OG0000417	Praz	Prbg.g_00938	Praz.g_00520
OG0000417	Prba	Prbg.g_00938	Prba.g_01948
OG0000417	Praa	Prbg.g_00938	Praa.g_00160
OG0000417	Prae	Prbg.g_00938	Prae.g_00163
OG0000417	Prbd	Prbg.g_00938	Prbd.g_01080
OG0000417	Prbc	Prbg.g_00938	Prbc.g_00411
OG0000417	Prbm	Prbg.g_00938	Prbm.g_00219
OG0000417	Praj	Prbg.g_00938	Praj.g_00200
OG0000417	Prbb	Prbg.g_00938	Prbb.g_00217
OG0000417	Prat	Prbg.g_00938	Prat.g_00160
OG0000417	Pral	Prbg.g_00938	Pral.g_00884
OG0000417	Prbj	Prbg.g_00938	Prbj.g_00527
OG0000417	Prbk	Prbg.g_00938	Prbk.g_00767
OG0000417	Prbl	Prbg.g_00938	Prbl.g_00287
OG0000417	Praf	Prbg.g_00938	Praf.g_02448
OG0000417	Prah	Prbg.g_00938	Prah.g_02298
OG0000417	Syag	Prbg.g_00938	Syag.g_01967
OG0000417	Syaq	Prbg.g_00938	Syaq.g_01408
OG0000417	Syac	Prbg.g_00938	Syac.g_00314
OG0000417	Syah	Prbg.g_00938	Syah.g_00068
OG0000417	Syam	Prbg.g_00938	Syam.g_02207
OG0000417	Syai	Prbg.g_00938	Syai.g_02624
OG0000417	Syaf	Prbg.g_00938	Syaf.g_00817
OG0000417	Syaa	Prbg.g_00938	Syaa.g_02468
OG0000417	Syae	Prbg.g_00938	Syae.g_01443
OG0000417	Syak	Prbg.g_00938	Syak.g_02112
OG0000417	Syab	Prbg.g_00938	Syab.g_02580
OG0000417	Syal	Prbg.g_00938	Syal.g_00902
OG0000417	Syad	Prbg.g_00938	Syad.g_02893
OG0000417	Syaj	Prbg.g_00938	Syaj.g_01980
OG0000417	Syat	Prbg.g_00938	Syat.g_02868
OG0000417	Syan	Prbg.g_00938	Syan.g_03025
OG0000417	Syao	Prbg.g_00938	Syao.g_02497
OG0000417	Syar	Prbg.g_00938	Syar.g_00095
OG0000417	Syap	Prbg.g_00938	Syap.g_02169
OG0000417	Syas	Prbg.g_00938	Syas.g_02338
OG0000417	Pram	Prbg.g_00938	Pram.g_00145
OG0000417	Prbh	Prbg.g_00938	Prbh.g_00622
OG0000417	Prak	Prbg.g_00938	Prak.g_00172
OG0000417	Prap	Prbg.g_00938	Prap.g_01010
OG0000417	Prbe	Prbg.g_00938	Prbe.g_01708
OG0000417	Prbf	Prbg.g_00938	Prbf.g_01494
OG0000417	Prbn	Prbg.g_00938	Prbn.g_01253
OG0000418	Prab	Prbg.g_00943	Prab.g_00156
OG0000418	Pran	Prbg.g_00943	Pran.g_00267
OG0000418	Prai	Prbg.g_00943	Prai.g_00176
OG0000418	Prbi	Prbg.g_00943	Prbi.g_00189
OG0000418	Prao	Prbg.g_00943	Prao.g_00303
OG0000418	Prav	Prbg.g_00943	Prav.g_00873
OG0000418	Prad	Prbg.g_00943	Prad.g_01826
OG0000418	Prag	Prbg.g_00943	Prag.g_00158
OG0000418	Praw	Prbg.g_00943	Praw.g_01270
OG0000418	Pray	Prbg.g_00943	Pray.g_00646
OG0000418	Praz	Prbg.g_00943	Praz.g_00525
OG0000418	Prba	Prbg.g_00943	Prba.g_01953
OG0000418	Prac	Prbg.g_00943	Prac.g_01765
OG0000418	Praq	Prbg.g_00943	Praq.g_01837
OG0000418	Prar	Prbg.g_00943	Prar.g_00162
OG0000418	Pras	Prbg.g_00943	Pras.g_01016
OG0000418	Prau	Prbg.g_00943	Prau.g_00166
OG0000418	Prax	Prbg.g_00943	Prax.g_01053
OG0000418	Prae	Prbg.g_00943	Prae.g_00168
OG0000418	Praa	Prbg.g_00943	Praa.g_00165
OG0000418	Prbd	Prbg.g_00943	Prbd.g_01075
OG0000418	Praj	Prbg.g_00943	Praj.g_00205
OG0000418	Prbb	Prbg.g_00943	Prbb.g_00222
OG0000418	Prbc	Prbg.g_00943	Prbc.g_00406
OG0000418	Prbm	Prbg.g_00943	Prbm.g_00224
OG0000418	Prah	Prbg.g_00943	Prah.g_02303
OG0000418	Praf	Prbg.g_00943	Praf.g_02453
OG0000418	Prbj	Prbg.g_00943	Prbj.g_00522
OG0000418	Prbk	Prbg.g_00943	Prbk.g_00772
OG0000418	Prbl	Prbg.g_00943	Prbl.g_00282
OG0000418	Syak	Prbg.g_00943	Syak.g_02107
OG0000418	Syaq	Prbg.g_00943	Syaq.g_01403
OG0000418	Syag	Prbg.g_00943	Syag.g_01973
OG0000418	Syab	Prbg.g_00943	Syab.g_02585
OG0000418	Syal	Prbg.g_00943	Syal.g_00907
OG0000418	Syar	Prbg.g_00943	Syar.g_00100
OG0000418	Syas	Prbg.g_00943	Syas.g_02333
OG0000418	Syan	Prbg.g_00943	Syan.g_03030
OG0000418	Syao	Prbg.g_00943	Syao.g_02502
OG0000418	Syap	Prbg.g_00943	Syap.g_01204
OG0000418	Syat	Prbg.g_00943	Syat.g_02863
OG0000418	Syad	Prbg.g_00943	Syad.g_02898
OG0000418	Syaj	Prbg.g_00943	Syaj.g_01985
OG0000418	Syae	Prbg.g_00943	Syae.g_01448
OG0000418	Syaa	Prbg.g_00943	Syaa.g_02473
OG0000418	Syac	Prbg.g_00943	Syac.g_00309
OG0000418	Syah	Prbg.g_00943	Syah.g_00073
OG0000418	Syaf	Prbg.g_00943	Syaf.g_00812
OG0000418	Syai	Prbg.g_00943	Syai.g_02629
OG0000418	Syam	Prbg.g_00943	Syam.g_02212
OG0000418	Prat	Prbg.g_00943	Prat.g_00165
OG0000418	Pral	Prbg.g_00943	Pral.g_00879
OG0000418	Pram	Prbg.g_00943	Pram.g_00150
OG0000418	Prbh	Prbg.g_00943	Prbh.g_00617
OG0000418	Prak	Prbg.g_00943	Prak.g_00177
OG0000418	Prap	Prbg.g_00943	Prap.g_01005
OG0000418	Prbe	Prbg.g_00943	Prbe.g_01713
OG0000418	Prbf	Prbg.g_00943	Prbf.g_01499
OG0000418	Prbn	Prbg.g_00943	Prbn.g_01248
OG0000419	Prab	Prbg.g_00945	Prab.g_00158
OG0000419	Pran	Prbg.g_00945	Pran.g_00265
OG0000419	Prai	Prbg.g_00945	Prai.g_00178
OG0000419	Prac	Prbg.g_00945	Prac.g_01763
OG0000419	Praq	Prbg.g_00945	Praq.g_01835
OG0000419	Prar	Prbg.g_00945	Prar.g_00160
OG0000419	Prag	Prbg.g_00945	Prag.g_00160
OG0000419	Praw	Prbg.g_00945	Praw.g_01268
OG0000419	Prav	Prbg.g_00945	Prav.g_00871
OG0000419	Pray	Prbg.g_00945	Pray.g_00648
OG0000419	Praz	Prbg.g_00945	Praz.g_00527
OG0000419	Prba	Prbg.g_00945	Prba.g_00623
OG0000419	Prao	Prbg.g_00945	Prao.g_00305
OG0000419	Pras	Prbg.g_00945	Pras.g_01018
OG0000419	Prau	Prbg.g_00945	Prau.g_00168
OG0000419	Prad	Prbg.g_00945	Prad.g_01824
OG0000419	Prae	Prbg.g_00945	Prae.g_00170
OG0000419	Prbi	Prbg.g_00945	Prbi.g_00191
OG0000419	Praa	Prbg.g_00945	Praa.g_00167
OG0000419	Prax	Prbg.g_00945	Prax.g_01051
OG0000419	Prbd	Prbg.g_00945	Prbd.g_01073
OG0000419	Praj	Prbg.g_00945	Praj.g_00207
OG0000419	Prbm	Prbg.g_00945	Prbm.g_00226
OG0000419	Prbb	Prbg.g_00945	Prbb.g_00224
OG0000419	Prbc	Prbg.g_00945	Prbc.g_00404
OG0000419	Prbj	Prbg.g_00945	Prbj.g_00520
OG0000419	Prbk	Prbg.g_00945	Prbk.g_00774
OG0000419	Prbl	Prbg.g_00945	Prbl.g_00280
OG0000419	Praf	Prbg.g_00945	Praf.g_02455
OG0000419	Prah	Prbg.g_00945	Prah.g_02305
OG0000419	Syad	Prbg.g_00945	Syad.g_02900
OG0000419	Syaj	Prbg.g_00945	Syaj.g_01987
OG0000419	Syaa	Prbg.g_00945	Syaa.g_02475
OG0000419	Syaf	Prbg.g_00945	Syaf.g_00810
OG0000419	Syai	Prbg.g_00945	Syai.g_02631
OG0000419	Syam	Prbg.g_00945	Syam.g_02214
OG0000419	Syac	Prbg.g_00945	Syac.g_00307
OG0000419	Syah	Prbg.g_00945	Syah.g_00075
OG0000419	Syae	Prbg.g_00945	Syae.g_01450
OG0000419	Syan	Prbg.g_00945	Syan.g_03033
OG0000419	Syao	Prbg.g_00945	Syao.g_02504
OG0000419	Syas	Prbg.g_00945	Syas.g_02331
OG0000419	Syap	Prbg.g_00945	Syap.g_01201
OG0000419	Syat	Prbg.g_00945	Syat.g_02861
OG0000419	Syar	Prbg.g_00945	Syar.g_00102
OG0000419	Syak	Prbg.g_00945	Syak.g_02105
OG0000419	Syab	Prbg.g_00945	Syab.g_02587
OG0000419	Syal	Prbg.g_00945	Syal.g_00909
OG0000419	Syag	Prbg.g_00945	Syag.g_01975
OG0000419	Syaq	Prbg.g_00945	Syaq.g_01401
OG0000419	Pral	Prbg.g_00945	Pral.g_00877
OG0000419	Prat	Prbg.g_00945	Prat.g_00167
OG0000419	Pram	Prbg.g_00945	Pram.g_00152
OG0000419	Prbh	Prbg.g_00945	Prbh.g_00615
OG0000419	Prak	Prbg.g_00945	Prak.g_00179
OG0000419	Prap	Prbg.g_00945	Prap.g_01003
OG0000419	Prbe	Prbg.g_00945	Prbe.g_01715
OG0000419	Prbf	Prbg.g_00945	Prbf.g_01501
OG0000419	Prbn	Prbg.g_00945	Prbn.g_01246
OG0000420	Prab	Prbg.g_00946	Prab.g_00159
OG0000420	Pran	Prbg.g_00946	Pran.g_00264
OG0000420	Prai	Prbg.g_00946	Prai.g_00179
OG0000420	Pras	Prbg.g_00946	Pras.g_01019
OG0000420	Prau	Prbg.g_00946	Prau.g_00169
OG0000420	Prae	Prbg.g_00946	Prae.g_00171
OG0000420	Prbi	Prbg.g_00946	Prbi.g_00192
OG0000420	Praa	Prbg.g_00946	Praa.g_00168
OG0000420	Prbd	Prbg.g_00946	Prbd.g_01072
OG0000420	Prac	Prbg.g_00946	Prac.g_01762
OG0000420	Praq	Prbg.g_00946	Praq.g_01834
OG0000420	Prar	Prbg.g_00946	Prar.g_00159
OG0000420	Pray	Prbg.g_00946	Pray.g_00649
OG0000420	Praz	Prbg.g_00946	Praz.g_00528
OG0000420	Prba	Prbg.g_00946	Prba.g_00624
OG0000420	Prav	Prbg.g_00946	Prav.g_00870
OG0000420	Prad	Prbg.g_00946	Prad.g_01823
OG0000420	Prax	Prbg.g_00946	Prax.g_01050
OG0000420	Prao	Prbg.g_00946	Prao.g_00306
OG0000420	Prag	Prbg.g_00946	Prag.g_00161
OG0000420	Praw	Prbg.g_00946	Praw.g_01267
OG0000420	Prbm	Prbg.g_00946	Prbm.g_00227
OG0000420	Praj	Prbg.g_00946	Praj.g_00208
OG0000420	Prbb	Prbg.g_00946	Prbb.g_00225
OG0000420	Prbc	Prbg.g_00946	Prbc.g_00403
OG0000420	Syap	Prbg.g_00946	Syap.g_01199
OG0000420	Syas	Prbg.g_00946	Syas.g_02329
OG0000420	Syar	Prbg.g_00946	Syar.g_00104
OG0000420	Syat	Prbg.g_00946	Syat.g_02859
OG0000420	Syan	Prbg.g_00946	Syan.g_03035
OG0000420	Syao	Prbg.g_00946	Syao.g_02506
OG0000420	Syad	Prbg.g_00946	Syad.g_02902
OG0000420	Syaj	Prbg.g_00946	Syaj.g_01989
OG0000420	Syaf	Prbg.g_00946	Syaf.g_00808
OG0000420	Syai	Prbg.g_00946	Syai.g_02633
OG0000420	Syam	Prbg.g_00946	Syam.g_02216
OG0000420	Syae	Prbg.g_00946	Syae.g_01452
OG0000420	Syaa	Prbg.g_00946	Syaa.g_02477
OG0000420	Syac	Prbg.g_00946	Syac.g_00305
OG0000420	Syah	Prbg.g_00946	Syah.g_00077
OG0000420	Prbj	Prbg.g_00946	Prbj.g_00519
OG0000420	Prbk	Prbg.g_00946	Prbk.g_00775
OG0000420	Prbl	Prbg.g_00946	Prbl.g_00279
OG0000420	Praf	Prbg.g_00946	Praf.g_02456
OG0000420	Prah	Prbg.g_00946	Prah.g_02306
OG0000420	Syag	Prbg.g_00946	Syag.g_01977
OG0000420	Syaq	Prbg.g_00946	Syaq.g_01400
OG0000420	Syak	Prbg.g_00946	Syak.g_02103
OG0000420	Syab	Prbg.g_00946	Syab.g_02589
OG0000420	Syal	Prbg.g_00946	Syal.g_00911
OG0000420	Pral	Prbg.g_00946	Pral.g_00875
OG0000420	Prat	Prbg.g_00946	Prat.g_00169
OG0000420	Pram	Prbg.g_00946	Pram.g_00153
OG0000420	Prbh	Prbg.g_00946	Prbh.g_00614
OG0000420	Prak	Prbg.g_00946	Prak.g_00180
OG0000420	Prap	Prbg.g_00946	Prap.g_01002
OG0000420	Prbe	Prbg.g_00946	Prbe.g_01716
OG0000420	Prbf	Prbg.g_00946	Prbf.g_01502
OG0000420	Prbn	Prbg.g_00946	Prbn.g_01245
OG0000421	Prab	Prbg.g_00951	Prab.g_00164
OG0000421	Pran	Prbg.g_00951	Pran.g_00259
OG0000421	Prai	Prbg.g_00951	Prai.g_00184
OG0000421	Pray	Prbg.g_00951	Pray.g_00654
OG0000421	Praz	Prbg.g_00951	Praz.g_00533
OG0000421	Prba	Prbg.g_00951	Prba.g_00629
OG0000421	Prax	Prbg.g_00951	Prax.g_01045
OG0000421	Prbd	Prbg.g_00951	Prbd.g_01067
OG0000421	Prbi	Prbg.g_00951	Prbi.g_00197
OG0000421	Praa	Prbg.g_00951	Praa.g_00173
OG0000421	Prae	Prbg.g_00951	Prae.g_00176
OG0000421	Pras	Prbg.g_00951	Pras.g_01024
OG0000421	Prau	Prbg.g_00951	Prau.g_00174
OG0000421	Prag	Prbg.g_00951	Prag.g_00166
OG0000421	Praw	Prbg.g_00951	Praw.g_01262
OG0000421	Prav	Prbg.g_00951	Prav.g_00865
OG0000421	Prad	Prbg.g_00951	Prad.g_01818
OG0000421	Prac	Prbg.g_00951	Prac.g_01757
OG0000421	Praq	Prbg.g_00951	Praq.g_01829
OG0000421	Prar	Prbg.g_00951	Prar.g_00154
OG0000421	Prao	Prbg.g_00951	Prao.g_00311
OG0000421	Prbb	Prbg.g_00951	Prbb.g_00229
OG0000421	Prbm	Prbg.g_00951	Prbm.g_00232
OG0000421	Prbc	Prbg.g_00951	Prbc.g_00399
OG0000421	Praj	Prbg.g_00951	Praj.g_00212
OG0000421	Pral	Prbg.g_00951	Pral.g_00871
OG0000421	Prat	Prbg.g_00951	Prat.g_00174
OG0000421	Syap	Prbg.g_00951	Syap.g_01195
OG0000421	Syas	Prbg.g_00951	Syas.g_02324
OG0000421	Syar	Prbg.g_00951	Syar.g_00109
OG0000421	Syat	Prbg.g_00951	Syat.g_02855
OG0000421	Syan	Prbg.g_00951	Syan.g_03040
OG0000421	Syao	Prbg.g_00951	Syao.g_02510
OG0000421	Syag	Prbg.g_00951	Syag.g_01982
OG0000421	Syaq	Prbg.g_00951	Syaq.g_01395
OG0000421	Syak	Prbg.g_00951	Syak.g_02097
OG0000421	Syab	Prbg.g_00951	Syab.g_02595
OG0000421	Syal	Prbg.g_00951	Syal.g_00916
OG0000421	Prbj	Prbg.g_00951	Prbj.g_00515
OG0000421	Prbk	Prbg.g_00951	Prbk.g_00779
OG0000421	Prbl	Prbg.g_00951	Prbl.g_00275
OG0000421	Praf	Prbg.g_00951	Praf.g_02470
OG0000421	Prah	Prbg.g_00951	Prah.g_02310
OG0000421	Syaa	Prbg.g_00951	Syaa.g_02482
OG0000421	Syae	Prbg.g_00951	Syae.g_01457
OG0000421	Syad	Prbg.g_00951	Syad.g_02907
OG0000421	Syaj	Prbg.g_00951	Syaj.g_01994
OG0000421	Syac	Prbg.g_00951	Syac.g_00300
OG0000421	Syah	Prbg.g_00951	Syah.g_00082
OG0000421	Syaf	Prbg.g_00951	Syaf.g_00803
OG0000421	Syai	Prbg.g_00951	Syai.g_02638
OG0000421	Syam	Prbg.g_00951	Syam.g_02221
OG0000421	Pram	Prbg.g_00951	Pram.g_00157
OG0000421	Prbh	Prbg.g_00951	Prbh.g_00610
OG0000421	Prak	Prbg.g_00951	Prak.g_00185
OG0000421	Prap	Prbg.g_00951	Prap.g_00997
OG0000421	Prbe	Prbg.g_00951	Prbe.g_01721
OG0000421	Prbf	Prbg.g_00951	Prbf.g_01507
OG0000421	Prbn	Prbg.g_00951	Prbn.g_00381
OG0000422	Prab	Prbg.g_00952	Prab.g_00165
OG0000422	Pran	Prbg.g_00952	Pran.g_00258
OG0000422	Prai	Prbg.g_00952	Prai.g_00185
OG0000422	Pray	Prbg.g_00952	Pray.g_00655
OG0000422	Praz	Prbg.g_00952	Praz.g_00534
OG0000422	Prba	Prbg.g_00952	Prba.g_00630
OG0000422	Prax	Prbg.g_00952	Prax.g_01044
OG0000422	Prbd	Prbg.g_00952	Prbd.g_01066
OG0000422	Pras	Prbg.g_00952	Pras.g_01025
OG0000422	Prau	Prbg.g_00952	Prau.g_00175
OG0000422	Prae	Prbg.g_00952	Prae.g_00177
OG0000422	Praa	Prbg.g_00952	Praa.g_00174
OG0000422	Prbi	Prbg.g_00952	Prbi.g_00198
OG0000422	Prac	Prbg.g_00952	Prac.g_01756
OG0000422	Praq	Prbg.g_00952	Praq.g_01828
OG0000422	Prar	Prbg.g_00952	Prar.g_00153
OG0000422	Prag	Prbg.g_00952	Prag.g_00167
OG0000422	Praw	Prbg.g_00952	Praw.g_01261
OG0000422	Prav	Prbg.g_00952	Prav.g_00864
OG0000422	Prao	Prbg.g_00952	Prao.g_00312
OG0000422	Prad	Prbg.g_00952	Prad.g_01817
OG0000422	Prbm	Prbg.g_00952	Prbm.g_00233
OG0000422	Prbb	Prbg.g_00952	Prbb.g_00230
OG0000422	Praj	Prbg.g_00952	Praj.g_00213
OG0000422	Prbc	Prbg.g_00952	Prbc.g_00398
OG0000422	Pral	Prbg.g_00952	Pral.g_00870
OG0000422	Prat	Prbg.g_00952	Prat.g_00175
OG0000422	Prbj	Prbg.g_00952	Prbj.g_00514
OG0000422	Prbk	Prbg.g_00952	Prbk.g_00780
OG0000422	Prbl	Prbg.g_00952	Prbl.g_00274
OG0000422	Praf	Prbg.g_00952	Praf.g_02471
OG0000422	Prah	Prbg.g_00952	Prah.g_02311
OG0000422	Syac	Prbg.g_00952	Syac.g_00299
OG0000422	Syah	Prbg.g_00952	Syah.g_00083
OG0000422	Syaa	Prbg.g_00952	Syaa.g_02483
OG0000422	Syaf	Prbg.g_00952	Syaf.g_00802
OG0000422	Syai	Prbg.g_00952	Syai.g_02639
OG0000422	Syam	Prbg.g_00952	Syam.g_02222
OG0000422	Syae	Prbg.g_00952	Syae.g_01458
OG0000422	Syad	Prbg.g_00952	Syad.g_02908
OG0000422	Syaj	Prbg.g_00952	Syaj.g_01995
OG0000422	Syag	Prbg.g_00952	Syag.g_01983
OG0000422	Syak	Prbg.g_00952	Syak.g_02096
OG0000422	Syab	Prbg.g_00952	Syab.g_02596
OG0000422	Syal	Prbg.g_00952	Syal.g_00917
OG0000422	Syaq	Prbg.g_00952	Syaq.g_01394
OG0000422	Syan	Prbg.g_00952	Syan.g_03041
OG0000422	Syao	Prbg.g_00952	Syao.g_02511
OG0000422	Syar	Prbg.g_00952	Syar.g_00110
OG0000422	Syat	Prbg.g_00952	Syat.g_02854
OG0000422	Syap	Prbg.g_00952	Syap.g_01194
OG0000422	Syas	Prbg.g_00952	Syas.g_02323
OG0000422	Pram	Prbg.g_00952	Pram.g_00158
OG0000422	Prbh	Prbg.g_00952	Prbh.g_00609
OG0000422	Prak	Prbg.g_00952	Prak.g_00186
OG0000422	Prap	Prbg.g_00952	Prap.g_00996
OG0000422	Prbe	Prbg.g_00952	Prbe.g_01722
OG0000422	Prbf	Prbg.g_00952	Prbf.g_01508
OG0000422	Prbn	Prbg.g_00952	Prbn.g_00380
OG0000423	Prai	Prbg.g_00953	Prai.g_00186
OG0000423	Prab	Prbg.g_00953	Prab.g_00166
OG0000423	Pran	Prbg.g_00953	Pran.g_00257
OG0000423	Prax	Prbg.g_00953	Prax.g_01043
OG0000423	Prav	Prbg.g_00953	Prav.g_00863
OG0000423	Prac	Prbg.g_00953	Prac.g_01755
OG0000423	Praq	Prbg.g_00953	Praq.g_01827
OG0000423	Prar	Prbg.g_00953	Prar.g_00152
OG0000423	Praa	Prbg.g_00953	Praa.g_00175
OG0000423	Prao	Prbg.g_00953	Prao.g_00313
OG0000423	Prag	Prbg.g_00953	Prag.g_00168
OG0000423	Praw	Prbg.g_00953	Praw.g_01260
OG0000423	Prae	Prbg.g_00953	Prae.g_00178
OG0000423	Prbi	Prbg.g_00953	Prbi.g_00199
OG0000423	Pray	Prbg.g_00953	Pray.g_00656
OG0000423	Praz	Prbg.g_00953	Praz.g_00535
OG0000423	Prba	Prbg.g_00953	Prba.g_00631
OG0000423	Pras	Prbg.g_00953	Pras.g_01026
OG0000423	Prau	Prbg.g_00953	Prau.g_00176
OG0000423	Prbd	Prbg.g_00953	Prbd.g_01065
OG0000423	Prad	Prbg.g_00953	Prad.g_01816
OG0000423	Prbm	Prbg.g_00953	Prbm.g_00234
OG0000423	Praj	Prbg.g_00953	Praj.g_00214
OG0000423	Prbc	Prbg.g_00953	Prbc.g_00397
OG0000423	Prbb	Prbg.g_00953	Prbb.g_00231
OG0000423	Syat	Prbg.g_00953	Syat.g_02853
OG0000423	Syar	Prbg.g_00953	Syar.g_00111
OG0000423	Syap	Prbg.g_00953	Syap.g_01193
OG0000423	Syas	Prbg.g_00953	Syas.g_02322
OG0000423	Syan	Prbg.g_00953	Syan.g_03042
OG0000423	Syao	Prbg.g_00953	Syao.g_02512
OG0000423	Praf	Prbg.g_00953	Praf.g_02472
OG0000423	Prah	Prbg.g_00953	Prah.g_02312
OG0000423	Prbj	Prbg.g_00953	Prbj.g_00513
OG0000423	Prbk	Prbg.g_00953	Prbk.g_00781
OG0000423	Prbl	Prbg.g_00953	Prbl.g_00273
OG0000423	Syag	Prbg.g_00953	Syag.g_01984
OG0000423	Syaq	Prbg.g_00953	Syaq.g_01393
OG0000423	Syab	Prbg.g_00953	Syab.g_02597
OG0000423	Syal	Prbg.g_00953	Syal.g_00918
OG0000423	Syak	Prbg.g_00953	Syak.g_02095
OG0000423	Syae	Prbg.g_00953	Syae.g_01459
OG0000423	Syaa	Prbg.g_00953	Syaa.g_02484
OG0000423	Syad	Prbg.g_00953	Syad.g_02909
OG0000423	Syaj	Prbg.g_00953	Syaj.g_01996
OG0000423	Syac	Prbg.g_00953	Syac.g_00298
OG0000423	Syah	Prbg.g_00953	Syah.g_00084
OG0000423	Syaf	Prbg.g_00953	Syaf.g_00801
OG0000423	Syai	Prbg.g_00953	Syai.g_02640
OG0000423	Syam	Prbg.g_00953	Syam.g_02223
OG0000423	Pral	Prbg.g_00953	Pral.g_00869
OG0000423	Prat	Prbg.g_00953	Prat.g_00176
OG0000423	Pram	Prbg.g_00953	Pram.g_00159
OG0000423	Prbh	Prbg.g_00953	Prbh.g_00608
OG0000423	Prak	Prbg.g_00953	Prak.g_00187
OG0000423	Prap	Prbg.g_00953	Prap.g_00995
OG0000423	Prbe	Prbg.g_00953	Prbe.g_01723
OG0000423	Prbf	Prbg.g_00953	Prbf.g_01509
OG0000423	Prbn	Prbg.g_00953	Prbn.g_00379
OG0000424	Prag	Prbg.g_00954	Prag.g_00169
OG0000424	Praw	Prbg.g_00954	Praw.g_01259
OG0000424	Prav	Prbg.g_00954	Prav.g_00862
OG0000424	Prab	Prbg.g_00954	Prab.g_00167
OG0000424	Pran	Prbg.g_00954	Pran.g_00256
OG0000424	Prai	Prbg.g_00954	Prai.g_00187
OG0000424	Prac	Prbg.g_00954	Prac.g_01754
OG0000424	Praq	Prbg.g_00954	Praq.g_01826
OG0000424	Prar	Prbg.g_00954	Prar.g_00151
OG0000424	Praa	Prbg.g_00954	Praa.g_00176
OG0000424	Pray	Prbg.g_00954	Pray.g_00657
OG0000424	Praz	Prbg.g_00954	Praz.g_00536
OG0000424	Prba	Prbg.g_00954	Prba.g_00632
OG0000424	Prbi	Prbg.g_00954	Prbi.g_00200
OG0000424	Prae	Prbg.g_00954	Prae.g_00179
OG0000424	Prad	Prbg.g_00954	Prad.g_01815
OG0000424	Prao	Prbg.g_00954	Prao.g_00314
OG0000424	Prax	Prbg.g_00954	Prax.g_01042
OG0000424	Prbd	Prbg.g_00954	Prbd.g_01064
OG0000424	Pras	Prbg.g_00954	Pras.g_01027
OG0000424	Prau	Prbg.g_00954	Prau.g_00177
OG0000424	Syan	Prbg.g_00954	Syan.g_03043
OG0000424	Syao	Prbg.g_00954	Syao.g_02513
OG0000424	Syat	Prbg.g_00954	Syat.g_02852
OG0000424	Syap	Prbg.g_00954	Syap.g_01192
OG0000424	Syas	Prbg.g_00954	Syas.g_02321
OG0000424	Syar	Prbg.g_00954	Syar.g_00112
OG0000424	Syam	Prbg.g_00954	Syam.g_02224
OG0000424	Syaf	Prbg.g_00954	Syaf.g_00800
OG0000424	Syai	Prbg.g_00954	Syai.g_02641
OG0000424	Syad	Prbg.g_00954	Syad.g_02910
OG0000424	Syae	Prbg.g_00954	Syae.g_01460
OG0000424	Syaj	Prbg.g_00954	Syaj.g_01997
OG0000424	Syac	Prbg.g_00954	Syac.g_00297
OG0000424	Syah	Prbg.g_00954	Syah.g_00085
OG0000424	Syaa	Prbg.g_00954	Syaa.g_02485
OG0000424	Syaq	Prbg.g_00954	Syaq.g_01392
OG0000424	Syag	Prbg.g_00954	Syag.g_01985
OG0000424	Syak	Prbg.g_00954	Syak.g_02094
OG0000424	Syab	Prbg.g_00954	Syab.g_02598
OG0000424	Syal	Prbg.g_00954	Syal.g_00919
OG0000424	Prah	Prbg.g_00954	Prah.g_02313
OG0000424	Prbj	Prbg.g_00954	Prbj.g_00512
OG0000424	Prbk	Prbg.g_00954	Prbk.g_00782
OG0000424	Prbl	Prbg.g_00954	Prbl.g_00272
OG0000424	Praf	Prbg.g_00954	Praf.g_02473
OG0000424	Pral	Prbg.g_00954	Pral.g_00868
OG0000424	Prat	Prbg.g_00954	Prat.g_00177
OG0000424	Prbb	Prbg.g_00954	Prbb.g_00232
OG0000424	Praj	Prbg.g_00954	Praj.g_00215
OG0000424	Prbc	Prbg.g_00954	Prbc.g_00396
OG0000424	Prbm	Prbg.g_00954	Prbm.g_00235
OG0000424	Pram	Prbg.g_00954	Pram.g_00160
OG0000424	Prbh	Prbg.g_00954	Prbh.g_00607
OG0000424	Prak	Prbg.g_00954	Prak.g_00188
OG0000424	Prap	Prbg.g_00954	Prap.g_00994
OG0000424	Prbe	Prbg.g_00954	Prbe.g_01724
OG0000424	Prbf	Prbg.g_00954	Prbf.g_01510
OG0000424	Prbn	Prbg.g_00954	Prbn.g_00378
OG0000425	Prab	Prbg.g_00955	Prab.g_00168
OG0000425	Pran	Prbg.g_00955	Pran.g_00255
OG0000425	Prai	Prbg.g_00955	Prai.g_00188
OG0000425	Prae	Prbg.g_00955	Prae.g_00180
OG0000425	Prbi	Prbg.g_00955	Prbi.g_00201
OG0000425	Prac	Prbg.g_00955	Prac.g_01753
OG0000425	Praq	Prbg.g_00955	Praq.g_01825
OG0000425	Prar	Prbg.g_00955	Prar.g_00150
OG0000425	Pras	Prbg.g_00955	Pras.g_01028
OG0000425	Prau	Prbg.g_00955	Prau.g_00178
OG0000425	Prao	Prbg.g_00955	Prao.g_00315
OG0000425	Prad	Prbg.g_00955	Prad.g_01814
OG0000425	Prbd	Prbg.g_00955	Prbd.g_01063
OG0000425	Prax	Prbg.g_00955	Prax.g_01041
OG0000425	Pray	Prbg.g_00955	Pray.g_00658
OG0000425	Praz	Prbg.g_00955	Praz.g_00537
OG0000425	Prba	Prbg.g_00955	Prba.g_00633
OG0000425	Prav	Prbg.g_00955	Prav.g_00861
OG0000425	Prag	Prbg.g_00955	Prag.g_00170
OG0000425	Praw	Prbg.g_00955	Praw.g_01258
OG0000425	Praa	Prbg.g_00955	Praa.g_00177
OG0000425	Pral	Prbg.g_00955	Pral.g_00867
OG0000425	Prat	Prbg.g_00955	Prat.g_00178
OG0000425	Prbb	Prbg.g_00955	Prbb.g_00233
OG0000425	Prbc	Prbg.g_00955	Prbc.g_00395
OG0000425	Praj	Prbg.g_00955	Praj.g_00216
OG0000425	Prbm	Prbg.g_00955	Prbm.g_00236
OG0000425	Prah	Prbg.g_00955	Prah.g_02314
OG0000425	Praf	Prbg.g_00955	Praf.g_02474
OG0000425	Prbj	Prbg.g_00955	Prbj.g_00511
OG0000425	Prbk	Prbg.g_00955	Prbk.g_00783
OG0000425	Prbl	Prbg.g_00955	Prbl.g_00271
OG0000425	Syao	Prbg.g_00955	Syao.g_02514
OG0000425	Syan	Prbg.g_00955	Syan.g_03044
OG0000425	Syar	Prbg.g_00955	Syar.g_00113
OG0000425	Syas	Prbg.g_00955	Syas.g_02320
OG0000425	Syap	Prbg.g_00955	Syap.g_01191
OG0000425	Syat	Prbg.g_00955	Syat.g_02851
OG0000425	Syab	Prbg.g_00955	Syab.g_02599
OG0000425	Syal	Prbg.g_00955	Syal.g_00920
OG0000425	Syak	Prbg.g_00955	Syak.g_02093
OG0000425	Syag	Prbg.g_00955	Syag.g_01986
OG0000425	Syaa	Prbg.g_00955	Syaa.g_02486
OG0000425	Syaf	Prbg.g_00955	Syaf.g_00799
OG0000425	Syai	Prbg.g_00955	Syai.g_02642
OG0000425	Syam	Prbg.g_00955	Syam.g_02225
OG0000425	Syac	Prbg.g_00955	Syac.g_00296
OG0000425	Syah	Prbg.g_00955	Syah.g_00086
OG0000425	Syae	Prbg.g_00955	Syae.g_01461
OG0000425	Syad	Prbg.g_00955	Syad.g_02911
OG0000425	Syaj	Prbg.g_00955	Syaj.g_01998
OG0000425	Syaq	Prbg.g_00955	Syaq.g_01391
OG0000425	Pram	Prbg.g_00955	Pram.g_00161
OG0000425	Prbh	Prbg.g_00955	Prbh.g_00606
OG0000425	Prak	Prbg.g_00955	Prak.g_00189
OG0000425	Prap	Prbg.g_00955	Prap.g_00993
OG0000425	Prbe	Prbg.g_00955	Prbe.g_01725
OG0000425	Prbf	Prbg.g_00955	Prbf.g_01511
OG0000425	Prbn	Prbg.g_00955	Prbn.g_00377
OG0000426	Prab	Prbg.g_00956	Prab.g_00169
OG0000426	Pran	Prbg.g_00956	Pran.g_00254
OG0000426	Prai	Prbg.g_00956	Prai.g_00189
OG0000426	Prag	Prbg.g_00956	Prag.g_00171
OG0000426	Praw	Prbg.g_00956	Praw.g_01257
OG0000426	Prad	Prbg.g_00956	Prad.g_01813
OG0000426	Prae	Prbg.g_00956	Prae.g_00181
OG0000426	Pras	Prbg.g_00956	Pras.g_01029
OG0000426	Prau	Prbg.g_00956	Prau.g_00179
OG0000426	Prac	Prbg.g_00956	Prac.g_01752
OG0000426	Praq	Prbg.g_00956	Praq.g_01824
OG0000426	Prar	Prbg.g_00956	Prar.g_00149
OG0000426	Pray	Prbg.g_00956	Pray.g_00659
OG0000426	Praz	Prbg.g_00956	Praz.g_00538
OG0000426	Prba	Prbg.g_00956	Prba.g_00634
OG0000426	Prav	Prbg.g_00956	Prav.g_00860
OG0000426	Prao	Prbg.g_00956	Prao.g_00316
OG0000426	Prbd	Prbg.g_00956	Prbd.g_01062
OG0000426	Prax	Prbg.g_00956	Prax.g_01040
OG0000426	Praa	Prbg.g_00956	Praa.g_00178
OG0000426	Prbi	Prbg.g_00956	Prbi.g_00202
OG0000426	Praj	Prbg.g_00956	Praj.g_00217
OG0000426	Prbb	Prbg.g_00956	Prbb.g_00234
OG0000426	Prbm	Prbg.g_00956	Prbm.g_00237
OG0000426	Prbc	Prbg.g_00956	Prbc.g_00394
OG0000426	Syat	Prbg.g_00956	Syat.g_02850
OG0000426	Syar	Prbg.g_00956	Syar.g_00114
OG0000426	Syan	Prbg.g_00956	Syan.g_03045
OG0000426	Syao	Prbg.g_00956	Syao.g_02515
OG0000426	Syap	Prbg.g_00956	Syap.g_01190
OG0000426	Syas	Prbg.g_00956	Syas.g_02319
OG0000426	Syae	Prbg.g_00956	Syae.g_01462
OG0000426	Syaa	Prbg.g_00956	Syaa.g_02487
OG0000426	Syaf	Prbg.g_00956	Syaf.g_00798
OG0000426	Syai	Prbg.g_00956	Syai.g_02643
OG0000426	Syam	Prbg.g_00956	Syam.g_02226
OG0000426	Syac	Prbg.g_00956	Syac.g_00295
OG0000426	Syah	Prbg.g_00956	Syah.g_00087
OG0000426	Syad	Prbg.g_00956	Syad.g_02912
OG0000426	Syaj	Prbg.g_00956	Syaj.g_01999
OG0000426	Syak	Prbg.g_00956	Syak.g_02092
OG0000426	Syab	Prbg.g_00956	Syab.g_02600
OG0000426	Syal	Prbg.g_00956	Syal.g_00921
OG0000426	Syag	Prbg.g_00956	Syag.g_01987
OG0000426	Syaq	Prbg.g_00956	Syaq.g_01390
OG0000426	Prbj	Prbg.g_00956	Prbj.g_00510
OG0000426	Prbk	Prbg.g_00956	Prbk.g_00784
OG0000426	Prbl	Prbg.g_00956	Prbl.g_00270
OG0000426	Praf	Prbg.g_00956	Praf.g_02475
OG0000426	Prah	Prbg.g_00956	Prah.g_02315
OG0000426	Pral	Prbg.g_00956	Pral.g_00866
OG0000426	Prat	Prbg.g_00956	Prat.g_00179
OG0000426	Pram	Prbg.g_00956	Pram.g_00162
OG0000426	Prbh	Prbg.g_00956	Prbh.g_00605
OG0000426	Prak	Prbg.g_00956	Prak.g_00190
OG0000426	Prap	Prbg.g_00956	Prap.g_00992
OG0000426	Prbe	Prbg.g_00956	Prbe.g_01726
OG0000426	Prbf	Prbg.g_00956	Prbf.g_01512
OG0000426	Prbn	Prbg.g_00956	Prbn.g_00376
OG0000427	Prab	Prbg.g_00957	Prab.g_00170
OG0000427	Pran	Prbg.g_00957	Pran.g_00253
OG0000427	Prai	Prbg.g_00957	Prai.g_00190
OG0000427	Pray	Prbg.g_00957	Pray.g_00660
OG0000427	Praz	Prbg.g_00957	Praz.g_00539
OG0000427	Prba	Prbg.g_00957	Prba.g_00635
OG0000427	Prae	Prbg.g_00957	Prae.g_00182
OG0000427	Prag	Prbg.g_00957	Prag.g_00172
OG0000427	Praw	Prbg.g_00957	Praw.g_01256
OG0000427	Prac	Prbg.g_00957	Prac.g_01751
OG0000427	Praq	Prbg.g_00957	Praq.g_01823
OG0000427	Prar	Prbg.g_00957	Prar.g_00148
OG0000427	Prav	Prbg.g_00957	Prav.g_00859
OG0000427	Prao	Prbg.g_00957	Prao.g_00317
OG0000427	Prax	Prbg.g_00957	Prax.g_01039
OG0000427	Pras	Prbg.g_00957	Pras.g_01030
OG0000427	Prau	Prbg.g_00957	Prau.g_00180
OG0000427	Praa	Prbg.g_00957	Praa.g_00179
OG0000427	Prad	Prbg.g_00957	Prad.g_01812
OG0000427	Prbi	Prbg.g_00957	Prbi.g_00203
OG0000427	Prbd	Prbg.g_00957	Prbd.g_01061
OG0000427	Praj	Prbg.g_00957	Praj.g_00218
OG0000427	Prbb	Prbg.g_00957	Prbb.g_00235
OG0000427	Prbc	Prbg.g_00957	Prbc.g_00393
OG0000427	Prbm	Prbg.g_00957	Prbm.g_00238
OG0000427	Prbj	Prbg.g_00957	Prbj.g_00509
OG0000427	Prbk	Prbg.g_00957	Prbk.g_00785
OG0000427	Prbl	Prbg.g_00957	Prbl.g_00269
OG0000427	Praf	Prbg.g_00957	Praf.g_02476
OG0000427	Prah	Prbg.g_00957	Prah.g_02316
OG0000427	Syar	Prbg.g_00957	Syar.g_00115
OG0000427	Syas	Prbg.g_00957	Syas.g_02318
OG0000427	Syap	Prbg.g_00957	Syap.g_01189
OG0000427	Syan	Prbg.g_00957	Syan.g_03046
OG0000427	Syao	Prbg.g_00957	Syao.g_02516
OG0000427	Syat	Prbg.g_00957	Syat.g_02849
OG0000427	Syae	Prbg.g_00957	Syae.g_01463
OG0000427	Syad	Prbg.g_00957	Syad.g_02913
OG0000427	Syaj	Prbg.g_00957	Syaj.g_02000
OG0000427	Syac	Prbg.g_00957	Syac.g_00294
OG0000427	Syah	Prbg.g_00957	Syah.g_00088
OG0000427	Syaf	Prbg.g_00957	Syaf.g_00797
OG0000427	Syai	Prbg.g_00957	Syai.g_02644
OG0000427	Syam	Prbg.g_00957	Syam.g_02227
OG0000427	Syaa	Prbg.g_00957	Syaa.g_02488
OG0000427	Syaq	Prbg.g_00957	Syaq.g_01389
OG0000427	Syag	Prbg.g_00957	Syag.g_01988
OG0000427	Syak	Prbg.g_00957	Syak.g_02091
OG0000427	Syab	Prbg.g_00957	Syab.g_02601
OG0000427	Syal	Prbg.g_00957	Syal.g_00922
OG0000427	Pral	Prbg.g_00957	Pral.g_00865
OG0000427	Prat	Prbg.g_00957	Prat.g_00180
OG0000427	Pram	Prbg.g_00957	Pram.g_00163
OG0000427	Prbh	Prbg.g_00957	Prbh.g_00604
OG0000427	Prak	Prbg.g_00957	Prak.g_00191
OG0000427	Prap	Prbg.g_00957	Prap.g_00991
OG0000427	Prbe	Prbg.g_00957	Prbe.g_01727
OG0000427	Prbf	Prbg.g_00957	Prbf.g_01513
OG0000427	Prbn	Prbg.g_00957	Prbn.g_00375
OG0000428	Prab	Prbg.g_00959	Prab.g_00172
OG0000428	Pran	Prbg.g_00959	Pran.g_00251
OG0000428	Prai	Prbg.g_00959	Prai.g_00192
OG0000428	Prad	Prbg.g_00959	Prad.g_01810
OG0000428	Prag	Prbg.g_00959	Prag.g_00174
OG0000428	Praw	Prbg.g_00959	Praw.g_01254
OG0000428	Prav	Prbg.g_00959	Prav.g_00857
OG0000428	Prac	Prbg.g_00959	Prac.g_01749
OG0000428	Praq	Prbg.g_00959	Praq.g_01821
OG0000428	Prar	Prbg.g_00959	Prar.g_00146
OG0000428	Pras	Prbg.g_00959	Pras.g_01032
OG0000428	Prau	Prbg.g_00959	Prau.g_00182
OG0000428	Prbi	Prbg.g_00959	Prbi.g_00205
OG0000428	Praa	Prbg.g_00959	Praa.g_00181
OG0000428	Pray	Prbg.g_00959	Pray.g_00662
OG0000428	Praz	Prbg.g_00959	Praz.g_00541
OG0000428	Prba	Prbg.g_00959	Prba.g_00637
OG0000428	Prae	Prbg.g_00959	Prae.g_00184
OG0000428	Prao	Prbg.g_00959	Prao.g_00319
OG0000428	Prbd	Prbg.g_00959	Prbd.g_01059
OG0000428	Prax	Prbg.g_00959	Prax.g_01037
OG0000428	Syae	Prbg.g_00959	Syae.g_01466
OG0000428	Syad	Prbg.g_00959	Syad.g_02916
OG0000428	Syaj	Prbg.g_00959	Syaj.g_02003
OG0000428	Syac	Prbg.g_00959	Syac.g_02257
OG0000428	Syah	Prbg.g_00959	Syah.g_00620
OG0000428	Syaf	Prbg.g_00959	Syaf.g_00794
OG0000428	Syai	Prbg.g_00959	Syai.g_02647
OG0000428	Syam	Prbg.g_00959	Syam.g_02230
OG0000428	Syap	Prbg.g_00959	Syap.g_01186
OG0000428	Syat	Prbg.g_00959	Syat.g_02846
OG0000428	Syan	Prbg.g_00959	Syan.g_03049
OG0000428	Syao	Prbg.g_00959	Syao.g_02519
OG0000428	Syar	Prbg.g_00959	Syar.g_00118
OG0000428	Syas	Prbg.g_00959	Syas.g_02315
OG0000428	Syag	Prbg.g_00959	Syag.g_01991
OG0000428	Syaq	Prbg.g_00959	Syaq.g_01386
OG0000428	Syak	Prbg.g_00959	Syak.g_02088
OG0000428	Syab	Prbg.g_00959	Syab.g_02604
OG0000428	Syal	Prbg.g_00959	Syal.g_00925
OG0000428	Syaa	Prbg.g_00959	Syaa.g_02491
OG0000428	Prbj	Prbg.g_00959	Prbj.g_02369
OG0000428	Prbk	Prbg.g_00959	Prbk.g_02425
OG0000428	Prbl	Prbg.g_00959	Prbl.g_02377
OG0000428	Praf	Prbg.g_00959	Praf.g_01486
OG0000428	Prah	Prbg.g_00959	Prah.g_00709
OG0000428	Pral	Prbg.g_00959	Pral.g_00863
OG0000428	Prat	Prbg.g_00959	Prat.g_00182
OG0000428	Praj	Prbg.g_00959	Praj.g_00220
OG0000428	Prbb	Prbg.g_00959	Prbb.g_00237
OG0000428	Prbc	Prbg.g_00959	Prbc.g_00391
OG0000428	Prbm	Prbg.g_00959	Prbm.g_00240
OG0000428	Pram	Prbg.g_00959	Pram.g_00165
OG0000428	Prbh	Prbg.g_00959	Prbh.g_00602
OG0000428	Prak	Prbg.g_00959	Prak.g_00193
OG0000428	Prap	Prbg.g_00959	Prap.g_00989
OG0000428	Prbe	Prbg.g_00959	Prbe.g_01729
OG0000428	Prbf	Prbg.g_00959	Prbf.g_01515
OG0000428	Prbn	Prbg.g_00959	Prbn.g_00373
OG0000429	Prav	Prbg.g_00960	Prav.g_00856
OG0000429	Pras	Prbg.g_00960	Pras.g_01033
OG0000429	Prau	Prbg.g_00960	Prau.g_00183
OG0000429	Pray	Prbg.g_00960	Pray.g_00663
OG0000429	Praz	Prbg.g_00960	Praz.g_00542
OG0000429	Prba	Prbg.g_00960	Prba.g_00638
OG0000429	Prae	Prbg.g_00960	Prae.g_00185
OG0000429	Prbd	Prbg.g_00960	Prbd.g_01058
OG0000429	Praa	Prbg.g_00960	Praa.g_00182
OG0000429	Prbi	Prbg.g_00960	Prbi.g_00206
OG0000429	Prax	Prbg.g_00960	Prax.g_01036
OG0000429	Prag	Prbg.g_00960	Prag.g_00175
OG0000429	Praw	Prbg.g_00960	Praw.g_01253
OG0000429	Prao	Prbg.g_00960	Prao.g_00320
OG0000429	Prad	Prbg.g_00960	Prad.g_01809
OG0000429	Prac	Prbg.g_00960	Prac.g_01748
OG0000429	Praq	Prbg.g_00960	Praq.g_01820
OG0000429	Prar	Prbg.g_00960	Prar.g_00145
OG0000429	Prab	Prbg.g_00960	Prab.g_00173
OG0000429	Pran	Prbg.g_00960	Pran.g_00250
OG0000429	Prai	Prbg.g_00960	Prai.g_00193
OG0000429	Syaq	Prbg.g_00960	Syaq.g_01384
OG0000429	Syan	Prbg.g_00960	Syan.g_03051
OG0000429	Syao	Prbg.g_00960	Syao.g_02522
OG0000429	Syar	Prbg.g_00960	Syar.g_00121
OG0000429	Syas	Prbg.g_00960	Syas.g_02312
OG0000429	Syat	Prbg.g_00960	Syat.g_02843
OG0000429	Syag	Prbg.g_00960	Syag.g_01993
OG0000429	Syak	Prbg.g_00960	Syak.g_02086
OG0000429	Syap	Prbg.g_00960	Syap.g_01184
OG0000429	Prbj	Prbg.g_00960	Prbj.g_01135
OG0000429	Prbk	Prbg.g_00960	Prbk.g_01283
OG0000429	Prbl	Prbg.g_00960	Prbl.g_00066
OG0000429	Praf	Prbg.g_00960	Praf.g_02489
OG0000429	Prah	Prbg.g_00960	Prah.g_02321
OG0000429	Syab	Prbg.g_00960	Syab.g_02608
OG0000429	Syal	Prbg.g_00960	Syal.g_00929
OG0000429	Syad	Prbg.g_00960	Syad.g_02918
OG0000429	Syaj	Prbg.g_00960	Syaj.g_02005
OG0000429	Syae	Prbg.g_00960	Syae.g_01468
OG0000429	Syaf	Prbg.g_00960	Syaf.g_00792
OG0000429	Syai	Prbg.g_00960	Syai.g_02649
OG0000429	Syam	Prbg.g_00960	Syam.g_02232
OG0000429	Syaa	Prbg.g_00960	Syaa.g_02493
OG0000429	Syac	Prbg.g_00960	Syac.g_02259
OG0000429	Syah	Prbg.g_00960	Syah.g_00618
OG0000429	Pral	Prbg.g_00960	Pral.g_00862
OG0000429	Prat	Prbg.g_00960	Prat.g_00183
OG0000429	Prbb	Prbg.g_00960	Prbb.g_00238
OG0000429	Praj	Prbg.g_00960	Praj.g_00221
OG0000429	Prbc	Prbg.g_00960	Prbc.g_00390
OG0000429	Prbm	Prbg.g_00960	Prbm.g_00241
OG0000429	Pram	Prbg.g_00960	Pram.g_00166
OG0000429	Prbh	Prbg.g_00960	Prbh.g_00601
OG0000429	Prak	Prbg.g_00960	Prak.g_00194
OG0000429	Prap	Prbg.g_00960	Prap.g_00988
OG0000429	Prbe	Prbg.g_00960	Prbe.g_01730
OG0000429	Prbf	Prbg.g_00960	Prbf.g_01516
OG0000429	Prbn	Prbg.g_00960	Prbn.g_00372
OG0000430	Prac	Prbg.g_00961	Prac.g_01747
OG0000430	Praq	Prbg.g_00961	Praq.g_01819
OG0000430	Prar	Prbg.g_00961	Prar.g_00144
OG0000430	Prav	Prbg.g_00961	Prav.g_00855
OG0000430	Prag	Prbg.g_00961	Prag.g_00176
OG0000430	Praw	Prbg.g_00961	Praw.g_01252
OG0000430	Prad	Prbg.g_00961	Prad.g_01808
OG0000430	Prbd	Prbg.g_00961	Prbd.g_01057
OG0000430	Prbi	Prbg.g_00961	Prbi.g_00207
OG0000430	Prax	Prbg.g_00961	Prax.g_01035
OG0000430	Pras	Prbg.g_00961	Pras.g_01034
OG0000430	Prau	Prbg.g_00961	Prau.g_00184
OG0000430	Pray	Prbg.g_00961	Pray.g_00664
OG0000430	Praz	Prbg.g_00961	Praz.g_00543
OG0000430	Prba	Prbg.g_00961	Prba.g_00639
OG0000430	Prae	Prbg.g_00961	Prae.g_00186
OG0000430	Praa	Prbg.g_00961	Praa.g_00183
OG0000430	Prao	Prbg.g_00961	Prao.g_00321
OG0000430	Prab	Prbg.g_00961	Prab.g_00174
OG0000430	Pran	Prbg.g_00961	Pran.g_00249
OG0000430	Prai	Prbg.g_00961	Prai.g_00194
OG0000430	Pram	Prbg.g_00961	Pram.g_00167
OG0000430	Prbh	Prbg.g_00961	Prbh.g_00600
OG0000430	Pral	Prbg.g_00961	Pral.g_00861
OG0000430	Prat	Prbg.g_00961	Prat.g_00184
OG0000430	Praj	Prbg.g_00961	Praj.g_00222
OG0000430	Prbb	Prbg.g_00961	Prbb.g_00239
OG0000430	Prbc	Prbg.g_00961	Prbc.g_00389
OG0000430	Prbm	Prbg.g_00961	Prbm.g_00242
OG0000430	Prbj	Prbg.g_00961	Prbj.g_01137
OG0000430	Prbk	Prbg.g_00961	Prbk.g_01281
OG0000430	Prbl	Prbg.g_00961	Prbl.g_00068
OG0000430	Praf	Prbg.g_00961	Praf.g_02491
OG0000430	Prah	Prbg.g_00961	Prah.g_02323
OG0000430	Syar	Prbg.g_00961	Syar.g_00123
OG0000430	Syat	Prbg.g_00961	Syat.g_02841
OG0000430	Syan	Prbg.g_00961	Syan.g_03053
OG0000430	Syao	Prbg.g_00961	Syao.g_02523
OG0000430	Syas	Prbg.g_00961	Syas.g_02311
OG0000430	Syap	Prbg.g_00961	Syap.g_01182
OG0000430	Syak	Prbg.g_00961	Syak.g_02084
OG0000430	Syad	Prbg.g_00961	Syad.g_02920
OG0000430	Syaj	Prbg.g_00961	Syaj.g_02007
OG0000430	Syaa	Prbg.g_00961	Syaa.g_02495
OG0000430	Syaf	Prbg.g_00961	Syaf.g_00790
OG0000430	Syai	Prbg.g_00961	Syai.g_02650
OG0000430	Syam	Prbg.g_00961	Syam.g_02233
OG0000430	Syae	Prbg.g_00961	Syae.g_01470
OG0000430	Syab	Prbg.g_00961	Syab.g_02610
OG0000430	Syal	Prbg.g_00961	Syal.g_00931
OG0000430	Syac	Prbg.g_00961	Syac.g_02260
OG0000430	Syah	Prbg.g_00961	Syah.g_00617
OG0000430	Syag	Prbg.g_00961	Syag.g_01995
OG0000430	Syaq	Prbg.g_00961	Syaq.g_01383
OG0000430	Prak	Prbg.g_00961	Prak.g_00195
OG0000430	Prap	Prbg.g_00961	Prap.g_00987
OG0000430	Prbe	Prbg.g_00961	Prbe.g_01731
OG0000430	Prbf	Prbg.g_00961	Prbf.g_01517
OG0000430	Prbn	Prbg.g_00961	Prbn.g_00371
OG0000431	Prab	Prbg.g_00963	Prab.g_00176
OG0000431	Pran	Prbg.g_00963	Pran.g_00247
OG0000431	Prad	Prbg.g_00963	Prad.g_01806
OG0000431	Prav	Prbg.g_00963	Prav.g_00853
OG0000431	Prac	Prbg.g_00963	Prac.g_01745
OG0000431	Praq	Prbg.g_00963	Praq.g_01817
OG0000431	Prar	Prbg.g_00963	Prar.g_00142
OG0000431	Pras	Prbg.g_00963	Pras.g_01036
OG0000431	Prau	Prbg.g_00963	Prau.g_00186
OG0000431	Prbi	Prbg.g_00963	Prbi.g_00209
OG0000431	Praa	Prbg.g_00963	Praa.g_00185
OG0000431	Prag	Prbg.g_00963	Prag.g_00178
OG0000431	Praw	Prbg.g_00963	Praw.g_01250
OG0000431	Prax	Prbg.g_00963	Prax.g_01033
OG0000431	Pray	Prbg.g_00963	Pray.g_00666
OG0000431	Praz	Prbg.g_00963	Praz.g_00545
OG0000431	Prba	Prbg.g_00963	Prba.g_00641
OG0000431	Prbd	Prbg.g_00963	Prbd.g_01055
OG0000431	Prae	Prbg.g_00963	Prae.g_00188
OG0000431	Prao	Prbg.g_00963	Prao.g_00323
OG0000431	Prai	Prbg.g_00963	Prai.g_00196
OG0000431	Pral	Prbg.g_00963	Pral.g_00859
OG0000431	Prat	Prbg.g_00963	Prat.g_00186
OG0000431	Praj	Prbg.g_00963	Praj.g_00224
OG0000431	Prbb	Prbg.g_00963	Prbb.g_00241
OG0000431	Prbc	Prbg.g_00963	Prbc.g_00387
OG0000431	Prbm	Prbg.g_00963	Prbm.g_00244
OG0000431	Syat	Prbg.g_00963	Syat.g_02838
OG0000431	Syan	Prbg.g_00963	Syan.g_03058
OG0000431	Syao	Prbg.g_00963	Syao.g_02526
OG0000431	Syas	Prbg.g_00963	Syas.g_02296
OG0000431	Syar	Prbg.g_00963	Syar.g_00127
OG0000431	Syap	Prbg.g_00963	Syap.g_01179
OG0000431	Praf	Prbg.g_00963	Praf.g_02495
OG0000431	Prah	Prbg.g_00963	Prah.g_02334
OG0000431	Prbj	Prbg.g_00963	Prbj.g_01141
OG0000431	Prbk	Prbg.g_00963	Prbk.g_01277
OG0000431	Prbl	Prbg.g_00963	Prbl.g_00072
OG0000431	Syac	Prbg.g_00963	Syac.g_02264
OG0000431	Syah	Prbg.g_00963	Syah.g_00613
OG0000431	Syae	Prbg.g_00963	Syae.g_01473
OG0000431	Syad	Prbg.g_00963	Syad.g_02923
OG0000431	Syaj	Prbg.g_00963	Syaj.g_02010
OG0000431	Syaa	Prbg.g_00963	Syaa.g_02498
OG0000431	Syam	Prbg.g_00963	Syam.g_02237
OG0000431	Syaf	Prbg.g_00963	Syaf.g_00786
OG0000431	Syai	Prbg.g_00963	Syai.g_02654
OG0000431	Syag	Prbg.g_00963	Syag.g_01998
OG0000431	Syaq	Prbg.g_00963	Syaq.g_01380
OG0000431	Syak	Prbg.g_00963	Syak.g_02081
OG0000431	Syab	Prbg.g_00963	Syab.g_02613
OG0000431	Syal	Prbg.g_00963	Syal.g_00934
OG0000431	Pram	Prbg.g_00963	Pram.g_00169
OG0000431	Prbh	Prbg.g_00963	Prbh.g_00598
OG0000431	Prak	Prbg.g_00963	Prak.g_00197
OG0000431	Prap	Prbg.g_00963	Prap.g_00985
OG0000431	Prbe	Prbg.g_00963	Prbe.g_01733
OG0000431	Prbf	Prbg.g_00963	Prbf.g_01519
OG0000431	Prbn	Prbg.g_00963	Prbn.g_00369
OG0000432	Prab	Prbg.g_00967	Prab.g_00179
OG0000432	Pran	Prbg.g_00967	Pran.g_00244
OG0000432	Prai	Prbg.g_00967	Prai.g_00199
OG0000432	Pras	Prbg.g_00967	Pras.g_01039
OG0000432	Prau	Prbg.g_00967	Prau.g_00189
OG0000432	Prac	Prbg.g_00967	Prac.g_01742
OG0000432	Praq	Prbg.g_00967	Praq.g_01814
OG0000432	Prar	Prbg.g_00967	Prar.g_00139
OG0000432	Prag	Prbg.g_00967	Prag.g_00181
OG0000432	Praw	Prbg.g_00967	Praw.g_01247
OG0000432	Prao	Prbg.g_00967	Prao.g_00326
OG0000432	Prad	Prbg.g_00967	Prad.g_01803
OG0000432	Prav	Prbg.g_00967	Prav.g_00850
OG0000432	Prax	Prbg.g_00967	Prax.g_01030
OG0000432	Praa	Prbg.g_00967	Praa.g_00188
OG0000432	Prae	Prbg.g_00967	Prae.g_00191
OG0000432	Pray	Prbg.g_00967	Pray.g_00669
OG0000432	Praz	Prbg.g_00967	Praz.g_00548
OG0000432	Prba	Prbg.g_00967	Prba.g_00644
OG0000432	Prbd	Prbg.g_00967	Prbd.g_01052
OG0000432	Prbi	Prbg.g_00967	Prbi.g_00212
OG0000432	Praj	Prbg.g_00967	Praj.g_00228
OG0000432	Prbm	Prbg.g_00967	Prbm.g_00248
OG0000432	Prbb	Prbg.g_00967	Prbb.g_00245
OG0000432	Prbc	Prbg.g_00967	Prbc.g_00383
OG0000432	Prbj	Prbg.g_00967	Prbj.g_01148
OG0000432	Prbk	Prbg.g_00967	Prbk.g_01270
OG0000432	Prbl	Prbg.g_00967	Prbl.g_00079
OG0000432	Praf	Prbg.g_00967	Praf.g_02502
OG0000432	Prah	Prbg.g_00967	Prah.g_02341
OG0000432	Syag	Prbg.g_00967	Syag.g_02007
OG0000432	Syab	Prbg.g_00967	Syab.g_02619
OG0000432	Syal	Prbg.g_00967	Syal.g_00940
OG0000432	Syaq	Prbg.g_00967	Syaq.g_01374
OG0000432	Syak	Prbg.g_00967	Syak.g_02075
OG0000432	Syar	Prbg.g_00967	Syar.g_01009
OG0000432	Syat	Prbg.g_00967	Syat.g_02832
OG0000432	Syas	Prbg.g_00967	Syas.g_02288
OG0000432	Syap	Prbg.g_00967	Syap.g_02277
OG0000432	Syan	Prbg.g_00967	Syan.g_03065
OG0000432	Syao	Prbg.g_00967	Syao.g_02532
OG0000432	Syac	Prbg.g_00967	Syac.g_02270
OG0000432	Syah	Prbg.g_00967	Syah.g_00607
OG0000432	Syaa	Prbg.g_00967	Syaa.g_02504
OG0000432	Syaf	Prbg.g_00967	Syaf.g_00779
OG0000432	Syai	Prbg.g_00967	Syai.g_02660
OG0000432	Syam	Prbg.g_00967	Syam.g_02243
OG0000432	Syae	Prbg.g_00967	Syae.g_01481
OG0000432	Syad	Prbg.g_00967	Syad.g_02930
OG0000432	Syaj	Prbg.g_00967	Syaj.g_02017
OG0000432	Pral	Prbg.g_00967	Pral.g_00855
OG0000432	Prat	Prbg.g_00967	Prat.g_00190
OG0000432	Pram	Prbg.g_00967	Pram.g_00173
OG0000432	Prbh	Prbg.g_00967	Prbh.g_00594
OG0000432	Prak	Prbg.g_00967	Prak.g_00201
OG0000432	Prap	Prbg.g_00967	Prap.g_00981
OG0000432	Prbe	Prbg.g_00967	Prbe.g_01737
OG0000432	Prbf	Prbg.g_00967	Prbf.g_01523
OG0000432	Prbn	Prbg.g_00967	Prbn.g_00365
OG0000433	Prab	Prbg.g_00968	Prab.g_00180
OG0000433	Pran	Prbg.g_00968	Pran.g_00243
OG0000433	Prai	Prbg.g_00968	Prai.g_00200
OG0000433	Prad	Prbg.g_00968	Prad.g_01802
OG0000433	Prav	Prbg.g_00968	Prav.g_00849
OG0000433	Prbd	Prbg.g_00968	Prbd.g_01051
OG0000433	Prbi	Prbg.g_00968	Prbi.g_00213
OG0000433	Prac	Prbg.g_00968	Prac.g_01741
OG0000433	Praq	Prbg.g_00968	Praq.g_01813
OG0000433	Prar	Prbg.g_00968	Prar.g_00138
OG0000433	Prag	Prbg.g_00968	Prag.g_00182
OG0000433	Praw	Prbg.g_00968	Praw.g_01246
OG0000433	Prax	Prbg.g_00968	Prax.g_01029
OG0000433	Prae	Prbg.g_00968	Prae.g_00192
OG0000433	Praa	Prbg.g_00968	Praa.g_00189
OG0000433	Pray	Prbg.g_00968	Pray.g_00670
OG0000433	Praz	Prbg.g_00968	Praz.g_00549
OG0000433	Prba	Prbg.g_00968	Prba.g_00645
OG0000433	Prao	Prbg.g_00968	Prao.g_00327
OG0000433	Pras	Prbg.g_00968	Pras.g_01040
OG0000433	Prau	Prbg.g_00968	Prau.g_00190
OG0000433	Praj	Prbg.g_00968	Praj.g_00229
OG0000433	Prbm	Prbg.g_00968	Prbm.g_00249
OG0000433	Prbb	Prbg.g_00968	Prbb.g_00246
OG0000433	Prbc	Prbg.g_00968	Prbc.g_00382
OG0000433	Prbj	Prbg.g_00968	Prbj.g_01151
OG0000433	Prbk	Prbg.g_00968	Prbk.g_01267
OG0000433	Prbl	Prbg.g_00968	Prbl.g_00082
OG0000433	Praf	Prbg.g_00968	Praf.g_02505
OG0000433	Prah	Prbg.g_00968	Prah.g_02344
OG0000433	Syak	Prbg.g_00968	Syak.g_02073
OG0000433	Syaq	Prbg.g_00968	Syaq.g_01369
OG0000433	Syab	Prbg.g_00968	Syab.g_02622
OG0000433	Syal	Prbg.g_00968	Syal.g_00943
OG0000433	Syag	Prbg.g_00968	Syag.g_02009
OG0000433	Syae	Prbg.g_00968	Syae.g_01484
OG0000433	Syaa	Prbg.g_00968	Syaa.g_02513
OG0000433	Syaf	Prbg.g_00968	Syaf.g_00777
OG0000433	Syai	Prbg.g_00968	Syai.g_02662
OG0000433	Syam	Prbg.g_00968	Syam.g_02244
OG0000433	Syac	Prbg.g_00968	Syac.g_02272
OG0000433	Syah	Prbg.g_00968	Syah.g_00605
OG0000433	Syad	Prbg.g_00968	Syad.g_02933
OG0000433	Syaj	Prbg.g_00968	Syaj.g_02020
OG0000433	Syar	Prbg.g_00968	Syar.g_01007
OG0000433	Syat	Prbg.g_00968	Syat.g_02829
OG0000433	Syan	Prbg.g_00968	Syan.g_03068
OG0000433	Syap	Prbg.g_00968	Syap.g_02272
OG0000433	Syas	Prbg.g_00968	Syas.g_02286
OG0000433	Syao	Prbg.g_00968	Syao.g_02534
OG0000433	Pral	Prbg.g_00968	Pral.g_00854
OG0000433	Prat	Prbg.g_00968	Prat.g_00191
OG0000433	Pram	Prbg.g_00968	Pram.g_00174
OG0000433	Prbh	Prbg.g_00968	Prbh.g_00593
OG0000433	Prak	Prbg.g_00968	Prak.g_00202
OG0000433	Prap	Prbg.g_00968	Prap.g_00980
OG0000433	Prbe	Prbg.g_00968	Prbe.g_01738
OG0000433	Prbf	Prbg.g_00968	Prbf.g_01524
OG0000433	Prbn	Prbg.g_00968	Prbn.g_00364
OG0000434	Prab	Prbg.g_00969	Prab.g_00181
OG0000434	Pran	Prbg.g_00969	Pran.g_00242
OG0000434	Prai	Prbg.g_00969	Prai.g_00201
OG0000434	Prav	Prbg.g_00969	Prav.g_00848
OG0000434	Prad	Prbg.g_00969	Prad.g_01801
OG0000434	Prbi	Prbg.g_00969	Prbi.g_00214
OG0000434	Prbd	Prbg.g_00969	Prbd.g_01050
OG0000434	Prac	Prbg.g_00969	Prac.g_01740
OG0000434	Praq	Prbg.g_00969	Praq.g_01812
OG0000434	Prar	Prbg.g_00969	Prar.g_00137
OG0000434	Prao	Prbg.g_00969	Prao.g_00328
OG0000434	Prag	Prbg.g_00969	Prag.g_00183
OG0000434	Praw	Prbg.g_00969	Praw.g_01245
OG0000434	Pras	Prbg.g_00969	Pras.g_01041
OG0000434	Prau	Prbg.g_00969	Prau.g_00191
OG0000434	Praa	Prbg.g_00969	Praa.g_00190
OG0000434	Prae	Prbg.g_00969	Prae.g_00193
OG0000434	Pray	Prbg.g_00969	Pray.g_00671
OG0000434	Praz	Prbg.g_00969	Praz.g_00550
OG0000434	Prba	Prbg.g_00969	Prba.g_00646
OG0000434	Prax	Prbg.g_00969	Prax.g_01028
OG0000434	Syar	Prbg.g_00969	Syar.g_01006
OG0000434	Syat	Prbg.g_00969	Syat.g_02828
OG0000434	Syan	Prbg.g_00969	Syan.g_03069
OG0000434	Syao	Prbg.g_00969	Syao.g_02535
OG0000434	Syag	Prbg.g_00969	Syag.g_02010
OG0000434	Syad	Prbg.g_00969	Syad.g_02934
OG0000434	Syaj	Prbg.g_00969	Syaj.g_02021
OG0000434	Syaa	Prbg.g_00969	Syaa.g_02514
OG0000434	Syaf	Prbg.g_00969	Syaf.g_00776
OG0000434	Syai	Prbg.g_00969	Syai.g_02663
OG0000434	Syam	Prbg.g_00969	Syam.g_02245
OG0000434	Syac	Prbg.g_00969	Syac.g_02273
OG0000434	Syah	Prbg.g_00969	Syah.g_00604
OG0000434	Syae	Prbg.g_00969	Syae.g_01485
OG0000434	Syak	Prbg.g_00969	Syak.g_02072
OG0000434	Syab	Prbg.g_00969	Syab.g_02623
OG0000434	Syal	Prbg.g_00969	Syal.g_00944
OG0000434	Syaq	Prbg.g_00969	Syaq.g_01368
OG0000434	Syap	Prbg.g_00969	Syap.g_02271
OG0000434	Syas	Prbg.g_00969	Syas.g_02285
OG0000434	Praj	Prbg.g_00969	Praj.g_00230
OG0000434	Prbb	Prbg.g_00969	Prbb.g_00247
OG0000434	Prbc	Prbg.g_00969	Prbc.g_00381
OG0000434	Prbm	Prbg.g_00969	Prbm.g_00250
OG0000434	Prah	Prbg.g_00969	Prah.g_02345
OG0000434	Praf	Prbg.g_00969	Praf.g_02506
OG0000434	Prbj	Prbg.g_00969	Prbj.g_01152
OG0000434	Prbk	Prbg.g_00969	Prbk.g_01266
OG0000434	Prbl	Prbg.g_00969	Prbl.g_00083
OG0000434	Pral	Prbg.g_00969	Pral.g_00853
OG0000434	Prat	Prbg.g_00969	Prat.g_00192
OG0000434	Pram	Prbg.g_00969	Pram.g_00175
OG0000434	Prbh	Prbg.g_00969	Prbh.g_00592
OG0000434	Prak	Prbg.g_00969	Prak.g_00203
OG0000434	Prap	Prbg.g_00969	Prap.g_00979
OG0000434	Prbe	Prbg.g_00969	Prbe.g_01739
OG0000434	Prbf	Prbg.g_00969	Prbf.g_01525
OG0000434	Prbn	Prbg.g_00969	Prbn.g_00363
OG0000435	Prab	Prbg.g_00970	Prab.g_00182
OG0000435	Pran	Prbg.g_00970	Pran.g_00241
OG0000435	Prai	Prbg.g_00970	Prai.g_00202
OG0000435	Prag	Prbg.g_00970	Prag.g_00184
OG0000435	Praw	Prbg.g_00970	Praw.g_01244
OG0000435	Prad	Prbg.g_00970	Prad.g_01800
OG0000435	Praa	Prbg.g_00970	Praa.g_00191
OG0000435	Prae	Prbg.g_00970	Prae.g_00194
OG0000435	Pray	Prbg.g_00970	Pray.g_00672
OG0000435	Praz	Prbg.g_00970	Praz.g_00551
OG0000435	Prba	Prbg.g_00970	Prba.g_00647
OG0000435	Prao	Prbg.g_00970	Prao.g_00329
OG0000435	Prav	Prbg.g_00970	Prav.g_00847
OG0000435	Prbd	Prbg.g_00970	Prbd.g_01049
OG0000435	Pras	Prbg.g_00970	Pras.g_01042
OG0000435	Prau	Prbg.g_00970	Prau.g_00192
OG0000435	Prax	Prbg.g_00970	Prax.g_01027
OG0000435	Prac	Prbg.g_00970	Prac.g_01739
OG0000435	Praq	Prbg.g_00970	Praq.g_01811
OG0000435	Prar	Prbg.g_00970	Prar.g_00136
OG0000435	Prbi	Prbg.g_00970	Prbi.g_00215
OG0000435	Prbb	Prbg.g_00970	Prbb.g_00248
OG0000435	Prbc	Prbg.g_00970	Prbc.g_00380
OG0000435	Prbm	Prbg.g_00970	Prbm.g_00251
OG0000435	Praj	Prbg.g_00970	Praj.g_00231
OG0000435	Pral	Prbg.g_00970	Pral.g_00852
OG0000435	Prat	Prbg.g_00970	Prat.g_00193
OG0000435	Prbj	Prbg.g_00970	Prbj.g_01155
OG0000435	Prbk	Prbg.g_00970	Prbk.g_01263
OG0000435	Prbl	Prbg.g_00970	Prbl.g_00086
OG0000435	Praf	Prbg.g_00970	Praf.g_02509
OG0000435	Prah	Prbg.g_00970	Prah.g_02350
OG0000435	Syak	Prbg.g_00970	Syak.g_02071
OG0000435	Syaq	Prbg.g_00970	Syaq.g_01367
OG0000435	Syae	Prbg.g_00970	Syae.g_01486
OG0000435	Syad	Prbg.g_00970	Syad.g_02936
OG0000435	Syaj	Prbg.g_00970	Syaj.g_02023
OG0000435	Syaa	Prbg.g_00970	Syaa.g_02516
OG0000435	Syab	Prbg.g_00970	Syab.g_02625
OG0000435	Syal	Prbg.g_00970	Syal.g_00946
OG0000435	Syag	Prbg.g_00970	Syag.g_02017
OG0000435	Syam	Prbg.g_00970	Syam.g_02246
OG0000435	Syac	Prbg.g_00970	Syac.g_02277
OG0000435	Syah	Prbg.g_00970	Syah.g_00602
OG0000435	Syaf	Prbg.g_00970	Syaf.g_00772
OG0000435	Syai	Prbg.g_00970	Syai.g_02666
OG0000435	Syas	Prbg.g_00970	Syas.g_02282
OG0000435	Syat	Prbg.g_00970	Syat.g_02824
OG0000435	Syar	Prbg.g_00970	Syar.g_01003
OG0000435	Syap	Prbg.g_00970	Syap.g_02268
OG0000435	Syan	Prbg.g_00970	Syan.g_03071
OG0000435	Syao	Prbg.g_00970	Syao.g_02538
OG0000435	Pram	Prbg.g_00970	Pram.g_00176
OG0000435	Prbh	Prbg.g_00970	Prbh.g_00591
OG0000435	Prak	Prbg.g_00970	Prak.g_00204
OG0000435	Prap	Prbg.g_00970	Prap.g_00978
OG0000435	Prbe	Prbg.g_00970	Prbe.g_01740
OG0000435	Prbf	Prbg.g_00970	Prbf.g_01526
OG0000435	Prbn	Prbg.g_00970	Prbn.g_00362
OG0000436	Prab	Prbg.g_00975	Prab.g_00187
OG0000436	Pran	Prbg.g_00975	Pran.g_00236
OG0000436	Prai	Prbg.g_00975	Prai.g_00207
OG0000436	Prae	Prbg.g_00975	Prae.g_00199
OG0000436	Prac	Prbg.g_00975	Prac.g_01734
OG0000436	Praq	Prbg.g_00975	Praq.g_01806
OG0000436	Prar	Prbg.g_00975	Prar.g_00131
OG0000436	Prag	Prbg.g_00975	Prag.g_00189
OG0000436	Praw	Prbg.g_00975	Praw.g_01239
OG0000436	Prav	Prbg.g_00975	Prav.g_00842
OG0000436	Prad	Prbg.g_00975	Prad.g_01795
OG0000436	Prao	Prbg.g_00975	Prao.g_00334
OG0000436	Prbi	Prbg.g_00975	Prbi.g_00220
OG0000436	Praa	Prbg.g_00975	Praa.g_00196
OG0000436	Prbd	Prbg.g_00975	Prbd.g_01044
OG0000436	Pray	Prbg.g_00975	Pray.g_00677
OG0000436	Praz	Prbg.g_00975	Praz.g_00556
OG0000436	Prba	Prbg.g_00975	Prba.g_00652
OG0000436	Prau	Prbg.g_00975	Prau.g_00197
OG0000436	Pras	Prbg.g_00975	Pras.g_01047
OG0000436	Prax	Prbg.g_00975	Prax.g_01022
OG0000436	Prbb	Prbg.g_00975	Prbb.g_00253
OG0000436	Prbc	Prbg.g_00975	Prbc.g_00375
OG0000436	Praj	Prbg.g_00975	Praj.g_00236
OG0000436	Prbm	Prbg.g_00975	Prbm.g_00256
OG0000436	Pral	Prbg.g_00975	Pral.g_00847
OG0000436	Prat	Prbg.g_00975	Prat.g_00198
OG0000436	Prbj	Prbg.g_00975	Prbj.g_01161
OG0000436	Prbk	Prbg.g_00975	Prbk.g_01257
OG0000436	Prbl	Prbg.g_00975	Prbl.g_00092
OG0000436	Praf	Prbg.g_00975	Praf.g_02515
OG0000436	Prah	Prbg.g_00975	Prah.g_02356
OG0000436	Syad	Prbg.g_00975	Syad.g_02942
OG0000436	Syaj	Prbg.g_00975	Syaj.g_02029
OG0000436	Syaa	Prbg.g_00975	Syaa.g_02525
OG0000436	Syae	Prbg.g_00975	Syae.g_01491
OG0000436	Syaf	Prbg.g_00975	Syaf.g_00767
OG0000436	Syai	Prbg.g_00975	Syai.g_02671
OG0000436	Syam	Prbg.g_00975	Syam.g_02252
OG0000436	Syac	Prbg.g_00975	Syac.g_02282
OG0000436	Syah	Prbg.g_00975	Syah.g_00597
OG0000436	Syag	Prbg.g_00975	Syag.g_02028
OG0000436	Syab	Prbg.g_00975	Syab.g_02632
OG0000436	Syal	Prbg.g_00975	Syal.g_00953
OG0000436	Syak	Prbg.g_00975	Syak.g_02064
OG0000436	Syaq	Prbg.g_00975	Syaq.g_01361
OG0000436	Syar	Prbg.g_00975	Syar.g_00994
OG0000436	Syap	Prbg.g_00975	Syap.g_01607
OG0000436	Syas	Prbg.g_00975	Syas.g_02273
OG0000436	Syat	Prbg.g_00975	Syat.g_02817
OG0000436	Syan	Prbg.g_00975	Syan.g_03079
OG0000436	Syao	Prbg.g_00975	Syao.g_02458
OG0000436	Pram	Prbg.g_00975	Pram.g_00181
OG0000436	Prbh	Prbg.g_00975	Prbh.g_00586
OG0000436	Prak	Prbg.g_00975	Prak.g_00209
OG0000436	Prap	Prbg.g_00975	Prap.g_00973
OG0000436	Prbe	Prbg.g_00975	Prbe.g_01745
OG0000436	Prbf	Prbg.g_00975	Prbf.g_01531
OG0000436	Prbn	Prbg.g_00975	Prbn.g_00357
OG0000437	Prab	Prbg.g_00976	Prab.g_00188
OG0000437	Pran	Prbg.g_00976	Pran.g_00235
OG0000437	Prai	Prbg.g_00976	Prai.g_00208
OG0000437	Prac	Prbg.g_00976	Prac.g_01733
OG0000437	Praq	Prbg.g_00976	Praq.g_01805
OG0000437	Prar	Prbg.g_00976	Prar.g_00130
OG0000437	Prae	Prbg.g_00976	Prae.g_00200
OG0000437	Prax	Prbg.g_00976	Prax.g_01021
OG0000437	Pras	Prbg.g_00976	Pras.g_01048
OG0000437	Prau	Prbg.g_00976	Prau.g_00198
OG0000437	Prao	Prbg.g_00976	Prao.g_00335
OG0000437	Prad	Prbg.g_00976	Prad.g_01794
OG0000437	Prav	Prbg.g_00976	Prav.g_00841
OG0000437	Pray	Prbg.g_00976	Pray.g_00678
OG0000437	Praz	Prbg.g_00976	Praz.g_00557
OG0000437	Prba	Prbg.g_00976	Prba.g_00653
OG0000437	Praa	Prbg.g_00976	Praa.g_00197
OG0000437	Prbd	Prbg.g_00976	Prbd.g_01043
OG0000437	Prbi	Prbg.g_00976	Prbi.g_00221
OG0000437	Prag	Prbg.g_00976	Prag.g_00190
OG0000437	Praw	Prbg.g_00976	Praw.g_01238
OG0000437	Praj	Prbg.g_00976	Praj.g_00237
OG0000437	Prbb	Prbg.g_00976	Prbb.g_00254
OG0000437	Prbm	Prbg.g_00976	Prbm.g_00257
OG0000437	Prbc	Prbg.g_00976	Prbc.g_00374
OG0000437	Syap	Prbg.g_00976	Syap.g_01608
OG0000437	Prah	Prbg.g_00976	Prah.g_02357
OG0000437	Praf	Prbg.g_00976	Praf.g_02516
OG0000437	Prbj	Prbg.g_00976	Prbj.g_01162
OG0000437	Prbk	Prbg.g_00976	Prbk.g_01256
OG0000437	Prbl	Prbg.g_00976	Prbl.g_00093
OG0000437	Syar	Prbg.g_00976	Syar.g_00993
OG0000437	Syas	Prbg.g_00976	Syas.g_02272
OG0000437	Syan	Prbg.g_00976	Syan.g_03080
OG0000437	Syao	Prbg.g_00976	Syao.g_02459
OG0000437	Syae	Prbg.g_00976	Syae.g_01492
OG0000437	Syad	Prbg.g_00976	Syad.g_02943
OG0000437	Syaj	Prbg.g_00976	Syaj.g_02030
OG0000437	Syat	Prbg.g_00976	Syat.g_02558
OG0000437	Syaq	Prbg.g_00976	Syaq.g_01360
OG0000437	Syag	Prbg.g_00976	Syag.g_02029
OG0000437	Syaa	Prbg.g_00976	Syaa.g_02526
OG0000437	Syai	Prbg.g_00976	Syai.g_02672
OG0000437	Syaf	Prbg.g_00976	Syaf.g_00766
OG0000437	Syam	Prbg.g_00976	Syam.g_02253
OG0000437	Syak	Prbg.g_00976	Syak.g_02063
OG0000437	Syac	Prbg.g_00976	Syac.g_02283
OG0000437	Syah	Prbg.g_00976	Syah.g_00596
OG0000437	Syab	Prbg.g_00976	Syab.g_02633
OG0000437	Syal	Prbg.g_00976	Syal.g_00954
OG0000437	Pral	Prbg.g_00976	Pral.g_00846
OG0000437	Prat	Prbg.g_00976	Prat.g_00199
OG0000437	Pram	Prbg.g_00976	Pram.g_00182
OG0000437	Prbh	Prbg.g_00976	Prbh.g_00585
OG0000437	Prak	Prbg.g_00976	Prak.g_00210
OG0000437	Prap	Prbg.g_00976	Prap.g_00972
OG0000437	Prbe	Prbg.g_00976	Prbe.g_01746
OG0000437	Prbf	Prbg.g_00976	Prbf.g_01532
OG0000437	Prbn	Prbg.g_00976	Prbn.g_00356
OG0000438	Prab	Prbg.g_00977	Prab.g_00189
OG0000438	Pran	Prbg.g_00977	Pran.g_00234
OG0000438	Prai	Prbg.g_00977	Prai.g_00209
OG0000438	Prao	Prbg.g_00977	Prao.g_00336
OG0000438	Prbi	Prbg.g_00977	Prbi.g_00222
OG0000438	Prbd	Prbg.g_00977	Prbd.g_01042
OG0000438	Praa	Prbg.g_00977	Praa.g_00198
OG0000438	Pray	Prbg.g_00977	Pray.g_00679
OG0000438	Praz	Prbg.g_00977	Praz.g_00558
OG0000438	Prba	Prbg.g_00977	Prba.g_00654
OG0000438	Pras	Prbg.g_00977	Pras.g_01049
OG0000438	Prau	Prbg.g_00977	Prau.g_00199
OG0000438	Prax	Prbg.g_00977	Prax.g_01020
OG0000438	Prav	Prbg.g_00977	Prav.g_00840
OG0000438	Prae	Prbg.g_00977	Prae.g_00201
OG0000438	Prac	Prbg.g_00977	Prac.g_01732
OG0000438	Praq	Prbg.g_00977	Praq.g_01804
OG0000438	Prar	Prbg.g_00977	Prar.g_00129
OG0000438	Prag	Prbg.g_00977	Prag.g_00191
OG0000438	Praw	Prbg.g_00977	Praw.g_01237
OG0000438	Prad	Prbg.g_00977	Prad.g_01793
OG0000438	Prbb	Prbg.g_00977	Prbb.g_00255
OG0000438	Prbm	Prbg.g_00977	Prbm.g_00258
OG0000438	Prbc	Prbg.g_00977	Prbc.g_00373
OG0000438	Praj	Prbg.g_00977	Praj.g_00238
OG0000438	Prbj	Prbg.g_00977	Prbj.g_01163
OG0000438	Prbk	Prbg.g_00977	Prbk.g_01255
OG0000438	Prbl	Prbg.g_00977	Prbl.g_00094
OG0000438	Praf	Prbg.g_00977	Praf.g_02517
OG0000438	Prah	Prbg.g_00977	Prah.g_02358
OG0000438	Syab	Prbg.g_00977	Syab.g_02634
OG0000438	Syal	Prbg.g_00977	Syal.g_00955
OG0000438	Syak	Prbg.g_00977	Syak.g_02062
OG0000438	Syag	Prbg.g_00977	Syag.g_02031
OG0000438	Syas	Prbg.g_00977	Syas.g_02271
OG0000438	Syar	Prbg.g_00977	Syar.g_00992
OG0000438	Syat	Prbg.g_00977	Syat.g_02813
OG0000438	Syap	Prbg.g_00977	Syap.g_01612
OG0000438	Syan	Prbg.g_00977	Syan.g_03083
OG0000438	Syao	Prbg.g_00977	Syao.g_02460
OG0000438	Syaq	Prbg.g_00977	Syaq.g_01359
OG0000438	Syac	Prbg.g_00977	Syac.g_02284
OG0000438	Syah	Prbg.g_00977	Syah.g_00595
OG0000438	Syad	Prbg.g_00977	Syad.g_02944
OG0000438	Syaj	Prbg.g_00977	Syaj.g_02031
OG0000438	Syae	Prbg.g_00977	Syae.g_01493
OG0000438	Syaa	Prbg.g_00977	Syaa.g_02527
OG0000438	Syaf	Prbg.g_00977	Syaf.g_00765
OG0000438	Syai	Prbg.g_00977	Syai.g_02673
OG0000438	Syam	Prbg.g_00977	Syam.g_02254
OG0000438	Pral	Prbg.g_00977	Pral.g_00845
OG0000438	Prat	Prbg.g_00977	Prat.g_00200
OG0000438	Pram	Prbg.g_00977	Pram.g_00183
OG0000438	Prbh	Prbg.g_00977	Prbh.g_00584
OG0000438	Prak	Prbg.g_00977	Prak.g_00211
OG0000438	Prap	Prbg.g_00977	Prap.g_00971
OG0000438	Prbe	Prbg.g_00977	Prbe.g_01747
OG0000438	Prbf	Prbg.g_00977	Prbf.g_01533
OG0000438	Prbn	Prbg.g_00977	Prbn.g_00355
OG0000439	Prab	Prbg.g_00979	Prab.g_00191
OG0000439	Pran	Prbg.g_00979	Pran.g_00232
OG0000439	Prai	Prbg.g_00979	Prai.g_00211
OG0000439	Prao	Prbg.g_00979	Prao.g_00338
OG0000439	Prav	Prbg.g_00979	Prav.g_00838
OG0000439	Prac	Prbg.g_00979	Prac.g_01730
OG0000439	Praq	Prbg.g_00979	Praq.g_01802
OG0000439	Prar	Prbg.g_00979	Prar.g_00127
OG0000439	Prad	Prbg.g_00979	Prad.g_01791
OG0000439	Prag	Prbg.g_00979	Prag.g_00193
OG0000439	Praw	Prbg.g_00979	Praw.g_01235
OG0000439	Pray	Prbg.g_00979	Pray.g_00681
OG0000439	Praz	Prbg.g_00979	Praz.g_00560
OG0000439	Prba	Prbg.g_00979	Prba.g_00656
OG0000439	Prax	Prbg.g_00979	Prax.g_01018
OG0000439	Pras	Prbg.g_00979	Pras.g_01051
OG0000439	Prau	Prbg.g_00979	Prau.g_00201
OG0000439	Praa	Prbg.g_00979	Praa.g_00200
OG0000439	Prae	Prbg.g_00979	Prae.g_00203
OG0000439	Prbd	Prbg.g_00979	Prbd.g_01040
OG0000439	Prbi	Prbg.g_00979	Prbi.g_00224
OG0000439	Pral	Prbg.g_00979	Pral.g_00844
OG0000439	Prat	Prbg.g_00979	Prat.g_00202
OG0000439	Praj	Prbg.g_00979	Praj.g_00240
OG0000439	Prbb	Prbg.g_00979	Prbb.g_00257
OG0000439	Prbc	Prbg.g_00979	Prbc.g_00371
OG0000439	Prbm	Prbg.g_00979	Prbm.g_00260
OG0000439	Syad	Prbg.g_00979	Syad.g_02946
OG0000439	Syaj	Prbg.g_00979	Syaj.g_02033
OG0000439	Syai	Prbg.g_00979	Syai.g_02675
OG0000439	Syaf	Prbg.g_00979	Syaf.g_00763
OG0000439	Syam	Prbg.g_00979	Syam.g_02256
OG0000439	Syac	Prbg.g_00979	Syac.g_02286
OG0000439	Syah	Prbg.g_00979	Syah.g_00593
OG0000439	Syaa	Prbg.g_00979	Syaa.g_02529
OG0000439	Syae	Prbg.g_00979	Syae.g_01495
OG0000439	Syak	Prbg.g_00979	Syak.g_02060
OG0000439	Syab	Prbg.g_00979	Syab.g_02636
OG0000439	Syal	Prbg.g_00979	Syal.g_00957
OG0000439	Syaq	Prbg.g_00979	Syaq.g_01357
OG0000439	Syag	Prbg.g_00979	Syag.g_02033
OG0000439	Syat	Prbg.g_00979	Syat.g_02811
OG0000439	Syas	Prbg.g_00979	Syas.g_02269
OG0000439	Syap	Prbg.g_00979	Syap.g_01614
OG0000439	Syar	Prbg.g_00979	Syar.g_00990
OG0000439	Syan	Prbg.g_00979	Syan.g_03085
OG0000439	Syao	Prbg.g_00979	Syao.g_02462
OG0000439	Praf	Prbg.g_00979	Praf.g_02519
OG0000439	Prbj	Prbg.g_00979	Prbj.g_01165
OG0000439	Prbk	Prbg.g_00979	Prbk.g_01253
OG0000439	Prbl	Prbg.g_00979	Prbl.g_00096
OG0000439	Prah	Prbg.g_00979	Prah.g_02360
OG0000439	Pram	Prbg.g_00979	Pram.g_00185
OG0000439	Prbh	Prbg.g_00979	Prbh.g_00582
OG0000439	Prak	Prbg.g_00979	Prak.g_00213
OG0000439	Prap	Prbg.g_00979	Prap.g_00969
OG0000439	Prbe	Prbg.g_00979	Prbe.g_01749
OG0000439	Prbf	Prbg.g_00979	Prbf.g_01535
OG0000439	Prbn	Prbg.g_00979	Prbn.g_00353
OG0000440	Prab	Prbg.g_00980	Prab.g_00192
OG0000440	Pran	Prbg.g_00980	Pran.g_00231
OG0000440	Prai	Prbg.g_00980	Prai.g_00212
OG0000440	Prao	Prbg.g_00980	Prao.g_00339
OG0000440	Prav	Prbg.g_00980	Prav.g_00837
OG0000440	Prad	Prbg.g_00980	Prad.g_01790
OG0000440	Pras	Prbg.g_00980	Pras.g_01052
OG0000440	Prax	Prbg.g_00980	Prax.g_01017
OG0000440	Pray	Prbg.g_00980	Pray.g_00682
OG0000440	Praz	Prbg.g_00980	Praz.g_00561
OG0000440	Prba	Prbg.g_00980	Prba.g_00657
OG0000440	Prbi	Prbg.g_00980	Prbi.g_00225
OG0000440	Prag	Prbg.g_00980	Prag.g_00194
OG0000440	Praw	Prbg.g_00980	Praw.g_01234
OG0000440	Praa	Prbg.g_00980	Praa.g_00201
OG0000440	Prau	Prbg.g_00980	Prau.g_00202
OG0000440	Prbd	Prbg.g_00980	Prbd.g_01039
OG0000440	Prae	Prbg.g_00980	Prae.g_00204
OG0000440	Prac	Prbg.g_00980	Prac.g_01729
OG0000440	Praq	Prbg.g_00980	Praq.g_01801
OG0000440	Prar	Prbg.g_00980	Prar.g_00126
OG0000440	Praj	Prbg.g_00980	Praj.g_00241
OG0000440	Prbc	Prbg.g_00980	Prbc.g_00370
OG0000440	Prbb	Prbg.g_00980	Prbb.g_00258
OG0000440	Prbm	Prbg.g_00980	Prbm.g_00261
OG0000440	Syaa	Prbg.g_00980	Syaa.g_02530
OG0000440	Syac	Prbg.g_00980	Syac.g_02287
OG0000440	Syah	Prbg.g_00980	Syah.g_00592
OG0000440	Syaf	Prbg.g_00980	Syaf.g_00762
OG0000440	Syai	Prbg.g_00980	Syai.g_02676
OG0000440	Syam	Prbg.g_00980	Syam.g_02257
OG0000440	Syae	Prbg.g_00980	Syae.g_01496
OG0000440	Syad	Prbg.g_00980	Syad.g_02947
OG0000440	Syaj	Prbg.g_00980	Syaj.g_02034
OG0000440	Syap	Prbg.g_00980	Syap.g_01615
OG0000440	Syan	Prbg.g_00980	Syan.g_03086
OG0000440	Syao	Prbg.g_00980	Syao.g_02463
OG0000440	Syar	Prbg.g_00980	Syar.g_00989
OG0000440	Syas	Prbg.g_00980	Syas.g_02268
OG0000440	Syat	Prbg.g_00980	Syat.g_02810
OG0000440	Syak	Prbg.g_00980	Syak.g_02059
OG0000440	Syab	Prbg.g_00980	Syab.g_02637
OG0000440	Syal	Prbg.g_00980	Syal.g_00958
OG0000440	Syag	Prbg.g_00980	Syag.g_02034
OG0000440	Syaq	Prbg.g_00980	Syaq.g_01356
OG0000440	Praf	Prbg.g_00980	Praf.g_02520
OG0000440	Prbj	Prbg.g_00980	Prbj.g_01166
OG0000440	Prbk	Prbg.g_00980	Prbk.g_01252
OG0000440	Prbl	Prbg.g_00980	Prbl.g_00097
OG0000440	Prah	Prbg.g_00980	Prah.g_02361
OG0000440	Pral	Prbg.g_00980	Pral.g_00843
OG0000440	Prat	Prbg.g_00980	Prat.g_00203
OG0000440	Pram	Prbg.g_00980	Pram.g_00186
OG0000440	Prbh	Prbg.g_00980	Prbh.g_00581
OG0000440	Prak	Prbg.g_00980	Prak.g_00214
OG0000440	Prap	Prbg.g_00980	Prap.g_00968
OG0000440	Prbe	Prbg.g_00980	Prbe.g_01750
OG0000440	Prbf	Prbg.g_00980	Prbf.g_01536
OG0000440	Prbn	Prbg.g_00980	Prbn.g_00352
OG0000441	Prab	Prbg.g_00983	Prab.g_00195
OG0000441	Pran	Prbg.g_00983	Pran.g_00228
OG0000441	Prai	Prbg.g_00983	Prai.g_00215
OG0000441	Prao	Prbg.g_00983	Prao.g_00342
OG0000441	Prag	Prbg.g_00983	Prag.g_00197
OG0000441	Praw	Prbg.g_00983	Praw.g_01231
OG0000441	Prad	Prbg.g_00983	Prad.g_01787
OG0000441	Prac	Prbg.g_00983	Prac.g_01726
OG0000441	Praq	Prbg.g_00983	Praq.g_01798
OG0000441	Prar	Prbg.g_00983	Prar.g_00123
OG0000441	Prav	Prbg.g_00983	Prav.g_00834
OG0000441	Prax	Prbg.g_00983	Prax.g_01014
OG0000441	Pras	Prbg.g_00983	Pras.g_01055
OG0000441	Prau	Prbg.g_00983	Prau.g_00205
OG0000441	Prae	Prbg.g_00983	Prae.g_00207
OG0000441	Praa	Prbg.g_00983	Praa.g_00204
OG0000441	Pray	Prbg.g_00983	Pray.g_00685
OG0000441	Praz	Prbg.g_00983	Praz.g_00564
OG0000441	Prba	Prbg.g_00983	Prba.g_00660
OG0000441	Prbd	Prbg.g_00983	Prbd.g_01036
OG0000441	Prbi	Prbg.g_00983	Prbi.g_00228
OG0000441	Prbc	Prbg.g_00983	Prbc.g_00368
OG0000441	Praj	Prbg.g_00983	Praj.g_00243
OG0000441	Prbb	Prbg.g_00983	Prbb.g_00260
OG0000441	Prbm	Prbg.g_00983	Prbm.g_00263
OG0000441	Prah	Prbg.g_00983	Prah.g_02364
OG0000441	Praf	Prbg.g_00983	Praf.g_02524
OG0000441	Prbj	Prbg.g_00983	Prbj.g_01173
OG0000441	Prbk	Prbg.g_00983	Prbk.g_01245
OG0000441	Prbl	Prbg.g_00983	Prbl.g_00104
OG0000441	Syan	Prbg.g_00983	Syan.g_03089
OG0000441	Syao	Prbg.g_00983	Syao.g_02466
OG0000441	Syap	Prbg.g_00983	Syap.g_01619
OG0000441	Syar	Prbg.g_00983	Syar.g_00986
OG0000441	Syat	Prbg.g_00983	Syat.g_02807
OG0000441	Syas	Prbg.g_00983	Syas.g_02265
OG0000441	Syae	Prbg.g_00983	Syae.g_01501
OG0000441	Syah	Prbg.g_00983	Syah.g_00585
OG0000441	Syac	Prbg.g_00983	Syac.g_02294
OG0000441	Syaf	Prbg.g_00983	Syaf.g_00756
OG0000441	Syai	Prbg.g_00983	Syai.g_02681
OG0000441	Syaa	Prbg.g_00983	Syaa.g_02534
OG0000441	Syam	Prbg.g_00983	Syam.g_02261
OG0000441	Syad	Prbg.g_00983	Syad.g_02951
OG0000441	Syaj	Prbg.g_00983	Syaj.g_02038
OG0000441	Syaq	Prbg.g_00983	Syaq.g_01352
OG0000441	Syag	Prbg.g_00983	Syag.g_02041
OG0000441	Syak	Prbg.g_00983	Syak.g_02053
OG0000441	Syab	Prbg.g_00983	Syab.g_02641
OG0000441	Syal	Prbg.g_00983	Syal.g_00962
OG0000441	Prat	Prbg.g_00983	Prat.g_00206
OG0000441	Pral	Prbg.g_00983	Pral.g_00840
OG0000441	Pram	Prbg.g_00983	Pram.g_00189
OG0000441	Prbh	Prbg.g_00983	Prbh.g_00578
OG0000441	Prak	Prbg.g_00983	Prak.g_00217
OG0000441	Prap	Prbg.g_00983	Prap.g_00965
OG0000441	Prbe	Prbg.g_00983	Prbe.g_01753
OG0000441	Prbf	Prbg.g_00983	Prbf.g_01539
OG0000441	Prbn	Prbg.g_00983	Prbn.g_00349
OG0000442	Prab	Prbg.g_00984	Prab.g_00196
OG0000442	Pran	Prbg.g_00984	Pran.g_00227
OG0000442	Prai	Prbg.g_00984	Prai.g_00216
OG0000442	Prac	Prbg.g_00984	Prac.g_01725
OG0000442	Praq	Prbg.g_00984	Praq.g_01797
OG0000442	Prar	Prbg.g_00984	Prar.g_00122
OG0000442	Prav	Prbg.g_00984	Prav.g_00833
OG0000442	Prao	Prbg.g_00984	Prao.g_00343
OG0000442	Prad	Prbg.g_00984	Prad.g_01786
OG0000442	Pray	Prbg.g_00984	Pray.g_00686
OG0000442	Praz	Prbg.g_00984	Praz.g_00565
OG0000442	Prba	Prbg.g_00984	Prba.g_00661
OG0000442	Prax	Prbg.g_00984	Prax.g_01013
OG0000442	Pras	Prbg.g_00984	Pras.g_01056
OG0000442	Prau	Prbg.g_00984	Prau.g_00206
OG0000442	Prae	Prbg.g_00984	Prae.g_00208
OG0000442	Praa	Prbg.g_00984	Praa.g_00205
OG0000442	Prbd	Prbg.g_00984	Prbd.g_01035
OG0000442	Prbi	Prbg.g_00984	Prbi.g_00229
OG0000442	Prag	Prbg.g_00984	Prag.g_00198
OG0000442	Praw	Prbg.g_00984	Praw.g_01230
OG0000442	Praj	Prbg.g_00984	Praj.g_00244
OG0000442	Prbc	Prbg.g_00984	Prbc.g_00367
OG0000442	Prbb	Prbg.g_00984	Prbb.g_00261
OG0000442	Prbm	Prbg.g_00984	Prbm.g_00264
OG0000442	Prbj	Prbg.g_00984	Prbj.g_01174
OG0000442	Prbk	Prbg.g_00984	Prbk.g_01244
OG0000442	Prbl	Prbg.g_00984	Prbl.g_00105
OG0000442	Praf	Prbg.g_00984	Praf.g_02525
OG0000442	Prah	Prbg.g_00984	Prah.g_02365
OG0000442	Syas	Prbg.g_00984	Syas.g_02259
OG0000442	Syap	Prbg.g_00984	Syap.g_01620
OG0000442	Syar	Prbg.g_00984	Syar.g_00977
OG0000442	Syat	Prbg.g_00984	Syat.g_02797
OG0000442	Syaq	Prbg.g_00984	Syaq.g_01350
OG0000442	Syan	Prbg.g_00984	Syan.g_03090
OG0000442	Syao	Prbg.g_00984	Syao.g_02467
OG0000442	Syab	Prbg.g_00984	Syab.g_02642
OG0000442	Syal	Prbg.g_00984	Syal.g_00964
OG0000442	Syaf	Prbg.g_00984	Syaf.g_00743
OG0000442	Syag	Prbg.g_00984	Syag.g_02044
OG0000442	Syac	Prbg.g_00984	Syac.g_02295
OG0000442	Syah	Prbg.g_00984	Syah.g_00580
OG0000442	Syaa	Prbg.g_00984	Syaa.g_02535
OG0000442	Syai	Prbg.g_00984	Syai.g_02682
OG0000442	Syam	Prbg.g_00984	Syam.g_02262
OG0000442	Syae	Prbg.g_00984	Syae.g_01502
OG0000442	Syad	Prbg.g_00984	Syad.g_02952
OG0000442	Syaj	Prbg.g_00984	Syaj.g_02039
OG0000442	Syak	Prbg.g_00984	Syak.g_02043
OG0000442	Pral	Prbg.g_00984	Pral.g_00839
OG0000442	Prat	Prbg.g_00984	Prat.g_00207
OG0000442	Pram	Prbg.g_00984	Pram.g_00190
OG0000442	Prbh	Prbg.g_00984	Prbh.g_00577
OG0000442	Prak	Prbg.g_00984	Prak.g_00218
OG0000442	Prap	Prbg.g_00984	Prap.g_00964
OG0000442	Prbe	Prbg.g_00984	Prbe.g_01754
OG0000442	Prbf	Prbg.g_00984	Prbf.g_01540
OG0000442	Prbn	Prbg.g_00984	Prbn.g_00348
OG0000443	Prac	Prbg.g_00985	Prac.g_01724
OG0000443	Praq	Prbg.g_00985	Praq.g_01796
OG0000443	Prar	Prbg.g_00985	Prar.g_00121
OG0000443	Prad	Prbg.g_00985	Prad.g_01785
OG0000443	Prae	Prbg.g_00985	Prae.g_00209
OG0000443	Prau	Prbg.g_00985	Prau.g_00207
OG0000443	Prax	Prbg.g_00985	Prax.g_01012
OG0000443	Pras	Prbg.g_00985	Pras.g_01057
OG0000443	Prbd	Prbg.g_00985	Prbd.g_01034
OG0000443	Prbi	Prbg.g_00985	Prbi.g_00230
OG0000443	Praa	Prbg.g_00985	Praa.g_00206
OG0000443	Prag	Prbg.g_00985	Prag.g_00199
OG0000443	Praw	Prbg.g_00985	Praw.g_01229
OG0000443	Prao	Prbg.g_00985	Prao.g_00344
OG0000443	Prav	Prbg.g_00985	Prav.g_00832
OG0000443	Pray	Prbg.g_00985	Pray.g_00687
OG0000443	Praz	Prbg.g_00985	Praz.g_00566
OG0000443	Prba	Prbg.g_00985	Prba.g_00662
OG0000443	Prab	Prbg.g_00985	Prab.g_00197
OG0000443	Pran	Prbg.g_00985	Pran.g_00226
OG0000443	Prai	Prbg.g_00985	Prai.g_00217
OG0000443	Praj	Prbg.g_00985	Praj.g_00245
OG0000443	Prbc	Prbg.g_00985	Prbc.g_00366
OG0000443	Prbb	Prbg.g_00985	Prbb.g_00262
OG0000443	Prbm	Prbg.g_00985	Prbm.g_00265
OG0000443	Pral	Prbg.g_00985	Pral.g_00838
OG0000443	Prat	Prbg.g_00985	Prat.g_00208
OG0000443	Syad	Prbg.g_00985	Syad.g_02953
OG0000443	Syaj	Prbg.g_00985	Syaj.g_02040
OG0000443	Syac	Prbg.g_00985	Syac.g_02296
OG0000443	Syah	Prbg.g_00985	Syah.g_00579
OG0000443	Syae	Prbg.g_00985	Syae.g_01503
OG0000443	Syaa	Prbg.g_00985	Syaa.g_02536
OG0000443	Syai	Prbg.g_00985	Syai.g_02683
OG0000443	Syam	Prbg.g_00985	Syam.g_02263
OG0000443	Syao	Prbg.g_00985	Syao.g_02468
OG0000443	Syab	Prbg.g_00985	Syab.g_02668
OG0000443	Syal	Prbg.g_00985	Syal.g_00966
OG0000443	Syaf	Prbg.g_00985	Syaf.g_00739
OG0000443	Syag	Prbg.g_00985	Syag.g_02046
OG0000443	Syar	Prbg.g_00985	Syar.g_00964
OG0000443	Syas	Prbg.g_00985	Syas.g_02241
OG0000443	Syap	Prbg.g_00985	Syap.g_01622
OG0000443	Syat	Prbg.g_00985	Syat.g_02787
OG0000443	Prbj	Prbg.g_00985	Prbj.g_00289
OG0000443	Prbk	Prbg.g_00985	Prbk.g_00631
OG0000443	Prbl	Prbg.g_00985	Prbl.g_01283
OG0000443	Praf	Prbg.g_00985	Praf.g_02531
OG0000443	Prah	Prbg.g_00985	Prah.g_02370
OG0000443	Syan	Prbg.g_00985	Syan.g_03094
OG0000443	Syak	Prbg.g_00985	Syak.g_02041
OG0000443	Syaq	Prbg.g_00985	Syaq.g_01347
OG0000443	Pram	Prbg.g_00985	Pram.g_00191
OG0000443	Prbh	Prbg.g_00985	Prbh.g_00576
OG0000443	Prak	Prbg.g_00985	Prak.g_00219
OG0000443	Prap	Prbg.g_00985	Prap.g_00963
OG0000443	Prbe	Prbg.g_00985	Prbe.g_01755
OG0000443	Prbf	Prbg.g_00985	Prbf.g_01541
OG0000443	Prbn	Prbg.g_00985	Prbn.g_00347
OG0000444	Prab	Prbg.g_00991	Prab.g_00202
OG0000444	Pran	Prbg.g_00991	Pran.g_00221
OG0000444	Prai	Prbg.g_00991	Prai.g_00222
OG0000444	Prad	Prbg.g_00991	Prad.g_01780
OG0000444	Prax	Prbg.g_00991	Prax.g_01007
OG0000444	Prbi	Prbg.g_00991	Prbi.g_00235
OG0000444	Prae	Prbg.g_00991	Prae.g_00214
OG0000444	Pray	Prbg.g_00991	Pray.g_00692
OG0000444	Praz	Prbg.g_00991	Praz.g_00571
OG0000444	Prba	Prbg.g_00991	Prba.g_00667
OG0000444	Prao	Prbg.g_00991	Prao.g_00349
OG0000444	Pras	Prbg.g_00991	Pras.g_01063
OG0000444	Prav	Prbg.g_00991	Prav.g_00827
OG0000444	Praa	Prbg.g_00991	Praa.g_00211
OG0000444	Prau	Prbg.g_00991	Prau.g_00212
OG0000444	Prbd	Prbg.g_00991	Prbd.g_01029
OG0000444	Prag	Prbg.g_00991	Prag.g_00204
OG0000444	Praw	Prbg.g_00991	Praw.g_01224
OG0000444	Prac	Prbg.g_00991	Prac.g_01719
OG0000444	Praq	Prbg.g_00991	Praq.g_01791
OG0000444	Prar	Prbg.g_00991	Prar.g_00116
OG0000444	Praj	Prbg.g_00991	Praj.g_00250
OG0000444	Prbm	Prbg.g_00991	Prbm.g_00270
OG0000444	Prbc	Prbg.g_00991	Prbc.g_00361
OG0000444	Prbb	Prbg.g_00991	Prbb.g_00267
OG0000444	Pral	Prbg.g_00991	Pral.g_00833
OG0000444	Prat	Prbg.g_00991	Prat.g_00213
OG0000444	Prbj	Prbg.g_00991	Prbj.g_00237
OG0000444	Prbk	Prbg.g_00991	Prbk.g_00683
OG0000444	Prbl	Prbg.g_00991	Prbl.g_00127
OG0000444	Praf	Prbg.g_00991	Praf.g_02575
OG0000444	Prah	Prbg.g_00991	Prah.g_02418
OG0000444	Syar	Prbg.g_00991	Syar.g_00954
OG0000444	Syat	Prbg.g_00991	Syat.g_02756
OG0000444	Syan	Prbg.g_00991	Syan.g_03102
OG0000444	Syao	Prbg.g_00991	Syao.g_02473
OG0000444	Syap	Prbg.g_00991	Syap.g_01424
OG0000444	Syas	Prbg.g_00991	Syas.g_02234
OG0000444	Syak	Prbg.g_00991	Syak.g_02022
OG0000444	Syac	Prbg.g_00991	Syac.g_02303
OG0000444	Syah	Prbg.g_00991	Syah.g_00573
OG0000444	Syab	Prbg.g_00991	Syab.g_02681
OG0000444	Syal	Prbg.g_00991	Syal.g_00978
OG0000444	Syag	Prbg.g_00991	Syag.g_02053
OG0000444	Syaq	Prbg.g_00991	Syaq.g_01333
OG0000444	Syad	Prbg.g_00991	Syad.g_02964
OG0000444	Syaj	Prbg.g_00991	Syaj.g_02052
OG0000444	Syae	Prbg.g_00991	Syae.g_01509
OG0000444	Syai	Prbg.g_00991	Syai.g_02688
OG0000444	Syaf	Prbg.g_00991	Syaf.g_00733
OG0000444	Syam	Prbg.g_00991	Syam.g_02268
OG0000444	Syaa	Prbg.g_00991	Syaa.g_02542
OG0000444	Pram	Prbg.g_00991	Pram.g_00196
OG0000444	Prbh	Prbg.g_00991	Prbh.g_00571
OG0000444	Prak	Prbg.g_00991	Prak.g_00225
OG0000444	Prap	Prbg.g_00991	Prap.g_00957
OG0000444	Prbe	Prbg.g_00991	Prbe.g_01761
OG0000444	Prbf	Prbg.g_00991	Prbf.g_01547
OG0000444	Prbn	Prbg.g_00991	Prbn.g_00341
OG0000445	Prab	Prbg.g_00992	Prab.g_00203
OG0000445	Pran	Prbg.g_00992	Pran.g_00220
OG0000445	Prai	Prbg.g_00992	Prai.g_00223
OG0000445	Prac	Prbg.g_00992	Prac.g_01718
OG0000445	Praq	Prbg.g_00992	Praq.g_01790
OG0000445	Prar	Prbg.g_00992	Prar.g_00115
OG0000445	Prae	Prbg.g_00992	Prae.g_00215
OG0000445	Prag	Prbg.g_00992	Prag.g_00205
OG0000445	Praw	Prbg.g_00992	Praw.g_01223
OG0000445	Praa	Prbg.g_00992	Praa.g_00212
OG0000445	Prbd	Prbg.g_00992	Prbd.g_01028
OG0000445	Pray	Prbg.g_00992	Pray.g_00693
OG0000445	Praz	Prbg.g_00992	Praz.g_00572
OG0000445	Prba	Prbg.g_00992	Prba.g_00668
OG0000445	Prbi	Prbg.g_00992	Prbi.g_00236
OG0000445	Prao	Prbg.g_00992	Prao.g_00350
OG0000445	Prad	Prbg.g_00992	Prad.g_01779
OG0000445	Prav	Prbg.g_00992	Prav.g_00826
OG0000445	Pras	Prbg.g_00992	Pras.g_01064
OG0000445	Prau	Prbg.g_00992	Prau.g_00213
OG0000445	Prax	Prbg.g_00992	Prax.g_01006
OG0000445	Prbm	Prbg.g_00992	Prbm.g_00271
OG0000445	Prbc	Prbg.g_00992	Prbc.g_00360
OG0000445	Praj	Prbg.g_00992	Praj.g_00251
OG0000445	Prbb	Prbg.g_00992	Prbb.g_00268
OG0000445	Prbj	Prbg.g_00992	Prbj.g_00238
OG0000445	Prbk	Prbg.g_00992	Prbk.g_00682
OG0000445	Prbl	Prbg.g_00992	Prbl.g_00126
OG0000445	Praf	Prbg.g_00992	Praf.g_02574
OG0000445	Prah	Prbg.g_00992	Prah.g_02417
OG0000445	Syar	Prbg.g_00992	Syar.g_00953
OG0000445	Syan	Prbg.g_00992	Syan.g_03103
OG0000445	Syao	Prbg.g_00992	Syao.g_02474
OG0000445	Syat	Prbg.g_00992	Syat.g_02755
OG0000445	Syap	Prbg.g_00992	Syap.g_01421
OG0000445	Syas	Prbg.g_00992	Syas.g_02233
OG0000445	Syag	Prbg.g_00992	Syag.g_02054
OG0000445	Syaq	Prbg.g_00992	Syaq.g_01332
OG0000445	Syad	Prbg.g_00992	Syad.g_02965
OG0000445	Syaj	Prbg.g_00992	Syaj.g_02053
OG0000445	Syac	Prbg.g_00992	Syac.g_02304
OG0000445	Syah	Prbg.g_00992	Syah.g_00572
OG0000445	Syab	Prbg.g_00992	Syab.g_02682
OG0000445	Syal	Prbg.g_00992	Syal.g_00979
OG0000445	Syaf	Prbg.g_00992	Syaf.g_00729
OG0000445	Syai	Prbg.g_00992	Syai.g_02689
OG0000445	Syae	Prbg.g_00992	Syae.g_01510
OG0000445	Syam	Prbg.g_00992	Syam.g_02269
OG0000445	Syaa	Prbg.g_00992	Syaa.g_02543
OG0000445	Syak	Prbg.g_00992	Syak.g_02015
OG0000445	Pral	Prbg.g_00992	Pral.g_00832
OG0000445	Prat	Prbg.g_00992	Prat.g_00214
OG0000445	Pram	Prbg.g_00992	Pram.g_00197
OG0000445	Prbh	Prbg.g_00992	Prbh.g_00570
OG0000445	Prak	Prbg.g_00992	Prak.g_00226
OG0000445	Prap	Prbg.g_00992	Prap.g_00956
OG0000445	Prbe	Prbg.g_00992	Prbe.g_01762
OG0000445	Prbf	Prbg.g_00992	Prbf.g_01548
OG0000445	Prbn	Prbg.g_00992	Prbn.g_00340
OG0000446	Prac	Prbg.g_00993	Prac.g_01717
OG0000446	Praq	Prbg.g_00993	Praq.g_01789
OG0000446	Prar	Prbg.g_00993	Prar.g_00114
OG0000446	Prad	Prbg.g_00993	Prad.g_01778
OG0000446	Prab	Prbg.g_00993	Prab.g_00204
OG0000446	Pran	Prbg.g_00993	Pran.g_00219
OG0000446	Prai	Prbg.g_00993	Prai.g_00224
OG0000446	Prag	Prbg.g_00993	Prag.g_00206
OG0000446	Praw	Prbg.g_00993	Praw.g_01222
OG0000446	Prav	Prbg.g_00993	Prav.g_00825
OG0000446	Prax	Prbg.g_00993	Prax.g_01005
OG0000446	Pras	Prbg.g_00993	Pras.g_01065
OG0000446	Prau	Prbg.g_00993	Prau.g_00214
OG0000446	Prbi	Prbg.g_00993	Prbi.g_00237
OG0000446	Praa	Prbg.g_00993	Praa.g_00213
OG0000446	Pray	Prbg.g_00993	Pray.g_00694
OG0000446	Praz	Prbg.g_00993	Praz.g_00573
OG0000446	Prba	Prbg.g_00993	Prba.g_00669
OG0000446	Prbd	Prbg.g_00993	Prbd.g_01027
OG0000446	Prae	Prbg.g_00993	Prae.g_00216
OG0000446	Prao	Prbg.g_00993	Prao.g_00351
OG0000446	Praf	Prbg.g_00993	Praf.g_02572
OG0000446	Prah	Prbg.g_00993	Prah.g_02415
OG0000446	Prbj	Prbg.g_00993	Prbj.g_00240
OG0000446	Prbk	Prbg.g_00993	Prbk.g_00680
OG0000446	Prbl	Prbg.g_00993	Prbl.g_00124
OG0000446	Syar	Prbg.g_00993	Syar.g_00951
OG0000446	Syas	Prbg.g_00993	Syas.g_02231
OG0000446	Syap	Prbg.g_00993	Syap.g_01419
OG0000446	Syat	Prbg.g_00993	Syat.g_02753
OG0000446	Syan	Prbg.g_00993	Syan.g_03105
OG0000446	Syao	Prbg.g_00993	Syao.g_02476
OG0000446	Syaq	Prbg.g_00993	Syaq.g_01330
OG0000446	Syag	Prbg.g_00993	Syag.g_02056
OG0000446	Syai	Prbg.g_00993	Syai.g_02690
OG0000446	Syak	Prbg.g_00993	Syak.g_02013
OG0000446	Syaa	Prbg.g_00993	Syaa.g_02545
OG0000446	Syae	Prbg.g_00993	Syae.g_01512
OG0000446	Syad	Prbg.g_00993	Syad.g_02967
OG0000446	Syaj	Prbg.g_00993	Syaj.g_02055
OG0000446	Syab	Prbg.g_00993	Syab.g_02684
OG0000446	Syal	Prbg.g_00993	Syal.g_00981
OG0000446	Syac	Prbg.g_00993	Syac.g_02305
OG0000446	Syah	Prbg.g_00993	Syah.g_00570
OG0000446	Syaf	Prbg.g_00993	Syaf.g_00728
OG0000446	Syam	Prbg.g_00993	Syam.g_02270
OG0000446	Pral	Prbg.g_00993	Pral.g_00831
OG0000446	Prat	Prbg.g_00993	Prat.g_00215
OG0000446	Praj	Prbg.g_00993	Praj.g_00252
OG0000446	Prbc	Prbg.g_00993	Prbc.g_00358
OG0000446	Prbb	Prbg.g_00993	Prbb.g_00269
OG0000446	Prbm	Prbg.g_00993	Prbm.g_00272
OG0000446	Pram	Prbg.g_00993	Pram.g_00198
OG0000446	Prbh	Prbg.g_00993	Prbh.g_00569
OG0000446	Prak	Prbg.g_00993	Prak.g_00227
OG0000446	Prap	Prbg.g_00993	Prap.g_00955
OG0000446	Prbe	Prbg.g_00993	Prbe.g_01763
OG0000446	Prbf	Prbg.g_00993	Prbf.g_01549
OG0000446	Prbn	Prbg.g_00993	Prbn.g_00339
OG0000447	Prab	Prbg.g_00994	Prab.g_00205
OG0000447	Pran	Prbg.g_00994	Pran.g_00218
OG0000447	Prai	Prbg.g_00994	Prai.g_00225
OG0000447	Prac	Prbg.g_00994	Prac.g_01716
OG0000447	Praq	Prbg.g_00994	Praq.g_01788
OG0000447	Prar	Prbg.g_00994	Prar.g_00113
OG0000447	Prao	Prbg.g_00994	Prao.g_00352
OG0000447	Prax	Prbg.g_00994	Prax.g_01004
OG0000447	Pras	Prbg.g_00994	Pras.g_01066
OG0000447	Prau	Prbg.g_00994	Prau.g_00215
OG0000447	Prag	Prbg.g_00994	Prag.g_00207
OG0000447	Praw	Prbg.g_00994	Praw.g_01221
OG0000447	Prbi	Prbg.g_00994	Prbi.g_00238
OG0000447	Prbd	Prbg.g_00994	Prbd.g_01026
OG0000447	Praa	Prbg.g_00994	Praa.g_00214
OG0000447	Pray	Prbg.g_00994	Pray.g_00695
OG0000447	Praz	Prbg.g_00994	Praz.g_00574
OG0000447	Prba	Prbg.g_00994	Prba.g_00670
OG0000447	Prad	Prbg.g_00994	Prad.g_01777
OG0000447	Prae	Prbg.g_00994	Prae.g_00217
OG0000447	Prav	Prbg.g_00994	Prav.g_00824
OG0000447	Prbm	Prbg.g_00994	Prbm.g_00273
OG0000447	Prbc	Prbg.g_00994	Prbc.g_00357
OG0000447	Praj	Prbg.g_00994	Praj.g_00253
OG0000447	Prbb	Prbg.g_00994	Prbb.g_00270
OG0000447	Pral	Prbg.g_00994	Pral.g_00830
OG0000447	Prat	Prbg.g_00994	Prat.g_00216
OG0000447	Praf	Prbg.g_00994	Praf.g_02568
OG0000447	Prah	Prbg.g_00994	Prah.g_02411
OG0000447	Prbj	Prbg.g_00994	Prbj.g_00250
OG0000447	Prbk	Prbg.g_00994	Prbk.g_00670
OG0000447	Prbl	Prbg.g_00994	Prbl.g_01244
OG0000447	Syak	Prbg.g_00994	Syak.g_02006
OG0000447	Syab	Prbg.g_00994	Syab.g_02687
OG0000447	Syal	Prbg.g_00994	Syal.g_00989
OG0000447	Syag	Prbg.g_00994	Syag.g_02059
OG0000447	Syaq	Prbg.g_00994	Syaq.g_01328
OG0000447	Syas	Prbg.g_00994	Syas.g_02229
OG0000447	Syap	Prbg.g_00994	Syap.g_01410
OG0000447	Syat	Prbg.g_00994	Syat.g_02749
OG0000447	Syar	Prbg.g_00994	Syar.g_00948
OG0000447	Syan	Prbg.g_00994	Syan.g_03111
OG0000447	Syao	Prbg.g_00994	Syao.g_02383
OG0000447	Syae	Prbg.g_00994	Syae.g_01517
OG0000447	Syad	Prbg.g_00994	Syad.g_02970
OG0000447	Syaj	Prbg.g_00994	Syaj.g_02058
OG0000447	Syaa	Prbg.g_00994	Syaa.g_02548
OG0000447	Syac	Prbg.g_00994	Syac.g_02308
OG0000447	Syah	Prbg.g_00994	Syah.g_00567
OG0000447	Syaf	Prbg.g_00994	Syaf.g_00725
OG0000447	Syai	Prbg.g_00994	Syai.g_02693
OG0000447	Syam	Prbg.g_00994	Syam.g_02272
OG0000447	Pram	Prbg.g_00994	Pram.g_00199
OG0000447	Prbh	Prbg.g_00994	Prbh.g_00568
OG0000447	Prak	Prbg.g_00994	Prak.g_00228
OG0000447	Prap	Prbg.g_00994	Prap.g_00954
OG0000447	Prbe	Prbg.g_00994	Prbe.g_01764
OG0000447	Prbf	Prbg.g_00994	Prbf.g_01550
OG0000447	Prbn	Prbg.g_00994	Prbn.g_00338
OG0000448	Prac	Prbg.g_00995	Prac.g_01715
OG0000448	Praq	Prbg.g_00995	Praq.g_01787
OG0000448	Prar	Prbg.g_00995	Prar.g_00112
OG0000448	Prae	Prbg.g_00995	Prae.g_00218
OG0000448	Prax	Prbg.g_00995	Prax.g_01003
OG0000448	Pras	Prbg.g_00995	Pras.g_01067
OG0000448	Prau	Prbg.g_00995	Prau.g_00216
OG0000448	Prag	Prbg.g_00995	Prag.g_00208
OG0000448	Praw	Prbg.g_00995	Praw.g_01220
OG0000448	Prbi	Prbg.g_00995	Prbi.g_00239
OG0000448	Praa	Prbg.g_00995	Praa.g_00215
OG0000448	Pray	Prbg.g_00995	Pray.g_00696
OG0000448	Praz	Prbg.g_00995	Praz.g_00575
OG0000448	Prba	Prbg.g_00995	Prba.g_00671
OG0000448	Prad	Prbg.g_00995	Prad.g_01776
OG0000448	Prbd	Prbg.g_00995	Prbd.g_01025
OG0000448	Prav	Prbg.g_00995	Prav.g_00823
OG0000448	Prao	Prbg.g_00995	Prao.g_00353
OG0000448	Prab	Prbg.g_00995	Prab.g_00206
OG0000448	Pran	Prbg.g_00995	Pran.g_00217
OG0000448	Prai	Prbg.g_00995	Prai.g_00226
OG0000448	Prbc	Prbg.g_00995	Prbc.g_00356
OG0000448	Prbm	Prbg.g_00995	Prbm.g_00274
OG0000448	Praj	Prbg.g_00995	Praj.g_00254
OG0000448	Prbb	Prbg.g_00995	Prbb.g_00271
OG0000448	Prbj	Prbg.g_00995	Prbj.g_00251
OG0000448	Prbk	Prbg.g_00995	Prbk.g_00669
OG0000448	Prbl	Prbg.g_00995	Prbl.g_01245
OG0000448	Praf	Prbg.g_00995	Praf.g_02567
OG0000448	Prah	Prbg.g_00995	Prah.g_02410
OG0000448	Syag	Prbg.g_00995	Syag.g_02060
OG0000448	Syaq	Prbg.g_00995	Syaq.g_01327
OG0000448	Syak	Prbg.g_00995	Syak.g_02005
OG0000448	Syab	Prbg.g_00995	Syab.g_02688
OG0000448	Syal	Prbg.g_00995	Syal.g_00990
OG0000448	Syat	Prbg.g_00995	Syat.g_02748
OG0000448	Syap	Prbg.g_00995	Syap.g_01407
OG0000448	Syas	Prbg.g_00995	Syas.g_02228
OG0000448	Syar	Prbg.g_00995	Syar.g_00947
OG0000448	Syan	Prbg.g_00995	Syan.g_03112
OG0000448	Syao	Prbg.g_00995	Syao.g_02384
OG0000448	Syaa	Prbg.g_00995	Syaa.g_02549
OG0000448	Syae	Prbg.g_00995	Syae.g_01518
OG0000448	Syad	Prbg.g_00995	Syad.g_02971
OG0000448	Syaj	Prbg.g_00995	Syaj.g_02059
OG0000448	Syac	Prbg.g_00995	Syac.g_02309
OG0000448	Syah	Prbg.g_00995	Syah.g_00566
OG0000448	Syam	Prbg.g_00995	Syam.g_02273
OG0000448	Syaf	Prbg.g_00995	Syaf.g_00724
OG0000448	Syai	Prbg.g_00995	Syai.g_02694
OG0000448	Pral	Prbg.g_00995	Pral.g_00829
OG0000448	Prat	Prbg.g_00995	Prat.g_00217
OG0000448	Pram	Prbg.g_00995	Pram.g_00200
OG0000448	Prbh	Prbg.g_00995	Prbh.g_00567
OG0000448	Prak	Prbg.g_00995	Prak.g_00229
OG0000448	Prap	Prbg.g_00995	Prap.g_00953
OG0000448	Prbe	Prbg.g_00995	Prbe.g_01765
OG0000448	Prbf	Prbg.g_00995	Prbf.g_01551
OG0000448	Prbn	Prbg.g_00995	Prbn.g_00337
OG0000449	Prao	Prbg.g_00996	Prao.g_00354
OG0000449	Prac	Prbg.g_00996	Prac.g_01714
OG0000449	Praq	Prbg.g_00996	Praq.g_01786
OG0000449	Prar	Prbg.g_00996	Prar.g_00111
OG0000449	Prag	Prbg.g_00996	Prag.g_00209
OG0000449	Praw	Prbg.g_00996	Praw.g_01219
OG0000449	Prad	Prbg.g_00996	Prad.g_01775
OG0000449	Prbd	Prbg.g_00996	Prbd.g_01024
OG0000449	Prbi	Prbg.g_00996	Prbi.g_00240
OG0000449	Praa	Prbg.g_00996	Praa.g_00216
OG0000449	Pray	Prbg.g_00996	Pray.g_00697
OG0000449	Praz	Prbg.g_00996	Praz.g_00576
OG0000449	Prba	Prbg.g_00996	Prba.g_00672
OG0000449	Prae	Prbg.g_00996	Prae.g_00219
OG0000449	Pras	Prbg.g_00996	Pras.g_01068
OG0000449	Prau	Prbg.g_00996	Prau.g_00217
OG0000449	Prax	Prbg.g_00996	Prax.g_01002
OG0000449	Prav	Prbg.g_00996	Prav.g_00822
OG0000449	Prab	Prbg.g_00996	Prab.g_00207
OG0000449	Pran	Prbg.g_00996	Pran.g_00216
OG0000449	Prai	Prbg.g_00996	Prai.g_00227
OG0000449	Prbc	Prbg.g_00996	Prbc.g_00355
OG0000449	Prbm	Prbg.g_00996	Prbm.g_00275
OG0000449	Praj	Prbg.g_00996	Praj.g_00255
OG0000449	Prbb	Prbg.g_00996	Prbb.g_00272
OG0000449	Pral	Prbg.g_00996	Pral.g_00828
OG0000449	Prat	Prbg.g_00996	Prat.g_00218
OG0000449	Praf	Prbg.g_00996	Praf.g_02566
OG0000449	Prah	Prbg.g_00996	Prah.g_02409
OG0000449	Syak	Prbg.g_00996	Syak.g_02004
OG0000449	Syag	Prbg.g_00996	Syag.g_02061
OG0000449	Syab	Prbg.g_00996	Syab.g_02689
OG0000449	Syal	Prbg.g_00996	Syal.g_00991
OG0000449	Syar	Prbg.g_00996	Syar.g_00946
OG0000449	Syat	Prbg.g_00996	Syat.g_02747
OG0000449	Syap	Prbg.g_00996	Syap.g_01406
OG0000449	Syae	Prbg.g_00996	Syae.g_01519
OG0000449	Syad	Prbg.g_00996	Syad.g_02972
OG0000449	Syaj	Prbg.g_00996	Syaj.g_02060
OG0000449	Syaa	Prbg.g_00996	Syaa.g_02550
OG0000449	Syac	Prbg.g_00996	Syac.g_02310
OG0000449	Syah	Prbg.g_00996	Syah.g_00565
OG0000449	Prbj	Prbg.g_00996	Prbj.g_00252
OG0000449	Prbk	Prbg.g_00996	Prbk.g_00668
OG0000449	Prbl	Prbg.g_00996	Prbl.g_01246
OG0000449	Syam	Prbg.g_00996	Syam.g_02274
OG0000449	Syaf	Prbg.g_00996	Syaf.g_00723
OG0000449	Syai	Prbg.g_00996	Syai.g_02695
OG0000449	Syao	Prbg.g_00996	Syao.g_02385
OG0000449	Syaq	Prbg.g_00996	Syaq.g_01320
OG0000449	Syas	Prbg.g_00996	Syas.g_02226
OG0000449	Syan	Prbg.g_00996	Syan.g_03113
OG0000449	Pram	Prbg.g_00996	Pram.g_00201
OG0000449	Prbh	Prbg.g_00996	Prbh.g_00566
OG0000449	Prak	Prbg.g_00996	Prak.g_00230
OG0000449	Prap	Prbg.g_00996	Prap.g_00952
OG0000449	Prbe	Prbg.g_00996	Prbe.g_01766
OG0000449	Prbf	Prbg.g_00996	Prbf.g_01552
OG0000449	Prbn	Prbg.g_00996	Prbn.g_00336
OG0000450	Prab	Prbg.g_00997	Prab.g_00208
OG0000450	Pran	Prbg.g_00997	Pran.g_00215
OG0000450	Prai	Prbg.g_00997	Prai.g_00228
OG0000450	Prag	Prbg.g_00997	Prag.g_00210
OG0000450	Praw	Prbg.g_00997	Praw.g_01218
OG0000450	Prao	Prbg.g_00997	Prao.g_00355
OG0000450	Prae	Prbg.g_00997	Prae.g_00220
OG0000450	Prav	Prbg.g_00997	Prav.g_00821
OG0000450	Prac	Prbg.g_00997	Prac.g_01713
OG0000450	Praq	Prbg.g_00997	Praq.g_01785
OG0000450	Prar	Prbg.g_00997	Prar.g_00110
OG0000450	Prad	Prbg.g_00997	Prad.g_01774
OG0000450	Prax	Prbg.g_00997	Prax.g_01001
OG0000450	Praa	Prbg.g_00997	Praa.g_00217
OG0000450	Pray	Prbg.g_00997	Pray.g_00698
OG0000450	Praz	Prbg.g_00997	Praz.g_00577
OG0000450	Prba	Prbg.g_00997	Prba.g_00673
OG0000450	Prbd	Prbg.g_00997	Prbd.g_01023
OG0000450	Prbi	Prbg.g_00997	Prbi.g_00241
OG0000450	Pras	Prbg.g_00997	Pras.g_01069
OG0000450	Prau	Prbg.g_00997	Prau.g_00218
OG0000450	Praj	Prbg.g_00997	Praj.g_00256
OG0000450	Prbb	Prbg.g_00997	Prbb.g_00273
OG0000450	Prbc	Prbg.g_00997	Prbc.g_00354
OG0000450	Prbm	Prbg.g_00997	Prbm.g_00276
OG0000450	Pral	Prbg.g_00997	Pral.g_00827
OG0000450	Prat	Prbg.g_00997	Prat.g_00219
OG0000450	Syan	Prbg.g_00997	Syan.g_01518
OG0000450	Syao	Prbg.g_00997	Syao.g_02391
OG0000450	Syar	Prbg.g_00997	Syar.g_00939
OG0000450	Syat	Prbg.g_00997	Syat.g_02738
OG0000450	Syap	Prbg.g_00997	Syap.g_01909
OG0000450	Syas	Prbg.g_00997	Syas.g_01834
OG0000450	Prbj	Prbg.g_00997	Prbj.g_00258
OG0000450	Prbk	Prbg.g_00997	Prbk.g_00662
OG0000450	Prbl	Prbg.g_00997	Prbl.g_01252
OG0000450	Praf	Prbg.g_00997	Praf.g_02560
OG0000450	Prah	Prbg.g_00997	Prah.g_02403
OG0000450	Syag	Prbg.g_00997	Syag.g_02066
OG0000450	Syaq	Prbg.g_00997	Syaq.g_01313
OG0000450	Syak	Prbg.g_00997	Syak.g_01998
OG0000450	Syab	Prbg.g_00997	Syab.g_02695
OG0000450	Syal	Prbg.g_00997	Syal.g_00997
OG0000450	Syae	Prbg.g_00997	Syae.g_01525
OG0000450	Syad	Prbg.g_00997	Syad.g_02978
OG0000450	Syaj	Prbg.g_00997	Syaj.g_02067
OG0000450	Syaf	Prbg.g_00997	Syaf.g_00717
OG0000450	Syai	Prbg.g_00997	Syai.g_02696
OG0000450	Syam	Prbg.g_00997	Syam.g_02275
OG0000450	Syac	Prbg.g_00997	Syac.g_02313
OG0000450	Syah	Prbg.g_00997	Syah.g_00547
OG0000450	Syaa	Prbg.g_00997	Syaa.g_02553
OG0000450	Pram	Prbg.g_00997	Pram.g_00202
OG0000450	Prbh	Prbg.g_00997	Prbh.g_00565
OG0000450	Prak	Prbg.g_00997	Prak.g_00231
OG0000450	Prap	Prbg.g_00997	Prap.g_00951
OG0000450	Prbe	Prbg.g_00997	Prbe.g_01767
OG0000450	Prbf	Prbg.g_00997	Prbf.g_01553
OG0000450	Prbn	Prbg.g_00997	Prbn.g_00335
OG0000451	Prab	Prbg.g_00998	Prab.g_00209
OG0000451	Pran	Prbg.g_00998	Pran.g_00214
OG0000451	Prai	Prbg.g_00998	Prai.g_00229
OG0000451	Prbi	Prbg.g_00998	Prbi.g_00242
OG0000451	Praa	Prbg.g_00998	Praa.g_00218
OG0000451	Pray	Prbg.g_00998	Pray.g_00699
OG0000451	Praz	Prbg.g_00998	Praz.g_00578
OG0000451	Prba	Prbg.g_00998	Prba.g_00674
OG0000451	Prbd	Prbg.g_00998	Prbd.g_01022
OG0000451	Prav	Prbg.g_00998	Prav.g_00820
OG0000451	Prao	Prbg.g_00998	Prao.g_00356
OG0000451	Prae	Prbg.g_00998	Prae.g_00221
OG0000451	Prax	Prbg.g_00998	Prax.g_01000
OG0000451	Prad	Prbg.g_00998	Prad.g_01773
OG0000451	Prag	Prbg.g_00998	Prag.g_00211
OG0000451	Praw	Prbg.g_00998	Praw.g_01217
OG0000451	Prac	Prbg.g_00998	Prac.g_01712
OG0000451	Praq	Prbg.g_00998	Praq.g_01784
OG0000451	Prar	Prbg.g_00998	Prar.g_00109
OG0000451	Pras	Prbg.g_00998	Pras.g_01070
OG0000451	Prau	Prbg.g_00998	Prau.g_00219
OG0000451	Prbm	Prbg.g_00998	Prbm.g_00277
OG0000451	Prbc	Prbg.g_00998	Prbc.g_00353
OG0000451	Praj	Prbg.g_00998	Praj.g_00257
OG0000451	Prbb	Prbg.g_00998	Prbb.g_00274
OG0000451	Prat	Prbg.g_00998	Prat.g_00220
OG0000451	Pral	Prbg.g_00998	Pral.g_00826
OG0000451	Prbj	Prbg.g_00998	Prbj.g_00259
OG0000451	Prbk	Prbg.g_00998	Prbk.g_00661
OG0000451	Prbl	Prbg.g_00998	Prbl.g_01253
OG0000451	Praf	Prbg.g_00998	Praf.g_02559
OG0000451	Prah	Prbg.g_00998	Prah.g_02402
OG0000451	Syan	Prbg.g_00998	Syan.g_01519
OG0000451	Syao	Prbg.g_00998	Syao.g_02392
OG0000451	Syap	Prbg.g_00998	Syap.g_01908
OG0000451	Syat	Prbg.g_00998	Syat.g_02737
OG0000451	Syar	Prbg.g_00998	Syar.g_00938
OG0000451	Syas	Prbg.g_00998	Syas.g_01835
OG0000451	Syag	Prbg.g_00998	Syag.g_02067
OG0000451	Syad	Prbg.g_00998	Syad.g_02979
OG0000451	Syaj	Prbg.g_00998	Syaj.g_02068
OG0000451	Syae	Prbg.g_00998	Syae.g_01526
OG0000451	Syaa	Prbg.g_00998	Syaa.g_02554
OG0000451	Syaf	Prbg.g_00998	Syaf.g_00716
OG0000451	Syai	Prbg.g_00998	Syai.g_02697
OG0000451	Syam	Prbg.g_00998	Syam.g_02276
OG0000451	Syac	Prbg.g_00998	Syac.g_02314
OG0000451	Syah	Prbg.g_00998	Syah.g_00546
OG0000451	Syak	Prbg.g_00998	Syak.g_01997
OG0000451	Syab	Prbg.g_00998	Syab.g_02696
OG0000451	Syal	Prbg.g_00998	Syal.g_00998
OG0000451	Syaq	Prbg.g_00998	Syaq.g_01312
OG0000451	Pram	Prbg.g_00998	Pram.g_00203
OG0000451	Prbh	Prbg.g_00998	Prbh.g_00564
OG0000451	Prak	Prbg.g_00998	Prak.g_00232
OG0000451	Prap	Prbg.g_00998	Prap.g_00950
OG0000451	Prbe	Prbg.g_00998	Prbe.g_01768
OG0000451	Prbf	Prbg.g_00998	Prbf.g_01554
OG0000451	Prbn	Prbg.g_00998	Prbn.g_00334
OG0000452	Prab	Prbg.g_01001	Prab.g_00212
OG0000452	Pran	Prbg.g_01001	Pran.g_00211
OG0000452	Prai	Prbg.g_01001	Prai.g_00232
OG0000452	Prac	Prbg.g_01001	Prac.g_01709
OG0000452	Praq	Prbg.g_01001	Praq.g_01781
OG0000452	Prar	Prbg.g_01001	Prar.g_00106
OG0000452	Prag	Prbg.g_01001	Prag.g_00214
OG0000452	Praw	Prbg.g_01001	Praw.g_01214
OG0000452	Prao	Prbg.g_01001	Prao.g_00359
OG0000452	Pras	Prbg.g_01001	Pras.g_01073
OG0000452	Prau	Prbg.g_01001	Prau.g_00222
OG0000452	Prbi	Prbg.g_01001	Prbi.g_00245
OG0000452	Pray	Prbg.g_01001	Pray.g_00702
OG0000452	Praz	Prbg.g_01001	Praz.g_00581
OG0000452	Prba	Prbg.g_01001	Prba.g_00440
OG0000452	Prae	Prbg.g_01001	Prae.g_00224
OG0000452	Prax	Prbg.g_01001	Prax.g_00997
OG0000452	Praa	Prbg.g_01001	Praa.g_00221
OG0000452	Prad	Prbg.g_01001	Prad.g_01770
OG0000452	Prav	Prbg.g_01001	Prav.g_00817
OG0000452	Prbd	Prbg.g_01001	Prbd.g_01019
OG0000452	Prbm	Prbg.g_01001	Prbm.g_00280
OG0000452	Praj	Prbg.g_01001	Praj.g_00260
OG0000452	Prbb	Prbg.g_01001	Prbb.g_00277
OG0000452	Prbc	Prbg.g_01001	Prbc.g_00350
OG0000452	Prbj	Prbg.g_01001	Prbj.g_00264
OG0000452	Prbk	Prbg.g_01001	Prbk.g_00656
OG0000452	Prbl	Prbg.g_01001	Prbl.g_01258
OG0000452	Praf	Prbg.g_01001	Praf.g_02555
OG0000452	Prah	Prbg.g_01001	Prah.g_02398
OG0000452	Syaq	Prbg.g_01001	Syaq.g_01308
OG0000452	Syac	Prbg.g_01001	Syac.g_02318
OG0000452	Syah	Prbg.g_01001	Syah.g_00542
OG0000452	Syad	Prbg.g_01001	Syad.g_02983
OG0000452	Syae	Prbg.g_01001	Syae.g_01530
OG0000452	Syaa	Prbg.g_01001	Syaa.g_02558
OG0000452	Syaj	Prbg.g_01001	Syaj.g_02072
OG0000452	Syaf	Prbg.g_01001	Syaf.g_00712
OG0000452	Syam	Prbg.g_01001	Syam.g_02280
OG0000452	Syai	Prbg.g_01001	Syai.g_02701
OG0000452	Syab	Prbg.g_01001	Syab.g_02701
OG0000452	Syal	Prbg.g_01001	Syal.g_01002
OG0000452	Syan	Prbg.g_01001	Syan.g_01523
OG0000452	Syao	Prbg.g_01001	Syao.g_02396
OG0000452	Syap	Prbg.g_01001	Syap.g_01904
OG0000452	Syas	Prbg.g_01001	Syas.g_01844
OG0000452	Syat	Prbg.g_01001	Syat.g_02732
OG0000452	Syar	Prbg.g_01001	Syar.g_00934
OG0000452	Syak	Prbg.g_01001	Syak.g_01993
OG0000452	Syag	Prbg.g_01001	Syag.g_02071
OG0000452	Prat	Prbg.g_01001	Prat.g_00223
OG0000452	Pral	Prbg.g_01001	Pral.g_00823
OG0000452	Pram	Prbg.g_01001	Pram.g_00206
OG0000452	Prbh	Prbg.g_01001	Prbh.g_00561
OG0000452	Prak	Prbg.g_01001	Prak.g_00235
OG0000452	Prap	Prbg.g_01001	Prap.g_00947
OG0000452	Prbe	Prbg.g_01001	Prbe.g_01771
OG0000452	Prbf	Prbg.g_01001	Prbf.g_01557
OG0000452	Prbn	Prbg.g_01001	Prbn.g_00331
OG0000453	Prab	Prbg.g_01002	Prab.g_00213
OG0000453	Pran	Prbg.g_01002	Pran.g_00210
OG0000453	Prai	Prbg.g_01002	Prai.g_00233
OG0000453	Prbd	Prbg.g_01002	Prbd.g_01018
OG0000453	Prag	Prbg.g_01002	Prag.g_00215
OG0000453	Praw	Prbg.g_01002	Praw.g_01213
OG0000453	Prac	Prbg.g_01002	Prac.g_01708
OG0000453	Praq	Prbg.g_01002	Praq.g_01780
OG0000453	Prar	Prbg.g_01002	Prar.g_00105
OG0000453	Praa	Prbg.g_01002	Praa.g_00222
OG0000453	Prae	Prbg.g_01002	Prae.g_00225
OG0000453	Prao	Prbg.g_01002	Prao.g_00360
OG0000453	Pras	Prbg.g_01002	Pras.g_01074
OG0000453	Prau	Prbg.g_01002	Prau.g_00223
OG0000453	Prav	Prbg.g_01002	Prav.g_00816
OG0000453	Prax	Prbg.g_01002	Prax.g_00996
OG0000453	Pray	Prbg.g_01002	Pray.g_00703
OG0000453	Praz	Prbg.g_01002	Praz.g_00582
OG0000453	Prba	Prbg.g_01002	Prba.g_00441
OG0000453	Prbi	Prbg.g_01002	Prbi.g_00246
OG0000453	Prad	Prbg.g_01002	Prad.g_01769
OG0000453	Prbm	Prbg.g_01002	Prbm.g_00281
OG0000453	Praj	Prbg.g_01002	Praj.g_00261
OG0000453	Prbb	Prbg.g_01002	Prbb.g_00278
OG0000453	Prbc	Prbg.g_01002	Prbc.g_00349
OG0000453	Praf	Prbg.g_01002	Praf.g_02554
OG0000453	Prah	Prbg.g_01002	Prah.g_02397
OG0000453	Prbj	Prbg.g_01002	Prbj.g_00265
OG0000453	Prbk	Prbg.g_01002	Prbk.g_00655
OG0000453	Prbl	Prbg.g_01002	Prbl.g_01259
OG0000453	Syak	Prbg.g_01002	Syak.g_01992
OG0000453	Syag	Prbg.g_01002	Syag.g_02072
OG0000453	Syab	Prbg.g_01002	Syab.g_02702
OG0000453	Syal	Prbg.g_01002	Syal.g_01003
OG0000453	Syar	Prbg.g_01002	Syar.g_00933
OG0000453	Syan	Prbg.g_01002	Syan.g_01524
OG0000453	Syao	Prbg.g_01002	Syao.g_02397
OG0000453	Syap	Prbg.g_01002	Syap.g_01903
OG0000453	Syas	Prbg.g_01002	Syas.g_01845
OG0000453	Syat	Prbg.g_01002	Syat.g_02731
OG0000453	Syac	Prbg.g_01002	Syac.g_02319
OG0000453	Syah	Prbg.g_01002	Syah.g_00541
OG0000453	Syaf	Prbg.g_01002	Syaf.g_00711
OG0000453	Syam	Prbg.g_01002	Syam.g_02281
OG0000453	Syai	Prbg.g_01002	Syai.g_02702
OG0000453	Syaa	Prbg.g_01002	Syaa.g_02559
OG0000453	Syae	Prbg.g_01002	Syae.g_01531
OG0000453	Syad	Prbg.g_01002	Syad.g_02984
OG0000453	Syaj	Prbg.g_01002	Syaj.g_02073
OG0000453	Syaq	Prbg.g_01002	Syaq.g_01307
OG0000453	Pral	Prbg.g_01002	Pral.g_00822
OG0000453	Pram	Prbg.g_01002	Pram.g_00207
OG0000453	Prbh	Prbg.g_01002	Prbh.g_00560
OG0000453	Prat	Prbg.g_01002	Prat.g_00224
OG0000453	Prak	Prbg.g_01002	Prak.g_00236
OG0000453	Prap	Prbg.g_01002	Prap.g_00946
OG0000453	Prbe	Prbg.g_01002	Prbe.g_01772
OG0000453	Prbf	Prbg.g_01002	Prbf.g_01558
OG0000453	Prbn	Prbg.g_01002	Prbn.g_00330
OG0000454	Prab	Prbg.g_01003	Prab.g_00214
OG0000454	Pran	Prbg.g_01003	Pran.g_00209
OG0000454	Prai	Prbg.g_01003	Prai.g_00234
OG0000454	Prac	Prbg.g_01003	Prac.g_01707
OG0000454	Praq	Prbg.g_01003	Praq.g_01779
OG0000454	Prar	Prbg.g_01003	Prar.g_00104
OG0000454	Pras	Prbg.g_01003	Pras.g_01075
OG0000454	Prau	Prbg.g_01003	Prau.g_00224
OG0000454	Prbd	Prbg.g_01003	Prbd.g_01017
OG0000454	Prav	Prbg.g_01003	Prav.g_00815
OG0000454	Prae	Prbg.g_01003	Prae.g_00226
OG0000454	Prao	Prbg.g_01003	Prao.g_00361
OG0000454	Pray	Prbg.g_01003	Pray.g_00704
OG0000454	Praz	Prbg.g_01003	Praz.g_00583
OG0000454	Prba	Prbg.g_01003	Prba.g_00442
OG0000454	Prag	Prbg.g_01003	Prag.g_00216
OG0000454	Praw	Prbg.g_01003	Praw.g_01212
OG0000454	Praa	Prbg.g_01003	Praa.g_00223
OG0000454	Prad	Prbg.g_01003	Prad.g_01768
OG0000454	Prax	Prbg.g_01003	Prax.g_00995
OG0000454	Prbi	Prbg.g_01003	Prbi.g_00247
OG0000454	Praj	Prbg.g_01003	Praj.g_00262
OG0000454	Prbm	Prbg.g_01003	Prbm.g_00282
OG0000454	Prbb	Prbg.g_01003	Prbb.g_00279
OG0000454	Prbc	Prbg.g_01003	Prbc.g_00348
OG0000454	Pram	Prbg.g_01003	Pram.g_00208
OG0000454	Prbh	Prbg.g_01003	Prbh.g_00559
OG0000454	Pral	Prbg.g_01003	Pral.g_00821
OG0000454	Prat	Prbg.g_01003	Prat.g_00225
OG0000454	Praf	Prbg.g_01003	Praf.g_02553
OG0000454	Prah	Prbg.g_01003	Prah.g_02396
OG0000454	Prbj	Prbg.g_01003	Prbj.g_00266
OG0000454	Prbk	Prbg.g_01003	Prbk.g_00654
OG0000454	Prbl	Prbg.g_01003	Prbl.g_01260
OG0000454	Syar	Prbg.g_01003	Syar.g_00932
OG0000454	Syan	Prbg.g_01003	Syan.g_01525
OG0000454	Syao	Prbg.g_01003	Syao.g_02398
OG0000454	Syas	Prbg.g_01003	Syas.g_01846
OG0000454	Syap	Prbg.g_01003	Syap.g_01902
OG0000454	Syat	Prbg.g_01003	Syat.g_02730
OG0000454	Syab	Prbg.g_01003	Syab.g_02703
OG0000454	Syal	Prbg.g_01003	Syal.g_01004
OG0000454	Syag	Prbg.g_01003	Syag.g_02073
OG0000454	Syaq	Prbg.g_01003	Syaq.g_01306
OG0000454	Syak	Prbg.g_01003	Syak.g_01991
OG0000454	Syaa	Prbg.g_01003	Syaa.g_02560
OG0000454	Syac	Prbg.g_01003	Syac.g_02320
OG0000454	Syah	Prbg.g_01003	Syah.g_00540
OG0000454	Syam	Prbg.g_01003	Syam.g_02282
OG0000454	Syai	Prbg.g_01003	Syai.g_02703
OG0000454	Syaf	Prbg.g_01003	Syaf.g_00710
OG0000454	Syae	Prbg.g_01003	Syae.g_01532
OG0000454	Syad	Prbg.g_01003	Syad.g_02985
OG0000454	Syaj	Prbg.g_01003	Syaj.g_02074
OG0000454	Prak	Prbg.g_01003	Prak.g_00237
OG0000454	Prap	Prbg.g_01003	Prap.g_00945
OG0000454	Prbe	Prbg.g_01003	Prbe.g_01773
OG0000454	Prbf	Prbg.g_01003	Prbf.g_01559
OG0000454	Prbn	Prbg.g_01003	Prbn.g_00329
OG0000455	Prab	Prbg.g_01004	Prab.g_00215
OG0000455	Pran	Prbg.g_01004	Pran.g_00208
OG0000455	Prai	Prbg.g_01004	Prai.g_00235
OG0000455	Prao	Prbg.g_01004	Prao.g_00362
OG0000455	Prbi	Prbg.g_01004	Prbi.g_00248
OG0000455	Pras	Prbg.g_01004	Pras.g_01076
OG0000455	Prau	Prbg.g_01004	Prau.g_00225
OG0000455	Prac	Prbg.g_01004	Prac.g_01706
OG0000455	Praq	Prbg.g_01004	Praq.g_01778
OG0000455	Prar	Prbg.g_01004	Prar.g_00103
OG0000455	Prag	Prbg.g_01004	Prag.g_00217
OG0000455	Praw	Prbg.g_01004	Praw.g_01211
OG0000455	Prav	Prbg.g_01004	Prav.g_00814
OG0000455	Prae	Prbg.g_01004	Prae.g_00227
OG0000455	Prad	Prbg.g_01004	Prad.g_01767
OG0000455	Praa	Prbg.g_01004	Praa.g_00224
OG0000455	Prax	Prbg.g_01004	Prax.g_00994
OG0000455	Pray	Prbg.g_01004	Pray.g_00705
OG0000455	Praz	Prbg.g_01004	Praz.g_00584
OG0000455	Prba	Prbg.g_01004	Prba.g_00443
OG0000455	Prbd	Prbg.g_01004	Prbd.g_01016
OG0000455	Syaa	Prbg.g_01004	Syaa.g_02561
OG0000455	Syam	Prbg.g_01004	Syam.g_02283
OG0000455	Syaf	Prbg.g_01004	Syaf.g_00709
OG0000455	Syai	Prbg.g_01004	Syai.g_02704
OG0000455	Syac	Prbg.g_01004	Syac.g_02321
OG0000455	Syah	Prbg.g_01004	Syah.g_00539
OG0000455	Syad	Prbg.g_01004	Syad.g_02986
OG0000455	Syaj	Prbg.g_01004	Syaj.g_02075
OG0000455	Syae	Prbg.g_01004	Syae.g_01533
OG0000455	Praf	Prbg.g_01004	Praf.g_02552
OG0000455	Prah	Prbg.g_01004	Prah.g_02395
OG0000455	Prbj	Prbg.g_01004	Prbj.g_00267
OG0000455	Prbk	Prbg.g_01004	Prbk.g_00653
OG0000455	Prbl	Prbg.g_01004	Prbl.g_01261
OG0000455	Syar	Prbg.g_01004	Syar.g_00931
OG0000455	Syap	Prbg.g_01004	Syap.g_01901
OG0000455	Syas	Prbg.g_01004	Syas.g_01847
OG0000455	Syat	Prbg.g_01004	Syat.g_02729
OG0000455	Syan	Prbg.g_01004	Syan.g_01526
OG0000455	Syao	Prbg.g_01004	Syao.g_02399
OG0000455	Syak	Prbg.g_01004	Syak.g_01990
OG0000455	Syag	Prbg.g_01004	Syag.g_02074
OG0000455	Syaq	Prbg.g_01004	Syaq.g_01305
OG0000455	Syab	Prbg.g_01004	Syab.g_02704
OG0000455	Syal	Prbg.g_01004	Syal.g_01005
OG0000455	Praj	Prbg.g_01004	Praj.g_00263
OG0000455	Prbb	Prbg.g_01004	Prbb.g_00280
OG0000455	Prbc	Prbg.g_01004	Prbc.g_00347
OG0000455	Prbm	Prbg.g_01004	Prbm.g_00283
OG0000455	Pral	Prbg.g_01004	Pral.g_00820
OG0000455	Prat	Prbg.g_01004	Prat.g_00226
OG0000455	Pram	Prbg.g_01004	Pram.g_00209
OG0000455	Prbh	Prbg.g_01004	Prbh.g_00558
OG0000455	Prak	Prbg.g_01004	Prak.g_00238
OG0000455	Prap	Prbg.g_01004	Prap.g_00944
OG0000455	Prbe	Prbg.g_01004	Prbe.g_01774
OG0000455	Prbf	Prbg.g_01004	Prbf.g_01560
OG0000455	Prbn	Prbg.g_01004	Prbn.g_00328
OG0000456	Prac	Prbg.g_01005	Prac.g_01705
OG0000456	Praq	Prbg.g_01005	Praq.g_01777
OG0000456	Prar	Prbg.g_01005	Prar.g_00102
OG0000456	Prag	Prbg.g_01005	Prag.g_00218
OG0000456	Praw	Prbg.g_01005	Praw.g_01210
OG0000456	Prad	Prbg.g_01005	Prad.g_01766
OG0000456	Prao	Prbg.g_01005	Prao.g_00363
OG0000456	Pray	Prbg.g_01005	Pray.g_00706
OG0000456	Praz	Prbg.g_01005	Praz.g_00585
OG0000456	Prba	Prbg.g_01005	Prba.g_00444
OG0000456	Prbd	Prbg.g_01005	Prbd.g_01015
OG0000456	Praa	Prbg.g_01005	Praa.g_00225
OG0000456	Prae	Prbg.g_01005	Prae.g_00228
OG0000456	Prax	Prbg.g_01005	Prax.g_00993
OG0000456	Prav	Prbg.g_01005	Prav.g_00813
OG0000456	Prbi	Prbg.g_01005	Prbi.g_00249
OG0000456	Pras	Prbg.g_01005	Pras.g_01077
OG0000456	Prau	Prbg.g_01005	Prau.g_00226
OG0000456	Prab	Prbg.g_01005	Prab.g_00216
OG0000456	Pran	Prbg.g_01005	Pran.g_00207
OG0000456	Prai	Prbg.g_01005	Prai.g_00236
OG0000456	Prbm	Prbg.g_01005	Prbm.g_00284
OG0000456	Prbc	Prbg.g_01005	Prbc.g_00346
OG0000456	Praj	Prbg.g_01005	Praj.g_00264
OG0000456	Prbb	Prbg.g_01005	Prbb.g_00281
OG0000456	Praf	Prbg.g_01005	Praf.g_02551
OG0000456	Prah	Prbg.g_01005	Prah.g_02394
OG0000456	Prbj	Prbg.g_01005	Prbj.g_00268
OG0000456	Prbk	Prbg.g_01005	Prbk.g_00652
OG0000456	Prbl	Prbg.g_01005	Prbl.g_01262
OG0000456	Syak	Prbg.g_01005	Syak.g_01989
OG0000456	Syab	Prbg.g_01005	Syab.g_02705
OG0000456	Syal	Prbg.g_01005	Syal.g_01006
OG0000456	Syag	Prbg.g_01005	Syag.g_02075
OG0000456	Syaq	Prbg.g_01005	Syaq.g_01304
OG0000456	Syan	Prbg.g_01005	Syan.g_01527
OG0000456	Syao	Prbg.g_01005	Syao.g_02400
OG0000456	Syas	Prbg.g_01005	Syas.g_01848
OG0000456	Syap	Prbg.g_01005	Syap.g_01900
OG0000456	Syat	Prbg.g_01005	Syat.g_02728
OG0000456	Syar	Prbg.g_01005	Syar.g_00930
OG0000456	Syae	Prbg.g_01005	Syae.g_01534
OG0000456	Syad	Prbg.g_01005	Syad.g_02987
OG0000456	Syaj	Prbg.g_01005	Syaj.g_02076
OG0000456	Syaa	Prbg.g_01005	Syaa.g_02562
OG0000456	Syac	Prbg.g_01005	Syac.g_02322
OG0000456	Syah	Prbg.g_01005	Syah.g_00538
OG0000456	Syaf	Prbg.g_01005	Syaf.g_00708
OG0000456	Syai	Prbg.g_01005	Syai.g_02705
OG0000456	Syam	Prbg.g_01005	Syam.g_02284
OG0000456	Pral	Prbg.g_01005	Pral.g_00819
OG0000456	Prat	Prbg.g_01005	Prat.g_00227
OG0000456	Pram	Prbg.g_01005	Pram.g_00210
OG0000456	Prbh	Prbg.g_01005	Prbh.g_00557
OG0000456	Prak	Prbg.g_01005	Prak.g_00239
OG0000456	Prap	Prbg.g_01005	Prap.g_00943
OG0000456	Prbe	Prbg.g_01005	Prbe.g_01775
OG0000456	Prbf	Prbg.g_01005	Prbf.g_01561
OG0000456	Prbn	Prbg.g_01005	Prbn.g_00327
OG0000457	Prab	Prbg.g_01007	Prab.g_00217
OG0000457	Pran	Prbg.g_01007	Pran.g_00206
OG0000457	Prai	Prbg.g_01007	Prai.g_00237
OG0000457	Prao	Prbg.g_01007	Prao.g_00364
OG0000457	Prav	Prbg.g_01007	Prav.g_00812
OG0000457	Prac	Prbg.g_01007	Prac.g_01704
OG0000457	Praq	Prbg.g_01007	Praq.g_01776
OG0000457	Prar	Prbg.g_01007	Prar.g_00101
OG0000457	Prag	Prbg.g_01007	Prag.g_00219
OG0000457	Praw	Prbg.g_01007	Praw.g_01209
OG0000457	Prad	Prbg.g_01007	Prad.g_01765
OG0000457	Praz	Prbg.g_01007	Praz.g_00586
OG0000457	Prba	Prbg.g_01007	Prba.g_00445
OG0000457	Praa	Prbg.g_01007	Praa.g_00226
OG0000457	Prae	Prbg.g_01007	Prae.g_00229
OG0000457	Prbi	Prbg.g_01007	Prbi.g_00250
OG0000457	Prax	Prbg.g_01007	Prax.g_00992
OG0000457	Prbd	Prbg.g_01007	Prbd.g_01013
OG0000457	Pras	Prbg.g_01007	Pras.g_01078
OG0000457	Pray	Prbg.g_01007	Pray.g_00707
OG0000457	Prau	Prbg.g_01007	Prau.g_00227
OG0000457	Prbm	Prbg.g_01007	Prbm.g_00285
OG0000457	Prbc	Prbg.g_01007	Prbc.g_00345
OG0000457	Prbb	Prbg.g_01007	Prbb.g_00282
OG0000457	Praj	Prbg.g_01007	Praj.g_00265
OG0000457	Prah	Prbg.g_01007	Prah.g_02392
OG0000457	Praf	Prbg.g_01007	Praf.g_02549
OG0000457	Prbj	Prbg.g_01007	Prbj.g_00270
OG0000457	Prbk	Prbg.g_01007	Prbk.g_00650
OG0000457	Prbl	Prbg.g_01007	Prbl.g_01264
OG0000457	Syab	Prbg.g_01007	Syab.g_02707
OG0000457	Syal	Prbg.g_01007	Syal.g_01008
OG0000457	Syar	Prbg.g_01007	Syar.g_00928
OG0000457	Syat	Prbg.g_01007	Syat.g_02726
OG0000457	Syas	Prbg.g_01007	Syas.g_01850
OG0000457	Syap	Prbg.g_01007	Syap.g_01896
OG0000457	Syan	Prbg.g_01007	Syan.g_01529
OG0000457	Syao	Prbg.g_01007	Syao.g_02402
OG0000457	Syaq	Prbg.g_01007	Syaq.g_01302
OG0000457	Syag	Prbg.g_01007	Syag.g_02077
OG0000457	Syak	Prbg.g_01007	Syak.g_01987
OG0000457	Syae	Prbg.g_01007	Syae.g_01536
OG0000457	Syaa	Prbg.g_01007	Syaa.g_02564
OG0000457	Syam	Prbg.g_01007	Syam.g_02286
OG0000457	Syai	Prbg.g_01007	Syai.g_02707
OG0000457	Syaf	Prbg.g_01007	Syaf.g_00706
OG0000457	Syac	Prbg.g_01007	Syac.g_02324
OG0000457	Syah	Prbg.g_01007	Syah.g_00536
OG0000457	Syad	Prbg.g_01007	Syad.g_02989
OG0000457	Syaj	Prbg.g_01007	Syaj.g_02078
OG0000457	Prat	Prbg.g_01007	Prat.g_00229
OG0000457	Pral	Prbg.g_01007	Pral.g_00817
OG0000457	Pram	Prbg.g_01007	Pram.g_00212
OG0000457	Prbh	Prbg.g_01007	Prbh.g_00555
OG0000457	Prak	Prbg.g_01007	Prak.g_00241
OG0000457	Prap	Prbg.g_01007	Prap.g_01487
OG0000457	Prbe	Prbg.g_01007	Prbe.g_01777
OG0000457	Prbf	Prbg.g_01007	Prbf.g_01563
OG0000457	Prbn	Prbg.g_01007	Prbn.g_00325
OG0000458	Prag	Prbg.g_01008	Prag.g_00220
OG0000458	Praw	Prbg.g_01008	Praw.g_01208
OG0000458	Prac	Prbg.g_01008	Prac.g_01703
OG0000458	Praq	Prbg.g_01008	Praq.g_01775
OG0000458	Prar	Prbg.g_01008	Prar.g_00100
OG0000458	Prae	Prbg.g_01008	Prae.g_00230
OG0000458	Prao	Prbg.g_01008	Prao.g_00365
OG0000458	Pras	Prbg.g_01008	Pras.g_01079
OG0000458	Prau	Prbg.g_01008	Prau.g_00228
OG0000458	Praa	Prbg.g_01008	Praa.g_00227
OG0000458	Prax	Prbg.g_01008	Prax.g_00991
OG0000458	Pray	Prbg.g_01008	Pray.g_00708
OG0000458	Praz	Prbg.g_01008	Praz.g_00587
OG0000458	Prba	Prbg.g_01008	Prba.g_00446
OG0000458	Prbi	Prbg.g_01008	Prbi.g_00251
OG0000458	Prad	Prbg.g_01008	Prad.g_01764
OG0000458	Prbd	Prbg.g_01008	Prbd.g_01012
OG0000458	Prav	Prbg.g_01008	Prav.g_00811
OG0000458	Prab	Prbg.g_01008	Prab.g_00218
OG0000458	Pran	Prbg.g_01008	Pran.g_00205
OG0000458	Prai	Prbg.g_01008	Prai.g_00238
OG0000458	Praj	Prbg.g_01008	Praj.g_00266
OG0000458	Prbc	Prbg.g_01008	Prbc.g_00344
OG0000458	Prbm	Prbg.g_01008	Prbm.g_00286
OG0000458	Prbb	Prbg.g_01008	Prbb.g_00283
OG0000458	Syan	Prbg.g_01008	Syan.g_01530
OG0000458	Syao	Prbg.g_01008	Syao.g_02403
OG0000458	Syar	Prbg.g_01008	Syar.g_00918
OG0000458	Syat	Prbg.g_01008	Syat.g_02725
OG0000458	Syap	Prbg.g_01008	Syap.g_01895
OG0000458	Syas	Prbg.g_01008	Syas.g_01851
OG0000458	Prah	Prbg.g_01008	Prah.g_02391
OG0000458	Praf	Prbg.g_01008	Praf.g_02548
OG0000458	Prbj	Prbg.g_01008	Prbj.g_00271
OG0000458	Prbk	Prbg.g_01008	Prbk.g_00649
OG0000458	Prbl	Prbg.g_01008	Prbl.g_01265
OG0000458	Syak	Prbg.g_01008	Syak.g_01986
OG0000458	Syab	Prbg.g_01008	Syab.g_02708
OG0000458	Syal	Prbg.g_01008	Syal.g_01009
OG0000458	Syag	Prbg.g_01008	Syag.g_02080
OG0000458	Syaq	Prbg.g_01008	Syaq.g_01299
OG0000458	Syad	Prbg.g_01008	Syad.g_02998
OG0000458	Syaj	Prbg.g_01008	Syaj.g_02079
OG0000458	Syae	Prbg.g_01008	Syae.g_01538
OG0000458	Syac	Prbg.g_01008	Syac.g_02325
OG0000458	Syah	Prbg.g_01008	Syah.g_00535
OG0000458	Syaa	Prbg.g_01008	Syaa.g_02565
OG0000458	Syaf	Prbg.g_01008	Syaf.g_00705
OG0000458	Syai	Prbg.g_01008	Syai.g_02708
OG0000458	Syam	Prbg.g_01008	Syam.g_02287
OG0000458	Pral	Prbg.g_01008	Pral.g_00816
OG0000458	Prat	Prbg.g_01008	Prat.g_00230
OG0000458	Pram	Prbg.g_01008	Pram.g_00213
OG0000458	Prbh	Prbg.g_01008	Prbh.g_00554
OG0000458	Prak	Prbg.g_01008	Prak.g_00242
OG0000458	Prap	Prbg.g_01008	Prap.g_01486
OG0000458	Prbe	Prbg.g_01008	Prbe.g_01778
OG0000458	Prbf	Prbg.g_01008	Prbf.g_01564
OG0000458	Prbn	Prbg.g_01008	Prbn.g_00324
OG0000459	Prab	Prbg.g_01009	Prab.g_00219
OG0000459	Pran	Prbg.g_01009	Pran.g_00204
OG0000459	Prbd	Prbg.g_01009	Prbd.g_01011
OG0000459	Prac	Prbg.g_01009	Prac.g_01702
OG0000459	Praq	Prbg.g_01009	Praq.g_01774
OG0000459	Prar	Prbg.g_01009	Prar.g_00099
OG0000459	Pras	Prbg.g_01009	Pras.g_01080
OG0000459	Prau	Prbg.g_01009	Prau.g_00229
OG0000459	Prad	Prbg.g_01009	Prad.g_01763
OG0000459	Prao	Prbg.g_01009	Prao.g_00366
OG0000459	Prae	Prbg.g_01009	Prae.g_00231
OG0000459	Praa	Prbg.g_01009	Praa.g_00228
OG0000459	Prax	Prbg.g_01009	Prax.g_00990
OG0000459	Pray	Prbg.g_01009	Pray.g_00709
OG0000459	Praz	Prbg.g_01009	Praz.g_00588
OG0000459	Prba	Prbg.g_01009	Prba.g_00447
OG0000459	Prbi	Prbg.g_01009	Prbi.g_00252
OG0000459	Prag	Prbg.g_01009	Prag.g_00221
OG0000459	Praw	Prbg.g_01009	Praw.g_01207
OG0000459	Prav	Prbg.g_01009	Prav.g_00810
OG0000459	Prai	Prbg.g_01009	Prai.g_00239
OG0000459	Prbc	Prbg.g_01009	Prbc.g_00343
OG0000459	Praj	Prbg.g_01009	Praj.g_00267
OG0000459	Prbm	Prbg.g_01009	Prbm.g_00287
OG0000459	Prbb	Prbg.g_01009	Prbb.g_00284
OG0000459	Pral	Prbg.g_01009	Pral.g_00815
OG0000459	Prat	Prbg.g_01009	Prat.g_00231
OG0000459	Syan	Prbg.g_01009	Syan.g_01531
OG0000459	Syao	Prbg.g_01009	Syao.g_02404
OG0000459	Syat	Prbg.g_01009	Syat.g_02724
OG0000459	Syar	Prbg.g_01009	Syar.g_00917
OG0000459	Syap	Prbg.g_01009	Syap.g_01894
OG0000459	Syas	Prbg.g_01009	Syas.g_01852
OG0000459	Syad	Prbg.g_01009	Syad.g_02999
OG0000459	Syaj	Prbg.g_01009	Syaj.g_02080
OG0000459	Syae	Prbg.g_01009	Syae.g_01539
OG0000459	Syaa	Prbg.g_01009	Syaa.g_02566
OG0000459	Syac	Prbg.g_01009	Syac.g_02326
OG0000459	Syah	Prbg.g_01009	Syah.g_00534
OG0000459	Syam	Prbg.g_01009	Syam.g_02288
OG0000459	Syai	Prbg.g_01009	Syai.g_02709
OG0000459	Syaf	Prbg.g_01009	Syaf.g_00704
OG0000459	Syag	Prbg.g_01009	Syag.g_02081
OG0000459	Syaq	Prbg.g_01009	Syaq.g_01298
OG0000459	Syak	Prbg.g_01009	Syak.g_01985
OG0000459	Syab	Prbg.g_01009	Syab.g_02709
OG0000459	Syal	Prbg.g_01009	Syal.g_01010
OG0000459	Prbj	Prbg.g_01009	Prbj.g_00272
OG0000459	Prbk	Prbg.g_01009	Prbk.g_00648
OG0000459	Prbl	Prbg.g_01009	Prbl.g_01266
OG0000459	Praf	Prbg.g_01009	Praf.g_02547
OG0000459	Prah	Prbg.g_01009	Prah.g_02390
OG0000459	Pram	Prbg.g_01009	Pram.g_00214
OG0000459	Prbh	Prbg.g_01009	Prbh.g_00553
OG0000459	Prak	Prbg.g_01009	Prak.g_00243
OG0000459	Prap	Prbg.g_01009	Prap.g_01485
OG0000459	Prbe	Prbg.g_01009	Prbe.g_01779
OG0000459	Prbf	Prbg.g_01009	Prbf.g_01565
OG0000459	Prbn	Prbg.g_01009	Prbn.g_00323
OG0000460	Prbi	Prbg.g_01017	Prbi.g_00259
OG0000460	Prao	Prbg.g_01017	Prao.g_00373
OG0000460	Prbd	Prbg.g_01017	Prbd.g_01004
OG0000460	Praa	Prbg.g_01017	Praa.g_00235
OG0000460	Prad	Prbg.g_01017	Prad.g_01756
OG0000460	Prax	Prbg.g_01017	Prax.g_00983
OG0000460	Prae	Prbg.g_01017	Prae.g_00238
OG0000460	Pray	Prbg.g_01017	Pray.g_00716
OG0000460	Praz	Prbg.g_01017	Praz.g_00595
OG0000460	Prba	Prbg.g_01017	Prba.g_00454
OG0000460	Pras	Prbg.g_01017	Pras.g_01087
OG0000460	Prau	Prbg.g_01017	Prau.g_00236
OG0000460	Prag	Prbg.g_01017	Prag.g_00228
OG0000460	Praw	Prbg.g_01017	Praw.g_01200
OG0000460	Prac	Prbg.g_01017	Prac.g_01695
OG0000460	Praq	Prbg.g_01017	Praq.g_01767
OG0000460	Prar	Prbg.g_01017	Prar.g_00092
OG0000460	Prav	Prbg.g_01017	Prav.g_00803
OG0000460	Prab	Prbg.g_01017	Prab.g_00226
OG0000460	Pran	Prbg.g_01017	Pran.g_00197
OG0000460	Prai	Prbg.g_01017	Prai.g_00246
OG0000460	Praj	Prbg.g_01017	Praj.g_00275
OG0000460	Prbb	Prbg.g_01017	Prbb.g_00292
OG0000460	Prbm	Prbg.g_01017	Prbm.g_00295
OG0000460	Prbc	Prbg.g_01017	Prbc.g_00335
OG0000460	Pral	Prbg.g_01017	Pral.g_00805
OG0000460	Prat	Prbg.g_01017	Prat.g_00240
OG0000460	Praf	Prbg.g_01017	Praf.g_00379
OG0000460	Prah	Prbg.g_01017	Prah.g_01781
OG0000460	Prbj	Prbg.g_01017	Prbj.g_00176
OG0000460	Prbk	Prbg.g_01017	Prbk.g_01369
OG0000460	Prbl	Prbg.g_01017	Prbl.g_01923
OG0000460	Syar	Prbg.g_01017	Syar.g_03024
OG0000460	Syan	Prbg.g_01017	Syan.g_02423
OG0000460	Syao	Prbg.g_01017	Syao.g_01702
OG0000460	Syas	Prbg.g_01017	Syas.g_02554
OG0000460	Syap	Prbg.g_01017	Syap.g_01159
OG0000460	Syat	Prbg.g_01017	Syat.g_01450
OG0000460	Syae	Prbg.g_01017	Syae.g_02236
OG0000460	Syad	Prbg.g_01017	Syad.g_00815
OG0000460	Syaj	Prbg.g_01017	Syaj.g_02858
OG0000460	Syaa	Prbg.g_01017	Syaa.g_02111
OG0000460	Syac	Prbg.g_01017	Syac.g_01970
OG0000460	Syah	Prbg.g_01017	Syah.g_00906
OG0000460	Syaf	Prbg.g_01017	Syaf.g_02789
OG0000460	Syam	Prbg.g_01017	Syam.g_00506
OG0000460	Syai	Prbg.g_01017	Syai.g_00535
OG0000460	Syag	Prbg.g_01017	Syag.g_01786
OG0000460	Syaq	Prbg.g_01017	Syaq.g_01577
OG0000460	Syak	Prbg.g_01017	Syak.g_02303
OG0000460	Syab	Prbg.g_01017	Syab.g_02372
OG0000460	Syal	Prbg.g_01017	Syal.g_00686
OG0000460	Pram	Prbg.g_01017	Pram.g_00222
OG0000460	Prbh	Prbg.g_01017	Prbh.g_00545
OG0000460	Prap	Prbg.g_01017	Prap.g_01477
OG0000460	Prak	Prbg.g_01017	Prak.g_00251
OG0000460	Prbe	Prbg.g_01017	Prbe.g_01787
OG0000460	Prbf	Prbg.g_01017	Prbf.g_01573
OG0000460	Prbn	Prbg.g_01017	Prbn.g_00315
OG0000461	Prab	Prbg.g_01025	Prab.g_00232
OG0000461	Pran	Prbg.g_01025	Pran.g_01950
OG0000461	Prai	Prbg.g_01025	Prai.g_00255
OG0000461	Prae	Prbg.g_01025	Prae.g_00245
OG0000461	Prao	Prbg.g_01025	Prao.g_00380
OG0000461	Prbd	Prbg.g_01025	Prbd.g_00997
OG0000461	Pray	Prbg.g_01025	Pray.g_00723
OG0000461	Praz	Prbg.g_01025	Praz.g_00602
OG0000461	Prba	Prbg.g_01025	Prba.g_00461
OG0000461	Praa	Prbg.g_01025	Praa.g_00242
OG0000461	Prad	Prbg.g_01025	Prad.g_01749
OG0000461	Prax	Prbg.g_01025	Prax.g_00933
OG0000461	Prbi	Prbg.g_01025	Prbi.g_00266
OG0000461	Pras	Prbg.g_01025	Pras.g_01094
OG0000461	Prau	Prbg.g_01025	Prau.g_00244
OG0000461	Prag	Prbg.g_01025	Prag.g_00235
OG0000461	Praw	Prbg.g_01025	Praw.g_00891
OG0000461	Prac	Prbg.g_01025	Prac.g_01688
OG0000461	Prar	Prbg.g_01025	Prar.g_00085
OG0000461	Praq	Prbg.g_01025	Praq.g_01760
OG0000461	Prav	Prbg.g_01025	Prav.g_01889
OG0000461	Pral	Prbg.g_01025	Pral.g_00796
OG0000461	Prat	Prbg.g_01025	Prat.g_00249
OG0000461	Prbm	Prbg.g_01025	Prbm.g_00303
OG0000461	Prbc	Prbg.g_01025	Prbc.g_01140
OG0000461	Prbb	Prbg.g_01025	Prbb.g_00300
OG0000461	Praj	Prbg.g_01025	Praj.g_00283
OG0000461	Praf	Prbg.g_01025	Praf.g_02203
OG0000461	Prah	Prbg.g_01025	Prah.g_02074
OG0000461	Prbj	Prbg.g_01025	Prbj.g_02661
OG0000461	Prbk	Prbg.g_01025	Prbk.g_01900
OG0000461	Prbl	Prbg.g_01025	Prbl.g_02679
OG0000461	Syas	Prbg.g_01025	Syas.g_01686
OG0000461	Syak	Prbg.g_01025	Syak.g_01402
OG0000461	Syab	Prbg.g_01025	Syab.g_00356
OG0000461	Syal	Prbg.g_01025	Syal.g_01199
OG0000461	Syaq	Prbg.g_01025	Syaq.g_00707
OG0000461	Syag	Prbg.g_01025	Syag.g_02675
OG0000461	Syao	Prbg.g_01025	Syao.g_02119
OG0000461	Syan	Prbg.g_01025	Syan.g_02099
OG0000461	Syar	Prbg.g_01025	Syar.g_00153
OG0000461	Syap	Prbg.g_01025	Syap.g_01575
OG0000461	Syat	Prbg.g_01025	Syat.g_01866
OG0000461	Syac	Prbg.g_01025	Syac.g_02198
OG0000461	Syah	Prbg.g_01025	Syah.g_00678
OG0000461	Syad	Prbg.g_01025	Syad.g_00579
OG0000461	Syaj	Prbg.g_01025	Syaj.g_02623
OG0000461	Syaf	Prbg.g_01025	Syaf.g_00183
OG0000461	Syam	Prbg.g_01025	Syam.g_00284
OG0000461	Syai	Prbg.g_01025	Syai.g_00314
OG0000461	Syae	Prbg.g_01025	Syae.g_02024
OG0000461	Syaa	Prbg.g_01025	Syaa.g_00318
OG0000461	Pram	Prbg.g_01025	Pram.g_00230
OG0000461	Prbh	Prbg.g_01025	Prbh.g_00537
OG0000461	Prak	Prbg.g_01025	Prak.g_00259
OG0000461	Prap	Prbg.g_01025	Prap.g_01469
OG0000461	Prbe	Prbg.g_01025	Prbe.g_01795
OG0000461	Prbf	Prbg.g_01025	Prbf.g_01581
OG0000461	Prbn	Prbg.g_01025	Prbn.g_00307
OG0000462	Prab	Prbg.g_01027	Prab.g_00234
OG0000462	Pran	Prbg.g_01027	Pran.g_01948
OG0000462	Prai	Prbg.g_01027	Prai.g_00257
OG0000462	Prau	Prbg.g_01027	Prau.g_00246
OG0000462	Pras	Prbg.g_01027	Pras.g_01096
OG0000462	Prag	Prbg.g_01027	Prag.g_00237
OG0000462	Praw	Prbg.g_01027	Praw.g_00889
OG0000462	Prac	Prbg.g_01027	Prac.g_01686
OG0000462	Praq	Prbg.g_01027	Praq.g_01758
OG0000462	Prar	Prbg.g_01027	Prar.g_00083
OG0000462	Prav	Prbg.g_01027	Prav.g_01891
OG0000462	Pray	Prbg.g_01027	Pray.g_00725
OG0000462	Praz	Prbg.g_01027	Praz.g_00604
OG0000462	Prba	Prbg.g_01027	Prba.g_00463
OG0000462	Prbi	Prbg.g_01027	Prbi.g_00268
OG0000462	Prad	Prbg.g_01027	Prad.g_01747
OG0000462	Prae	Prbg.g_01027	Prae.g_00247
OG0000462	Prbd	Prbg.g_01027	Prbd.g_00995
OG0000462	Prao	Prbg.g_01027	Prao.g_00382
OG0000462	Prax	Prbg.g_01027	Prax.g_00931
OG0000462	Praa	Prbg.g_01027	Praa.g_00244
OG0000462	Prbc	Prbg.g_01027	Prbc.g_01142
OG0000462	Praj	Prbg.g_01027	Praj.g_00285
OG0000462	Prbm	Prbg.g_01027	Prbm.g_00305
OG0000462	Prbb	Prbg.g_01027	Prbb.g_00302
OG0000462	Prbj	Prbg.g_01027	Prbj.g_01341
OG0000462	Prbk	Prbg.g_01027	Prbk.g_01012
OG0000462	Prbl	Prbg.g_01027	Prbl.g_02666
OG0000462	Praf	Prbg.g_01027	Praf.g_02207
OG0000462	Prah	Prbg.g_01027	Prah.g_02078
OG0000462	Syaq	Prbg.g_01027	Syaq.g_00710
OG0000462	Syas	Prbg.g_01027	Syas.g_01688
OG0000462	Syar	Prbg.g_01027	Syar.g_00155
OG0000462	Syan	Prbg.g_01027	Syan.g_02096
OG0000462	Syao	Prbg.g_01027	Syao.g_02116
OG0000462	Syap	Prbg.g_01027	Syap.g_01578
OG0000462	Syat	Prbg.g_01027	Syat.g_01868
OG0000462	Syak	Prbg.g_01027	Syak.g_01405
OG0000462	Syad	Prbg.g_01027	Syad.g_00576
OG0000462	Syaj	Prbg.g_01027	Syaj.g_02620
OG0000462	Syae	Prbg.g_01027	Syae.g_02021
OG0000462	Syaa	Prbg.g_01027	Syaa.g_00315
OG0000462	Syac	Prbg.g_01027	Syac.g_02201
OG0000462	Syah	Prbg.g_01027	Syah.g_00675
OG0000462	Syaf	Prbg.g_01027	Syaf.g_00186
OG0000462	Syai	Prbg.g_01027	Syai.g_00311
OG0000462	Syam	Prbg.g_01027	Syam.g_00281
OG0000462	Syag	Prbg.g_01027	Syag.g_02672
OG0000462	Syab	Prbg.g_01027	Syab.g_00352
OG0000462	Syal	Prbg.g_01027	Syal.g_01202
OG0000462	Pral	Prbg.g_01027	Pral.g_00795
OG0000462	Prat	Prbg.g_01027	Prat.g_00250
OG0000462	Pram	Prbg.g_01027	Pram.g_00232
OG0000462	Prbh	Prbg.g_01027	Prbh.g_00535
OG0000462	Prak	Prbg.g_01027	Prak.g_00261
OG0000462	Prap	Prbg.g_01027	Prap.g_01467
OG0000462	Prbe	Prbg.g_01027	Prbe.g_01797
OG0000462	Prbf	Prbg.g_01027	Prbf.g_01583
OG0000462	Prbn	Prbg.g_01027	Prbn.g_00305
OG0000463	Prab	Prbg.g_01028	Prab.g_00235
OG0000463	Pran	Prbg.g_01028	Pran.g_01947
OG0000463	Prai	Prbg.g_01028	Prai.g_00258
OG0000463	Prae	Prbg.g_01028	Prae.g_00248
OG0000463	Prav	Prbg.g_01028	Prav.g_01892
OG0000463	Prag	Prbg.g_01028	Prag.g_00238
OG0000463	Praw	Prbg.g_01028	Praw.g_00888
OG0000463	Prac	Prbg.g_01028	Prac.g_01685
OG0000463	Praq	Prbg.g_01028	Praq.g_01757
OG0000463	Prar	Prbg.g_01028	Prar.g_00082
OG0000463	Pras	Prbg.g_01028	Pras.g_01097
OG0000463	Prau	Prbg.g_01028	Prau.g_00247
OG0000463	Prbi	Prbg.g_01028	Prbi.g_00269
OG0000463	Prbd	Prbg.g_01028	Prbd.g_00994
OG0000463	Praa	Prbg.g_01028	Praa.g_00245
OG0000463	Prao	Prbg.g_01028	Prao.g_00383
OG0000463	Prad	Prbg.g_01028	Prad.g_01746
OG0000463	Prax	Prbg.g_01028	Prax.g_00930
OG0000463	Pray	Prbg.g_01028	Pray.g_00726
OG0000463	Praz	Prbg.g_01028	Praz.g_00605
OG0000463	Prba	Prbg.g_01028	Prba.g_00464
OG0000463	Praj	Prbg.g_01028	Praj.g_00286
OG0000463	Prbm	Prbg.g_01028	Prbm.g_00306
OG0000463	Prbb	Prbg.g_01028	Prbb.g_00303
OG0000463	Prbc	Prbg.g_01028	Prbc.g_01143
OG0000463	Pral	Prbg.g_01028	Pral.g_00794
OG0000463	Prat	Prbg.g_01028	Prat.g_00251
OG0000463	Syar	Prbg.g_01028	Syar.g_00156
OG0000463	Syap	Prbg.g_01028	Syap.g_01579
OG0000463	Syas	Prbg.g_01028	Syas.g_01689
OG0000463	Syat	Prbg.g_01028	Syat.g_01869
OG0000463	Syan	Prbg.g_01028	Syan.g_02095
OG0000463	Syao	Prbg.g_01028	Syao.g_02115
OG0000463	Prbj	Prbg.g_01028	Prbj.g_01342
OG0000463	Prbk	Prbg.g_01028	Prbk.g_01011
OG0000463	Prbl	Prbg.g_01028	Prbl.g_01516
OG0000463	Praf	Prbg.g_01028	Praf.g_02208
OG0000463	Prah	Prbg.g_01028	Prah.g_02079
OG0000463	Syab	Prbg.g_01028	Syab.g_00351
OG0000463	Syal	Prbg.g_01028	Syal.g_01203
OG0000463	Syak	Prbg.g_01028	Syak.g_01406
OG0000463	Syaq	Prbg.g_01028	Syaq.g_00711
OG0000463	Syag	Prbg.g_01028	Syag.g_02671
OG0000463	Syad	Prbg.g_01028	Syad.g_00575
OG0000463	Syaj	Prbg.g_01028	Syaj.g_02619
OG0000463	Syaa	Prbg.g_01028	Syaa.g_00314
OG0000463	Syaf	Prbg.g_01028	Syaf.g_00187
OG0000463	Syai	Prbg.g_01028	Syai.g_00310
OG0000463	Syam	Prbg.g_01028	Syam.g_00280
OG0000463	Syac	Prbg.g_01028	Syac.g_02202
OG0000463	Syah	Prbg.g_01028	Syah.g_00674
OG0000463	Syae	Prbg.g_01028	Syae.g_02020
OG0000463	Pram	Prbg.g_01028	Pram.g_00233
OG0000463	Prbh	Prbg.g_01028	Prbh.g_00534
OG0000463	Prak	Prbg.g_01028	Prak.g_00262
OG0000463	Prap	Prbg.g_01028	Prap.g_01466
OG0000463	Prbe	Prbg.g_01028	Prbe.g_01798
OG0000463	Prbf	Prbg.g_01028	Prbf.g_01584
OG0000463	Prbn	Prbg.g_01028	Prbn.g_00304
OG0000464	Prab	Prbg.g_01029	Prab.g_00236
OG0000464	Pran	Prbg.g_01029	Pran.g_01946
OG0000464	Prac	Prbg.g_01029	Prac.g_01684
OG0000464	Praq	Prbg.g_01029	Praq.g_01756
OG0000464	Prar	Prbg.g_01029	Prar.g_00081
OG0000464	Prag	Prbg.g_01029	Prag.g_00239
OG0000464	Praw	Prbg.g_01029	Praw.g_00887
OG0000464	Praa	Prbg.g_01029	Praa.g_00246
OG0000464	Prav	Prbg.g_01029	Prav.g_01893
OG0000464	Prao	Prbg.g_01029	Prao.g_00384
OG0000464	Prax	Prbg.g_01029	Prax.g_00929
OG0000464	Pray	Prbg.g_01029	Pray.g_00727
OG0000464	Praz	Prbg.g_01029	Praz.g_00606
OG0000464	Prba	Prbg.g_01029	Prba.g_00465
OG0000464	Prbd	Prbg.g_01029	Prbd.g_00993
OG0000464	Prbi	Prbg.g_01029	Prbi.g_00270
OG0000464	Prae	Prbg.g_01029	Prae.g_00249
OG0000464	Prad	Prbg.g_01029	Prad.g_01745
OG0000464	Pras	Prbg.g_01029	Pras.g_01098
OG0000464	Prau	Prbg.g_01029	Prau.g_00248
OG0000464	Prai	Prbg.g_01029	Prai.g_00259
OG0000464	Prbj	Prbg.g_01029	Prbj.g_01343
OG0000464	Prbk	Prbg.g_01029	Prbk.g_01010
OG0000464	Prbl	Prbg.g_01029	Prbl.g_01515
OG0000464	Praf	Prbg.g_01029	Praf.g_02209
OG0000464	Prah	Prbg.g_01029	Prah.g_02080
OG0000464	Syan	Prbg.g_01029	Syan.g_02094
OG0000464	Syao	Prbg.g_01029	Syao.g_02114
OG0000464	Syap	Prbg.g_01029	Syap.g_01580
OG0000464	Syas	Prbg.g_01029	Syas.g_01690
OG0000464	Syar	Prbg.g_01029	Syar.g_00157
OG0000464	Syat	Prbg.g_01029	Syat.g_01870
OG0000464	Syab	Prbg.g_01029	Syab.g_00350
OG0000464	Syal	Prbg.g_01029	Syal.g_01204
OG0000464	Syak	Prbg.g_01029	Syak.g_01407
OG0000464	Syaq	Prbg.g_01029	Syaq.g_00712
OG0000464	Syag	Prbg.g_01029	Syag.g_02670
OG0000464	Syac	Prbg.g_01029	Syac.g_02203
OG0000464	Syah	Prbg.g_01029	Syah.g_00673
OG0000464	Syad	Prbg.g_01029	Syad.g_00574
OG0000464	Syaj	Prbg.g_01029	Syaj.g_02618
OG0000464	Syaf	Prbg.g_01029	Syaf.g_00188
OG0000464	Syai	Prbg.g_01029	Syai.g_00309
OG0000464	Syam	Prbg.g_01029	Syam.g_00279
OG0000464	Syaa	Prbg.g_01029	Syaa.g_00313
OG0000464	Syae	Prbg.g_01029	Syae.g_02019
OG0000464	Prbm	Prbg.g_01029	Prbm.g_00307
OG0000464	Praj	Prbg.g_01029	Praj.g_00287
OG0000464	Prbc	Prbg.g_01029	Prbc.g_01144
OG0000464	Prbb	Prbg.g_01029	Prbb.g_00304
OG0000464	Prat	Prbg.g_01029	Prat.g_00252
OG0000464	Pral	Prbg.g_01029	Pral.g_00793
OG0000464	Pram	Prbg.g_01029	Pram.g_00234
OG0000464	Prbh	Prbg.g_01029	Prbh.g_00533
OG0000464	Prak	Prbg.g_01029	Prak.g_00263
OG0000464	Prap	Prbg.g_01029	Prap.g_01465
OG0000464	Prbe	Prbg.g_01029	Prbe.g_01799
OG0000464	Prbf	Prbg.g_01029	Prbf.g_01585
OG0000464	Prbn	Prbg.g_01029	Prbn.g_00012
OG0000465	Prac	Prbg.g_01030	Prac.g_01683
OG0000465	Praq	Prbg.g_01030	Praq.g_01755
OG0000465	Prar	Prbg.g_01030	Prar.g_00080
OG0000465	Prad	Prbg.g_01030	Prad.g_01744
OG0000465	Prae	Prbg.g_01030	Prae.g_00250
OG0000465	Prbi	Prbg.g_01030	Prbi.g_00271
OG0000465	Praa	Prbg.g_01030	Praa.g_00247
OG0000465	Prbd	Prbg.g_01030	Prbd.g_00992
OG0000465	Prao	Prbg.g_01030	Prao.g_00385
OG0000465	Prax	Prbg.g_01030	Prax.g_00928
OG0000465	Pras	Prbg.g_01030	Pras.g_01099
OG0000465	Prau	Prbg.g_01030	Prau.g_00249
OG0000465	Prag	Prbg.g_01030	Prag.g_00240
OG0000465	Praw	Prbg.g_01030	Praw.g_00886
OG0000465	Pray	Prbg.g_01030	Pray.g_00728
OG0000465	Praz	Prbg.g_01030	Praz.g_00607
OG0000465	Prba	Prbg.g_01030	Prba.g_00466
OG0000465	Prav	Prbg.g_01030	Prav.g_01894
OG0000465	Prab	Prbg.g_01030	Prab.g_00237
OG0000465	Pran	Prbg.g_01030	Pran.g_01945
OG0000465	Prai	Prbg.g_01030	Prai.g_00260
OG0000465	Prbm	Prbg.g_01030	Prbm.g_00308
OG0000465	Praj	Prbg.g_01030	Praj.g_00288
OG0000465	Prbb	Prbg.g_01030	Prbb.g_00305
OG0000465	Prbc	Prbg.g_01030	Prbc.g_01145
OG0000465	Praf	Prbg.g_01030	Praf.g_02210
OG0000465	Prah	Prbg.g_01030	Prah.g_02082
OG0000465	Prbj	Prbg.g_01030	Prbj.g_01345
OG0000465	Prbk	Prbg.g_01030	Prbk.g_01008
OG0000465	Prbl	Prbg.g_01030	Prbl.g_01513
OG0000465	Syag	Prbg.g_01030	Syag.g_02668
OG0000465	Syaq	Prbg.g_01030	Syaq.g_00714
OG0000465	Syab	Prbg.g_01030	Syab.g_00349
OG0000465	Syal	Prbg.g_01030	Syal.g_01205
OG0000465	Syas	Prbg.g_01030	Syas.g_01692
OG0000465	Syar	Prbg.g_01030	Syar.g_00159
OG0000465	Syan	Prbg.g_01030	Syan.g_02092
OG0000465	Syao	Prbg.g_01030	Syao.g_02112
OG0000465	Syap	Prbg.g_01030	Syap.g_01582
OG0000465	Syat	Prbg.g_01030	Syat.g_01872
OG0000465	Syak	Prbg.g_01030	Syak.g_01409
OG0000465	Syae	Prbg.g_01030	Syae.g_02018
OG0000465	Syaa	Prbg.g_01030	Syaa.g_00311
OG0000465	Syac	Prbg.g_01030	Syac.g_02204
OG0000465	Syah	Prbg.g_01030	Syah.g_00672
OG0000465	Syaf	Prbg.g_01030	Syaf.g_00190
OG0000465	Syai	Prbg.g_01030	Syai.g_00307
OG0000465	Syam	Prbg.g_01030	Syam.g_00277
OG0000465	Syad	Prbg.g_01030	Syad.g_00573
OG0000465	Syaj	Prbg.g_01030	Syaj.g_02617
OG0000465	Pral	Prbg.g_01030	Pral.g_00792
OG0000465	Prat	Prbg.g_01030	Prat.g_00253
OG0000465	Pram	Prbg.g_01030	Pram.g_00235
OG0000465	Prbh	Prbg.g_01030	Prbh.g_00532
OG0000465	Prak	Prbg.g_01030	Prak.g_00264
OG0000465	Prap	Prbg.g_01030	Prap.g_01464
OG0000465	Prbe	Prbg.g_01030	Prbe.g_01800
OG0000465	Prbf	Prbg.g_01030	Prbf.g_01586
OG0000465	Prbn	Prbg.g_01030	Prbn.g_00013
OG0000466	Prab	Prbg.g_01033	Prab.g_00240
OG0000466	Pran	Prbg.g_01033	Pran.g_01942
OG0000466	Prai	Prbg.g_01033	Prai.g_00263
OG0000466	Prac	Prbg.g_01033	Prac.g_01680
OG0000466	Praq	Prbg.g_01033	Praq.g_01752
OG0000466	Prar	Prbg.g_01033	Prar.g_00077
OG0000466	Prag	Prbg.g_01033	Prag.g_00243
OG0000466	Praw	Prbg.g_01033	Praw.g_00883
OG0000466	Pras	Prbg.g_01033	Pras.g_01102
OG0000466	Prau	Prbg.g_01033	Prau.g_00252
OG0000466	Prav	Prbg.g_01033	Prav.g_01897
OG0000466	Prbi	Prbg.g_01033	Prbi.g_00274
OG0000466	Prae	Prbg.g_01033	Prae.g_00253
OG0000466	Prax	Prbg.g_01033	Prax.g_00925
OG0000466	Prad	Prbg.g_01033	Prad.g_01741
OG0000466	Prbd	Prbg.g_01033	Prbd.g_00989
OG0000466	Praa	Prbg.g_01033	Praa.g_00250
OG0000466	Prao	Prbg.g_01033	Prao.g_00388
OG0000466	Pray	Prbg.g_01033	Pray.g_00731
OG0000466	Praz	Prbg.g_01033	Praz.g_00610
OG0000466	Prba	Prbg.g_01033	Prba.g_00469
OG0000466	Prbm	Prbg.g_01033	Prbm.g_00309
OG0000466	Prbb	Prbg.g_01033	Prbb.g_00306
OG0000466	Praj	Prbg.g_01033	Praj.g_00289
OG0000466	Prbc	Prbg.g_01033	Prbc.g_01146
OG0000466	Syaa	Prbg.g_01033	Syaa.g_00306
OG0000466	Syac	Prbg.g_01033	Syac.g_02208
OG0000466	Syah	Prbg.g_01033	Syah.g_00668
OG0000466	Syaf	Prbg.g_01033	Syaf.g_00194
OG0000466	Syai	Prbg.g_01033	Syai.g_00303
OG0000466	Syam	Prbg.g_01033	Syam.g_00273
OG0000466	Syad	Prbg.g_01033	Syad.g_00568
OG0000466	Syaj	Prbg.g_01033	Syaj.g_02612
OG0000466	Syae	Prbg.g_01033	Syae.g_02014
OG0000466	Syap	Prbg.g_01033	Syap.g_01587
OG0000466	Syat	Prbg.g_01033	Syat.g_01877
OG0000466	Syas	Prbg.g_01033	Syas.g_01697
OG0000466	Syan	Prbg.g_01033	Syan.g_02087
OG0000466	Syao	Prbg.g_01033	Syao.g_02107
OG0000466	Syar	Prbg.g_01033	Syar.g_00164
OG0000466	Syag	Prbg.g_01033	Syag.g_02662
OG0000466	Syaq	Prbg.g_01033	Syaq.g_00718
OG0000466	Syak	Prbg.g_01033	Syak.g_01414
OG0000466	Syab	Prbg.g_01033	Syab.g_00343
OG0000466	Syal	Prbg.g_01033	Syal.g_01210
OG0000466	Praf	Prbg.g_01033	Praf.g_02215
OG0000466	Prbj	Prbg.g_01033	Prbj.g_01350
OG0000466	Prbk	Prbg.g_01033	Prbk.g_01003
OG0000466	Prbl	Prbg.g_01033	Prbl.g_01508
OG0000466	Prah	Prbg.g_01033	Prah.g_02087
OG0000466	Pral	Prbg.g_01033	Pral.g_00789
OG0000466	Prat	Prbg.g_01033	Prat.g_00256
OG0000466	Pram	Prbg.g_01033	Pram.g_00238
OG0000466	Prbh	Prbg.g_01033	Prbh.g_00529
OG0000466	Prak	Prbg.g_01033	Prak.g_00267
OG0000466	Prap	Prbg.g_01033	Prap.g_01461
OG0000466	Prbe	Prbg.g_01033	Prbe.g_01803
OG0000466	Prbf	Prbg.g_01033	Prbf.g_01589
OG0000466	Prbn	Prbg.g_01033	Prbn.g_00016
OG0000467	Prao	Prbg.g_01034	Prao.g_00389
OG0000467	Prax	Prbg.g_01034	Prax.g_00924
OG0000467	Pray	Prbg.g_01034	Pray.g_00732
OG0000467	Praz	Prbg.g_01034	Praz.g_00611
OG0000467	Prba	Prbg.g_01034	Prba.g_00470
OG0000467	Praa	Prbg.g_01034	Praa.g_00251
OG0000467	Prbd	Prbg.g_01034	Prbd.g_00988
OG0000467	Prbi	Prbg.g_01034	Prbi.g_00275
OG0000467	Prae	Prbg.g_01034	Prae.g_00254
OG0000467	Prav	Prbg.g_01034	Prav.g_01898
OG0000467	Prad	Prbg.g_01034	Prad.g_01740
OG0000467	Prag	Prbg.g_01034	Prag.g_00244
OG0000467	Praw	Prbg.g_01034	Praw.g_00882
OG0000467	Pras	Prbg.g_01034	Pras.g_01103
OG0000467	Prau	Prbg.g_01034	Prau.g_00253
OG0000467	Prac	Prbg.g_01034	Prac.g_01679
OG0000467	Praq	Prbg.g_01034	Praq.g_01751
OG0000467	Prar	Prbg.g_01034	Prar.g_00076
OG0000467	Prab	Prbg.g_01034	Prab.g_00241
OG0000467	Pran	Prbg.g_01034	Pran.g_01941
OG0000467	Prai	Prbg.g_01034	Prai.g_00264
OG0000467	Prbm	Prbg.g_01034	Prbm.g_00310
OG0000467	Praj	Prbg.g_01034	Praj.g_00290
OG0000467	Prbc	Prbg.g_01034	Prbc.g_01147
OG0000467	Prbb	Prbg.g_01034	Prbb.g_00307
OG0000467	Pral	Prbg.g_01034	Pral.g_00788
OG0000467	Prat	Prbg.g_01034	Prat.g_00257
OG0000467	Syan	Prbg.g_01034	Syan.g_02086
OG0000467	Syao	Prbg.g_01034	Syao.g_02106
OG0000467	Syar	Prbg.g_01034	Syar.g_00165
OG0000467	Syap	Prbg.g_01034	Syap.g_01588
OG0000467	Syas	Prbg.g_01034	Syas.g_01698
OG0000467	Syat	Prbg.g_01034	Syat.g_01878
OG0000467	Syad	Prbg.g_01034	Syad.g_00566
OG0000467	Syaj	Prbg.g_01034	Syaj.g_02610
OG0000467	Syaa	Prbg.g_01034	Syaa.g_00304
OG0000467	Syae	Prbg.g_01034	Syae.g_02012
OG0000467	Syac	Prbg.g_01034	Syac.g_02210
OG0000467	Syah	Prbg.g_01034	Syah.g_00666
OG0000467	Syai	Prbg.g_01034	Syai.g_00301
OG0000467	Syaf	Prbg.g_01034	Syaf.g_00196
OG0000467	Syam	Prbg.g_01034	Syam.g_00271
OG0000467	Syab	Prbg.g_01034	Syab.g_00341
OG0000467	Syal	Prbg.g_01034	Syal.g_01212
OG0000467	Syak	Prbg.g_01034	Syak.g_01416
OG0000467	Syag	Prbg.g_01034	Syag.g_02660
OG0000467	Syaq	Prbg.g_01034	Syaq.g_00720
OG0000467	Praf	Prbg.g_01034	Praf.g_02217
OG0000467	Prah	Prbg.g_01034	Prah.g_02089
OG0000467	Prbj	Prbg.g_01034	Prbj.g_01352
OG0000467	Prbk	Prbg.g_01034	Prbk.g_01001
OG0000467	Prbl	Prbg.g_01034	Prbl.g_01506
OG0000467	Pram	Prbg.g_01034	Pram.g_00239
OG0000467	Prbh	Prbg.g_01034	Prbh.g_00528
OG0000467	Prak	Prbg.g_01034	Prak.g_00268
OG0000467	Prap	Prbg.g_01034	Prap.g_01460
OG0000467	Prbe	Prbg.g_01034	Prbe.g_01804
OG0000467	Prbf	Prbg.g_01034	Prbf.g_01590
OG0000467	Prbn	Prbg.g_01034	Prbn.g_00017
OG0000468	Prab	Prbg.g_01037	Prab.g_00243
OG0000468	Pran	Prbg.g_01037	Pran.g_01939
OG0000468	Prai	Prbg.g_01037	Prai.g_00266
OG0000468	Prac	Prbg.g_01037	Prac.g_01678
OG0000468	Praq	Prbg.g_01037	Praq.g_01750
OG0000468	Prar	Prbg.g_01037	Prar.g_00334
OG0000468	Prbi	Prbg.g_01037	Prbi.g_00277
OG0000468	Prbd	Prbg.g_01037	Prbd.g_00986
OG0000468	Praa	Prbg.g_01037	Praa.g_00253
OG0000468	Prae	Prbg.g_01037	Prae.g_00256
OG0000468	Prao	Prbg.g_01037	Prao.g_00391
OG0000468	Prax	Prbg.g_01037	Prax.g_00922
OG0000468	Pray	Prbg.g_01037	Pray.g_00734
OG0000468	Praz	Prbg.g_01037	Praz.g_00613
OG0000468	Prba	Prbg.g_01037	Prba.g_00472
OG0000468	Pras	Prbg.g_01037	Pras.g_01105
OG0000468	Prau	Prbg.g_01037	Prau.g_00255
OG0000468	Prag	Prbg.g_01037	Prag.g_00245
OG0000468	Praw	Prbg.g_01037	Praw.g_00880
OG0000468	Prav	Prbg.g_01037	Prav.g_01900
OG0000468	Prad	Prbg.g_01037	Prad.g_01738
OG0000468	Pral	Prbg.g_01037	Pral.g_00785
OG0000468	Prat	Prbg.g_01037	Prat.g_00260
OG0000468	Prbm	Prbg.g_01037	Prbm.g_00312
OG0000468	Prbb	Prbg.g_01037	Prbb.g_00309
OG0000468	Praj	Prbg.g_01037	Praj.g_00292
OG0000468	Prbc	Prbg.g_01037	Prbc.g_01149
OG0000468	Prbj	Prbg.g_01037	Prbj.g_01359
OG0000468	Prbk	Prbg.g_01037	Prbk.g_00371
OG0000468	Prbl	Prbg.g_01037	Prbl.g_01499
OG0000468	Praf	Prbg.g_01037	Praf.g_02242
OG0000468	Prah	Prbg.g_01037	Prah.g_02098
OG0000468	Syap	Prbg.g_01037	Syap.g_01593
OG0000468	Syat	Prbg.g_01037	Syat.g_01884
OG0000468	Syar	Prbg.g_01037	Syar.g_00170
OG0000468	Syas	Prbg.g_01037	Syas.g_01703
OG0000468	Syad	Prbg.g_01037	Syad.g_00561
OG0000468	Syaj	Prbg.g_01037	Syaj.g_02605
OG0000468	Syaa	Prbg.g_01037	Syaa.g_00299
OG0000468	Syae	Prbg.g_01037	Syae.g_02007
OG0000468	Syac	Prbg.g_01037	Syac.g_02216
OG0000468	Syah	Prbg.g_01037	Syah.g_00661
OG0000468	Syam	Prbg.g_01037	Syam.g_00266
OG0000468	Syaf	Prbg.g_01037	Syaf.g_00206
OG0000468	Syai	Prbg.g_01037	Syai.g_00296
OG0000468	Syan	Prbg.g_01037	Syan.g_02063
OG0000468	Syao	Prbg.g_01037	Syao.g_02102
OG0000468	Syag	Prbg.g_01037	Syag.g_02636
OG0000468	Syak	Prbg.g_01037	Syak.g_01421
OG0000468	Syaq	Prbg.g_01037	Syaq.g_00725
OG0000468	Syab	Prbg.g_01037	Syab.g_00336
OG0000468	Syal	Prbg.g_01037	Syal.g_01225
OG0000468	Pram	Prbg.g_01037	Pram.g_00242
OG0000468	Prbh	Prbg.g_01037	Prbh.g_00525
OG0000468	Prak	Prbg.g_01037	Prak.g_00271
OG0000468	Prap	Prbg.g_01037	Prap.g_01457
OG0000468	Prbe	Prbg.g_01037	Prbe.g_01807
OG0000468	Prbf	Prbg.g_01037	Prbf.g_01593
OG0000468	Prbn	Prbg.g_01037	Prbn.g_00020
OG0000469	Prab	Prbg.g_01045	Prab.g_00251
OG0000469	Pran	Prbg.g_01045	Pran.g_01931
OG0000469	Prai	Prbg.g_01045	Prai.g_00275
OG0000469	Prao	Prbg.g_01045	Prao.g_00400
OG0000469	Prac	Prbg.g_01045	Prac.g_01669
OG0000469	Praq	Prbg.g_01045	Praq.g_01741
OG0000469	Prar	Prbg.g_01045	Prar.g_00325
OG0000469	Prae	Prbg.g_01045	Prae.g_00265
OG0000469	Praa	Prbg.g_01045	Praa.g_00262
OG0000469	Prax	Prbg.g_01045	Prax.g_00913
OG0000469	Prbd	Prbg.g_01045	Prbd.g_00977
OG0000469	Prbi	Prbg.g_01045	Prbi.g_00286
OG0000469	Pras	Prbg.g_01045	Pras.g_01114
OG0000469	Prau	Prbg.g_01045	Prau.g_00264
OG0000469	Prav	Prbg.g_01045	Prav.g_01909
OG0000469	Prad	Prbg.g_01045	Prad.g_01729
OG0000469	Pray	Prbg.g_01045	Pray.g_00742
OG0000469	Praz	Prbg.g_01045	Praz.g_00621
OG0000469	Prba	Prbg.g_01045	Prba.g_00480
OG0000469	Prag	Prbg.g_01045	Prag.g_00253
OG0000469	Praw	Prbg.g_01045	Praw.g_00872
OG0000469	Prbm	Prbg.g_01045	Prbm.g_00320
OG0000469	Prbc	Prbg.g_01045	Prbc.g_01156
OG0000469	Praj	Prbg.g_01045	Praj.g_00299
OG0000469	Prbb	Prbg.g_01045	Prbb.g_00316
OG0000469	Prbj	Prbg.g_01045	Prbj.g_01372
OG0000469	Prbk	Prbg.g_01045	Prbk.g_00384
OG0000469	Prbl	Prbg.g_01045	Prbl.g_01486
OG0000469	Praf	Prbg.g_01045	Praf.g_02255
OG0000469	Prah	Prbg.g_01045	Prah.g_02111
OG0000469	Syaq	Prbg.g_01045	Syaq.g_00739
OG0000469	Syag	Prbg.g_01045	Syag.g_02621
OG0000469	Syak	Prbg.g_01045	Syak.g_01436
OG0000469	Syab	Prbg.g_01045	Syab.g_00318
OG0000469	Syal	Prbg.g_01045	Syal.g_01240
OG0000469	Syan	Prbg.g_01045	Syan.g_02046
OG0000469	Syao	Prbg.g_01045	Syao.g_02087
OG0000469	Syat	Prbg.g_01045	Syat.g_02000
OG0000469	Syar	Prbg.g_01045	Syar.g_00203
OG0000469	Syap	Prbg.g_01045	Syap.g_02352
OG0000469	Syas	Prbg.g_01045	Syas.g_01725
OG0000469	Syae	Prbg.g_01045	Syae.g_01992
OG0000469	Syaf	Prbg.g_01045	Syaf.g_00220
OG0000469	Syai	Prbg.g_01045	Syai.g_00282
OG0000469	Syam	Prbg.g_01045	Syam.g_00253
OG0000469	Syac	Prbg.g_01045	Syac.g_02230
OG0000469	Syah	Prbg.g_01045	Syah.g_00647
OG0000469	Syaa	Prbg.g_01045	Syaa.g_00285
OG0000469	Syad	Prbg.g_01045	Syad.g_00545
OG0000469	Syaj	Prbg.g_01045	Syaj.g_02590
OG0000469	Pral	Prbg.g_01045	Pral.g_00777
OG0000469	Prat	Prbg.g_01045	Prat.g_00269
OG0000469	Pram	Prbg.g_01045	Pram.g_00250
OG0000469	Prbh	Prbg.g_01045	Prbh.g_00517
OG0000469	Prak	Prbg.g_01045	Prak.g_00279
OG0000469	Prap	Prbg.g_01045	Prap.g_01449
OG0000469	Prbe	Prbg.g_01045	Prbe.g_01815
OG0000469	Prbf	Prbg.g_01045	Prbf.g_01601
OG0000469	Prbn	Prbg.g_01045	Prbn.g_00028
OG0000470	Prab	Prbg.g_00042	Prab.g_00253
OG0000470	Pran	Prbg.g_00042	Pran.g_01929
OG0000470	Prai	Prbg.g_00042	Prai.g_00277
OG0000470	Pray	Prbg.g_00042	Pray.g_00744
OG0000470	Praz	Prbg.g_00042	Praz.g_00623
OG0000470	Prba	Prbg.g_00042	Prba.g_00482
OG0000470	Prac	Prbg.g_00042	Prac.g_01667
OG0000470	Praq	Prbg.g_00042	Praq.g_01739
OG0000470	Prar	Prbg.g_00042	Prar.g_00323
OG0000470	Prae	Prbg.g_00042	Prae.g_00267
OG0000470	Pras	Prbg.g_00042	Pras.g_01116
OG0000470	Prau	Prbg.g_00042	Prau.g_00266
OG0000470	Prbi	Prbg.g_00042	Prbi.g_00288
OG0000470	Praa	Prbg.g_00042	Praa.g_00264
OG0000470	Prbd	Prbg.g_00042	Prbd.g_00975
OG0000470	Prax	Prbg.g_00042	Prax.g_00911
OG0000470	Prag	Prbg.g_00042	Prag.g_00255
OG0000470	Praw	Prbg.g_00042	Praw.g_00870
OG0000470	Prad	Prbg.g_00042	Prad.g_01727
OG0000470	Prao	Prbg.g_00042	Prao.g_00402
OG0000470	Prav	Prbg.g_00042	Prav.g_01911
OG0000470	Praj	Prbg.g_00042	Praj.g_00301
OG0000470	Prbb	Prbg.g_00042	Prbb.g_00318
OG0000470	Prbc	Prbg.g_00042	Prbc.g_01158
OG0000470	Prbm	Prbg.g_00042	Prbm.g_00322
OG0000470	Syab	Prbg.g_00042	Syab.g_00316
OG0000470	Syal	Prbg.g_00042	Syal.g_01242
OG0000470	Syat	Prbg.g_00042	Syat.g_02038
OG0000470	Syan	Prbg.g_00042	Syan.g_02044
OG0000470	Syao	Prbg.g_00042	Syao.g_02085
OG0000470	Syap	Prbg.g_00042	Syap.g_02349
OG0000470	Syar	Prbg.g_00042	Syar.g_00206
OG0000470	Syas	Prbg.g_00042	Syas.g_01727
OG0000470	Syag	Prbg.g_00042	Syag.g_02619
OG0000470	Syak	Prbg.g_00042	Syak.g_01438
OG0000470	Syaq	Prbg.g_00042	Syaq.g_00741
OG0000470	Praf	Prbg.g_00042	Praf.g_02259
OG0000470	Prah	Prbg.g_00042	Prah.g_02114
OG0000470	Prbj	Prbg.g_00042	Prbj.g_01385
OG0000470	Prbk	Prbg.g_00042	Prbk.g_00397
OG0000470	Prbl	Prbg.g_00042	Prbl.g_01473
OG0000470	Syae	Prbg.g_00042	Syae.g_01990
OG0000470	Syaa	Prbg.g_00042	Syaa.g_00283
OG0000470	Syad	Prbg.g_00042	Syad.g_00542
OG0000470	Syaj	Prbg.g_00042	Syaj.g_02586
OG0000470	Syaf	Prbg.g_00042	Syaf.g_00222
OG0000470	Syai	Prbg.g_00042	Syai.g_00280
OG0000470	Syam	Prbg.g_00042	Syam.g_00251
OG0000470	Syac	Prbg.g_00042	Syac.g_02232
OG0000470	Syah	Prbg.g_00042	Syah.g_00645
OG0000470	Pral	Prbg.g_00042	Pral.g_00775
OG0000470	Prat	Prbg.g_00042	Prat.g_00271
OG0000470	Pram	Prbg.g_00042	Pram.g_00252
OG0000470	Prbh	Prbg.g_00042	Prbh.g_00515
OG0000470	Prak	Prbg.g_00042	Prak.g_00281
OG0000470	Prap	Prbg.g_00042	Prap.g_01447
OG0000470	Prbe	Prbg.g_00042	Prbe.g_01817
OG0000470	Prbf	Prbg.g_00042	Prbf.g_01603
OG0000470	Prbn	Prbg.g_00042	Prbn.g_00030
OG0000471	Prab	Prbg.g_00043	Prab.g_00254
OG0000471	Pran	Prbg.g_00043	Pran.g_01928
OG0000471	Prai	Prbg.g_00043	Prai.g_00278
OG0000471	Prao	Prbg.g_00043	Prao.g_00403
OG0000471	Prad	Prbg.g_00043	Prad.g_01726
OG0000471	Prae	Prbg.g_00043	Prae.g_00268
OG0000471	Pras	Prbg.g_00043	Pras.g_01117
OG0000471	Prau	Prbg.g_00043	Prau.g_00267
OG0000471	Prbi	Prbg.g_00043	Prbi.g_00289
OG0000471	Praa	Prbg.g_00043	Praa.g_00265
OG0000471	Prbd	Prbg.g_00043	Prbd.g_00974
OG0000471	Prax	Prbg.g_00043	Prax.g_00910
OG0000471	Pray	Prbg.g_00043	Pray.g_00745
OG0000471	Praz	Prbg.g_00043	Praz.g_00624
OG0000471	Prba	Prbg.g_00043	Prba.g_00483
OG0000471	Prac	Prbg.g_00043	Prac.g_01666
OG0000471	Praq	Prbg.g_00043	Praq.g_01738
OG0000471	Prar	Prbg.g_00043	Prar.g_00322
OG0000471	Prag	Prbg.g_00043	Prag.g_00256
OG0000471	Praw	Prbg.g_00043	Praw.g_00869
OG0000471	Prav	Prbg.g_00043	Prav.g_01912
OG0000471	Pral	Prbg.g_00043	Pral.g_00774
OG0000471	Prat	Prbg.g_00043	Prat.g_00272
OG0000471	Syat	Prbg.g_00043	Syat.g_02039
OG0000471	Syar	Prbg.g_00043	Syar.g_00207
OG0000471	Syap	Prbg.g_00043	Syap.g_02348
OG0000471	Syas	Prbg.g_00043	Syas.g_01728
OG0000471	Syan	Prbg.g_00043	Syan.g_02043
OG0000471	Syao	Prbg.g_00043	Syao.g_02084
OG0000471	Syab	Prbg.g_00043	Syab.g_00315
OG0000471	Syal	Prbg.g_00043	Syal.g_01243
OG0000471	Syaf	Prbg.g_00043	Syaf.g_00223
OG0000471	Syai	Prbg.g_00043	Syai.g_00279
OG0000471	Syam	Prbg.g_00043	Syam.g_00250
OG0000471	Syac	Prbg.g_00043	Syac.g_02233
OG0000471	Syah	Prbg.g_00043	Syah.g_00644
OG0000471	Syae	Prbg.g_00043	Syae.g_01989
OG0000471	Syaa	Prbg.g_00043	Syaa.g_00282
OG0000471	Syad	Prbg.g_00043	Syad.g_00541
OG0000471	Syaj	Prbg.g_00043	Syaj.g_02585
OG0000471	Praf	Prbg.g_00043	Praf.g_02260
OG0000471	Prah	Prbg.g_00043	Prah.g_02115
OG0000471	Prbj	Prbg.g_00043	Prbj.g_01386
OG0000471	Prbk	Prbg.g_00043	Prbk.g_00398
OG0000471	Prbl	Prbg.g_00043	Prbl.g_01472
OG0000471	Syak	Prbg.g_00043	Syak.g_01439
OG0000471	Syag	Prbg.g_00043	Syag.g_02618
OG0000471	Syaq	Prbg.g_00043	Syaq.g_00742
OG0000471	Prbm	Prbg.g_00043	Prbm.g_00323
OG0000471	Prbc	Prbg.g_00043	Prbc.g_01159
OG0000471	Prbb	Prbg.g_00043	Prbb.g_00319
OG0000471	Praj	Prbg.g_00043	Praj.g_00302
OG0000471	Pram	Prbg.g_00043	Pram.g_00253
OG0000471	Prbh	Prbg.g_00043	Prbh.g_00514
OG0000471	Prak	Prbg.g_00043	Prak.g_00282
OG0000471	Prap	Prbg.g_00043	Prap.g_01446
OG0000471	Prbe	Prbg.g_00043	Prbe.g_01818
OG0000471	Prbf	Prbg.g_00043	Prbf.g_01604
OG0000471	Prbn	Prbg.g_00043	Prbn.g_00031
OG0000472	Prab	Prbg.g_00045	Prab.g_00255
OG0000472	Pran	Prbg.g_00045	Pran.g_01927
OG0000472	Prai	Prbg.g_00045	Prai.g_00279
OG0000472	Prao	Prbg.g_00045	Prao.g_00404
OG0000472	Pray	Prbg.g_00045	Pray.g_00746
OG0000472	Praz	Prbg.g_00045	Praz.g_00625
OG0000472	Prba	Prbg.g_00045	Prba.g_00484
OG0000472	Prad	Prbg.g_00045	Prad.g_01725
OG0000472	Prag	Prbg.g_00045	Prag.g_00257
OG0000472	Praw	Prbg.g_00045	Praw.g_00868
OG0000472	Prav	Prbg.g_00045	Prav.g_01913
OG0000472	Prac	Prbg.g_00045	Prac.g_01665
OG0000472	Praq	Prbg.g_00045	Praq.g_01737
OG0000472	Prar	Prbg.g_00045	Prar.g_00321
OG0000472	Prbd	Prbg.g_00045	Prbd.g_00973
OG0000472	Prax	Prbg.g_00045	Prax.g_00909
OG0000472	Prbi	Prbg.g_00045	Prbi.g_00290
OG0000472	Pras	Prbg.g_00045	Pras.g_01118
OG0000472	Prau	Prbg.g_00045	Prau.g_00268
OG0000472	Praa	Prbg.g_00045	Praa.g_00266
OG0000472	Prae	Prbg.g_00045	Prae.g_00269
OG0000472	Prbm	Prbg.g_00045	Prbm.g_00324
OG0000472	Prbc	Prbg.g_00045	Prbc.g_01160
OG0000472	Praj	Prbg.g_00045	Praj.g_00303
OG0000472	Prbb	Prbg.g_00045	Prbb.g_00320
OG0000472	Syan	Prbg.g_00045	Syan.g_02041
OG0000472	Syao	Prbg.g_00045	Syao.g_02082
OG0000472	Syar	Prbg.g_00045	Syar.g_00208
OG0000472	Syat	Prbg.g_00045	Syat.g_02041
OG0000472	Syap	Prbg.g_00045	Syap.g_02347
OG0000472	Syas	Prbg.g_00045	Syas.g_01729
OG0000472	Prbj	Prbg.g_00045	Prbj.g_01388
OG0000472	Prbk	Prbg.g_00045	Prbk.g_00400
OG0000472	Prbl	Prbg.g_00045	Prbl.g_01470
OG0000472	Praf	Prbg.g_00045	Praf.g_02262
OG0000472	Prah	Prbg.g_00045	Prah.g_02117
OG0000472	Syab	Prbg.g_00045	Syab.g_00313
OG0000472	Syal	Prbg.g_00045	Syal.g_01245
OG0000472	Syak	Prbg.g_00045	Syak.g_01441
OG0000472	Syag	Prbg.g_00045	Syag.g_02616
OG0000472	Syaq	Prbg.g_00045	Syaq.g_00744
OG0000472	Syac	Prbg.g_00045	Syac.g_02235
OG0000472	Syah	Prbg.g_00045	Syah.g_00642
OG0000472	Syaf	Prbg.g_00045	Syaf.g_00225
OG0000472	Syai	Prbg.g_00045	Syai.g_00277
OG0000472	Syam	Prbg.g_00045	Syam.g_00248
OG0000472	Syae	Prbg.g_00045	Syae.g_01987
OG0000472	Syaa	Prbg.g_00045	Syaa.g_00280
OG0000472	Syad	Prbg.g_00045	Syad.g_00539
OG0000472	Syaj	Prbg.g_00045	Syaj.g_02583
OG0000472	Pral	Prbg.g_00045	Pral.g_00773
OG0000472	Prat	Prbg.g_00045	Prat.g_00273
OG0000472	Pram	Prbg.g_00045	Pram.g_00254
OG0000472	Prbh	Prbg.g_00045	Prbh.g_00513
OG0000472	Prak	Prbg.g_00045	Prak.g_00284
OG0000472	Prap	Prbg.g_00045	Prap.g_01444
OG0000472	Prbe	Prbg.g_00045	Prbe.g_01820
OG0000472	Prbf	Prbg.g_00045	Prbf.g_01606
OG0000472	Prbn	Prbg.g_00045	Prbn.g_00033
OG0000473	Prab	Prbg.g_00047	Prab.g_00257
OG0000473	Pran	Prbg.g_00047	Pran.g_01925
OG0000473	Prai	Prbg.g_00047	Prai.g_00281
OG0000473	Prag	Prbg.g_00047	Prag.g_00259
OG0000473	Praw	Prbg.g_00047	Praw.g_00866
OG0000473	Prav	Prbg.g_00047	Prav.g_01915
OG0000473	Prad	Prbg.g_00047	Prad.g_01723
OG0000473	Prbd	Prbg.g_00047	Prbd.g_00971
OG0000473	Prax	Prbg.g_00047	Prax.g_00907
OG0000473	Prae	Prbg.g_00047	Prae.g_00271
OG0000473	Prbi	Prbg.g_00047	Prbi.g_00292
OG0000473	Praa	Prbg.g_00047	Praa.g_00268
OG0000473	Pras	Prbg.g_00047	Pras.g_01120
OG0000473	Prau	Prbg.g_00047	Prau.g_00270
OG0000473	Pray	Prbg.g_00047	Pray.g_00748
OG0000473	Praz	Prbg.g_00047	Praz.g_00627
OG0000473	Prba	Prbg.g_00047	Prba.g_00486
OG0000473	Prac	Prbg.g_00047	Prac.g_01663
OG0000473	Praq	Prbg.g_00047	Praq.g_01735
OG0000473	Prar	Prbg.g_00047	Prar.g_00319
OG0000473	Prao	Prbg.g_00047	Prao.g_00406
OG0000473	Prbm	Prbg.g_00047	Prbm.g_00326
OG0000473	Prbc	Prbg.g_00047	Prbc.g_01162
OG0000473	Prbb	Prbg.g_00047	Prbb.g_00322
OG0000473	Praj	Prbg.g_00047	Praj.g_00305
OG0000473	Pral	Prbg.g_00047	Pral.g_00771
OG0000473	Prat	Prbg.g_00047	Prat.g_00275
OG0000473	Prah	Prbg.g_00047	Prah.g_02119
OG0000473	Praf	Prbg.g_00047	Praf.g_02264
OG0000473	Prbj	Prbg.g_00047	Prbj.g_01390
OG0000473	Prbk	Prbg.g_00047	Prbk.g_00402
OG0000473	Prbl	Prbg.g_00047	Prbl.g_01468
OG0000473	Syag	Prbg.g_00047	Syag.g_02614
OG0000473	Syab	Prbg.g_00047	Syab.g_00311
OG0000473	Syal	Prbg.g_00047	Syal.g_01247
OG0000473	Syaa	Prbg.g_00047	Syaa.g_00278
OG0000473	Syac	Prbg.g_00047	Syac.g_02237
OG0000473	Syah	Prbg.g_00047	Syah.g_00640
OG0000473	Syae	Prbg.g_00047	Syae.g_01985
OG0000473	Syad	Prbg.g_00047	Syad.g_00537
OG0000473	Syaj	Prbg.g_00047	Syaj.g_02581
OG0000473	Syak	Prbg.g_00047	Syak.g_01443
OG0000473	Syam	Prbg.g_00047	Syam.g_00246
OG0000473	Syai	Prbg.g_00047	Syai.g_00275
OG0000473	Syaf	Prbg.g_00047	Syaf.g_00227
OG0000473	Syaq	Prbg.g_00047	Syaq.g_00746
OG0000473	Syar	Prbg.g_00047	Syar.g_00210
OG0000473	Syat	Prbg.g_00047	Syat.g_02043
OG0000473	Syas	Prbg.g_00047	Syas.g_01731
OG0000473	Syan	Prbg.g_00047	Syan.g_02039
OG0000473	Syao	Prbg.g_00047	Syao.g_02080
OG0000473	Syap	Prbg.g_00047	Syap.g_02343
OG0000473	Pram	Prbg.g_00047	Pram.g_00256
OG0000473	Prbh	Prbg.g_00047	Prbh.g_00511
OG0000473	Prak	Prbg.g_00047	Prak.g_00286
OG0000473	Prap	Prbg.g_00047	Prap.g_01442
OG0000473	Prbe	Prbg.g_00047	Prbe.g_01822
OG0000473	Prbf	Prbg.g_00047	Prbf.g_01608
OG0000473	Prbn	Prbg.g_00047	Prbn.g_00035
OG0000474	Prad	Prbg.g_00048	Prad.g_01722
OG0000474	Prav	Prbg.g_00048	Prav.g_01916
OG0000474	Praa	Prbg.g_00048	Praa.g_00269
OG0000474	Prax	Prbg.g_00048	Prax.g_00906
OG0000474	Prbd	Prbg.g_00048	Prbd.g_00970
OG0000474	Pras	Prbg.g_00048	Pras.g_01121
OG0000474	Prau	Prbg.g_00048	Prau.g_00271
OG0000474	Prae	Prbg.g_00048	Prae.g_00272
OG0000474	Prbi	Prbg.g_00048	Prbi.g_00293
OG0000474	Prag	Prbg.g_00048	Prag.g_00260
OG0000474	Praw	Prbg.g_00048	Praw.g_00865
OG0000474	Prac	Prbg.g_00048	Prac.g_01662
OG0000474	Praq	Prbg.g_00048	Praq.g_01734
OG0000474	Prar	Prbg.g_00048	Prar.g_00318
OG0000474	Prab	Prbg.g_00048	Prab.g_00258
OG0000474	Pran	Prbg.g_00048	Pran.g_01924
OG0000474	Prai	Prbg.g_00048	Prai.g_00282
OG0000474	Prao	Prbg.g_00048	Prao.g_00407
OG0000474	Pray	Prbg.g_00048	Pray.g_00749
OG0000474	Praz	Prbg.g_00048	Praz.g_00628
OG0000474	Prba	Prbg.g_00048	Prba.g_00487
OG0000474	Prbm	Prbg.g_00048	Prbm.g_00327
OG0000474	Prbc	Prbg.g_00048	Prbc.g_01163
OG0000474	Praj	Prbg.g_00048	Praj.g_00306
OG0000474	Prbb	Prbg.g_00048	Prbb.g_00323
OG0000474	Syaq	Prbg.g_00048	Syaq.g_00747
OG0000474	Praf	Prbg.g_00048	Praf.g_02265
OG0000474	Prah	Prbg.g_00048	Prah.g_02120
OG0000474	Prbj	Prbg.g_00048	Prbj.g_01391
OG0000474	Prbk	Prbg.g_00048	Prbk.g_00403
OG0000474	Prbl	Prbg.g_00048	Prbl.g_01467
OG0000474	Syad	Prbg.g_00048	Syad.g_00536
OG0000474	Syaj	Prbg.g_00048	Syaj.g_02580
OG0000474	Syaf	Prbg.g_00048	Syaf.g_00228
OG0000474	Syai	Prbg.g_00048	Syai.g_00274
OG0000474	Syam	Prbg.g_00048	Syam.g_00245
OG0000474	Syac	Prbg.g_00048	Syac.g_02238
OG0000474	Syah	Prbg.g_00048	Syah.g_00639
OG0000474	Syaa	Prbg.g_00048	Syaa.g_00277
OG0000474	Syae	Prbg.g_00048	Syae.g_01984
OG0000474	Syag	Prbg.g_00048	Syag.g_02613
OG0000474	Syab	Prbg.g_00048	Syab.g_00310
OG0000474	Syal	Prbg.g_00048	Syal.g_01248
OG0000474	Syak	Prbg.g_00048	Syak.g_01444
OG0000474	Syan	Prbg.g_00048	Syan.g_02038
OG0000474	Syao	Prbg.g_00048	Syao.g_02079
OG0000474	Syat	Prbg.g_00048	Syat.g_02044
OG0000474	Syap	Prbg.g_00048	Syap.g_02342
OG0000474	Syas	Prbg.g_00048	Syas.g_01732
OG0000474	Syar	Prbg.g_00048	Syar.g_00211
OG0000474	Pral	Prbg.g_00048	Pral.g_00770
OG0000474	Prat	Prbg.g_00048	Prat.g_00276
OG0000474	Pram	Prbg.g_00048	Pram.g_00257
OG0000474	Prbh	Prbg.g_00048	Prbh.g_00510
OG0000474	Prak	Prbg.g_00048	Prak.g_00287
OG0000474	Prap	Prbg.g_00048	Prap.g_01441
OG0000474	Prbe	Prbg.g_00048	Prbe.g_01823
OG0000474	Prbf	Prbg.g_00048	Prbf.g_01609
OG0000474	Prbn	Prbg.g_00048	Prbn.g_00036
OG0000475	Prab	Prbg.g_00049	Prab.g_00259
OG0000475	Pran	Prbg.g_00049	Pran.g_01923
OG0000475	Prai	Prbg.g_00049	Prai.g_00283
OG0000475	Prad	Prbg.g_00049	Prad.g_01721
OG0000475	Prao	Prbg.g_00049	Prao.g_00408
OG0000475	Prae	Prbg.g_00049	Prae.g_00273
OG0000475	Pras	Prbg.g_00049	Pras.g_01122
OG0000475	Prau	Prbg.g_00049	Prau.g_00272
OG0000475	Praa	Prbg.g_00049	Praa.g_00270
OG0000475	Prbd	Prbg.g_00049	Prbd.g_00969
OG0000475	Prax	Prbg.g_00049	Prax.g_00905
OG0000475	Prbi	Prbg.g_00049	Prbi.g_00294
OG0000475	Prac	Prbg.g_00049	Prac.g_01661
OG0000475	Praq	Prbg.g_00049	Praq.g_01733
OG0000475	Prar	Prbg.g_00049	Prar.g_00317
OG0000475	Prag	Prbg.g_00049	Prag.g_00261
OG0000475	Praw	Prbg.g_00049	Praw.g_00864
OG0000475	Prav	Prbg.g_00049	Prav.g_01917
OG0000475	Pray	Prbg.g_00049	Pray.g_00750
OG0000475	Praz	Prbg.g_00049	Praz.g_00629
OG0000475	Prba	Prbg.g_00049	Prba.g_00488
OG0000475	Prbm	Prbg.g_00049	Prbm.g_00328
OG0000475	Praj	Prbg.g_00049	Praj.g_00307
OG0000475	Prbb	Prbg.g_00049	Prbb.g_00324
OG0000475	Prbc	Prbg.g_00049	Prbc.g_01164
OG0000475	Syak	Prbg.g_00049	Syak.g_01445
OG0000475	Syab	Prbg.g_00049	Syab.g_00309
OG0000475	Syal	Prbg.g_00049	Syal.g_01249
OG0000475	Syag	Prbg.g_00049	Syag.g_02612
OG0000475	Syaq	Prbg.g_00049	Syaq.g_00748
OG0000475	Prbj	Prbg.g_00049	Prbj.g_01392
OG0000475	Prbk	Prbg.g_00049	Prbk.g_00404
OG0000475	Prbl	Prbg.g_00049	Prbl.g_01466
OG0000475	Praf	Prbg.g_00049	Praf.g_02266
OG0000475	Prah	Prbg.g_00049	Prah.g_02121
OG0000475	Syap	Prbg.g_00049	Syap.g_02341
OG0000475	Syat	Prbg.g_00049	Syat.g_02045
OG0000475	Syas	Prbg.g_00049	Syas.g_01733
OG0000475	Syan	Prbg.g_00049	Syan.g_02037
OG0000475	Syao	Prbg.g_00049	Syao.g_02078
OG0000475	Syar	Prbg.g_00049	Syar.g_00212
OG0000475	Syad	Prbg.g_00049	Syad.g_00535
OG0000475	Syaj	Prbg.g_00049	Syaj.g_02579
OG0000475	Syae	Prbg.g_00049	Syae.g_01983
OG0000475	Syaa	Prbg.g_00049	Syaa.g_00276
OG0000475	Syac	Prbg.g_00049	Syac.g_02239
OG0000475	Syah	Prbg.g_00049	Syah.g_00638
OG0000475	Syaf	Prbg.g_00049	Syaf.g_00229
OG0000475	Syai	Prbg.g_00049	Syai.g_00273
OG0000475	Syam	Prbg.g_00049	Syam.g_00244
OG0000475	Pral	Prbg.g_00049	Pral.g_00769
OG0000475	Prat	Prbg.g_00049	Prat.g_00277
OG0000475	Pram	Prbg.g_00049	Pram.g_00258
OG0000475	Prbh	Prbg.g_00049	Prbh.g_00509
OG0000475	Prak	Prbg.g_00049	Prak.g_00288
OG0000475	Prap	Prbg.g_00049	Prap.g_01440
OG0000475	Prbe	Prbg.g_00049	Prbe.g_01824
OG0000475	Prbf	Prbg.g_00049	Prbf.g_01610
OG0000475	Prbn	Prbg.g_00049	Prbn.g_00037
OG0000476	Praa	Prbg.g_00051	Praa.g_00271
OG0000476	Prag	Prbg.g_00051	Prag.g_00262
OG0000476	Pras	Prbg.g_00051	Pras.g_01123
OG0000476	Prau	Prbg.g_00051	Prau.g_00273
OG0000476	Prav	Prbg.g_00051	Prav.g_01918
OG0000476	Praw	Prbg.g_00051	Praw.g_00863
OG0000476	Prax	Prbg.g_00051	Prax.g_00904
OG0000476	Prbi	Prbg.g_00051	Prbi.g_00295
OG0000476	Prac	Prbg.g_00051	Prac.g_01660
OG0000476	Praq	Prbg.g_00051	Praq.g_01732
OG0000476	Prar	Prbg.g_00051	Prar.g_00316
OG0000476	Prae	Prbg.g_00051	Prae.g_00274
OG0000476	Prad	Prbg.g_00051	Prad.g_01720
OG0000476	Prao	Prbg.g_00051	Prao.g_00409
OG0000476	Prbd	Prbg.g_00051	Prbd.g_00968
OG0000476	Pray	Prbg.g_00051	Pray.g_00751
OG0000476	Praz	Prbg.g_00051	Praz.g_00630
OG0000476	Prba	Prbg.g_00051	Prba.g_00489
OG0000476	Prab	Prbg.g_00051	Prab.g_00260
OG0000476	Pran	Prbg.g_00051	Pran.g_01922
OG0000476	Prai	Prbg.g_00051	Prai.g_00284
OG0000476	Prbm	Prbg.g_00051	Prbm.g_00330
OG0000476	Praf	Prbg.g_00051	Praf.g_02268
OG0000476	Prah	Prbg.g_00051	Prah.g_02123
OG0000476	Prbj	Prbg.g_00051	Prbj.g_01394
OG0000476	Prbk	Prbg.g_00051	Prbk.g_00406
OG0000476	Prbl	Prbg.g_00051	Prbl.g_01464
OG0000476	Syat	Prbg.g_00051	Syat.g_02047
OG0000476	Syap	Prbg.g_00051	Syap.g_02339
OG0000476	Syao	Prbg.g_00051	Syao.g_02076
OG0000476	Syan	Prbg.g_00051	Syan.g_02035
OG0000476	Syar	Prbg.g_00051	Syar.g_00214
OG0000476	Syas	Prbg.g_00051	Syas.g_01735
OG0000476	Syak	Prbg.g_00051	Syak.g_01447
OG0000476	Syaj	Prbg.g_00051	Syaj.g_02577
OG0000476	Syad	Prbg.g_00051	Syad.g_00533
OG0000476	Syaa	Prbg.g_00051	Syaa.g_00274
OG0000476	Syac	Prbg.g_00051	Syac.g_02241
OG0000476	Syae	Prbg.g_00051	Syae.g_01981
OG0000476	Syaf	Prbg.g_00051	Syaf.g_00231
OG0000476	Syah	Prbg.g_00051	Syah.g_00636
OG0000476	Syai	Prbg.g_00051	Syai.g_00271
OG0000476	Syam	Prbg.g_00051	Syam.g_00242
OG0000476	Syaq	Prbg.g_00051	Syaq.g_00750
OG0000476	Syab	Prbg.g_00051	Syab.g_00307
OG0000476	Syal	Prbg.g_00051	Syal.g_01251
OG0000476	Syag	Prbg.g_00051	Syag.g_02610
OG0000476	Praj	Prbg.g_00051	Praj.g_00309
OG0000476	Prbb	Prbg.g_00051	Prbb.g_00326
OG0000476	Prbc	Prbg.g_00051	Prbc.g_01166
OG0000476	Pram	Prbg.g_00051	Pram.g_00260
OG0000476	Prbh	Prbg.g_00051	Prbh.g_00507
OG0000476	Pral	Prbg.g_00051	Pral.g_00767
OG0000476	Prat	Prbg.g_00051	Prat.g_00279
OG0000476	Prak	Prbg.g_00051	Prak.g_00290
OG0000476	Prap	Prbg.g_00051	Prap.g_01438
OG0000476	Prbe	Prbg.g_00051	Prbe.g_01826
OG0000476	Prbf	Prbg.g_00051	Prbf.g_01612
OG0000476	Prbn	Prbg.g_00051	Prbn.g_00039
OG0000477	Prae	Prbg.g_00054	Prae.g_00276
OG0000477	Prab	Prbg.g_00054	Prab.g_00263
OG0000477	Pran	Prbg.g_00054	Pran.g_01919
OG0000477	Prai	Prbg.g_00054	Prai.g_00288
OG0000477	Prao	Prbg.g_00054	Prao.g_00412
OG0000477	Praa	Prbg.g_00054	Praa.g_00275
OG0000477	Prbi	Prbg.g_00054	Prbi.g_00299
OG0000477	Pras	Prbg.g_00054	Pras.g_01127
OG0000477	Prau	Prbg.g_00054	Prau.g_00277
OG0000477	Pray	Prbg.g_00054	Pray.g_00754
OG0000477	Praz	Prbg.g_00054	Praz.g_00633
OG0000477	Prba	Prbg.g_00054	Prba.g_00492
OG0000477	Prac	Prbg.g_00054	Prac.g_01656
OG0000477	Praq	Prbg.g_00054	Praq.g_01728
OG0000477	Prar	Prbg.g_00054	Prar.g_00312
OG0000477	Prax	Prbg.g_00054	Prax.g_00900
OG0000477	Prbd	Prbg.g_00054	Prbd.g_00964
OG0000477	Prag	Prbg.g_00054	Prag.g_00266
OG0000477	Praw	Prbg.g_00054	Praw.g_00859
OG0000477	Prav	Prbg.g_00054	Prav.g_01921
OG0000477	Prad	Prbg.g_00054	Prad.g_01716
OG0000477	Praj	Prbg.g_00054	Praj.g_00311
OG0000477	Prbm	Prbg.g_00054	Prbm.g_00332
OG0000477	Prbb	Prbg.g_00054	Prbb.g_00328
OG0000477	Prbc	Prbg.g_00054	Prbc.g_01168
OG0000477	Syas	Prbg.g_00054	Syas.g_01740
OG0000477	Syan	Prbg.g_00054	Syan.g_02029
OG0000477	Syao	Prbg.g_00054	Syao.g_02069
OG0000477	Syar	Prbg.g_00054	Syar.g_00219
OG0000477	Syap	Prbg.g_00054	Syap.g_01367
OG0000477	Syat	Prbg.g_00054	Syat.g_02053
OG0000477	Syae	Prbg.g_00054	Syae.g_01975
OG0000477	Syaa	Prbg.g_00054	Syaa.g_00268
OG0000477	Syac	Prbg.g_00054	Syac.g_02247
OG0000477	Syah	Prbg.g_00054	Syah.g_00630
OG0000477	Syai	Prbg.g_00054	Syai.g_00265
OG0000477	Syaf	Prbg.g_00054	Syaf.g_00237
OG0000477	Syam	Prbg.g_00054	Syam.g_00236
OG0000477	Syad	Prbg.g_00054	Syad.g_00528
OG0000477	Syaj	Prbg.g_00054	Syaj.g_02571
OG0000477	Praf	Prbg.g_00054	Praf.g_02273
OG0000477	Prbj	Prbg.g_00054	Prbj.g_01399
OG0000477	Prbk	Prbg.g_00054	Prbk.g_00411
OG0000477	Prbl	Prbg.g_00054	Prbl.g_01459
OG0000477	Prah	Prbg.g_00054	Prah.g_02128
OG0000477	Syab	Prbg.g_00054	Syab.g_00301
OG0000477	Syal	Prbg.g_00054	Syal.g_01257
OG0000477	Syag	Prbg.g_00054	Syag.g_02604
OG0000477	Syaq	Prbg.g_00054	Syaq.g_00756
OG0000477	Syak	Prbg.g_00054	Syak.g_01453
OG0000477	Pral	Prbg.g_00054	Pral.g_00764
OG0000477	Prat	Prbg.g_00054	Prat.g_00282
OG0000477	Pram	Prbg.g_00054	Pram.g_00263
OG0000477	Prbh	Prbg.g_00054	Prbh.g_00504
OG0000477	Prak	Prbg.g_00054	Prak.g_00293
OG0000477	Prap	Prbg.g_00054	Prap.g_01435
OG0000477	Prbe	Prbg.g_00054	Prbe.g_01829
OG0000477	Prbf	Prbg.g_00054	Prbf.g_01615
OG0000477	Prbn	Prbg.g_00054	Prbn.g_00042
OG0000478	Prab	Prbg.g_00055	Prab.g_00264
OG0000478	Pran	Prbg.g_00055	Pran.g_01918
OG0000478	Prai	Prbg.g_00055	Prai.g_00289
OG0000478	Prae	Prbg.g_00055	Prae.g_00277
OG0000478	Prag	Prbg.g_00055	Prag.g_00267
OG0000478	Praw	Prbg.g_00055	Praw.g_00858
OG0000478	Prav	Prbg.g_00055	Prav.g_01922
OG0000478	Pray	Prbg.g_00055	Pray.g_00755
OG0000478	Praz	Prbg.g_00055	Praz.g_00634
OG0000478	Prba	Prbg.g_00055	Prba.g_00493
OG0000478	Prbi	Prbg.g_00055	Prbi.g_00300
OG0000478	Pras	Prbg.g_00055	Pras.g_01128
OG0000478	Prau	Prbg.g_00055	Prau.g_00278
OG0000478	Praa	Prbg.g_00055	Praa.g_00276
OG0000478	Prac	Prbg.g_00055	Prac.g_01655
OG0000478	Praq	Prbg.g_00055	Praq.g_01727
OG0000478	Prar	Prbg.g_00055	Prar.g_00311
OG0000478	Prad	Prbg.g_00055	Prad.g_01715
OG0000478	Prbd	Prbg.g_00055	Prbd.g_00963
OG0000478	Prax	Prbg.g_00055	Prax.g_00899
OG0000478	Prao	Prbg.g_00055	Prao.g_00413
OG0000478	Prbb	Prbg.g_00055	Prbb.g_00329
OG0000478	Prbm	Prbg.g_00055	Prbm.g_00333
OG0000478	Praj	Prbg.g_00055	Praj.g_00312
OG0000478	Prbc	Prbg.g_00055	Prbc.g_01169
OG0000478	Prat	Prbg.g_00055	Prat.g_00283
OG0000478	Pral	Prbg.g_00055	Pral.g_00763
OG0000478	Prah	Prbg.g_00055	Prah.g_02129
OG0000478	Praf	Prbg.g_00055	Praf.g_02274
OG0000478	Prbj	Prbg.g_00055	Prbj.g_01400
OG0000478	Prbk	Prbg.g_00055	Prbk.g_00412
OG0000478	Prbl	Prbg.g_00055	Prbl.g_01458
OG0000478	Syag	Prbg.g_00055	Syag.g_02603
OG0000478	Syaq	Prbg.g_00055	Syaq.g_00757
OG0000478	Syak	Prbg.g_00055	Syak.g_01454
OG0000478	Syab	Prbg.g_00055	Syab.g_00300
OG0000478	Syal	Prbg.g_00055	Syal.g_01258
OG0000478	Syat	Prbg.g_00055	Syat.g_02054
OG0000478	Syar	Prbg.g_00055	Syar.g_00220
OG0000478	Syas	Prbg.g_00055	Syas.g_01741
OG0000478	Syap	Prbg.g_00055	Syap.g_01366
OG0000478	Syan	Prbg.g_00055	Syan.g_02028
OG0000478	Syao	Prbg.g_00055	Syao.g_02068
OG0000478	Syae	Prbg.g_00055	Syae.g_01974
OG0000478	Syac	Prbg.g_00055	Syac.g_02248
OG0000478	Syah	Prbg.g_00055	Syah.g_00629
OG0000478	Syaa	Prbg.g_00055	Syaa.g_00267
OG0000478	Syad	Prbg.g_00055	Syad.g_00527
OG0000478	Syaj	Prbg.g_00055	Syaj.g_02570
OG0000478	Syaf	Prbg.g_00055	Syaf.g_00238
OG0000478	Syai	Prbg.g_00055	Syai.g_00264
OG0000478	Syam	Prbg.g_00055	Syam.g_00235
OG0000478	Pram	Prbg.g_00055	Pram.g_00264
OG0000478	Prbh	Prbg.g_00055	Prbh.g_00503
OG0000478	Prak	Prbg.g_00055	Prak.g_00294
OG0000478	Prap	Prbg.g_00055	Prap.g_01434
OG0000478	Prbe	Prbg.g_00055	Prbe.g_01830
OG0000478	Prbf	Prbg.g_00055	Prbf.g_01616
OG0000478	Prbn	Prbg.g_00055	Prbn.g_00043
OG0000479	Prab	Prbg.g_00056	Prab.g_00265
OG0000479	Pran	Prbg.g_00056	Pran.g_01917
OG0000479	Prai	Prbg.g_00056	Prai.g_00290
OG0000479	Prav	Prbg.g_00056	Prav.g_01923
OG0000479	Prag	Prbg.g_00056	Prag.g_00268
OG0000479	Praw	Prbg.g_00056	Praw.g_00857
OG0000479	Prac	Prbg.g_00056	Prac.g_01654
OG0000479	Praq	Prbg.g_00056	Praq.g_01726
OG0000479	Prar	Prbg.g_00056	Prar.g_00310
OG0000479	Pras	Prbg.g_00056	Pras.g_01129
OG0000479	Prau	Prbg.g_00056	Prau.g_00279
OG0000479	Prao	Prbg.g_00056	Prao.g_00414
OG0000479	Prae	Prbg.g_00056	Prae.g_00278
OG0000479	Prad	Prbg.g_00056	Prad.g_01714
OG0000479	Praa	Prbg.g_00056	Praa.g_00277
OG0000479	Prbd	Prbg.g_00056	Prbd.g_00962
OG0000479	Prbi	Prbg.g_00056	Prbi.g_00301
OG0000479	Pray	Prbg.g_00056	Pray.g_00756
OG0000479	Praz	Prbg.g_00056	Praz.g_00635
OG0000479	Prba	Prbg.g_00056	Prba.g_00494
OG0000479	Prax	Prbg.g_00056	Prax.g_00898
OG0000479	Praf	Prbg.g_00056	Praf.g_02275
OG0000479	Prah	Prbg.g_00056	Prah.g_02130
OG0000479	Prbj	Prbg.g_00056	Prbj.g_01401
OG0000479	Prbk	Prbg.g_00056	Prbk.g_00413
OG0000479	Prbl	Prbg.g_00056	Prbl.g_01457
OG0000479	Syar	Prbg.g_00056	Syar.g_00221
OG0000479	Syao	Prbg.g_00056	Syao.g_02067
OG0000479	Syas	Prbg.g_00056	Syas.g_01749
OG0000479	Syat	Prbg.g_00056	Syat.g_02056
OG0000479	Syan	Prbg.g_00056	Syan.g_02027
OG0000479	Syap	Prbg.g_00056	Syap.g_01364
OG0000479	Syak	Prbg.g_00056	Syak.g_01455
OG0000479	Syab	Prbg.g_00056	Syab.g_00299
OG0000479	Syal	Prbg.g_00056	Syal.g_01259
OG0000479	Syag	Prbg.g_00056	Syag.g_02602
OG0000479	Syaq	Prbg.g_00056	Syaq.g_00759
OG0000479	Syae	Prbg.g_00056	Syae.g_01973
OG0000479	Syad	Prbg.g_00056	Syad.g_00526
OG0000479	Syaj	Prbg.g_00056	Syaj.g_02569
OG0000479	Syaa	Prbg.g_00056	Syaa.g_00266
OG0000479	Syaf	Prbg.g_00056	Syaf.g_00239
OG0000479	Syai	Prbg.g_00056	Syai.g_00263
OG0000479	Syam	Prbg.g_00056	Syam.g_00234
OG0000479	Syac	Prbg.g_00056	Syac.g_02249
OG0000479	Syah	Prbg.g_00056	Syah.g_00628
OG0000479	Prbm	Prbg.g_00056	Prbm.g_00334
OG0000479	Praj	Prbg.g_00056	Praj.g_00313
OG0000479	Prbb	Prbg.g_00056	Prbb.g_00330
OG0000479	Prbc	Prbg.g_00056	Prbc.g_01170
OG0000479	Pral	Prbg.g_00056	Pral.g_00762
OG0000479	Prat	Prbg.g_00056	Prat.g_00284
OG0000479	Pram	Prbg.g_00056	Pram.g_00265
OG0000479	Prbh	Prbg.g_00056	Prbh.g_00502
OG0000479	Prak	Prbg.g_00056	Prak.g_00295
OG0000479	Prap	Prbg.g_00056	Prap.g_01433
OG0000479	Prbe	Prbg.g_00056	Prbe.g_01831
OG0000479	Prbf	Prbg.g_00056	Prbf.g_01617
OG0000479	Prbn	Prbg.g_00056	Prbn.g_00044
OG0000480	Prae	Prbg.g_00061	Prae.g_00283
OG0000480	Prbd	Prbg.g_00061	Prbd.g_00957
OG0000480	Praa	Prbg.g_00061	Praa.g_00282
OG0000480	Pray	Prbg.g_00061	Pray.g_00761
OG0000480	Praz	Prbg.g_00061	Praz.g_00640
OG0000480	Prba	Prbg.g_00061	Prba.g_00499
OG0000480	Prac	Prbg.g_00061	Prac.g_01649
OG0000480	Praq	Prbg.g_00061	Praq.g_01721
OG0000480	Prar	Prbg.g_00061	Prar.g_00305
OG0000480	Prag	Prbg.g_00061	Prag.g_00273
OG0000480	Praw	Prbg.g_00061	Praw.g_00852
OG0000480	Prav	Prbg.g_00061	Prav.g_01928
OG0000480	Pras	Prbg.g_00061	Pras.g_01134
OG0000480	Prau	Prbg.g_00061	Prau.g_00284
OG0000480	Prao	Prbg.g_00061	Prao.g_00419
OG0000480	Prax	Prbg.g_00061	Prax.g_00893
OG0000480	Prad	Prbg.g_00061	Prad.g_01709
OG0000480	Prbi	Prbg.g_00061	Prbi.g_00306
OG0000480	Prab	Prbg.g_00061	Prab.g_00270
OG0000480	Pran	Prbg.g_00061	Pran.g_01912
OG0000480	Prai	Prbg.g_00061	Prai.g_00295
OG0000480	Prbb	Prbg.g_00061	Prbb.g_00334
OG0000480	Prbc	Prbg.g_00061	Prbc.g_01175
OG0000480	Praj	Prbg.g_00061	Praj.g_00318
OG0000480	Prbm	Prbg.g_00061	Prbm.g_00339
OG0000480	Prat	Prbg.g_00061	Prat.g_00290
OG0000480	Pral	Prbg.g_00061	Pral.g_00756
OG0000480	Prbj	Prbg.g_00061	Prbj.g_01408
OG0000480	Prbk	Prbg.g_00061	Prbk.g_00420
OG0000480	Prbl	Prbg.g_00061	Prbl.g_01450
OG0000480	Praf	Prbg.g_00061	Praf.g_02282
OG0000480	Prah	Prbg.g_00061	Prah.g_02137
OG0000480	Syag	Prbg.g_00061	Syag.g_02595
OG0000480	Syaq	Prbg.g_00061	Syaq.g_00766
OG0000480	Syak	Prbg.g_00061	Syak.g_01462
OG0000480	Syab	Prbg.g_00061	Syab.g_00292
OG0000480	Syal	Prbg.g_00061	Syal.g_01266
OG0000480	Syar	Prbg.g_00061	Syar.g_00228
OG0000480	Syan	Prbg.g_00061	Syan.g_02020
OG0000480	Syao	Prbg.g_00061	Syao.g_02060
OG0000480	Syat	Prbg.g_00061	Syat.g_02063
OG0000480	Syap	Prbg.g_00061	Syap.g_01357
OG0000480	Syas	Prbg.g_00061	Syas.g_01756
OG0000480	Syac	Prbg.g_00061	Syac.g_00293
OG0000480	Syah	Prbg.g_00061	Syah.g_00089
OG0000480	Syad	Prbg.g_00061	Syad.g_00520
OG0000480	Syaj	Prbg.g_00061	Syaj.g_02562
OG0000480	Syae	Prbg.g_00061	Syae.g_01966
OG0000480	Syaa	Prbg.g_00061	Syaa.g_00259
OG0000480	Syaf	Prbg.g_00061	Syaf.g_00247
OG0000480	Syai	Prbg.g_00061	Syai.g_00256
OG0000480	Syam	Prbg.g_00061	Syam.g_00227
OG0000480	Pram	Prbg.g_00061	Pram.g_00270
OG0000480	Prbh	Prbg.g_00061	Prbh.g_00497
OG0000480	Prak	Prbg.g_00061	Prak.g_00300
OG0000480	Prap	Prbg.g_00061	Prap.g_01428
OG0000480	Prbe	Prbg.g_00061	Prbe.g_01836
OG0000480	Prbf	Prbg.g_00061	Prbf.g_01622
OG0000480	Prbn	Prbg.g_00061	Prbn.g_00049
OG0000481	Prac	Prbg.g_00064	Prac.g_01647
OG0000481	Praq	Prbg.g_00064	Praq.g_01718
OG0000481	Prar	Prbg.g_00064	Prar.g_00303
OG0000481	Prav	Prbg.g_00064	Prav.g_01930
OG0000481	Prag	Prbg.g_00064	Prag.g_00275
OG0000481	Praw	Prbg.g_00064	Praw.g_00850
OG0000481	Prbd	Prbg.g_00064	Prbd.g_00955
OG0000481	Praa	Prbg.g_00064	Praa.g_00284
OG0000481	Prae	Prbg.g_00064	Prae.g_00285
OG0000481	Prax	Prbg.g_00064	Prax.g_00891
OG0000481	Pray	Prbg.g_00064	Pray.g_00763
OG0000481	Praz	Prbg.g_00064	Praz.g_00642
OG0000481	Prba	Prbg.g_00064	Prba.g_00501
OG0000481	Prbi	Prbg.g_00064	Prbi.g_00308
OG0000481	Prad	Prbg.g_00064	Prad.g_01707
OG0000481	Prao	Prbg.g_00064	Prao.g_00421
OG0000481	Prai	Prbg.g_00064	Prai.g_00297
OG0000481	Prab	Prbg.g_00064	Prab.g_00272
OG0000481	Pran	Prbg.g_00064	Pran.g_01910
OG0000481	Prau	Prbg.g_00064	Prau.g_00286
OG0000481	Pras	Prbg.g_00064	Pras.g_01136
OG0000481	Praf	Prbg.g_00064	Praf.g_02284
OG0000481	Prat	Prbg.g_00064	Prat.g_00292
OG0000481	Syat	Prbg.g_00064	Syat.g_02066
OG0000481	Syar	Prbg.g_00064	Syar.g_00230
OG0000481	Syan	Prbg.g_00064	Syan.g_00975
OG0000481	Syas	Prbg.g_00064	Syas.g_00161, Syas.g_00162
OG0000481	Prah	Prbg.g_00064	Prah.g_02139
OG0000481	Prbj	Prbg.g_00064	Prbj.g_01410
OG0000481	Prbk	Prbg.g_00064	Prbk.g_00422
OG0000481	Prbl	Prbg.g_00064	Prbl.g_01448
OG0000481	Syab	Prbg.g_00064	Syab.g_00290
OG0000481	Syal	Prbg.g_00064	Syal.g_01268
OG0000481	Syak	Prbg.g_00064	Syak.g_01464
OG0000481	Syaa	Prbg.g_00064	Syaa.g_00257
OG0000481	Syae	Prbg.g_00064	Syae.g_01964
OG0000481	Syaj	Prbg.g_00064	Syaj.g_02560
OG0000481	Syad	Prbg.g_00064	Syad.g_00518
OG0000481	Syaf	Prbg.g_00064	Syaf.g_00249
OG0000481	Syai	Prbg.g_00064	Syai.g_00254
OG0000481	Syam	Prbg.g_00064	Syam.g_00225
OG0000481	Syac	Prbg.g_00064	Syac.g_00291
OG0000481	Syah	Prbg.g_00064	Syah.g_00091
OG0000481	Syao	Prbg.g_00064	Syao.g_01012
OG0000481	Syaq	Prbg.g_00064	Syaq.g_00768
OG0000481	Syag	Prbg.g_00064	Syag.g_02593
OG0000481	Pram	Prbg.g_00064	Pram.g_00273
OG0000481	Prbh	Prbg.g_00064	Prbh.g_00494
OG0000481	Pral	Prbg.g_00064	Pral.g_00754
OG0000481	Prbc	Prbg.g_00064	Prbc.g_01177
OG0000481	Praj	Prbg.g_00064	Praj.g_00320
OG0000481	Prbb	Prbg.g_00064	Prbb.g_00336
OG0000481	Prbm	Prbg.g_00064	Prbm.g_00341
OG0000481	Prbn	Prbg.g_00064	Prbn.g_00052
OG0000481	Prak	Prbg.g_00064	Prak.g_00303
OG0000481	Prap	Prbg.g_00064	Prap.g_01425
OG0000481	Prbe	Prbg.g_00064	Prbe.g_01839
OG0000481	Prbf	Prbg.g_00064	Prbf.g_01625
OG0000482	Prai	Prbg.g_00065	Prai.g_00298
OG0000482	Prac	Prbg.g_00065	Prac.g_01646
OG0000482	Prar	Prbg.g_00065	Prar.g_00302
OG0000482	Praq	Prbg.g_00065	Praq.g_01717
OG0000482	Prad	Prbg.g_00065	Prad.g_01706
OG0000482	Pras	Prbg.g_00065	Pras.g_01137
OG0000482	Prau	Prbg.g_00065	Prau.g_00287
OG0000482	Prab	Prbg.g_00065	Prab.g_00273
OG0000482	Pran	Prbg.g_00065	Pran.g_01909
OG0000482	Praa	Prbg.g_00065	Praa.g_00285
OG0000482	Prbi	Prbg.g_00065	Prbi.g_00309
OG0000482	Prax	Prbg.g_00065	Prax.g_00890
OG0000482	Prao	Prbg.g_00065	Prao.g_00422
OG0000482	Prag	Prbg.g_00065	Prag.g_00276
OG0000482	Praw	Prbg.g_00065	Praw.g_00849
OG0000482	Prav	Prbg.g_00065	Prav.g_01931
OG0000482	Prae	Prbg.g_00065	Prae.g_00286
OG0000482	Pray	Prbg.g_00065	Pray.g_00764
OG0000482	Praz	Prbg.g_00065	Praz.g_00643
OG0000482	Prba	Prbg.g_00065	Prba.g_00502
OG0000482	Prbd	Prbg.g_00065	Prbd.g_00954
OG0000482	Prbm	Prbg.g_00065	Prbm.g_00342
OG0000482	Praj	Prbg.g_00065	Praj.g_00321
OG0000482	Prbb	Prbg.g_00065	Prbb.g_00337
OG0000482	Prbc	Prbg.g_00065	Prbc.g_01178
OG0000482	Pral	Prbg.g_00065	Pral.g_00753
OG0000482	Prat	Prbg.g_00065	Prat.g_00293
OG0000482	Prbj	Prbg.g_00065	Prbj.g_01411
OG0000482	Prbk	Prbg.g_00065	Prbk.g_00423
OG0000482	Prbl	Prbg.g_00065	Prbl.g_01447
OG0000482	Praf	Prbg.g_00065	Praf.g_02285
OG0000482	Prah	Prbg.g_00065	Prah.g_02140
OG0000482	Syat	Prbg.g_00065	Syat.g_02067
OG0000482	Syar	Prbg.g_00065	Syar.g_00231
OG0000482	Syan	Prbg.g_00065	Syan.g_02018
OG0000482	Syao	Prbg.g_00065	Syao.g_02058
OG0000482	Syas	Prbg.g_00065	Syas.g_01758
OG0000482	Syap	Prbg.g_00065	Syap.g_01355
OG0000482	Syaq	Prbg.g_00065	Syaq.g_00769
OG0000482	Syad	Prbg.g_00065	Syad.g_00517
OG0000482	Syaj	Prbg.g_00065	Syaj.g_02559
OG0000482	Syac	Prbg.g_00065	Syac.g_00290
OG0000482	Syah	Prbg.g_00065	Syah.g_00092
OG0000482	Syam	Prbg.g_00065	Syam.g_00224
OG0000482	Syai	Prbg.g_00065	Syai.g_00253
OG0000482	Syaf	Prbg.g_00065	Syaf.g_00250
OG0000482	Syaa	Prbg.g_00065	Syaa.g_00256
OG0000482	Syae	Prbg.g_00065	Syae.g_01963
OG0000482	Syag	Prbg.g_00065	Syag.g_02592
OG0000482	Syab	Prbg.g_00065	Syab.g_00289
OG0000482	Syal	Prbg.g_00065	Syal.g_01269
OG0000482	Syak	Prbg.g_00065	Syak.g_01465
OG0000482	Pram	Prbg.g_00065	Pram.g_00274
OG0000482	Prbh	Prbg.g_00065	Prbh.g_00493
OG0000482	Prak	Prbg.g_00065	Prak.g_00304
OG0000482	Prap	Prbg.g_00065	Prap.g_01424
OG0000482	Prbf	Prbg.g_00065	Prbf.g_01626
OG0000482	Prbn	Prbg.g_00065	Prbn.g_00053
OG0000482	Prbe	Prbg.g_00065	Prbe.g_01840
OG0000483	Prai	Prbg.g_00068	Prai.g_00301
OG0000483	Prab	Prbg.g_00068	Prab.g_00276
OG0000483	Pran	Prbg.g_00068	Pran.g_01906
OG0000483	Prac	Prbg.g_00068	Prac.g_01643
OG0000483	Praq	Prbg.g_00068	Praq.g_01714
OG0000483	Prar	Prbg.g_00068	Prar.g_00299
OG0000483	Prav	Prbg.g_00068	Prav.g_01934
OG0000483	Prag	Prbg.g_00068	Prag.g_00279
OG0000483	Praw	Prbg.g_00068	Praw.g_00846
OG0000483	Pras	Prbg.g_00068	Pras.g_01140
OG0000483	Prau	Prbg.g_00068	Prau.g_00290
OG0000483	Prao	Prbg.g_00068	Prao.g_00425
OG0000483	Prax	Prbg.g_00068	Prax.g_00887
OG0000483	Praa	Prbg.g_00068	Praa.g_00288
OG0000483	Prbd	Prbg.g_00068	Prbd.g_00951
OG0000483	Prae	Prbg.g_00068	Prae.g_00289
OG0000483	Prbi	Prbg.g_00068	Prbi.g_00312
OG0000483	Prad	Prbg.g_00068	Prad.g_01703
OG0000483	Pray	Prbg.g_00068	Pray.g_00767
OG0000483	Praz	Prbg.g_00068	Praz.g_00646
OG0000483	Prba	Prbg.g_00068	Prba.g_00505
OG0000483	Praj	Prbg.g_00068	Praj.g_00324
OG0000483	Prbm	Prbg.g_00068	Prbm.g_00345
OG0000483	Prbb	Prbg.g_00068	Prbb.g_00340
OG0000483	Prbc	Prbg.g_00068	Prbc.g_01181
OG0000483	Pral	Prbg.g_00068	Pral.g_00750
OG0000483	Prat	Prbg.g_00068	Prat.g_00296
OG0000483	Syak	Prbg.g_00068	Syak.g_01469
OG0000483	Syar	Prbg.g_00068	Syar.g_00235
OG0000483	Syap	Prbg.g_00068	Syap.g_01344
OG0000483	Syat	Prbg.g_00068	Syat.g_02071
OG0000483	Syas	Prbg.g_00068	Syas.g_01762
OG0000483	Syan	Prbg.g_00068	Syan.g_02014
OG0000483	Syao	Prbg.g_00068	Syao.g_02054
OG0000483	Syae	Prbg.g_00068	Syae.g_01959
OG0000483	Syac	Prbg.g_00068	Syac.g_00286
OG0000483	Syah	Prbg.g_00068	Syah.g_00096
OG0000483	Syaa	Prbg.g_00068	Syaa.g_00252
OG0000483	Syai	Prbg.g_00068	Syai.g_00249
OG0000483	Syaf	Prbg.g_00068	Syaf.g_00254
OG0000483	Syam	Prbg.g_00068	Syam.g_00220
OG0000483	Syad	Prbg.g_00068	Syad.g_00513
OG0000483	Syaj	Prbg.g_00068	Syaj.g_02555
OG0000483	Syaq	Prbg.g_00068	Syaq.g_00773
OG0000483	Syag	Prbg.g_00068	Syag.g_02588
OG0000483	Prah	Prbg.g_00068	Prah.g_02144
OG0000483	Praf	Prbg.g_00068	Praf.g_02289
OG0000483	Prbj	Prbg.g_00068	Prbj.g_01415
OG0000483	Prbk	Prbg.g_00068	Prbk.g_00427
OG0000483	Prbl	Prbg.g_00068	Prbl.g_01443
OG0000483	Syab	Prbg.g_00068	Syab.g_00285
OG0000483	Syal	Prbg.g_00068	Syal.g_01273
OG0000483	Pram	Prbg.g_00068	Pram.g_00277
OG0000483	Prbh	Prbg.g_00068	Prbh.g_00490
OG0000483	Prak	Prbg.g_00068	Prak.g_00307
OG0000483	Prap	Prbg.g_00068	Prap.g_01421
OG0000483	Prbe	Prbg.g_00068	Prbe.g_01843
OG0000483	Prbf	Prbg.g_00068	Prbf.g_01629
OG0000483	Prbn	Prbg.g_00068	Prbn.g_00056
OG0000484	Praa	Prbg.g_00069	Praa.g_00289
OG0000484	Prad	Prbg.g_00069	Prad.g_01702
OG0000484	Prae	Prbg.g_00069	Prae.g_00290
OG0000484	Pras	Prbg.g_00069	Pras.g_01141
OG0000484	Prau	Prbg.g_00069	Prau.g_00291
OG0000484	Prax	Prbg.g_00069	Prax.g_00886
OG0000484	Pray	Prbg.g_00069	Pray.g_00768
OG0000484	Praz	Prbg.g_00069	Praz.g_00647
OG0000484	Prbd	Prbg.g_00069	Prbd.g_00950
OG0000484	Prbi	Prbg.g_00069	Prbi.g_00313
OG0000484	Prag	Prbg.g_00069	Prag.g_00280
OG0000484	Prav	Prbg.g_00069	Prav.g_01935
OG0000484	Praw	Prbg.g_00069	Praw.g_00845
OG0000484	Prac	Prbg.g_00069	Prac.g_01642
OG0000484	Praq	Prbg.g_00069	Praq.g_01713
OG0000484	Prar	Prbg.g_00069	Prar.g_00298
OG0000484	Prai	Prbg.g_00069	Prai.g_00302
OG0000484	Prab	Prbg.g_00069	Prab.g_00277
OG0000484	Pran	Prbg.g_00069	Pran.g_01905
OG0000484	Prao	Prbg.g_00069	Prao.g_00426
OG0000484	Prba	Prbg.g_00069	Prba.g_00506
OG0000484	Praj	Prbg.g_00069	Praj.g_00325
OG0000484	Prbb	Prbg.g_00069	Prbb.g_00341
OG0000484	Prbc	Prbg.g_00069	Prbc.g_01182
OG0000484	Prbm	Prbg.g_00069	Prbm.g_00346
OG0000484	Praf	Prbg.g_00069	Praf.g_02290
OG0000484	Prbj	Prbg.g_00069	Prbj.g_01416
OG0000484	Prbk	Prbg.g_00069	Prbk.g_00428
OG0000484	Prbl	Prbg.g_00069	Prbl.g_01442
OG0000484	Prah	Prbg.g_00069	Prah.g_02145
OG0000484	Syat	Prbg.g_00069	Syat.g_02072
OG0000484	Syap	Prbg.g_00069	Syap.g_01350
OG0000484	Syas	Prbg.g_00069	Syas.g_01763
OG0000484	Syak	Prbg.g_00069	Syak.g_01470
OG0000484	Syab	Prbg.g_00069	Syab.g_00284
OG0000484	Syal	Prbg.g_00069	Syal.g_01274
OG0000484	Syag	Prbg.g_00069	Syag.g_02587
OG0000484	Syar	Prbg.g_00069	Syar.g_00236
OG0000484	Syam	Prbg.g_00069	Syam.g_00219
OG0000484	Syaf	Prbg.g_00069	Syaf.g_00255
OG0000484	Syai	Prbg.g_00069	Syai.g_00248
OG0000484	Syaj	Prbg.g_00069	Syaj.g_02554
OG0000484	Syad	Prbg.g_00069	Syad.g_00512
OG0000484	Syaa	Prbg.g_00069	Syaa.g_00251
OG0000484	Syae	Prbg.g_00069	Syae.g_01958
OG0000484	Syac	Prbg.g_00069	Syac.g_00285
OG0000484	Syah	Prbg.g_00069	Syah.g_00097
OG0000484	Syan	Prbg.g_00069	Syan.g_02013
OG0000484	Syao	Prbg.g_00069	Syao.g_02053
OG0000484	Syaq	Prbg.g_00069	Syaq.g_00774
OG0000484	Pral	Prbg.g_00069	Pral.g_00749
OG0000484	Prat	Prbg.g_00069	Prat.g_00297
OG0000484	Pram	Prbg.g_00069	Pram.g_00278
OG0000484	Prbh	Prbg.g_00069	Prbh.g_00489
OG0000484	Prak	Prbg.g_00069	Prak.g_00308
OG0000484	Prap	Prbg.g_00069	Prap.g_01420
OG0000484	Prbe	Prbg.g_00069	Prbe.g_01844
OG0000484	Prbf	Prbg.g_00069	Prbf.g_01630
OG0000484	Prbn	Prbg.g_00069	Prbn.g_00057
OG0000485	Prac	Prbg.g_00071	Prac.g_01641
OG0000485	Praq	Prbg.g_00071	Praq.g_01712
OG0000485	Prar	Prbg.g_00071	Prar.g_00297
OG0000485	Prai	Prbg.g_00071	Prai.g_00303
OG0000485	Prav	Prbg.g_00071	Prav.g_01936
OG0000485	Prab	Prbg.g_00071	Prab.g_00278
OG0000485	Pran	Prbg.g_00071	Pran.g_01904
OG0000485	Prag	Prbg.g_00071	Prag.g_00281
OG0000485	Praw	Prbg.g_00071	Praw.g_00844
OG0000485	Pras	Prbg.g_00071	Pras.g_01142
OG0000485	Prau	Prbg.g_00071	Prau.g_00292
OG0000485	Prbi	Prbg.g_00071	Prbi.g_00314
OG0000485	Prax	Prbg.g_00071	Prax.g_00885
OG0000485	Prbd	Prbg.g_00071	Prbd.g_00949
OG0000485	Prad	Prbg.g_00071	Prad.g_01701
OG0000485	Praa	Prbg.g_00071	Praa.g_00290
OG0000485	Pray	Prbg.g_00071	Pray.g_00769
OG0000485	Praz	Prbg.g_00071	Praz.g_00648
OG0000485	Prba	Prbg.g_00071	Prba.g_00507
OG0000485	Prae	Prbg.g_00071	Prae.g_00291
OG0000485	Prao	Prbg.g_00071	Prao.g_00427
OG0000485	Prbm	Prbg.g_00071	Prbm.g_00347
OG0000485	Prbb	Prbg.g_00071	Prbb.g_00342
OG0000485	Praj	Prbg.g_00071	Praj.g_00326
OG0000485	Prbc	Prbg.g_00071	Prbc.g_01183
OG0000485	Syad	Prbg.g_00071	Syad.g_00511
OG0000485	Syaj	Prbg.g_00071	Syaj.g_02553
OG0000485	Syae	Prbg.g_00071	Syae.g_01957
OG0000485	Syaa	Prbg.g_00071	Syaa.g_00250
OG0000485	Syac	Prbg.g_00071	Syac.g_00284
OG0000485	Syah	Prbg.g_00071	Syah.g_00098
OG0000485	Syaf	Prbg.g_00071	Syaf.g_00256
OG0000485	Syai	Prbg.g_00071	Syai.g_00247
OG0000485	Syam	Prbg.g_00071	Syam.g_00218
OG0000485	Syan	Prbg.g_00071	Syan.g_02012
OG0000485	Syao	Prbg.g_00071	Syao.g_02052
OG0000485	Syas	Prbg.g_00071	Syas.g_01764
OG0000485	Syap	Prbg.g_00071	Syap.g_01349
OG0000485	Syat	Prbg.g_00071	Syat.g_02073
OG0000485	Syar	Prbg.g_00071	Syar.g_00237
OG0000485	Syaq	Prbg.g_00071	Syaq.g_00775
OG0000485	Syag	Prbg.g_00071	Syag.g_02586
OG0000485	Syak	Prbg.g_00071	Syak.g_01472
OG0000485	Syab	Prbg.g_00071	Syab.g_00283
OG0000485	Syal	Prbg.g_00071	Syal.g_01275
OG0000485	Praf	Prbg.g_00071	Praf.g_02291
OG0000485	Prah	Prbg.g_00071	Prah.g_02146
OG0000485	Prbj	Prbg.g_00071	Prbj.g_01417
OG0000485	Prbk	Prbg.g_00071	Prbk.g_00429
OG0000485	Prbl	Prbg.g_00071	Prbl.g_01441
OG0000485	Pral	Prbg.g_00071	Pral.g_00748
OG0000485	Prat	Prbg.g_00071	Prat.g_00298
OG0000485	Pram	Prbg.g_00071	Pram.g_00280
OG0000485	Prbh	Prbg.g_00071	Prbh.g_00487
OG0000485	Prak	Prbg.g_00071	Prak.g_00310
OG0000485	Prap	Prbg.g_00071	Prap.g_01418
OG0000485	Prbe	Prbg.g_00071	Prbe.g_01846
OG0000485	Prbf	Prbg.g_00071	Prbf.g_01632
OG0000485	Prbn	Prbg.g_00071	Prbn.g_00059
OG0000486	Prai	Prbg.g_00072	Prai.g_00304
OG0000486	Prac	Prbg.g_00072	Prac.g_01640
OG0000486	Praq	Prbg.g_00072	Praq.g_01711
OG0000486	Prar	Prbg.g_00072	Prar.g_00296
OG0000486	Prav	Prbg.g_00072	Prav.g_01937
OG0000486	Prab	Prbg.g_00072	Prab.g_00279
OG0000486	Pran	Prbg.g_00072	Pran.g_01903
OG0000486	Prag	Prbg.g_00072	Prag.g_00282
OG0000486	Praw	Prbg.g_00072	Praw.g_00843
OG0000486	Prae	Prbg.g_00072	Prae.g_00292
OG0000486	Prbi	Prbg.g_00072	Prbi.g_00315
OG0000486	Pray	Prbg.g_00072	Pray.g_00770
OG0000486	Praz	Prbg.g_00072	Praz.g_00649
OG0000486	Prba	Prbg.g_00072	Prba.g_00508
OG0000486	Pras	Prbg.g_00072	Pras.g_01143
OG0000486	Prau	Prbg.g_00072	Prau.g_00293
OG0000486	Prbd	Prbg.g_00072	Prbd.g_00948
OG0000486	Praa	Prbg.g_00072	Praa.g_00291
OG0000486	Prax	Prbg.g_00072	Prax.g_00884
OG0000486	Prad	Prbg.g_00072	Prad.g_01700
OG0000486	Prao	Prbg.g_00072	Prao.g_00428
OG0000486	Prbm	Prbg.g_00072	Prbm.g_00348
OG0000486	Praj	Prbg.g_00072	Praj.g_00327
OG0000486	Prbb	Prbg.g_00072	Prbb.g_00343
OG0000486	Prbc	Prbg.g_00072	Prbc.g_01184
OG0000486	Prbj	Prbg.g_00072	Prbj.g_01418
OG0000486	Prbk	Prbg.g_00072	Prbk.g_00430
OG0000486	Prbl	Prbg.g_00072	Prbl.g_01440
OG0000486	Praf	Prbg.g_00072	Praf.g_02292
OG0000486	Prah	Prbg.g_00072	Prah.g_02147
OG0000486	Syag	Prbg.g_00072	Syag.g_02585
OG0000486	Syaq	Prbg.g_00072	Syaq.g_00776
OG0000486	Syak	Prbg.g_00072	Syak.g_01473
OG0000486	Syan	Prbg.g_00072	Syan.g_02011
OG0000486	Syao	Prbg.g_00072	Syao.g_02051
OG0000486	Syad	Prbg.g_00072	Syad.g_00510
OG0000486	Syaj	Prbg.g_00072	Syaj.g_02552
OG0000486	Syam	Prbg.g_00072	Syam.g_00217
OG0000486	Syaf	Prbg.g_00072	Syaf.g_00257
OG0000486	Syai	Prbg.g_00072	Syai.g_00246
OG0000486	Syae	Prbg.g_00072	Syae.g_01956
OG0000486	Syaa	Prbg.g_00072	Syaa.g_00249
OG0000486	Syac	Prbg.g_00072	Syac.g_00283
OG0000486	Syah	Prbg.g_00072	Syah.g_00099
OG0000486	Syar	Prbg.g_00072	Syar.g_00024, Syar.g_00238
OG0000486	Syas	Prbg.g_00072	Syas.g_01765
OG0000486	Syat	Prbg.g_00072	Syat.g_02074
OG0000486	Syab	Prbg.g_00072	Syab.g_00282
OG0000486	Syal	Prbg.g_00072	Syal.g_01276
OG0000486	Pral	Prbg.g_00072	Pral.g_00747
OG0000486	Prat	Prbg.g_00072	Prat.g_00299
OG0000486	Pram	Prbg.g_00072	Pram.g_00281
OG0000486	Prbh	Prbg.g_00072	Prbh.g_00486
OG0000486	Prak	Prbg.g_00072	Prak.g_00311
OG0000486	Prap	Prbg.g_00072	Prap.g_01417
OG0000486	Prbe	Prbg.g_00072	Prbe.g_01847
OG0000486	Prbf	Prbg.g_00072	Prbf.g_01633
OG0000486	Prbn	Prbg.g_00072	Prbn.g_00060
OG0000487	Prab	Prbg.g_00075	Prab.g_00283
OG0000487	Pran	Prbg.g_00075	Pran.g_01899
OG0000487	Prai	Prbg.g_00075	Prai.g_00308
OG0000487	Prag	Prbg.g_00075	Prag.g_00286
OG0000487	Praw	Prbg.g_00075	Praw.g_00839
OG0000487	Prac	Prbg.g_00075	Prac.g_01636
OG0000487	Praq	Prbg.g_00075	Praq.g_01707
OG0000487	Prar	Prbg.g_00075	Prar.g_00292
OG0000487	Prao	Prbg.g_00075	Prao.g_00432
OG0000487	Prav	Prbg.g_00075	Prav.g_01941
OG0000487	Pray	Prbg.g_00075	Pray.g_00773
OG0000487	Praz	Prbg.g_00075	Praz.g_00652
OG0000487	Prba	Prbg.g_00075	Prba.g_00511
OG0000487	Pras	Prbg.g_00075	Pras.g_01146
OG0000487	Prau	Prbg.g_00075	Prau.g_00297
OG0000487	Prax	Prbg.g_00075	Prax.g_00880
OG0000487	Praa	Prbg.g_00075	Praa.g_00295
OG0000487	Prae	Prbg.g_00075	Prae.g_00296
OG0000487	Prbi	Prbg.g_00075	Prbi.g_00319
OG0000487	Prbd	Prbg.g_00075	Prbd.g_00944
OG0000487	Prad	Prbg.g_00075	Prad.g_01696
OG0000487	Prbj	Prbg.g_00075	Prbj.g_01423
OG0000487	Prbk	Prbg.g_00075	Prbk.g_00435
OG0000487	Prbl	Prbg.g_00075	Prbl.g_01435
OG0000487	Praf	Prbg.g_00075	Praf.g_02297
OG0000487	Prah	Prbg.g_00075	Prah.g_02152
OG0000487	Syak	Prbg.g_00075	Syak.g_01479
OG0000487	Syab	Prbg.g_00075	Syab.g_00276
OG0000487	Syal	Prbg.g_00075	Syal.g_01282
OG0000487	Syag	Prbg.g_00075	Syag.g_02579
OG0000487	Syaq	Prbg.g_00075	Syaq.g_00782
OG0000487	Syan	Prbg.g_00075	Syan.g_02005
OG0000487	Syao	Prbg.g_00075	Syao.g_02044
OG0000487	Syar	Prbg.g_00075	Syar.g_00245
OG0000487	Syat	Prbg.g_00075	Syat.g_02080
OG0000487	Syap	Prbg.g_00075	Syap.g_01635
OG0000487	Syas	Prbg.g_00075	Syas.g_01771
OG0000487	Syae	Prbg.g_00075	Syae.g_01950
OG0000487	Syac	Prbg.g_00075	Syac.g_00276
OG0000487	Syah	Prbg.g_00075	Syah.g_00106
OG0000487	Syam	Prbg.g_00075	Syam.g_00211
OG0000487	Syai	Prbg.g_00075	Syai.g_00240
OG0000487	Syaf	Prbg.g_00075	Syaf.g_00263
OG0000487	Syad	Prbg.g_00075	Syad.g_00503
OG0000487	Syaj	Prbg.g_00075	Syaj.g_02546
OG0000487	Syaa	Prbg.g_00075	Syaa.g_00243
OG0000487	Prbm	Prbg.g_00075	Prbm.g_00351
OG0000487	Prbb	Prbg.g_00075	Prbb.g_00346
OG0000487	Praj	Prbg.g_00075	Praj.g_00330
OG0000487	Prbc	Prbg.g_00075	Prbc.g_01187
OG0000487	Pral	Prbg.g_00075	Pral.g_00743
OG0000487	Prat	Prbg.g_00075	Prat.g_00303
OG0000487	Pram	Prbg.g_00075	Pram.g_00284
OG0000487	Prbh	Prbg.g_00075	Prbh.g_00483
OG0000487	Prak	Prbg.g_00075	Prak.g_00314
OG0000487	Prap	Prbg.g_00075	Prap.g_01414
OG0000487	Prbe	Prbg.g_00075	Prbe.g_01850
OG0000487	Prbf	Prbg.g_00075	Prbf.g_01636
OG0000487	Prbn	Prbg.g_00075	Prbn.g_00063
OG0000488	Prab	Prbg.g_00078	Prab.g_00286
OG0000488	Pran	Prbg.g_00078	Pran.g_01896
OG0000488	Prai	Prbg.g_00078	Prai.g_00311
OG0000488	Prac	Prbg.g_00078	Prac.g_01633
OG0000488	Praq	Prbg.g_00078	Praq.g_01704
OG0000488	Prar	Prbg.g_00078	Prar.g_00289
OG0000488	Prag	Prbg.g_00078	Prag.g_00289
OG0000488	Praw	Prbg.g_00078	Praw.g_00836
OG0000488	Prav	Prbg.g_00078	Prav.g_01944
OG0000488	Prbd	Prbg.g_00078	Prbd.g_00941
OG0000488	Prax	Prbg.g_00078	Prax.g_00877
OG0000488	Praa	Prbg.g_00078	Praa.g_00298
OG0000488	Prbi	Prbg.g_00078	Prbi.g_00322
OG0000488	Pras	Prbg.g_00078	Pras.g_01149
OG0000488	Prau	Prbg.g_00078	Prau.g_00300
OG0000488	Prae	Prbg.g_00078	Prae.g_00299
OG0000488	Prad	Prbg.g_00078	Prad.g_01693
OG0000488	Prao	Prbg.g_00078	Prao.g_00435
OG0000488	Pray	Prbg.g_00078	Pray.g_00776
OG0000488	Praz	Prbg.g_00078	Praz.g_00655
OG0000488	Prba	Prbg.g_00078	Prba.g_00514
OG0000488	Prbm	Prbg.g_00078	Prbm.g_00354
OG0000488	Prbc	Prbg.g_00078	Prbc.g_01190
OG0000488	Praj	Prbg.g_00078	Praj.g_00333
OG0000488	Prbb	Prbg.g_00078	Prbb.g_00349
OG0000488	Prbj	Prbg.g_00078	Prbj.g_01427
OG0000488	Prbk	Prbg.g_00078	Prbk.g_00439
OG0000488	Prbl	Prbg.g_00078	Prbl.g_01431
OG0000488	Praf	Prbg.g_00078	Praf.g_02301
OG0000488	Prah	Prbg.g_00078	Prah.g_02156
OG0000488	Syaq	Prbg.g_00078	Syaq.g_00845
OG0000488	Syag	Prbg.g_00078	Syag.g_02575
OG0000488	Syak	Prbg.g_00078	Syak.g_01483
OG0000488	Syab	Prbg.g_00078	Syab.g_00272
OG0000488	Syal	Prbg.g_00078	Syal.g_01286
OG0000488	Syaa	Prbg.g_00078	Syaa.g_00239
OG0000488	Syaf	Prbg.g_00078	Syaf.g_00267
OG0000488	Syai	Prbg.g_00078	Syai.g_00236
OG0000488	Syam	Prbg.g_00078	Syam.g_00207
OG0000488	Syae	Prbg.g_00078	Syae.g_01946
OG0000488	Syad	Prbg.g_00078	Syad.g_00499
OG0000488	Syaj	Prbg.g_00078	Syaj.g_02542
OG0000488	Syac	Prbg.g_00078	Syac.g_00272
OG0000488	Syah	Prbg.g_00078	Syah.g_00110
OG0000488	Syan	Prbg.g_00078	Syan.g_02000
OG0000488	Syao	Prbg.g_00078	Syao.g_02040
OG0000488	Syar	Prbg.g_00078	Syar.g_00853
OG0000488	Syap	Prbg.g_00078	Syap.g_01639
OG0000488	Syat	Prbg.g_00078	Syat.g_02086
OG0000488	Syas	Prbg.g_00078	Syas.g_01779
OG0000488	Prat	Prbg.g_00078	Prat.g_00306
OG0000488	Pral	Prbg.g_00078	Pral.g_00740
OG0000488	Pram	Prbg.g_00078	Pram.g_00287
OG0000488	Prbh	Prbg.g_00078	Prbh.g_00480
OG0000488	Prak	Prbg.g_00078	Prak.g_00317
OG0000488	Prap	Prbg.g_00078	Prap.g_01411
OG0000488	Prbe	Prbg.g_00078	Prbe.g_01853
OG0000488	Prbf	Prbg.g_00078	Prbf.g_01639
OG0000488	Prbn	Prbg.g_00078	Prbn.g_00066
OG0000489	Prai	Prbg.g_00083	Prai.g_00316
OG0000489	Prae	Prbg.g_00083	Prae.g_00304
OG0000489	Prbi	Prbg.g_00083	Prbi.g_00327
OG0000489	Pray	Prbg.g_00083	Pray.g_00781
OG0000489	Praz	Prbg.g_00083	Praz.g_00660
OG0000489	Prba	Prbg.g_00083	Prba.g_00519
OG0000489	Praa	Prbg.g_00083	Praa.g_00303
OG0000489	Prao	Prbg.g_00083	Prao.g_00440
OG0000489	Prax	Prbg.g_00083	Prax.g_00872
OG0000489	Prbd	Prbg.g_00083	Prbd.g_00936
OG0000489	Prav	Prbg.g_00083	Prav.g_01949
OG0000489	Prad	Prbg.g_00083	Prad.g_01688
OG0000489	Prac	Prbg.g_00083	Prac.g_01628
OG0000489	Praq	Prbg.g_00083	Praq.g_01699
OG0000489	Prar	Prbg.g_00083	Prar.g_00284
OG0000489	Pras	Prbg.g_00083	Pras.g_01155
OG0000489	Prau	Prbg.g_00083	Prau.g_00305
OG0000489	Prab	Prbg.g_00083	Prab.g_00291
OG0000489	Pran	Prbg.g_00083	Pran.g_01891
OG0000489	Prag	Prbg.g_00083	Prag.g_00294
OG0000489	Praw	Prbg.g_00083	Praw.g_00831
OG0000489	Pral	Prbg.g_00083	Pral.g_00735
OG0000489	Prat	Prbg.g_00083	Prat.g_00311
OG0000489	Praj	Prbg.g_00083	Praj.g_00338
OG0000489	Prbb	Prbg.g_00083	Prbb.g_00354
OG0000489	Prbm	Prbg.g_00083	Prbm.g_00359
OG0000489	Prbc	Prbg.g_00083	Prbc.g_01195
OG0000489	Prbj	Prbg.g_00083	Prbj.g_01438
OG0000489	Prbk	Prbg.g_00083	Prbk.g_00450
OG0000489	Prbl	Prbg.g_00083	Prbl.g_01420
OG0000489	Praf	Prbg.g_00083	Praf.g_02315
OG0000489	Prah	Prbg.g_00083	Prah.g_02167
OG0000489	Syar	Prbg.g_00083	Syar.g_00833
OG0000489	Syag	Prbg.g_00083	Syag.g_02565
OG0000489	Syas	Prbg.g_00083	Syas.g_01823
OG0000489	Syao	Prbg.g_00083	Syao.g_02033
OG0000489	Syan	Prbg.g_00083	Syan.g_01993
OG0000489	Syap	Prbg.g_00083	Syap.g_02482
OG0000489	Syat	Prbg.g_00083	Syat.g_02097
OG0000489	Syaq	Prbg.g_00083	Syaq.g_00857
OG0000489	Syab	Prbg.g_00083	Syab.g_00256
OG0000489	Syal	Prbg.g_00083	Syal.g_01298
OG0000489	Syac	Prbg.g_00083	Syac.g_00260
OG0000489	Syah	Prbg.g_00083	Syah.g_00121
OG0000489	Syak	Prbg.g_00083	Syak.g_01499
OG0000489	Syad	Prbg.g_00083	Syad.g_00487
OG0000489	Syaj	Prbg.g_00083	Syaj.g_02529
OG0000489	Syai	Prbg.g_00083	Syai.g_00226
OG0000489	Syaf	Prbg.g_00083	Syaf.g_00274
OG0000489	Syam	Prbg.g_00083	Syam.g_00197
OG0000489	Syaa	Prbg.g_00083	Syaa.g_00228
OG0000489	Syae	Prbg.g_00083	Syae.g_01936
OG0000489	Pram	Prbg.g_00083	Pram.g_00292
OG0000489	Prbh	Prbg.g_00083	Prbh.g_00475
OG0000489	Prak	Prbg.g_00083	Prak.g_00322
OG0000489	Prap	Prbg.g_00083	Prap.g_01406
OG0000489	Prbe	Prbg.g_00083	Prbe.g_01858
OG0000489	Prbf	Prbg.g_00083	Prbf.g_01644
OG0000489	Prbn	Prbg.g_00083	Prbn.g_00071
OG0000490	Prai	Prbg.g_00087	Prai.g_00321
OG0000490	Prax	Prbg.g_00087	Prax.g_00867
OG0000490	Pras	Prbg.g_00087	Pras.g_01160
OG0000490	Prau	Prbg.g_00087	Prau.g_00310
OG0000490	Prag	Prbg.g_00087	Prag.g_00299
OG0000490	Praw	Prbg.g_00087	Praw.g_00826
OG0000490	Prac	Prbg.g_00087	Prac.g_01623
OG0000490	Praq	Prbg.g_00087	Praq.g_01694
OG0000490	Prar	Prbg.g_00087	Prar.g_00279
OG0000490	Pray	Prbg.g_00087	Pray.g_00786
OG0000490	Praz	Prbg.g_00087	Praz.g_00665
OG0000490	Prba	Prbg.g_00087	Prba.g_00524
OG0000490	Prbd	Prbg.g_00087	Prbd.g_00931
OG0000490	Prad	Prbg.g_00087	Prad.g_01683
OG0000490	Praa	Prbg.g_00087	Praa.g_00308
OG0000490	Prav	Prbg.g_00087	Prav.g_01954
OG0000490	Prab	Prbg.g_00087	Prab.g_00296
OG0000490	Pran	Prbg.g_00087	Pran.g_01886
OG0000490	Prbi	Prbg.g_00087	Prbi.g_00332
OG0000490	Prao	Prbg.g_00087	Prao.g_00444
OG0000490	Prae	Prbg.g_00087	Prae.g_00309
OG0000490	Praj	Prbg.g_00087	Praj.g_00343
OG0000490	Prbm	Prbg.g_00087	Prbm.g_00364
OG0000490	Prbb	Prbg.g_00087	Prbb.g_00359
OG0000490	Prbc	Prbg.g_00087	Prbc.g_01200
OG0000490	Praf	Prbg.g_00087	Praf.g_02321
OG0000490	Prah	Prbg.g_00087	Prah.g_02172
OG0000490	Prbj	Prbg.g_00087	Prbj.g_01444
OG0000490	Prbk	Prbg.g_00087	Prbk.g_00456
OG0000490	Prbl	Prbg.g_00087	Prbl.g_01414
OG0000490	Syan	Prbg.g_00087	Syan.g_01985
OG0000490	Syao	Prbg.g_00087	Syao.g_02025
OG0000490	Syap	Prbg.g_00087	Syap.g_01673
OG0000490	Syas	Prbg.g_00087	Syas.g_01808
OG0000490	Syat	Prbg.g_00087	Syat.g_02106
OG0000490	Syar	Prbg.g_00087	Syar.g_00823
OG0000490	Syad	Prbg.g_00087	Syad.g_00475
OG0000490	Syaj	Prbg.g_00087	Syaj.g_02519
OG0000490	Syaq	Prbg.g_00087	Syaq.g_00864
OG0000490	Syab	Prbg.g_00087	Syab.g_00247
OG0000490	Syal	Prbg.g_00087	Syal.g_01307
OG0000490	Syak	Prbg.g_00087	Syak.g_01507
OG0000490	Syag	Prbg.g_00087	Syag.g_02553
OG0000490	Syaf	Prbg.g_00087	Syaf.g_00284
OG0000490	Syac	Prbg.g_00087	Syac.g_00249
OG0000490	Syah	Prbg.g_00087	Syah.g_00129
OG0000490	Syam	Prbg.g_00087	Syam.g_00189
OG0000490	Syai	Prbg.g_00087	Syai.g_00218
OG0000490	Syaa	Prbg.g_00087	Syaa.g_00220
OG0000490	Syae	Prbg.g_00087	Syae.g_01928
OG0000490	Pral	Prbg.g_00087	Pral.g_00731
OG0000490	Prat	Prbg.g_00087	Prat.g_00315
OG0000490	Pram	Prbg.g_00087	Pram.g_00296
OG0000490	Prbh	Prbg.g_00087	Prbh.g_00471
OG0000490	Prak	Prbg.g_00087	Prak.g_00326
OG0000490	Prap	Prbg.g_00087	Prap.g_01402
OG0000490	Prbe	Prbg.g_00087	Prbe.g_01862
OG0000490	Prbf	Prbg.g_00087	Prbf.g_01648
OG0000490	Prbn	Prbg.g_00087	Prbn.g_00075
OG0000491	Prai	Prbg.g_00088	Prai.g_00322
OG0000491	Prac	Prbg.g_00088	Prac.g_01622
OG0000491	Praq	Prbg.g_00088	Praq.g_01693
OG0000491	Prar	Prbg.g_00088	Prar.g_00278
OG0000491	Prag	Prbg.g_00088	Prag.g_00300
OG0000491	Praw	Prbg.g_00088	Praw.g_00825
OG0000491	Pras	Prbg.g_00088	Pras.g_01161
OG0000491	Prau	Prbg.g_00088	Prau.g_00311
OG0000491	Prab	Prbg.g_00088	Prab.g_00297
OG0000491	Pran	Prbg.g_00088	Pran.g_01885
OG0000491	Prbd	Prbg.g_00088	Prbd.g_00930
OG0000491	Prav	Prbg.g_00088	Prav.g_01955
OG0000491	Pray	Prbg.g_00088	Pray.g_00787
OG0000491	Praz	Prbg.g_00088	Praz.g_00666
OG0000491	Prba	Prbg.g_00088	Prba.g_00525
OG0000491	Prbi	Prbg.g_00088	Prbi.g_00333
OG0000491	Prax	Prbg.g_00088	Prax.g_00866
OG0000491	Praa	Prbg.g_00088	Praa.g_00309
OG0000491	Prae	Prbg.g_00088	Prae.g_00310
OG0000491	Prao	Prbg.g_00088	Prao.g_00445
OG0000491	Prad	Prbg.g_00088	Prad.g_01682
OG0000491	Praj	Prbg.g_00088	Praj.g_00344
OG0000491	Prbm	Prbg.g_00088	Prbm.g_00365
OG0000491	Prbb	Prbg.g_00088	Prbb.g_00360
OG0000491	Prbc	Prbg.g_00088	Prbc.g_01201
OG0000491	Pral	Prbg.g_00088	Pral.g_00730
OG0000491	Prat	Prbg.g_00088	Prat.g_00316
OG0000491	Praf	Prbg.g_00088	Praf.g_02322
OG0000491	Prah	Prbg.g_00088	Prah.g_02173
OG0000491	Prbj	Prbg.g_00088	Prbj.g_01445
OG0000491	Prbk	Prbg.g_00088	Prbk.g_00457
OG0000491	Prbl	Prbg.g_00088	Prbl.g_01413
OG0000491	Syac	Prbg.g_00088	Syac.g_00248
OG0000491	Syah	Prbg.g_00088	Syah.g_00130
OG0000491	Syag	Prbg.g_00088	Syag.g_02551
OG0000491	Syab	Prbg.g_00088	Syab.g_00245
OG0000491	Syal	Prbg.g_00088	Syal.g_01308
OG0000491	Syak	Prbg.g_00088	Syak.g_01511
OG0000491	Syaa	Prbg.g_00088	Syaa.g_00218
OG0000491	Syaq	Prbg.g_00088	Syaq.g_00865
OG0000491	Syam	Prbg.g_00088	Syam.g_00187
OG0000491	Syae	Prbg.g_00088	Syae.g_01927
OG0000491	Syad	Prbg.g_00088	Syad.g_00474
OG0000491	Syaj	Prbg.g_00088	Syaj.g_02517
OG0000491	Syaf	Prbg.g_00088	Syaf.g_00285
OG0000491	Syai	Prbg.g_00088	Syai.g_00217
OG0000491	Syao	Prbg.g_00088	Syao.g_02024
OG0000491	Syan	Prbg.g_00088	Syan.g_01983
OG0000491	Syap	Prbg.g_00088	Syap.g_01670
OG0000491	Syas	Prbg.g_00088	Syas.g_01806
OG0000491	Syar	Prbg.g_00088	Syar.g_00822
OG0000491	Syat	Prbg.g_00088	Syat.g_02107
OG0000491	Pram	Prbg.g_00088	Pram.g_00297
OG0000491	Prbh	Prbg.g_00088	Prbh.g_00470
OG0000491	Prak	Prbg.g_00088	Prak.g_00327
OG0000491	Prap	Prbg.g_00088	Prap.g_01401
OG0000491	Prbe	Prbg.g_00088	Prbe.g_01863
OG0000491	Prbf	Prbg.g_00088	Prbf.g_01649
OG0000491	Prbn	Prbg.g_00088	Prbn.g_00076
OG0000492	Prao	Prbg.g_00090	Prao.g_00447
OG0000492	Prab	Prbg.g_00090	Prab.g_00299
OG0000492	Pran	Prbg.g_00090	Pran.g_01883
OG0000492	Prai	Prbg.g_00090	Prai.g_00324
OG0000492	Prag	Prbg.g_00090	Prag.g_00302
OG0000492	Praw	Prbg.g_00090	Praw.g_00823
OG0000492	Prac	Prbg.g_00090	Prac.g_01620
OG0000492	Praq	Prbg.g_00090	Praq.g_01691
OG0000492	Prar	Prbg.g_00090	Prar.g_00276
OG0000492	Prav	Prbg.g_00090	Prav.g_01957
OG0000492	Prad	Prbg.g_00090	Prad.g_01680
OG0000492	Pray	Prbg.g_00090	Pray.g_00789
OG0000492	Praz	Prbg.g_00090	Praz.g_00668
OG0000492	Prba	Prbg.g_00090	Prba.g_00527
OG0000492	Pras	Prbg.g_00090	Pras.g_01163
OG0000492	Prau	Prbg.g_00090	Prau.g_00313
OG0000492	Prax	Prbg.g_00090	Prax.g_00864
OG0000492	Praa	Prbg.g_00090	Praa.g_00311
OG0000492	Prbi	Prbg.g_00090	Prbi.g_00335
OG0000492	Prae	Prbg.g_00090	Prae.g_00312
OG0000492	Prbd	Prbg.g_00090	Prbd.g_00928
OG0000492	Prbc	Prbg.g_00090	Prbc.g_01203
OG0000492	Prbb	Prbg.g_00090	Prbb.g_00362
OG0000492	Praj	Prbg.g_00090	Praj.g_00346
OG0000492	Prbm	Prbg.g_00090	Prbm.g_00367
OG0000492	Prbj	Prbg.g_00090	Prbj.g_01448
OG0000492	Prbk	Prbg.g_00090	Prbk.g_00460
OG0000492	Prbl	Prbg.g_00090	Prbl.g_00909
OG0000492	Praf	Prbg.g_00090	Praf.g_02324
OG0000492	Prah	Prbg.g_00090	Prah.g_02175
OG0000492	Syak	Prbg.g_00090	Syak.g_01513
OG0000492	Syab	Prbg.g_00090	Syab.g_00243
OG0000492	Syal	Prbg.g_00090	Syal.g_01310
OG0000492	Syag	Prbg.g_00090	Syag.g_02549
OG0000492	Syaq	Prbg.g_00090	Syaq.g_00869
OG0000492	Syad	Prbg.g_00090	Syad.g_00472
OG0000492	Syaj	Prbg.g_00090	Syaj.g_02515
OG0000492	Syaa	Prbg.g_00090	Syaa.g_00214
OG0000492	Syac	Prbg.g_00090	Syac.g_00246
OG0000492	Syah	Prbg.g_00090	Syah.g_00132
OG0000492	Syaf	Prbg.g_00090	Syaf.g_00288
OG0000492	Syam	Prbg.g_00090	Syam.g_00185
OG0000492	Syai	Prbg.g_00090	Syai.g_00214
OG0000492	Syae	Prbg.g_00090	Syae.g_01925
OG0000492	Syan	Prbg.g_00090	Syan.g_01980
OG0000492	Syao	Prbg.g_00090	Syao.g_02022
OG0000492	Syap	Prbg.g_00090	Syap.g_01668
OG0000492	Syas	Prbg.g_00090	Syas.g_01803
OG0000492	Syat	Prbg.g_00090	Syat.g_02110
OG0000492	Syar	Prbg.g_00090	Syar.g_00727
OG0000492	Pral	Prbg.g_00090	Pral.g_00728
OG0000492	Prat	Prbg.g_00090	Prat.g_00318
OG0000492	Pram	Prbg.g_00090	Pram.g_00299
OG0000492	Prbh	Prbg.g_00090	Prbh.g_00468
OG0000492	Prak	Prbg.g_00090	Prak.g_00329
OG0000492	Prap	Prbg.g_00090	Prap.g_01399
OG0000492	Prbe	Prbg.g_00090	Prbe.g_01865
OG0000492	Prbf	Prbg.g_00090	Prbf.g_01651
OG0000492	Prbn	Prbg.g_00090	Prbn.g_00078
OG0000493	Prai	Prbg.g_00091	Prai.g_00325
OG0000493	Prab	Prbg.g_00091	Prab.g_00300
OG0000493	Pran	Prbg.g_00091	Pran.g_01882
OG0000493	Pray	Prbg.g_00091	Pray.g_00790
OG0000493	Praz	Prbg.g_00091	Praz.g_00669
OG0000493	Prba	Prbg.g_00091	Prba.g_00528
OG0000493	Prad	Prbg.g_00091	Prad.g_01679
OG0000493	Prbd	Prbg.g_00091	Prbd.g_00927
OG0000493	Prbi	Prbg.g_00091	Prbi.g_00336
OG0000493	Praa	Prbg.g_00091	Praa.g_00312
OG0000493	Prae	Prbg.g_00091	Prae.g_00313
OG0000493	Prav	Prbg.g_00091	Prav.g_01958
OG0000493	Prac	Prbg.g_00091	Prac.g_01619
OG0000493	Praq	Prbg.g_00091	Praq.g_01690
OG0000493	Prar	Prbg.g_00091	Prar.g_00275
OG0000493	Prag	Prbg.g_00091	Prag.g_00303
OG0000493	Praw	Prbg.g_00091	Praw.g_00822
OG0000493	Prao	Prbg.g_00091	Prao.g_00448
OG0000493	Pras	Prbg.g_00091	Pras.g_01164
OG0000493	Prau	Prbg.g_00091	Prau.g_00314
OG0000493	Prax	Prbg.g_00091	Prax.g_00863
OG0000493	Prbm	Prbg.g_00091	Prbm.g_00368
OG0000493	Praj	Prbg.g_00091	Praj.g_00347
OG0000493	Prbc	Prbg.g_00091	Prbc.g_01204
OG0000493	Prbb	Prbg.g_00091	Prbb.g_00363
OG0000493	Pral	Prbg.g_00091	Pral.g_00727
OG0000493	Prat	Prbg.g_00091	Prat.g_00319
OG0000493	Syaa	Prbg.g_00091	Syaa.g_00213
OG0000493	Syad	Prbg.g_00091	Syad.g_00471
OG0000493	Syaj	Prbg.g_00091	Syaj.g_02514
OG0000493	Syac	Prbg.g_00091	Syac.g_00245
OG0000493	Syah	Prbg.g_00091	Syah.g_00133
OG0000493	Syaf	Prbg.g_00091	Syaf.g_00289
OG0000493	Syam	Prbg.g_00091	Syam.g_00184
OG0000493	Syai	Prbg.g_00091	Syai.g_00213
OG0000493	Syae	Prbg.g_00091	Syae.g_01924
OG0000493	Syag	Prbg.g_00091	Syag.g_02548
OG0000493	Syak	Prbg.g_00091	Syak.g_01514
OG0000493	Syab	Prbg.g_00091	Syab.g_00242
OG0000493	Syal	Prbg.g_00091	Syal.g_01311
OG0000493	Syaq	Prbg.g_00091	Syaq.g_00870
OG0000493	Prbj	Prbg.g_00091	Prbj.g_01449
OG0000493	Prbk	Prbg.g_00091	Prbk.g_00461
OG0000493	Prbl	Prbg.g_00091	Prbl.g_00908
OG0000493	Praf	Prbg.g_00091	Praf.g_02325
OG0000493	Prah	Prbg.g_00091	Prah.g_02176
OG0000493	Syar	Prbg.g_00091	Syar.g_00726
OG0000493	Syan	Prbg.g_00091	Syan.g_01979
OG0000493	Syao	Prbg.g_00091	Syao.g_02021
OG0000493	Syat	Prbg.g_00091	Syat.g_02111
OG0000493	Syap	Prbg.g_00091	Syap.g_01667
OG0000493	Syas	Prbg.g_00091	Syas.g_01802
OG0000493	Pram	Prbg.g_00091	Pram.g_00300
OG0000493	Prbh	Prbg.g_00091	Prbh.g_00467
OG0000493	Prak	Prbg.g_00091	Prak.g_00330
OG0000493	Prap	Prbg.g_00091	Prap.g_01398
OG0000493	Prbe	Prbg.g_00091	Prbe.g_01866
OG0000493	Prbf	Prbg.g_00091	Prbf.g_01652
OG0000493	Prbn	Prbg.g_00091	Prbn.g_00079
OG0000494	Prab	Prbg.g_00092	Prab.g_00301
OG0000494	Pran	Prbg.g_00092	Pran.g_01881
OG0000494	Prai	Prbg.g_00092	Prai.g_00326
OG0000494	Prbd	Prbg.g_00092	Prbd.g_00926
OG0000494	Prag	Prbg.g_00092	Prag.g_00304
OG0000494	Praw	Prbg.g_00092	Praw.g_00821
OG0000494	Prav	Prbg.g_00092	Prav.g_01959
OG0000494	Prac	Prbg.g_00092	Prac.g_01618
OG0000494	Praq	Prbg.g_00092	Praq.g_01689
OG0000494	Prar	Prbg.g_00092	Prar.g_00274
OG0000494	Prad	Prbg.g_00092	Prad.g_01678
OG0000494	Pray	Prbg.g_00092	Pray.g_00791
OG0000494	Praz	Prbg.g_00092	Praz.g_00670
OG0000494	Prba	Prbg.g_00092	Prba.g_00529
OG0000494	Prae	Prbg.g_00092	Prae.g_00314
OG0000494	Prax	Prbg.g_00092	Prax.g_00862
OG0000494	Pras	Prbg.g_00092	Pras.g_01165
OG0000494	Prau	Prbg.g_00092	Prau.g_00315
OG0000494	Prbi	Prbg.g_00092	Prbi.g_00337
OG0000494	Praa	Prbg.g_00092	Praa.g_00313
OG0000494	Prao	Prbg.g_00092	Prao.g_00449
OG0000494	Pral	Prbg.g_00092	Pral.g_00726
OG0000494	Prat	Prbg.g_00092	Prat.g_00320
OG0000494	Praj	Prbg.g_00092	Praj.g_00348
OG0000494	Prbb	Prbg.g_00092	Prbb.g_00364
OG0000494	Prbc	Prbg.g_00092	Prbc.g_01205
OG0000494	Prbm	Prbg.g_00092	Prbm.g_00369
OG0000494	Prbj	Prbg.g_00092	Prbj.g_01450
OG0000494	Prbk	Prbg.g_00092	Prbk.g_00462
OG0000494	Prbl	Prbg.g_00092	Prbl.g_00907
OG0000494	Praf	Prbg.g_00092	Praf.g_02326
OG0000494	Prah	Prbg.g_00092	Prah.g_02177
OG0000494	Syak	Prbg.g_00092	Syak.g_01515
OG0000494	Syab	Prbg.g_00092	Syab.g_00241
OG0000494	Syal	Prbg.g_00092	Syal.g_01312
OG0000494	Syaq	Prbg.g_00092	Syaq.g_00871
OG0000494	Syag	Prbg.g_00092	Syag.g_02547
OG0000494	Syar	Prbg.g_00092	Syar.g_00725
OG0000494	Syat	Prbg.g_00092	Syat.g_02112
OG0000494	Syap	Prbg.g_00092	Syap.g_01666
OG0000494	Syas	Prbg.g_00092	Syas.g_01801
OG0000494	Syan	Prbg.g_00092	Syan.g_01978
OG0000494	Syao	Prbg.g_00092	Syao.g_02020
OG0000494	Syad	Prbg.g_00092	Syad.g_00470
OG0000494	Syaj	Prbg.g_00092	Syaj.g_02513
OG0000494	Syae	Prbg.g_00092	Syae.g_01923
OG0000494	Syaa	Prbg.g_00092	Syaa.g_00212
OG0000494	Syac	Prbg.g_00092	Syac.g_00244
OG0000494	Syah	Prbg.g_00092	Syah.g_00134
OG0000494	Syaf	Prbg.g_00092	Syaf.g_00290
OG0000494	Syai	Prbg.g_00092	Syai.g_00212
OG0000494	Syam	Prbg.g_00092	Syam.g_00183
OG0000494	Pram	Prbg.g_00092	Pram.g_00301
OG0000494	Prbh	Prbg.g_00092	Prbh.g_00466
OG0000494	Prak	Prbg.g_00092	Prak.g_00331
OG0000494	Prap	Prbg.g_00092	Prap.g_01397
OG0000494	Prbe	Prbg.g_00092	Prbe.g_01867
OG0000494	Prbf	Prbg.g_00092	Prbf.g_01653
OG0000494	Prbn	Prbg.g_00092	Prbn.g_00080
OG0000495	Prab	Prbg.g_00093	Prab.g_00302
OG0000495	Pran	Prbg.g_00093	Pran.g_01880
OG0000495	Prai	Prbg.g_00093	Prai.g_00327
OG0000495	Prac	Prbg.g_00093	Prac.g_01617
OG0000495	Praq	Prbg.g_00093	Praq.g_01688
OG0000495	Prar	Prbg.g_00093	Prar.g_00273
OG0000495	Prav	Prbg.g_00093	Prav.g_01960
OG0000495	Prag	Prbg.g_00093	Prag.g_00305
OG0000495	Praw	Prbg.g_00093	Praw.g_00820
OG0000495	Pray	Prbg.g_00093	Pray.g_00792
OG0000495	Praz	Prbg.g_00093	Praz.g_00671
OG0000495	Prba	Prbg.g_00093	Prba.g_00530
OG0000495	Prae	Prbg.g_00093	Prae.g_00315
OG0000495	Pras	Prbg.g_00093	Pras.g_01166
OG0000495	Prau	Prbg.g_00093	Prau.g_00316
OG0000495	Prao	Prbg.g_00093	Prao.g_00450
OG0000495	Praa	Prbg.g_00093	Praa.g_00314
OG0000495	Prax	Prbg.g_00093	Prax.g_00861
OG0000495	Prbd	Prbg.g_00093	Prbd.g_00925
OG0000495	Prad	Prbg.g_00093	Prad.g_01677
OG0000495	Prbi	Prbg.g_00093	Prbi.g_00338
OG0000495	Pram	Prbg.g_00093	Pram.g_00302
OG0000495	Prbh	Prbg.g_00093	Prbh.g_00465
OG0000495	Pral	Prbg.g_00093	Pral.g_00725
OG0000495	Prbj	Prbg.g_00093	Prbj.g_01451
OG0000495	Prbk	Prbg.g_00093	Prbk.g_00463
OG0000495	Prbl	Prbg.g_00093	Prbl.g_00906
OG0000495	Praf	Prbg.g_00093	Praf.g_02327
OG0000495	Prah	Prbg.g_00093	Prah.g_02178
OG0000495	Syag	Prbg.g_00093	Syag.g_02546
OG0000495	Syaq	Prbg.g_00093	Syaq.g_00872
OG0000495	Syak	Prbg.g_00093	Syak.g_01516
OG0000495	Syab	Prbg.g_00093	Syab.g_00240
OG0000495	Syal	Prbg.g_00093	Syal.g_01313
OG0000495	Syaa	Prbg.g_00093	Syaa.g_00211
OG0000495	Syac	Prbg.g_00093	Syac.g_00243
OG0000495	Syah	Prbg.g_00093	Syah.g_00135
OG0000495	Syae	Prbg.g_00093	Syae.g_01922
OG0000495	Syad	Prbg.g_00093	Syad.g_00469
OG0000495	Syaj	Prbg.g_00093	Syaj.g_02512
OG0000495	Syaf	Prbg.g_00093	Syaf.g_00291
OG0000495	Syai	Prbg.g_00093	Syai.g_00211
OG0000495	Syam	Prbg.g_00093	Syam.g_00182
OG0000495	Syat	Prbg.g_00093	Syat.g_02120
OG0000495	Syap	Prbg.g_00093	Syap.g_01665
OG0000495	Syan	Prbg.g_00093	Syan.g_01977
OG0000495	Syao	Prbg.g_00093	Syao.g_02018
OG0000495	Syas	Prbg.g_00093	Syas.g_01799
OG0000495	Syar	Prbg.g_00093	Syar.g_00724
OG0000495	Prbb	Prbg.g_00093	Prbb.g_00365
OG0000495	Prbc	Prbg.g_00093	Prbc.g_01206
OG0000495	Prbm	Prbg.g_00093	Prbm.g_00370
OG0000495	Praj	Prbg.g_00093	Praj.g_00349
OG0000495	Prat	Prbg.g_00093	Prat.g_00321
OG0000495	Prak	Prbg.g_00093	Prak.g_00332
OG0000495	Prap	Prbg.g_00093	Prap.g_01396
OG0000495	Prbe	Prbg.g_00093	Prbe.g_01868
OG0000495	Prbf	Prbg.g_00093	Prbf.g_01654
OG0000495	Prbn	Prbg.g_00093	Prbn.g_00081
OG0000496	Prag	Prbg.g_00094	Prag.g_00306
OG0000496	Praw	Prbg.g_00094	Praw.g_00819
OG0000496	Prao	Prbg.g_00094	Prao.g_00451
OG0000496	Prad	Prbg.g_00094	Prad.g_01676
OG0000496	Pray	Prbg.g_00094	Pray.g_00793
OG0000496	Praz	Prbg.g_00094	Praz.g_00672
OG0000496	Prba	Prbg.g_00094	Prba.g_00531
OG0000496	Praa	Prbg.g_00094	Praa.g_00315
OG0000496	Prax	Prbg.g_00094	Prax.g_00860
OG0000496	Prbd	Prbg.g_00094	Prbd.g_00924
OG0000496	Prbi	Prbg.g_00094	Prbi.g_00339
OG0000496	Prae	Prbg.g_00094	Prae.g_00316
OG0000496	Prav	Prbg.g_00094	Prav.g_01961
OG0000496	Prac	Prbg.g_00094	Prac.g_01616
OG0000496	Praq	Prbg.g_00094	Praq.g_01687
OG0000496	Prar	Prbg.g_00094	Prar.g_00272
OG0000496	Prau	Prbg.g_00094	Prau.g_00317
OG0000496	Pras	Prbg.g_00094	Pras.g_01167
OG0000496	Prab	Prbg.g_00094	Prab.g_00303
OG0000496	Pran	Prbg.g_00094	Pran.g_01879
OG0000496	Prai	Prbg.g_00094	Prai.g_00328
OG0000496	Praj	Prbg.g_00094	Praj.g_00350
OG0000496	Prbm	Prbg.g_00094	Prbm.g_00371
OG0000496	Prbb	Prbg.g_00094	Prbb.g_00366
OG0000496	Prbc	Prbg.g_00094	Prbc.g_01207
OG0000496	Pral	Prbg.g_00094	Pral.g_00724
OG0000496	Prat	Prbg.g_00094	Prat.g_00322
OG0000496	Prbj	Prbg.g_00094	Prbj.g_01452
OG0000496	Prbk	Prbg.g_00094	Prbk.g_00464
OG0000496	Prbl	Prbg.g_00094	Prbl.g_00905
OG0000496	Prah	Prbg.g_00094	Prah.g_02179
OG0000496	Praf	Prbg.g_00094	Praf.g_02328
OG0000496	Syag	Prbg.g_00094	Syag.g_02545
OG0000496	Syak	Prbg.g_00094	Syak.g_01517
OG0000496	Syab	Prbg.g_00094	Syab.g_00239
OG0000496	Syal	Prbg.g_00094	Syal.g_01314
OG0000496	Syaq	Prbg.g_00094	Syaq.g_00873
OG0000496	Syad	Prbg.g_00094	Syad.g_00468
OG0000496	Syaj	Prbg.g_00094	Syaj.g_02511
OG0000496	Syae	Prbg.g_00094	Syae.g_01921
OG0000496	Syac	Prbg.g_00094	Syac.g_00242
OG0000496	Syah	Prbg.g_00094	Syah.g_00136
OG0000496	Syaa	Prbg.g_00094	Syaa.g_00210
OG0000496	Syaf	Prbg.g_00094	Syaf.g_00292
OG0000496	Syai	Prbg.g_00094	Syai.g_00210
OG0000496	Syam	Prbg.g_00094	Syam.g_00181
OG0000496	Syar	Prbg.g_00094	Syar.g_00723
OG0000496	Syan	Prbg.g_00094	Syan.g_01976
OG0000496	Syao	Prbg.g_00094	Syao.g_02017
OG0000496	Syat	Prbg.g_00094	Syat.g_02121
OG0000496	Syap	Prbg.g_00094	Syap.g_01663
OG0000496	Syas	Prbg.g_00094	Syas.g_01798
OG0000496	Pram	Prbg.g_00094	Pram.g_00303
OG0000496	Prbh	Prbg.g_00094	Prbh.g_00464
OG0000496	Prak	Prbg.g_00094	Prak.g_00333
OG0000496	Prap	Prbg.g_00094	Prap.g_01395
OG0000496	Prbe	Prbg.g_00094	Prbe.g_01869
OG0000496	Prbf	Prbg.g_00094	Prbf.g_01655
OG0000496	Prbn	Prbg.g_00094	Prbn.g_00082
OG0000497	Prab	Prbg.g_00095	Prab.g_00304
OG0000497	Pran	Prbg.g_00095	Pran.g_01878
OG0000497	Prai	Prbg.g_00095	Prai.g_00329
OG0000497	Prac	Prbg.g_00095	Prac.g_01615
OG0000497	Praq	Prbg.g_00095	Praq.g_01686
OG0000497	Prar	Prbg.g_00095	Prar.g_00271
OG0000497	Prae	Prbg.g_00095	Prae.g_00317
OG0000497	Prao	Prbg.g_00095	Prao.g_00452
OG0000497	Pras	Prbg.g_00095	Pras.g_01168
OG0000497	Prau	Prbg.g_00095	Prau.g_00318
OG0000497	Praa	Prbg.g_00095	Praa.g_00316
OG0000497	Prad	Prbg.g_00095	Prad.g_01675
OG0000497	Prax	Prbg.g_00095	Prax.g_00859
OG0000497	Pray	Prbg.g_00095	Pray.g_00794
OG0000497	Praz	Prbg.g_00095	Praz.g_00673
OG0000497	Prba	Prbg.g_00095	Prba.g_00532
OG0000497	Prag	Prbg.g_00095	Prag.g_00307
OG0000497	Prav	Prbg.g_00095	Prav.g_01962
OG0000497	Praw	Prbg.g_00095	Praw.g_00818
OG0000497	Prbd	Prbg.g_00095	Prbd.g_00923
OG0000497	Prbi	Prbg.g_00095	Prbi.g_00340
OG0000497	Syar	Prbg.g_00095	Syar.g_00722
OG0000497	Syan	Prbg.g_00095	Syan.g_01975
OG0000497	Syao	Prbg.g_00095	Syao.g_02016
OG0000497	Syab	Prbg.g_00095	Syab.g_00238
OG0000497	Syal	Prbg.g_00095	Syal.g_01315
OG0000497	Syak	Prbg.g_00095	Syak.g_01518
OG0000497	Syag	Prbg.g_00095	Syag.g_02544
OG0000497	Syaq	Prbg.g_00095	Syaq.g_00874
OG0000497	Prbj	Prbg.g_00095	Prbj.g_01453
OG0000497	Prbk	Prbg.g_00095	Prbk.g_00465
OG0000497	Prbl	Prbg.g_00095	Prbl.g_00904
OG0000497	Praf	Prbg.g_00095	Praf.g_02329
OG0000497	Prah	Prbg.g_00095	Prah.g_02180
OG0000497	Syah	Prbg.g_00095	Syah.g_00137
OG0000497	Syac	Prbg.g_00095	Syac.g_00241
OG0000497	Syai	Prbg.g_00095	Syai.g_00209
OG0000497	Syaf	Prbg.g_00095	Syaf.g_00293
OG0000497	Syam	Prbg.g_00095	Syam.g_00180
OG0000497	Syaj	Prbg.g_00095	Syaj.g_02510
OG0000497	Syaa	Prbg.g_00095	Syaa.g_00209
OG0000497	Syad	Prbg.g_00095	Syad.g_00467
OG0000497	Syae	Prbg.g_00095	Syae.g_01920
OG0000497	Syas	Prbg.g_00095	Syas.g_01797
OG0000497	Syap	Prbg.g_00095	Syap.g_01662
OG0000497	Syat	Prbg.g_00095	Syat.g_02122
OG0000497	Praj	Prbg.g_00095	Praj.g_00351
OG0000497	Prbb	Prbg.g_00095	Prbb.g_00367
OG0000497	Prbm	Prbg.g_00095	Prbm.g_00372
OG0000497	Prbc	Prbg.g_00095	Prbc.g_01208
OG0000497	Pral	Prbg.g_00095	Pral.g_00723
OG0000497	Prat	Prbg.g_00095	Prat.g_00323
OG0000497	Pram	Prbg.g_00095	Pram.g_00304
OG0000497	Prbh	Prbg.g_00095	Prbh.g_00463
OG0000497	Prak	Prbg.g_00095	Prak.g_00334
OG0000497	Prap	Prbg.g_00095	Prap.g_01394
OG0000497	Prbe	Prbg.g_00095	Prbe.g_01870
OG0000497	Prbf	Prbg.g_00095	Prbf.g_01656
OG0000497	Prbn	Prbg.g_00095	Prbn.g_00083
OG0000498	Prab	Prbg.g_00096	Prab.g_00305
OG0000498	Pran	Prbg.g_00096	Pran.g_01877
OG0000498	Prai	Prbg.g_00096	Prai.g_00330
OG0000498	Pras	Prbg.g_00096	Pras.g_01169
OG0000498	Prau	Prbg.g_00096	Prau.g_00319
OG0000498	Prax	Prbg.g_00096	Prax.g_00858
OG0000498	Prbd	Prbg.g_00096	Prbd.g_00922
OG0000498	Praa	Prbg.g_00096	Praa.g_00317
OG0000498	Pray	Prbg.g_00096	Pray.g_00795
OG0000498	Praz	Prbg.g_00096	Praz.g_00674
OG0000498	Prba	Prbg.g_00096	Prba.g_00533
OG0000498	Prbi	Prbg.g_00096	Prbi.g_00341
OG0000498	Prao	Prbg.g_00096	Prao.g_00453
OG0000498	Prae	Prbg.g_00096	Prae.g_00318
OG0000498	Prad	Prbg.g_00096	Prad.g_01674
OG0000498	Prac	Prbg.g_00096	Prac.g_01614
OG0000498	Praq	Prbg.g_00096	Praq.g_01685
OG0000498	Prar	Prbg.g_00096	Prar.g_00270
OG0000498	Prag	Prbg.g_00096	Prag.g_00308
OG0000498	Praw	Prbg.g_00096	Praw.g_00817
OG0000498	Prav	Prbg.g_00096	Prav.g_01963
OG0000498	Prbm	Prbg.g_00096	Prbm.g_00373
OG0000498	Prbb	Prbg.g_00096	Prbb.g_00368
OG0000498	Praj	Prbg.g_00096	Praj.g_00352
OG0000498	Prbc	Prbg.g_00096	Prbc.g_01209
OG0000498	Syar	Prbg.g_00096	Syar.g_00721
OG0000498	Syat	Prbg.g_00096	Syat.g_02123
OG0000498	Syap	Prbg.g_00096	Syap.g_01661
OG0000498	Syas	Prbg.g_00096	Syas.g_01796
OG0000498	Syan	Prbg.g_00096	Syan.g_01974
OG0000498	Syao	Prbg.g_00096	Syao.g_02015
OG0000498	Prbj	Prbg.g_00096	Prbj.g_01454
OG0000498	Prbk	Prbg.g_00096	Prbk.g_00466
OG0000498	Prbl	Prbg.g_00096	Prbl.g_00903
OG0000498	Praf	Prbg.g_00096	Praf.g_02330
OG0000498	Prah	Prbg.g_00096	Prah.g_02181
OG0000498	Syak	Prbg.g_00096	Syak.g_01519
OG0000498	Syab	Prbg.g_00096	Syab.g_00237
OG0000498	Syal	Prbg.g_00096	Syal.g_01316
OG0000498	Syaj	Prbg.g_00096	Syaj.g_02509
OG0000498	Syad	Prbg.g_00096	Syad.g_00466
OG0000498	Syaa	Prbg.g_00096	Syaa.g_00208
OG0000498	Syai	Prbg.g_00096	Syai.g_00208
OG0000498	Syaf	Prbg.g_00096	Syaf.g_00294
OG0000498	Syam	Prbg.g_00096	Syam.g_00179
OG0000498	Syac	Prbg.g_00096	Syac.g_00240
OG0000498	Syah	Prbg.g_00096	Syah.g_00138
OG0000498	Syae	Prbg.g_00096	Syae.g_01919
OG0000498	Syag	Prbg.g_00096	Syag.g_02543
OG0000498	Syaq	Prbg.g_00096	Syaq.g_00875
OG0000498	Pral	Prbg.g_00096	Pral.g_00722
OG0000498	Prat	Prbg.g_00096	Prat.g_00324
OG0000498	Pram	Prbg.g_00096	Pram.g_00305
OG0000498	Prbh	Prbg.g_00096	Prbh.g_00462
OG0000498	Prak	Prbg.g_00096	Prak.g_00335
OG0000498	Prap	Prbg.g_00096	Prap.g_01393
OG0000498	Prbe	Prbg.g_00096	Prbe.g_01871
OG0000498	Prbf	Prbg.g_00096	Prbf.g_01657
OG0000498	Prbn	Prbg.g_00096	Prbn.g_00084
OG0000499	Prab	Prbg.g_00097	Prab.g_00306
OG0000499	Pran	Prbg.g_00097	Pran.g_01876
OG0000499	Prai	Prbg.g_00097	Prai.g_00331
OG0000499	Prax	Prbg.g_00097	Prax.g_00857
OG0000499	Pras	Prbg.g_00097	Pras.g_01170
OG0000499	Prau	Prbg.g_00097	Prau.g_00320
OG0000499	Prav	Prbg.g_00097	Prav.g_01964
OG0000499	Prac	Prbg.g_00097	Prac.g_01613
OG0000499	Prar	Prbg.g_00097	Prar.g_00269
OG0000499	Praq	Prbg.g_00097	Praq.g_01684
OG0000499	Prad	Prbg.g_00097	Prad.g_01673
OG0000499	Prag	Prbg.g_00097	Prag.g_00309
OG0000499	Praw	Prbg.g_00097	Praw.g_00816
OG0000499	Prao	Prbg.g_00097	Prao.g_00454
OG0000499	Prbd	Prbg.g_00097	Prbd.g_00921
OG0000499	Praa	Prbg.g_00097	Praa.g_00318
OG0000499	Prbi	Prbg.g_00097	Prbi.g_00342
OG0000499	Pray	Prbg.g_00097	Pray.g_00796
OG0000499	Praz	Prbg.g_00097	Praz.g_00675
OG0000499	Prba	Prbg.g_00097	Prba.g_00534
OG0000499	Prae	Prbg.g_00097	Prae.g_00319
OG0000499	Prbm	Prbg.g_00097	Prbm.g_00374
OG0000499	Prbc	Prbg.g_00097	Prbc.g_01210
OG0000499	Praj	Prbg.g_00097	Praj.g_00353
OG0000499	Prbb	Prbg.g_00097	Prbb.g_00369
OG0000499	Prbj	Prbg.g_00097	Prbj.g_01455
OG0000499	Prbk	Prbg.g_00097	Prbk.g_00467
OG0000499	Prbl	Prbg.g_00097	Prbl.g_00902
OG0000499	Praf	Prbg.g_00097	Praf.g_02331
OG0000499	Prah	Prbg.g_00097	Prah.g_02182
OG0000499	Syac	Prbg.g_00097	Syac.g_00239
OG0000499	Syah	Prbg.g_00097	Syah.g_00139
OG0000499	Syad	Prbg.g_00097	Syad.g_00465
OG0000499	Syaj	Prbg.g_00097	Syaj.g_02508
OG0000499	Syae	Prbg.g_00097	Syae.g_01918
OG0000499	Syaa	Prbg.g_00097	Syaa.g_00207
OG0000499	Syaf	Prbg.g_00097	Syaf.g_00295
OG0000499	Syai	Prbg.g_00097	Syai.g_00207
OG0000499	Syam	Prbg.g_00097	Syam.g_00178
OG0000499	Syak	Prbg.g_00097	Syak.g_01520
OG0000499	Syab	Prbg.g_00097	Syab.g_00236
OG0000499	Syal	Prbg.g_00097	Syal.g_01317
OG0000499	Syag	Prbg.g_00097	Syag.g_02542
OG0000499	Syaq	Prbg.g_00097	Syaq.g_00876
OG0000499	Syar	Prbg.g_00097	Syar.g_00720
OG0000499	Syan	Prbg.g_00097	Syan.g_01973
OG0000499	Syao	Prbg.g_00097	Syao.g_02014
OG0000499	Syat	Prbg.g_00097	Syat.g_02124
OG0000499	Syap	Prbg.g_00097	Syap.g_01660
OG0000499	Syas	Prbg.g_00097	Syas.g_01795
OG0000499	Pral	Prbg.g_00097	Pral.g_00721
OG0000499	Prat	Prbg.g_00097	Prat.g_00325
OG0000499	Pram	Prbg.g_00097	Pram.g_00306
OG0000499	Prbh	Prbg.g_00097	Prbh.g_00461
OG0000499	Prak	Prbg.g_00097	Prak.g_00336
OG0000499	Prap	Prbg.g_00097	Prap.g_01392
OG0000499	Prbe	Prbg.g_00097	Prbe.g_01872
OG0000499	Prbf	Prbg.g_00097	Prbf.g_01658
OG0000499	Prbn	Prbg.g_00097	Prbn.g_00085
OG0000500	Praa	Prbg.g_00098	Praa.g_00319
OG0000500	Prac	Prbg.g_00098	Prac.g_01612
OG0000500	Prad	Prbg.g_00098	Prad.g_01672
OG0000500	Prae	Prbg.g_00098	Prae.g_00320
OG0000500	Prag	Prbg.g_00098	Prag.g_00310
OG0000500	Prao	Prbg.g_00098	Prao.g_00455
OG0000500	Praq	Prbg.g_00098	Praq.g_01683
OG0000500	Prar	Prbg.g_00098	Prar.g_00268
OG0000500	Pras	Prbg.g_00098	Pras.g_01171
OG0000500	Prau	Prbg.g_00098	Prau.g_00321
OG0000500	Prav	Prbg.g_00098	Prav.g_01965
OG0000500	Praw	Prbg.g_00098	Praw.g_00815
OG0000500	Prax	Prbg.g_00098	Prax.g_00856
OG0000500	Pray	Prbg.g_00098	Pray.g_00797
OG0000500	Praz	Prbg.g_00098	Praz.g_00676
OG0000500	Prba	Prbg.g_00098	Prba.g_00535
OG0000500	Prbd	Prbg.g_00098	Prbd.g_00920
OG0000500	Prbi	Prbg.g_00098	Prbi.g_00343
OG0000500	Prab	Prbg.g_00098	Prab.g_00307
OG0000500	Prai	Prbg.g_00098	Prai.g_00332
OG0000500	Pran	Prbg.g_00098	Pran.g_01875
OG0000500	Syap	Prbg.g_00098	Syap.g_01659
OG0000500	Syan	Prbg.g_00098	Syan.g_01972
OG0000500	Syao	Prbg.g_00098	Syao.g_02013
OG0000500	Syar	Prbg.g_00098	Syar.g_00719
OG0000500	Syat	Prbg.g_00098	Syat.g_02125
OG0000500	Syas	Prbg.g_00098	Syas.g_01794
OG0000500	Syaq	Prbg.g_00098	Syaq.g_00877
OG0000500	Praf	Prbg.g_00098	Praf.g_02332
OG0000500	Prah	Prbg.g_00098	Prah.g_02183
OG0000500	Prbj	Prbg.g_00098	Prbj.g_01456
OG0000500	Prbk	Prbg.g_00098	Prbk.g_00468
OG0000500	Prbl	Prbg.g_00098	Prbl.g_00901
OG0000500	Syag	Prbg.g_00098	Syag.g_02541
OG0000500	Syad	Prbg.g_00098	Syad.g_00464
OG0000500	Syaj	Prbg.g_00098	Syaj.g_02507
OG0000500	Syac	Prbg.g_00098	Syac.g_00238
OG0000500	Syah	Prbg.g_00098	Syah.g_00140
OG0000500	Syae	Prbg.g_00098	Syae.g_01917
OG0000500	Syaa	Prbg.g_00098	Syaa.g_00206
OG0000500	Syaf	Prbg.g_00098	Syaf.g_00296
OG0000500	Syai	Prbg.g_00098	Syai.g_00206
OG0000500	Syam	Prbg.g_00098	Syam.g_00177
OG0000500	Syab	Prbg.g_00098	Syab.g_00235
OG0000500	Syal	Prbg.g_00098	Syal.g_01318
OG0000500	Syak	Prbg.g_00098	Syak.g_01521
OG0000500	Praj	Prbg.g_00098	Praj.g_00354
OG0000500	Prbb	Prbg.g_00098	Prbb.g_00370
OG0000500	Prbc	Prbg.g_00098	Prbc.g_01211
OG0000500	Prbm	Prbg.g_00098	Prbm.g_00375
OG0000500	Prat	Prbg.g_00098	Prat.g_00326
OG0000500	Pral	Prbg.g_00098	Pral.g_00720
OG0000500	Prak	Prbg.g_00098	Prak.g_00337
OG0000500	Pram	Prbg.g_00098	Pram.g_00307
OG0000500	Prap	Prbg.g_00098	Prap.g_01391
OG0000500	Prbe	Prbg.g_00098	Prbe.g_01873
OG0000500	Prbf	Prbg.g_00098	Prbf.g_01659
OG0000500	Prbh	Prbg.g_00098	Prbh.g_00460
OG0000500	Prbn	Prbg.g_00098	Prbn.g_00086
OG0000501	Praa	Prbg.g_00099	Praa.g_00321
OG0000501	Prae	Prbg.g_00099	Prae.g_00322
OG0000501	Prag	Prbg.g_00099	Prag.g_00312
OG0000501	Prao	Prbg.g_00099	Prao.g_00457
OG0000501	Prav	Prbg.g_00099	Prav.g_01967
OG0000501	Praw	Prbg.g_00099	Praw.g_00813
OG0000501	Prax	Prbg.g_00099	Prax.g_00854
OG0000501	Pray	Prbg.g_00099	Pray.g_00799
OG0000501	Praz	Prbg.g_00099	Praz.g_00678
OG0000501	Prba	Prbg.g_00099	Prba.g_00537
OG0000501	Prbd	Prbg.g_00099	Prbd.g_00918
OG0000501	Prbi	Prbg.g_00099	Prbi.g_00345
OG0000501	Prad	Prbg.g_00099	Prad.g_01670
OG0000501	Prab	Prbg.g_00099	Prab.g_00309
OG0000501	Prai	Prbg.g_00099	Prai.g_00334
OG0000501	Pran	Prbg.g_00099	Pran.g_01873
OG0000501	Prac	Prbg.g_00099	Prac.g_01610
OG0000501	Praq	Prbg.g_00099	Praq.g_01681
OG0000501	Prar	Prbg.g_00099	Prar.g_00266
OG0000501	Prau	Prbg.g_00099	Prau.g_00323
OG0000501	Pras	Prbg.g_00099	Pras.g_01173
OG0000501	Prah	Prbg.g_00099	Prah.g_02186
OG0000501	Praf	Prbg.g_00099	Praf.g_02335
OG0000501	Prbj	Prbg.g_00099	Prbj.g_01459
OG0000501	Prbk	Prbg.g_00099	Prbk.g_00471
OG0000501	Prbl	Prbg.g_00099	Prbl.g_00898
OG0000501	Syao	Prbg.g_00099	Syao.g_02010
OG0000501	Syat	Prbg.g_00099	Syat.g_02128
OG0000501	Syas	Prbg.g_00099	Syas.g_01791
OG0000501	Syap	Prbg.g_00099	Syap.g_01656
OG0000501	Syar	Prbg.g_00099	Syar.g_00716
OG0000501	Syaf	Prbg.g_00099	Syaf.g_00299
OG0000501	Syai	Prbg.g_00099	Syai.g_00203
OG0000501	Syac	Prbg.g_00099	Syac.g_00235
OG0000501	Syah	Prbg.g_00099	Syah.g_00143
OG0000501	Syae	Prbg.g_00099	Syae.g_01914
OG0000501	Syaa	Prbg.g_00099	Syaa.g_00203
OG0000501	Syad	Prbg.g_00099	Syad.g_00461
OG0000501	Syaj	Prbg.g_00099	Syaj.g_02504
OG0000501	Syam	Prbg.g_00099	Syam.g_00174
OG0000501	Syan	Prbg.g_00099	Syan.g_01969
OG0000501	Syaq	Prbg.g_00099	Syaq.g_00880
OG0000501	Syag	Prbg.g_00099	Syag.g_02538
OG0000501	Syak	Prbg.g_00099	Syak.g_01524
OG0000501	Syab	Prbg.g_00099	Syab.g_00232
OG0000501	Syal	Prbg.g_00099	Syal.g_01321
OG0000501	Prat	Prbg.g_00099	Prat.g_00328
OG0000501	Praj	Prbg.g_00099	Praj.g_00356
OG0000501	Prbc	Prbg.g_00099	Prbc.g_01213
OG0000501	Prbb	Prbg.g_00099	Prbb.g_00372
OG0000501	Prbm	Prbg.g_00099	Prbm.g_00376
OG0000501	Pral	Prbg.g_00099	Pral.g_00718
OG0000501	Pram	Prbg.g_00099	Pram.g_00309
OG0000501	Prbh	Prbg.g_00099	Prbh.g_00458
OG0000501	Prak	Prbg.g_00099	Prak.g_00338
OG0000501	Prap	Prbg.g_00099	Prap.g_01390
OG0000501	Prbe	Prbg.g_00099	Prbe.g_01874
OG0000501	Prbf	Prbg.g_00099	Prbf.g_01660
OG0000501	Prbn	Prbg.g_00099	Prbn.g_00087
OG0000502	Prab	Prbg.g_00102	Prab.g_00312
OG0000502	Pran	Prbg.g_00102	Pran.g_01870
OG0000502	Prai	Prbg.g_00102	Prai.g_00337
OG0000502	Pras	Prbg.g_00102	Pras.g_01176
OG0000502	Prau	Prbg.g_00102	Prau.g_00326
OG0000502	Prac	Prbg.g_00102	Prac.g_01607
OG0000502	Praq	Prbg.g_00102	Praq.g_01678
OG0000502	Prar	Prbg.g_00102	Prar.g_00263
OG0000502	Prbi	Prbg.g_00102	Prbi.g_00348
OG0000502	Prag	Prbg.g_00102	Prag.g_00315
OG0000502	Praw	Prbg.g_00102	Praw.g_00810
OG0000502	Prad	Prbg.g_00102	Prad.g_01667
OG0000502	Prao	Prbg.g_00102	Prao.g_00460
OG0000502	Prbd	Prbg.g_00102	Prbd.g_00915
OG0000502	Pray	Prbg.g_00102	Pray.g_00802
OG0000502	Praz	Prbg.g_00102	Praz.g_00681
OG0000502	Prba	Prbg.g_00102	Prba.g_00540
OG0000502	Prav	Prbg.g_00102	Prav.g_01970
OG0000502	Prax	Prbg.g_00102	Prax.g_00849
OG0000502	Prae	Prbg.g_00102	Prae.g_00325
OG0000502	Praa	Prbg.g_00102	Praa.g_00324
OG0000502	Prbc	Prbg.g_00102	Prbc.g_01216
OG0000502	Prbb	Prbg.g_00102	Prbb.g_00375
OG0000502	Praj	Prbg.g_00102	Praj.g_00359
OG0000502	Prbm	Prbg.g_00102	Prbm.g_00379
OG0000502	Pral	Prbg.g_00102	Pral.g_00715
OG0000502	Prat	Prbg.g_00102	Prat.g_00331
OG0000502	Prbj	Prbg.g_00102	Prbj.g_01471
OG0000502	Prbk	Prbg.g_00102	Prbk.g_00483
OG0000502	Prbl	Prbg.g_00102	Prbl.g_00886
OG0000502	Praf	Prbg.g_00102	Praf.g_02349
OG0000502	Prah	Prbg.g_00102	Prah.g_02199
OG0000502	Syab	Prbg.g_00102	Syab.g_00224
OG0000502	Syal	Prbg.g_00102	Syal.g_01328
OG0000502	Syak	Prbg.g_00102	Syak.g_01538
OG0000502	Syag	Prbg.g_00102	Syag.g_02467
OG0000502	Syaq	Prbg.g_00102	Syaq.g_00953
OG0000502	Syap	Prbg.g_00102	Syap.g_02066
OG0000502	Syas	Prbg.g_00102	Syas.g_02216
OG0000502	Syao	Prbg.g_00102	Syao.g_01974
OG0000502	Syan	Prbg.g_00102	Syan.g_01961
OG0000502	Syar	Prbg.g_00102	Syar.g_00275
OG0000502	Syat	Prbg.g_00102	Syat.g_02135
OG0000502	Syae	Prbg.g_00102	Syae.g_01902
OG0000502	Syad	Prbg.g_00102	Syad.g_00449
OG0000502	Syaj	Prbg.g_00102	Syaj.g_02492
OG0000502	Syaa	Prbg.g_00102	Syaa.g_00190
OG0000502	Syaf	Prbg.g_00102	Syaf.g_00319
OG0000502	Syai	Prbg.g_00102	Syai.g_00192
OG0000502	Syac	Prbg.g_00102	Syac.g_00223
OG0000502	Syah	Prbg.g_00102	Syah.g_00155
OG0000502	Syam	Prbg.g_00102	Syam.g_00165
OG0000502	Pram	Prbg.g_00102	Pram.g_00312
OG0000502	Prbh	Prbg.g_00102	Prbh.g_00455
OG0000502	Prak	Prbg.g_00102	Prak.g_00341
OG0000502	Prap	Prbg.g_00102	Prap.g_01387
OG0000502	Prbe	Prbg.g_00102	Prbe.g_01877
OG0000502	Prbf	Prbg.g_00102	Prbf.g_01663
OG0000502	Prbn	Prbg.g_00102	Prbn.g_00090
OG0000503	Prab	Prbg.g_00117	Prab.g_00322
OG0000503	Pran	Prbg.g_00117	Pran.g_01860
OG0000503	Prai	Prbg.g_00117	Prai.g_00347
OG0000503	Prao	Prbg.g_00117	Prao.g_00470
OG0000503	Prad	Prbg.g_00117	Prad.g_01657
OG0000503	Pray	Prbg.g_00117	Pray.g_00812
OG0000503	Praz	Prbg.g_00117	Praz.g_01931
OG0000503	Prba	Prbg.g_00117	Prba.g_00550
OG0000503	Prag	Prbg.g_00117	Prag.g_00329
OG0000503	Praw	Prbg.g_00117	Praw.g_00796
OG0000503	Prbi	Prbg.g_00117	Prbi.g_00358
OG0000503	Prav	Prbg.g_00117	Prav.g_01980
OG0000503	Prae	Prbg.g_00117	Prae.g_00335
OG0000503	Prac	Prbg.g_00117	Prac.g_01200
OG0000503	Praq	Prbg.g_00117	Praq.g_01211
OG0000503	Prar	Prbg.g_00117	Prar.g_00394
OG0000503	Praa	Prbg.g_00117	Praa.g_00334
OG0000503	Prax	Prbg.g_00117	Prax.g_00839
OG0000503	Prbd	Prbg.g_00117	Prbd.g_00905
OG0000503	Pras	Prbg.g_00117	Pras.g_01187
OG0000503	Prau	Prbg.g_00117	Prau.g_00336
OG0000503	Prbm	Prbg.g_00117	Prbm.g_00400
OG0000503	Prbb	Prbg.g_00117	Prbb.g_00394
OG0000503	Praj	Prbg.g_00117	Praj.g_00380
OG0000503	Prbc	Prbg.g_00117	Prbc.g_01246
OG0000503	Prah	Prbg.g_00117	Prah.g_01940
OG0000503	Praf	Prbg.g_00117	Praf.g_02054
OG0000503	Prbj	Prbg.g_00117	Prbj.g_00341
OG0000503	Prbk	Prbg.g_00117	Prbk.g_00871
OG0000503	Prbl	Prbg.g_00117	Prbl.g_01201
OG0000503	Syab	Prbg.g_00117	Syab.g_00523
OG0000503	Syal	Prbg.g_00117	Syal.g_00347
OG0000503	Syak	Prbg.g_00117	Syak.g_01246
OG0000503	Syaq	Prbg.g_00117	Syaq.g_00559
OG0000503	Syag	Prbg.g_00117	Syag.g_02843
OG0000503	Syar	Prbg.g_00117	Syar.g_01118
OG0000503	Syao	Prbg.g_00117	Syao.g_01877
OG0000503	Syan	Prbg.g_00117	Syan.g_02144
OG0000503	Syap	Prbg.g_00117	Syap.g_00569
OG0000503	Syat	Prbg.g_00117	Syat.g_01614
OG0000503	Syas	Prbg.g_00117	Syas.g_01541
OG0000503	Syac	Prbg.g_00117	Syac.g_02020
OG0000503	Syah	Prbg.g_00117	Syah.g_00858
OG0000503	Syae	Prbg.g_00117	Syae.g_02192
OG0000503	Syaa	Prbg.g_00117	Syaa.g_02182
OG0000503	Syad	Prbg.g_00117	Syad.g_00761
OG0000503	Syaj	Prbg.g_00117	Syaj.g_02805
OG0000503	Syaf	Prbg.g_00117	Syaf.g_00023
OG0000503	Syai	Prbg.g_00117	Syai.g_00486
OG0000503	Syam	Prbg.g_00117	Syam.g_00457
OG0000503	Pral	Prbg.g_00117	Pral.g_00698
OG0000503	Prat	Prbg.g_00117	Prat.g_00348
OG0000503	Pram	Prbg.g_00117	Pram.g_00328
OG0000503	Prbh	Prbg.g_00117	Prbh.g_00439
OG0000503	Prak	Prbg.g_00117	Prak.g_00356
OG0000503	Prap	Prbg.g_00117	Prap.g_01372
OG0000503	Prbe	Prbg.g_00117	Prbe.g_01892
OG0000503	Prbf	Prbg.g_00117	Prbf.g_01678
OG0000503	Prbn	Prbg.g_00117	Prbn.g_00105
OG0000504	Prai	Prbg.g_00119	Prai.g_00348
OG0000504	Prab	Prbg.g_00119	Prab.g_00323
OG0000504	Pran	Prbg.g_00119	Pran.g_01859
OG0000504	Prag	Prbg.g_00119	Prag.g_00330
OG0000504	Praw	Prbg.g_00119	Praw.g_00795
OG0000504	Prac	Prbg.g_00119	Prac.g_01199
OG0000504	Praq	Prbg.g_00119	Praq.g_01210
OG0000504	Prar	Prbg.g_00119	Prar.g_00395
OG0000504	Prad	Prbg.g_00119	Prad.g_01656
OG0000504	Prbd	Prbg.g_00119	Prbd.g_00904
OG0000504	Prav	Prbg.g_00119	Prav.g_01981
OG0000504	Prbi	Prbg.g_00119	Prbi.g_00359
OG0000504	Praa	Prbg.g_00119	Praa.g_00335
OG0000504	Prae	Prbg.g_00119	Prae.g_00336
OG0000504	Prao	Prbg.g_00119	Prao.g_00471
OG0000504	Pray	Prbg.g_00119	Pray.g_00813
OG0000504	Praz	Prbg.g_00119	Praz.g_01932
OG0000504	Prba	Prbg.g_00119	Prba.g_00551
OG0000504	Prax	Prbg.g_00119	Prax.g_00838
OG0000504	Pras	Prbg.g_00119	Pras.g_01188
OG0000504	Prau	Prbg.g_00119	Prau.g_00337
OG0000504	Prbm	Prbg.g_00119	Prbm.g_00402
OG0000504	Prbb	Prbg.g_00119	Prbb.g_00396
OG0000504	Praj	Prbg.g_00119	Praj.g_00382
OG0000504	Prbc	Prbg.g_00119	Prbc.g_01248
OG0000504	Praf	Prbg.g_00119	Praf.g_02052
OG0000504	Prbj	Prbg.g_00119	Prbj.g_00339
OG0000504	Prbk	Prbg.g_00119	Prbk.g_00873
OG0000504	Prbl	Prbg.g_00119	Prbl.g_01203
OG0000504	Prah	Prbg.g_00119	Prah.g_01938
OG0000504	Syae	Prbg.g_00119	Syae.g_02194
OG0000504	Syam	Prbg.g_00119	Syam.g_00459
OG0000504	Syaf	Prbg.g_00119	Syaf.g_00021
OG0000504	Syai	Prbg.g_00119	Syai.g_00488
OG0000504	Syaa	Prbg.g_00119	Syaa.g_02180
OG0000504	Syac	Prbg.g_00119	Syac.g_02018
OG0000504	Syah	Prbg.g_00119	Syah.g_00860
OG0000504	Syad	Prbg.g_00119	Syad.g_00763
OG0000504	Syaj	Prbg.g_00119	Syaj.g_02807
OG0000504	Syag	Prbg.g_00119	Syag.g_02845
OG0000504	Syaq	Prbg.g_00119	Syaq.g_00557
OG0000504	Syar	Prbg.g_00119	Syar.g_01120
OG0000504	Syap	Prbg.g_00119	Syap.g_00567
OG0000504	Syas	Prbg.g_00119	Syas.g_01539
OG0000504	Syat	Prbg.g_00119	Syat.g_01612
OG0000504	Syan	Prbg.g_00119	Syan.g_02142
OG0000504	Syao	Prbg.g_00119	Syao.g_01875
OG0000504	Syak	Prbg.g_00119	Syak.g_01244
OG0000504	Syab	Prbg.g_00119	Syab.g_00525
OG0000504	Syal	Prbg.g_00119	Syal.g_00349
OG0000504	Prat	Prbg.g_00119	Prat.g_00350
OG0000504	Pral	Prbg.g_00119	Pral.g_00696
OG0000504	Pram	Prbg.g_00119	Pram.g_00330
OG0000504	Prbh	Prbg.g_00119	Prbh.g_00437
OG0000504	Prak	Prbg.g_00119	Prak.g_00358
OG0000504	Prap	Prbg.g_00119	Prap.g_01370
OG0000504	Prbe	Prbg.g_00119	Prbe.g_01894
OG0000504	Prbf	Prbg.g_00119	Prbf.g_01680
OG0000504	Prbn	Prbg.g_00119	Prbn.g_00107
OG0000505	Prab	Prbg.g_00120	Prab.g_00324
OG0000505	Pran	Prbg.g_00120	Pran.g_01858
OG0000505	Prai	Prbg.g_00120	Prai.g_00349
OG0000505	Pray	Prbg.g_00120	Pray.g_00814
OG0000505	Praz	Prbg.g_00120	Praz.g_01933
OG0000505	Prba	Prbg.g_00120	Prba.g_00552
OG0000505	Prav	Prbg.g_00120	Prav.g_01982
OG0000505	Prac	Prbg.g_00120	Prac.g_01198
OG0000505	Praq	Prbg.g_00120	Praq.g_01209
OG0000505	Prar	Prbg.g_00120	Prar.g_00396
OG0000505	Prag	Prbg.g_00120	Prag.g_00331
OG0000505	Praw	Prbg.g_00120	Praw.g_00794
OG0000505	Prad	Prbg.g_00120	Prad.g_01655
OG0000505	Praa	Prbg.g_00120	Praa.g_00336
OG0000505	Prbi	Prbg.g_00120	Prbi.g_00360
OG0000505	Prao	Prbg.g_00120	Prao.g_00472
OG0000505	Pras	Prbg.g_00120	Pras.g_01189
OG0000505	Prbd	Prbg.g_00120	Prbd.g_00903
OG0000505	Prae	Prbg.g_00120	Prae.g_00337
OG0000505	Prau	Prbg.g_00120	Prau.g_00338
OG0000505	Prax	Prbg.g_00120	Prax.g_00837
OG0000505	Praj	Prbg.g_00120	Praj.g_00383
OG0000505	Prbb	Prbg.g_00120	Prbb.g_00397
OG0000505	Prbc	Prbg.g_00120	Prbc.g_01249
OG0000505	Prbm	Prbg.g_00120	Prbm.g_00403
OG0000505	Syaf	Prbg.g_00120	Syaf.g_00020
OG0000505	Syai	Prbg.g_00120	Syai.g_00489
OG0000505	Syam	Prbg.g_00120	Syam.g_00460
OG0000505	Syac	Prbg.g_00120	Syac.g_02017
OG0000505	Syah	Prbg.g_00120	Syah.g_00861
OG0000505	Syaa	Prbg.g_00120	Syaa.g_02179
OG0000505	Syad	Prbg.g_00120	Syad.g_00764
OG0000505	Syaj	Prbg.g_00120	Syaj.g_02808
OG0000505	Syae	Prbg.g_00120	Syae.g_02195
OG0000505	Syaq	Prbg.g_00120	Syaq.g_00556
OG0000505	Syab	Prbg.g_00120	Syab.g_00526
OG0000505	Syal	Prbg.g_00120	Syal.g_00350
OG0000505	Syag	Prbg.g_00120	Syag.g_02846
OG0000505	Syak	Prbg.g_00120	Syak.g_01243
OG0000505	Prbj	Prbg.g_00120	Prbj.g_00338
OG0000505	Prbk	Prbg.g_00120	Prbk.g_00874
OG0000505	Prbl	Prbg.g_00120	Prbl.g_01204
OG0000505	Praf	Prbg.g_00120	Praf.g_02051
OG0000505	Prah	Prbg.g_00120	Prah.g_01937
OG0000505	Syap	Prbg.g_00120	Syap.g_00566
OG0000505	Syar	Prbg.g_00120	Syar.g_01121
OG0000505	Syas	Prbg.g_00120	Syas.g_01538
OG0000505	Syat	Prbg.g_00120	Syat.g_01611
OG0000505	Syan	Prbg.g_00120	Syan.g_02141
OG0000505	Syao	Prbg.g_00120	Syao.g_01874
OG0000505	Pral	Prbg.g_00120	Pral.g_00695
OG0000505	Prat	Prbg.g_00120	Prat.g_00351
OG0000505	Pram	Prbg.g_00120	Pram.g_00331
OG0000505	Prbh	Prbg.g_00120	Prbh.g_00436
OG0000505	Prak	Prbg.g_00120	Prak.g_00359
OG0000505	Prap	Prbg.g_00120	Prap.g_01369
OG0000505	Prbe	Prbg.g_00120	Prbe.g_01895
OG0000505	Prbf	Prbg.g_00120	Prbf.g_01681
OG0000505	Prbn	Prbg.g_00120	Prbn.g_00108
OG0000506	Prac	Prbg.g_00121	Prac.g_01196
OG0000506	Praq	Prbg.g_00121	Praq.g_01207
OG0000506	Prar	Prbg.g_00121	Prar.g_00398
OG0000506	Prad	Prbg.g_00121	Prad.g_01653
OG0000506	Pras	Prbg.g_00121	Pras.g_01191
OG0000506	Prau	Prbg.g_00121	Prau.g_00340
OG0000506	Prao	Prbg.g_00121	Prao.g_00474
OG0000506	Prav	Prbg.g_00121	Prav.g_01984
OG0000506	Prbi	Prbg.g_00121	Prbi.g_00362
OG0000506	Praa	Prbg.g_00121	Praa.g_00338
OG0000506	Prae	Prbg.g_00121	Prae.g_00338
OG0000506	Prbd	Prbg.g_00121	Prbd.g_00901
OG0000506	Prax	Prbg.g_00121	Prax.g_00835
OG0000506	Pray	Prbg.g_00121	Pray.g_00816
OG0000506	Prba	Prbg.g_00121	Prba.g_00554
OG0000506	Praz	Prbg.g_00121	Praz.g_01935
OG0000506	Prag	Prbg.g_00121	Prag.g_00333
OG0000506	Praw	Prbg.g_00121	Praw.g_00792
OG0000506	Prab	Prbg.g_00121	Prab.g_00325
OG0000506	Pran	Prbg.g_00121	Pran.g_01857
OG0000506	Prai	Prbg.g_00121	Prai.g_00351
OG0000506	Prbj	Prbg.g_00121	Prbj.g_00336
OG0000506	Prbk	Prbg.g_00121	Prbk.g_00876
OG0000506	Prbl	Prbg.g_00121	Prbl.g_01206
OG0000506	Praf	Prbg.g_00121	Praf.g_02049
OG0000506	Prah	Prbg.g_00121	Prah.g_01935
OG0000506	Syab	Prbg.g_00121	Syab.g_00528
OG0000506	Syal	Prbg.g_00121	Syal.g_00352
OG0000506	Syaa	Prbg.g_00121	Syaa.g_02177
OG0000506	Syae	Prbg.g_00121	Syae.g_02197
OG0000506	Syai	Prbg.g_00121	Syai.g_00491
OG0000506	Syam	Prbg.g_00121	Syam.g_00462
OG0000506	Syaf	Prbg.g_00121	Syaf.g_00018
OG0000506	Syad	Prbg.g_00121	Syad.g_00766
OG0000506	Syaj	Prbg.g_00121	Syaj.g_02810
OG0000506	Syac	Prbg.g_00121	Syac.g_02015
OG0000506	Syah	Prbg.g_00121	Syah.g_00863
OG0000506	Syak	Prbg.g_00121	Syak.g_01241
OG0000506	Syaq	Prbg.g_00121	Syaq.g_00554
OG0000506	Syag	Prbg.g_00121	Syag.g_02849
OG0000506	Syao	Prbg.g_00121	Syao.g_01872
OG0000506	Syan	Prbg.g_00121	Syan.g_02139
OG0000506	Syap	Prbg.g_00121	Syap.g_00564
OG0000506	Syas	Prbg.g_00121	Syas.g_01536
OG0000506	Syat	Prbg.g_00121	Syat.g_01609
OG0000506	Syar	Prbg.g_00121	Syar.g_01123
OG0000506	Prbm	Prbg.g_00121	Prbm.g_00404
OG0000506	Praj	Prbg.g_00121	Praj.g_00384
OG0000506	Prbb	Prbg.g_00121	Prbb.g_00398
OG0000506	Prbc	Prbg.g_00121	Prbc.g_01250
OG0000506	Pral	Prbg.g_00121	Pral.g_00694
OG0000506	Prat	Prbg.g_00121	Prat.g_00352
OG0000506	Pram	Prbg.g_00121	Pram.g_00332
OG0000506	Prbh	Prbg.g_00121	Prbh.g_00435
OG0000506	Prak	Prbg.g_00121	Prak.g_00360
OG0000506	Prap	Prbg.g_00121	Prap.g_01368
OG0000506	Prbe	Prbg.g_00121	Prbe.g_01896
OG0000506	Prbf	Prbg.g_00121	Prbf.g_01682
OG0000506	Prbn	Prbg.g_00121	Prbn.g_00109
OG0000507	Pray	Prbg.g_00124	Pray.g_00819
OG0000507	Praz	Prbg.g_00124	Praz.g_00343
OG0000507	Prba	Prbg.g_00124	Prba.g_00557
OG0000507	Prac	Prbg.g_00124	Prac.g_01193
OG0000507	Praq	Prbg.g_00124	Praq.g_01204
OG0000507	Prar	Prbg.g_00124	Prar.g_00401
OG0000507	Prav	Prbg.g_00124	Prav.g_01987
OG0000507	Prao	Prbg.g_00124	Prao.g_00476
OG0000507	Prad	Prbg.g_00124	Prad.g_01650
OG0000507	Pras	Prbg.g_00124	Pras.g_01194
OG0000507	Prau	Prbg.g_00124	Prau.g_00343
OG0000507	Prbi	Prbg.g_00124	Prbi.g_00365
OG0000507	Prae	Prbg.g_00124	Prae.g_00341
OG0000507	Praa	Prbg.g_00124	Praa.g_00340
OG0000507	Prax	Prbg.g_00124	Prax.g_00832
OG0000507	Prbd	Prbg.g_00124	Prbd.g_00898
OG0000507	Prag	Prbg.g_00124	Prag.g_00336
OG0000507	Praw	Prbg.g_00124	Praw.g_00790
OG0000507	Prab	Prbg.g_00124	Prab.g_00328
OG0000507	Pran	Prbg.g_00124	Pran.g_01854
OG0000507	Prai	Prbg.g_00124	Prai.g_00354
OG0000507	Prbb	Prbg.g_00124	Prbb.g_00401
OG0000507	Prbm	Prbg.g_00124	Prbm.g_00407
OG0000507	Praj	Prbg.g_00124	Praj.g_00387
OG0000507	Prbc	Prbg.g_00124	Prbc.g_01253
OG0000507	Syak	Prbg.g_00124	Syak.g_01235
OG0000507	Syab	Prbg.g_00124	Syab.g_00533
OG0000507	Syal	Prbg.g_00124	Syal.g_00358
OG0000507	Syaq	Prbg.g_00124	Syaq.g_00548
OG0000507	Prbj	Prbg.g_00124	Prbj.g_00331
OG0000507	Prbk	Prbg.g_00124	Prbk.g_00881
OG0000507	Prbl	Prbg.g_00124	Prbl.g_01210
OG0000507	Praf	Prbg.g_00124	Praf.g_02045
OG0000507	Prah	Prbg.g_00124	Prah.g_01930
OG0000507	Syag	Prbg.g_00124	Syag.g_02855
OG0000507	Syan	Prbg.g_00124	Syan.g_02133
OG0000507	Syao	Prbg.g_00124	Syao.g_01866
OG0000507	Syap	Prbg.g_00124	Syap.g_00558
OG0000507	Syat	Prbg.g_00124	Syat.g_01603
OG0000507	Syas	Prbg.g_00124	Syas.g_01530
OG0000507	Syar	Prbg.g_00124	Syar.g_01129
OG0000507	Syaa	Prbg.g_00124	Syaa.g_02171
OG0000507	Syaf	Prbg.g_00124	Syaf.g_00012
OG0000507	Syai	Prbg.g_00124	Syai.g_00497
OG0000507	Syam	Prbg.g_00124	Syam.g_00468
OG0000507	Syad	Prbg.g_00124	Syad.g_00772
OG0000507	Syaj	Prbg.g_00124	Syaj.g_02816
OG0000507	Syae	Prbg.g_00124	Syae.g_02203
OG0000507	Syac	Prbg.g_00124	Syac.g_02009
OG0000507	Syah	Prbg.g_00124	Syah.g_00869
OG0000507	Pral	Prbg.g_00124	Pral.g_00691
OG0000507	Prat	Prbg.g_00124	Prat.g_00355
OG0000507	Pram	Prbg.g_00124	Pram.g_00336
OG0000507	Prbh	Prbg.g_00124	Prbh.g_00431
OG0000507	Prak	Prbg.g_00124	Prak.g_00363
OG0000507	Prap	Prbg.g_00124	Prap.g_01365
OG0000507	Prbe	Prbg.g_00124	Prbe.g_01899
OG0000507	Prbf	Prbg.g_00124	Prbf.g_01685
OG0000507	Prbn	Prbg.g_00124	Prbn.g_00112
OG0000508	Prac	Prbg.g_00128	Prac.g_01189
OG0000508	Praq	Prbg.g_00128	Praq.g_01200
OG0000508	Prar	Prbg.g_00128	Prar.g_00405
OG0000508	Prag	Prbg.g_00128	Prag.g_00339
OG0000508	Praw	Prbg.g_00128	Praw.g_00787
OG0000508	Prao	Prbg.g_00128	Prao.g_00479
OG0000508	Prab	Prbg.g_00128	Prab.g_00332
OG0000508	Pran	Prbg.g_00128	Pran.g_01850
OG0000508	Prai	Prbg.g_00128	Prai.g_00357
OG0000508	Pray	Prbg.g_00128	Pray.g_00823
OG0000508	Praz	Prbg.g_00128	Praz.g_00347
OG0000508	Prba	Prbg.g_00128	Prba.g_00561
OG0000508	Prae	Prbg.g_00128	Prae.g_00344
OG0000508	Prav	Prbg.g_00128	Prav.g_01991
OG0000508	Prax	Prbg.g_00128	Prax.g_00828
OG0000508	Prad	Prbg.g_00128	Prad.g_01646
OG0000508	Praa	Prbg.g_00128	Praa.g_00344
OG0000508	Pras	Prbg.g_00128	Pras.g_01198
OG0000508	Prau	Prbg.g_00128	Prau.g_00347
OG0000508	Prbi	Prbg.g_00128	Prbi.g_00369
OG0000508	Prbd	Prbg.g_00128	Prbd.g_00894
OG0000508	Prbm	Prbg.g_00128	Prbm.g_00410
OG0000508	Praj	Prbg.g_00128	Praj.g_00390
OG0000508	Prbb	Prbg.g_00128	Prbb.g_00404
OG0000508	Prbc	Prbg.g_00128	Prbc.g_01256
OG0000508	Prah	Prbg.g_00128	Prah.g_01922
OG0000508	Praf	Prbg.g_00128	Praf.g_02031
OG0000508	Prbj	Prbg.g_00128	Prbj.g_00324
OG0000508	Prbk	Prbg.g_00128	Prbk.g_00888
OG0000508	Prbl	Prbg.g_00128	Prbl.g_01217
OG0000508	Syag	Prbg.g_00128	Syag.g_02860
OG0000508	Syaq	Prbg.g_00128	Syaq.g_00544
OG0000508	Syad	Prbg.g_00128	Syad.g_00776
OG0000508	Syaj	Prbg.g_00128	Syaj.g_02820
OG0000508	Syaa	Prbg.g_00128	Syaa.g_02167
OG0000508	Syap	Prbg.g_00128	Syap.g_00554
OG0000508	Syas	Prbg.g_00128	Syas.g_01523
OG0000508	Syar	Prbg.g_00128	Syar.g_01141
OG0000508	Syat	Prbg.g_00128	Syat.g_01596
OG0000508	Syan	Prbg.g_00128	Syan.g_02998
OG0000508	Syac	Prbg.g_00128	Syac.g_02005
OG0000508	Syah	Prbg.g_00128	Syah.g_00873
OG0000508	Syae	Prbg.g_00128	Syae.g_02207
OG0000508	Syaf	Prbg.g_00128	Syaf.g_00008
OG0000508	Syao	Prbg.g_00128	Syao.g_01750
OG0000508	Syai	Prbg.g_00128	Syai.g_00501
OG0000508	Syam	Prbg.g_00128	Syam.g_00472
OG0000508	Syab	Prbg.g_00128	Syab.g_00537
OG0000508	Syal	Prbg.g_00128	Syal.g_00362
OG0000508	Syak	Prbg.g_00128	Syak.g_01231
OG0000508	Pram	Prbg.g_00128	Pram.g_00340
OG0000508	Prbh	Prbg.g_00128	Prbh.g_00427
OG0000508	Pral	Prbg.g_00128	Pral.g_00687
OG0000508	Prat	Prbg.g_00128	Prat.g_00359
OG0000508	Prak	Prbg.g_00128	Prak.g_00367
OG0000508	Prap	Prbg.g_00128	Prap.g_01361
OG0000508	Prbe	Prbg.g_00128	Prbe.g_01903
OG0000508	Prbf	Prbg.g_00128	Prbf.g_01689
OG0000508	Prbn	Prbg.g_00128	Prbn.g_00116
OG0000509	Prae	Prbg.g_00130	Prae.g_00346
OG0000509	Prbi	Prbg.g_00130	Prbi.g_00371
OG0000509	Prax	Prbg.g_00130	Prax.g_00826
OG0000509	Pras	Prbg.g_00130	Pras.g_01200
OG0000509	Prau	Prbg.g_00130	Prau.g_00349
OG0000509	Praa	Prbg.g_00130	Praa.g_00346
OG0000509	Prbd	Prbg.g_00130	Prbd.g_00892
OG0000509	Prad	Prbg.g_00130	Prad.g_01644
OG0000509	Prao	Prbg.g_00130	Prao.g_00481
OG0000509	Prac	Prbg.g_00130	Prac.g_01187
OG0000509	Praq	Prbg.g_00130	Praq.g_01198
OG0000509	Prar	Prbg.g_00130	Prar.g_00407
OG0000509	Pray	Prbg.g_00130	Pray.g_00825
OG0000509	Praz	Prbg.g_00130	Praz.g_00349
OG0000509	Prba	Prbg.g_00130	Prba.g_00218
OG0000509	Prav	Prbg.g_00130	Prav.g_01993
OG0000509	Prag	Prbg.g_00130	Prag.g_00341
OG0000509	Praw	Prbg.g_00130	Praw.g_00785
OG0000509	Prab	Prbg.g_00130	Prab.g_00334
OG0000509	Pran	Prbg.g_00130	Pran.g_01848
OG0000509	Prai	Prbg.g_00130	Prai.g_00359
OG0000509	Prah	Prbg.g_00130	Prah.g_01920
OG0000509	Praf	Prbg.g_00130	Praf.g_02029
OG0000509	Prbj	Prbg.g_00130	Prbj.g_00322
OG0000509	Prbk	Prbg.g_00130	Prbk.g_00890
OG0000509	Prbl	Prbg.g_00130	Prbl.g_01219
OG0000509	Syad	Prbg.g_00130	Syad.g_00778
OG0000509	Syaj	Prbg.g_00130	Syaj.g_02822
OG0000509	Syae	Prbg.g_00130	Syae.g_02209
OG0000509	Syaa	Prbg.g_00130	Syaa.g_02165
OG0000509	Syam	Prbg.g_00130	Syam.g_00474
OG0000509	Syaf	Prbg.g_00130	Syaf.g_00006
OG0000509	Syai	Prbg.g_00130	Syai.g_00503
OG0000509	Syac	Prbg.g_00130	Syac.g_02003
OG0000509	Syah	Prbg.g_00130	Syah.g_00875
OG0000509	Syab	Prbg.g_00130	Syab.g_00539
OG0000509	Syal	Prbg.g_00130	Syal.g_00364
OG0000509	Syar	Prbg.g_00130	Syar.g_01143
OG0000509	Syan	Prbg.g_00130	Syan.g_02993
OG0000509	Syao	Prbg.g_00130	Syao.g_01755
OG0000509	Syat	Prbg.g_00130	Syat.g_01591
OG0000509	Syap	Prbg.g_00130	Syap.g_00551
OG0000509	Syas	Prbg.g_00130	Syas.g_01521
OG0000509	Syag	Prbg.g_00130	Syag.g_02862
OG0000509	Syak	Prbg.g_00130	Syak.g_01229
OG0000509	Syaq	Prbg.g_00130	Syaq.g_00542
OG0000509	Prbm	Prbg.g_00130	Prbm.g_00412
OG0000509	Prbc	Prbg.g_00130	Prbc.g_01258
OG0000509	Praj	Prbg.g_00130	Praj.g_00392
OG0000509	Prbb	Prbg.g_00130	Prbb.g_00406
OG0000509	Pral	Prbg.g_00130	Pral.g_00685
OG0000509	Prat	Prbg.g_00130	Prat.g_00361
OG0000509	Pram	Prbg.g_00130	Pram.g_00342
OG0000509	Prbh	Prbg.g_00130	Prbh.g_00425
OG0000509	Prak	Prbg.g_00130	Prak.g_00369
OG0000509	Prap	Prbg.g_00130	Prap.g_01359
OG0000509	Prbe	Prbg.g_00130	Prbe.g_01905
OG0000509	Prbf	Prbg.g_00130	Prbf.g_01691
OG0000509	Prbn	Prbg.g_00130	Prbn.g_00118
OG0000510	Prab	Prbg.g_00131	Prab.g_00335
OG0000510	Pran	Prbg.g_00131	Pran.g_01847
OG0000510	Prai	Prbg.g_00131	Prai.g_00360
OG0000510	Prao	Prbg.g_00131	Prao.g_00482
OG0000510	Prad	Prbg.g_00131	Prad.g_01643
OG0000510	Prae	Prbg.g_00131	Prae.g_00347
OG0000510	Pray	Prbg.g_00131	Pray.g_00826
OG0000510	Praz	Prbg.g_00131	Praz.g_00350
OG0000510	Prba	Prbg.g_00131	Prba.g_00219
OG0000510	Praa	Prbg.g_00131	Praa.g_00347
OG0000510	Prbd	Prbg.g_00131	Prbd.g_00891
OG0000510	Prax	Prbg.g_00131	Prax.g_00825
OG0000510	Pras	Prbg.g_00131	Pras.g_01201
OG0000510	Prau	Prbg.g_00131	Prau.g_00350
OG0000510	Prbi	Prbg.g_00131	Prbi.g_00372
OG0000510	Prag	Prbg.g_00131	Prag.g_00342
OG0000510	Praw	Prbg.g_00131	Praw.g_00784
OG0000510	Prac	Prbg.g_00131	Prac.g_01186
OG0000510	Praq	Prbg.g_00131	Praq.g_01197
OG0000510	Prar	Prbg.g_00131	Prar.g_00408
OG0000510	Prav	Prbg.g_00131	Prav.g_01994
OG0000510	Prbm	Prbg.g_00131	Prbm.g_00413
OG0000510	Prbc	Prbg.g_00131	Prbc.g_01259
OG0000510	Prbb	Prbg.g_00131	Prbb.g_00407
OG0000510	Praj	Prbg.g_00131	Praj.g_00393
OG0000510	Prbj	Prbg.g_00131	Prbj.g_00321
OG0000510	Prbk	Prbg.g_00131	Prbk.g_00891
OG0000510	Prbl	Prbg.g_00131	Prbl.g_01220
OG0000510	Praf	Prbg.g_00131	Praf.g_02028
OG0000510	Prah	Prbg.g_00131	Prah.g_01919
OG0000510	Syad	Prbg.g_00131	Syad.g_00779
OG0000510	Syaj	Prbg.g_00131	Syaj.g_02823
OG0000510	Syae	Prbg.g_00131	Syae.g_02210
OG0000510	Syaa	Prbg.g_00131	Syaa.g_02164
OG0000510	Syac	Prbg.g_00131	Syac.g_02002
OG0000510	Syah	Prbg.g_00131	Syah.g_00876
OG0000510	Syai	Prbg.g_00131	Syai.g_00504
OG0000510	Syaf	Prbg.g_00131	Syaf.g_00005
OG0000510	Syam	Prbg.g_00131	Syam.g_00475
OG0000510	Syak	Prbg.g_00131	Syak.g_01228
OG0000510	Syab	Prbg.g_00131	Syab.g_00540
OG0000510	Syal	Prbg.g_00131	Syal.g_00365
OG0000510	Syag	Prbg.g_00131	Syag.g_02863
OG0000510	Syaq	Prbg.g_00131	Syaq.g_00538
OG0000510	Syan	Prbg.g_00131	Syan.g_02992
OG0000510	Syao	Prbg.g_00131	Syao.g_01756
OG0000510	Syar	Prbg.g_00131	Syar.g_01144
OG0000510	Syat	Prbg.g_00131	Syat.g_01590
OG0000510	Syas	Prbg.g_00131	Syas.g_01520
OG0000510	Syap	Prbg.g_00131	Syap.g_00550
OG0000510	Pral	Prbg.g_00131	Pral.g_00684
OG0000510	Prat	Prbg.g_00131	Prat.g_00362
OG0000510	Pram	Prbg.g_00131	Pram.g_00343
OG0000510	Prbh	Prbg.g_00131	Prbh.g_00424
OG0000510	Prak	Prbg.g_00131	Prak.g_00370
OG0000510	Prap	Prbg.g_00131	Prap.g_01358
OG0000510	Prbe	Prbg.g_00131	Prbe.g_01906
OG0000510	Prbf	Prbg.g_00131	Prbf.g_01692
OG0000510	Prbn	Prbg.g_00131	Prbn.g_00119
OG0000511	Prab	Prbg.g_00132	Prab.g_00336
OG0000511	Pran	Prbg.g_00132	Pran.g_01846
OG0000511	Prai	Prbg.g_00132	Prai.g_00361
OG0000511	Prao	Prbg.g_00132	Prao.g_00483
OG0000511	Prac	Prbg.g_00132	Prac.g_01185
OG0000511	Praq	Prbg.g_00132	Praq.g_01196
OG0000511	Prar	Prbg.g_00132	Prar.g_00409
OG0000511	Prag	Prbg.g_00132	Prag.g_00343
OG0000511	Praw	Prbg.g_00132	Praw.g_00783
OG0000511	Pras	Prbg.g_00132	Pras.g_01202
OG0000511	Prau	Prbg.g_00132	Prau.g_00351
OG0000511	Prax	Prbg.g_00132	Prax.g_00824
OG0000511	Prad	Prbg.g_00132	Prad.g_01642
OG0000511	Prbi	Prbg.g_00132	Prbi.g_00373
OG0000511	Praa	Prbg.g_00132	Praa.g_00348
OG0000511	Prbd	Prbg.g_00132	Prbd.g_00890
OG0000511	Pray	Prbg.g_00132	Pray.g_00827
OG0000511	Praz	Prbg.g_00132	Praz.g_00351
OG0000511	Prba	Prbg.g_00132	Prba.g_00220
OG0000511	Prae	Prbg.g_00132	Prae.g_00348
OG0000511	Prav	Prbg.g_00132	Prav.g_01995
OG0000511	Prbm	Prbg.g_00132	Prbm.g_00414
OG0000511	Prbb	Prbg.g_00132	Prbb.g_00408
OG0000511	Praj	Prbg.g_00132	Praj.g_00394
OG0000511	Prbc	Prbg.g_00132	Prbc.g_01260
OG0000511	Prbj	Prbg.g_00132	Prbj.g_00320
OG0000511	Prbk	Prbg.g_00132	Prbk.g_00892
OG0000511	Prbl	Prbg.g_00132	Prbl.g_01221
OG0000511	Praf	Prbg.g_00132	Praf.g_02027
OG0000511	Prah	Prbg.g_00132	Prah.g_01918
OG0000511	Syad	Prbg.g_00132	Syad.g_00780
OG0000511	Syaj	Prbg.g_00132	Syaj.g_02824
OG0000511	Syae	Prbg.g_00132	Syae.g_02211
OG0000511	Syac	Prbg.g_00132	Syac.g_02001
OG0000511	Syah	Prbg.g_00132	Syah.g_00877
OG0000511	Syai	Prbg.g_00132	Syai.g_00505
OG0000511	Syaf	Prbg.g_00132	Syaf.g_00004
OG0000511	Syam	Prbg.g_00132	Syam.g_00476
OG0000511	Syaa	Prbg.g_00132	Syaa.g_02163
OG0000511	Syat	Prbg.g_00132	Syat.g_01589
OG0000511	Syas	Prbg.g_00132	Syas.g_01519
OG0000511	Syap	Prbg.g_00132	Syap.g_00548
OG0000511	Syar	Prbg.g_00132	Syar.g_01145
OG0000511	Syan	Prbg.g_00132	Syan.g_02991
OG0000511	Syao	Prbg.g_00132	Syao.g_01757
OG0000511	Syaq	Prbg.g_00132	Syaq.g_00537
OG0000511	Syag	Prbg.g_00132	Syag.g_02864
OG0000511	Syak	Prbg.g_00132	Syak.g_01227
OG0000511	Syab	Prbg.g_00132	Syab.g_00541
OG0000511	Syal	Prbg.g_00132	Syal.g_00366
OG0000511	Pral	Prbg.g_00132	Pral.g_00683
OG0000511	Prat	Prbg.g_00132	Prat.g_00363
OG0000511	Pram	Prbg.g_00132	Pram.g_00344
OG0000511	Prbh	Prbg.g_00132	Prbh.g_00423
OG0000511	Prak	Prbg.g_00132	Prak.g_00371
OG0000511	Prap	Prbg.g_00132	Prap.g_01357
OG0000511	Prbe	Prbg.g_00132	Prbe.g_01907
OG0000511	Prbf	Prbg.g_00132	Prbf.g_01693
OG0000511	Prbn	Prbg.g_00132	Prbn.g_00120
OG0000512	Prai	Prbg.g_01942	Prai.g_00363
OG0000512	Prab	Prbg.g_01942	Prab.g_00338
OG0000512	Pran	Prbg.g_01942	Pran.g_01844
OG0000512	Praa	Prbg.g_01942	Praa.g_00350
OG0000512	Prad	Prbg.g_01942	Prad.g_00760
OG0000512	Prae	Prbg.g_01942	Prae.g_00350
OG0000512	Prao	Prbg.g_01942	Prao.g_00485
OG0000512	Pras	Prbg.g_01942	Pras.g_01204
OG0000512	Prau	Prbg.g_01942	Prau.g_00353
OG0000512	Prav	Prbg.g_01942	Prav.g_01997
OG0000512	Pray	Prbg.g_01942	Pray.g_00829
OG0000512	Praz	Prbg.g_01942	Praz.g_00353
OG0000512	Prba	Prbg.g_01942	Prba.g_00222
OG0000512	Prbd	Prbg.g_01942	Prbd.g_00888
OG0000512	Prbi	Prbg.g_01942	Prbi.g_00375
OG0000512	Prac	Prbg.g_01942	Prac.g_01183
OG0000512	Praq	Prbg.g_01942	Praq.g_01194
OG0000512	Prar	Prbg.g_01942	Prar.g_00411
OG0000512	Prax	Prbg.g_01942	Prax.g_00822
OG0000512	Prag	Prbg.g_01942	Prag.g_00345
OG0000512	Praw	Prbg.g_01942	Praw.g_00781
OG0000512	Prbj	Prbg.g_01942	Prbj.g_00318
OG0000512	Prbk	Prbg.g_01942	Prbk.g_00894
OG0000512	Prbl	Prbg.g_01942	Prbl.g_01223
OG0000512	Praf	Prbg.g_01942	Praf.g_02025
OG0000512	Prah	Prbg.g_01942	Prah.g_01916
OG0000512	Syap	Prbg.g_01942	Syap.g_02145
OG0000512	Syas	Prbg.g_01942	Syas.g_01517
OG0000512	Syar	Prbg.g_01942	Syar.g_01147
OG0000512	Syat	Prbg.g_01942	Syat.g_01587
OG0000512	Syao	Prbg.g_01942	Syao.g_01759
OG0000512	Syan	Prbg.g_01942	Syan.g_02989
OG0000512	Syag	Prbg.g_01942	Syag.g_02866
OG0000512	Syab	Prbg.g_01942	Syab.g_00543
OG0000512	Syal	Prbg.g_01942	Syal.g_00368
OG0000512	Syaq	Prbg.g_01942	Syaq.g_00535
OG0000512	Syak	Prbg.g_01942	Syak.g_01225
OG0000512	Syad	Prbg.g_01942	Syad.g_00782
OG0000512	Syaj	Prbg.g_01942	Syaj.g_02826
OG0000512	Syae	Prbg.g_01942	Syae.g_02213
OG0000512	Syaa	Prbg.g_01942	Syaa.g_02161
OG0000512	Syah	Prbg.g_01942	Syah.g_00879
OG0000512	Syac	Prbg.g_01942	Syac.g_01999
OG0000512	Syaf	Prbg.g_01942	Syaf.g_00002
OG0000512	Syai	Prbg.g_01942	Syai.g_00507
OG0000512	Syam	Prbg.g_01942	Syam.g_00478
OG0000512	Pram	Prbg.g_01942	Pram.g_00346
OG0000512	Prbh	Prbg.g_01942	Prbh.g_00421
OG0000512	Praj	Prbg.g_01942	Praj.g_00396
OG0000512	Prbb	Prbg.g_01942	Prbb.g_00410
OG0000512	Prbc	Prbg.g_01942	Prbc.g_01262
OG0000512	Prbm	Prbg.g_01942	Prbm.g_00416
OG0000512	Pral	Prbg.g_01942	Pral.g_00681
OG0000512	Prat	Prbg.g_01942	Prat.g_00365
OG0000512	Prak	Prbg.g_01942	Prak.g_00373
OG0000512	Prap	Prbg.g_01942	Prap.g_01355
OG0000512	Prbe	Prbg.g_01942	Prbe.g_01909
OG0000512	Prbf	Prbg.g_01942	Prbf.g_01695
OG0000512	Prbn	Prbg.g_01942	Prbn.g_00122
OG0000513	Prae	Prbg.g_00140	Prae.g_00357
OG0000513	Praa	Prbg.g_00140	Praa.g_00357
OG0000513	Prax	Prbg.g_00140	Prax.g_00815
OG0000513	Prao	Prbg.g_00140	Prao.g_00492
OG0000513	Prbd	Prbg.g_00140	Prbd.g_00881
OG0000513	Prbi	Prbg.g_00140	Prbi.g_00382
OG0000513	Prad	Prbg.g_00140	Prad.g_00753
OG0000513	Pray	Prbg.g_00140	Pray.g_00836
OG0000513	Praz	Prbg.g_00140	Praz.g_00816
OG0000513	Prba	Prbg.g_00140	Prba.g_00852
OG0000513	Prag	Prbg.g_00140	Prag.g_00352
OG0000513	Praw	Prbg.g_00140	Praw.g_00774
OG0000513	Prav	Prbg.g_00140	Prav.g_00977
OG0000513	Pras	Prbg.g_00140	Pras.g_01211
OG0000513	Prau	Prbg.g_00140	Prau.g_00360
OG0000513	Prac	Prbg.g_00140	Prac.g_01176
OG0000513	Praq	Prbg.g_00140	Praq.g_01186
OG0000513	Prar	Prbg.g_00140	Prar.g_00418
OG0000513	Prab	Prbg.g_00140	Prab.g_00345
OG0000513	Pran	Prbg.g_00140	Pran.g_01837
OG0000513	Prai	Prbg.g_00140	Prai.g_00370
OG0000513	Pral	Prbg.g_00140	Pral.g_00673
OG0000513	Prat	Prbg.g_00140	Prat.g_00373
OG0000513	Prbm	Prbg.g_00140	Prbm.g_00426
OG0000513	Prbc	Prbg.g_00140	Prbc.g_01271
OG0000513	Praj	Prbg.g_00140	Praj.g_00406
OG0000513	Prbb	Prbg.g_00140	Prbb.g_00419
OG0000513	Praf	Prbg.g_00140	Praf.g_02011
OG0000513	Prah	Prbg.g_00140	Prah.g_00209
OG0000513	Prbj	Prbg.g_00140	Prbj.g_00068
OG0000513	Prbk	Prbg.g_00140	Prbk.g_00360
OG0000513	Prbl	Prbg.g_00140	Prbl.g_02678
OG0000513	Syar	Prbg.g_00140	Syar.g_01166
OG0000513	Syan	Prbg.g_00140	Syan.g_02320
OG0000513	Syao	Prbg.g_00140	Syao.g_01720
OG0000513	Syap	Prbg.g_00140	Syap.g_02048
OG0000513	Syat	Prbg.g_00140	Syat.g_02957
OG0000513	Syas	Prbg.g_00140	Syas.g_01508
OG0000513	Syae	Prbg.g_00140	Syae.g_02223
OG0000513	Syad	Prbg.g_00140	Syad.g_00789
OG0000513	Syaj	Prbg.g_00140	Syaj.g_02833
OG0000513	Syaa	Prbg.g_00140	Syaa.g_02145
OG0000513	Syac	Prbg.g_00140	Syac.g_01984
OG0000513	Syah	Prbg.g_00140	Syah.g_00892
OG0000513	Syaf	Prbg.g_00140	Syaf.g_02803
OG0000513	Syai	Prbg.g_00140	Syai.g_00521
OG0000513	Syam	Prbg.g_00140	Syam.g_00493
OG0000513	Syag	Prbg.g_00140	Syag.g_00009
OG0000513	Syaq	Prbg.g_00140	Syaq.g_00525
OG0000513	Syak	Prbg.g_00140	Syak.g_01211
OG0000513	Syab	Prbg.g_00140	Syab.g_00555
OG0000513	Syal	Prbg.g_00140	Syal.g_00551
OG0000513	Pram	Prbg.g_00140	Pram.g_00355
OG0000513	Prbh	Prbg.g_00140	Prbh.g_00412
OG0000513	Prak	Prbg.g_00140	Prak.g_00382
OG0000513	Prap	Prbg.g_00140	Prap.g_01346
OG0000513	Prbe	Prbg.g_00140	Prbe.g_01918
OG0000513	Prbf	Prbg.g_00140	Prbf.g_01704
OG0000513	Prbn	Prbg.g_00140	Prbn.g_00693
OG0000514	Prac	Prbg.g_00151	Prac.g_01116
OG0000514	Praq	Prbg.g_00151	Praq.g_01126
OG0000514	Prar	Prbg.g_00151	Prar.g_00479
OG0000514	Prai	Prbg.g_00151	Prai.g_00462
OG0000514	Prad	Prbg.g_00151	Prad.g_00671
OG0000514	Prag	Prbg.g_00151	Prag.g_00410
OG0000514	Praw	Prbg.g_00151	Praw.g_00716
OG0000514	Prao	Prbg.g_00151	Prao.g_00535
OG0000514	Prae	Prbg.g_00151	Prae.g_00405
OG0000514	Pray	Prbg.g_00151	Pray.g_00921
OG0000514	Praz	Prbg.g_00151	Praz.g_01897
OG0000514	Prba	Prbg.g_00151	Prba.g_01030
OG0000514	Prav	Prbg.g_00151	Prav.g_01030
OG0000514	Prbi	Prbg.g_00151	Prbi.g_00432
OG0000514	Prax	Prbg.g_00151	Prax.g_00769
OG0000514	Praa	Prbg.g_00151	Praa.g_00431
OG0000514	Prbd	Prbg.g_00151	Prbd.g_00811
OG0000514	Prab	Prbg.g_00151	Prab.g_00434
OG0000514	Pran	Prbg.g_00151	Pran.g_01749
OG0000514	Pras	Prbg.g_00151	Pras.g_01309
OG0000514	Prau	Prbg.g_00151	Prau.g_00472
OG0000514	Praj	Prbg.g_00151	Praj.g_00425
OG0000514	Prbm	Prbg.g_00151	Prbm.g_00440
OG0000514	Prbc	Prbg.g_00151	Prbc.g_01492
OG0000514	Prbb	Prbg.g_00151	Prbb.g_00436
OG0000514	Prbj	Prbg.g_00151	Prbj.g_00076
OG0000514	Prbk	Prbg.g_00151	Prbk.g_00352
OG0000514	Prbl	Prbg.g_00151	Prbl.g_00676
OG0000514	Praf	Prbg.g_00151	Praf.g_02002
OG0000514	Prah	Prbg.g_00151	Prah.g_00218
OG0000514	Syar	Prbg.g_00151	Syar.g_01169
OG0000514	Syas	Prbg.g_00151	Syas.g_01504
OG0000514	Syat	Prbg.g_00151	Syat.g_02962
OG0000514	Syao	Prbg.g_00151	Syao.g_01727
OG0000514	Syan	Prbg.g_00151	Syan.g_02326
OG0000514	Syap	Prbg.g_00151	Syap.g_02051
OG0000514	Syag	Prbg.g_00151	Syag.g_00018
OG0000514	Syab	Prbg.g_00151	Syab.g_00566
OG0000514	Syal	Prbg.g_00151	Syal.g_00539
OG0000514	Syak	Prbg.g_00151	Syak.g_01204
OG0000514	Syaq	Prbg.g_00151	Syaq.g_00514
OG0000514	Syaa	Prbg.g_00151	Syaa.g_02118
OG0000514	Syae	Prbg.g_00151	Syae.g_02229
OG0000514	Syad	Prbg.g_00151	Syad.g_00795
OG0000514	Syaj	Prbg.g_00151	Syaj.g_02839
OG0000514	Syac	Prbg.g_00151	Syac.g_01977
OG0000514	Syah	Prbg.g_00151	Syah.g_00899
OG0000514	Syaf	Prbg.g_00151	Syaf.g_02796
OG0000514	Syai	Prbg.g_00151	Syai.g_00528
OG0000514	Syam	Prbg.g_00151	Syam.g_00499
OG0000514	Pral	Prbg.g_00151	Pral.g_00663
OG0000514	Prat	Prbg.g_00151	Prat.g_00390
OG0000514	Pram	Prbg.g_00151	Pram.g_00366
OG0000514	Prbh	Prbg.g_00151	Prbh.g_00401
OG0000514	Prak	Prbg.g_00151	Prak.g_00393
OG0000514	Prap	Prbg.g_00151	Prap.g_01335
OG0000514	Prbe	Prbg.g_00151	Prbe.g_01929
OG0000514	Prbf	Prbg.g_00151	Prbf.g_01715
OG0000514	Prbn	Prbg.g_00151	Prbn.g_00682
OG0000515	Prab	Prbg.g_00152	Prab.g_00435
OG0000515	Pran	Prbg.g_00152	Pran.g_01748
OG0000515	Prai	Prbg.g_00152	Prai.g_00463
OG0000515	Prac	Prbg.g_00152	Prac.g_01115
OG0000515	Praq	Prbg.g_00152	Praq.g_01125
OG0000515	Prar	Prbg.g_00152	Prar.g_00480
OG0000515	Prag	Prbg.g_00152	Prag.g_00411
OG0000515	Praw	Prbg.g_00152	Praw.g_00715
OG0000515	Prao	Prbg.g_00152	Prao.g_00536
OG0000515	Prav	Prbg.g_00152	Prav.g_01031
OG0000515	Pras	Prbg.g_00152	Pras.g_01310
OG0000515	Prau	Prbg.g_00152	Prau.g_00473
OG0000515	Prad	Prbg.g_00152	Prad.g_00670
OG0000515	Prbi	Prbg.g_00152	Prbi.g_00433
OG0000515	Prae	Prbg.g_00152	Prae.g_00406
OG0000515	Pray	Prbg.g_00152	Pray.g_00922
OG0000515	Praz	Prbg.g_00152	Praz.g_01896
OG0000515	Prba	Prbg.g_00152	Prba.g_01029
OG0000515	Prbd	Prbg.g_00152	Prbd.g_00810
OG0000515	Praa	Prbg.g_00152	Praa.g_00432
OG0000515	Prax	Prbg.g_00152	Prax.g_00768
OG0000515	Prbm	Prbg.g_00152	Prbm.g_00441
OG0000515	Praj	Prbg.g_00152	Praj.g_00426
OG0000515	Prbb	Prbg.g_00152	Prbb.g_00437
OG0000515	Prbc	Prbg.g_00152	Prbc.g_01493
OG0000515	Praf	Prbg.g_00152	Praf.g_02001
OG0000515	Prah	Prbg.g_00152	Prah.g_00219
OG0000515	Prbj	Prbg.g_00152	Prbj.g_00077
OG0000515	Prbk	Prbg.g_00152	Prbk.g_00351
OG0000515	Prbl	Prbg.g_00152	Prbl.g_00675
OG0000515	Syak	Prbg.g_00152	Syak.g_01203
OG0000515	Syaq	Prbg.g_00152	Syaq.g_00513
OG0000515	Syag	Prbg.g_00152	Syag.g_00019
OG0000515	Syab	Prbg.g_00152	Syab.g_00567
OG0000515	Syal	Prbg.g_00152	Syal.g_00538
OG0000515	Syad	Prbg.g_00152	Syad.g_00796
OG0000515	Syaj	Prbg.g_00152	Syaj.g_02840
OG0000515	Syaa	Prbg.g_00152	Syaa.g_02117
OG0000515	Syae	Prbg.g_00152	Syae.g_02230
OG0000515	Syac	Prbg.g_00152	Syac.g_01976
OG0000515	Syah	Prbg.g_00152	Syah.g_00900
OG0000515	Syam	Prbg.g_00152	Syam.g_00500
OG0000515	Syai	Prbg.g_00152	Syai.g_00529
OG0000515	Syaf	Prbg.g_00152	Syaf.g_02795
OG0000515	Syas	Prbg.g_00152	Syas.g_01503
OG0000515	Syar	Prbg.g_00152	Syar.g_01170
OG0000515	Syat	Prbg.g_00152	Syat.g_02963
OG0000515	Syap	Prbg.g_00152	Syap.g_02052
OG0000515	Syan	Prbg.g_00152	Syan.g_02327
OG0000515	Syao	Prbg.g_00152	Syao.g_01728
OG0000515	Pram	Prbg.g_00152	Pram.g_00367
OG0000515	Prbh	Prbg.g_00152	Prbh.g_00400
OG0000515	Pral	Prbg.g_00152	Pral.g_00662
OG0000515	Prat	Prbg.g_00152	Prat.g_00391
OG0000515	Prak	Prbg.g_00152	Prak.g_00394
OG0000515	Prap	Prbg.g_00152	Prap.g_01334
OG0000515	Prbe	Prbg.g_00152	Prbe.g_01930
OG0000515	Prbf	Prbg.g_00152	Prbf.g_01716
OG0000515	Prbn	Prbg.g_00152	Prbn.g_00681
OG0000516	Prag	Prbg.g_00153	Prag.g_00412
OG0000516	Praw	Prbg.g_00153	Praw.g_00714
OG0000516	Prac	Prbg.g_00153	Prac.g_01114
OG0000516	Praq	Prbg.g_00153	Praq.g_01124
OG0000516	Prar	Prbg.g_00153	Prar.g_00481
OG0000516	Prao	Prbg.g_00153	Prao.g_00537
OG0000516	Prbd	Prbg.g_00153	Prbd.g_00809
OG0000516	Prax	Prbg.g_00153	Prax.g_00767
OG0000516	Prad	Prbg.g_00153	Prad.g_00669
OG0000516	Prbi	Prbg.g_00153	Prbi.g_00434
OG0000516	Pras	Prbg.g_00153	Pras.g_01311
OG0000516	Prau	Prbg.g_00153	Prau.g_00474
OG0000516	Prae	Prbg.g_00153	Prae.g_00407
OG0000516	Pray	Prbg.g_00153	Pray.g_00923
OG0000516	Praz	Prbg.g_00153	Praz.g_01895
OG0000516	Prba	Prbg.g_00153	Prba.g_01028
OG0000516	Praa	Prbg.g_00153	Praa.g_00433
OG0000516	Prav	Prbg.g_00153	Prav.g_01032
OG0000516	Prab	Prbg.g_00153	Prab.g_00436
OG0000516	Pran	Prbg.g_00153	Pran.g_01747
OG0000516	Prai	Prbg.g_00153	Prai.g_00464
OG0000516	Pral	Prbg.g_00153	Pral.g_00661
OG0000516	Prat	Prbg.g_00153	Prat.g_00392
OG0000516	Prbm	Prbg.g_00153	Prbm.g_00442
OG0000516	Praj	Prbg.g_00153	Praj.g_00427
OG0000516	Prbc	Prbg.g_00153	Prbc.g_01494
OG0000516	Prbb	Prbg.g_00153	Prbb.g_00438
OG0000516	Prah	Prbg.g_00153	Prah.g_00221
OG0000516	Praf	Prbg.g_00153	Praf.g_01999
OG0000516	Prbj	Prbg.g_00153	Prbj.g_00089
OG0000516	Prbk	Prbg.g_00153	Prbk.g_00339
OG0000516	Prbl	Prbg.g_00153	Prbl.g_00663
OG0000516	Syak	Prbg.g_00153	Syak.g_01199
OG0000516	Syab	Prbg.g_00153	Syab.g_00575
OG0000516	Syal	Prbg.g_00153	Syal.g_00534
OG0000516	Syag	Prbg.g_00153	Syag.g_00025
OG0000516	Syaq	Prbg.g_00153	Syaq.g_00509
OG0000516	Syat	Prbg.g_00153	Syat.g_02965
OG0000516	Syap	Prbg.g_00153	Syap.g_02054
OG0000516	Syas	Prbg.g_00153	Syas.g_01501
OG0000516	Syar	Prbg.g_00153	Syar.g_01172
OG0000516	Syan	Prbg.g_00153	Syan.g_02389
OG0000516	Syao	Prbg.g_00153	Syao.g_01730
OG0000516	Syaa	Prbg.g_00153	Syaa.g_00698
OG0000516	Syae	Prbg.g_00153	Syae.g_01000
OG0000516	Syad	Prbg.g_00153	Syad.g_02456
OG0000516	Syaj	Prbg.g_00153	Syaj.g_01561
OG0000516	Syac	Prbg.g_00153	Syac.g_00697
OG0000516	Syah	Prbg.g_00153	Syah.g_02231
OG0000516	Syaf	Prbg.g_00153	Syaf.g_01219
OG0000516	Syai	Prbg.g_00153	Syai.g_02223
OG0000516	Syam	Prbg.g_00153	Syam.g_01862
OG0000516	Pram	Prbg.g_00153	Pram.g_00368
OG0000516	Prbh	Prbg.g_00153	Prbh.g_00399
OG0000516	Prak	Prbg.g_00153	Prak.g_00395
OG0000516	Prap	Prbg.g_00153	Prap.g_01333
OG0000516	Prbe	Prbg.g_00153	Prbe.g_01931
OG0000516	Prbf	Prbg.g_00153	Prbf.g_01717
OG0000516	Prbn	Prbg.g_00153	Prbn.g_00680
OG0000517	Prab	Prbg.g_00155	Prab.g_00438
OG0000517	Pran	Prbg.g_00155	Pran.g_01745
OG0000517	Prai	Prbg.g_00155	Prai.g_00466
OG0000517	Prao	Prbg.g_00155	Prao.g_00539
OG0000517	Prae	Prbg.g_00155	Prae.g_00409
OG0000517	Prad	Prbg.g_00155	Prad.g_00667
OG0000517	Prax	Prbg.g_00155	Prax.g_00765
OG0000517	Prbi	Prbg.g_00155	Prbi.g_00436
OG0000517	Prbd	Prbg.g_00155	Prbd.g_00807
OG0000517	Praa	Prbg.g_00155	Praa.g_00435
OG0000517	Pras	Prbg.g_00155	Pras.g_01313
OG0000517	Prau	Prbg.g_00155	Prau.g_00476
OG0000517	Pray	Prbg.g_00155	Pray.g_00925
OG0000517	Praz	Prbg.g_00155	Praz.g_01893
OG0000517	Prba	Prbg.g_00155	Prba.g_01026
OG0000517	Prag	Prbg.g_00155	Prag.g_00414
OG0000517	Praw	Prbg.g_00155	Praw.g_00712
OG0000517	Prac	Prbg.g_00155	Prac.g_01112
OG0000517	Praq	Prbg.g_00155	Praq.g_01122
OG0000517	Prar	Prbg.g_00155	Prar.g_00483
OG0000517	Prav	Prbg.g_00155	Prav.g_01034
OG0000517	Prbm	Prbg.g_00155	Prbm.g_00445
OG0000517	Prbc	Prbg.g_00155	Prbc.g_01496
OG0000517	Praj	Prbg.g_00155	Praj.g_00429
OG0000517	Prbb	Prbg.g_00155	Prbb.g_00440
OG0000517	Syap	Prbg.g_00155	Syap.g_02057
OG0000517	Syas	Prbg.g_00155	Syas.g_01498
OG0000517	Syan	Prbg.g_00155	Syan.g_02395
OG0000517	Syao	Prbg.g_00155	Syao.g_01735
OG0000517	Syar	Prbg.g_00155	Syar.g_01176
OG0000517	Syat	Prbg.g_00155	Syat.g_02969
OG0000517	Prbj	Prbg.g_00155	Prbj.g_00099
OG0000517	Prbk	Prbg.g_00155	Prbk.g_00329
OG0000517	Prbl	Prbg.g_00155	Prbl.g_00653
OG0000517	Praf	Prbg.g_00155	Praf.g_01990
OG0000517	Prah	Prbg.g_00155	Prah.g_00229
OG0000517	Syag	Prbg.g_00155	Syag.g_00032
OG0000517	Syaq	Prbg.g_00155	Syaq.g_00502
OG0000517	Syab	Prbg.g_00155	Syab.g_00582
OG0000517	Syal	Prbg.g_00155	Syal.g_00526
OG0000517	Syae	Prbg.g_00155	Syae.g_00995
OG0000517	Syad	Prbg.g_00155	Syad.g_02451
OG0000517	Syaj	Prbg.g_00155	Syaj.g_01556
OG0000517	Syak	Prbg.g_00155	Syak.g_01192
OG0000517	Syaa	Prbg.g_00155	Syaa.g_00702
OG0000517	Syac	Prbg.g_00155	Syac.g_00691
OG0000517	Syah	Prbg.g_00155	Syah.g_02237
OG0000517	Syai	Prbg.g_00155	Syai.g_02229
OG0000517	Syaf	Prbg.g_00155	Syaf.g_01213
OG0000517	Syam	Prbg.g_00155	Syam.g_01868
OG0000517	Pral	Prbg.g_00155	Pral.g_00659
OG0000517	Prat	Prbg.g_00155	Prat.g_00395
OG0000517	Pram	Prbg.g_00155	Pram.g_00370
OG0000517	Prbh	Prbg.g_00155	Prbh.g_00397
OG0000517	Prak	Prbg.g_00155	Prak.g_00397
OG0000517	Prap	Prbg.g_00155	Prap.g_01331
OG0000517	Prbe	Prbg.g_00155	Prbe.g_01933
OG0000517	Prbf	Prbg.g_00155	Prbf.g_01719
OG0000517	Prbn	Prbg.g_00155	Prbn.g_00678
OG0000518	Prab	Prbg.g_00166	Prab.g_00449
OG0000518	Pran	Prbg.g_00166	Pran.g_01734
OG0000518	Prai	Prbg.g_00166	Prai.g_00477
OG0000518	Prag	Prbg.g_00166	Prag.g_00425
OG0000518	Praw	Prbg.g_00166	Praw.g_00701
OG0000518	Prav	Prbg.g_00166	Prav.g_01045
OG0000518	Prac	Prbg.g_00166	Prac.g_01101
OG0000518	Praq	Prbg.g_00166	Praq.g_01111
OG0000518	Prar	Prbg.g_00166	Prar.g_00494
OG0000518	Pras	Prbg.g_00166	Pras.g_01324
OG0000518	Prau	Prbg.g_00166	Prau.g_00487
OG0000518	Pray	Prbg.g_00166	Pray.g_00936
OG0000518	Praz	Prbg.g_00166	Praz.g_01882
OG0000518	Prba	Prbg.g_00166	Prba.g_01015
OG0000518	Prbi	Prbg.g_00166	Prbi.g_00447
OG0000518	Praa	Prbg.g_00166	Praa.g_00445
OG0000518	Prao	Prbg.g_00166	Prao.g_00550
OG0000518	Prad	Prbg.g_00166	Prad.g_00061
OG0000518	Prbd	Prbg.g_00166	Prbd.g_00796
OG0000518	Prax	Prbg.g_00166	Prax.g_00754
OG0000518	Prae	Prbg.g_00166	Prae.g_00420
OG0000518	Praj	Prbg.g_00166	Praj.g_00440
OG0000518	Prbm	Prbg.g_00166	Prbm.g_00456
OG0000518	Prbb	Prbg.g_00166	Prbb.g_00451
OG0000518	Prbc	Prbg.g_00166	Prbc.g_01507
OG0000518	Pral	Prbg.g_00166	Pral.g_00647
OG0000518	Prat	Prbg.g_00166	Prat.g_00407
OG0000518	Prbj	Prbg.g_00166	Prbj.g_00111
OG0000518	Prbk	Prbg.g_00166	Prbk.g_00317
OG0000518	Prbl	Prbg.g_00166	Prbl.g_00641
OG0000518	Praf	Prbg.g_00166	Praf.g_01978
OG0000518	Prah	Prbg.g_00166	Prah.g_00241
OG0000518	Syad	Prbg.g_00166	Syad.g_02439
OG0000518	Syaj	Prbg.g_00166	Syaj.g_01544
OG0000518	Syaa	Prbg.g_00166	Syaa.g_00714
OG0000518	Syaf	Prbg.g_00166	Syaf.g_01230
OG0000518	Syai	Prbg.g_00166	Syai.g_02211
OG0000518	Syam	Prbg.g_00166	Syam.g_01851
OG0000518	Syac	Prbg.g_00166	Syac.g_00707
OG0000518	Syah	Prbg.g_00166	Syah.g_02221
OG0000518	Syae	Prbg.g_00166	Syae.g_00983
OG0000518	Syab	Prbg.g_00166	Syab.g_00594
OG0000518	Syal	Prbg.g_00166	Syal.g_00514
OG0000518	Syaq	Prbg.g_00166	Syaq.g_00490
OG0000518	Syag	Prbg.g_00166	Syag.g_00044
OG0000518	Syak	Prbg.g_00166	Syak.g_01180
OG0000518	Syar	Prbg.g_00166	Syar.g_02868
OG0000518	Syan	Prbg.g_00166	Syan.g_01336
OG0000518	Syao	Prbg.g_00166	Syao.g_01621
OG0000518	Syas	Prbg.g_00166	Syas.g_00360, Syas.g_02746
OG0000518	Syat	Prbg.g_00166	Syat.g_01286
OG0000518	Pram	Prbg.g_00166	Pram.g_00381
OG0000518	Prbh	Prbg.g_00166	Prbh.g_00386
OG0000518	Prak	Prbg.g_00166	Prak.g_00408
OG0000518	Prap	Prbg.g_00166	Prap.g_01320
OG0000518	Prbe	Prbg.g_00166	Prbe.g_01944
OG0000518	Prbf	Prbg.g_00166	Prbf.g_01730
OG0000518	Prbn	Prbg.g_00166	Prbn.g_00667
OG0000519	Prab	Prbg.g_00167	Prab.g_00450
OG0000519	Pran	Prbg.g_00167	Pran.g_01733
OG0000519	Prai	Prbg.g_00167	Prai.g_00478
OG0000519	Prav	Prbg.g_00167	Prav.g_01046
OG0000519	Prac	Prbg.g_00167	Prac.g_01100
OG0000519	Praq	Prbg.g_00167	Praq.g_01110
OG0000519	Prar	Prbg.g_00167	Prar.g_00495
OG0000519	Praa	Prbg.g_00167	Praa.g_00446
OG0000519	Pras	Prbg.g_00167	Pras.g_01325
OG0000519	Prau	Prbg.g_00167	Prau.g_00488
OG0000519	Prao	Prbg.g_00167	Prao.g_00551
OG0000519	Prbi	Prbg.g_00167	Prbi.g_00448
OG0000519	Prax	Prbg.g_00167	Prax.g_00753
OG0000519	Prae	Prbg.g_00167	Prae.g_00421
OG0000519	Prad	Prbg.g_00167	Prad.g_00060
OG0000519	Pray	Prbg.g_00167	Pray.g_00937
OG0000519	Praz	Prbg.g_00167	Praz.g_01881
OG0000519	Prba	Prbg.g_00167	Prba.g_01014
OG0000519	Prbd	Prbg.g_00167	Prbd.g_00795
OG0000519	Prag	Prbg.g_00167	Prag.g_00426
OG0000519	Praw	Prbg.g_00167	Praw.g_00700
OG0000519	Praj	Prbg.g_00167	Praj.g_00441
OG0000519	Prbb	Prbg.g_00167	Prbb.g_00452
OG0000519	Prbm	Prbg.g_00167	Prbm.g_00457
OG0000519	Prbc	Prbg.g_00167	Prbc.g_01508
OG0000519	Prbj	Prbg.g_00167	Prbj.g_00112
OG0000519	Prbk	Prbg.g_00167	Prbk.g_00316
OG0000519	Prbl	Prbg.g_00167	Prbl.g_00640
OG0000519	Praf	Prbg.g_00167	Praf.g_01977
OG0000519	Prah	Prbg.g_00167	Prah.g_00242
OG0000519	Syad	Prbg.g_00167	Syad.g_02438
OG0000519	Syaj	Prbg.g_00167	Syaj.g_01543
OG0000519	Syae	Prbg.g_00167	Syae.g_00982
OG0000519	Syaa	Prbg.g_00167	Syaa.g_00715
OG0000519	Syac	Prbg.g_00167	Syac.g_00708
OG0000519	Syah	Prbg.g_00167	Syah.g_02220
OG0000519	Syai	Prbg.g_00167	Syai.g_02210
OG0000519	Syaf	Prbg.g_00167	Syaf.g_01231
OG0000519	Syam	Prbg.g_00167	Syam.g_01850
OG0000519	Syaq	Prbg.g_00167	Syaq.g_00489
OG0000519	Syag	Prbg.g_00167	Syag.g_00045
OG0000519	Syab	Prbg.g_00167	Syab.g_00610
OG0000519	Syal	Prbg.g_00167	Syal.g_00513
OG0000519	Syak	Prbg.g_00167	Syak.g_01179
OG0000519	Syat	Prbg.g_00167	Syat.g_01285
OG0000519	Syar	Prbg.g_00167	Syar.g_02867
OG0000519	Syan	Prbg.g_00167	Syan.g_01335
OG0000519	Syao	Prbg.g_00167	Syao.g_01622
OG0000519	Syas	Prbg.g_00167	Syas.g_02747
OG0000519	Syap	Prbg.g_00167	Syap.g_00457
OG0000519	Pral	Prbg.g_00167	Pral.g_00646
OG0000519	Prat	Prbg.g_00167	Prat.g_00408
OG0000519	Pram	Prbg.g_00167	Pram.g_00382
OG0000519	Prbh	Prbg.g_00167	Prbh.g_00385
OG0000519	Prak	Prbg.g_00167	Prak.g_00409
OG0000519	Prap	Prbg.g_00167	Prap.g_01319
OG0000519	Prbe	Prbg.g_00167	Prbe.g_01945
OG0000519	Prbf	Prbg.g_00167	Prbf.g_01731
OG0000519	Prbn	Prbg.g_00167	Prbn.g_00666
OG0000520	Prab	Prbg.g_00168	Prab.g_00454
OG0000520	Pran	Prbg.g_00168	Pran.g_01729
OG0000520	Prai	Prbg.g_00168	Prai.g_00479
OG0000520	Pray	Prbg.g_00168	Pray.g_00938
OG0000520	Praz	Prbg.g_00168	Praz.g_01880
OG0000520	Prba	Prbg.g_00168	Prba.g_01013
OG0000520	Pras	Prbg.g_00168	Pras.g_01326
OG0000520	Prau	Prbg.g_00168	Prau.g_00489
OG0000520	Prac	Prbg.g_00168	Prac.g_01099
OG0000520	Praq	Prbg.g_00168	Praq.g_01109
OG0000520	Prar	Prbg.g_00168	Prar.g_00496
OG0000520	Prav	Prbg.g_00168	Prav.g_01047
OG0000520	Prao	Prbg.g_00168	Prao.g_00552
OG0000520	Praa	Prbg.g_00168	Praa.g_00447
OG0000520	Prbi	Prbg.g_00168	Prbi.g_00449
OG0000520	Prad	Prbg.g_00168	Prad.g_00059
OG0000520	Prae	Prbg.g_00168	Prae.g_00422
OG0000520	Prbd	Prbg.g_00168	Prbd.g_00794
OG0000520	Prax	Prbg.g_00168	Prax.g_00752
OG0000520	Prag	Prbg.g_00168	Prag.g_00427
OG0000520	Praw	Prbg.g_00168	Praw.g_00699
OG0000520	Prbm	Prbg.g_00168	Prbm.g_00458
OG0000520	Praj	Prbg.g_00168	Praj.g_00442
OG0000520	Prbc	Prbg.g_00168	Prbc.g_01509
OG0000520	Prbb	Prbg.g_00168	Prbb.g_00453
OG0000520	Prbj	Prbg.g_00168	Prbj.g_00113
OG0000520	Prbk	Prbg.g_00168	Prbk.g_00315
OG0000520	Prbl	Prbg.g_00168	Prbl.g_00639
OG0000520	Praf	Prbg.g_00168	Praf.g_01972
OG0000520	Prah	Prbg.g_00168	Prah.g_00247
OG0000520	Syan	Prbg.g_00168	Syan.g_01334
OG0000520	Syao	Prbg.g_00168	Syao.g_01512
OG0000520	Syap	Prbg.g_00168	Syap.g_00456
OG0000520	Syas	Prbg.g_00168	Syas.g_02748
OG0000520	Syar	Prbg.g_00168	Syar.g_02866
OG0000520	Syat	Prbg.g_00168	Syat.g_01284
OG0000520	Syae	Prbg.g_00168	Syae.g_00981
OG0000520	Syac	Prbg.g_00168	Syac.g_00709
OG0000520	Syah	Prbg.g_00168	Syah.g_02219
OG0000520	Syad	Prbg.g_00168	Syad.g_02437
OG0000520	Syaj	Prbg.g_00168	Syaj.g_01542
OG0000520	Syai	Prbg.g_00168	Syai.g_02209
OG0000520	Syam	Prbg.g_00168	Syam.g_01849
OG0000520	Syaf	Prbg.g_00168	Syaf.g_01235
OG0000520	Syaa	Prbg.g_00168	Syaa.g_00716
OG0000520	Syab	Prbg.g_00168	Syab.g_00611
OG0000520	Syal	Prbg.g_00168	Syal.g_00512
OG0000520	Syag	Prbg.g_00168	Syag.g_00046
OG0000520	Syak	Prbg.g_00168	Syak.g_01178
OG0000520	Syaq	Prbg.g_00168	Syaq.g_00488
OG0000520	Pram	Prbg.g_00168	Pram.g_00383
OG0000520	Prbh	Prbg.g_00168	Prbh.g_00384
OG0000520	Prat	Prbg.g_00168	Prat.g_00410
OG0000520	Pral	Prbg.g_00168	Pral.g_00645
OG0000520	Prak	Prbg.g_00168	Prak.g_00410
OG0000520	Prap	Prbg.g_00168	Prap.g_01318
OG0000520	Prbe	Prbg.g_00168	Prbe.g_01946
OG0000520	Prbf	Prbg.g_00168	Prbf.g_01732
OG0000520	Prbn	Prbg.g_00168	Prbn.g_00665
OG0000521	Prai	Prbg.g_00176	Prai.g_00484
OG0000521	Prab	Prbg.g_00176	Prab.g_00459
OG0000521	Pran	Prbg.g_00176	Pran.g_01724
OG0000521	Prac	Prbg.g_00176	Prac.g_01094
OG0000521	Praq	Prbg.g_00176	Praq.g_00502
OG0000521	Prar	Prbg.g_00176	Prar.g_00501
OG0000521	Praa	Prbg.g_00176	Praa.g_00452
OG0000521	Prad	Prbg.g_00176	Prad.g_00054
OG0000521	Prae	Prbg.g_00176	Prae.g_00427
OG0000521	Prao	Prbg.g_00176	Prao.g_00557
OG0000521	Pras	Prbg.g_00176	Pras.g_01331
OG0000521	Prau	Prbg.g_00176	Prau.g_00494
OG0000521	Prav	Prbg.g_00176	Prav.g_01052
OG0000521	Prax	Prbg.g_00176	Prax.g_00747
OG0000521	Pray	Prbg.g_00176	Pray.g_00943
OG0000521	Praz	Prbg.g_00176	Praz.g_01875
OG0000521	Prba	Prbg.g_00176	Prba.g_01008
OG0000521	Prbd	Prbg.g_00176	Prbd.g_00789
OG0000521	Prbi	Prbg.g_00176	Prbi.g_00454
OG0000521	Prag	Prbg.g_00176	Prag.g_00432
OG0000521	Praw	Prbg.g_00176	Praw.g_00694
OG0000521	Prbb	Prbg.g_00176	Prbb.g_00458
OG0000521	Prbc	Prbg.g_00176	Prbc.g_01514
OG0000521	Praj	Prbg.g_00176	Praj.g_00447
OG0000521	Prbm	Prbg.g_00176	Prbm.g_00480
OG0000521	Praf	Prbg.g_00176	Praf.g_01959
OG0000521	Prah	Prbg.g_00176	Prah.g_00255
OG0000521	Prbj	Prbg.g_00176	Prbj.g_01894
OG0000521	Prbk	Prbg.g_00176	Prbk.g_00301
OG0000521	Prbl	Prbg.g_00176	Prbl.g_00625
OG0000521	Syat	Prbg.g_00176	Syat.g_01319
OG0000521	Syap	Prbg.g_00176	Syap.g_01997
OG0000521	Syar	Prbg.g_00176	Syar.g_01419
OG0000521	Syas	Prbg.g_00176	Syas.g_01281
OG0000521	Syan	Prbg.g_00176	Syan.g_02805
OG0000521	Syao	Prbg.g_00176	Syao.g_00061
OG0000521	Syae	Prbg.g_00176	Syae.g_02491
OG0000521	Syad	Prbg.g_00176	Syad.g_01108
OG0000521	Syaj	Prbg.g_00176	Syaj.g_00271
OG0000521	Syac	Prbg.g_00176	Syac.g_01721
OG0000521	Syah	Prbg.g_00176	Syah.g_01202
OG0000521	Syaq	Prbg.g_00176	Syaq.g_00477
OG0000521	Syak	Prbg.g_00176	Syak.g_01167
OG0000521	Syab	Prbg.g_00176	Syab.g_00624
OG0000521	Syal	Prbg.g_00176	Syal.g_00502
OG0000521	Syag	Prbg.g_00176	Syag.g_00054
OG0000521	Syai	Prbg.g_00176	Syai.g_00842
OG0000521	Syam	Prbg.g_00176	Syam.g_01696
OG0000521	Syaf	Prbg.g_00176	Syaf.g_02542
OG0000521	Syaa	Prbg.g_00176	Syaa.g_01864
OG0000521	Prat	Prbg.g_00176	Prat.g_00415
OG0000521	Pral	Prbg.g_00176	Pral.g_00635
OG0000521	Pram	Prbg.g_00176	Pram.g_00393
OG0000521	Prbh	Prbg.g_00176	Prbh.g_00374
OG0000521	Prak	Prbg.g_00176	Prak.g_00418
OG0000521	Prap	Prbg.g_00176	Prap.g_01310
OG0000521	Prbe	Prbg.g_00176	Prbe.g_00676
OG0000521	Prbf	Prbg.g_00176	Prbf.g_01740
OG0000521	Prbn	Prbg.g_00176	Prbn.g_00657
OG0000522	Prab	Prbg.g_00178	Prab.g_00460
OG0000522	Pran	Prbg.g_00178	Pran.g_01723
OG0000522	Prac	Prbg.g_00178	Prac.g_01092
OG0000522	Praq	Prbg.g_00178	Praq.g_00504
OG0000522	Prar	Prbg.g_00178	Prar.g_00503
OG0000522	Prai	Prbg.g_00178	Prai.g_00486
OG0000522	Prao	Prbg.g_00178	Prao.g_00559
OG0000522	Pray	Prbg.g_00178	Pray.g_00945
OG0000522	Praz	Prbg.g_00178	Praz.g_01873
OG0000522	Prba	Prbg.g_00178	Prba.g_01006
OG0000522	Prav	Prbg.g_00178	Prav.g_01053
OG0000522	Prae	Prbg.g_00178	Prae.g_00429
OG0000522	Pras	Prbg.g_00178	Pras.g_01332
OG0000522	Prbi	Prbg.g_00178	Prbi.g_00456
OG0000522	Praa	Prbg.g_00178	Praa.g_00454
OG0000522	Prag	Prbg.g_00178	Prag.g_00434
OG0000522	Praw	Prbg.g_00178	Praw.g_00692
OG0000522	Prad	Prbg.g_00178	Prad.g_00052
OG0000522	Prax	Prbg.g_00178	Prax.g_00746
OG0000522	Prau	Prbg.g_00178	Prau.g_00496
OG0000522	Prbd	Prbg.g_00178	Prbd.g_00787
OG0000522	Prbm	Prbg.g_00178	Prbm.g_00482
OG0000522	Praj	Prbg.g_00178	Praj.g_00449
OG0000522	Prbb	Prbg.g_00178	Prbb.g_00460
OG0000522	Prbc	Prbg.g_00178	Prbc.g_01516
OG0000522	Pral	Prbg.g_00178	Pral.g_00633
OG0000522	Prat	Prbg.g_00178	Prat.g_00417
OG0000522	Syac	Prbg.g_00178	Syac.g_01719
OG0000522	Syah	Prbg.g_00178	Syah.g_01204
OG0000522	Syag	Prbg.g_00178	Syag.g_00056
OG0000522	Syak	Prbg.g_00178	Syak.g_01163
OG0000522	Syaq	Prbg.g_00178	Syaq.g_00475
OG0000522	Prbj	Prbg.g_00178	Prbj.g_01892
OG0000522	Prbk	Prbg.g_00178	Prbk.g_00299
OG0000522	Prbl	Prbg.g_00178	Prbl.g_00623
OG0000522	Praf	Prbg.g_00178	Praf.g_01957
OG0000522	Prah	Prbg.g_00178	Prah.g_00257
OG0000522	Syab	Prbg.g_00178	Syab.g_00626
OG0000522	Syal	Prbg.g_00178	Syal.g_00500
OG0000522	Syaa	Prbg.g_00178	Syaa.g_01862
OG0000522	Syap	Prbg.g_00178	Syap.g_01995
OG0000522	Syas	Prbg.g_00178	Syas.g_01279
OG0000522	Syan	Prbg.g_00178	Syan.g_02803
OG0000522	Syao	Prbg.g_00178	Syao.g_00059
OG0000522	Syat	Prbg.g_00178	Syat.g_01317
OG0000522	Syar	Prbg.g_00178	Syar.g_01421
OG0000522	Syae	Prbg.g_00178	Syae.g_02493
OG0000522	Syad	Prbg.g_00178	Syad.g_01109
OG0000522	Syaj	Prbg.g_00178	Syaj.g_00273
OG0000522	Syai	Prbg.g_00178	Syai.g_00844
OG0000522	Syaf	Prbg.g_00178	Syaf.g_02538
OG0000522	Syam	Prbg.g_00178	Syam.g_01694
OG0000522	Pram	Prbg.g_00178	Pram.g_00395
OG0000522	Prbh	Prbg.g_00178	Prbh.g_00372
OG0000522	Prak	Prbg.g_00178	Prak.g_00420
OG0000522	Prap	Prbg.g_00178	Prap.g_01308
OG0000522	Prbe	Prbg.g_00178	Prbe.g_00674
OG0000522	Prbf	Prbg.g_00178	Prbf.g_01742
OG0000522	Prbn	Prbg.g_00178	Prbn.g_00655
OG0000523	Prac	Prbg.g_00179	Prac.g_01091
OG0000523	Praq	Prbg.g_00179	Praq.g_00505
OG0000523	Prar	Prbg.g_00179	Prar.g_00504
OG0000523	Prai	Prbg.g_00179	Prai.g_00487
OG0000523	Prao	Prbg.g_00179	Prao.g_00560
OG0000523	Prae	Prbg.g_00179	Prae.g_00430
OG0000523	Pras	Prbg.g_00179	Pras.g_01333
OG0000523	Prad	Prbg.g_00179	Prad.g_00051
OG0000523	Prav	Prbg.g_00179	Prav.g_01054
OG0000523	Prag	Prbg.g_00179	Prag.g_00435
OG0000523	Praw	Prbg.g_00179	Praw.g_00691
OG0000523	Pray	Prbg.g_00179	Pray.g_00946
OG0000523	Praz	Prbg.g_00179	Praz.g_01872
OG0000523	Prba	Prbg.g_00179	Prba.g_01005
OG0000523	Praa	Prbg.g_00179	Praa.g_00455
OG0000523	Prbi	Prbg.g_00179	Prbi.g_00457
OG0000523	Prau	Prbg.g_00179	Prau.g_00497
OG0000523	Prbd	Prbg.g_00179	Prbd.g_00786
OG0000523	Prax	Prbg.g_00179	Prax.g_00745
OG0000523	Prab	Prbg.g_00179	Prab.g_00461
OG0000523	Pran	Prbg.g_00179	Pran.g_01722
OG0000523	Praj	Prbg.g_00179	Praj.g_00450
OG0000523	Prbc	Prbg.g_00179	Prbc.g_01517
OG0000523	Prbb	Prbg.g_00179	Prbb.g_00461
OG0000523	Prbm	Prbg.g_00179	Prbm.g_00483
OG0000523	Syak	Prbg.g_00179	Syak.g_01162
OG0000523	Syab	Prbg.g_00179	Syab.g_00627
OG0000523	Syal	Prbg.g_00179	Syal.g_00499
OG0000523	Syag	Prbg.g_00179	Syag.g_00057
OG0000523	Syaq	Prbg.g_00179	Syaq.g_00474
OG0000523	Syar	Prbg.g_00179	Syar.g_01422
OG0000523	Syap	Prbg.g_00179	Syap.g_02507
OG0000523	Syas	Prbg.g_00179	Syas.g_01278
OG0000523	Syan	Prbg.g_00179	Syan.g_02802
OG0000523	Syao	Prbg.g_00179	Syao.g_00058
OG0000523	Syat	Prbg.g_00179	Syat.g_01316
OG0000523	Prbj	Prbg.g_00179	Prbj.g_01891
OG0000523	Prbk	Prbg.g_00179	Prbk.g_00298
OG0000523	Prbl	Prbg.g_00179	Prbl.g_00622
OG0000523	Praf	Prbg.g_00179	Praf.g_01956
OG0000523	Prah	Prbg.g_00179	Prah.g_00258
OG0000523	Syad	Prbg.g_00179	Syad.g_01110
OG0000523	Syaj	Prbg.g_00179	Syaj.g_00274
OG0000523	Syaa	Prbg.g_00179	Syaa.g_01859
OG0000523	Syam	Prbg.g_00179	Syam.g_01693
OG0000523	Syai	Prbg.g_00179	Syai.g_00845
OG0000523	Syaf	Prbg.g_00179	Syaf.g_02537
OG0000523	Syae	Prbg.g_00179	Syae.g_02494
OG0000523	Syac	Prbg.g_00179	Syac.g_01718
OG0000523	Syah	Prbg.g_00179	Syah.g_01205
OG0000523	Pral	Prbg.g_00179	Pral.g_00632
OG0000523	Prat	Prbg.g_00179	Prat.g_00418
OG0000523	Pram	Prbg.g_00179	Pram.g_00396
OG0000523	Prbh	Prbg.g_00179	Prbh.g_00371
OG0000523	Prak	Prbg.g_00179	Prak.g_00421
OG0000523	Prap	Prbg.g_00179	Prap.g_01307
OG0000523	Prbe	Prbg.g_00179	Prbe.g_00673
OG0000523	Prbf	Prbg.g_00179	Prbf.g_01743
OG0000523	Prbn	Prbg.g_00179	Prbn.g_00654
OG0000524	Praa	Prbg.g_00184	Praa.g_00461
OG0000524	Prac	Prbg.g_00184	Prac.g_01084
OG0000524	Prad	Prbg.g_00184	Prad.g_00045
OG0000524	Prae	Prbg.g_00184	Prae.g_00435
OG0000524	Prag	Prbg.g_00184	Prag.g_00440
OG0000524	Prao	Prbg.g_00184	Prao.g_00567
OG0000524	Praq	Prbg.g_00184	Praq.g_00511
OG0000524	Prar	Prbg.g_00184	Prar.g_00510
OG0000524	Pras	Prbg.g_00184	Pras.g_01339
OG0000524	Prau	Prbg.g_00184	Prau.g_00503
OG0000524	Prav	Prbg.g_00184	Prav.g_01059
OG0000524	Praw	Prbg.g_00184	Praw.g_00686
OG0000524	Prax	Prbg.g_00184	Prax.g_00740
OG0000524	Pray	Prbg.g_00184	Pray.g_00951
OG0000524	Praz	Prbg.g_00184	Praz.g_01867
OG0000524	Prba	Prbg.g_00184	Prba.g_01000
OG0000524	Prbd	Prbg.g_00184	Prbd.g_00781
OG0000524	Prbi	Prbg.g_00184	Prbi.g_00463
OG0000524	Prab	Prbg.g_00184	Prab.g_00466
OG0000524	Pran	Prbg.g_00184	Pran.g_01717
OG0000524	Prai	Prbg.g_00184	Prai.g_00492
OG0000524	Prat	Prbg.g_00184	Prat.g_00424
OG0000524	Praf	Prbg.g_00184	Praf.g_01942
OG0000524	Prah	Prbg.g_00184	Prah.g_00290
OG0000524	Prbj	Prbg.g_00184	Prbj.g_00152
OG0000524	Prbk	Prbg.g_00184	Prbk.g_02088
OG0000524	Prbl	Prbg.g_00184	Prbl.g_01364
OG0000524	Syal	Prbg.g_00184	Syal.g_00491
OG0000524	Syaq	Prbg.g_00184	Syaq.g_00469
OG0000524	Syag	Prbg.g_00184	Syag.g_01327
OG0000524	Syak	Prbg.g_00184	Syak.g_01149
OG0000524	Syab	Prbg.g_00184	Syab.g_00640
OG0000524	Syae	Prbg.g_00184	Syae.g_02501
OG0000524	Syah	Prbg.g_00184	Syah.g_01207
OG0000524	Syan	Prbg.g_00184	Syan.g_02878
OG0000524	Syap	Prbg.g_00184	Syap.g_02135
OG0000524	Syao	Prbg.g_00184	Syao.g_02699
OG0000524	Syas	Prbg.g_00184	Syas.g_01354
OG0000524	Syar	Prbg.g_00184	Syar.g_01244
OG0000524	Syat	Prbg.g_00184	Syat.g_01409
OG0000524	Syac	Prbg.g_00184	Syac.g_01716
OG0000524	Syaj	Prbg.g_00184	Syaj.g_01485
OG0000524	Syaa	Prbg.g_00184	Syaa.g_01856
OG0000524	Syaf	Prbg.g_00184	Syaf.g_02531
OG0000524	Syai	Prbg.g_00184	Syai.g_00852
OG0000524	Syam	Prbg.g_00184	Syam.g_01681
OG0000524	Syad	Prbg.g_00184	Syad.g_02386
OG0000524	Pral	Prbg.g_00184	Pral.g_00627
OG0000524	Praj	Prbg.g_00184	Praj.g_00457
OG0000524	Prbb	Prbg.g_00184	Prbb.g_00468
OG0000524	Prbm	Prbg.g_00184	Prbm.g_00490
OG0000524	Prbc	Prbg.g_00184	Prbc.g_01524
OG0000524	Pram	Prbg.g_00184	Pram.g_00400
OG0000524	Prbh	Prbg.g_00184	Prbh.g_00367
OG0000524	Prak	Prbg.g_00184	Prak.g_00426
OG0000524	Prap	Prbg.g_00184	Prap.g_01302
OG0000524	Prbe	Prbg.g_00184	Prbe.g_00668
OG0000524	Prbf	Prbg.g_00184	Prbf.g_01748
OG0000524	Prbn	Prbg.g_00184	Prbn.g_00649
OG0000525	Prab	Prbg.g_00188	Prab.g_00469
OG0000525	Pran	Prbg.g_00188	Pran.g_01714
OG0000525	Prai	Prbg.g_00188	Prai.g_00495
OG0000525	Praa	Prbg.g_00188	Praa.g_00464
OG0000525	Prac	Prbg.g_00188	Prac.g_01081
OG0000525	Praq	Prbg.g_00188	Praq.g_00514
OG0000525	Prar	Prbg.g_00188	Prar.g_00513
OG0000525	Prag	Prbg.g_00188	Prag.g_00443
OG0000525	Praw	Prbg.g_00188	Praw.g_00683
OG0000525	Prav	Prbg.g_00188	Prav.g_01062
OG0000525	Pray	Prbg.g_00188	Pray.g_00954
OG0000525	Praz	Prbg.g_00188	Praz.g_01864
OG0000525	Prba	Prbg.g_00188	Prba.g_00997
OG0000525	Prbd	Prbg.g_00188	Prbd.g_00778
OG0000525	Prao	Prbg.g_00188	Prao.g_00570
OG0000525	Pras	Prbg.g_00188	Pras.g_01342
OG0000525	Prax	Prbg.g_00188	Prax.g_00737
OG0000525	Prbi	Prbg.g_00188	Prbi.g_00466
OG0000525	Prad	Prbg.g_00188	Prad.g_00042
OG0000525	Prau	Prbg.g_00188	Prau.g_00506
OG0000525	Prae	Prbg.g_00188	Prae.g_00438
OG0000525	Prbc	Prbg.g_00188	Prbc.g_01528
OG0000525	Prbb	Prbg.g_00188	Prbb.g_00472
OG0000525	Praj	Prbg.g_00188	Praj.g_00461
OG0000525	Prbm	Prbg.g_00188	Prbm.g_00494
OG0000525	Praf	Prbg.g_00188	Praf.g_01915
OG0000525	Prbj	Prbg.g_00188	Prbj.g_00136
OG0000525	Prbk	Prbg.g_00188	Prbk.g_02105
OG0000525	Prbl	Prbg.g_00188	Prbl.g_01348
OG0000525	Prah	Prbg.g_00188	Prah.g_00304
OG0000525	Syag	Prbg.g_00188	Syag.g_01345
OG0000525	Syak	Prbg.g_00188	Syak.g_01130
OG0000525	Syaq	Prbg.g_00188	Syaq.g_00450
OG0000525	Syab	Prbg.g_00188	Syab.g_00671
OG0000525	Syal	Prbg.g_00188	Syal.g_00473
OG0000525	Syan	Prbg.g_00188	Syan.g_02853
OG0000525	Syao	Prbg.g_00188	Syao.g_02691
OG0000525	Syat	Prbg.g_00188	Syat.g_01382
OG0000525	Syar	Prbg.g_00188	Syar.g_01263
OG0000525	Syap	Prbg.g_00188	Syap.g_02159
OG0000525	Syas	Prbg.g_00188	Syas.g_01342
OG0000525	Syaa	Prbg.g_00188	Syaa.g_01851
OG0000525	Syac	Prbg.g_00188	Syac.g_01709
OG0000525	Syah	Prbg.g_00188	Syah.g_01212
OG0000525	Syaf	Prbg.g_00188	Syaf.g_02507
OG0000525	Syai	Prbg.g_00188	Syai.g_00856
OG0000525	Syam	Prbg.g_00188	Syam.g_01677
OG0000525	Syae	Prbg.g_00188	Syae.g_02520
OG0000525	Syad	Prbg.g_00188	Syad.g_02363
OG0000525	Syaj	Prbg.g_00188	Syaj.g_01454
OG0000525	Pral	Prbg.g_00188	Pral.g_00623
OG0000525	Prat	Prbg.g_00188	Prat.g_00428
OG0000525	Pram	Prbg.g_00188	Pram.g_00404
OG0000525	Prbh	Prbg.g_00188	Prbh.g_00363
OG0000525	Prak	Prbg.g_00188	Prak.g_00430
OG0000525	Prap	Prbg.g_00188	Prap.g_01298
OG0000525	Prbe	Prbg.g_00188	Prbe.g_00664
OG0000525	Prbf	Prbg.g_00188	Prbf.g_01752
OG0000525	Prbn	Prbg.g_00188	Prbn.g_00645
OG0000526	Prab	Prbg.g_00189	Prab.g_00470
OG0000526	Pran	Prbg.g_00189	Pran.g_01713
OG0000526	Prai	Prbg.g_00189	Prai.g_00496
OG0000526	Prax	Prbg.g_00189	Prax.g_00736
OG0000526	Prad	Prbg.g_00189	Prad.g_00041
OG0000526	Prao	Prbg.g_00189	Prao.g_00571
OG0000526	Prag	Prbg.g_00189	Prag.g_00444
OG0000526	Praw	Prbg.g_00189	Praw.g_00682
OG0000526	Pray	Prbg.g_00189	Pray.g_00955
OG0000526	Praz	Prbg.g_00189	Praz.g_01863
OG0000526	Prba	Prbg.g_00189	Prba.g_00996
OG0000526	Prbi	Prbg.g_00189	Prbi.g_00467
OG0000526	Prac	Prbg.g_00189	Prac.g_01080
OG0000526	Praq	Prbg.g_00189	Praq.g_00515
OG0000526	Prar	Prbg.g_00189	Prar.g_00514
OG0000526	Prav	Prbg.g_00189	Prav.g_01063
OG0000526	Prae	Prbg.g_00189	Prae.g_00439
OG0000526	Pras	Prbg.g_00189	Pras.g_01343
OG0000526	Prau	Prbg.g_00189	Prau.g_00507
OG0000526	Praa	Prbg.g_00189	Praa.g_00465
OG0000526	Prbd	Prbg.g_00189	Prbd.g_00777
OG0000526	Prbc	Prbg.g_00189	Prbc.g_01529
OG0000526	Prbm	Prbg.g_00189	Prbm.g_00495
OG0000526	Praj	Prbg.g_00189	Praj.g_00462
OG0000526	Prbb	Prbg.g_00189	Prbb.g_00473
OG0000526	Pral	Prbg.g_00189	Pral.g_00622
OG0000526	Prat	Prbg.g_00189	Prat.g_00429
OG0000526	Prbj	Prbg.g_00189	Prbj.g_00134
OG0000526	Prbk	Prbg.g_00189	Prbk.g_02107
OG0000526	Prbl	Prbg.g_00189	Prbl.g_01346
OG0000526	Praf	Prbg.g_00189	Praf.g_01913
OG0000526	Prah	Prbg.g_00189	Prah.g_00306
OG0000526	Syab	Prbg.g_00189	Syab.g_00689
OG0000526	Syal	Prbg.g_00189	Syal.g_00471
OG0000526	Syak	Prbg.g_00189	Syak.g_01127
OG0000526	Syaq	Prbg.g_00189	Syaq.g_00448
OG0000526	Syat	Prbg.g_00189	Syat.g_01380
OG0000526	Syap	Prbg.g_00189	Syap.g_02157
OG0000526	Syas	Prbg.g_00189	Syas.g_01340
OG0000526	Syar	Prbg.g_00189	Syar.g_01266
OG0000526	Syan	Prbg.g_00189	Syan.g_02852
OG0000526	Syao	Prbg.g_00189	Syao.g_02688
OG0000526	Syag	Prbg.g_00189	Syag.g_01348
OG0000526	Syad	Prbg.g_00189	Syad.g_02360
OG0000526	Syaj	Prbg.g_00189	Syaj.g_01451
OG0000526	Syac	Prbg.g_00189	Syac.g_01706
OG0000526	Syah	Prbg.g_00189	Syah.g_01215
OG0000526	Syam	Prbg.g_00189	Syam.g_01674
OG0000526	Syai	Prbg.g_00189	Syai.g_00859
OG0000526	Syaf	Prbg.g_00189	Syaf.g_02504
OG0000526	Syae	Prbg.g_00189	Syae.g_02523
OG0000526	Syaa	Prbg.g_00189	Syaa.g_01848
OG0000526	Pram	Prbg.g_00189	Pram.g_00406
OG0000526	Prbh	Prbg.g_00189	Prbh.g_00361
OG0000526	Prak	Prbg.g_00189	Prak.g_00431
OG0000526	Prap	Prbg.g_00189	Prap.g_01297
OG0000526	Prbe	Prbg.g_00189	Prbe.g_00663
OG0000526	Prbf	Prbg.g_00189	Prbf.g_01753
OG0000526	Prbn	Prbg.g_00189	Prbn.g_00644
OG0000527	Prai	Prbg.g_00192	Prai.g_00503
OG0000527	Prab	Prbg.g_00192	Prab.g_00477
OG0000527	Pran	Prbg.g_00192	Pran.g_01705
OG0000527	Pras	Prbg.g_00192	Pras.g_01351
OG0000527	Prau	Prbg.g_00192	Prau.g_00514
OG0000527	Prad	Prbg.g_00192	Prad.g_00034
OG0000527	Prag	Prbg.g_00192	Prag.g_00452
OG0000527	Praw	Prbg.g_00192	Praw.g_00674
OG0000527	Praa	Prbg.g_00192	Praa.g_00473
OG0000527	Prae	Prbg.g_00192	Prae.g_00447
OG0000527	Prbd	Prbg.g_00192	Prbd.g_00769
OG0000527	Prbi	Prbg.g_00192	Prbi.g_00476
OG0000527	Pray	Prbg.g_00192	Pray.g_00963
OG0000527	Praz	Prbg.g_00192	Praz.g_01855
OG0000527	Prba	Prbg.g_00192	Prba.g_00988
OG0000527	Prao	Prbg.g_00192	Prao.g_00579
OG0000527	Prax	Prbg.g_00192	Prax.g_00729
OG0000527	Prac	Prbg.g_00192	Prac.g_01071
OG0000527	Praq	Prbg.g_00192	Praq.g_00524
OG0000527	Prar	Prbg.g_00192	Prar.g_00523
OG0000527	Prav	Prbg.g_00192	Prav.g_01071
OG0000527	Prbm	Prbg.g_00192	Prbm.g_00498
OG0000527	Praj	Prbg.g_00192	Praj.g_00465
OG0000527	Prbb	Prbg.g_00192	Prbb.g_00476
OG0000527	Prbc	Prbg.g_00192	Prbc.g_01532
OG0000527	Prbj	Prbg.g_00192	Prbj.g_00130
OG0000527	Prbk	Prbg.g_00192	Prbk.g_02111
OG0000527	Prbl	Prbg.g_00192	Prbl.g_01342
OG0000527	Praf	Prbg.g_00192	Praf.g_01909
OG0000527	Prah	Prbg.g_00192	Prah.g_00310
OG0000527	Syar	Prbg.g_00192	Syar.g_01271
OG0000527	Syat	Prbg.g_00192	Syat.g_01373
OG0000527	Syap	Prbg.g_00192	Syap.g_02758
OG0000527	Syan	Prbg.g_00192	Syan.g_02848
OG0000527	Syao	Prbg.g_00192	Syao.g_02684
OG0000527	Syas	Prbg.g_00192	Syas.g_01335
OG0000527	Syae	Prbg.g_00192	Syae.g_02528
OG0000527	Syaf	Prbg.g_00192	Syaf.g_02500
OG0000527	Syai	Prbg.g_00192	Syai.g_00863
OG0000527	Syam	Prbg.g_00192	Syam.g_01670
OG0000527	Syaa	Prbg.g_00192	Syaa.g_01844
OG0000527	Syac	Prbg.g_00192	Syac.g_01702
OG0000527	Syah	Prbg.g_00192	Syah.g_01219
OG0000527	Syad	Prbg.g_00192	Syad.g_02355
OG0000527	Syaj	Prbg.g_00192	Syaj.g_01446
OG0000527	Syak	Prbg.g_00192	Syak.g_01120
OG0000527	Syab	Prbg.g_00192	Syab.g_00695
OG0000527	Syal	Prbg.g_00192	Syal.g_00465
OG0000527	Syag	Prbg.g_00192	Syag.g_01354
OG0000527	Syaq	Prbg.g_00192	Syaq.g_00444
OG0000527	Pral	Prbg.g_00192	Pral.g_00619
OG0000527	Prat	Prbg.g_00192	Prat.g_00432
OG0000527	Pram	Prbg.g_00192	Pram.g_00409
OG0000527	Prbh	Prbg.g_00192	Prbh.g_00358
OG0000527	Prak	Prbg.g_00192	Prak.g_00434
OG0000527	Prap	Prbg.g_00192	Prap.g_01294
OG0000527	Prbe	Prbg.g_00192	Prbe.g_00660
OG0000527	Prbf	Prbg.g_00192	Prbf.g_01756
OG0000527	Prbn	Prbg.g_00192	Prbn.g_00641
OG0000528	Prab	Prbg.g_00197	Prab.g_00482
OG0000528	Pran	Prbg.g_00197	Pran.g_01700
OG0000528	Prai	Prbg.g_00197	Prai.g_00508
OG0000528	Prag	Prbg.g_00197	Prag.g_00457
OG0000528	Praw	Prbg.g_00197	Praw.g_00669
OG0000528	Pray	Prbg.g_00197	Pray.g_00968
OG0000528	Praz	Prbg.g_00197	Praz.g_01850
OG0000528	Prba	Prbg.g_00197	Prba.g_00983
OG0000528	Prac	Prbg.g_00197	Prac.g_01066
OG0000528	Praq	Prbg.g_00197	Praq.g_00529
OG0000528	Prar	Prbg.g_00197	Prar.g_00528
OG0000528	Prav	Prbg.g_00197	Prav.g_01076
OG0000528	Prad	Prbg.g_00197	Prad.g_00029
OG0000528	Pras	Prbg.g_00197	Pras.g_01356
OG0000528	Prau	Prbg.g_00197	Prau.g_00519
OG0000528	Prax	Prbg.g_00197	Prax.g_00724
OG0000528	Prbd	Prbg.g_00197	Prbd.g_00764
OG0000528	Prbi	Prbg.g_00197	Prbi.g_00481
OG0000528	Prao	Prbg.g_00197	Prao.g_00584
OG0000528	Praa	Prbg.g_00197	Praa.g_00478
OG0000528	Prae	Prbg.g_00197	Prae.g_00452
OG0000528	Praj	Prbg.g_00197	Praj.g_00471
OG0000528	Prbc	Prbg.g_00197	Prbc.g_01538
OG0000528	Prbm	Prbg.g_00197	Prbm.g_00504
OG0000528	Prbb	Prbg.g_00197	Prbb.g_00482
OG0000528	Pral	Prbg.g_00197	Pral.g_00613
OG0000528	Prat	Prbg.g_00197	Prat.g_00438
OG0000528	Praf	Prbg.g_00197	Praf.g_00589
OG0000528	Prbj	Prbg.g_00197	Prbj.g_01635
OG0000528	Prbk	Prbg.g_00197	Prbk.g_02056
OG0000528	Prbl	Prbg.g_00197	Prbl.g_00506
OG0000528	Prah	Prbg.g_00197	Prah.g_01572
OG0000528	Syat	Prbg.g_00197	Syat.g_03167
OG0000528	Syao	Prbg.g_00197	Syao.g_00031
OG0000528	Syan	Prbg.g_00197	Syan.g_02767
OG0000528	Syap	Prbg.g_00197	Syap.g_02261
OG0000528	Syar	Prbg.g_00197	Syar.g_01466
OG0000528	Syas	Prbg.g_00197	Syas.g_01256
OG0000528	Syak	Prbg.g_00197	Syak.g_02570
OG0000528	Syab	Prbg.g_00197	Syab.g_02092
OG0000528	Syal	Prbg.g_00197	Syal.g_02893
OG0000528	Syaq	Prbg.g_00197	Syaq.g_01768
OG0000528	Syaa	Prbg.g_00197	Syaa.g_02054
OG0000528	Syae	Prbg.g_00197	Syae.g_02304
OG0000528	Syad	Prbg.g_00197	Syad.g_00897
OG0000528	Syaj	Prbg.g_00197	Syaj.g_00065
OG0000528	Syac	Prbg.g_00197	Syac.g_01911
OG0000528	Syah	Prbg.g_00197	Syah.g_00991
OG0000528	Syaf	Prbg.g_00197	Syaf.g_02728
OG0000528	Syai	Prbg.g_00197	Syai.g_00633
OG0000528	Syam	Prbg.g_00197	Syam.g_00580
OG0000528	Syag	Prbg.g_00197	Syag.g_01532
OG0000528	Pram	Prbg.g_00197	Pram.g_00414
OG0000528	Prbh	Prbg.g_00197	Prbh.g_00353
OG0000528	Prak	Prbg.g_00197	Prak.g_00439
OG0000528	Prap	Prbg.g_00197	Prap.g_01289
OG0000528	Prbe	Prbg.g_00197	Prbe.g_00655
OG0000528	Prbf	Prbg.g_00197	Prbf.g_01761
OG0000528	Prbn	Prbg.g_00197	Prbn.g_00636
OG0000529	Prab	Prbg.g_00200	Prab.g_00485
OG0000529	Pran	Prbg.g_00200	Pran.g_01697
OG0000529	Prai	Prbg.g_00200	Prai.g_00511
OG0000529	Pray	Prbg.g_00200	Pray.g_00971
OG0000529	Praz	Prbg.g_00200	Praz.g_01847
OG0000529	Prba	Prbg.g_00200	Prba.g_00980
OG0000529	Prag	Prbg.g_00200	Prag.g_00460
OG0000529	Praw	Prbg.g_00200	Praw.g_00666
OG0000529	Prac	Prbg.g_00200	Prac.g_01063
OG0000529	Praq	Prbg.g_00200	Praq.g_00532
OG0000529	Prar	Prbg.g_00200	Prar.g_00531
OG0000529	Pras	Prbg.g_00200	Pras.g_01359
OG0000529	Prau	Prbg.g_00200	Prau.g_00522
OG0000529	Prav	Prbg.g_00200	Prav.g_01079
OG0000529	Prao	Prbg.g_00200	Prao.g_00587
OG0000529	Prae	Prbg.g_00200	Prae.g_00455
OG0000529	Praa	Prbg.g_00200	Praa.g_00481
OG0000529	Prbi	Prbg.g_00200	Prbi.g_00484
OG0000529	Prax	Prbg.g_00200	Prax.g_00721
OG0000529	Prad	Prbg.g_00200	Prad.g_00026
OG0000529	Prbd	Prbg.g_00200	Prbd.g_00761
OG0000529	Pral	Prbg.g_00200	Pral.g_00610
OG0000529	Prat	Prbg.g_00200	Prat.g_00441
OG0000529	Praj	Prbg.g_00200	Praj.g_00474
OG0000529	Prbc	Prbg.g_00200	Prbc.g_01541
OG0000529	Prbm	Prbg.g_00200	Prbm.g_00507
OG0000529	Prbb	Prbg.g_00200	Prbb.g_00486
OG0000529	Prbj	Prbg.g_00200	Prbj.g_01629
OG0000529	Prbk	Prbg.g_00200	Prbk.g_02062
OG0000529	Prbl	Prbg.g_00200	Prbl.g_00512
OG0000529	Praf	Prbg.g_00200	Praf.g_00596
OG0000529	Prah	Prbg.g_00200	Prah.g_01565
OG0000529	Syar	Prbg.g_00200	Syar.g_01470
OG0000529	Syat	Prbg.g_00200	Syat.g_03171
OG0000529	Syas	Prbg.g_00200	Syas.g_01252
OG0000529	Syap	Prbg.g_00200	Syap.g_02254
OG0000529	Syan	Prbg.g_00200	Syan.g_02763
OG0000529	Syao	Prbg.g_00200	Syao.g_00027
OG0000529	Syak	Prbg.g_00200	Syak.g_02575
OG0000529	Syag	Prbg.g_00200	Syag.g_01527
OG0000529	Syaq	Prbg.g_00200	Syaq.g_01773
OG0000529	Syab	Prbg.g_00200	Syab.g_02097
OG0000529	Syal	Prbg.g_00200	Syal.g_02898
OG0000529	Syac	Prbg.g_00200	Syac.g_01903
OG0000529	Syah	Prbg.g_00200	Syah.g_00998
OG0000529	Syae	Prbg.g_00200	Syae.g_02310
OG0000529	Syaa	Prbg.g_00200	Syaa.g_02050
OG0000529	Syad	Prbg.g_00200	Syad.g_00905
OG0000529	Syaj	Prbg.g_00200	Syaj.g_00073
OG0000529	Syaf	Prbg.g_00200	Syaf.g_02720
OG0000529	Syai	Prbg.g_00200	Syai.g_00639
OG0000529	Syam	Prbg.g_00200	Syam.g_00584
OG0000529	Pram	Prbg.g_00200	Pram.g_00417
OG0000529	Prbh	Prbg.g_00200	Prbh.g_00350
OG0000529	Prbf	Prbg.g_00200	Prbf.g_01764
OG0000529	Prak	Prbg.g_00200	Prak.g_00442
OG0000529	Prap	Prbg.g_00200	Prap.g_01286
OG0000529	Prbe	Prbg.g_00200	Prbe.g_00652
OG0000529	Prbn	Prbg.g_00200	Prbn.g_00633
OG0000530	Prab	Prbg.g_00203	Prab.g_00488
OG0000530	Pran	Prbg.g_00203	Pran.g_01694
OG0000530	Prai	Prbg.g_00203	Prai.g_00514
OG0000530	Pray	Prbg.g_00203	Pray.g_00974
OG0000530	Praz	Prbg.g_00203	Praz.g_01844
OG0000530	Prba	Prbg.g_00203	Prba.g_00977
OG0000530	Prac	Prbg.g_00203	Prac.g_01060
OG0000530	Praq	Prbg.g_00203	Praq.g_00535
OG0000530	Prar	Prbg.g_00203	Prar.g_00534
OG0000530	Pras	Prbg.g_00203	Pras.g_01362
OG0000530	Prau	Prbg.g_00203	Prau.g_00525
OG0000530	Prag	Prbg.g_00203	Prag.g_00463
OG0000530	Praw	Prbg.g_00203	Praw.g_00664
OG0000530	Prav	Prbg.g_00203	Prav.g_01082
OG0000530	Prax	Prbg.g_00203	Prax.g_00718
OG0000530	Praa	Prbg.g_00203	Praa.g_00484
OG0000530	Prbi	Prbg.g_00203	Prbi.g_00487
OG0000530	Prad	Prbg.g_00203	Prad.g_00023
OG0000530	Prae	Prbg.g_00203	Prae.g_00458
OG0000530	Prao	Prbg.g_00203	Prao.g_00590
OG0000530	Prbd	Prbg.g_00203	Prbd.g_00758
OG0000530	Prbm	Prbg.g_00203	Prbm.g_00510
OG0000530	Praj	Prbg.g_00203	Praj.g_00477
OG0000530	Prbc	Prbg.g_00203	Prbc.g_01544
OG0000530	Prbb	Prbg.g_00203	Prbb.g_00489
OG0000530	Praf	Prbg.g_00203	Praf.g_00599
OG0000530	Prah	Prbg.g_00203	Prah.g_01562
OG0000530	Prbj	Prbg.g_00203	Prbj.g_01626
OG0000530	Prbk	Prbg.g_00203	Prbk.g_02065
OG0000530	Prbl	Prbg.g_00203	Prbl.g_00515
OG0000530	Syao	Prbg.g_00203	Syao.g_00122
OG0000530	Syap	Prbg.g_00203	Syap.g_02252
OG0000530	Syas	Prbg.g_00203	Syas.g_01249
OG0000530	Syan	Prbg.g_00203	Syan.g_02760
OG0000530	Syar	Prbg.g_00203	Syar.g_01473
OG0000530	Syat	Prbg.g_00203	Syat.g_03174
OG0000530	Syag	Prbg.g_00203	Syag.g_01524
OG0000530	Syaq	Prbg.g_00203	Syaq.g_01776
OG0000530	Syak	Prbg.g_00203	Syak.g_02578
OG0000530	Syab	Prbg.g_00203	Syab.g_02100
OG0000530	Syal	Prbg.g_00203	Syal.g_02901
OG0000530	Syaa	Prbg.g_00203	Syaa.g_02047
OG0000530	Syad	Prbg.g_00203	Syad.g_00908
OG0000530	Syaj	Prbg.g_00203	Syaj.g_00076
OG0000530	Syae	Prbg.g_00203	Syae.g_02313
OG0000530	Syac	Prbg.g_00203	Syac.g_01900
OG0000530	Syah	Prbg.g_00203	Syah.g_01001
OG0000530	Syaf	Prbg.g_00203	Syaf.g_02717
OG0000530	Syai	Prbg.g_00203	Syai.g_00642
OG0000530	Syam	Prbg.g_00203	Syam.g_00587
OG0000530	Pral	Prbg.g_00203	Pral.g_00607
OG0000530	Prat	Prbg.g_00203	Prat.g_00444
OG0000530	Pram	Prbg.g_00203	Pram.g_00420
OG0000530	Prbh	Prbg.g_00203	Prbh.g_00347
OG0000530	Prak	Prbg.g_00203	Prak.g_00445
OG0000530	Prap	Prbg.g_00203	Prap.g_01283
OG0000530	Prbe	Prbg.g_00203	Prbe.g_00649
OG0000530	Prbf	Prbg.g_00203	Prbf.g_01767
OG0000530	Prbn	Prbg.g_00203	Prbn.g_00630
OG0000531	Prab	Prbg.g_00204	Prab.g_00489
OG0000531	Pran	Prbg.g_00204	Pran.g_01693
OG0000531	Prai	Prbg.g_00204	Prai.g_00515
OG0000531	Prad	Prbg.g_00204	Prad.g_00022
OG0000531	Prbi	Prbg.g_00204	Prbi.g_00488
OG0000531	Pray	Prbg.g_00204	Pray.g_00975
OG0000531	Praz	Prbg.g_00204	Praz.g_01843
OG0000531	Prba	Prbg.g_00204	Prba.g_00976
OG0000531	Prae	Prbg.g_00204	Prae.g_00459
OG0000531	Praa	Prbg.g_00204	Praa.g_00485
OG0000531	Prbd	Prbg.g_00204	Prbd.g_00757
OG0000531	Pras	Prbg.g_00204	Pras.g_01363
OG0000531	Prau	Prbg.g_00204	Prau.g_00526
OG0000531	Prao	Prbg.g_00204	Prao.g_00591
OG0000531	Prag	Prbg.g_00204	Prag.g_00464
OG0000531	Praw	Prbg.g_00204	Praw.g_00663
OG0000531	Prav	Prbg.g_00204	Prav.g_01083
OG0000531	Prac	Prbg.g_00204	Prac.g_01059
OG0000531	Praq	Prbg.g_00204	Praq.g_00536
OG0000531	Prar	Prbg.g_00204	Prar.g_00535
OG0000531	Prax	Prbg.g_00204	Prax.g_00717
OG0000531	Praj	Prbg.g_00204	Praj.g_00478
OG0000531	Prbb	Prbg.g_00204	Prbb.g_00490
OG0000531	Prbm	Prbg.g_00204	Prbm.g_00511
OG0000531	Prbc	Prbg.g_00204	Prbc.g_01545
OG0000531	Syag	Prbg.g_00204	Syag.g_01523
OG0000531	Syap	Prbg.g_00204	Syap.g_02251
OG0000531	Syas	Prbg.g_00204	Syas.g_01248
OG0000531	Syar	Prbg.g_00204	Syar.g_01474
OG0000531	Syan	Prbg.g_00204	Syan.g_02759
OG0000531	Syao	Prbg.g_00204	Syao.g_00121
OG0000531	Syat	Prbg.g_00204	Syat.g_03175
OG0000531	Syak	Prbg.g_00204	Syak.g_02579
OG0000531	Syab	Prbg.g_00204	Syab.g_02101
OG0000531	Syal	Prbg.g_00204	Syal.g_02902
OG0000531	Syaq	Prbg.g_00204	Syaq.g_01777
OG0000531	Syaa	Prbg.g_00204	Syaa.g_02046
OG0000531	Syad	Prbg.g_00204	Syad.g_00909
OG0000531	Syaj	Prbg.g_00204	Syaj.g_00077
OG0000531	Syae	Prbg.g_00204	Syae.g_02314
OG0000531	Syac	Prbg.g_00204	Syac.g_01899
OG0000531	Syah	Prbg.g_00204	Syah.g_01002
OG0000531	Syam	Prbg.g_00204	Syam.g_00588
OG0000531	Syai	Prbg.g_00204	Syai.g_00643
OG0000531	Syaf	Prbg.g_00204	Syaf.g_02716
OG0000531	Prbj	Prbg.g_00204	Prbj.g_01625
OG0000531	Prbk	Prbg.g_00204	Prbk.g_02066
OG0000531	Prbl	Prbg.g_00204	Prbl.g_00516
OG0000531	Praf	Prbg.g_00204	Praf.g_00600
OG0000531	Prah	Prbg.g_00204	Prah.g_01561
OG0000531	Pral	Prbg.g_00204	Pral.g_00606
OG0000531	Prat	Prbg.g_00204	Prat.g_00445
OG0000531	Pram	Prbg.g_00204	Pram.g_00421
OG0000531	Prbh	Prbg.g_00204	Prbh.g_00346
OG0000531	Prak	Prbg.g_00204	Prak.g_00446
OG0000531	Prap	Prbg.g_00204	Prap.g_01282
OG0000531	Prbe	Prbg.g_00204	Prbe.g_00648
OG0000531	Prbf	Prbg.g_00204	Prbf.g_01768
OG0000531	Prbn	Prbg.g_00204	Prbn.g_00629
OG0000532	Prag	Prbg.g_00206	Prag.g_00466
OG0000532	Praw	Prbg.g_00206	Praw.g_00661
OG0000532	Prac	Prbg.g_00206	Prac.g_01057
OG0000532	Praq	Prbg.g_00206	Praq.g_00538
OG0000532	Prar	Prbg.g_00206	Prar.g_00537
OG0000532	Prad	Prbg.g_00206	Prad.g_00020
OG0000532	Prav	Prbg.g_00206	Prav.g_01085
OG0000532	Prax	Prbg.g_00206	Prax.g_00715
OG0000532	Pray	Prbg.g_00206	Pray.g_00977
OG0000532	Praz	Prbg.g_00206	Praz.g_01841
OG0000532	Prba	Prbg.g_00206	Prba.g_00974
OG0000532	Prae	Prbg.g_00206	Prae.g_00461
OG0000532	Pras	Prbg.g_00206	Pras.g_01365
OG0000532	Prau	Prbg.g_00206	Prau.g_00528
OG0000532	Prbd	Prbg.g_00206	Prbd.g_00755
OG0000532	Praa	Prbg.g_00206	Praa.g_00487
OG0000532	Prbi	Prbg.g_00206	Prbi.g_00490
OG0000532	Prao	Prbg.g_00206	Prao.g_00593
OG0000532	Prai	Prbg.g_00206	Prai.g_00517
OG0000532	Prab	Prbg.g_00206	Prab.g_00491
OG0000532	Pran	Prbg.g_00206	Pran.g_01691
OG0000532	Pral	Prbg.g_00206	Pral.g_00603
OG0000532	Prat	Prbg.g_00206	Prat.g_00447
OG0000532	Praj	Prbg.g_00206	Praj.g_00479
OG0000532	Prbb	Prbg.g_00206	Prbb.g_00491
OG0000532	Prbm	Prbg.g_00206	Prbm.g_00512
OG0000532	Prbc	Prbg.g_00206	Prbc.g_01546
OG0000532	Prbj	Prbg.g_00206	Prbj.g_01622
OG0000532	Prbk	Prbg.g_00206	Prbk.g_02069
OG0000532	Prbl	Prbg.g_00206	Prbl.g_00519
OG0000532	Praf	Prbg.g_00206	Praf.g_00603
OG0000532	Prah	Prbg.g_00206	Prah.g_01558
OG0000532	Syan	Prbg.g_00206	Syan.g_02756
OG0000532	Syao	Prbg.g_00206	Syao.g_00118
OG0000532	Syap	Prbg.g_00206	Syap.g_02247
OG0000532	Syas	Prbg.g_00206	Syas.g_01245
OG0000532	Syat	Prbg.g_00206	Syat.g_03178
OG0000532	Syar	Prbg.g_00206	Syar.g_01477
OG0000532	Syak	Prbg.g_00206	Syak.g_02582
OG0000532	Syab	Prbg.g_00206	Syab.g_02104
OG0000532	Syal	Prbg.g_00206	Syal.g_02905
OG0000532	Syag	Prbg.g_00206	Syag.g_01520
OG0000532	Syaq	Prbg.g_00206	Syaq.g_01780
OG0000532	Syae	Prbg.g_00206	Syae.g_02317
OG0000532	Syad	Prbg.g_00206	Syad.g_00912
OG0000532	Syaj	Prbg.g_00206	Syaj.g_00080
OG0000532	Syac	Prbg.g_00206	Syac.g_01896
OG0000532	Syah	Prbg.g_00206	Syah.g_01005
OG0000532	Syam	Prbg.g_00206	Syam.g_00591
OG0000532	Syaf	Prbg.g_00206	Syaf.g_02713
OG0000532	Syai	Prbg.g_00206	Syai.g_00646
OG0000532	Syaa	Prbg.g_00206	Syaa.g_02043
OG0000532	Pram	Prbg.g_00206	Pram.g_00423
OG0000532	Prbh	Prbg.g_00206	Prbh.g_00344
OG0000532	Prak	Prbg.g_00206	Prak.g_00448
OG0000532	Prap	Prbg.g_00206	Prap.g_01280
OG0000532	Prbe	Prbg.g_00206	Prbe.g_00646
OG0000532	Prbf	Prbg.g_00206	Prbf.g_01770
OG0000532	Prbn	Prbg.g_00206	Prbn.g_00627
OG0000533	Prab	Prbg.g_00207	Prab.g_00492
OG0000533	Pran	Prbg.g_00207	Pran.g_01690
OG0000533	Prai	Prbg.g_00207	Prai.g_00518
OG0000533	Prac	Prbg.g_00207	Prac.g_01056
OG0000533	Praq	Prbg.g_00207	Praq.g_00539
OG0000533	Prar	Prbg.g_00207	Prar.g_00538
OG0000533	Prag	Prbg.g_00207	Prag.g_00467
OG0000533	Praw	Prbg.g_00207	Praw.g_00660
OG0000533	Prad	Prbg.g_00207	Prad.g_00019
OG0000533	Prao	Prbg.g_00207	Prao.g_00594
OG0000533	Pras	Prbg.g_00207	Pras.g_01366
OG0000533	Prau	Prbg.g_00207	Prau.g_00529
OG0000533	Prax	Prbg.g_00207	Prax.g_00714
OG0000533	Prbd	Prbg.g_00207	Prbd.g_00754
OG0000533	Prae	Prbg.g_00207	Prae.g_00462
OG0000533	Prav	Prbg.g_00207	Prav.g_01086
OG0000533	Pray	Prbg.g_00207	Pray.g_00978
OG0000533	Praz	Prbg.g_00207	Praz.g_01840
OG0000533	Prba	Prbg.g_00207	Prba.g_00973
OG0000533	Praa	Prbg.g_00207	Praa.g_00488
OG0000533	Prbi	Prbg.g_00207	Prbi.g_00491
OG0000533	Syaq	Prbg.g_00207	Syaq.g_01782
OG0000533	Syag	Prbg.g_00207	Syag.g_01518
OG0000533	Syak	Prbg.g_00207	Syak.g_02584
OG0000533	Syaa	Prbg.g_00207	Syaa.g_02042
OG0000533	Syaf	Prbg.g_00207	Syaf.g_02712
OG0000533	Syam	Prbg.g_00207	Syam.g_00592
OG0000533	Syai	Prbg.g_00207	Syai.g_00647
OG0000533	Syac	Prbg.g_00207	Syac.g_01895
OG0000533	Syah	Prbg.g_00207	Syah.g_01006
OG0000533	Syab	Prbg.g_00207	Syab.g_02106
OG0000533	Syal	Prbg.g_00207	Syal.g_02907
OG0000533	Syad	Prbg.g_00207	Syad.g_00913
OG0000533	Syaj	Prbg.g_00207	Syaj.g_00081
OG0000533	Syae	Prbg.g_00207	Syae.g_02318
OG0000533	Syap	Prbg.g_00207	Syap.g_02244
OG0000533	Syan	Prbg.g_00207	Syan.g_02754
OG0000533	Syar	Prbg.g_00207	Syar.g_01479
OG0000533	Syao	Prbg.g_00207	Syao.g_00116
OG0000533	Syas	Prbg.g_00207	Syas.g_01243
OG0000533	Syat	Prbg.g_00207	Syat.g_03180
OG0000533	Praf	Prbg.g_00207	Praf.g_00605
OG0000533	Prbj	Prbg.g_00207	Prbj.g_01620
OG0000533	Prbk	Prbg.g_00207	Prbk.g_02071
OG0000533	Prbl	Prbg.g_00207	Prbl.g_00521
OG0000533	Prah	Prbg.g_00207	Prah.g_01556
OG0000533	Praj	Prbg.g_00207	Praj.g_00480
OG0000533	Prbb	Prbg.g_00207	Prbb.g_00492
OG0000533	Prbc	Prbg.g_00207	Prbc.g_01547
OG0000533	Prbm	Prbg.g_00207	Prbm.g_00513
OG0000533	Pral	Prbg.g_00207	Pral.g_00602
OG0000533	Prat	Prbg.g_00207	Prat.g_00448
OG0000533	Pram	Prbg.g_00207	Pram.g_00424
OG0000533	Prbh	Prbg.g_00207	Prbh.g_00343
OG0000533	Prak	Prbg.g_00207	Prak.g_00449
OG0000533	Prap	Prbg.g_00207	Prap.g_01279
OG0000533	Prbe	Prbg.g_00207	Prbe.g_00645
OG0000533	Prbf	Prbg.g_00207	Prbf.g_01771
OG0000533	Prbn	Prbg.g_00207	Prbn.g_00626
OG0000534	Prab	Prbg.g_00208	Prab.g_00493
OG0000534	Pran	Prbg.g_00208	Pran.g_01689
OG0000534	Prai	Prbg.g_00208	Prai.g_00519
OG0000534	Prac	Prbg.g_00208	Prac.g_01055
OG0000534	Praq	Prbg.g_00208	Praq.g_00540
OG0000534	Prar	Prbg.g_00208	Prar.g_00539
OG0000534	Prag	Prbg.g_00208	Prag.g_00468
OG0000534	Praw	Prbg.g_00208	Praw.g_00659
OG0000534	Prav	Prbg.g_00208	Prav.g_01087
OG0000534	Pray	Prbg.g_00208	Pray.g_00979
OG0000534	Praz	Prbg.g_00208	Praz.g_01839
OG0000534	Prba	Prbg.g_00208	Prba.g_00972
OG0000534	Pras	Prbg.g_00208	Pras.g_01367
OG0000534	Prau	Prbg.g_00208	Prau.g_00530
OG0000534	Prad	Prbg.g_00208	Prad.g_00018
OG0000534	Prax	Prbg.g_00208	Prax.g_00713
OG0000534	Praa	Prbg.g_00208	Praa.g_00489
OG0000534	Prbd	Prbg.g_00208	Prbd.g_00753
OG0000534	Prae	Prbg.g_00208	Prae.g_00463
OG0000534	Prao	Prbg.g_00208	Prao.g_00595
OG0000534	Prbi	Prbg.g_00208	Prbi.g_00492
OG0000534	Prbm	Prbg.g_00208	Prbm.g_00514
OG0000534	Prbb	Prbg.g_00208	Prbb.g_00493
OG0000534	Praj	Prbg.g_00208	Praj.g_00481
OG0000534	Prbc	Prbg.g_00208	Prbc.g_01548
OG0000534	Prbj	Prbg.g_00208	Prbj.g_01619
OG0000534	Prbk	Prbg.g_00208	Prbk.g_02072
OG0000534	Prbl	Prbg.g_00208	Prbl.g_00522
OG0000534	Praf	Prbg.g_00208	Praf.g_00606
OG0000534	Prah	Prbg.g_00208	Prah.g_01555
OG0000534	Syan	Prbg.g_00208	Syan.g_02753
OG0000534	Syao	Prbg.g_00208	Syao.g_00115
OG0000534	Syar	Prbg.g_00208	Syar.g_01480
OG0000534	Syat	Prbg.g_00208	Syat.g_03181
OG0000534	Syap	Prbg.g_00208	Syap.g_02243
OG0000534	Syas	Prbg.g_00208	Syas.g_01242
OG0000534	Syam	Prbg.g_00208	Syam.g_00593
OG0000534	Syai	Prbg.g_00208	Syai.g_00648
OG0000534	Syaf	Prbg.g_00208	Syaf.g_02711
OG0000534	Syaa	Prbg.g_00208	Syaa.g_02041
OG0000534	Syac	Prbg.g_00208	Syac.g_01894
OG0000534	Syah	Prbg.g_00208	Syah.g_01007
OG0000534	Syae	Prbg.g_00208	Syae.g_02319
OG0000534	Syad	Prbg.g_00208	Syad.g_00914
OG0000534	Syaj	Prbg.g_00208	Syaj.g_00082
OG0000534	Syag	Prbg.g_00208	Syag.g_01517
OG0000534	Syaq	Prbg.g_00208	Syaq.g_01783
OG0000534	Syak	Prbg.g_00208	Syak.g_02585
OG0000534	Syab	Prbg.g_00208	Syab.g_02107
OG0000534	Syal	Prbg.g_00208	Syal.g_02908
OG0000534	Pram	Prbg.g_00208	Pram.g_00425
OG0000534	Prbh	Prbg.g_00208	Prbh.g_00342
OG0000534	Pral	Prbg.g_00208	Pral.g_00601
OG0000534	Prat	Prbg.g_00208	Prat.g_00449
OG0000534	Prak	Prbg.g_00208	Prak.g_00450
OG0000534	Prap	Prbg.g_00208	Prap.g_01278
OG0000534	Prbe	Prbg.g_00208	Prbe.g_00644
OG0000534	Prbf	Prbg.g_00208	Prbf.g_01772
OG0000534	Prbn	Prbg.g_00208	Prbn.g_00625
OG0000535	Prab	Prbg.g_00209	Prab.g_00494
OG0000535	Pran	Prbg.g_00209	Pran.g_01688
OG0000535	Prai	Prbg.g_00209	Prai.g_00520
OG0000535	Prac	Prbg.g_00209	Prac.g_01054
OG0000535	Praq	Prbg.g_00209	Praq.g_00541
OG0000535	Prar	Prbg.g_00209	Prar.g_00540
OG0000535	Prag	Prbg.g_00209	Prag.g_00469
OG0000535	Praw	Prbg.g_00209	Praw.g_00658
OG0000535	Pras	Prbg.g_00209	Pras.g_01368
OG0000535	Prau	Prbg.g_00209	Prau.g_00531
OG0000535	Prav	Prbg.g_00209	Prav.g_01088
OG0000535	Pray	Prbg.g_00209	Pray.g_00980
OG0000535	Praz	Prbg.g_00209	Praz.g_01838
OG0000535	Prba	Prbg.g_00209	Prba.g_00971
OG0000535	Prad	Prbg.g_00209	Prad.g_00017
OG0000535	Prax	Prbg.g_00209	Prax.g_00712
OG0000535	Prao	Prbg.g_00209	Prao.g_00596
OG0000535	Prae	Prbg.g_00209	Prae.g_00464
OG0000535	Prbd	Prbg.g_00209	Prbd.g_00752
OG0000535	Prbi	Prbg.g_00209	Prbi.g_00493
OG0000535	Praa	Prbg.g_00209	Praa.g_00490
OG0000535	Praj	Prbg.g_00209	Praj.g_00482
OG0000535	Prbb	Prbg.g_00209	Prbb.g_00494
OG0000535	Prbc	Prbg.g_00209	Prbc.g_01549
OG0000535	Prbm	Prbg.g_00209	Prbm.g_00515
OG0000535	Pram	Prbg.g_00209	Pram.g_00426
OG0000535	Prbh	Prbg.g_00209	Prbh.g_00341
OG0000535	Syag	Prbg.g_00209	Syag.g_01516
OG0000535	Syak	Prbg.g_00209	Syak.g_02586
OG0000535	Syab	Prbg.g_00209	Syab.g_02108
OG0000535	Syal	Prbg.g_00209	Syal.g_02909
OG0000535	Syaq	Prbg.g_00209	Syaq.g_01784
OG0000535	Syad	Prbg.g_00209	Syad.g_00915
OG0000535	Syaj	Prbg.g_00209	Syaj.g_00083
OG0000535	Syac	Prbg.g_00209	Syac.g_01893
OG0000535	Syah	Prbg.g_00209	Syah.g_01008
OG0000535	Syaf	Prbg.g_00209	Syaf.g_02710
OG0000535	Syai	Prbg.g_00209	Syai.g_00649
OG0000535	Syam	Prbg.g_00209	Syam.g_00594
OG0000535	Syae	Prbg.g_00209	Syae.g_02320
OG0000535	Syaa	Prbg.g_00209	Syaa.g_02040
OG0000535	Syan	Prbg.g_00209	Syan.g_02752
OG0000535	Syao	Prbg.g_00209	Syao.g_00114
OG0000535	Syar	Prbg.g_00209	Syar.g_01481
OG0000535	Syat	Prbg.g_00209	Syat.g_03182
OG0000535	Syap	Prbg.g_00209	Syap.g_02242
OG0000535	Syas	Prbg.g_00209	Syas.g_01241
OG0000535	Prbj	Prbg.g_00209	Prbj.g_01618
OG0000535	Prbk	Prbg.g_00209	Prbk.g_02073
OG0000535	Prbl	Prbg.g_00209	Prbl.g_00523
OG0000535	Prah	Prbg.g_00209	Prah.g_01554
OG0000535	Praf	Prbg.g_00209	Praf.g_00607
OG0000535	Pral	Prbg.g_00209	Pral.g_00600
OG0000535	Prat	Prbg.g_00209	Prat.g_00450
OG0000535	Prak	Prbg.g_00209	Prak.g_00451
OG0000535	Prap	Prbg.g_00209	Prap.g_01277
OG0000535	Prbe	Prbg.g_00209	Prbe.g_00643
OG0000535	Prbf	Prbg.g_00209	Prbf.g_01773
OG0000535	Prbn	Prbg.g_00209	Prbn.g_00624
OG0000536	Prab	Prbg.g_00210	Prab.g_00495
OG0000536	Pran	Prbg.g_00210	Pran.g_01687
OG0000536	Prai	Prbg.g_00210	Prai.g_00521
OG0000536	Prag	Prbg.g_00210	Prag.g_00470
OG0000536	Praw	Prbg.g_00210	Praw.g_00657
OG0000536	Prac	Prbg.g_00210	Prac.g_01053
OG0000536	Praq	Prbg.g_00210	Praq.g_00542
OG0000536	Prar	Prbg.g_00210	Prar.g_00541
OG0000536	Pras	Prbg.g_00210	Pras.g_01369
OG0000536	Prau	Prbg.g_00210	Prau.g_00532
OG0000536	Pray	Prbg.g_00210	Pray.g_00981
OG0000536	Praz	Prbg.g_00210	Praz.g_01837
OG0000536	Prba	Prbg.g_00210	Prba.g_00970
OG0000536	Prad	Prbg.g_00210	Prad.g_00016
OG0000536	Praa	Prbg.g_00210	Praa.g_00491
OG0000536	Prbi	Prbg.g_00210	Prbi.g_00494
OG0000536	Prae	Prbg.g_00210	Prae.g_00465
OG0000536	Prax	Prbg.g_00210	Prax.g_00711
OG0000536	Prao	Prbg.g_00210	Prao.g_00597
OG0000536	Prav	Prbg.g_00210	Prav.g_01089
OG0000536	Prbd	Prbg.g_00210	Prbd.g_00751
OG0000536	Prbb	Prbg.g_00210	Prbb.g_00495
OG0000536	Prbm	Prbg.g_00210	Prbm.g_00516
OG0000536	Praj	Prbg.g_00210	Praj.g_00483
OG0000536	Prbc	Prbg.g_00210	Prbc.g_01550
OG0000536	Syar	Prbg.g_00210	Syar.g_01482
OG0000536	Syan	Prbg.g_00210	Syan.g_02751
OG0000536	Syao	Prbg.g_00210	Syao.g_00113
OG0000536	Syat	Prbg.g_00210	Syat.g_03183
OG0000536	Syap	Prbg.g_00210	Syap.g_02241
OG0000536	Syas	Prbg.g_00210	Syas.g_01240
OG0000536	Syag	Prbg.g_00210	Syag.g_01515
OG0000536	Syaq	Prbg.g_00210	Syaq.g_01785
OG0000536	Syak	Prbg.g_00210	Syak.g_02587
OG0000536	Syab	Prbg.g_00210	Syab.g_02109
OG0000536	Syal	Prbg.g_00210	Syal.g_02910
OG0000536	Syaf	Prbg.g_00210	Syaf.g_02709
OG0000536	Syai	Prbg.g_00210	Syai.g_00650
OG0000536	Syam	Prbg.g_00210	Syam.g_00595
OG0000536	Syac	Prbg.g_00210	Syac.g_01892
OG0000536	Syah	Prbg.g_00210	Syah.g_01009
OG0000536	Syad	Prbg.g_00210	Syad.g_00916
OG0000536	Syaj	Prbg.g_00210	Syaj.g_00084
OG0000536	Syaa	Prbg.g_00210	Syaa.g_02039
OG0000536	Syae	Prbg.g_00210	Syae.g_02321
OG0000536	Prbj	Prbg.g_00210	Prbj.g_01617
OG0000536	Prbk	Prbg.g_00210	Prbk.g_02074
OG0000536	Prbl	Prbg.g_00210	Prbl.g_00524
OG0000536	Praf	Prbg.g_00210	Praf.g_00608
OG0000536	Prah	Prbg.g_00210	Prah.g_01553
OG0000536	Pral	Prbg.g_00210	Pral.g_00599
OG0000536	Prat	Prbg.g_00210	Prat.g_00451
OG0000536	Pram	Prbg.g_00210	Pram.g_00427
OG0000536	Prbh	Prbg.g_00210	Prbh.g_00340
OG0000536	Prak	Prbg.g_00210	Prak.g_00452
OG0000536	Prap	Prbg.g_00210	Prap.g_01276
OG0000536	Prbe	Prbg.g_00210	Prbe.g_00642
OG0000536	Prbf	Prbg.g_00210	Prbf.g_01774
OG0000536	Prbn	Prbg.g_00210	Prbn.g_00623
OG0000537	Prab	Prbg.g_00211	Prab.g_00496
OG0000537	Pran	Prbg.g_00211	Pran.g_01686
OG0000537	Prai	Prbg.g_00211	Prai.g_00522
OG0000537	Prag	Prbg.g_00211	Prag.g_00471
OG0000537	Praw	Prbg.g_00211	Praw.g_00656
OG0000537	Pray	Prbg.g_00211	Pray.g_00982
OG0000537	Praz	Prbg.g_00211	Praz.g_01836
OG0000537	Prba	Prbg.g_00211	Prba.g_00969
OG0000537	Prao	Prbg.g_00211	Prao.g_00598
OG0000537	Prad	Prbg.g_00211	Prad.g_00015
OG0000537	Praa	Prbg.g_00211	Praa.g_00492
OG0000537	Prax	Prbg.g_00211	Prax.g_00709
OG0000537	Prae	Prbg.g_00211	Prae.g_00466
OG0000537	Prbd	Prbg.g_00211	Prbd.g_00750
OG0000537	Prbi	Prbg.g_00211	Prbi.g_00495
OG0000537	Pras	Prbg.g_00211	Pras.g_01370
OG0000537	Prau	Prbg.g_00211	Prau.g_00533
OG0000537	Prac	Prbg.g_00211	Prac.g_01052
OG0000537	Praq	Prbg.g_00211	Praq.g_00543
OG0000537	Prar	Prbg.g_00211	Prar.g_00542
OG0000537	Prav	Prbg.g_00211	Prav.g_01090
OG0000537	Prbb	Prbg.g_00211	Prbb.g_00496
OG0000537	Prbm	Prbg.g_00211	Prbm.g_00517
OG0000537	Praj	Prbg.g_00211	Praj.g_00484
OG0000537	Prbc	Prbg.g_00211	Prbc.g_01551
OG0000537	Prbj	Prbg.g_00211	Prbj.g_01616
OG0000537	Prbk	Prbg.g_00211	Prbk.g_02075
OG0000537	Prbl	Prbg.g_00211	Prbl.g_00525
OG0000537	Praf	Prbg.g_00211	Praf.g_00609
OG0000537	Prah	Prbg.g_00211	Prah.g_01552
OG0000537	Syak	Prbg.g_00211	Syak.g_02588
OG0000537	Syab	Prbg.g_00211	Syab.g_02110
OG0000537	Syal	Prbg.g_00211	Syal.g_02911
OG0000537	Syag	Prbg.g_00211	Syag.g_01514
OG0000537	Syaq	Prbg.g_00211	Syaq.g_01786
OG0000537	Syaf	Prbg.g_00211	Syaf.g_02708
OG0000537	Syai	Prbg.g_00211	Syai.g_00651
OG0000537	Syam	Prbg.g_00211	Syam.g_00596
OG0000537	Syan	Prbg.g_00211	Syan.g_02750
OG0000537	Syao	Prbg.g_00211	Syao.g_00112
OG0000537	Syar	Prbg.g_00211	Syar.g_01483
OG0000537	Syas	Prbg.g_00211	Syas.g_01238
OG0000537	Syat	Prbg.g_00211	Syat.g_03185
OG0000537	Syap	Prbg.g_00211	Syap.g_02240
OG0000537	Syae	Prbg.g_00211	Syae.g_02322
OG0000537	Syad	Prbg.g_00211	Syad.g_00917
OG0000537	Syaj	Prbg.g_00211	Syaj.g_00085
OG0000537	Syac	Prbg.g_00211	Syac.g_01891
OG0000537	Syah	Prbg.g_00211	Syah.g_01010
OG0000537	Syaa	Prbg.g_00211	Syaa.g_02038
OG0000537	Pral	Prbg.g_00211	Pral.g_00598
OG0000537	Prat	Prbg.g_00211	Prat.g_00453
OG0000537	Pram	Prbg.g_00211	Pram.g_00428
OG0000537	Prbh	Prbg.g_00211	Prbh.g_00339
OG0000537	Prak	Prbg.g_00211	Prak.g_00453
OG0000537	Prap	Prbg.g_00211	Prap.g_01275
OG0000537	Prbe	Prbg.g_00211	Prbe.g_00641
OG0000537	Prbf	Prbg.g_00211	Prbf.g_01775
OG0000537	Prbn	Prbg.g_00211	Prbn.g_00622
OG0000538	Prab	Prbg.g_00220	Prab.g_00504
OG0000538	Pran	Prbg.g_00220	Pran.g_01678
OG0000538	Prai	Prbg.g_00220	Prai.g_00530
OG0000538	Prav	Prbg.g_00220	Prav.g_01098
OG0000538	Prag	Prbg.g_00220	Prag.g_00479
OG0000538	Praw	Prbg.g_00220	Praw.g_00648
OG0000538	Prad	Prbg.g_00220	Prad.g_00129
OG0000538	Pray	Prbg.g_00220	Pray.g_00991
OG0000538	Praz	Prbg.g_00220	Praz.g_01828
OG0000538	Prba	Prbg.g_00220	Prba.g_00961
OG0000538	Prbi	Prbg.g_00220	Prbi.g_00503
OG0000538	Prae	Prbg.g_00220	Prae.g_00474
OG0000538	Pras	Prbg.g_00220	Pras.g_01378
OG0000538	Prau	Prbg.g_00220	Prau.g_00541
OG0000538	Praa	Prbg.g_00220	Praa.g_00500
OG0000538	Prax	Prbg.g_00220	Prax.g_00701
OG0000538	Prbd	Prbg.g_00220	Prbd.g_00742
OG0000538	Prao	Prbg.g_00220	Prao.g_00606
OG0000538	Prac	Prbg.g_00220	Prac.g_00871
OG0000538	Praq	Prbg.g_00220	Praq.g_01102
OG0000538	Prar	Prbg.g_00220	Prar.g_01331
OG0000538	Prat	Prbg.g_00220	Prat.g_00463
OG0000538	Pral	Prbg.g_00220	Pral.g_00590
OG0000538	Prbm	Prbg.g_00220	Prbm.g_00534
OG0000538	Prbb	Prbg.g_00220	Prbb.g_00504
OG0000538	Praj	Prbg.g_00220	Praj.g_00492
OG0000538	Prbc	Prbg.g_00220	Prbc.g_01580
OG0000538	Syan	Prbg.g_00220	Syan.g_02738
OG0000538	Syao	Prbg.g_00220	Syao.g_00100
OG0000538	Syar	Prbg.g_00220	Syar.g_01496
OG0000538	Syap	Prbg.g_00220	Syap.g_00271
OG0000538	Syat	Prbg.g_00220	Syat.g_03204
OG0000538	Syas	Prbg.g_00220	Syas.g_01228
OG0000538	Syaf	Prbg.g_00220	Syaf.g_02697
OG0000538	Syai	Prbg.g_00220	Syai.g_00662
OG0000538	Syam	Prbg.g_00220	Syam.g_00607
OG0000538	Syaa	Prbg.g_00220	Syaa.g_02027
OG0000538	Syac	Prbg.g_00220	Syac.g_01880
OG0000538	Syah	Prbg.g_00220	Syah.g_01021
OG0000538	Syae	Prbg.g_00220	Syae.g_02333
OG0000538	Syad	Prbg.g_00220	Syad.g_00929
OG0000538	Syaj	Prbg.g_00220	Syaj.g_00096
OG0000538	Syak	Prbg.g_00220	Syak.g_02600
OG0000538	Syab	Prbg.g_00220	Syab.g_02122
OG0000538	Syal	Prbg.g_00220	Syal.g_02923
OG0000538	Prbj	Prbg.g_00220	Prbj.g_01605
OG0000538	Prbk	Prbg.g_00220	Prbk.g_01865
OG0000538	Prbl	Prbg.g_00220	Prbl.g_00536
OG0000538	Praf	Prbg.g_00220	Praf.g_00619
OG0000538	Prah	Prbg.g_00220	Prah.g_01541
OG0000538	Syag	Prbg.g_00220	Syag.g_01502
OG0000538	Syaq	Prbg.g_00220	Syaq.g_01798
OG0000538	Pram	Prbg.g_00220	Pram.g_00438
OG0000538	Prbh	Prbg.g_00220	Prbh.g_00329
OG0000538	Prak	Prbg.g_00220	Prak.g_00462
OG0000538	Prap	Prbg.g_00220	Prap.g_01266
OG0000538	Prbe	Prbg.g_00220	Prbe.g_00632
OG0000538	Prbf	Prbg.g_00220	Prbf.g_01784
OG0000538	Prbn	Prbg.g_00220	Prbn.g_00613
OG0000539	Prav	Prbg.g_00221	Prav.g_01099
OG0000539	Prad	Prbg.g_00221	Prad.g_00128
OG0000539	Pras	Prbg.g_00221	Pras.g_01379
OG0000539	Prau	Prbg.g_00221	Prau.g_00542
OG0000539	Prbd	Prbg.g_00221	Prbd.g_00741
OG0000539	Prac	Prbg.g_00221	Prac.g_00870
OG0000539	Praq	Prbg.g_00221	Praq.g_01101
OG0000539	Prar	Prbg.g_00221	Prar.g_01332
OG0000539	Pray	Prbg.g_00221	Pray.g_00992
OG0000539	Praz	Prbg.g_00221	Praz.g_01827
OG0000539	Prba	Prbg.g_00221	Prba.g_00960
OG0000539	Prag	Prbg.g_00221	Prag.g_00480
OG0000539	Praw	Prbg.g_00221	Praw.g_00647
OG0000539	Prbi	Prbg.g_00221	Prbi.g_00504
OG0000539	Prax	Prbg.g_00221	Prax.g_00700
OG0000539	Praa	Prbg.g_00221	Praa.g_00501
OG0000539	Prao	Prbg.g_00221	Prao.g_00607
OG0000539	Prae	Prbg.g_00221	Prae.g_00475
OG0000539	Prab	Prbg.g_00221	Prab.g_00505
OG0000539	Pran	Prbg.g_00221	Pran.g_01677
OG0000539	Prai	Prbg.g_00221	Prai.g_00531
OG0000539	Prbm	Prbg.g_00221	Prbm.g_00535
OG0000539	Prbc	Prbg.g_00221	Prbc.g_01581
OG0000539	Praj	Prbg.g_00221	Praj.g_00493
OG0000539	Prbb	Prbg.g_00221	Prbb.g_00505
OG0000539	Prah	Prbg.g_00221	Prah.g_01540
OG0000539	Praf	Prbg.g_00221	Praf.g_00621
OG0000539	Prbj	Prbg.g_00221	Prbj.g_02088
OG0000539	Prbk	Prbg.g_00221	Prbk.g_01041
OG0000539	Prbl	Prbg.g_00221	Prbl.g_00806
OG0000539	Syaa	Prbg.g_00221	Syaa.g_02026
OG0000539	Syac	Prbg.g_00221	Syac.g_01879
OG0000539	Syah	Prbg.g_00221	Syah.g_01022
OG0000539	Syaf	Prbg.g_00221	Syaf.g_02696
OG0000539	Syai	Prbg.g_00221	Syai.g_00663
OG0000539	Syam	Prbg.g_00221	Syam.g_00608
OG0000539	Syae	Prbg.g_00221	Syae.g_02334
OG0000539	Syad	Prbg.g_00221	Syad.g_00930
OG0000539	Syaj	Prbg.g_00221	Syaj.g_00097
OG0000539	Syag	Prbg.g_00221	Syag.g_01501
OG0000539	Syaq	Prbg.g_00221	Syaq.g_01799
OG0000539	Syak	Prbg.g_00221	Syak.g_02601
OG0000539	Syab	Prbg.g_00221	Syab.g_02123
OG0000539	Syal	Prbg.g_00221	Syal.g_02924
OG0000539	Syan	Prbg.g_00221	Syan.g_02737
OG0000539	Syao	Prbg.g_00221	Syao.g_00099
OG0000539	Syap	Prbg.g_00221	Syap.g_00270
OG0000539	Syar	Prbg.g_00221	Syar.g_01497
OG0000539	Syat	Prbg.g_00221	Syat.g_03206
OG0000539	Syas	Prbg.g_00221	Syas.g_01227
OG0000539	Pral	Prbg.g_00221	Pral.g_00589
OG0000539	Prat	Prbg.g_00221	Prat.g_00464
OG0000539	Pram	Prbg.g_00221	Pram.g_00439
OG0000539	Prbh	Prbg.g_00221	Prbh.g_00328
OG0000539	Prak	Prbg.g_00221	Prak.g_00463
OG0000539	Prap	Prbg.g_00221	Prap.g_01265
OG0000539	Prbe	Prbg.g_00221	Prbe.g_00631
OG0000539	Prbf	Prbg.g_00221	Prbf.g_01785
OG0000539	Prbn	Prbg.g_00221	Prbn.g_00612
OG0000540	Prab	Prbg.g_00222	Prab.g_00506
OG0000540	Pran	Prbg.g_00222	Pran.g_01676
OG0000540	Prai	Prbg.g_00222	Prai.g_00532
OG0000540	Prav	Prbg.g_00222	Prav.g_01100
OG0000540	Praa	Prbg.g_00222	Praa.g_00502
OG0000540	Prax	Prbg.g_00222	Prax.g_00699
OG0000540	Prbd	Prbg.g_00222	Prbd.g_00740
OG0000540	Prbi	Prbg.g_00222	Prbi.g_00505
OG0000540	Prac	Prbg.g_00222	Prac.g_00869
OG0000540	Praq	Prbg.g_00222	Praq.g_01100
OG0000540	Prar	Prbg.g_00222	Prar.g_01333
OG0000540	Prae	Prbg.g_00222	Prae.g_00476
OG0000540	Pras	Prbg.g_00222	Pras.g_01380
OG0000540	Prau	Prbg.g_00222	Prau.g_00543
OG0000540	Prad	Prbg.g_00222	Prad.g_00127
OG0000540	Prag	Prbg.g_00222	Prag.g_00481
OG0000540	Praw	Prbg.g_00222	Praw.g_00646
OG0000540	Pray	Prbg.g_00222	Pray.g_00993
OG0000540	Praz	Prbg.g_00222	Praz.g_01826
OG0000540	Prba	Prbg.g_00222	Prba.g_00959
OG0000540	Prao	Prbg.g_00222	Prao.g_00608
OG0000540	Prbm	Prbg.g_00222	Prbm.g_00536
OG0000540	Prbc	Prbg.g_00222	Prbc.g_01582
OG0000540	Praj	Prbg.g_00222	Praj.g_00494
OG0000540	Prbb	Prbg.g_00222	Prbb.g_00506
OG0000540	Prbj	Prbg.g_00222	Prbj.g_02089
OG0000540	Prbk	Prbg.g_00222	Prbk.g_01042
OG0000540	Prbl	Prbg.g_00222	Prbl.g_00805
OG0000540	Praf	Prbg.g_00222	Praf.g_00622
OG0000540	Prah	Prbg.g_00222	Prah.g_01539
OG0000540	Syaa	Prbg.g_00222	Syaa.g_02025
OG0000540	Syaf	Prbg.g_00222	Syaf.g_02695
OG0000540	Syai	Prbg.g_00222	Syai.g_00664
OG0000540	Syam	Prbg.g_00222	Syam.g_00609
OG0000540	Syac	Prbg.g_00222	Syac.g_01878
OG0000540	Syah	Prbg.g_00222	Syah.g_01023
OG0000540	Syad	Prbg.g_00222	Syad.g_00931
OG0000540	Syaj	Prbg.g_00222	Syaj.g_00098
OG0000540	Syae	Prbg.g_00222	Syae.g_02335
OG0000540	Syaq	Prbg.g_00222	Syaq.g_01800
OG0000540	Syag	Prbg.g_00222	Syag.g_01500
OG0000540	Syak	Prbg.g_00222	Syak.g_02602
OG0000540	Syab	Prbg.g_00222	Syab.g_02124
OG0000540	Syal	Prbg.g_00222	Syal.g_02925
OG0000540	Syar	Prbg.g_00222	Syar.g_01498
OG0000540	Syat	Prbg.g_00222	Syat.g_03207
OG0000540	Syap	Prbg.g_00222	Syap.g_00269
OG0000540	Syas	Prbg.g_00222	Syas.g_01226
OG0000540	Syan	Prbg.g_00222	Syan.g_02736
OG0000540	Syao	Prbg.g_00222	Syao.g_00098
OG0000540	Pral	Prbg.g_00222	Pral.g_00588
OG0000540	Prat	Prbg.g_00222	Prat.g_00465
OG0000540	Pram	Prbg.g_00222	Pram.g_00440
OG0000540	Prbh	Prbg.g_00222	Prbh.g_00327
OG0000540	Prak	Prbg.g_00222	Prak.g_00464
OG0000540	Prap	Prbg.g_00222	Prap.g_01264
OG0000540	Prbe	Prbg.g_00222	Prbe.g_00630
OG0000540	Prbf	Prbg.g_00222	Prbf.g_01786
OG0000540	Prbn	Prbg.g_00222	Prbn.g_00611
OG0000541	Prai	Prbg.g_00223	Prai.g_00533
OG0000541	Prab	Prbg.g_00223	Prab.g_00507
OG0000541	Pran	Prbg.g_00223	Pran.g_01675
OG0000541	Prav	Prbg.g_00223	Prav.g_01101
OG0000541	Prag	Prbg.g_00223	Prag.g_00482
OG0000541	Praw	Prbg.g_00223	Praw.g_00645
OG0000541	Prad	Prbg.g_00223	Prad.g_00126
OG0000541	Prao	Prbg.g_00223	Prao.g_00609
OG0000541	Prae	Prbg.g_00223	Prae.g_00477
OG0000541	Pras	Prbg.g_00223	Pras.g_01381
OG0000541	Prau	Prbg.g_00223	Prau.g_00544
OG0000541	Prac	Prbg.g_00223	Prac.g_00868
OG0000541	Praq	Prbg.g_00223	Praq.g_01099
OG0000541	Prar	Prbg.g_00223	Prar.g_01334
OG0000541	Prbi	Prbg.g_00223	Prbi.g_00506
OG0000541	Praa	Prbg.g_00223	Praa.g_00503
OG0000541	Prax	Prbg.g_00223	Prax.g_00698
OG0000541	Pray	Prbg.g_00223	Pray.g_00994
OG0000541	Praz	Prbg.g_00223	Praz.g_01825
OG0000541	Prba	Prbg.g_00223	Prba.g_00958
OG0000541	Prbd	Prbg.g_00223	Prbd.g_00739
OG0000541	Prbm	Prbg.g_00223	Prbm.g_00537
OG0000541	Prbb	Prbg.g_00223	Prbb.g_00507
OG0000541	Praj	Prbg.g_00223	Praj.g_00495
OG0000541	Prbc	Prbg.g_00223	Prbc.g_01583
OG0000541	Pral	Prbg.g_00223	Pral.g_00587
OG0000541	Prat	Prbg.g_00223	Prat.g_00466
OG0000541	Prbj	Prbg.g_00223	Prbj.g_02090
OG0000541	Prbk	Prbg.g_00223	Prbk.g_01043
OG0000541	Prbl	Prbg.g_00223	Prbl.g_00804
OG0000541	Praf	Prbg.g_00223	Praf.g_00623
OG0000541	Prah	Prbg.g_00223	Prah.g_01538
OG0000541	Syak	Prbg.g_00223	Syak.g_02603
OG0000541	Syab	Prbg.g_00223	Syab.g_02125
OG0000541	Syal	Prbg.g_00223	Syal.g_02926
OG0000541	Syag	Prbg.g_00223	Syag.g_01499
OG0000541	Syaq	Prbg.g_00223	Syaq.g_01801
OG0000541	Syat	Prbg.g_00223	Syat.g_03208
OG0000541	Syap	Prbg.g_00223	Syap.g_00268
OG0000541	Syas	Prbg.g_00223	Syas.g_01225
OG0000541	Syar	Prbg.g_00223	Syar.g_01499
OG0000541	Syan	Prbg.g_00223	Syan.g_02735
OG0000541	Syao	Prbg.g_00223	Syao.g_00097
OG0000541	Syac	Prbg.g_00223	Syac.g_01877
OG0000541	Syah	Prbg.g_00223	Syah.g_01024
OG0000541	Syaf	Prbg.g_00223	Syaf.g_02694
OG0000541	Syai	Prbg.g_00223	Syai.g_00665
OG0000541	Syam	Prbg.g_00223	Syam.g_00610
OG0000541	Syaa	Prbg.g_00223	Syaa.g_02024
OG0000541	Syad	Prbg.g_00223	Syad.g_00932
OG0000541	Syaj	Prbg.g_00223	Syaj.g_00099
OG0000541	Syae	Prbg.g_00223	Syae.g_02336
OG0000541	Pram	Prbg.g_00223	Pram.g_00441
OG0000541	Prbh	Prbg.g_00223	Prbh.g_00326
OG0000541	Prak	Prbg.g_00223	Prak.g_00465
OG0000541	Prap	Prbg.g_00223	Prap.g_01263
OG0000541	Prbe	Prbg.g_00223	Prbe.g_00629
OG0000541	Prbf	Prbg.g_00223	Prbf.g_01787
OG0000541	Prbn	Prbg.g_00223	Prbn.g_00610
OG0000542	Prab	Prbg.g_00224	Prab.g_00509
OG0000542	Pran	Prbg.g_00224	Pran.g_01673
OG0000542	Prai	Prbg.g_00224	Prai.g_00535
OG0000542	Prad	Prbg.g_00224	Prad.g_00124
OG0000542	Prag	Prbg.g_00224	Prag.g_00484
OG0000542	Praw	Prbg.g_00224	Praw.g_00643
OG0000542	Prac	Prbg.g_00224	Prac.g_00866
OG0000542	Praq	Prbg.g_00224	Praq.g_01097
OG0000542	Prar	Prbg.g_00224	Prar.g_01336
OG0000542	Prbi	Prbg.g_00224	Prbi.g_00508
OG0000542	Pras	Prbg.g_00224	Pras.g_01383
OG0000542	Prau	Prbg.g_00224	Prau.g_00546
OG0000542	Pray	Prbg.g_00224	Pray.g_00996
OG0000542	Praz	Prbg.g_00224	Praz.g_01823
OG0000542	Prba	Prbg.g_00224	Prba.g_00956
OG0000542	Prao	Prbg.g_00224	Prao.g_00611
OG0000542	Praa	Prbg.g_00224	Praa.g_00505
OG0000542	Prax	Prbg.g_00224	Prax.g_00696
OG0000542	Prbd	Prbg.g_00224	Prbd.g_00737
OG0000542	Prae	Prbg.g_00224	Prae.g_00479
OG0000542	Prav	Prbg.g_00224	Prav.g_01103
OG0000542	Prbm	Prbg.g_00224	Prbm.g_00539
OG0000542	Prbc	Prbg.g_00224	Prbc.g_01585
OG0000542	Praj	Prbg.g_00224	Praj.g_00497
OG0000542	Prbb	Prbg.g_00224	Prbb.g_00509
OG0000542	Syad	Prbg.g_00224	Syad.g_00935
OG0000542	Syaj	Prbg.g_00224	Syaj.g_00102
OG0000542	Syac	Prbg.g_00224	Syac.g_01874
OG0000542	Syah	Prbg.g_00224	Syah.g_01027
OG0000542	Syaa	Prbg.g_00224	Syaa.g_02021
OG0000542	Syae	Prbg.g_00224	Syae.g_02339
OG0000542	Syaf	Prbg.g_00224	Syaf.g_02691
OG0000542	Syai	Prbg.g_00224	Syai.g_00668
OG0000542	Syam	Prbg.g_00224	Syam.g_00613
OG0000542	Prah	Prbg.g_00224	Prah.g_01535
OG0000542	Praf	Prbg.g_00224	Praf.g_00626
OG0000542	Prbj	Prbg.g_00224	Prbj.g_02093
OG0000542	Prbk	Prbg.g_00224	Prbk.g_01046
OG0000542	Prbl	Prbg.g_00224	Prbl.g_00801
OG0000542	Syar	Prbg.g_00224	Syar.g_01502
OG0000542	Syas	Prbg.g_00224	Syas.g_01221
OG0000542	Syan	Prbg.g_00224	Syan.g_02732
OG0000542	Syao	Prbg.g_00224	Syao.g_00167
OG0000542	Syat	Prbg.g_00224	Syat.g_03213
OG0000542	Syap	Prbg.g_00224	Syap.g_00264
OG0000542	Syak	Prbg.g_00224	Syak.g_02606
OG0000542	Syag	Prbg.g_00224	Syag.g_01496
OG0000542	Syaq	Prbg.g_00224	Syaq.g_01804
OG0000542	Syab	Prbg.g_00224	Syab.g_02128
OG0000542	Syal	Prbg.g_00224	Syal.g_02929
OG0000542	Pral	Prbg.g_00224	Pral.g_00585
OG0000542	Prat	Prbg.g_00224	Prat.g_00468
OG0000542	Pram	Prbg.g_00224	Pram.g_00442
OG0000542	Prbh	Prbg.g_00224	Prbh.g_00325
OG0000542	Prak	Prbg.g_00224	Prak.g_00466
OG0000542	Prap	Prbg.g_00224	Prap.g_01262
OG0000542	Prbe	Prbg.g_00224	Prbe.g_00628
OG0000542	Prbf	Prbg.g_00224	Prbf.g_01788
OG0000542	Prbn	Prbg.g_00224	Prbn.g_00609
OG0000543	Prai	Prbg.g_00226	Prai.g_00537
OG0000543	Prab	Prbg.g_00226	Prab.g_00511
OG0000543	Pran	Prbg.g_00226	Pran.g_01671
OG0000543	Prac	Prbg.g_00226	Prac.g_00864
OG0000543	Praq	Prbg.g_00226	Praq.g_01095
OG0000543	Prar	Prbg.g_00226	Prar.g_01338
OG0000543	Prag	Prbg.g_00226	Prag.g_00486
OG0000543	Praw	Prbg.g_00226	Praw.g_00641
OG0000543	Prav	Prbg.g_00226	Prav.g_01105
OG0000543	Prad	Prbg.g_00226	Prad.g_00122
OG0000543	Prae	Prbg.g_00226	Prae.g_00481
OG0000543	Prbi	Prbg.g_00226	Prbi.g_00510
OG0000543	Pras	Prbg.g_00226	Pras.g_01385
OG0000543	Prau	Prbg.g_00226	Prau.g_00548
OG0000543	Prbd	Prbg.g_00226	Prbd.g_00735
OG0000543	Prax	Prbg.g_00226	Prax.g_00694
OG0000543	Praa	Prbg.g_00226	Praa.g_00507
OG0000543	Prao	Prbg.g_00226	Prao.g_00613
OG0000543	Pray	Prbg.g_00226	Pray.g_00998
OG0000543	Praz	Prbg.g_00226	Praz.g_01821
OG0000543	Prba	Prbg.g_00226	Prba.g_00954
OG0000543	Prbc	Prbg.g_00226	Prbc.g_01587
OG0000543	Prbm	Prbg.g_00226	Prbm.g_00541
OG0000543	Prbb	Prbg.g_00226	Prbb.g_00511
OG0000543	Praj	Prbg.g_00226	Praj.g_00499
OG0000543	Prbj	Prbg.g_00226	Prbj.g_02095
OG0000543	Prbk	Prbg.g_00226	Prbk.g_01048
OG0000543	Prbl	Prbg.g_00226	Prbl.g_00799
OG0000543	Praf	Prbg.g_00226	Praf.g_00628
OG0000543	Prah	Prbg.g_00226	Prah.g_01533
OG0000543	Syar	Prbg.g_00226	Syar.g_01504
OG0000543	Syan	Prbg.g_00226	Syan.g_02730
OG0000543	Syao	Prbg.g_00226	Syao.g_00165
OG0000543	Syat	Prbg.g_00226	Syat.g_03215
OG0000543	Syap	Prbg.g_00226	Syap.g_00261
OG0000543	Syas	Prbg.g_00226	Syas.g_01219
OG0000543	Syag	Prbg.g_00226	Syag.g_01494
OG0000543	Syab	Prbg.g_00226	Syab.g_02130
OG0000543	Syal	Prbg.g_00226	Syal.g_02931
OG0000543	Syak	Prbg.g_00226	Syak.g_02608
OG0000543	Syaq	Prbg.g_00226	Syaq.g_01806
OG0000543	Syad	Prbg.g_00226	Syad.g_00937
OG0000543	Syaj	Prbg.g_00226	Syaj.g_00104
OG0000543	Syae	Prbg.g_00226	Syae.g_02341
OG0000543	Syaa	Prbg.g_00226	Syaa.g_02019
OG0000543	Syac	Prbg.g_00226	Syac.g_01872
OG0000543	Syah	Prbg.g_00226	Syah.g_01029
OG0000543	Syai	Prbg.g_00226	Syai.g_00670
OG0000543	Syaf	Prbg.g_00226	Syaf.g_02689
OG0000543	Syam	Prbg.g_00226	Syam.g_00615
OG0000543	Pral	Prbg.g_00226	Pral.g_00583
OG0000543	Prat	Prbg.g_00226	Prat.g_00470
OG0000543	Pram	Prbg.g_00226	Pram.g_00444
OG0000543	Prbh	Prbg.g_00226	Prbh.g_00323
OG0000543	Prak	Prbg.g_00226	Prak.g_00468
OG0000543	Prap	Prbg.g_00226	Prap.g_01260
OG0000543	Prbe	Prbg.g_00226	Prbe.g_00626
OG0000543	Prbf	Prbg.g_00226	Prbf.g_01790
OG0000543	Prbn	Prbg.g_00226	Prbn.g_00607
OG0000544	Prab	Prbg.g_00227	Prab.g_00512
OG0000544	Pran	Prbg.g_00227	Pran.g_01670
OG0000544	Prag	Prbg.g_00227	Prag.g_00487
OG0000544	Praw	Prbg.g_00227	Praw.g_00640
OG0000544	Pray	Prbg.g_00227	Pray.g_00999
OG0000544	Praz	Prbg.g_00227	Praz.g_01820
OG0000544	Prba	Prbg.g_00227	Prba.g_00953
OG0000544	Prae	Prbg.g_00227	Prae.g_00482
OG0000544	Praa	Prbg.g_00227	Praa.g_00508
OG0000544	Prao	Prbg.g_00227	Prao.g_00614
OG0000544	Prax	Prbg.g_00227	Prax.g_00693
OG0000544	Prbd	Prbg.g_00227	Prbd.g_00734
OG0000544	Prbi	Prbg.g_00227	Prbi.g_00511
OG0000544	Pras	Prbg.g_00227	Pras.g_01386
OG0000544	Prau	Prbg.g_00227	Prau.g_00549
OG0000544	Prac	Prbg.g_00227	Prac.g_00863
OG0000544	Praq	Prbg.g_00227	Praq.g_01094
OG0000544	Prar	Prbg.g_00227	Prar.g_01339
OG0000544	Prad	Prbg.g_00227	Prad.g_00121
OG0000544	Prav	Prbg.g_00227	Prav.g_01106
OG0000544	Prai	Prbg.g_00227	Prai.g_00538
OG0000544	Praj	Prbg.g_00227	Praj.g_00500
OG0000544	Prbb	Prbg.g_00227	Prbb.g_00512
OG0000544	Prbm	Prbg.g_00227	Prbm.g_00542
OG0000544	Prbc	Prbg.g_00227	Prbc.g_01588
OG0000544	Syak	Prbg.g_00227	Syak.g_02609
OG0000544	Syab	Prbg.g_00227	Syab.g_02131
OG0000544	Syal	Prbg.g_00227	Syal.g_02932
OG0000544	Syae	Prbg.g_00227	Syae.g_02342
OG0000544	Syaa	Prbg.g_00227	Syaa.g_02018
OG0000544	Syaf	Prbg.g_00227	Syaf.g_02688
OG0000544	Syam	Prbg.g_00227	Syam.g_00616
OG0000544	Syai	Prbg.g_00227	Syai.g_00671
OG0000544	Syac	Prbg.g_00227	Syac.g_01871
OG0000544	Syar	Prbg.g_00227	Syar.g_01505
OG0000544	Syat	Prbg.g_00227	Syat.g_03216
OG0000544	Syan	Prbg.g_00227	Syan.g_02729
OG0000544	Syao	Prbg.g_00227	Syao.g_00164
OG0000544	Syap	Prbg.g_00227	Syap.g_00260
OG0000544	Syas	Prbg.g_00227	Syas.g_01218
OG0000544	Praf	Prbg.g_00227	Praf.g_00629
OG0000544	Prah	Prbg.g_00227	Prah.g_01532
OG0000544	Prbj	Prbg.g_00227	Prbj.g_02096
OG0000544	Prbk	Prbg.g_00227	Prbk.g_01049
OG0000544	Prbl	Prbg.g_00227	Prbl.g_00798
OG0000544	Syad	Prbg.g_00227	Syad.g_00938
OG0000544	Syaj	Prbg.g_00227	Syaj.g_00105
OG0000544	Syaq	Prbg.g_00227	Syaq.g_01807, Syaq.g_02567
OG0000544	Syag	Prbg.g_00227	Syag.g_01493
OG0000544	Prat	Prbg.g_00227	Prat.g_00471
OG0000544	Pral	Prbg.g_00227	Pral.g_00582
OG0000544	Pram	Prbg.g_00227	Pram.g_00445
OG0000544	Prbh	Prbg.g_00227	Prbh.g_00322
OG0000544	Prak	Prbg.g_00227	Prak.g_00469
OG0000544	Prap	Prbg.g_00227	Prap.g_01259
OG0000544	Prbe	Prbg.g_00227	Prbe.g_00625
OG0000544	Prbf	Prbg.g_00227	Prbf.g_01791
OG0000544	Prbn	Prbg.g_00227	Prbn.g_00606
OG0000545	Prac	Prbg.g_00229	Prac.g_00861
OG0000545	Praq	Prbg.g_00229	Praq.g_01092
OG0000545	Prar	Prbg.g_00229	Prar.g_01341
OG0000545	Prab	Prbg.g_00229	Prab.g_00514
OG0000545	Pran	Prbg.g_00229	Pran.g_01668
OG0000545	Prai	Prbg.g_00229	Prai.g_00540
OG0000545	Prbi	Prbg.g_00229	Prbi.g_00513
OG0000545	Prad	Prbg.g_00229	Prad.g_00119
OG0000545	Pras	Prbg.g_00229	Pras.g_01388
OG0000545	Pray	Prbg.g_00229	Pray.g_01001
OG0000545	Praz	Prbg.g_00229	Praz.g_01818
OG0000545	Prba	Prbg.g_00229	Prba.g_00951
OG0000545	Prau	Prbg.g_00229	Prau.g_00551
OG0000545	Prax	Prbg.g_00229	Prax.g_00691
OG0000545	Praa	Prbg.g_00229	Praa.g_00510
OG0000545	Prae	Prbg.g_00229	Prae.g_00484
OG0000545	Prao	Prbg.g_00229	Prao.g_00616
OG0000545	Prbd	Prbg.g_00229	Prbd.g_00732
OG0000545	Prag	Prbg.g_00229	Prag.g_00489
OG0000545	Praw	Prbg.g_00229	Praw.g_00638
OG0000545	Prav	Prbg.g_00229	Prav.g_01108
OG0000545	Prbc	Prbg.g_00229	Prbc.g_01590
OG0000545	Prbm	Prbg.g_00229	Prbm.g_00544
OG0000545	Praj	Prbg.g_00229	Praj.g_00502
OG0000545	Prbb	Prbg.g_00229	Prbb.g_00514
OG0000545	Syak	Prbg.g_00229	Syak.g_02611
OG0000545	Syab	Prbg.g_00229	Syab.g_02133
OG0000545	Syal	Prbg.g_00229	Syal.g_02934
OG0000545	Syag	Prbg.g_00229	Syag.g_01491
OG0000545	Syaq	Prbg.g_00229	Syaq.g_01809
OG0000545	Prbj	Prbg.g_00229	Prbj.g_02097
OG0000545	Prbk	Prbg.g_00229	Prbk.g_01050
OG0000545	Prbl	Prbg.g_00229	Prbl.g_00797
OG0000545	Praf	Prbg.g_00229	Praf.g_00630
OG0000545	Prah	Prbg.g_00229	Prah.g_01530
OG0000545	Syan	Prbg.g_00229	Syan.g_02727
OG0000545	Syao	Prbg.g_00229	Syao.g_00162
OG0000545	Syar	Prbg.g_00229	Syar.g_01507
OG0000545	Syat	Prbg.g_00229	Syat.g_03218
OG0000545	Syap	Prbg.g_00229	Syap.g_00259
OG0000545	Syas	Prbg.g_00229	Syas.g_01216
OG0000545	Syae	Prbg.g_00229	Syae.g_02344
OG0000545	Syad	Prbg.g_00229	Syad.g_00940
OG0000545	Syaj	Prbg.g_00229	Syaj.g_00107
OG0000545	Syaa	Prbg.g_00229	Syaa.g_02016
OG0000545	Syac	Prbg.g_00229	Syac.g_01869
OG0000545	Syah	Prbg.g_00229	Syah.g_01031
OG0000545	Syaf	Prbg.g_00229	Syaf.g_02686
OG0000545	Syai	Prbg.g_00229	Syai.g_00673
OG0000545	Syam	Prbg.g_00229	Syam.g_00618
OG0000545	Pral	Prbg.g_00229	Pral.g_00580
OG0000545	Prat	Prbg.g_00229	Prat.g_00473
OG0000545	Pram	Prbg.g_00229	Pram.g_00447
OG0000545	Prbh	Prbg.g_00229	Prbh.g_00320
OG0000545	Prak	Prbg.g_00229	Prak.g_00471
OG0000545	Prap	Prbg.g_00229	Prap.g_01257
OG0000545	Prbe	Prbg.g_00229	Prbe.g_00623
OG0000545	Prbf	Prbg.g_00229	Prbf.g_01793
OG0000545	Prbn	Prbg.g_00229	Prbn.g_00604
OG0000546	Prbi	Prbg.g_00232	Prbi.g_00516
OG0000546	Prbd	Prbg.g_00232	Prbd.g_00729
OG0000546	Prad	Prbg.g_00232	Prad.g_00116
OG0000546	Pray	Prbg.g_00232	Pray.g_01004
OG0000546	Praz	Prbg.g_00232	Praz.g_01815
OG0000546	Prba	Prbg.g_00232	Prba.g_00948
OG0000546	Praa	Prbg.g_00232	Praa.g_00513
OG0000546	Prae	Prbg.g_00232	Prae.g_00487
OG0000546	Prax	Prbg.g_00232	Prax.g_00688
OG0000546	Prao	Prbg.g_00232	Prao.g_00619
OG0000546	Prau	Prbg.g_00232	Prau.g_00554
OG0000546	Pras	Prbg.g_00232	Pras.g_01391
OG0000546	Prag	Prbg.g_00232	Prag.g_00492
OG0000546	Praw	Prbg.g_00232	Praw.g_00635
OG0000546	Prav	Prbg.g_00232	Prav.g_01111
OG0000546	Prac	Prbg.g_00232	Prac.g_00858
OG0000546	Praq	Prbg.g_00232	Praq.g_01089
OG0000546	Prar	Prbg.g_00232	Prar.g_01344
OG0000546	Prab	Prbg.g_00232	Prab.g_00517
OG0000546	Pran	Prbg.g_00232	Pran.g_01665
OG0000546	Prai	Prbg.g_00232	Prai.g_00543
OG0000546	Prbm	Prbg.g_00232	Prbm.g_00547
OG0000546	Praj	Prbg.g_00232	Praj.g_00505
OG0000546	Prbc	Prbg.g_00232	Prbc.g_01593
OG0000546	Prbb	Prbg.g_00232	Prbb.g_00517
OG0000546	Pral	Prbg.g_00232	Pral.g_00577
OG0000546	Prat	Prbg.g_00232	Prat.g_00476
OG0000546	Prbj	Prbg.g_00232	Prbj.g_02099
OG0000546	Prbk	Prbg.g_00232	Prbk.g_01052
OG0000546	Prbl	Prbg.g_00232	Prbl.g_00794
OG0000546	Praf	Prbg.g_00232	Praf.g_00632
OG0000546	Prah	Prbg.g_00232	Prah.g_01528
OG0000546	Syan	Prbg.g_00232	Syan.g_02725
OG0000546	Syao	Prbg.g_00232	Syao.g_00160
OG0000546	Syar	Prbg.g_00232	Syar.g_01509
OG0000546	Syat	Prbg.g_00232	Syat.g_03220
OG0000546	Syap	Prbg.g_00232	Syap.g_00256
OG0000546	Syas	Prbg.g_00232	Syas.g_01214
OG0000546	Syag	Prbg.g_00232	Syag.g_01489
OG0000546	Syaq	Prbg.g_00232	Syaq.g_01811
OG0000546	Syak	Prbg.g_00232	Syak.g_02613
OG0000546	Syab	Prbg.g_00232	Syab.g_02135
OG0000546	Syal	Prbg.g_00232	Syal.g_02936
OG0000546	Syad	Prbg.g_00232	Syad.g_00942
OG0000546	Syaj	Prbg.g_00232	Syaj.g_00109
OG0000546	Syaa	Prbg.g_00232	Syaa.g_02014
OG0000546	Syac	Prbg.g_00232	Syac.g_01867
OG0000546	Syah	Prbg.g_00232	Syah.g_01033
OG0000546	Syam	Prbg.g_00232	Syam.g_00620
OG0000546	Syaf	Prbg.g_00232	Syaf.g_02684
OG0000546	Syai	Prbg.g_00232	Syai.g_00675
OG0000546	Syae	Prbg.g_00232	Syae.g_02346
OG0000546	Pram	Prbg.g_00232	Pram.g_00450
OG0000546	Prbh	Prbg.g_00232	Prbh.g_00317
OG0000546	Prak	Prbg.g_00232	Prak.g_00474
OG0000546	Prap	Prbg.g_00232	Prap.g_01254
OG0000546	Prbe	Prbg.g_00232	Prbe.g_00620
OG0000546	Prbf	Prbg.g_00232	Prbf.g_01796
OG0000546	Prbn	Prbg.g_00232	Prbn.g_00601
OG0000547	Prag	Prbg.g_00234	Prag.g_00494
OG0000547	Praw	Prbg.g_00234	Praw.g_00633
OG0000547	Prav	Prbg.g_00234	Prav.g_01113
OG0000547	Prab	Prbg.g_00234	Prab.g_00519
OG0000547	Pran	Prbg.g_00234	Pran.g_01663
OG0000547	Prai	Prbg.g_00234	Prai.g_00544
OG0000547	Prax	Prbg.g_00234	Prax.g_00686
OG0000547	Prbd	Prbg.g_00234	Prbd.g_00727
OG0000547	Prbi	Prbg.g_00234	Prbi.g_00518
OG0000547	Praa	Prbg.g_00234	Praa.g_00515
OG0000547	Prae	Prbg.g_00234	Prae.g_00489
OG0000547	Pras	Prbg.g_00234	Pras.g_01393
OG0000547	Prau	Prbg.g_00234	Prau.g_00556
OG0000547	Pray	Prbg.g_00234	Pray.g_01006
OG0000547	Praz	Prbg.g_00234	Praz.g_01813
OG0000547	Prba	Prbg.g_00234	Prba.g_00946
OG0000547	Prad	Prbg.g_00234	Prad.g_00114
OG0000547	Prao	Prbg.g_00234	Prao.g_00621
OG0000547	Prac	Prbg.g_00234	Prac.g_00857
OG0000547	Praq	Prbg.g_00234	Praq.g_01087
OG0000547	Prar	Prbg.g_00234	Prar.g_01345
OG0000547	Prbm	Prbg.g_00234	Prbm.g_00549
OG0000547	Prbb	Prbg.g_00234	Prbb.g_00519
OG0000547	Praj	Prbg.g_00234	Praj.g_00507
OG0000547	Prbc	Prbg.g_00234	Prbc.g_01595
OG0000547	Praf	Prbg.g_00234	Praf.g_00634
OG0000547	Prah	Prbg.g_00234	Prah.g_01526
OG0000547	Prbj	Prbg.g_00234	Prbj.g_02101
OG0000547	Prbk	Prbg.g_00234	Prbk.g_01054
OG0000547	Prbl	Prbg.g_00234	Prbl.g_00792
OG0000547	Syap	Prbg.g_00234	Syap.g_00254
OG0000547	Syat	Prbg.g_00234	Syat.g_03222
OG0000547	Syar	Prbg.g_00234	Syar.g_01511
OG0000547	Syas	Prbg.g_00234	Syas.g_01212
OG0000547	Syan	Prbg.g_00234	Syan.g_02723
OG0000547	Syao	Prbg.g_00234	Syao.g_00158
OG0000547	Syac	Prbg.g_00234	Syac.g_01865
OG0000547	Syah	Prbg.g_00234	Syah.g_01035
OG0000547	Syab	Prbg.g_00234	Syab.g_02137
OG0000547	Syal	Prbg.g_00234	Syal.g_02938
OG0000547	Syak	Prbg.g_00234	Syak.g_02615
OG0000547	Syaq	Prbg.g_00234	Syaq.g_01813
OG0000547	Syag	Prbg.g_00234	Syag.g_01487
OG0000547	Syad	Prbg.g_00234	Syad.g_00944
OG0000547	Syaj	Prbg.g_00234	Syaj.g_00111
OG0000547	Syaf	Prbg.g_00234	Syaf.g_02682
OG0000547	Syai	Prbg.g_00234	Syai.g_00677
OG0000547	Syam	Prbg.g_00234	Syam.g_00622
OG0000547	Syaa	Prbg.g_00234	Syaa.g_02012
OG0000547	Syae	Prbg.g_00234	Syae.g_02348
OG0000547	Pram	Prbg.g_00234	Pram.g_00452
OG0000547	Prbh	Prbg.g_00234	Prbh.g_00315
OG0000547	Pral	Prbg.g_00234	Pral.g_00575
OG0000547	Prat	Prbg.g_00234	Prat.g_00478
OG0000547	Prak	Prbg.g_00234	Prak.g_00476
OG0000547	Prap	Prbg.g_00234	Prap.g_01252
OG0000547	Prbe	Prbg.g_00234	Prbe.g_00618
OG0000547	Prbf	Prbg.g_00234	Prbf.g_01798
OG0000547	Prbn	Prbg.g_00234	Prbn.g_00599
OG0000548	Prab	Prbg.g_00235	Prab.g_00520
OG0000548	Pran	Prbg.g_00235	Pran.g_01662
OG0000548	Prai	Prbg.g_00235	Prai.g_00545
OG0000548	Prac	Prbg.g_00235	Prac.g_00856
OG0000548	Praq	Prbg.g_00235	Praq.g_01086
OG0000548	Prar	Prbg.g_00235	Prar.g_01346
OG0000548	Prav	Prbg.g_00235	Prav.g_01114
OG0000548	Pras	Prbg.g_00235	Pras.g_01394
OG0000548	Prau	Prbg.g_00235	Prau.g_00557
OG0000548	Prag	Prbg.g_00235	Prag.g_00495
OG0000548	Praw	Prbg.g_00235	Praw.g_00632
OG0000548	Pray	Prbg.g_00235	Pray.g_01007
OG0000548	Praz	Prbg.g_00235	Praz.g_01812
OG0000548	Prba	Prbg.g_00235	Prba.g_00945
OG0000548	Prao	Prbg.g_00235	Prao.g_00622
OG0000548	Prax	Prbg.g_00235	Prax.g_00685
OG0000548	Prbd	Prbg.g_00235	Prbd.g_00726
OG0000548	Prad	Prbg.g_00235	Prad.g_00113
OG0000548	Prbi	Prbg.g_00235	Prbi.g_00519
OG0000548	Praa	Prbg.g_00235	Praa.g_00516
OG0000548	Prae	Prbg.g_00235	Prae.g_00490
OG0000548	Prbm	Prbg.g_00235	Prbm.g_00550
OG0000548	Prbc	Prbg.g_00235	Prbc.g_01596
OG0000548	Praj	Prbg.g_00235	Praj.g_00508
OG0000548	Prbb	Prbg.g_00235	Prbb.g_00520
OG0000548	Syat	Prbg.g_00235	Syat.g_03223
OG0000548	Syap	Prbg.g_00235	Syap.g_00253
OG0000548	Syas	Prbg.g_00235	Syas.g_01211
OG0000548	Syar	Prbg.g_00235	Syar.g_01512
OG0000548	Syan	Prbg.g_00235	Syan.g_02722
OG0000548	Syao	Prbg.g_00235	Syao.g_00157
OG0000548	Syad	Prbg.g_00235	Syad.g_00945
OG0000548	Syaj	Prbg.g_00235	Syaj.g_00112
OG0000548	Syaa	Prbg.g_00235	Syaa.g_02011
OG0000548	Syae	Prbg.g_00235	Syae.g_02349
OG0000548	Syac	Prbg.g_00235	Syac.g_01864
OG0000548	Syah	Prbg.g_00235	Syah.g_01036
OG0000548	Syaf	Prbg.g_00235	Syaf.g_02681
OG0000548	Syai	Prbg.g_00235	Syai.g_00678
OG0000548	Syam	Prbg.g_00235	Syam.g_00623
OG0000548	Prbj	Prbg.g_00235	Prbj.g_02102
OG0000548	Prbk	Prbg.g_00235	Prbk.g_01055
OG0000548	Prbl	Prbg.g_00235	Prbl.g_00791
OG0000548	Praf	Prbg.g_00235	Praf.g_00635
OG0000548	Prah	Prbg.g_00235	Prah.g_01525
OG0000548	Syag	Prbg.g_00235	Syag.g_01486
OG0000548	Syab	Prbg.g_00235	Syab.g_02138
OG0000548	Syal	Prbg.g_00235	Syal.g_02939
OG0000548	Syak	Prbg.g_00235	Syak.g_02616
OG0000548	Syaq	Prbg.g_00235	Syaq.g_01814
OG0000548	Pral	Prbg.g_00235	Pral.g_00574
OG0000548	Prat	Prbg.g_00235	Prat.g_00479
OG0000548	Pram	Prbg.g_00235	Pram.g_00453
OG0000548	Prbh	Prbg.g_00235	Prbh.g_00314
OG0000548	Prak	Prbg.g_00235	Prak.g_00477
OG0000548	Prap	Prbg.g_00235	Prap.g_01251
OG0000548	Prbe	Prbg.g_00235	Prbe.g_00617
OG0000548	Prbf	Prbg.g_00235	Prbf.g_01799
OG0000548	Prbn	Prbg.g_00235	Prbn.g_00598
OG0000549	Prab	Prbg.g_00237	Prab.g_00522
OG0000549	Pran	Prbg.g_00237	Pran.g_01660
OG0000549	Prai	Prbg.g_00237	Prai.g_00547
OG0000549	Prbd	Prbg.g_00237	Prbd.g_00724
OG0000549	Prbi	Prbg.g_00237	Prbi.g_00521
OG0000549	Prao	Prbg.g_00237	Prao.g_00624
OG0000549	Prav	Prbg.g_00237	Prav.g_01116
OG0000549	Prag	Prbg.g_00237	Prag.g_00497
OG0000549	Praw	Prbg.g_00237	Praw.g_00630
OG0000549	Pray	Prbg.g_00237	Pray.g_01009
OG0000549	Praz	Prbg.g_00237	Praz.g_01810
OG0000549	Prba	Prbg.g_00237	Prba.g_00943
OG0000549	Pras	Prbg.g_00237	Pras.g_01396
OG0000549	Prau	Prbg.g_00237	Prau.g_00559
OG0000549	Prac	Prbg.g_00237	Prac.g_00854
OG0000549	Praq	Prbg.g_00237	Praq.g_01084
OG0000549	Prar	Prbg.g_00237	Prar.g_01348
OG0000549	Prax	Prbg.g_00237	Prax.g_00683
OG0000549	Prad	Prbg.g_00237	Prad.g_00111
OG0000549	Praa	Prbg.g_00237	Praa.g_00518
OG0000549	Prae	Prbg.g_00237	Prae.g_00492
OG0000549	Prbm	Prbg.g_00237	Prbm.g_00553
OG0000549	Prbc	Prbg.g_00237	Prbc.g_01599
OG0000549	Praj	Prbg.g_00237	Praj.g_00511
OG0000549	Prbb	Prbg.g_00237	Prbb.g_00523
OG0000549	Syak	Prbg.g_00237	Syak.g_02622
OG0000549	Syag	Prbg.g_00237	Syag.g_01480
OG0000549	Syae	Prbg.g_00237	Syae.g_02354
OG0000549	Syad	Prbg.g_00237	Syad.g_00952
OG0000549	Syaj	Prbg.g_00237	Syaj.g_00118
OG0000549	Syaa	Prbg.g_00237	Syaa.g_02003
OG0000549	Syaf	Prbg.g_00237	Syaf.g_02676
OG0000549	Syai	Prbg.g_00237	Syai.g_00684
OG0000549	Syam	Prbg.g_00237	Syam.g_00630
OG0000549	Syac	Prbg.g_00237	Syac.g_01858
OG0000549	Syah	Prbg.g_00237	Syah.g_01042
OG0000549	Syaq	Prbg.g_00237	Syaq.g_01819
OG0000549	Syap	Prbg.g_00237	Syap.g_00758
OG0000549	Syas	Prbg.g_00237	Syas.g_00005
OG0000549	Syar	Prbg.g_00237	Syar.g_02693
OG0000549	Syat	Prbg.g_00237	Syat.g_01795
OG0000549	Syan	Prbg.g_00237	Syan.g_01194
OG0000549	Syao	Prbg.g_00237	Syao.g_01391
OG0000549	Syab	Prbg.g_00237	Syab.g_02144
OG0000549	Syal	Prbg.g_00237	Syal.g_02945
OG0000549	Praf	Prbg.g_00237	Praf.g_00641
OG0000549	Prah	Prbg.g_00237	Prah.g_01519
OG0000549	Prbj	Prbg.g_00237	Prbj.g_02108
OG0000549	Prbk	Prbg.g_00237	Prbk.g_01061
OG0000549	Prbl	Prbg.g_00237	Prbl.g_00785
OG0000549	Pral	Prbg.g_00237	Pral.g_00571
OG0000549	Prat	Prbg.g_00237	Prat.g_00482
OG0000549	Pram	Prbg.g_00237	Pram.g_00456
OG0000549	Prbh	Prbg.g_00237	Prbh.g_00311
OG0000549	Prbf	Prbg.g_00237	Prbf.g_01801
OG0000549	Prbe	Prbg.g_00237	Prbe.g_00615
OG0000549	Prak	Prbg.g_00237	Prak.g_00479
OG0000549	Prap	Prbg.g_00237	Prap.g_01249
OG0000549	Prbn	Prbg.g_00237	Prbn.g_00596
OG0000550	Prav	Prbg.g_00241	Prav.g_01121
OG0000550	Prac	Prbg.g_00241	Prac.g_00849
OG0000550	Praq	Prbg.g_00241	Praq.g_01079
OG0000550	Prar	Prbg.g_00241	Prar.g_01353
OG0000550	Prao	Prbg.g_00241	Prao.g_00629
OG0000550	Prag	Prbg.g_00241	Prag.g_00502
OG0000550	Praw	Prbg.g_00241	Praw.g_00625
OG0000550	Pray	Prbg.g_00241	Pray.g_01014
OG0000550	Praz	Prbg.g_00241	Praz.g_01805
OG0000550	Prba	Prbg.g_00241	Prba.g_00938
OG0000550	Prbd	Prbg.g_00241	Prbd.g_00719
OG0000550	Prae	Prbg.g_00241	Prae.g_00497
OG0000550	Praa	Prbg.g_00241	Praa.g_00523
OG0000550	Prax	Prbg.g_00241	Prax.g_00678
OG0000550	Pras	Prbg.g_00241	Pras.g_01401
OG0000550	Prau	Prbg.g_00241	Prau.g_00564
OG0000550	Prad	Prbg.g_00241	Prad.g_00106
OG0000550	Prbi	Prbg.g_00241	Prbi.g_00526
OG0000550	Prab	Prbg.g_00241	Prab.g_00527
OG0000550	Pran	Prbg.g_00241	Pran.g_01655
OG0000550	Prai	Prbg.g_00241	Prai.g_00552
OG0000550	Syan	Prbg.g_00241	Syan.g_01189
OG0000550	Syao	Prbg.g_00241	Syao.g_01396
OG0000550	Syar	Prbg.g_00241	Syar.g_02689
OG0000550	Syat	Prbg.g_00241	Syat.g_01107
OG0000550	Syap	Prbg.g_00241	Syap.g_02747
OG0000550	Syas	Prbg.g_00241	Syas.g_00010
OG0000550	Syaa	Prbg.g_00241	Syaa.g_01998
OG0000550	Syae	Prbg.g_00241	Syae.g_02358
OG0000550	Syad	Prbg.g_00241	Syad.g_00956
OG0000550	Syaj	Prbg.g_00241	Syaj.g_00123
OG0000550	Syaf	Prbg.g_00241	Syaf.g_02671
OG0000550	Syai	Prbg.g_00241	Syai.g_00689
OG0000550	Syam	Prbg.g_00241	Syam.g_00635
OG0000550	Syag	Prbg.g_00241	Syag.g_01474
OG0000550	Syak	Prbg.g_00241	Syak.g_02626
OG0000550	Syaq	Prbg.g_00241	Syaq.g_01824
OG0000550	Prah	Prbg.g_00241	Prah.g_01514
OG0000550	Praf	Prbg.g_00241	Praf.g_00646
OG0000550	Prbj	Prbg.g_00241	Prbj.g_02113
OG0000550	Prbk	Prbg.g_00241	Prbk.g_01066
OG0000550	Prbl	Prbg.g_00241	Prbl.g_00780
OG0000550	Syab	Prbg.g_00241	Syab.g_02149
OG0000550	Syal	Prbg.g_00241	Syal.g_02949
OG0000550	Prbm	Prbg.g_00241	Prbm.g_00557
OG0000550	Prbb	Prbg.g_00241	Prbb.g_00527
OG0000550	Praj	Prbg.g_00241	Praj.g_00515
OG0000550	Prbc	Prbg.g_00241	Prbc.g_01603
OG0000550	Syac	Prbg.g_00241	Syac.g_01854
OG0000550	Syah	Prbg.g_00241	Syah.g_01046
OG0000550	Pral	Prbg.g_00241	Pral.g_00566
OG0000550	Prat	Prbg.g_00241	Prat.g_00486
OG0000550	Pram	Prbg.g_00241	Pram.g_00461
OG0000550	Prbh	Prbg.g_00241	Prbh.g_00306
OG0000550	Prbf	Prbg.g_00241	Prbf.g_01805
OG0000550	Prak	Prbg.g_00241	Prak.g_00483
OG0000550	Prap	Prbg.g_00241	Prap.g_01245
OG0000550	Prbe	Prbg.g_00241	Prbe.g_00611
OG0000550	Prbn	Prbg.g_00241	Prbn.g_00592
OG0000551	Prab	Prbg.g_00244	Prab.g_00531
OG0000551	Pran	Prbg.g_00244	Pran.g_01651
OG0000551	Prai	Prbg.g_00244	Prai.g_00555
OG0000551	Prao	Prbg.g_00244	Prao.g_00633
OG0000551	Prac	Prbg.g_00244	Prac.g_00845
OG0000551	Praq	Prbg.g_00244	Praq.g_01075
OG0000551	Prar	Prbg.g_00244	Prar.g_01357
OG0000551	Prag	Prbg.g_00244	Prag.g_00506
OG0000551	Praw	Prbg.g_00244	Praw.g_00621
OG0000551	Prav	Prbg.g_00244	Prav.g_01125
OG0000551	Pray	Prbg.g_00244	Pray.g_01018
OG0000551	Praz	Prbg.g_00244	Praz.g_01801
OG0000551	Prba	Prbg.g_00244	Prba.g_00934
OG0000551	Prbi	Prbg.g_00244	Prbi.g_00530
OG0000551	Pras	Prbg.g_00244	Pras.g_01404
OG0000551	Prau	Prbg.g_00244	Prau.g_00567
OG0000551	Praa	Prbg.g_00244	Praa.g_00527
OG0000551	Prae	Prbg.g_00244	Prae.g_00501
OG0000551	Prad	Prbg.g_00244	Prad.g_00102
OG0000551	Prax	Prbg.g_00244	Prax.g_00674
OG0000551	Prbd	Prbg.g_00244	Prbd.g_00715
OG0000551	Prbm	Prbg.g_00244	Prbm.g_00560
OG0000551	Praj	Prbg.g_00244	Praj.g_00518
OG0000551	Prbb	Prbg.g_00244	Prbb.g_00530
OG0000551	Prbc	Prbg.g_00244	Prbc.g_01606
OG0000551	Syad	Prbg.g_00244	Syad.g_00960
OG0000551	Syaj	Prbg.g_00244	Syaj.g_00128
OG0000551	Syae	Prbg.g_00244	Syae.g_02363
OG0000551	Syac	Prbg.g_00244	Syac.g_01849
OG0000551	Syah	Prbg.g_00244	Syah.g_01051
OG0000551	Syaa	Prbg.g_00244	Syaa.g_01993
OG0000551	Syai	Prbg.g_00244	Syai.g_00694
OG0000551	Syaf	Prbg.g_00244	Syaf.g_02666
OG0000551	Syam	Prbg.g_00244	Syam.g_00640
OG0000551	Syar	Prbg.g_00244	Syar.g_02684
OG0000551	Syan	Prbg.g_00244	Syan.g_01184
OG0000551	Syao	Prbg.g_00244	Syao.g_01401
OG0000551	Syat	Prbg.g_00244	Syat.g_01103
OG0000551	Syap	Prbg.g_00244	Syap.g_02739
OG0000551	Syas	Prbg.g_00244	Syas.g_00015
OG0000551	Syak	Prbg.g_00244	Syak.g_02631
OG0000551	Syab	Prbg.g_00244	Syab.g_02153
OG0000551	Syal	Prbg.g_00244	Syal.g_02953
OG0000551	Syaq	Prbg.g_00244	Syaq.g_01829
OG0000551	Syag	Prbg.g_00244	Syag.g_01470
OG0000551	Prbj	Prbg.g_00244	Prbj.g_02117
OG0000551	Prbk	Prbg.g_00244	Prbk.g_01070
OG0000551	Prbl	Prbg.g_00244	Prbl.g_00776
OG0000551	Prah	Prbg.g_00244	Prah.g_01510
OG0000551	Praf	Prbg.g_00244	Praf.g_00650
OG0000551	Pral	Prbg.g_00244	Pral.g_00563
OG0000551	Prat	Prbg.g_00244	Prat.g_00489
OG0000551	Pram	Prbg.g_00244	Pram.g_00464
OG0000551	Prbh	Prbg.g_00244	Prbh.g_00303
OG0000551	Prak	Prbg.g_00244	Prak.g_00486
OG0000551	Prap	Prbg.g_00244	Prap.g_01242
OG0000551	Prbe	Prbg.g_00244	Prbe.g_00608
OG0000551	Prbf	Prbg.g_00244	Prbf.g_01808
OG0000551	Prbn	Prbg.g_00244	Prbn.g_00589
OG0000552	Prab	Prbg.g_00245	Prab.g_00532
OG0000552	Pran	Prbg.g_00245	Pran.g_01650
OG0000552	Prai	Prbg.g_00245	Prai.g_00556
OG0000552	Prae	Prbg.g_00245	Prae.g_00502
OG0000552	Prav	Prbg.g_00245	Prav.g_01126
OG0000552	Prac	Prbg.g_00245	Prac.g_00844
OG0000552	Praq	Prbg.g_00245	Praq.g_01074
OG0000552	Prar	Prbg.g_00245	Prar.g_01358
OG0000552	Praa	Prbg.g_00245	Praa.g_00528
OG0000552	Prbd	Prbg.g_00245	Prbd.g_00714
OG0000552	Prbi	Prbg.g_00245	Prbi.g_00531
OG0000552	Prao	Prbg.g_00245	Prao.g_00634
OG0000552	Pras	Prbg.g_00245	Pras.g_01405
OG0000552	Prau	Prbg.g_00245	Prau.g_00568
OG0000552	Pray	Prbg.g_00245	Pray.g_01019
OG0000552	Praz	Prbg.g_00245	Praz.g_01800
OG0000552	Prba	Prbg.g_00245	Prba.g_00933
OG0000552	Prad	Prbg.g_00245	Prad.g_00101
OG0000552	Prax	Prbg.g_00245	Prax.g_00673
OG0000552	Prag	Prbg.g_00245	Prag.g_00507
OG0000552	Praw	Prbg.g_00245	Praw.g_00620
OG0000552	Syag	Prbg.g_00245	Syag.g_01469
OG0000552	Syaq	Prbg.g_00245	Syaq.g_01830
OG0000552	Syak	Prbg.g_00245	Syak.g_02632
OG0000552	Syab	Prbg.g_00245	Syab.g_02154
OG0000552	Syal	Prbg.g_00245	Syal.g_02954
OG0000552	Syaf	Prbg.g_00245	Syaf.g_02665
OG0000552	Syai	Prbg.g_00245	Syai.g_00695
OG0000552	Syam	Prbg.g_00245	Syam.g_00641
OG0000552	Syad	Prbg.g_00245	Syad.g_00961
OG0000552	Syaj	Prbg.g_00245	Syaj.g_00129
OG0000552	Syaa	Prbg.g_00245	Syaa.g_01992
OG0000552	Syac	Prbg.g_00245	Syac.g_01848
OG0000552	Syah	Prbg.g_00245	Syah.g_01052
OG0000552	Syae	Prbg.g_00245	Syae.g_02364
OG0000552	Syan	Prbg.g_00245	Syan.g_01183
OG0000552	Syao	Prbg.g_00245	Syao.g_01402
OG0000552	Syap	Prbg.g_00245	Syap.g_02738
OG0000552	Syas	Prbg.g_00245	Syas.g_00016
OG0000552	Syar	Prbg.g_00245	Syar.g_02683
OG0000552	Syat	Prbg.g_00245	Syat.g_01102
OG0000552	Prbj	Prbg.g_00245	Prbj.g_02118
OG0000552	Prbk	Prbg.g_00245	Prbk.g_01071
OG0000552	Prbl	Prbg.g_00245	Prbl.g_00775
OG0000552	Praf	Prbg.g_00245	Praf.g_00651
OG0000552	Prah	Prbg.g_00245	Prah.g_01509
OG0000552	Praj	Prbg.g_00245	Praj.g_00519
OG0000552	Prbb	Prbg.g_00245	Prbb.g_00531
OG0000552	Prbc	Prbg.g_00245	Prbc.g_01607
OG0000552	Prbm	Prbg.g_00245	Prbm.g_00561
OG0000552	Pral	Prbg.g_00245	Pral.g_00562
OG0000552	Prat	Prbg.g_00245	Prat.g_00490
OG0000552	Pram	Prbg.g_00245	Pram.g_00465
OG0000552	Prbh	Prbg.g_00245	Prbh.g_00302
OG0000552	Prak	Prbg.g_00245	Prak.g_00487
OG0000552	Prap	Prbg.g_00245	Prap.g_01241
OG0000552	Prbe	Prbg.g_00245	Prbe.g_00607
OG0000552	Prbf	Prbg.g_00245	Prbf.g_01809
OG0000552	Prbn	Prbg.g_00245	Prbn.g_00588
OG0000553	Prab	Prbg.g_00246	Prab.g_00533
OG0000553	Pran	Prbg.g_00246	Pran.g_01649
OG0000553	Prai	Prbg.g_00246	Prai.g_00557
OG0000553	Prac	Prbg.g_00246	Prac.g_00843
OG0000553	Praq	Prbg.g_00246	Praq.g_01073
OG0000553	Prar	Prbg.g_00246	Prar.g_01359
OG0000553	Prao	Prbg.g_00246	Prao.g_00635
OG0000553	Prag	Prbg.g_00246	Prag.g_00508
OG0000553	Praw	Prbg.g_00246	Praw.g_00619
OG0000553	Prax	Prbg.g_00246	Prax.g_00672
OG0000553	Praa	Prbg.g_00246	Praa.g_00529
OG0000553	Pras	Prbg.g_00246	Pras.g_01406
OG0000553	Prau	Prbg.g_00246	Prau.g_00569
OG0000553	Prad	Prbg.g_00246	Prad.g_00100
OG0000553	Prbi	Prbg.g_00246	Prbi.g_00532
OG0000553	Prbd	Prbg.g_00246	Prbd.g_00713
OG0000553	Prae	Prbg.g_00246	Prae.g_00503
OG0000553	Prav	Prbg.g_00246	Prav.g_01127
OG0000553	Pray	Prbg.g_00246	Pray.g_01020
OG0000553	Praz	Prbg.g_00246	Praz.g_01799
OG0000553	Prba	Prbg.g_00246	Prba.g_00932
OG0000553	Syar	Prbg.g_00246	Syar.g_02679
OG0000553	Syat	Prbg.g_00246	Syat.g_01098
OG0000553	Syan	Prbg.g_00246	Syan.g_01179
OG0000553	Syao	Prbg.g_00246	Syao.g_01404
OG0000553	Syap	Prbg.g_00246	Syap.g_02735
OG0000553	Syas	Prbg.g_00246	Syas.g_00019
OG0000553	Syaq	Prbg.g_00246	Syaq.g_01834
OG0000553	Syag	Prbg.g_00246	Syag.g_01464
OG0000553	Syab	Prbg.g_00246	Syab.g_02046
OG0000553	Syal	Prbg.g_00246	Syal.g_02843
OG0000553	Prbj	Prbg.g_00246	Prbj.g_02123
OG0000553	Prbk	Prbg.g_00246	Prbk.g_01076
OG0000553	Prbl	Prbg.g_00246	Prbl.g_00770
OG0000553	Praf	Prbg.g_00246	Praf.g_00656
OG0000553	Prah	Prbg.g_00246	Prah.g_01505
OG0000553	Syak	Prbg.g_00246	Syak.g_02636
OG0000553	Syam	Prbg.g_00246	Syam.g_00643
OG0000553	Syaf	Prbg.g_00246	Syaf.g_02663
OG0000553	Syai	Prbg.g_00246	Syai.g_00698
OG0000553	Syad	Prbg.g_00246	Syad.g_00965
OG0000553	Syaj	Prbg.g_00246	Syaj.g_00133
OG0000553	Syaa	Prbg.g_00246	Syaa.g_01990
OG0000553	Syae	Prbg.g_00246	Syae.g_02366
OG0000553	Syac	Prbg.g_00246	Syac.g_01846
OG0000553	Syah	Prbg.g_00246	Syah.g_01054
OG0000553	Prbm	Prbg.g_00246	Prbm.g_00562
OG0000553	Praj	Prbg.g_00246	Praj.g_00520
OG0000553	Prbc	Prbg.g_00246	Prbc.g_01608
OG0000553	Prbb	Prbg.g_00246	Prbb.g_00532
OG0000553	Pral	Prbg.g_00246	Pral.g_00561
OG0000553	Prat	Prbg.g_00246	Prat.g_00491
OG0000553	Pram	Prbg.g_00246	Pram.g_00466
OG0000553	Prbh	Prbg.g_00246	Prbh.g_00301
OG0000553	Prak	Prbg.g_00246	Prak.g_00488
OG0000553	Prap	Prbg.g_00246	Prap.g_01240
OG0000553	Prbe	Prbg.g_00246	Prbe.g_00606
OG0000553	Prbf	Prbg.g_00246	Prbf.g_01810
OG0000553	Prbn	Prbg.g_00246	Prbn.g_00587
OG0000554	Prav	Prbg.g_00251	Prav.g_01132
OG0000554	Prag	Prbg.g_00251	Prag.g_00513
OG0000554	Praw	Prbg.g_00251	Praw.g_00614
OG0000554	Prad	Prbg.g_00251	Prad.g_00095
OG0000554	Pray	Prbg.g_00251	Pray.g_01227
OG0000554	Praz	Prbg.g_00251	Praz.g_01794
OG0000554	Prba	Prbg.g_00251	Prba.g_00927
OG0000554	Prac	Prbg.g_00251	Prac.g_00838
OG0000554	Praq	Prbg.g_00251	Praq.g_01068
OG0000554	Prar	Prbg.g_00251	Prar.g_01364
OG0000554	Prab	Prbg.g_00251	Prab.g_00538
OG0000554	Pran	Prbg.g_00251	Pran.g_01644
OG0000554	Prai	Prbg.g_00251	Prai.g_00562
OG0000554	Prao	Prbg.g_00251	Prao.g_01857
OG0000554	Prae	Prbg.g_00251	Prae.g_00509
OG0000554	Prbi	Prbg.g_00251	Prbi.g_00537
OG0000554	Pras	Prbg.g_00251	Pras.g_01411
OG0000554	Prau	Prbg.g_00251	Prau.g_00574
OG0000554	Prax	Prbg.g_00251	Prax.g_00667
OG0000554	Praa	Prbg.g_00251	Praa.g_00534
OG0000554	Prbd	Prbg.g_00251	Prbd.g_00708
OG0000554	Pral	Prbg.g_00251	Pral.g_00556
OG0000554	Prat	Prbg.g_00251	Prat.g_00496
OG0000554	Prbm	Prbg.g_00251	Prbm.g_00567
OG0000554	Prbb	Prbg.g_00251	Prbb.g_00537
OG0000554	Praj	Prbg.g_00251	Praj.g_00525
OG0000554	Prbc	Prbg.g_00251	Prbc.g_01613
OG0000554	Syak	Prbg.g_00251	Syak.g_02641
OG0000554	Syab	Prbg.g_00251	Syab.g_02040
OG0000554	Syal	Prbg.g_00251	Syal.g_02837
OG0000554	Syag	Prbg.g_00251	Syag.g_01453
OG0000554	Syaq	Prbg.g_00251	Syaq.g_01839
OG0000554	Prbj	Prbg.g_00251	Prbj.g_02128
OG0000554	Prbk	Prbg.g_00251	Prbk.g_01081
OG0000554	Prbl	Prbg.g_00251	Prbl.g_00765
OG0000554	Praf	Prbg.g_00251	Praf.g_00661
OG0000554	Prah	Prbg.g_00251	Prah.g_01500
OG0000554	Syap	Prbg.g_00251	Syap.g_01450
OG0000554	Syas	Prbg.g_00251	Syas.g_00063
OG0000554	Syar	Prbg.g_00251	Syar.g_02352
OG0000554	Syat	Prbg.g_00251	Syat.g_03271
OG0000554	Syan	Prbg.g_00251	Syan.g_01165
OG0000554	Syao	Prbg.g_00251	Syao.g_01413
OG0000554	Syaa	Prbg.g_00251	Syaa.g_01979
OG0000554	Syac	Prbg.g_00251	Syac.g_01835
OG0000554	Syah	Prbg.g_00251	Syah.g_01065
OG0000554	Syae	Prbg.g_00251	Syae.g_02375
OG0000554	Syad	Prbg.g_00251	Syad.g_00978
OG0000554	Syaj	Prbg.g_00251	Syaj.g_00145
OG0000554	Syaf	Prbg.g_00251	Syaf.g_02653
OG0000554	Syai	Prbg.g_00251	Syai.g_00708
OG0000554	Syam	Prbg.g_00251	Syam.g_00652
OG0000554	Pram	Prbg.g_00251	Pram.g_00472
OG0000554	Prbh	Prbg.g_00251	Prbh.g_00295
OG0000554	Prak	Prbg.g_00251	Prak.g_00493
OG0000554	Prap	Prbg.g_00251	Prap.g_01235
OG0000554	Prbe	Prbg.g_00251	Prbe.g_00601
OG0000554	Prbf	Prbg.g_00251	Prbf.g_01815
OG0000554	Prbn	Prbg.g_00251	Prbn.g_00582
OG0000555	Prab	Prbg.g_00259	Prab.g_00546
OG0000555	Pran	Prbg.g_00259	Pran.g_01636
OG0000555	Prai	Prbg.g_00259	Prai.g_00570
OG0000555	Prax	Prbg.g_00259	Prax.g_00003
OG0000555	Pras	Prbg.g_00259	Pras.g_01419
OG0000555	Prau	Prbg.g_00259	Prau.g_00582
OG0000555	Prac	Prbg.g_00259	Prac.g_00830
OG0000555	Praq	Prbg.g_00259	Praq.g_01060
OG0000555	Prar	Prbg.g_00259	Prar.g_01372
OG0000555	Prag	Prbg.g_00259	Prag.g_00521
OG0000555	Praw	Prbg.g_00259	Praw.g_00606
OG0000555	Pray	Prbg.g_00259	Pray.g_01219
OG0000555	Praz	Prbg.g_00259	Praz.g_01786
OG0000555	Prba	Prbg.g_00259	Prba.g_01773
OG0000555	Prae	Prbg.g_00259	Prae.g_00517
OG0000555	Prbd	Prbg.g_00259	Prbd.g_00700
OG0000555	Prao	Prbg.g_00259	Prao.g_01161
OG0000555	Praa	Prbg.g_00259	Praa.g_00543
OG0000555	Prbi	Prbg.g_00259	Prbi.g_00545
OG0000555	Prav	Prbg.g_00259	Prav.g_01140
OG0000555	Prad	Prbg.g_00259	Prad.g_01332
OG0000555	Prbm	Prbg.g_00259	Prbm.g_00575
OG0000555	Prbc	Prbg.g_00259	Prbc.g_01621
OG0000555	Praj	Prbg.g_00259	Praj.g_00533
OG0000555	Prbb	Prbg.g_00259	Prbb.g_00545
OG0000555	Syas	Prbg.g_00259	Syas.g_00775
OG0000555	Syap	Prbg.g_00259	Syap.g_01941
OG0000555	Syat	Prbg.g_00259	Syat.g_00093
OG0000555	Syar	Prbg.g_00259	Syar.g_02336
OG0000555	Syan	Prbg.g_00259	Syan.g_00839
OG0000555	Syao	Prbg.g_00259	Syao.g_00875
OG0000555	Syac	Prbg.g_00259	Syac.g_01822
OG0000555	Syah	Prbg.g_00259	Syah.g_01078
OG0000555	Syai	Prbg.g_00259	Syai.g_00725
OG0000555	Syaf	Prbg.g_00259	Syaf.g_02635
OG0000555	Syam	Prbg.g_00259	Syam.g_00667
OG0000555	Syad	Prbg.g_00259	Syad.g_00999
OG0000555	Syaj	Prbg.g_00259	Syaj.g_00163
OG0000555	Syab	Prbg.g_00259	Syab.g_02026
OG0000555	Syal	Prbg.g_00259	Syal.g_02823
OG0000555	Syag	Prbg.g_00259	Syag.g_00075
OG0000555	Syak	Prbg.g_00259	Syak.g_02657
OG0000555	Syaq	Prbg.g_00259	Syaq.g_01857
OG0000555	Syaa	Prbg.g_00259	Syaa.g_01961
OG0000555	Syae	Prbg.g_00259	Syae.g_02390
OG0000555	Prbj	Prbg.g_00259	Prbj.g_02146
OG0000555	Prbk	Prbg.g_00259	Prbk.g_01099
OG0000555	Prbl	Prbg.g_00259	Prbl.g_00747
OG0000555	Praf	Prbg.g_00259	Praf.g_00677
OG0000555	Prah	Prbg.g_00259	Prah.g_01480
OG0000555	Pral	Prbg.g_00259	Pral.g_00548
OG0000555	Prat	Prbg.g_00259	Prat.g_00503
OG0000555	Pram	Prbg.g_00259	Pram.g_00479
OG0000555	Prbh	Prbg.g_00259	Prbh.g_00288
OG0000555	Prbn	Prbg.g_00259	Prbn.g_00574
OG0000555	Prak	Prbg.g_00259	Prak.g_00501
OG0000555	Prap	Prbg.g_00259	Prap.g_01227
OG0000555	Prbe	Prbg.g_00259	Prbe.g_00593
OG0000555	Prbf	Prbg.g_00259	Prbf.g_01823
OG0000556	Prab	Prbg.g_00261	Prab.g_00548
OG0000556	Pran	Prbg.g_00261	Pran.g_01634
OG0000556	Prai	Prbg.g_00261	Prai.g_00572
OG0000556	Prav	Prbg.g_00261	Prav.g_01142
OG0000556	Prad	Prbg.g_00261	Prad.g_01334
OG0000556	Prae	Prbg.g_00261	Prae.g_00519
OG0000556	Prao	Prbg.g_00261	Prao.g_01163
OG0000556	Praa	Prbg.g_00261	Praa.g_00545
OG0000556	Prbi	Prbg.g_00261	Prbi.g_00547
OG0000556	Pray	Prbg.g_00261	Pray.g_01217
OG0000556	Praz	Prbg.g_00261	Praz.g_01784
OG0000556	Prba	Prbg.g_00261	Prba.g_01771
OG0000556	Prax	Prbg.g_00261	Prax.g_00005
OG0000556	Prbd	Prbg.g_00261	Prbd.g_00698
OG0000556	Pras	Prbg.g_00261	Pras.g_01421
OG0000556	Prau	Prbg.g_00261	Prau.g_00584
OG0000556	Prac	Prbg.g_00261	Prac.g_00828
OG0000556	Praq	Prbg.g_00261	Praq.g_01058
OG0000556	Prar	Prbg.g_00261	Prar.g_01374
OG0000556	Prag	Prbg.g_00261	Prag.g_00523
OG0000556	Praw	Prbg.g_00261	Praw.g_00604
OG0000556	Prbm	Prbg.g_00261	Prbm.g_00577
OG0000556	Prbc	Prbg.g_00261	Prbc.g_01623
OG0000556	Praj	Prbg.g_00261	Praj.g_00535
OG0000556	Prbb	Prbg.g_00261	Prbb.g_00547
OG0000556	Syat	Prbg.g_00261	Syat.g_00088
OG0000556	Syar	Prbg.g_00261	Syar.g_02332
OG0000556	Syas	Prbg.g_00261	Syas.g_00781
OG0000556	Syan	Prbg.g_00261	Syan.g_00842
OG0000556	Syap	Prbg.g_00261	Syap.g_01933
OG0000556	Syao	Prbg.g_00261	Syao.g_00871
OG0000556	Syag	Prbg.g_00261	Syag.g_00257
OG0000556	Syaq	Prbg.g_00261	Syaq.g_01925
OG0000556	Prah	Prbg.g_00261	Prah.g_01474
OG0000556	Praf	Prbg.g_00261	Praf.g_00683
OG0000556	Prbj	Prbg.g_00261	Prbj.g_02666
OG0000556	Prbk	Prbg.g_00261	Prbk.g_02686
OG0000556	Prbl	Prbg.g_00261	Prbl.g_02645
OG0000556	Syak	Prbg.g_00261	Syak.g_02661
OG0000556	Syab	Prbg.g_00261	Syab.g_02022
OG0000556	Syal	Prbg.g_00261	Syal.g_02819
OG0000556	Syad	Prbg.g_00261	Syad.g_01003
OG0000556	Syaj	Prbg.g_00261	Syaj.g_00167
OG0000556	Syaa	Prbg.g_00261	Syaa.g_01957
OG0000556	Syaf	Prbg.g_00261	Syaf.g_02630
OG0000556	Syai	Prbg.g_00261	Syai.g_00728
OG0000556	Syam	Prbg.g_00261	Syam.g_00670
OG0000556	Syae	Prbg.g_00261	Syae.g_02394
OG0000556	Syac	Prbg.g_00261	Syac.g_01817
OG0000556	Syah	Prbg.g_00261	Syah.g_01084
OG0000556	Pral	Prbg.g_00261	Pral.g_00546
OG0000556	Prat	Prbg.g_00261	Prat.g_00505
OG0000556	Pram	Prbg.g_00261	Pram.g_00481
OG0000556	Prbh	Prbg.g_00261	Prbh.g_00286
OG0000556	Prak	Prbg.g_00261	Prak.g_00503
OG0000556	Prap	Prbg.g_00261	Prap.g_01225
OG0000556	Prbe	Prbg.g_00261	Prbe.g_00591
OG0000556	Prbf	Prbg.g_00261	Prbf.g_01825
OG0000556	Prbn	Prbg.g_00261	Prbn.g_00572
OG0000557	Prab	Prbg.g_00262	Prab.g_00549
OG0000557	Pran	Prbg.g_00262	Pran.g_01633
OG0000557	Prai	Prbg.g_00262	Prai.g_00573
OG0000557	Praa	Prbg.g_00262	Praa.g_00546
OG0000557	Prav	Prbg.g_00262	Prav.g_01143
OG0000557	Prag	Prbg.g_00262	Prag.g_00524
OG0000557	Praw	Prbg.g_00262	Praw.g_00603
OG0000557	Prad	Prbg.g_00262	Prad.g_01335
OG0000557	Pray	Prbg.g_00262	Pray.g_01216
OG0000557	Praz	Prbg.g_00262	Praz.g_01783
OG0000557	Prba	Prbg.g_00262	Prba.g_01770
OG0000557	Pras	Prbg.g_00262	Pras.g_01422
OG0000557	Prau	Prbg.g_00262	Prau.g_00585
OG0000557	Prac	Prbg.g_00262	Prac.g_00827
OG0000557	Praq	Prbg.g_00262	Praq.g_01057
OG0000557	Prar	Prbg.g_00262	Prar.g_01375
OG0000557	Prae	Prbg.g_00262	Prae.g_00520
OG0000557	Prao	Prbg.g_00262	Prao.g_01164
OG0000557	Prbi	Prbg.g_00262	Prbi.g_00548
OG0000557	Prbd	Prbg.g_00262	Prbd.g_00697
OG0000557	Prax	Prbg.g_00262	Prax.g_00006
OG0000557	Prbc	Prbg.g_00262	Prbc.g_01624
OG0000557	Prbm	Prbg.g_00262	Prbm.g_00578
OG0000557	Praj	Prbg.g_00262	Praj.g_00536
OG0000557	Prbb	Prbg.g_00262	Prbb.g_00548
OG0000557	Prah	Prbg.g_00262	Prah.g_01473
OG0000557	Praf	Prbg.g_00262	Praf.g_00684
OG0000557	Prbj	Prbg.g_00262	Prbj.g_01858
OG0000557	Prbk	Prbg.g_00262	Prbk.g_01898
OG0000557	Prbl	Prbg.g_00262	Prbl.g_01878
OG0000557	Syak	Prbg.g_00262	Syak.g_02663
OG0000557	Syab	Prbg.g_00262	Syab.g_02019
OG0000557	Syal	Prbg.g_00262	Syal.g_02816
OG0000557	Syat	Prbg.g_00262	Syat.g_00083
OG0000557	Syap	Prbg.g_00262	Syap.g_01931
OG0000557	Syar	Prbg.g_00262	Syar.g_02328
OG0000557	Syac	Prbg.g_00262	Syac.g_01815
OG0000557	Syah	Prbg.g_00262	Syah.g_01086
OG0000557	Syad	Prbg.g_00262	Syad.g_01011
OG0000557	Syaj	Prbg.g_00262	Syaj.g_00178
OG0000557	Syae	Prbg.g_00262	Syae.g_02398
OG0000557	Syaa	Prbg.g_00262	Syaa.g_01955
OG0000557	Syaf	Prbg.g_00262	Syaf.g_02628
OG0000557	Syai	Prbg.g_00262	Syai.g_00730
OG0000557	Syam	Prbg.g_00262	Syam.g_00672
OG0000557	Syag	Prbg.g_00262	Syag.g_00267
OG0000557	Syaq	Prbg.g_00262	Syaq.g_01927
OG0000557	Syan	Prbg.g_00262	Syan.g_00847
OG0000557	Syao	Prbg.g_00262	Syao.g_00866
OG0000557	Syas	Prbg.g_00262	Syas.g_00783
OG0000557	Pral	Prbg.g_00262	Pral.g_00545
OG0000557	Prat	Prbg.g_00262	Prat.g_00506
OG0000557	Pram	Prbg.g_00262	Pram.g_00482
OG0000557	Prbh	Prbg.g_00262	Prbh.g_00285
OG0000557	Prak	Prbg.g_00262	Prak.g_00504
OG0000557	Prap	Prbg.g_00262	Prap.g_01224
OG0000557	Prbe	Prbg.g_00262	Prbe.g_00590
OG0000557	Prbf	Prbg.g_00262	Prbf.g_01826
OG0000557	Prbn	Prbg.g_00262	Prbn.g_00571
OG0000558	Prab	Prbg.g_00265	Prab.g_00551
OG0000558	Pran	Prbg.g_00265	Pran.g_01631
OG0000558	Prai	Prbg.g_00265	Prai.g_00575
OG0000558	Prav	Prbg.g_00265	Prav.g_01145
OG0000558	Prag	Prbg.g_00265	Prag.g_00526
OG0000558	Praw	Prbg.g_00265	Praw.g_00601
OG0000558	Prac	Prbg.g_00265	Prac.g_00825
OG0000558	Praq	Prbg.g_00265	Praq.g_01055
OG0000558	Prar	Prbg.g_00265	Prar.g_01377
OG0000558	Pras	Prbg.g_00265	Pras.g_01424
OG0000558	Prau	Prbg.g_00265	Prau.g_00587
OG0000558	Praa	Prbg.g_00265	Praa.g_00548
OG0000558	Prbi	Prbg.g_00265	Prbi.g_00550
OG0000558	Prao	Prbg.g_00265	Prao.g_01166
OG0000558	Prax	Prbg.g_00265	Prax.g_00008
OG0000558	Prae	Prbg.g_00265	Prae.g_00522
OG0000558	Prbd	Prbg.g_00265	Prbd.g_00695
OG0000558	Pray	Prbg.g_00265	Pray.g_01214
OG0000558	Praz	Prbg.g_00265	Praz.g_01781
OG0000558	Prba	Prbg.g_00265	Prba.g_01768
OG0000558	Prad	Prbg.g_00265	Prad.g_01337
OG0000558	Prbm	Prbg.g_00265	Prbm.g_00580
OG0000558	Praj	Prbg.g_00265	Praj.g_00538
OG0000558	Prbb	Prbg.g_00265	Prbb.g_00551
OG0000558	Prbc	Prbg.g_00265	Prbc.g_01627
OG0000558	Syad	Prbg.g_00265	Syad.g_01013
OG0000558	Syaj	Prbg.g_00265	Syaj.g_00181
OG0000558	Syac	Prbg.g_00265	Syac.g_01813
OG0000558	Syah	Prbg.g_00265	Syah.g_01088
OG0000558	Syaf	Prbg.g_00265	Syaf.g_02626
OG0000558	Syai	Prbg.g_00265	Syai.g_00732
OG0000558	Syam	Prbg.g_00265	Syam.g_00675
OG0000558	Syaa	Prbg.g_00265	Syaa.g_01953
OG0000558	Syae	Prbg.g_00265	Syae.g_02400
OG0000558	Prbj	Prbg.g_00265	Prbj.g_01861
OG0000558	Prbk	Prbg.g_00265	Prbk.g_01895
OG0000558	Prbl	Prbg.g_00265	Prbl.g_01881
OG0000558	Praf	Prbg.g_00265	Praf.g_00687
OG0000558	Prah	Prbg.g_00265	Prah.g_01470
OG0000558	Syar	Prbg.g_00265	Syar.g_02326
OG0000558	Syan	Prbg.g_00265	Syan.g_00849
OG0000558	Syao	Prbg.g_00265	Syao.g_00864
OG0000558	Syat	Prbg.g_00265	Syat.g_00081
OG0000558	Syap	Prbg.g_00265	Syap.g_01147
OG0000558	Syas	Prbg.g_00265	Syas.g_00785
OG0000558	Syag	Prbg.g_00265	Syag.g_00269
OG0000558	Syaq	Prbg.g_00265	Syaq.g_01929
OG0000558	Syak	Prbg.g_00265	Syak.g_02666
OG0000558	Syab	Prbg.g_00265	Syab.g_02016
OG0000558	Syal	Prbg.g_00265	Syal.g_02814
OG0000558	Pral	Prbg.g_00265	Pral.g_00543
OG0000558	Prat	Prbg.g_00265	Prat.g_00508
OG0000558	Pram	Prbg.g_00265	Pram.g_00484
OG0000558	Prbh	Prbg.g_00265	Prbh.g_00283
OG0000558	Prak	Prbg.g_00265	Prak.g_00507
OG0000558	Prap	Prbg.g_00265	Prap.g_01222
OG0000558	Prbe	Prbg.g_00265	Prbe.g_00588
OG0000558	Prbf	Prbg.g_00265	Prbf.g_01828
OG0000558	Prbn	Prbg.g_00265	Prbn.g_00569
OG0000559	Prab	Prbg.g_00269	Prab.g_00555
OG0000559	Pran	Prbg.g_00269	Pran.g_01627
OG0000559	Prae	Prbg.g_00269	Prae.g_00526
OG0000559	Praa	Prbg.g_00269	Praa.g_00552
OG0000559	Prbi	Prbg.g_00269	Prbi.g_00554
OG0000559	Pras	Prbg.g_00269	Pras.g_01428
OG0000559	Prau	Prbg.g_00269	Prau.g_00591
OG0000559	Prao	Prbg.g_00269	Prao.g_01170
OG0000559	Prax	Prbg.g_00269	Prax.g_00012
OG0000559	Prbd	Prbg.g_00269	Prbd.g_00691
OG0000559	Prad	Prbg.g_00269	Prad.g_01341
OG0000559	Prav	Prbg.g_00269	Prav.g_01149
OG0000559	Pray	Prbg.g_00269	Pray.g_01210
OG0000559	Praz	Prbg.g_00269	Praz.g_01777
OG0000559	Prba	Prbg.g_00269	Prba.g_01764
OG0000559	Prac	Prbg.g_00269	Prac.g_00821
OG0000559	Praq	Prbg.g_00269	Praq.g_01051
OG0000559	Prar	Prbg.g_00269	Prar.g_01381
OG0000559	Prag	Prbg.g_00269	Prag.g_00530
OG0000559	Praw	Prbg.g_00269	Praw.g_00597
OG0000559	Prai	Prbg.g_00269	Prai.g_00579
OG0000559	Prbb	Prbg.g_00269	Prbb.g_00555
OG0000559	Praj	Prbg.g_00269	Praj.g_00542
OG0000559	Prbm	Prbg.g_00269	Prbm.g_00584
OG0000559	Prbc	Prbg.g_00269	Prbc.g_01631
OG0000559	Pral	Prbg.g_00269	Pral.g_00539
OG0000559	Prat	Prbg.g_00269	Prat.g_00512
OG0000559	Prbj	Prbg.g_00269	Prbj.g_01865
OG0000559	Prbk	Prbg.g_00269	Prbk.g_01891
OG0000559	Prbl	Prbg.g_00269	Prbl.g_01885
OG0000559	Praf	Prbg.g_00269	Praf.g_00691
OG0000559	Prah	Prbg.g_00269	Prah.g_01466
OG0000559	Syad	Prbg.g_00269	Syad.g_01016
OG0000559	Syaj	Prbg.g_00269	Syaj.g_00185
OG0000559	Syaa	Prbg.g_00269	Syaa.g_01949
OG0000559	Syaf	Prbg.g_00269	Syaf.g_02622
OG0000559	Syai	Prbg.g_00269	Syai.g_00736
OG0000559	Syam	Prbg.g_00269	Syam.g_00679
OG0000559	Syac	Prbg.g_00269	Syac.g_01808
OG0000559	Syah	Prbg.g_00269	Syah.g_01093
OG0000559	Syae	Prbg.g_00269	Syae.g_02404
OG0000559	Syal	Prbg.g_00269	Syal.g_02305, Syal.g_02810
OG0000559	Syaq	Prbg.g_00269	Syaq.g_01933
OG0000559	Syag	Prbg.g_00269	Syag.g_00273
OG0000559	Syak	Prbg.g_00269	Syak.g_02670
OG0000559	Syab	Prbg.g_00269	Syab.g_02012
OG0000559	Syan	Prbg.g_00269	Syan.g_00853
OG0000559	Syao	Prbg.g_00269	Syao.g_00860
OG0000559	Syas	Prbg.g_00269	Syas.g_00789
OG0000559	Syar	Prbg.g_00269	Syar.g_02322
OG0000559	Syat	Prbg.g_00269	Syat.g_00077
OG0000559	Pram	Prbg.g_00269	Pram.g_00488
OG0000559	Prbh	Prbg.g_00269	Prbh.g_00279
OG0000559	Prak	Prbg.g_00269	Prak.g_00511
OG0000559	Prap	Prbg.g_00269	Prap.g_01218
OG0000559	Prbe	Prbg.g_00269	Prbe.g_00584
OG0000559	Prbf	Prbg.g_00269	Prbf.g_01832
OG0000559	Prbn	Prbg.g_00269	Prbn.g_00565
OG0000560	Prab	Prbg.g_00272	Prab.g_00558
OG0000560	Pran	Prbg.g_00272	Pran.g_01624
OG0000560	Prai	Prbg.g_00272	Prai.g_00582
OG0000560	Prac	Prbg.g_00272	Prac.g_00818
OG0000560	Prar	Prbg.g_00272	Prar.g_01384
OG0000560	Praq	Prbg.g_00272	Praq.g_01048
OG0000560	Prag	Prbg.g_00272	Prag.g_00533
OG0000560	Praw	Prbg.g_00272	Praw.g_00594
OG0000560	Pray	Prbg.g_00272	Pray.g_01207
OG0000560	Praz	Prbg.g_00272	Praz.g_01774
OG0000560	Prba	Prbg.g_00272	Prba.g_01761
OG0000560	Prad	Prbg.g_00272	Prad.g_01344
OG0000560	Prav	Prbg.g_00272	Prav.g_01152
OG0000560	Prbi	Prbg.g_00272	Prbi.g_00557
OG0000560	Praa	Prbg.g_00272	Praa.g_00555
OG0000560	Prae	Prbg.g_00272	Prae.g_00529
OG0000560	Prax	Prbg.g_00272	Prax.g_00015
OG0000560	Prbd	Prbg.g_00272	Prbd.g_00688
OG0000560	Prao	Prbg.g_00272	Prao.g_01173
OG0000560	Pras	Prbg.g_00272	Pras.g_01431
OG0000560	Prau	Prbg.g_00272	Prau.g_00594
OG0000560	Prbm	Prbg.g_00272	Prbm.g_00587
OG0000560	Praj	Prbg.g_00272	Praj.g_00545
OG0000560	Prbb	Prbg.g_00272	Prbb.g_00558
OG0000560	Prbc	Prbg.g_00272	Prbc.g_01634
OG0000560	Pral	Prbg.g_00272	Pral.g_00536
OG0000560	Prat	Prbg.g_00272	Prat.g_00516
OG0000560	Prbj	Prbg.g_00272	Prbj.g_01868
OG0000560	Prbk	Prbg.g_00272	Prbk.g_01888
OG0000560	Prbl	Prbg.g_00272	Prbl.g_01888
OG0000560	Praf	Prbg.g_00272	Praf.g_00694
OG0000560	Prah	Prbg.g_00272	Prah.g_01463
OG0000560	Syar	Prbg.g_00272	Syar.g_02320
OG0000560	Syat	Prbg.g_00272	Syat.g_00074
OG0000560	Syao	Prbg.g_00272	Syao.g_00857
OG0000560	Syas	Prbg.g_00272	Syas.g_00792
OG0000560	Syan	Prbg.g_00272	Syan.g_00856
OG0000560	Syap	Prbg.g_00272	Syap.g_00305
OG0000560	Syab	Prbg.g_00272	Syab.g_02009
OG0000560	Syal	Prbg.g_00272	Syal.g_02807
OG0000560	Syaq	Prbg.g_00272	Syaq.g_01936
OG0000560	Syak	Prbg.g_00272	Syak.g_02672
OG0000560	Syag	Prbg.g_00272	Syag.g_00276
OG0000560	Syaa	Prbg.g_00272	Syaa.g_01946
OG0000560	Syac	Prbg.g_00272	Syac.g_01805
OG0000560	Syah	Prbg.g_00272	Syah.g_01096
OG0000560	Syaf	Prbg.g_00272	Syaf.g_02619
OG0000560	Syai	Prbg.g_00272	Syai.g_00739
OG0000560	Syam	Prbg.g_00272	Syam.g_00682
OG0000560	Syad	Prbg.g_00272	Syad.g_01019
OG0000560	Syaj	Prbg.g_00272	Syaj.g_00188
OG0000560	Syae	Prbg.g_00272	Syae.g_02407
OG0000560	Pram	Prbg.g_00272	Pram.g_00491
OG0000560	Prbh	Prbg.g_00272	Prbh.g_00276
OG0000560	Prak	Prbg.g_00272	Prak.g_00514
OG0000560	Prap	Prbg.g_00272	Prap.g_01215
OG0000560	Prbe	Prbg.g_00272	Prbe.g_00581
OG0000560	Prbf	Prbg.g_00272	Prbf.g_01835
OG0000560	Prbn	Prbg.g_00272	Prbn.g_00562
OG0000561	Prab	Prbg.g_00273	Prab.g_00559
OG0000561	Pran	Prbg.g_00273	Pran.g_01623
OG0000561	Prai	Prbg.g_00273	Prai.g_00583
OG0000561	Prag	Prbg.g_00273	Prag.g_00534
OG0000561	Praw	Prbg.g_00273	Praw.g_00593
OG0000561	Prac	Prbg.g_00273	Prac.g_00817
OG0000561	Praq	Prbg.g_00273	Praq.g_01047
OG0000561	Prar	Prbg.g_00273	Prar.g_01385
OG0000561	Pray	Prbg.g_00273	Pray.g_01206
OG0000561	Praz	Prbg.g_00273	Praz.g_01773
OG0000561	Prba	Prbg.g_00273	Prba.g_01760
OG0000561	Prao	Prbg.g_00273	Prao.g_01174
OG0000561	Pras	Prbg.g_00273	Pras.g_01432
OG0000561	Prau	Prbg.g_00273	Prau.g_00595
OG0000561	Prav	Prbg.g_00273	Prav.g_01153
OG0000561	Prbd	Prbg.g_00273	Prbd.g_00687
OG0000561	Prad	Prbg.g_00273	Prad.g_01345
OG0000561	Prae	Prbg.g_00273	Prae.g_00530
OG0000561	Prax	Prbg.g_00273	Prax.g_00016
OG0000561	Praa	Prbg.g_00273	Praa.g_00556
OG0000561	Prbi	Prbg.g_00273	Prbi.g_00558
OG0000561	Prbm	Prbg.g_00273	Prbm.g_00588
OG0000561	Praj	Prbg.g_00273	Praj.g_00546
OG0000561	Prbb	Prbg.g_00273	Prbb.g_00559
OG0000561	Prbc	Prbg.g_00273	Prbc.g_01635
OG0000561	Syat	Prbg.g_00273	Syat.g_00073
OG0000561	Syar	Prbg.g_00273	Syar.g_02319
OG0000561	Syas	Prbg.g_00273	Syas.g_00793
OG0000561	Syap	Prbg.g_00273	Syap.g_00304
OG0000561	Syan	Prbg.g_00273	Syan.g_00857
OG0000561	Syao	Prbg.g_00273	Syao.g_00856
OG0000561	Praf	Prbg.g_00273	Praf.g_00695
OG0000561	Prbj	Prbg.g_00273	Prbj.g_01869
OG0000561	Prbk	Prbg.g_00273	Prbk.g_01887
OG0000561	Prbl	Prbg.g_00273	Prbl.g_01889
OG0000561	Prah	Prbg.g_00273	Prah.g_01462
OG0000561	Syaq	Prbg.g_00273	Syaq.g_01937
OG0000561	Syak	Prbg.g_00273	Syak.g_02673
OG0000561	Syag	Prbg.g_00273	Syag.g_00277
OG0000561	Syab	Prbg.g_00273	Syab.g_02008
OG0000561	Syal	Prbg.g_00273	Syal.g_02806
OG0000561	Syac	Prbg.g_00273	Syac.g_01804
OG0000561	Syah	Prbg.g_00273	Syah.g_01097
OG0000561	Syai	Prbg.g_00273	Syai.g_00740
OG0000561	Syaf	Prbg.g_00273	Syaf.g_02618
OG0000561	Syam	Prbg.g_00273	Syam.g_00683
OG0000561	Syae	Prbg.g_00273	Syae.g_02408
OG0000561	Syad	Prbg.g_00273	Syad.g_01020
OG0000561	Syaj	Prbg.g_00273	Syaj.g_00189
OG0000561	Syaa	Prbg.g_00273	Syaa.g_01945
OG0000561	Pral	Prbg.g_00273	Pral.g_00535
OG0000561	Prat	Prbg.g_00273	Prat.g_00517
OG0000561	Pram	Prbg.g_00273	Pram.g_00492
OG0000561	Prbh	Prbg.g_00273	Prbh.g_00275
OG0000561	Prak	Prbg.g_00273	Prak.g_00515
OG0000561	Prap	Prbg.g_00273	Prap.g_01214
OG0000561	Prbe	Prbg.g_00273	Prbe.g_00580
OG0000561	Prbf	Prbg.g_00273	Prbf.g_01836
OG0000561	Prbn	Prbg.g_00273	Prbn.g_00561
OG0000562	Pray	Prbg.g_00274	Pray.g_01205
OG0000562	Praz	Prbg.g_00274	Praz.g_01772
OG0000562	Prba	Prbg.g_00274	Prba.g_01759
OG0000562	Prab	Prbg.g_00274	Prab.g_00560
OG0000562	Pran	Prbg.g_00274	Pran.g_01622
OG0000562	Prai	Prbg.g_00274	Prai.g_00584
OG0000562	Prbi	Prbg.g_00274	Prbi.g_00559
OG0000562	Prad	Prbg.g_00274	Prad.g_01346
OG0000562	Prao	Prbg.g_00274	Prao.g_01175
OG0000562	Prac	Prbg.g_00274	Prac.g_00816
OG0000562	Praq	Prbg.g_00274	Praq.g_01046
OG0000562	Prar	Prbg.g_00274	Prar.g_01386
OG0000562	Prag	Prbg.g_00274	Prag.g_00535
OG0000562	Praw	Prbg.g_00274	Praw.g_00592
OG0000562	Prav	Prbg.g_00274	Prav.g_01154
OG0000562	Pras	Prbg.g_00274	Pras.g_01433
OG0000562	Prau	Prbg.g_00274	Prau.g_00596
OG0000562	Praa	Prbg.g_00274	Praa.g_00557
OG0000562	Prax	Prbg.g_00274	Prax.g_00017
OG0000562	Prae	Prbg.g_00274	Prae.g_00531
OG0000562	Prbd	Prbg.g_00274	Prbd.g_00686
OG0000562	Praf	Prbg.g_00274	Praf.g_00696
OG0000562	Prah	Prbg.g_00274	Prah.g_01461
OG0000562	Prbj	Prbg.g_00274	Prbj.g_01870
OG0000562	Prbk	Prbg.g_00274	Prbk.g_01886
OG0000562	Prbl	Prbg.g_00274	Prbl.g_01890
OG0000562	Syaq	Prbg.g_00274	Syaq.g_01938
OG0000562	Syaf	Prbg.g_00274	Syaf.g_02617
OG0000562	Syac	Prbg.g_00274	Syac.g_01803
OG0000562	Syah	Prbg.g_00274	Syah.g_01098
OG0000562	Syai	Prbg.g_00274	Syai.g_00741
OG0000562	Syam	Prbg.g_00274	Syam.g_00684
OG0000562	Syae	Prbg.g_00274	Syae.g_02409
OG0000562	Syad	Prbg.g_00274	Syad.g_01021
OG0000562	Syaj	Prbg.g_00274	Syaj.g_00190
OG0000562	Syaa	Prbg.g_00274	Syaa.g_01944
OG0000562	Syan	Prbg.g_00274	Syan.g_00858
OG0000562	Syao	Prbg.g_00274	Syao.g_00855
OG0000562	Syap	Prbg.g_00274	Syap.g_00302
OG0000562	Syas	Prbg.g_00274	Syas.g_00794
OG0000562	Syar	Prbg.g_00274	Syar.g_02318
OG0000562	Syat	Prbg.g_00274	Syat.g_00072
OG0000562	Syag	Prbg.g_00274	Syag.g_00278
OG0000562	Syak	Prbg.g_00274	Syak.g_02674
OG0000562	Syab	Prbg.g_00274	Syab.g_02007
OG0000562	Syal	Prbg.g_00274	Syal.g_02805
OG0000562	Prbb	Prbg.g_00274	Prbb.g_00560
OG0000562	Prbm	Prbg.g_00274	Prbm.g_00589
OG0000562	Praj	Prbg.g_00274	Praj.g_00547
OG0000562	Prbc	Prbg.g_00274	Prbc.g_01636
OG0000562	Prat	Prbg.g_00274	Prat.g_00518
OG0000562	Pral	Prbg.g_00274	Pral.g_00534
OG0000562	Pram	Prbg.g_00274	Pram.g_00493
OG0000562	Prbh	Prbg.g_00274	Prbh.g_00274
OG0000562	Prak	Prbg.g_00274	Prak.g_00516
OG0000562	Prap	Prbg.g_00274	Prap.g_01213
OG0000562	Prbe	Prbg.g_00274	Prbe.g_00579
OG0000562	Prbf	Prbg.g_00274	Prbf.g_01837
OG0000562	Prbn	Prbg.g_00274	Prbn.g_00560
OG0000563	Prad	Prbg.g_00275	Prad.g_01347
OG0000563	Prav	Prbg.g_00275	Prav.g_01155
OG0000563	Prbi	Prbg.g_00275	Prbi.g_00560
OG0000563	Prao	Prbg.g_00275	Prao.g_01176
OG0000563	Pras	Prbg.g_00275	Pras.g_01434
OG0000563	Prau	Prbg.g_00275	Prau.g_00597
OG0000563	Pray	Prbg.g_00275	Pray.g_01204
OG0000563	Praz	Prbg.g_00275	Praz.g_01771
OG0000563	Prba	Prbg.g_00275	Prba.g_01758
OG0000563	Prae	Prbg.g_00275	Prae.g_00532
OG0000563	Praa	Prbg.g_00275	Praa.g_00558
OG0000563	Prbd	Prbg.g_00275	Prbd.g_00685
OG0000563	Prax	Prbg.g_00275	Prax.g_00018
OG0000563	Prag	Prbg.g_00275	Prag.g_00536
OG0000563	Praw	Prbg.g_00275	Praw.g_00591
OG0000563	Prac	Prbg.g_00275	Prac.g_00815
OG0000563	Praq	Prbg.g_00275	Praq.g_01045
OG0000563	Prar	Prbg.g_00275	Prar.g_01387
OG0000563	Prab	Prbg.g_00275	Prab.g_00561
OG0000563	Pran	Prbg.g_00275	Pran.g_01621
OG0000563	Prai	Prbg.g_00275	Prai.g_00585
OG0000563	Prbm	Prbg.g_00275	Prbm.g_00590
OG0000563	Prbc	Prbg.g_00275	Prbc.g_01637
OG0000563	Praj	Prbg.g_00275	Praj.g_00548
OG0000563	Prbb	Prbg.g_00275	Prbb.g_00561
OG0000563	Pral	Prbg.g_00275	Pral.g_00533
OG0000563	Prbj	Prbg.g_00275	Prbj.g_01871
OG0000563	Prbk	Prbg.g_00275	Prbk.g_01885
OG0000563	Prbl	Prbg.g_00275	Prbl.g_01891
OG0000563	Praf	Prbg.g_00275	Praf.g_00697
OG0000563	Prah	Prbg.g_00275	Prah.g_01460
OG0000563	Syak	Prbg.g_00275	Syak.g_02675
OG0000563	Syar	Prbg.g_00275	Syar.g_02317
OG0000563	Syat	Prbg.g_00275	Syat.g_00071
OG0000563	Syas	Prbg.g_00275	Syas.g_00795
OG0000563	Syao	Prbg.g_00275	Syao.g_00854
OG0000563	Syan	Prbg.g_00275	Syan.g_00859
OG0000563	Syap	Prbg.g_00275	Syap.g_00301
OG0000563	Syab	Prbg.g_00275	Syab.g_02006
OG0000563	Syal	Prbg.g_00275	Syal.g_02804
OG0000563	Syag	Prbg.g_00275	Syag.g_00279
OG0000563	Syaq	Prbg.g_00275	Syaq.g_01939
OG0000563	Syae	Prbg.g_00275	Syae.g_02410
OG0000563	Syac	Prbg.g_00275	Syac.g_01802
OG0000563	Syah	Prbg.g_00275	Syah.g_01099
OG0000563	Syaf	Prbg.g_00275	Syaf.g_02616
OG0000563	Syai	Prbg.g_00275	Syai.g_00742
OG0000563	Syam	Prbg.g_00275	Syam.g_00685
OG0000563	Syad	Prbg.g_00275	Syad.g_01022
OG0000563	Syaj	Prbg.g_00275	Syaj.g_00191
OG0000563	Syaa	Prbg.g_00275	Syaa.g_01943
OG0000563	Prat	Prbg.g_00275	Prat.g_00519
OG0000563	Pram	Prbg.g_00275	Pram.g_00494
OG0000563	Prbh	Prbg.g_00275	Prbh.g_00273
OG0000563	Prak	Prbg.g_00275	Prak.g_00517
OG0000563	Prap	Prbg.g_00275	Prap.g_01212
OG0000563	Prbe	Prbg.g_00275	Prbe.g_00578
OG0000563	Prbf	Prbg.g_00275	Prbf.g_01838
OG0000563	Prbn	Prbg.g_00275	Prbn.g_00559
OG0000564	Prab	Prbg.g_00276	Prab.g_00562
OG0000564	Pran	Prbg.g_00276	Pran.g_01620
OG0000564	Prai	Prbg.g_00276	Prai.g_00586
OG0000564	Pras	Prbg.g_00276	Pras.g_01435
OG0000564	Prau	Prbg.g_00276	Prau.g_00598
OG0000564	Prax	Prbg.g_00276	Prax.g_00019
OG0000564	Prbi	Prbg.g_00276	Prbi.g_00561
OG0000564	Prac	Prbg.g_00276	Prac.g_00814
OG0000564	Praq	Prbg.g_00276	Praq.g_01044
OG0000564	Prar	Prbg.g_00276	Prar.g_01388
OG0000564	Prag	Prbg.g_00276	Prag.g_00537
OG0000564	Praw	Prbg.g_00276	Praw.g_00590
OG0000564	Prav	Prbg.g_00276	Prav.g_01156
OG0000564	Praa	Prbg.g_00276	Praa.g_00559
OG0000564	Prad	Prbg.g_00276	Prad.g_01348
OG0000564	Prao	Prbg.g_00276	Prao.g_01177
OG0000564	Prae	Prbg.g_00276	Prae.g_00533
OG0000564	Prbd	Prbg.g_00276	Prbd.g_00684
OG0000564	Pray	Prbg.g_00276	Pray.g_01203
OG0000564	Praz	Prbg.g_00276	Praz.g_01770
OG0000564	Prba	Prbg.g_00276	Prba.g_01757
OG0000564	Pral	Prbg.g_00276	Pral.g_00532
OG0000564	Prat	Prbg.g_00276	Prat.g_00520
OG0000564	Syag	Prbg.g_00276	Syag.g_00280
OG0000564	Syaq	Prbg.g_00276	Syaq.g_01940
OG0000564	Syak	Prbg.g_00276	Syak.g_02676
OG0000564	Syab	Prbg.g_00276	Syab.g_02005
OG0000564	Syal	Prbg.g_00276	Syal.g_02803
OG0000564	Syae	Prbg.g_00276	Syae.g_02411
OG0000564	Syaa	Prbg.g_00276	Syaa.g_01942
OG0000564	Syaf	Prbg.g_00276	Syaf.g_02615
OG0000564	Syai	Prbg.g_00276	Syai.g_00743
OG0000564	Syam	Prbg.g_00276	Syam.g_00686
OG0000564	Syad	Prbg.g_00276	Syad.g_01023
OG0000564	Syaj	Prbg.g_00276	Syaj.g_00192
OG0000564	Syac	Prbg.g_00276	Syac.g_01801
OG0000564	Syah	Prbg.g_00276	Syah.g_01100
OG0000564	Syat	Prbg.g_00276	Syat.g_00070
OG0000564	Syan	Prbg.g_00276	Syan.g_00860
OG0000564	Syao	Prbg.g_00276	Syao.g_00853
OG0000564	Syap	Prbg.g_00276	Syap.g_00300
OG0000564	Syar	Prbg.g_00276	Syar.g_02316
OG0000564	Syas	Prbg.g_00276	Syas.g_00796
OG0000564	Praf	Prbg.g_00276	Praf.g_00698
OG0000564	Prbj	Prbg.g_00276	Prbj.g_01872
OG0000564	Prbk	Prbg.g_00276	Prbk.g_01884
OG0000564	Prbl	Prbg.g_00276	Prbl.g_01892
OG0000564	Prah	Prbg.g_00276	Prah.g_01459
OG0000564	Prbm	Prbg.g_00276	Prbm.g_00591
OG0000564	Praj	Prbg.g_00276	Praj.g_00549
OG0000564	Prbc	Prbg.g_00276	Prbc.g_01638
OG0000564	Prbb	Prbg.g_00276	Prbb.g_00562
OG0000564	Pram	Prbg.g_00276	Pram.g_00495
OG0000564	Prbh	Prbg.g_00276	Prbh.g_00272
OG0000564	Prak	Prbg.g_00276	Prak.g_00518
OG0000564	Prap	Prbg.g_00276	Prap.g_01211
OG0000564	Prbe	Prbg.g_00276	Prbe.g_00577
OG0000564	Prbf	Prbg.g_00276	Prbf.g_01839
OG0000564	Prbn	Prbg.g_00276	Prbn.g_00558
OG0000565	Prab	Prbg.g_00278	Prab.g_00565
OG0000565	Pran	Prbg.g_00278	Pran.g_01617
OG0000565	Prai	Prbg.g_00278	Prai.g_00589
OG0000565	Prac	Prbg.g_00278	Prac.g_00811
OG0000565	Praq	Prbg.g_00278	Praq.g_01041
OG0000565	Prar	Prbg.g_00278	Prar.g_01391
OG0000565	Pray	Prbg.g_00278	Pray.g_01200
OG0000565	Praz	Prbg.g_00278	Praz.g_01767
OG0000565	Prba	Prbg.g_00278	Prba.g_01754
OG0000565	Prbi	Prbg.g_00278	Prbi.g_00564
OG0000565	Pras	Prbg.g_00278	Pras.g_01438
OG0000565	Prau	Prbg.g_00278	Prau.g_00601
OG0000565	Praa	Prbg.g_00278	Praa.g_00562
OG0000565	Prae	Prbg.g_00278	Prae.g_00536
OG0000565	Prax	Prbg.g_00278	Prax.g_00022
OG0000565	Prbd	Prbg.g_00278	Prbd.g_00681
OG0000565	Prao	Prbg.g_00278	Prao.g_01180
OG0000565	Prad	Prbg.g_00278	Prad.g_01351
OG0000565	Prag	Prbg.g_00278	Prag.g_00540
OG0000565	Praw	Prbg.g_00278	Praw.g_00587
OG0000565	Prav	Prbg.g_00278	Prav.g_01159
OG0000565	Pral	Prbg.g_00278	Pral.g_00529
OG0000565	Praj	Prbg.g_00278	Praj.g_00552
OG0000565	Prbm	Prbg.g_00278	Prbm.g_00594
OG0000565	Prbb	Prbg.g_00278	Prbb.g_00565
OG0000565	Prbc	Prbg.g_00278	Prbc.g_01641
OG0000565	Prat	Prbg.g_00278	Prat.g_00523
OG0000565	Prbj	Prbg.g_00278	Prbj.g_01875
OG0000565	Prbk	Prbg.g_00278	Prbk.g_01881
OG0000565	Prbl	Prbg.g_00278	Prbl.g_01895
OG0000565	Praf	Prbg.g_00278	Praf.g_00701
OG0000565	Prah	Prbg.g_00278	Prah.g_01457
OG0000565	Syae	Prbg.g_00278	Syae.g_02414
OG0000565	Syab	Prbg.g_00278	Syab.g_02001
OG0000565	Syal	Prbg.g_00278	Syal.g_02799
OG0000565	Syas	Prbg.g_00278	Syas.g_00800
OG0000565	Syap	Prbg.g_00278	Syap.g_00296
OG0000565	Syat	Prbg.g_00278	Syat.g_00067
OG0000565	Syan	Prbg.g_00278	Syan.g_00864
OG0000565	Syar	Prbg.g_00278	Syar.g_02312
OG0000565	Syao	Prbg.g_00278	Syao.g_00849
OG0000565	Syac	Prbg.g_00278	Syac.g_01797
OG0000565	Syah	Prbg.g_00278	Syah.g_01104
OG0000565	Syaf	Prbg.g_00278	Syaf.g_02612
OG0000565	Syai	Prbg.g_00278	Syai.g_00746
OG0000565	Syam	Prbg.g_00278	Syam.g_00690
OG0000565	Syag	Prbg.g_00278	Syag.g_00284
OG0000565	Syaa	Prbg.g_00278	Syaa.g_01939
OG0000565	Syak	Prbg.g_00278	Syak.g_02679
OG0000565	Syaq	Prbg.g_00278	Syaq.g_01943
OG0000565	Syad	Prbg.g_00278	Syad.g_01027
OG0000565	Syaj	Prbg.g_00278	Syaj.g_00195
OG0000565	Pram	Prbg.g_00278	Pram.g_00498
OG0000565	Prbh	Prbg.g_00278	Prbh.g_00269
OG0000565	Prak	Prbg.g_00278	Prak.g_00520
OG0000565	Prap	Prbg.g_00278	Prap.g_01209
OG0000565	Prbe	Prbg.g_00278	Prbe.g_00575
OG0000565	Prbf	Prbg.g_00278	Prbf.g_01841
OG0000565	Prbn	Prbg.g_00278	Prbn.g_00556
OG0000566	Prab	Prbg.g_00282	Prab.g_00568
OG0000566	Pran	Prbg.g_00282	Pran.g_01614
OG0000566	Prai	Prbg.g_00282	Prai.g_00592
OG0000566	Prac	Prbg.g_00282	Prac.g_00809
OG0000566	Praq	Prbg.g_00282	Praq.g_01039
OG0000566	Prar	Prbg.g_00282	Prar.g_01393
OG0000566	Prag	Prbg.g_00282	Prag.g_00542
OG0000566	Praw	Prbg.g_00282	Praw.g_00585
OG0000566	Pras	Prbg.g_00282	Pras.g_01440
OG0000566	Prau	Prbg.g_00282	Prau.g_00603
OG0000566	Prad	Prbg.g_00282	Prad.g_01353
OG0000566	Prav	Prbg.g_00282	Prav.g_01161
OG0000566	Pray	Prbg.g_00282	Pray.g_01198
OG0000566	Praz	Prbg.g_00282	Praz.g_01765
OG0000566	Prba	Prbg.g_00282	Prba.g_01752
OG0000566	Prbi	Prbg.g_00282	Prbi.g_00566
OG0000566	Prao	Prbg.g_00282	Prao.g_01182
OG0000566	Prax	Prbg.g_00282	Prax.g_00024
OG0000566	Prbd	Prbg.g_00282	Prbd.g_00679
OG0000566	Praa	Prbg.g_00282	Praa.g_00564
OG0000566	Prae	Prbg.g_00282	Prae.g_00538
OG0000566	Prbb	Prbg.g_00282	Prbb.g_00567
OG0000566	Prbm	Prbg.g_00282	Prbm.g_00596
OG0000566	Praj	Prbg.g_00282	Praj.g_00554
OG0000566	Prbc	Prbg.g_00282	Prbc.g_01643
OG0000566	Pral	Prbg.g_00282	Pral.g_00525
OG0000566	Prah	Prbg.g_00282	Prah.g_01452
OG0000566	Prbj	Prbg.g_00282	Prbj.g_01879
OG0000566	Prbk	Prbg.g_00282	Prbk.g_01877
OG0000566	Prbl	Prbg.g_00282	Prbl.g_01899
OG0000566	Praf	Prbg.g_00282	Praf.g_00705
OG0000566	Syan	Prbg.g_00282	Syan.g_00868
OG0000566	Syao	Prbg.g_00282	Syao.g_00845
OG0000566	Syar	Prbg.g_00282	Syar.g_02308
OG0000566	Syat	Prbg.g_00282	Syat.g_00063
OG0000566	Syap	Prbg.g_00282	Syap.g_00291
OG0000566	Syas	Prbg.g_00282	Syas.g_00804
OG0000566	Syag	Prbg.g_00282	Syag.g_00288
OG0000566	Syaq	Prbg.g_00282	Syaq.g_01947
OG0000566	Syak	Prbg.g_00282	Syak.g_02683
OG0000566	Syab	Prbg.g_00282	Syab.g_01997
OG0000566	Syal	Prbg.g_00282	Syal.g_02795
OG0000566	Syaf	Prbg.g_00282	Syaf.g_02608
OG0000566	Syai	Prbg.g_00282	Syai.g_00750
OG0000566	Syam	Prbg.g_00282	Syam.g_00694
OG0000566	Syad	Prbg.g_00282	Syad.g_01031
OG0000566	Syaj	Prbg.g_00282	Syaj.g_00199
OG0000566	Syaa	Prbg.g_00282	Syaa.g_01935
OG0000566	Syac	Prbg.g_00282	Syac.g_01793
OG0000566	Syah	Prbg.g_00282	Syah.g_01108
OG0000566	Syae	Prbg.g_00282	Syae.g_02418
OG0000566	Prat	Prbg.g_00282	Prat.g_00527
OG0000566	Pram	Prbg.g_00282	Pram.g_00502
OG0000566	Prbh	Prbg.g_00282	Prbh.g_00265
OG0000566	Prak	Prbg.g_00282	Prak.g_00524
OG0000566	Prap	Prbg.g_00282	Prap.g_01205
OG0000566	Prbe	Prbg.g_00282	Prbe.g_00571
OG0000566	Prbf	Prbg.g_00282	Prbf.g_01845
OG0000566	Prbn	Prbg.g_00282	Prbn.g_00552
OG0000567	Praa	Prbg.g_00286	Praa.g_00568
OG0000567	Prbd	Prbg.g_00286	Prbd.g_00675
OG0000567	Prag	Prbg.g_00286	Prag.g_00546
OG0000567	Praw	Prbg.g_00286	Praw.g_00581
OG0000567	Prav	Prbg.g_00286	Prav.g_01165
OG0000567	Prao	Prbg.g_00286	Prao.g_01186
OG0000567	Prad	Prbg.g_00286	Prad.g_01357
OG0000567	Pras	Prbg.g_00286	Pras.g_01444
OG0000567	Prau	Prbg.g_00286	Prau.g_00607
OG0000567	Prac	Prbg.g_00286	Prac.g_00805
OG0000567	Praq	Prbg.g_00286	Praq.g_01035
OG0000567	Prar	Prbg.g_00286	Prar.g_01397
OG0000567	Prax	Prbg.g_00286	Prax.g_00028
OG0000567	Prbi	Prbg.g_00286	Prbi.g_00570
OG0000567	Prae	Prbg.g_00286	Prae.g_00542
OG0000567	Pray	Prbg.g_00286	Pray.g_01194
OG0000567	Praz	Prbg.g_00286	Praz.g_01761
OG0000567	Prba	Prbg.g_00286	Prba.g_01748
OG0000567	Prab	Prbg.g_00286	Prab.g_00572
OG0000567	Pran	Prbg.g_00286	Pran.g_01610
OG0000567	Prai	Prbg.g_00286	Prai.g_00596
OG0000567	Pral	Prbg.g_00286	Pral.g_00521
OG0000567	Prat	Prbg.g_00286	Prat.g_00531
OG0000567	Prbm	Prbg.g_00286	Prbm.g_00600
OG0000567	Prbb	Prbg.g_00286	Prbb.g_00571
OG0000567	Praj	Prbg.g_00286	Praj.g_00558
OG0000567	Prbc	Prbg.g_00286	Prbc.g_01647
OG0000567	Syar	Prbg.g_00286	Syar.g_02304
OG0000567	Syan	Prbg.g_00286	Syan.g_00872
OG0000567	Syao	Prbg.g_00286	Syao.g_00841
OG0000567	Syap	Prbg.g_00286	Syap.g_01297
OG0000567	Syas	Prbg.g_00286	Syas.g_00808
OG0000567	Syat	Prbg.g_00286	Syat.g_00059
OG0000567	Praf	Prbg.g_00286	Praf.g_00709
OG0000567	Prah	Prbg.g_00286	Prah.g_01448
OG0000567	Prbj	Prbg.g_00286	Prbj.g_01883
OG0000567	Prbk	Prbg.g_00286	Prbk.g_01873
OG0000567	Prbl	Prbg.g_00286	Prbl.g_01903
OG0000567	Syab	Prbg.g_00286	Syab.g_01993
OG0000567	Syal	Prbg.g_00286	Syal.g_02791
OG0000567	Syac	Prbg.g_00286	Syac.g_01789
OG0000567	Syah	Prbg.g_00286	Syah.g_01112
OG0000567	Syae	Prbg.g_00286	Syae.g_02422
OG0000567	Syaj	Prbg.g_00286	Syaj.g_00203
OG0000567	Syad	Prbg.g_00286	Syad.g_01035
OG0000567	Syaf	Prbg.g_00286	Syaf.g_02604
OG0000567	Syai	Prbg.g_00286	Syai.g_00754
OG0000567	Syam	Prbg.g_00286	Syam.g_00698
OG0000567	Syaa	Prbg.g_00286	Syaa.g_01931
OG0000567	Syak	Prbg.g_00286	Syak.g_02687
OG0000567	Syag	Prbg.g_00286	Syag.g_00292
OG0000567	Syaq	Prbg.g_00286	Syaq.g_01951
OG0000567	Pram	Prbg.g_00286	Pram.g_00506
OG0000567	Prbh	Prbg.g_00286	Prbh.g_00261
OG0000567	Prak	Prbg.g_00286	Prak.g_00528
OG0000567	Prap	Prbg.g_00286	Prap.g_01201
OG0000567	Prbe	Prbg.g_00286	Prbe.g_00567
OG0000567	Prbf	Prbg.g_00286	Prbf.g_01849
OG0000567	Prbn	Prbg.g_00286	Prbn.g_00548
OG0000568	Prab	Prbg.g_00287	Prab.g_00573
OG0000568	Pran	Prbg.g_00287	Pran.g_01609
OG0000568	Prai	Prbg.g_00287	Prai.g_00597
OG0000568	Prag	Prbg.g_00287	Prag.g_00547
OG0000568	Praw	Prbg.g_00287	Praw.g_00580
OG0000568	Prav	Prbg.g_00287	Prav.g_01166
OG0000568	Prao	Prbg.g_00287	Prao.g_01187
OG0000568	Prad	Prbg.g_00287	Prad.g_01358
OG0000568	Prae	Prbg.g_00287	Prae.g_00543
OG0000568	Prac	Prbg.g_00287	Prac.g_00804
OG0000568	Praq	Prbg.g_00287	Praq.g_01034
OG0000568	Prar	Prbg.g_00287	Prar.g_01398
OG0000568	Praa	Prbg.g_00287	Praa.g_00569
OG0000568	Prbd	Prbg.g_00287	Prbd.g_00674
OG0000568	Prbi	Prbg.g_00287	Prbi.g_00571
OG0000568	Pray	Prbg.g_00287	Pray.g_01193
OG0000568	Praz	Prbg.g_00287	Praz.g_01760
OG0000568	Prba	Prbg.g_00287	Prba.g_01747
OG0000568	Pras	Prbg.g_00287	Pras.g_01445
OG0000568	Prau	Prbg.g_00287	Prau.g_00608
OG0000568	Prax	Prbg.g_00287	Prax.g_00029
OG0000568	Prbm	Prbg.g_00287	Prbm.g_00601
OG0000568	Prbb	Prbg.g_00287	Prbb.g_00572
OG0000568	Praj	Prbg.g_00287	Praj.g_00559
OG0000568	Prbc	Prbg.g_00287	Prbc.g_01648
OG0000568	Pral	Prbg.g_00287	Pral.g_00520
OG0000568	Prat	Prbg.g_00287	Prat.g_00532
OG0000568	Syap	Prbg.g_00287	Syap.g_01302
OG0000568	Syas	Prbg.g_00287	Syas.g_00810
OG0000568	Syat	Prbg.g_00287	Syat.g_00057
OG0000568	Syar	Prbg.g_00287	Syar.g_02302
OG0000568	Syan	Prbg.g_00287	Syan.g_00874
OG0000568	Syao	Prbg.g_00287	Syao.g_00839
OG0000568	Syac	Prbg.g_00287	Syac.g_01786
OG0000568	Syah	Prbg.g_00287	Syah.g_01116
OG0000568	Syad	Prbg.g_00287	Syad.g_01040
OG0000568	Syaj	Prbg.g_00287	Syaj.g_00207
OG0000568	Syae	Prbg.g_00287	Syae.g_02427
OG0000568	Syaa	Prbg.g_00287	Syaa.g_01928
OG0000568	Syai	Prbg.g_00287	Syai.g_00758
OG0000568	Syaf	Prbg.g_00287	Syaf.g_02599
OG0000568	Syam	Prbg.g_00287	Syam.g_01751
OG0000568	Syag	Prbg.g_00287	Syag.g_00295
OG0000568	Syaq	Prbg.g_00287	Syaq.g_01954
OG0000568	Syab	Prbg.g_00287	Syab.g_01991
OG0000568	Syal	Prbg.g_00287	Syal.g_02789
OG0000568	Syak	Prbg.g_00287	Syak.g_02690
OG0000568	Praf	Prbg.g_00287	Praf.g_00711
OG0000568	Prbl	Prbg.g_00287	Prbl.g_01905
OG0000568	Prbj	Prbg.g_00287	Prbj.g_01885
OG0000568	Prbk	Prbg.g_00287	Prbk.g_01871
OG0000568	Prah	Prbg.g_00287	Prah.g_01446
OG0000568	Pram	Prbg.g_00287	Pram.g_00507
OG0000568	Prbh	Prbg.g_00287	Prbh.g_00260
OG0000568	Prak	Prbg.g_00287	Prak.g_00529
OG0000568	Prap	Prbg.g_00287	Prap.g_01200
OG0000568	Prbe	Prbg.g_00287	Prbe.g_00566
OG0000568	Prbf	Prbg.g_00287	Prbf.g_01850
OG0000568	Prbn	Prbg.g_00287	Prbn.g_00547
OG0000569	Prag	Prbg.g_00288	Prag.g_00548
OG0000569	Praw	Prbg.g_00288	Praw.g_00579
OG0000569	Prac	Prbg.g_00288	Prac.g_00803
OG0000569	Prae	Prbg.g_00288	Prae.g_00544
OG0000569	Praq	Prbg.g_00288	Praq.g_01033
OG0000569	Prar	Prbg.g_00288	Prar.g_01399
OG0000569	Praa	Prbg.g_00288	Praa.g_00570
OG0000569	Prbi	Prbg.g_00288	Prbi.g_00572
OG0000569	Pray	Prbg.g_00288	Pray.g_01192
OG0000569	Praz	Prbg.g_00288	Praz.g_01759
OG0000569	Prba	Prbg.g_00288	Prba.g_01746
OG0000569	Prax	Prbg.g_00288	Prax.g_00030
OG0000569	Prbd	Prbg.g_00288	Prbd.g_00673
OG0000569	Prad	Prbg.g_00288	Prad.g_01359
OG0000569	Prav	Prbg.g_00288	Prav.g_01167
OG0000569	Pras	Prbg.g_00288	Pras.g_01446
OG0000569	Prau	Prbg.g_00288	Prau.g_00609
OG0000569	Prao	Prbg.g_00288	Prao.g_01862
OG0000569	Prab	Prbg.g_00288	Prab.g_00574
OG0000569	Pran	Prbg.g_00288	Pran.g_01608
OG0000569	Prai	Prbg.g_00288	Prai.g_00598
OG0000569	Prbb	Prbg.g_00288	Prbb.g_00573
OG0000569	Praj	Prbg.g_00288	Praj.g_00560
OG0000569	Prbc	Prbg.g_00288	Prbc.g_01649
OG0000569	Prbm	Prbg.g_00288	Prbm.g_00602
OG0000569	Prbj	Prbg.g_00288	Prbj.g_01807
OG0000569	Prbk	Prbg.g_00288	Prbk.g_01104
OG0000569	Prbl	Prbg.g_00288	Prbl.g_01801
OG0000569	Praf	Prbg.g_00288	Praf.g_00712
OG0000569	Prah	Prbg.g_00288	Prah.g_01445
OG0000569	Syab	Prbg.g_00288	Syab.g_01990
OG0000569	Syal	Prbg.g_00288	Syal.g_02788
OG0000569	Syas	Prbg.g_00288	Syas.g_00811
OG0000569	Syan	Prbg.g_00288	Syan.g_00875
OG0000569	Syao	Prbg.g_00288	Syao.g_00838
OG0000569	Syat	Prbg.g_00288	Syat.g_00056
OG0000569	Syap	Prbg.g_00288	Syap.g_01303
OG0000569	Syar	Prbg.g_00288	Syar.g_02301
OG0000569	Syaq	Prbg.g_00288	Syaq.g_01955
OG0000569	Syak	Prbg.g_00288	Syak.g_02691
OG0000569	Syac	Prbg.g_00288	Syac.g_01785
OG0000569	Syah	Prbg.g_00288	Syah.g_01117
OG0000569	Syag	Prbg.g_00288	Syag.g_00296
OG0000569	Syad	Prbg.g_00288	Syad.g_01041
OG0000569	Syaj	Prbg.g_00288	Syaj.g_00208
OG0000569	Syaa	Prbg.g_00288	Syaa.g_01925
OG0000569	Syai	Prbg.g_00288	Syai.g_00759
OG0000569	Syam	Prbg.g_00288	Syam.g_01750
OG0000569	Syaf	Prbg.g_00288	Syaf.g_02596
OG0000569	Syae	Prbg.g_00288	Syae.g_02428
OG0000569	Pral	Prbg.g_00288	Pral.g_00519
OG0000569	Prat	Prbg.g_00288	Prat.g_00533
OG0000569	Pram	Prbg.g_00288	Pram.g_00508
OG0000569	Prbh	Prbg.g_00288	Prbh.g_00259
OG0000569	Prak	Prbg.g_00288	Prak.g_00530
OG0000569	Prap	Prbg.g_00288	Prap.g_01199
OG0000569	Prbe	Prbg.g_00288	Prbe.g_00565
OG0000569	Prbf	Prbg.g_00288	Prbf.g_01851
OG0000569	Prbn	Prbg.g_00288	Prbn.g_00546
OG0000570	Prbi	Prbg.g_00289	Prbi.g_00573
OG0000570	Praa	Prbg.g_00289	Praa.g_00571
OG0000570	Prab	Prbg.g_00289	Prab.g_00575
OG0000570	Pran	Prbg.g_00289	Pran.g_01607
OG0000570	Prai	Prbg.g_00289	Prai.g_00599
OG0000570	Prad	Prbg.g_00289	Prad.g_01360
OG0000570	Prax	Prbg.g_00289	Prax.g_00031
OG0000570	Prbd	Prbg.g_00289	Prbd.g_00672
OG0000570	Pras	Prbg.g_00289	Pras.g_01447
OG0000570	Prau	Prbg.g_00289	Prau.g_00610
OG0000570	Prav	Prbg.g_00289	Prav.g_01168
OG0000570	Pray	Prbg.g_00289	Pray.g_01191
OG0000570	Praz	Prbg.g_00289	Praz.g_01758
OG0000570	Prba	Prbg.g_00289	Prba.g_01745
OG0000570	Prao	Prbg.g_00289	Prao.g_01863
OG0000570	Prac	Prbg.g_00289	Prac.g_00802
OG0000570	Praq	Prbg.g_00289	Praq.g_01032
OG0000570	Prar	Prbg.g_00289	Prar.g_01400
OG0000570	Prag	Prbg.g_00289	Prag.g_00549
OG0000570	Praw	Prbg.g_00289	Praw.g_00578
OG0000570	Prae	Prbg.g_00289	Prae.g_00545
OG0000570	Prah	Prbg.g_00289	Prah.g_01444
OG0000570	Praf	Prbg.g_00289	Praf.g_00713
OG0000570	Prbj	Prbg.g_00289	Prbj.g_01806
OG0000570	Prbk	Prbg.g_00289	Prbk.g_01105
OG0000570	Prbl	Prbg.g_00289	Prbl.g_01800
OG0000570	Syar	Prbg.g_00289	Syar.g_02300
OG0000570	Syat	Prbg.g_00289	Syat.g_00055
OG0000570	Syan	Prbg.g_00289	Syan.g_00876
OG0000570	Syao	Prbg.g_00289	Syao.g_00837
OG0000570	Syap	Prbg.g_00289	Syap.g_01304
OG0000570	Syas	Prbg.g_00289	Syas.g_00812
OG0000570	Syak	Prbg.g_00289	Syak.g_02692
OG0000570	Syab	Prbg.g_00289	Syab.g_01989
OG0000570	Syal	Prbg.g_00289	Syal.g_02787
OG0000570	Syaq	Prbg.g_00289	Syaq.g_01956
OG0000570	Syag	Prbg.g_00289	Syag.g_00297
OG0000570	Syaa	Prbg.g_00289	Syaa.g_01924
OG0000570	Syad	Prbg.g_00289	Syad.g_01042
OG0000570	Syac	Prbg.g_00289	Syac.g_01784
OG0000570	Syah	Prbg.g_00289	Syah.g_01118
OG0000570	Syaj	Prbg.g_00289	Syaj.g_00209
OG0000570	Syaf	Prbg.g_00289	Syaf.g_02595
OG0000570	Syam	Prbg.g_00289	Syam.g_01749
OG0000570	Syai	Prbg.g_00289	Syai.g_00760
OG0000570	Syae	Prbg.g_00289	Syae.g_02429
OG0000570	Prbc	Prbg.g_00289	Prbc.g_01650
OG0000570	Praj	Prbg.g_00289	Praj.g_00561
OG0000570	Prbb	Prbg.g_00289	Prbb.g_00574
OG0000570	Prbm	Prbg.g_00289	Prbm.g_00603
OG0000570	Pral	Prbg.g_00289	Pral.g_00518
OG0000570	Prat	Prbg.g_00289	Prat.g_00534
OG0000570	Pram	Prbg.g_00289	Pram.g_00509
OG0000570	Prbh	Prbg.g_00289	Prbh.g_00258
OG0000570	Prak	Prbg.g_00289	Prak.g_00531
OG0000570	Prap	Prbg.g_00289	Prap.g_01198
OG0000570	Prbe	Prbg.g_00289	Prbe.g_00564
OG0000570	Prbf	Prbg.g_00289	Prbf.g_01852
OG0000570	Prbn	Prbg.g_00289	Prbn.g_00545
OG0000571	Prab	Prbg.g_00291	Prab.g_00577
OG0000571	Pran	Prbg.g_00291	Pran.g_01605
OG0000571	Prai	Prbg.g_00291	Prai.g_00601
OG0000571	Prao	Prbg.g_00291	Prao.g_01865
OG0000571	Prag	Prbg.g_00291	Prag.g_00551
OG0000571	Praw	Prbg.g_00291	Praw.g_00576
OG0000571	Prav	Prbg.g_00291	Prav.g_01170
OG0000571	Prad	Prbg.g_00291	Prad.g_01362
OG0000571	Prac	Prbg.g_00291	Prac.g_00800
OG0000571	Praq	Prbg.g_00291	Praq.g_01030
OG0000571	Prar	Prbg.g_00291	Prar.g_01402
OG0000571	Prax	Prbg.g_00291	Prax.g_00033
OG0000571	Pray	Prbg.g_00291	Pray.g_01189
OG0000571	Praz	Prbg.g_00291	Praz.g_01756
OG0000571	Prba	Prbg.g_00291	Prba.g_01743
OG0000571	Prbd	Prbg.g_00291	Prbd.g_00670
OG0000571	Prae	Prbg.g_00291	Prae.g_00547
OG0000571	Prbi	Prbg.g_00291	Prbi.g_00575
OG0000571	Praa	Prbg.g_00291	Praa.g_00573
OG0000571	Pras	Prbg.g_00291	Pras.g_01449
OG0000571	Prau	Prbg.g_00291	Prau.g_00612
OG0000571	Prbm	Prbg.g_00291	Prbm.g_00605
OG0000571	Prbc	Prbg.g_00291	Prbc.g_01652
OG0000571	Praj	Prbg.g_00291	Praj.g_00563
OG0000571	Prbb	Prbg.g_00291	Prbb.g_00576
OG0000571	Prah	Prbg.g_00291	Prah.g_01441
OG0000571	Praf	Prbg.g_00291	Praf.g_00716
OG0000571	Prbj	Prbg.g_00291	Prbj.g_01803
OG0000571	Prbk	Prbg.g_00291	Prbk.g_01108
OG0000571	Prbl	Prbg.g_00291	Prbl.g_01797
OG0000571	Syag	Prbg.g_00291	Syag.g_00301
OG0000571	Syaq	Prbg.g_00291	Syaq.g_01960
OG0000571	Syab	Prbg.g_00291	Syab.g_01986
OG0000571	Syal	Prbg.g_00291	Syal.g_02784
OG0000571	Syap	Prbg.g_00291	Syap.g_01307
OG0000571	Syas	Prbg.g_00291	Syas.g_00815
OG0000571	Syat	Prbg.g_00291	Syat.g_00052
OG0000571	Syar	Prbg.g_00291	Syar.g_02298
OG0000571	Syan	Prbg.g_00291	Syan.g_00879
OG0000571	Syao	Prbg.g_00291	Syao.g_00834
OG0000571	Syad	Prbg.g_00291	Syad.g_01046
OG0000571	Syaj	Prbg.g_00291	Syaj.g_00213
OG0000571	Syae	Prbg.g_00291	Syae.g_02433
OG0000571	Syaa	Prbg.g_00291	Syaa.g_01920
OG0000571	Syac	Prbg.g_00291	Syac.g_01780
OG0000571	Syah	Prbg.g_00291	Syah.g_01122
OG0000571	Syak	Prbg.g_00291	Syak.g_02696
OG0000571	Syaf	Prbg.g_00291	Syaf.g_02591
OG0000571	Syai	Prbg.g_00291	Syai.g_00764
OG0000571	Syam	Prbg.g_00291	Syam.g_01745
OG0000571	Pral	Prbg.g_00291	Pral.g_00515
OG0000571	Prat	Prbg.g_00291	Prat.g_00537
OG0000571	Pram	Prbg.g_00291	Pram.g_00511
OG0000571	Prbh	Prbg.g_00291	Prbh.g_00256
OG0000571	Prak	Prbg.g_00291	Prak.g_00533
OG0000571	Prap	Prbg.g_00291	Prap.g_01196
OG0000571	Prbe	Prbg.g_00291	Prbe.g_00562
OG0000571	Prbf	Prbg.g_00291	Prbf.g_01854
OG0000571	Prbn	Prbg.g_00291	Prbn.g_00543
OG0000572	Prab	Prbg.g_00305	Prab.g_00590
OG0000572	Pran	Prbg.g_00305	Pran.g_01592
OG0000572	Prax	Prbg.g_00305	Prax.g_00046
OG0000572	Prae	Prbg.g_00305	Prae.g_00560
OG0000572	Prbi	Prbg.g_00305	Prbi.g_00588
OG0000572	Praa	Prbg.g_00305	Praa.g_00586
OG0000572	Pray	Prbg.g_00305	Pray.g_01176
OG0000572	Praz	Prbg.g_00305	Praz.g_01743
OG0000572	Prba	Prbg.g_00305	Prba.g_01730
OG0000572	Prbd	Prbg.g_00305	Prbd.g_00657
OG0000572	Prad	Prbg.g_00305	Prad.g_01375
OG0000572	Prac	Prbg.g_00305	Prac.g_00787
OG0000572	Praq	Prbg.g_00305	Praq.g_01017
OG0000572	Prar	Prbg.g_00305	Prar.g_01415
OG0000572	Pras	Prbg.g_00305	Pras.g_01463
OG0000572	Prau	Prbg.g_00305	Prau.g_00625
OG0000572	Prav	Prbg.g_00305	Prav.g_01183
OG0000572	Prao	Prbg.g_00305	Prao.g_00025
OG0000572	Prag	Prbg.g_00305	Prag.g_00564
OG0000572	Praw	Prbg.g_00305	Praw.g_01933
OG0000572	Prai	Prbg.g_00305	Prai.g_00614
OG0000572	Prbm	Prbg.g_00305	Prbm.g_00616
OG0000572	Prbb	Prbg.g_00305	Prbb.g_00587
OG0000572	Praj	Prbg.g_00305	Praj.g_00574
OG0000572	Prbc	Prbg.g_00305	Prbc.g_01663
OG0000572	Pral	Prbg.g_00305	Pral.g_00503
OG0000572	Prat	Prbg.g_00305	Prat.g_00549
OG0000572	Prah	Prbg.g_00305	Prah.g_01425
OG0000572	Praf	Prbg.g_00305	Praf.g_00733
OG0000572	Prbj	Prbg.g_00305	Prbj.g_01787
OG0000572	Prbk	Prbg.g_00305	Prbk.g_01124
OG0000572	Prbl	Prbg.g_00305	Prbl.g_01781
OG0000572	Syas	Prbg.g_00305	Syas.g_00839
OG0000572	Syar	Prbg.g_00305	Syar.g_02201
OG0000572	Syat	Prbg.g_00305	Syat.g_00033
OG0000572	Syan	Prbg.g_00305	Syan.g_00954
OG0000572	Syao	Prbg.g_00305	Syao.g_01033
OG0000572	Syaq	Prbg.g_00305	Syaq.g_01977
OG0000572	Syak	Prbg.g_00305	Syak.g_02713
OG0000572	Syab	Prbg.g_00305	Syab.g_01969
OG0000572	Syal	Prbg.g_00305	Syal.g_02767
OG0000572	Syag	Prbg.g_00305	Syag.g_00320, Syag.g_00251
OG0000572	Syae	Prbg.g_00305	Syae.g_02448
OG0000572	Syad	Prbg.g_00305	Syad.g_01064
OG0000572	Syaj	Prbg.g_00305	Syaj.g_00230
OG0000572	Syam	Prbg.g_00305	Syam.g_01729
OG0000572	Syaf	Prbg.g_00305	Syaf.g_02575
OG0000572	Syai	Prbg.g_00305	Syai.g_00782
OG0000572	Syaa	Prbg.g_00305	Syaa.g_01904
OG0000572	Syac	Prbg.g_00305	Syac.g_01765
OG0000572	Syah	Prbg.g_00305	Syah.g_01137
OG0000572	Pram	Prbg.g_00305	Pram.g_00523
OG0000572	Prbh	Prbg.g_00305	Prbh.g_00244
OG0000572	Prak	Prbg.g_00305	Prak.g_00547
OG0000572	Prap	Prbg.g_00305	Prap.g_01182
OG0000572	Prbe	Prbg.g_00305	Prbe.g_00548
OG0000572	Prbf	Prbg.g_00305	Prbf.g_01868
OG0000572	Prbn	Prbg.g_00305	Prbn.g_00529
OG0000573	Prab	Prbg.g_00311	Prab.g_00596
OG0000573	Pran	Prbg.g_00311	Pran.g_01586
OG0000573	Prai	Prbg.g_00311	Prai.g_00620
OG0000573	Praa	Prbg.g_00311	Praa.g_00592
OG0000573	Prae	Prbg.g_00311	Prae.g_00566
OG0000573	Prbd	Prbg.g_00311	Prbd.g_00652
OG0000573	Prax	Prbg.g_00311	Prax.g_00051
OG0000573	Prbi	Prbg.g_00311	Prbi.g_00594
OG0000573	Prao	Prbg.g_00311	Prao.g_00030
OG0000573	Pras	Prbg.g_00311	Pras.g_01468
OG0000573	Prau	Prbg.g_00311	Prau.g_00630
OG0000573	Prav	Prbg.g_00311	Prav.g_01188
OG0000573	Prac	Prbg.g_00311	Prac.g_00780
OG0000573	Praq	Prbg.g_00311	Praq.g_01010
OG0000573	Prar	Prbg.g_00311	Prar.g_01422
OG0000573	Pray	Prbg.g_00311	Pray.g_01171
OG0000573	Praz	Prbg.g_00311	Praz.g_01738
OG0000573	Prba	Prbg.g_00311	Prba.g_01725
OG0000573	Prad	Prbg.g_00311	Prad.g_01381
OG0000573	Prag	Prbg.g_00311	Prag.g_00570
OG0000573	Praw	Prbg.g_00311	Praw.g_01938
OG0000573	Syar	Prbg.g_00311	Syar.g_02191
OG0000573	Syat	Prbg.g_00311	Syat.g_00024
OG0000573	Syas	Prbg.g_00311	Syas.g_00952
OG0000573	Syao	Prbg.g_00311	Syao.g_01022
OG0000573	Syan	Prbg.g_00311	Syan.g_00963
OG0000573	Syap	Prbg.g_00311	Syap.g_00765
OG0000573	Syag	Prbg.g_00311	Syag.g_00329
OG0000573	Syaq	Prbg.g_00311	Syaq.g_01985
OG0000573	Syak	Prbg.g_00311	Syak.g_02723
OG0000573	Syaf	Prbg.g_00311	Syaf.g_02567
OG0000573	Syam	Prbg.g_00311	Syam.g_01721
OG0000573	Syai	Prbg.g_00311	Syai.g_00790
OG0000573	Syaa	Prbg.g_00311	Syaa.g_01896
OG0000573	Syaj	Prbg.g_00311	Syaj.g_00238
OG0000573	Syad	Prbg.g_00311	Syad.g_01072
OG0000573	Syae	Prbg.g_00311	Syae.g_02456
OG0000573	Syab	Prbg.g_00311	Syab.g_01960
OG0000573	Syal	Prbg.g_00311	Syal.g_02759
OG0000573	Syac	Prbg.g_00311	Syac.g_01755
OG0000573	Syah	Prbg.g_00311	Syah.g_01146
OG0000573	Prbj	Prbg.g_00311	Prbj.g_01780
OG0000573	Prbk	Prbg.g_00311	Prbk.g_01131
OG0000573	Prbl	Prbg.g_00311	Prbl.g_01774
OG0000573	Praf	Prbg.g_00311	Praf.g_00740
OG0000573	Prah	Prbg.g_00311	Prah.g_01416
OG0000573	Praj	Prbg.g_00311	Praj.g_00579
OG0000573	Prbb	Prbg.g_00311	Prbb.g_00592
OG0000573	Prbm	Prbg.g_00311	Prbm.g_00621
OG0000573	Prbc	Prbg.g_00311	Prbc.g_01668
OG0000573	Pral	Prbg.g_00311	Pral.g_00497
OG0000573	Prat	Prbg.g_00311	Prat.g_00554
OG0000573	Pram	Prbg.g_00311	Pram.g_00529
OG0000573	Prbh	Prbg.g_00311	Prbh.g_00238
OG0000573	Prak	Prbg.g_00311	Prak.g_00553
OG0000573	Prap	Prbg.g_00311	Prap.g_01176
OG0000573	Prbe	Prbg.g_00311	Prbe.g_00542
OG0000573	Prbf	Prbg.g_00311	Prbf.g_01874
OG0000573	Prbn	Prbg.g_00311	Prbn.g_00523
OG0000574	Prai	Prbg.g_00312	Prai.g_00621
OG0000574	Prab	Prbg.g_00312	Prab.g_00597
OG0000574	Pran	Prbg.g_00312	Pran.g_01585
OG0000574	Prag	Prbg.g_00312	Prag.g_00571
OG0000574	Praw	Prbg.g_00312	Praw.g_01939
OG0000574	Prav	Prbg.g_00312	Prav.g_01189
OG0000574	Prac	Prbg.g_00312	Prac.g_00779
OG0000574	Praq	Prbg.g_00312	Praq.g_01009
OG0000574	Prar	Prbg.g_00312	Prar.g_01423
OG0000574	Prao	Prbg.g_00312	Prao.g_00031
OG0000574	Pras	Prbg.g_00312	Pras.g_01469
OG0000574	Prau	Prbg.g_00312	Prau.g_00631
OG0000574	Prad	Prbg.g_00312	Prad.g_01382
OG0000574	Pray	Prbg.g_00312	Pray.g_01170
OG0000574	Praz	Prbg.g_00312	Praz.g_01737
OG0000574	Prba	Prbg.g_00312	Prba.g_01724
OG0000574	Praa	Prbg.g_00312	Praa.g_00593
OG0000574	Prbi	Prbg.g_00312	Prbi.g_00595
OG0000574	Prae	Prbg.g_00312	Prae.g_00567
OG0000574	Prax	Prbg.g_00312	Prax.g_00052
OG0000574	Prbd	Prbg.g_00312	Prbd.g_00651
OG0000574	Prah	Prbg.g_00312	Prah.g_01415
OG0000574	Praf	Prbg.g_00312	Praf.g_00741
OG0000574	Prbj	Prbg.g_00312	Prbj.g_01779
OG0000574	Prbk	Prbg.g_00312	Prbk.g_01132
OG0000574	Prbl	Prbg.g_00312	Prbl.g_01773
OG0000574	Syab	Prbg.g_00312	Syab.g_01959
OG0000574	Syal	Prbg.g_00312	Syal.g_02758
OG0000574	Syaa	Prbg.g_00312	Syaa.g_01895
OG0000574	Syak	Prbg.g_00312	Syak.g_02724
OG0000574	Syae	Prbg.g_00312	Syae.g_02457
OG0000574	Syad	Prbg.g_00312	Syad.g_01077
OG0000574	Syaj	Prbg.g_00312	Syaj.g_00242
OG0000574	Syam	Prbg.g_00312	Syam.g_01720
OG0000574	Syaf	Prbg.g_00312	Syaf.g_02566
OG0000574	Syai	Prbg.g_00312	Syai.g_00796
OG0000574	Syag	Prbg.g_00312	Syag.g_00330
OG0000574	Syac	Prbg.g_00312	Syac.g_01754
OG0000574	Syah	Prbg.g_00312	Syah.g_01147
OG0000574	Syar	Prbg.g_00312	Syar.g_02190
OG0000574	Syat	Prbg.g_00312	Syat.g_00023
OG0000574	Syap	Prbg.g_00312	Syap.g_00759
OG0000574	Syan	Prbg.g_00312	Syan.g_00965
OG0000574	Syao	Prbg.g_00312	Syao.g_01021
OG0000574	Syas	Prbg.g_00312	Syas.g_00951
OG0000574	Syaq	Prbg.g_00312	Syaq.g_01986
OG0000574	Pral	Prbg.g_00312	Pral.g_00496
OG0000574	Prat	Prbg.g_00312	Prat.g_00555
OG0000574	Prbc	Prbg.g_00312	Prbc.g_01670
OG0000574	Prbm	Prbg.g_00312	Prbm.g_00624
OG0000574	Praj	Prbg.g_00312	Praj.g_00581
OG0000574	Prbb	Prbg.g_00312	Prbb.g_00594
OG0000574	Pram	Prbg.g_00312	Pram.g_00530
OG0000574	Prbh	Prbg.g_00312	Prbh.g_00237
OG0000574	Prak	Prbg.g_00312	Prak.g_00554
OG0000574	Prap	Prbg.g_00312	Prap.g_01175
OG0000574	Prbe	Prbg.g_00312	Prbe.g_00541
OG0000574	Prbf	Prbg.g_00312	Prbf.g_01875
OG0000574	Prbn	Prbg.g_00312	Prbn.g_00522
OG0000575	Prbd	Prbg.g_00316	Prbd.g_00647
OG0000575	Prax	Prbg.g_00316	Prax.g_00056
OG0000575	Prad	Prbg.g_00316	Prad.g_01386
OG0000575	Prae	Prbg.g_00316	Prae.g_00571
OG0000575	Prao	Prbg.g_00316	Prao.g_00035
OG0000575	Prav	Prbg.g_00316	Prav.g_01193
OG0000575	Prag	Prbg.g_00316	Prag.g_00575
OG0000575	Praw	Prbg.g_00316	Praw.g_01943
OG0000575	Prac	Prbg.g_00316	Prac.g_00775
OG0000575	Praq	Prbg.g_00316	Praq.g_01005
OG0000575	Prar	Prbg.g_00316	Prar.g_01427
OG0000575	Prab	Prbg.g_00316	Prab.g_00601
OG0000575	Pran	Prbg.g_00316	Pran.g_01581
OG0000575	Prai	Prbg.g_00316	Prai.g_00625
OG0000575	Prau	Prbg.g_00316	Prau.g_00635
OG0000575	Praa	Prbg.g_00316	Praa.g_00597
OG0000575	Pray	Prbg.g_00316	Pray.g_01166
OG0000575	Praz	Prbg.g_00316	Praz.g_01733
OG0000575	Prba	Prbg.g_00316	Prba.g_01720
OG0000575	Prbi	Prbg.g_00316	Prbi.g_00599
OG0000575	Pras	Prbg.g_00316	Pras.g_01473
OG0000575	Pral	Prbg.g_00316	Pral.g_00492
OG0000575	Prat	Prbg.g_00316	Prat.g_00559
OG0000575	Prbm	Prbg.g_00316	Prbm.g_00627
OG0000575	Prbc	Prbg.g_00316	Prbc.g_01673
OG0000575	Praj	Prbg.g_00316	Praj.g_00584
OG0000575	Prbb	Prbg.g_00316	Prbb.g_00597
OG0000575	Prah	Prbg.g_00316	Prah.g_01406
OG0000575	Praf	Prbg.g_00316	Praf.g_00751
OG0000575	Prbj	Prbg.g_00316	Prbj.g_01770
OG0000575	Prbk	Prbg.g_00316	Prbk.g_01141
OG0000575	Prbl	Prbg.g_00316	Prbl.g_01764
OG0000575	Syae	Prbg.g_00316	Syae.g_02461
OG0000575	Syad	Prbg.g_00316	Syad.g_01083
OG0000575	Syaj	Prbg.g_00316	Syaj.g_00247
OG0000575	Syac	Prbg.g_00316	Syac.g_01750
OG0000575	Syah	Prbg.g_00316	Syah.g_01151
OG0000575	Syar	Prbg.g_00316	Syar.g_03180
OG0000575	Syam	Prbg.g_00316	Syam.g_01716
OG0000575	Syaf	Prbg.g_00316	Syaf.g_02562
OG0000575	Syai	Prbg.g_00316	Syai.g_00800
OG0000575	Syaa	Prbg.g_00316	Syaa.g_01891
OG0000575	Syas	Prbg.g_00316	Syas.g_00848
OG0000575	Syap	Prbg.g_00316	Syap.g_00445
OG0000575	Syat	Prbg.g_00316	Syat.g_00018
OG0000575	Syan	Prbg.g_00316	Syan.g_01003
OG0000575	Syao	Prbg.g_00316	Syao.g_01000
OG0000575	Syak	Prbg.g_00316	Syak.g_02729
OG0000575	Syag	Prbg.g_00316	Syag.g_00335
OG0000575	Syaq	Prbg.g_00316	Syaq.g_01991
OG0000575	Syab	Prbg.g_00316	Syab.g_01954
OG0000575	Syal	Prbg.g_00316	Syal.g_02753
OG0000575	Pram	Prbg.g_00316	Pram.g_00534
OG0000575	Prbh	Prbg.g_00316	Prbh.g_00233
OG0000575	Prak	Prbg.g_00316	Prak.g_00558
OG0000575	Prap	Prbg.g_00316	Prap.g_01171
OG0000575	Prbe	Prbg.g_00316	Prbe.g_00537
OG0000575	Prbf	Prbg.g_00316	Prbf.g_01879
OG0000575	Prbn	Prbg.g_00316	Prbn.g_00518
OG0000576	Praa	Prbg.g_00318	Praa.g_00599
OG0000576	Prab	Prbg.g_00318	Prab.g_00603
OG0000576	Prac	Prbg.g_00318	Prac.g_00772
OG0000576	Prag	Prbg.g_00318	Prag.g_00577
OG0000576	Prai	Prbg.g_00318	Prai.g_00627
OG0000576	Pran	Prbg.g_00318	Pran.g_01579
OG0000576	Praq	Prbg.g_00318	Praq.g_01003
OG0000576	Prar	Prbg.g_00318	Prar.g_01429
OG0000576	Pras	Prbg.g_00318	Pras.g_01475
OG0000576	Prau	Prbg.g_00318	Prau.g_00637
OG0000576	Prav	Prbg.g_00318	Prav.g_01195
OG0000576	Praw	Prbg.g_00318	Praw.g_01945
OG0000576	Pray	Prbg.g_00318	Pray.g_01164
OG0000576	Praz	Prbg.g_00318	Praz.g_01731
OG0000576	Prba	Prbg.g_00318	Prba.g_01718
OG0000576	Prbi	Prbg.g_00318	Prbi.g_00601
OG0000576	Prad	Prbg.g_00318	Prad.g_01388
OG0000576	Prae	Prbg.g_00318	Prae.g_00573
OG0000576	Prao	Prbg.g_00318	Prao.g_00037
OG0000576	Prax	Prbg.g_00318	Prax.g_00058
OG0000576	Prbd	Prbg.g_00318	Prbd.g_00645
OG0000576	Praj	Prbg.g_00318	Praj.g_00586
OG0000576	Prbb	Prbg.g_00318	Prbb.g_00599
OG0000576	Prbm	Prbg.g_00318	Prbm.g_00629
OG0000576	Prbc	Prbg.g_00318	Prbc.g_01675
OG0000576	Syar	Prbg.g_00318	Syar.g_02187
OG0000576	Syas	Prbg.g_00318	Syas.g_00850
OG0000576	Syat	Prbg.g_00318	Syat.g_00014
OG0000576	Syao	Prbg.g_00318	Syao.g_00996
OG0000576	Syan	Prbg.g_00318	Syan.g_01007
OG0000576	Syap	Prbg.g_00318	Syap.g_00450
OG0000576	Syab	Prbg.g_00318	Syab.g_01952
OG0000576	Syac	Prbg.g_00318	Syac.g_01748
OG0000576	Syah	Prbg.g_00318	Syah.g_01153
OG0000576	Syal	Prbg.g_00318	Syal.g_02751
OG0000576	Syam	Prbg.g_00318	Syam.g_01714
OG0000576	Syaa	Prbg.g_00318	Syaa.g_01889
OG0000576	Syak	Prbg.g_00318	Syak.g_02731
OG0000576	Syag	Prbg.g_00318	Syag.g_00337
OG0000576	Syae	Prbg.g_00318	Syae.g_02463
OG0000576	Syad	Prbg.g_00318	Syad.g_01085
OG0000576	Syaj	Prbg.g_00318	Syaj.g_00249
OG0000576	Syaf	Prbg.g_00318	Syaf.g_02560
OG0000576	Syai	Prbg.g_00318	Syai.g_00802
OG0000576	Syaq	Prbg.g_00318	Syaq.g_01993
OG0000576	Prah	Prbg.g_00318	Prah.g_01404
OG0000576	Praf	Prbg.g_00318	Praf.g_00753
OG0000576	Prbj	Prbg.g_00318	Prbj.g_01768
OG0000576	Prbk	Prbg.g_00318	Prbk.g_01143
OG0000576	Prbl	Prbg.g_00318	Prbl.g_01762
OG0000576	Pral	Prbg.g_00318	Pral.g_00490
OG0000576	Prat	Prbg.g_00318	Prat.g_00561
OG0000576	Prak	Prbg.g_00318	Prak.g_00560
OG0000576	Pram	Prbg.g_00318	Pram.g_00536
OG0000576	Prap	Prbg.g_00318	Prap.g_01169
OG0000576	Prbe	Prbg.g_00318	Prbe.g_00535
OG0000576	Prbf	Prbg.g_00318	Prbf.g_01881
OG0000576	Prbh	Prbg.g_00318	Prbh.g_00231
OG0000576	Prbn	Prbg.g_00318	Prbn.g_00516
OG0000577	Prao	Prbg.g_00319	Prao.g_00038
OG0000577	Prad	Prbg.g_00319	Prad.g_01389
OG0000577	Prae	Prbg.g_00319	Prae.g_00574
OG0000577	Prax	Prbg.g_00319	Prax.g_00059
OG0000577	Prbd	Prbg.g_00319	Prbd.g_00644
OG0000577	Praa	Prbg.g_00319	Praa.g_00600
OG0000577	Prac	Prbg.g_00319	Prac.g_00771
OG0000577	Prag	Prbg.g_00319	Prag.g_00578
OG0000577	Prai	Prbg.g_00319	Prai.g_00628
OG0000577	Praq	Prbg.g_00319	Praq.g_01002
OG0000577	Prar	Prbg.g_00319	Prar.g_01430
OG0000577	Pras	Prbg.g_00319	Pras.g_01476
OG0000577	Prau	Prbg.g_00319	Prau.g_00638
OG0000577	Prav	Prbg.g_00319	Prav.g_01196
OG0000577	Praw	Prbg.g_00319	Praw.g_01946
OG0000577	Pray	Prbg.g_00319	Pray.g_01163
OG0000577	Praz	Prbg.g_00319	Praz.g_01730
OG0000577	Prba	Prbg.g_00319	Prba.g_01717
OG0000577	Prbi	Prbg.g_00319	Prbi.g_00602
OG0000577	Prab	Prbg.g_00319	Prab.g_00604
OG0000577	Pran	Prbg.g_00319	Pran.g_01578
OG0000577	Praj	Prbg.g_00319	Praj.g_00587
OG0000577	Prbb	Prbg.g_00319	Prbb.g_00600
OG0000577	Prbm	Prbg.g_00319	Prbm.g_00630
OG0000577	Prbc	Prbg.g_00319	Prbc.g_01676
OG0000577	Syap	Prbg.g_00319	Syap.g_00451
OG0000577	Syas	Prbg.g_00319	Syas.g_00851
OG0000577	Syar	Prbg.g_00319	Syar.g_02186
OG0000577	Syat	Prbg.g_00319	Syat.g_00013
OG0000577	Syan	Prbg.g_00319	Syan.g_01008
OG0000577	Syao	Prbg.g_00319	Syao.g_00995
OG0000577	Syac	Prbg.g_00319	Syac.g_01747
OG0000577	Syah	Prbg.g_00319	Syah.g_01154
OG0000577	Syal	Prbg.g_00319	Syal.g_02750
OG0000577	Syaa	Prbg.g_00319	Syaa.g_01888
OG0000577	Syaf	Prbg.g_00319	Syaf.g_02559
OG0000577	Syag	Prbg.g_00319	Syag.g_00338
OG0000577	Syak	Prbg.g_00319	Syak.g_02732
OG0000577	Syam	Prbg.g_00319	Syam.g_01713
OG0000577	Syaq	Prbg.g_00319	Syaq.g_01994
OG0000577	Syai	Prbg.g_00319	Syai.g_00803
OG0000577	Syab	Prbg.g_00319	Syab.g_01951
OG0000577	Syae	Prbg.g_00319	Syae.g_02464
OG0000577	Syad	Prbg.g_00319	Syad.g_01086
OG0000577	Syaj	Prbg.g_00319	Syaj.g_00250
OG0000577	Prat	Prbg.g_00319	Prat.g_00562
OG0000577	Prah	Prbg.g_00319	Prah.g_01403
OG0000577	Praf	Prbg.g_00319	Praf.g_00754
OG0000577	Prbj	Prbg.g_00319	Prbj.g_01767
OG0000577	Prbk	Prbg.g_00319	Prbk.g_01144
OG0000577	Prbl	Prbg.g_00319	Prbl.g_01761
OG0000577	Pram	Prbg.g_00319	Pram.g_00537
OG0000577	Prbh	Prbg.g_00319	Prbh.g_00230
OG0000577	Pral	Prbg.g_00319	Pral.g_00489
OG0000577	Prak	Prbg.g_00319	Prak.g_00561
OG0000577	Prap	Prbg.g_00319	Prap.g_01168
OG0000577	Prbe	Prbg.g_00319	Prbe.g_00534
OG0000577	Prbf	Prbg.g_00319	Prbf.g_01882
OG0000577	Prbn	Prbg.g_00319	Prbn.g_00515
OG0000578	Prad	Prbg.g_00320	Prad.g_01390
OG0000578	Prab	Prbg.g_00320	Prab.g_00605
OG0000578	Pran	Prbg.g_00320	Pran.g_01577
OG0000578	Prag	Prbg.g_00320	Prag.g_00579
OG0000578	Praw	Prbg.g_00320	Praw.g_01947
OG0000578	Prav	Prbg.g_00320	Prav.g_01197
OG0000578	Prac	Prbg.g_00320	Prac.g_00770
OG0000578	Praq	Prbg.g_00320	Praq.g_01001
OG0000578	Prar	Prbg.g_00320	Prar.g_01431
OG0000578	Prai	Prbg.g_00320	Prai.g_00629
OG0000578	Pray	Prbg.g_00320	Pray.g_01162
OG0000578	Praz	Prbg.g_00320	Praz.g_01729
OG0000578	Prba	Prbg.g_00320	Prba.g_01716
OG0000578	Praa	Prbg.g_00320	Praa.g_00601
OG0000578	Prbi	Prbg.g_00320	Prbi.g_00603
OG0000578	Prax	Prbg.g_00320	Prax.g_00060
OG0000578	Prbd	Prbg.g_00320	Prbd.g_00643
OG0000578	Prae	Prbg.g_00320	Prae.g_00575
OG0000578	Prao	Prbg.g_00320	Prao.g_00039
OG0000578	Pras	Prbg.g_00320	Pras.g_01477
OG0000578	Prau	Prbg.g_00320	Prau.g_00639
OG0000578	Prbc	Prbg.g_00320	Prbc.g_01677
OG0000578	Prbm	Prbg.g_00320	Prbm.g_00631
OG0000578	Praj	Prbg.g_00320	Praj.g_00588
OG0000578	Prbb	Prbg.g_00320	Prbb.g_00601
OG0000578	Prah	Prbg.g_00320	Prah.g_01402
OG0000578	Praf	Prbg.g_00320	Praf.g_00755
OG0000578	Prbj	Prbg.g_00320	Prbj.g_01766
OG0000578	Prbk	Prbg.g_00320	Prbk.g_01145
OG0000578	Prbl	Prbg.g_00320	Prbl.g_01760
OG0000578	Syaq	Prbg.g_00320	Syaq.g_01995
OG0000578	Syag	Prbg.g_00320	Syag.g_00339
OG0000578	Syam	Prbg.g_00320	Syam.g_01712
OG0000578	Syaf	Prbg.g_00320	Syaf.g_02558
OG0000578	Syai	Prbg.g_00320	Syai.g_00804
OG0000578	Syae	Prbg.g_00320	Syae.g_02465
OG0000578	Syad	Prbg.g_00320	Syad.g_01087
OG0000578	Syaj	Prbg.g_00320	Syaj.g_00251
OG0000578	Syaa	Prbg.g_00320	Syaa.g_01887
OG0000578	Syak	Prbg.g_00320	Syak.g_02733
OG0000578	Syab	Prbg.g_00320	Syab.g_01950
OG0000578	Syal	Prbg.g_00320	Syal.g_02749
OG0000578	Syac	Prbg.g_00320	Syac.g_01746
OG0000578	Syah	Prbg.g_00320	Syah.g_01155
OG0000578	Syat	Prbg.g_00320	Syat.g_00012
OG0000578	Syar	Prbg.g_00320	Syar.g_02185
OG0000578	Syap	Prbg.g_00320	Syap.g_00452
OG0000578	Syas	Prbg.g_00320	Syas.g_00852
OG0000578	Syan	Prbg.g_00320	Syan.g_01009
OG0000578	Syao	Prbg.g_00320	Syao.g_00994
OG0000578	Pral	Prbg.g_00320	Pral.g_00488
OG0000578	Prat	Prbg.g_00320	Prat.g_00563
OG0000578	Pram	Prbg.g_00320	Pram.g_00538
OG0000578	Prbh	Prbg.g_00320	Prbh.g_00229
OG0000578	Prak	Prbg.g_00320	Prak.g_00562
OG0000578	Prap	Prbg.g_00320	Prap.g_01167
OG0000578	Prbe	Prbg.g_00320	Prbe.g_00533
OG0000578	Prbf	Prbg.g_00320	Prbf.g_01883
OG0000578	Prbn	Prbg.g_00320	Prbn.g_00514
OG0000579	Prab	Prbg.g_00321	Prab.g_00606
OG0000579	Pran	Prbg.g_00321	Pran.g_01576
OG0000579	Prai	Prbg.g_00321	Prai.g_00630
OG0000579	Prac	Prbg.g_00321	Prac.g_00769
OG0000579	Praq	Prbg.g_00321	Praq.g_01000
OG0000579	Prar	Prbg.g_00321	Prar.g_01432
OG0000579	Prav	Prbg.g_00321	Prav.g_01198
OG0000579	Prag	Prbg.g_00321	Prag.g_00580
OG0000579	Praw	Prbg.g_00321	Praw.g_01948
OG0000579	Pray	Prbg.g_00321	Pray.g_01161
OG0000579	Praz	Prbg.g_00321	Praz.g_01728
OG0000579	Prba	Prbg.g_00321	Prba.g_01715
OG0000579	Prao	Prbg.g_00321	Prao.g_00040
OG0000579	Pras	Prbg.g_00321	Pras.g_01478
OG0000579	Prau	Prbg.g_00321	Prau.g_00640
OG0000579	Prax	Prbg.g_00321	Prax.g_00061
OG0000579	Prad	Prbg.g_00321	Prad.g_01391
OG0000579	Prae	Prbg.g_00321	Prae.g_00576
OG0000579	Prbd	Prbg.g_00321	Prbd.g_00642
OG0000579	Praa	Prbg.g_00321	Praa.g_00602
OG0000579	Prbi	Prbg.g_00321	Prbi.g_00604
OG0000579	Prbm	Prbg.g_00321	Prbm.g_00632
OG0000579	Praj	Prbg.g_00321	Praj.g_00589
OG0000579	Prbc	Prbg.g_00321	Prbc.g_01678
OG0000579	Prbb	Prbg.g_00321	Prbb.g_00602
OG0000579	Prbj	Prbg.g_00321	Prbj.g_01765
OG0000579	Prbk	Prbg.g_00321	Prbk.g_01146
OG0000579	Prbl	Prbg.g_00321	Prbl.g_01759
OG0000579	Praf	Prbg.g_00321	Praf.g_00756
OG0000579	Prah	Prbg.g_00321	Prah.g_01401
OG0000579	Syar	Prbg.g_00321	Syar.g_02184
OG0000579	Syap	Prbg.g_00321	Syap.g_00453
OG0000579	Syan	Prbg.g_00321	Syan.g_01010
OG0000579	Syao	Prbg.g_00321	Syao.g_00993
OG0000579	Syas	Prbg.g_00321	Syas.g_00853
OG0000579	Syat	Prbg.g_00321	Syat.g_00011
OG0000579	Syak	Prbg.g_00321	Syak.g_02734
OG0000579	Syag	Prbg.g_00321	Syag.g_00340
OG0000579	Syaq	Prbg.g_00321	Syaq.g_01996
OG0000579	Syab	Prbg.g_00321	Syab.g_01949
OG0000579	Syal	Prbg.g_00321	Syal.g_02748
OG0000579	Syac	Prbg.g_00321	Syac.g_01745
OG0000579	Syah	Prbg.g_00321	Syah.g_01156
OG0000579	Syam	Prbg.g_00321	Syam.g_01711
OG0000579	Syaf	Prbg.g_00321	Syaf.g_02557
OG0000579	Syai	Prbg.g_00321	Syai.g_00805
OG0000579	Syad	Prbg.g_00321	Syad.g_01088
OG0000579	Syaj	Prbg.g_00321	Syaj.g_00252
OG0000579	Syaa	Prbg.g_00321	Syaa.g_01886
OG0000579	Syae	Prbg.g_00321	Syae.g_02466
OG0000579	Prat	Prbg.g_00321	Prat.g_00564
OG0000579	Pral	Prbg.g_00321	Pral.g_00487
OG0000579	Pram	Prbg.g_00321	Pram.g_00539
OG0000579	Prbh	Prbg.g_00321	Prbh.g_00228
OG0000579	Prak	Prbg.g_00321	Prak.g_00563
OG0000579	Prap	Prbg.g_00321	Prap.g_01166
OG0000579	Prbe	Prbg.g_00321	Prbe.g_00532
OG0000579	Prbf	Prbg.g_00321	Prbf.g_01884
OG0000579	Prbn	Prbg.g_00321	Prbn.g_00513
OG0000580	Pray	Prbg.g_00322	Pray.g_01160
OG0000580	Praz	Prbg.g_00322	Praz.g_01727
OG0000580	Prba	Prbg.g_00322	Prba.g_01714
OG0000580	Syan	Prbg.g_00322	Syan.g_01011
OG0000580	Syao	Prbg.g_00322	Syao.g_00992
OG0000580	Syar	Prbg.g_00322	Syar.g_02183
OG0000580	Syas	Prbg.g_00322	Syas.g_00854
OG0000580	Syat	Prbg.g_00322	Syat.g_00010
OG0000580	Syap	Prbg.g_00322	Syap.g_00454
OG0000580	Prao	Prbg.g_00322	Prao.g_00041
OG0000580	Prab	Prbg.g_00322	Prab.g_00607
OG0000580	Pran	Prbg.g_00322	Pran.g_01575
OG0000580	Prai	Prbg.g_00322	Prai.g_00631
OG0000580	Praj	Prbg.g_00322	Praj.g_00590
OG0000580	Prbb	Prbg.g_00322	Prbb.g_00603
OG0000580	Prbc	Prbg.g_00322	Prbc.g_01679
OG0000580	Prbm	Prbg.g_00322	Prbm.g_00633
OG0000580	Prbj	Prbg.g_00322	Prbj.g_01764
OG0000580	Prbk	Prbg.g_00322	Prbk.g_01147
OG0000580	Prbl	Prbg.g_00322	Prbl.g_01758
OG0000580	Prah	Prbg.g_00322	Prah.g_01400
OG0000580	Pram	Prbg.g_00322	Pram.g_00540
OG0000580	Prbh	Prbg.g_00322	Prbh.g_00227
OG0000580	Prat	Prbg.g_00322	Prat.g_00565
OG0000580	Pral	Prbg.g_00322	Pral.g_00486
OG0000580	Praf	Prbg.g_00322	Praf.g_00757
OG0000580	Prau	Prbg.g_00322	Prau.g_00641
OG0000580	Prad	Prbg.g_00322	Prad.g_01392
OG0000580	Prae	Prbg.g_00322	Prae.g_00577
OG0000580	Pras	Prbg.g_00322	Pras.g_01479
OG0000580	Prax	Prbg.g_00322	Prax.g_00062
OG0000580	Prag	Prbg.g_00322	Prag.g_00581
OG0000580	Praw	Prbg.g_00322	Praw.g_01949
OG0000580	Praa	Prbg.g_00322	Praa.g_00603
OG0000580	Prbi	Prbg.g_00322	Prbi.g_00605
OG0000580	Prac	Prbg.g_00322	Prac.g_00768
OG0000580	Praq	Prbg.g_00322	Praq.g_00999
OG0000580	Prar	Prbg.g_00322	Prar.g_01433
OG0000580	Prav	Prbg.g_00322	Prav.g_01199
OG0000580	Prbd	Prbg.g_00322	Prbd.g_00641
OG0000580	Syaq	Prbg.g_00322	Syaq.g_01997
OG0000580	Syaa	Prbg.g_00322	Syaa.g_01885
OG0000580	Syae	Prbg.g_00322	Syae.g_02467
OG0000580	Syak	Prbg.g_00322	Syak.g_02735
OG0000580	Syag	Prbg.g_00322	Syag.g_00341
OG0000580	Syab	Prbg.g_00322	Syab.g_01948
OG0000580	Syal	Prbg.g_00322	Syal.g_02747
OG0000580	Syad	Prbg.g_00322	Syad.g_01089
OG0000580	Syaj	Prbg.g_00322	Syaj.g_00253
OG0000580	Syam	Prbg.g_00322	Syam.g_01710
OG0000580	Syai	Prbg.g_00322	Syai.g_00806
OG0000580	Syaf	Prbg.g_00322	Syaf.g_02556
OG0000580	Syac	Prbg.g_00322	Syac.g_01744
OG0000580	Syah	Prbg.g_00322	Syah.g_01157
OG0000580	Prak	Prbg.g_00322	Prak.g_00564
OG0000580	Prap	Prbg.g_00322	Prap.g_01165
OG0000580	Prbe	Prbg.g_00322	Prbe.g_00531
OG0000580	Prbf	Prbg.g_00322	Prbf.g_01885
OG0000580	Prbn	Prbg.g_00322	Prbn.g_00512
OG0000581	Prbd	Prbg.g_00325	Prbd.g_00639
OG0000581	Prac	Prbg.g_00325	Prac.g_00766
OG0000581	Praq	Prbg.g_00325	Praq.g_00997
OG0000581	Prar	Prbg.g_00325	Prar.g_01435
OG0000581	Pras	Prbg.g_00325	Pras.g_01481
OG0000581	Prau	Prbg.g_00325	Prau.g_00643
OG0000581	Prad	Prbg.g_00325	Prad.g_01394
OG0000581	Prbi	Prbg.g_00325	Prbi.g_00607
OG0000581	Pray	Prbg.g_00325	Pray.g_01158
OG0000581	Praz	Prbg.g_00325	Praz.g_01725
OG0000581	Prba	Prbg.g_00325	Prba.g_01712
OG0000581	Prao	Prbg.g_00325	Prao.g_00043
OG0000581	Prae	Prbg.g_00325	Prae.g_00579
OG0000581	Prax	Prbg.g_00325	Prax.g_00064
OG0000581	Praa	Prbg.g_00325	Praa.g_00605
OG0000581	Prag	Prbg.g_00325	Prag.g_00583
OG0000581	Praw	Prbg.g_00325	Praw.g_00141
OG0000581	Prav	Prbg.g_00325	Prav.g_01201
OG0000581	Prab	Prbg.g_00325	Prab.g_00609
OG0000581	Pran	Prbg.g_00325	Pran.g_01573
OG0000581	Prai	Prbg.g_00325	Prai.g_00633
OG0000581	Pral	Prbg.g_00325	Pral.g_00483
OG0000581	Prat	Prbg.g_00325	Prat.g_00568
OG0000581	Prah	Prbg.g_00325	Prah.g_01396
OG0000581	Praf	Prbg.g_00325	Praf.g_00761
OG0000581	Prbj	Prbg.g_00325	Prbj.g_01760
OG0000581	Prbk	Prbg.g_00325	Prbk.g_01151
OG0000581	Prbl	Prbg.g_00325	Prbl.g_01754
OG0000581	Syag	Prbg.g_00325	Syag.g_00348
OG0000581	Syaq	Prbg.g_00325	Syaq.g_02003
OG0000581	Syap	Prbg.g_00325	Syap.g_01521
OG0000581	Syat	Prbg.g_00325	Syat.g_00003
OG0000581	Syas	Prbg.g_00325	Syas.g_00861
OG0000581	Syar	Prbg.g_00325	Syar.g_02175
OG0000581	Syan	Prbg.g_00325	Syan.g_01018
OG0000581	Syao	Prbg.g_00325	Syao.g_01059
OG0000581	Syak	Prbg.g_00325	Syak.g_02742
OG0000581	Praj	Prbg.g_00325	Praj.g_00593
OG0000581	Prbc	Prbg.g_00325	Prbc.g_01682
OG0000581	Prbm	Prbg.g_00325	Prbm.g_00636
OG0000581	Prbb	Prbg.g_00325	Prbb.g_00606
OG0000581	Syab	Prbg.g_00325	Syab.g_01934
OG0000581	Syal	Prbg.g_00325	Syal.g_02741
OG0000581	Syac	Prbg.g_00325	Syac.g_01738
OG0000581	Syah	Prbg.g_00325	Syah.g_01163
OG0000581	Syaa	Prbg.g_00325	Syaa.g_01879
OG0000581	Syaf	Prbg.g_00325	Syaf.g_02550
OG0000581	Syai	Prbg.g_00325	Syai.g_00812
OG0000581	Syam	Prbg.g_00325	Syam.g_01704
OG0000581	Syae	Prbg.g_00325	Syae.g_02473
OG0000581	Syad	Prbg.g_00325	Syad.g_01097
OG0000581	Syaj	Prbg.g_00325	Syaj.g_00261
OG0000581	Pram	Prbg.g_00325	Pram.g_00543
OG0000581	Prbh	Prbg.g_00325	Prbh.g_00224
OG0000581	Prak	Prbg.g_00325	Prak.g_00567
OG0000581	Prap	Prbg.g_00325	Prap.g_01162
OG0000581	Prbe	Prbg.g_00325	Prbe.g_00528
OG0000581	Prbf	Prbg.g_00325	Prbf.g_01888
OG0000581	Prbn	Prbg.g_00325	Prbn.g_00509
OG0000582	Prab	Prbg.g_00328	Prab.g_00612
OG0000582	Pran	Prbg.g_00328	Pran.g_01570
OG0000582	Prai	Prbg.g_00328	Prai.g_00636
OG0000582	Prag	Prbg.g_00328	Prag.g_00586
OG0000582	Praw	Prbg.g_00328	Praw.g_00144
OG0000582	Prav	Prbg.g_00328	Prav.g_01204
OG0000582	Prac	Prbg.g_00328	Prac.g_00763
OG0000582	Praq	Prbg.g_00328	Praq.g_00994
OG0000582	Prar	Prbg.g_00328	Prar.g_01438
OG0000582	Pras	Prbg.g_00328	Pras.g_01484
OG0000582	Prau	Prbg.g_00328	Prau.g_00646
OG0000582	Prad	Prbg.g_00328	Prad.g_01397
OG0000582	Prae	Prbg.g_00328	Prae.g_00582
OG0000582	Pray	Prbg.g_00328	Pray.g_01155
OG0000582	Praz	Prbg.g_00328	Praz.g_01722
OG0000582	Prba	Prbg.g_00328	Prba.g_01709
OG0000582	Prao	Prbg.g_00328	Prao.g_00046
OG0000582	Praa	Prbg.g_00328	Praa.g_00608
OG0000582	Prbi	Prbg.g_00328	Prbi.g_00610
OG0000582	Prax	Prbg.g_00328	Prax.g_00067
OG0000582	Prbd	Prbg.g_00328	Prbd.g_00636
OG0000582	Praj	Prbg.g_00328	Praj.g_00596
OG0000582	Prbc	Prbg.g_00328	Prbc.g_01685
OG0000582	Prbb	Prbg.g_00328	Prbb.g_00609
OG0000582	Prbm	Prbg.g_00328	Prbm.g_00639
OG0000582	Syab	Prbg.g_00328	Syab.g_01929
OG0000582	Syal	Prbg.g_00328	Syal.g_02736
OG0000582	Syag	Prbg.g_00328	Syag.g_00353
OG0000582	Syaq	Prbg.g_00328	Syaq.g_02012
OG0000582	Syaa	Prbg.g_00328	Syaa.g_01687
OG0000582	Syac	Prbg.g_00328	Syac.g_00936
OG0000582	Syah	Prbg.g_00328	Syah.g_01979
OG0000582	Syaf	Prbg.g_00328	Syaf.g_02374
OG0000582	Syai	Prbg.g_00328	Syai.g_01042
OG0000582	Syam	Prbg.g_00328	Syam.g_01513
OG0000582	Syad	Prbg.g_00328	Syad.g_02206
OG0000582	Syaj	Prbg.g_00328	Syaj.g_01338
OG0000582	Syae	Prbg.g_00328	Syae.g_00018
OG0000582	Syak	Prbg.g_00328	Syak.g_02748
OG0000582	Syap	Prbg.g_00328	Syap.g_01533
OG0000582	Syas	Prbg.g_00328	Syas.g_00873
OG0000582	Syat	Prbg.g_00328	Syat.g_03403
OG0000582	Syar	Prbg.g_00328	Syar.g_02131
OG0000582	Syan	Prbg.g_00328	Syan.g_01030
OG0000582	Syao	Prbg.g_00328	Syao.g_01204
OG0000582	Prbj	Prbg.g_00328	Prbj.g_01756
OG0000582	Prbk	Prbg.g_00328	Prbk.g_01155
OG0000582	Prbl	Prbg.g_00328	Prbl.g_01750
OG0000582	Praf	Prbg.g_00328	Praf.g_00765
OG0000582	Prah	Prbg.g_00328	Prah.g_01392
OG0000582	Pral	Prbg.g_00328	Pral.g_00480
OG0000582	Prat	Prbg.g_00328	Prat.g_00571
OG0000582	Pram	Prbg.g_00328	Pram.g_00546
OG0000582	Prbh	Prbg.g_00328	Prbh.g_00221
OG0000582	Prak	Prbg.g_00328	Prak.g_00570
OG0000582	Prap	Prbg.g_00328	Prap.g_01159
OG0000582	Prbe	Prbg.g_00328	Prbe.g_00525
OG0000582	Prbf	Prbg.g_00328	Prbf.g_01891
OG0000582	Prbn	Prbg.g_00328	Prbn.g_00506
OG0000583	Prab	Prbg.g_00329	Prab.g_00613
OG0000583	Pran	Prbg.g_00329	Pran.g_01569
OG0000583	Prai	Prbg.g_00329	Prai.g_00637
OG0000583	Prag	Prbg.g_00329	Prag.g_00587
OG0000583	Praw	Prbg.g_00329	Praw.g_00145
OG0000583	Prae	Prbg.g_00329	Prae.g_00583
OG0000583	Prbd	Prbg.g_00329	Prbd.g_00635
OG0000583	Praa	Prbg.g_00329	Praa.g_00609
OG0000583	Prax	Prbg.g_00329	Prax.g_00068
OG0000583	Prbi	Prbg.g_00329	Prbi.g_00611
OG0000583	Prad	Prbg.g_00329	Prad.g_01398
OG0000583	Pras	Prbg.g_00329	Pras.g_01485
OG0000583	Prau	Prbg.g_00329	Prau.g_00647
OG0000583	Pray	Prbg.g_00329	Pray.g_01154
OG0000583	Praz	Prbg.g_00329	Praz.g_01721
OG0000583	Prba	Prbg.g_00329	Prba.g_01708
OG0000583	Prao	Prbg.g_00329	Prao.g_00047
OG0000583	Prac	Prbg.g_00329	Prac.g_00762
OG0000583	Praq	Prbg.g_00329	Praq.g_00993
OG0000583	Prar	Prbg.g_00329	Prar.g_01439
OG0000583	Prav	Prbg.g_00329	Prav.g_01205
OG0000583	Praj	Prbg.g_00329	Praj.g_00597
OG0000583	Prbb	Prbg.g_00329	Prbb.g_00610
OG0000583	Prbc	Prbg.g_00329	Prbc.g_01686
OG0000583	Prbm	Prbg.g_00329	Prbm.g_00640
OG0000583	Syak	Prbg.g_00329	Syak.g_02749
OG0000583	Syab	Prbg.g_00329	Syab.g_01928
OG0000583	Syal	Prbg.g_00329	Syal.g_02735
OG0000583	Syag	Prbg.g_00329	Syag.g_00354
OG0000583	Syap	Prbg.g_00329	Syap.g_01532
OG0000583	Syas	Prbg.g_00329	Syas.g_00872
OG0000583	Syao	Prbg.g_00329	Syao.g_01205
OG0000583	Syan	Prbg.g_00329	Syan.g_01029
OG0000583	Syar	Prbg.g_00329	Syar.g_02132
OG0000583	Syat	Prbg.g_00329	Syat.g_03404
OG0000583	Syad	Prbg.g_00329	Syad.g_02205
OG0000583	Syaj	Prbg.g_00329	Syaj.g_01337
OG0000583	Syae	Prbg.g_00329	Syae.g_00019
OG0000583	Syaf	Prbg.g_00329	Syaf.g_02373
OG0000583	Syai	Prbg.g_00329	Syai.g_01043
OG0000583	Syam	Prbg.g_00329	Syam.g_01512
OG0000583	Syaa	Prbg.g_00329	Syaa.g_01686
OG0000583	Syac	Prbg.g_00329	Syac.g_00937
OG0000583	Syah	Prbg.g_00329	Syah.g_01978
OG0000583	Praf	Prbg.g_00329	Praf.g_00766
OG0000583	Prah	Prbg.g_00329	Prah.g_01391
OG0000583	Prbj	Prbg.g_00329	Prbj.g_01755
OG0000583	Prbk	Prbg.g_00329	Prbk.g_01156
OG0000583	Prbl	Prbg.g_00329	Prbl.g_01749
OG0000583	Syaq	Prbg.g_00329	Syaq.g_02013
OG0000583	Pral	Prbg.g_00329	Pral.g_00479
OG0000583	Prat	Prbg.g_00329	Prat.g_00572
OG0000583	Pram	Prbg.g_00329	Pram.g_00547
OG0000583	Prbh	Prbg.g_00329	Prbh.g_00220
OG0000583	Prak	Prbg.g_00329	Prak.g_00571
OG0000583	Prap	Prbg.g_00329	Prap.g_01158
OG0000583	Prbe	Prbg.g_00329	Prbe.g_00524
OG0000583	Prbf	Prbg.g_00329	Prbf.g_01892
OG0000583	Prbn	Prbg.g_00329	Prbn.g_00505
OG0000584	Prab	Prbg.g_00330	Prab.g_00614
OG0000584	Pran	Prbg.g_00330	Pran.g_01568
OG0000584	Prai	Prbg.g_00330	Prai.g_00638
OG0000584	Prao	Prbg.g_00330	Prao.g_00048
OG0000584	Prae	Prbg.g_00330	Prae.g_00584
OG0000584	Pray	Prbg.g_00330	Pray.g_01153
OG0000584	Praz	Prbg.g_00330	Praz.g_01720
OG0000584	Prba	Prbg.g_00330	Prba.g_01707
OG0000584	Prav	Prbg.g_00330	Prav.g_01206
OG0000584	Prac	Prbg.g_00330	Prac.g_00761
OG0000584	Praq	Prbg.g_00330	Praq.g_00992
OG0000584	Prar	Prbg.g_00330	Prar.g_01440
OG0000584	Prag	Prbg.g_00330	Prag.g_00588
OG0000584	Praw	Prbg.g_00330	Praw.g_00146
OG0000584	Pras	Prbg.g_00330	Pras.g_01486
OG0000584	Prau	Prbg.g_00330	Prau.g_00648
OG0000584	Prad	Prbg.g_00330	Prad.g_01399
OG0000584	Prbd	Prbg.g_00330	Prbd.g_00634
OG0000584	Prbi	Prbg.g_00330	Prbi.g_00612
OG0000584	Prax	Prbg.g_00330	Prax.g_00069
OG0000584	Praa	Prbg.g_00330	Praa.g_00610
OG0000584	Praj	Prbg.g_00330	Praj.g_00598
OG0000584	Prbc	Prbg.g_00330	Prbc.g_01687
OG0000584	Prbm	Prbg.g_00330	Prbm.g_00641
OG0000584	Prbb	Prbg.g_00330	Prbb.g_00611
OG0000584	Pral	Prbg.g_00330	Pral.g_00478
OG0000584	Prat	Prbg.g_00330	Prat.g_00573
OG0000584	Syac	Prbg.g_00330	Syac.g_00938
OG0000584	Syah	Prbg.g_00330	Syah.g_01977
OG0000584	Syaf	Prbg.g_00330	Syaf.g_02372
OG0000584	Syai	Prbg.g_00330	Syai.g_01044
OG0000584	Syam	Prbg.g_00330	Syam.g_01511
OG0000584	Syaa	Prbg.g_00330	Syaa.g_01685
OG0000584	Syae	Prbg.g_00330	Syae.g_00020
OG0000584	Syad	Prbg.g_00330	Syad.g_02204
OG0000584	Syaj	Prbg.g_00330	Syaj.g_01336
OG0000584	Syap	Prbg.g_00330	Syap.g_01530
OG0000584	Syar	Prbg.g_00330	Syar.g_02133
OG0000584	Syat	Prbg.g_00330	Syat.g_03405
OG0000584	Syas	Prbg.g_00330	Syas.g_00871
OG0000584	Syan	Prbg.g_00330	Syan.g_01028
OG0000584	Syao	Prbg.g_00330	Syao.g_01206
OG0000584	Syag	Prbg.g_00330	Syag.g_00355
OG0000584	Syaq	Prbg.g_00330	Syaq.g_02014
OG0000584	Syab	Prbg.g_00330	Syab.g_01927
OG0000584	Syal	Prbg.g_00330	Syal.g_02734
OG0000584	Syak	Prbg.g_00330	Syak.g_02750
OG0000584	Praf	Prbg.g_00330	Praf.g_00767
OG0000584	Prbj	Prbg.g_00330	Prbj.g_01754
OG0000584	Prbk	Prbg.g_00330	Prbk.g_01157
OG0000584	Prbl	Prbg.g_00330	Prbl.g_01748
OG0000584	Prah	Prbg.g_00330	Prah.g_01390
OG0000584	Pram	Prbg.g_00330	Pram.g_00548
OG0000584	Prbh	Prbg.g_00330	Prbh.g_00219
OG0000584	Prbe	Prbg.g_00330	Prbe.g_00523
OG0000584	Prak	Prbg.g_00330	Prak.g_00572
OG0000584	Prap	Prbg.g_00330	Prap.g_01157
OG0000584	Prbf	Prbg.g_00330	Prbf.g_01893
OG0000584	Prbn	Prbg.g_00330	Prbn.g_00504
OG0000585	Prab	Prbg.g_00332	Prab.g_00616
OG0000585	Pran	Prbg.g_00332	Pran.g_01566
OG0000585	Prai	Prbg.g_00332	Prai.g_00640
OG0000585	Prao	Prbg.g_00332	Prao.g_00050
OG0000585	Prac	Prbg.g_00332	Prac.g_00759
OG0000585	Praq	Prbg.g_00332	Praq.g_00990
OG0000585	Prar	Prbg.g_00332	Prar.g_01442
OG0000585	Prav	Prbg.g_00332	Prav.g_01208
OG0000585	Prad	Prbg.g_00332	Prad.g_01401
OG0000585	Prag	Prbg.g_00332	Prag.g_00590
OG0000585	Praw	Prbg.g_00332	Praw.g_00148
OG0000585	Prae	Prbg.g_00332	Prae.g_00586
OG0000585	Pray	Prbg.g_00332	Pray.g_01151
OG0000585	Praz	Prbg.g_00332	Praz.g_01718
OG0000585	Prba	Prbg.g_00332	Prba.g_01705
OG0000585	Pras	Prbg.g_00332	Pras.g_01488
OG0000585	Prau	Prbg.g_00332	Prau.g_00650
OG0000585	Prbi	Prbg.g_00332	Prbi.g_00614
OG0000585	Praa	Prbg.g_00332	Praa.g_00612
OG0000585	Prax	Prbg.g_00332	Prax.g_00071
OG0000585	Prbd	Prbg.g_00332	Prbd.g_00632
OG0000585	Praf	Prbg.g_00332	Praf.g_00769
OG0000585	Prbj	Prbg.g_00332	Prbj.g_01752
OG0000585	Prbk	Prbg.g_00332	Prbk.g_01159
OG0000585	Prbl	Prbg.g_00332	Prbl.g_01746
OG0000585	Prah	Prbg.g_00332	Prah.g_01388
OG0000585	Syad	Prbg.g_00332	Syad.g_02202
OG0000585	Syaj	Prbg.g_00332	Syaj.g_01334
OG0000585	Syae	Prbg.g_00332	Syae.g_00022
OG0000585	Syaa	Prbg.g_00332	Syaa.g_01683
OG0000585	Syac	Prbg.g_00332	Syac.g_00940
OG0000585	Syah	Prbg.g_00332	Syah.g_01975
OG0000585	Syaf	Prbg.g_00332	Syaf.g_02370
OG0000585	Syai	Prbg.g_00332	Syai.g_01046
OG0000585	Syam	Prbg.g_00332	Syam.g_01509
OG0000585	Syan	Prbg.g_00332	Syan.g_01024
OG0000585	Syao	Prbg.g_00332	Syao.g_01054
OG0000585	Syar	Prbg.g_00332	Syar.g_02170
OG0000585	Syat	Prbg.g_00332	Syat.g_03408
OG0000585	Syap	Prbg.g_00332	Syap.g_01526
OG0000585	Syas	Prbg.g_00332	Syas.g_00868
OG0000585	Syak	Prbg.g_00332	Syak.g_02753
OG0000585	Syab	Prbg.g_00332	Syab.g_01924
OG0000585	Syal	Prbg.g_00332	Syal.g_02731
OG0000585	Syaq	Prbg.g_00332	Syaq.g_02017
OG0000585	Syag	Prbg.g_00332	Syag.g_00357
OG0000585	Prbb	Prbg.g_00332	Prbb.g_00613
OG0000585	Praj	Prbg.g_00332	Praj.g_00600
OG0000585	Prbc	Prbg.g_00332	Prbc.g_01689
OG0000585	Prbm	Prbg.g_00332	Prbm.g_00643
OG0000585	Pral	Prbg.g_00332	Pral.g_00476
OG0000585	Prat	Prbg.g_00332	Prat.g_00575
OG0000585	Pram	Prbg.g_00332	Pram.g_00550
OG0000585	Prbh	Prbg.g_00332	Prbh.g_00217
OG0000585	Prak	Prbg.g_00332	Prak.g_00574
OG0000585	Prap	Prbg.g_00332	Prap.g_01155
OG0000585	Prbe	Prbg.g_00332	Prbe.g_00521
OG0000585	Prbf	Prbg.g_00332	Prbf.g_01895
OG0000585	Prbn	Prbg.g_00332	Prbn.g_00502
OG0000586	Prab	Prbg.g_00333	Prab.g_00617
OG0000586	Pran	Prbg.g_00333	Pran.g_01565
OG0000586	Prai	Prbg.g_00333	Prai.g_00641
OG0000586	Prae	Prbg.g_00333	Prae.g_00587
OG0000586	Prao	Prbg.g_00333	Prao.g_00051
OG0000586	Prag	Prbg.g_00333	Prag.g_00591
OG0000586	Praw	Prbg.g_00333	Praw.g_00149
OG0000586	Pras	Prbg.g_00333	Pras.g_01489
OG0000586	Prau	Prbg.g_00333	Prau.g_00651
OG0000586	Praa	Prbg.g_00333	Praa.g_00613
OG0000586	Pray	Prbg.g_00333	Pray.g_01150
OG0000586	Praz	Prbg.g_00333	Praz.g_01717
OG0000586	Prba	Prbg.g_00333	Prba.g_01704
OG0000586	Prax	Prbg.g_00333	Prax.g_00072
OG0000586	Prbd	Prbg.g_00333	Prbd.g_00631
OG0000586	Prbi	Prbg.g_00333	Prbi.g_00615
OG0000586	Prav	Prbg.g_00333	Prav.g_01209
OG0000586	Prac	Prbg.g_00333	Prac.g_00758
OG0000586	Prar	Prbg.g_00333	Prar.g_01443
OG0000586	Praq	Prbg.g_00333	Praq.g_00989
OG0000586	Prad	Prbg.g_00333	Prad.g_01402
OG0000586	Prbm	Prbg.g_00333	Prbm.g_00644
OG0000586	Prbc	Prbg.g_00333	Prbc.g_01690
OG0000586	Praj	Prbg.g_00333	Praj.g_00601
OG0000586	Prbb	Prbg.g_00333	Prbb.g_00614
OG0000586	Pral	Prbg.g_00333	Pral.g_00475
OG0000586	Prat	Prbg.g_00333	Prat.g_00576
OG0000586	Prbj	Prbg.g_00333	Prbj.g_01750
OG0000586	Prbk	Prbg.g_00333	Prbk.g_01161
OG0000586	Prbl	Prbg.g_00333	Prbl.g_01744
OG0000586	Praf	Prbg.g_00333	Praf.g_00771
OG0000586	Prah	Prbg.g_00333	Prah.g_01387
OG0000586	Syaq	Prbg.g_00333	Syaq.g_02018
OG0000586	Syag	Prbg.g_00333	Syag.g_00358
OG0000586	Syak	Prbg.g_00333	Syak.g_02754
OG0000586	Syab	Prbg.g_00333	Syab.g_01923
OG0000586	Syal	Prbg.g_00333	Syal.g_02730
OG0000586	Syat	Prbg.g_00333	Syat.g_03409
OG0000586	Syas	Prbg.g_00333	Syas.g_00867
OG0000586	Syap	Prbg.g_00333	Syap.g_01525
OG0000586	Syar	Prbg.g_00333	Syar.g_02171
OG0000586	Syan	Prbg.g_00333	Syan.g_01022
OG0000586	Syao	Prbg.g_00333	Syao.g_01055
OG0000586	Syae	Prbg.g_00333	Syae.g_00023
OG0000586	Syad	Prbg.g_00333	Syad.g_02201
OG0000586	Syaj	Prbg.g_00333	Syaj.g_01333
OG0000586	Syaa	Prbg.g_00333	Syaa.g_01682
OG0000586	Syac	Prbg.g_00333	Syac.g_00941
OG0000586	Syah	Prbg.g_00333	Syah.g_01974
OG0000586	Syaf	Prbg.g_00333	Syaf.g_02369
OG0000586	Syai	Prbg.g_00333	Syai.g_01047
OG0000586	Syam	Prbg.g_00333	Syam.g_01508
OG0000586	Pram	Prbg.g_00333	Pram.g_00551
OG0000586	Prbh	Prbg.g_00333	Prbh.g_00216
OG0000586	Prak	Prbg.g_00333	Prak.g_00575
OG0000586	Prap	Prbg.g_00333	Prap.g_01154
OG0000586	Prbe	Prbg.g_00333	Prbe.g_00520
OG0000586	Prbf	Prbg.g_00333	Prbf.g_01896
OG0000586	Prbn	Prbg.g_00333	Prbn.g_00501
OG0000587	Prab	Prbg.g_00334	Prab.g_00618
OG0000587	Pran	Prbg.g_00334	Pran.g_01564
OG0000587	Prai	Prbg.g_00334	Prai.g_00642
OG0000587	Prav	Prbg.g_00334	Prav.g_01210
OG0000587	Prao	Prbg.g_00334	Prao.g_00052
OG0000587	Prac	Prbg.g_00334	Prac.g_00757
OG0000587	Praq	Prbg.g_00334	Praq.g_00988
OG0000587	Prar	Prbg.g_00334	Prar.g_01444
OG0000587	Praa	Prbg.g_00334	Praa.g_00614
OG0000587	Pray	Prbg.g_00334	Pray.g_01149
OG0000587	Praz	Prbg.g_00334	Praz.g_01716
OG0000587	Prba	Prbg.g_00334	Prba.g_01703
OG0000587	Prag	Prbg.g_00334	Prag.g_00592
OG0000587	Praw	Prbg.g_00334	Praw.g_00150
OG0000587	Prad	Prbg.g_00334	Prad.g_01403
OG0000587	Prbd	Prbg.g_00334	Prbd.g_00630
OG0000587	Prax	Prbg.g_00334	Prax.g_00073
OG0000587	Pras	Prbg.g_00334	Pras.g_01490
OG0000587	Prau	Prbg.g_00334	Prau.g_00652
OG0000587	Prae	Prbg.g_00334	Prae.g_00588
OG0000587	Prbi	Prbg.g_00334	Prbi.g_00616
OG0000587	Syac	Prbg.g_00334	Syac.g_00943
OG0000587	Syah	Prbg.g_00334	Syah.g_01972
OG0000587	Syaf	Prbg.g_00334	Syaf.g_02367
OG0000587	Syai	Prbg.g_00334	Syai.g_01049
OG0000587	Syam	Prbg.g_00334	Syam.g_01506
OG0000587	Syae	Prbg.g_00334	Syae.g_00025
OG0000587	Syaa	Prbg.g_00334	Syaa.g_01680
OG0000587	Syad	Prbg.g_00334	Syad.g_02199
OG0000587	Syaj	Prbg.g_00334	Syaj.g_01331
OG0000587	Syan	Prbg.g_00334	Syan.g_01020
OG0000587	Syao	Prbg.g_00334	Syao.g_01057
OG0000587	Syap	Prbg.g_00334	Syap.g_01523
OG0000587	Syas	Prbg.g_00334	Syas.g_00865
OG0000587	Syar	Prbg.g_00334	Syar.g_02173
OG0000587	Syat	Prbg.g_00334	Syat.g_00001
OG0000587	Syag	Prbg.g_00334	Syag.g_00360
OG0000587	Syaq	Prbg.g_00334	Syaq.g_02020
OG0000587	Syak	Prbg.g_00334	Syak.g_02756
OG0000587	Syab	Prbg.g_00334	Syab.g_01921
OG0000587	Syal	Prbg.g_00334	Syal.g_02728
OG0000587	Prbj	Prbg.g_00334	Prbj.g_01748
OG0000587	Prbk	Prbg.g_00334	Prbk.g_01163
OG0000587	Prbl	Prbg.g_00334	Prbl.g_01742
OG0000587	Praf	Prbg.g_00334	Praf.g_00773
OG0000587	Prah	Prbg.g_00334	Prah.g_01385
OG0000587	Prbb	Prbg.g_00334	Prbb.g_00615
OG0000587	Praj	Prbg.g_00334	Praj.g_00602
OG0000587	Prbc	Prbg.g_00334	Prbc.g_01691
OG0000587	Prbm	Prbg.g_00334	Prbm.g_00645
OG0000587	Pral	Prbg.g_00334	Pral.g_00474
OG0000587	Prat	Prbg.g_00334	Prat.g_00577
OG0000587	Pram	Prbg.g_00334	Pram.g_00552
OG0000587	Prbh	Prbg.g_00334	Prbh.g_00215
OG0000587	Prak	Prbg.g_00334	Prak.g_00576
OG0000587	Prap	Prbg.g_00334	Prap.g_01153
OG0000587	Prbe	Prbg.g_00334	Prbe.g_00519
OG0000587	Prbf	Prbg.g_00334	Prbf.g_01897
OG0000587	Prbn	Prbg.g_00334	Prbn.g_00500
OG0000588	Prao	Prbg.g_00338	Prao.g_00056
OG0000588	Prae	Prbg.g_00338	Prae.g_00592
OG0000588	Prbi	Prbg.g_00338	Prbi.g_00620
OG0000588	Prax	Prbg.g_00338	Prax.g_00077
OG0000588	Pras	Prbg.g_00338	Pras.g_01494
OG0000588	Prau	Prbg.g_00338	Prau.g_00656
OG0000588	Praa	Prbg.g_00338	Praa.g_00618
OG0000588	Prbd	Prbg.g_00338	Prbd.g_00626
OG0000588	Prav	Prbg.g_00338	Prav.g_01214
OG0000588	Prac	Prbg.g_00338	Prac.g_00753
OG0000588	Praq	Prbg.g_00338	Praq.g_00984
OG0000588	Prar	Prbg.g_00338	Prar.g_01448
OG0000588	Pray	Prbg.g_00338	Pray.g_01145
OG0000588	Praz	Prbg.g_00338	Praz.g_01712
OG0000588	Prba	Prbg.g_00338	Prba.g_01699
OG0000588	Prad	Prbg.g_00338	Prad.g_01407
OG0000588	Prag	Prbg.g_00338	Prag.g_00596
OG0000588	Praw	Prbg.g_00338	Praw.g_00154
OG0000588	Prab	Prbg.g_00338	Prab.g_00622
OG0000588	Pran	Prbg.g_00338	Pran.g_01560
OG0000588	Prai	Prbg.g_00338	Prai.g_00646
OG0000588	Prbm	Prbg.g_00338	Prbm.g_00649
OG0000588	Praj	Prbg.g_00338	Praj.g_00606
OG0000588	Prbb	Prbg.g_00338	Prbb.g_00619
OG0000588	Prbc	Prbg.g_00338	Prbc.g_01695
OG0000588	Prbj	Prbg.g_00338	Prbj.g_02547
OG0000588	Prbk	Prbg.g_00338	Prbk.g_02605
OG0000588	Prbl	Prbg.g_00338	Prbl.g_01613
OG0000588	Praf	Prbg.g_00338	Praf.g_01663
OG0000588	Prah	Prbg.g_00338	Prah.g_00529
OG0000588	Syar	Prbg.g_00338	Syar.g_02275
OG0000588	Syan	Prbg.g_00338	Syan.g_00215
OG0000588	Syao	Prbg.g_00338	Syao.g_00406
OG0000588	Syat	Prbg.g_00338	Syat.g_00338
OG0000588	Syap	Prbg.g_00338	Syap.g_00776
OG0000588	Syas	Prbg.g_00338	Syas.g_00960
OG0000588	Syag	Prbg.g_00338	Syag.g_00371
OG0000588	Syaq	Prbg.g_00338	Syaq.g_02043
OG0000588	Syal	Prbg.g_00338	Syal.g_02717
OG0000588	Syab	Prbg.g_00338	Syab.g_01910
OG0000588	Syak	Prbg.g_00338	Syak.g_00004
OG0000588	Syae	Prbg.g_00338	Syae.g_00043
OG0000588	Syaa	Prbg.g_00338	Syaa.g_01666
OG0000588	Syac	Prbg.g_00338	Syac.g_00949
OG0000588	Syah	Prbg.g_00338	Syah.g_01966
OG0000588	Syad	Prbg.g_00338	Syad.g_02183
OG0000588	Syaj	Prbg.g_00338	Syaj.g_01313
OG0000588	Syaf	Prbg.g_00338	Syaf.g_02350
OG0000588	Syai	Prbg.g_00338	Syai.g_01063
OG0000588	Syam	Prbg.g_00338	Syam.g_01498
OG0000588	Pral	Prbg.g_00338	Pral.g_00469
OG0000588	Prat	Prbg.g_00338	Prat.g_00582
OG0000588	Pram	Prbg.g_00338	Pram.g_00556
OG0000588	Prbh	Prbg.g_00338	Prbh.g_01465
OG0000588	Prak	Prbg.g_00338	Prak.g_00580
OG0000588	Prap	Prbg.g_00338	Prap.g_01149
OG0000588	Prbe	Prbg.g_00338	Prbe.g_00515
OG0000588	Prbf	Prbg.g_00338	Prbf.g_01901
OG0000588	Prbn	Prbg.g_00338	Prbn.g_00496
OG0000589	Prab	Prbg.g_00340	Prab.g_00625
OG0000589	Pran	Prbg.g_00340	Pran.g_01557
OG0000589	Prai	Prbg.g_00340	Prai.g_00650
OG0000589	Prao	Prbg.g_00340	Prao.g_00060
OG0000589	Prac	Prbg.g_00340	Prac.g_00750
OG0000589	Praq	Prbg.g_00340	Praq.g_00981
OG0000589	Prar	Prbg.g_00340	Prar.g_01451
OG0000589	Prav	Prbg.g_00340	Prav.g_01219
OG0000589	Prag	Prbg.g_00340	Prag.g_00599
OG0000589	Praw	Prbg.g_00340	Praw.g_00157
OG0000589	Prbd	Prbg.g_00340	Prbd.g_00623
OG0000589	Praa	Prbg.g_00340	Praa.g_00621
OG0000589	Prau	Prbg.g_00340	Prau.g_00661
OG0000589	Prbi	Prbg.g_00340	Prbi.g_00623
OG0000589	Pray	Prbg.g_00340	Pray.g_01142
OG0000589	Praz	Prbg.g_00340	Praz.g_01709
OG0000589	Prba	Prbg.g_00340	Prba.g_01696
OG0000589	Pras	Prbg.g_00340	Pras.g_01497
OG0000589	Prax	Prbg.g_00340	Prax.g_00080
OG0000589	Prad	Prbg.g_00340	Prad.g_01410
OG0000589	Prae	Prbg.g_00340	Prae.g_00595
OG0000589	Prbm	Prbg.g_00340	Prbm.g_00652
OG0000589	Prbc	Prbg.g_00340	Prbc.g_01698
OG0000589	Prbb	Prbg.g_00340	Prbb.g_00622
OG0000589	Praj	Prbg.g_00340	Praj.g_00609
OG0000589	Prah	Prbg.g_00340	Prah.g_00526
OG0000589	Praf	Prbg.g_00340	Praf.g_01666
OG0000589	Prbj	Prbg.g_00340	Prbj.g_02550
OG0000589	Prbk	Prbg.g_00340	Prbk.g_02608
OG0000589	Prbl	Prbg.g_00340	Prbl.g_01616
OG0000589	Syae	Prbg.g_00340	Syae.g_00047
OG0000589	Syaa	Prbg.g_00340	Syaa.g_01662
OG0000589	Syad	Prbg.g_00340	Syad.g_02178
OG0000589	Syaj	Prbg.g_00340	Syaj.g_01308
OG0000589	Syac	Prbg.g_00340	Syac.g_00953
OG0000589	Syah	Prbg.g_00340	Syah.g_01962
OG0000589	Syaf	Prbg.g_00340	Syaf.g_02340
OG0000589	Syai	Prbg.g_00340	Syai.g_01066
OG0000589	Syam	Prbg.g_00340	Syam.g_01494
OG0000589	Syan	Prbg.g_00340	Syan.g_00016
OG0000589	Syao	Prbg.g_00340	Syao.g_01342
OG0000589	Syar	Prbg.g_00340	Syar.g_02261
OG0000589	Syat	Prbg.g_00340	Syat.g_03318
OG0000589	Syap	Prbg.g_00340	Syap.g_00941
OG0000589	Syas	Prbg.g_00340	Syas.g_00121
OG0000589	Syag	Prbg.g_00340	Syag.g_00375
OG0000589	Syaq	Prbg.g_00340	Syaq.g_02057
OG0000589	Syak	Prbg.g_00340	Syak.g_00008
OG0000589	Syab	Prbg.g_00340	Syab.g_01899
OG0000589	Syal	Prbg.g_00340	Syal.g_02714
OG0000589	Prat	Prbg.g_00340	Prat.g_00584
OG0000589	Pral	Prbg.g_00340	Pral.g_00466
OG0000589	Pram	Prbg.g_00340	Pram.g_00559
OG0000589	Prbh	Prbg.g_00340	Prbh.g_01462
OG0000589	Prak	Prbg.g_00340	Prak.g_00582
OG0000589	Prap	Prbg.g_00340	Prap.g_01147
OG0000589	Prbe	Prbg.g_00340	Prbe.g_00513
OG0000589	Prbf	Prbg.g_00340	Prbf.g_01903
OG0000589	Prbn	Prbg.g_00340	Prbn.g_00494
OG0000590	Prab	Prbg.g_00341	Prab.g_00626
OG0000590	Pran	Prbg.g_00341	Pran.g_01556
OG0000590	Prai	Prbg.g_00341	Prai.g_00651
OG0000590	Prao	Prbg.g_00341	Prao.g_00061
OG0000590	Prac	Prbg.g_00341	Prac.g_00749
OG0000590	Prar	Prbg.g_00341	Prar.g_01452
OG0000590	Praq	Prbg.g_00341	Praq.g_00980
OG0000590	Prag	Prbg.g_00341	Prag.g_00600
OG0000590	Praw	Prbg.g_00341	Praw.g_00158
OG0000590	Prav	Prbg.g_00341	Prav.g_01220
OG0000590	Prbi	Prbg.g_00341	Prbi.g_00624
OG0000590	Prad	Prbg.g_00341	Prad.g_01411
OG0000590	Prae	Prbg.g_00341	Prae.g_00596
OG0000590	Pras	Prbg.g_00341	Pras.g_01498
OG0000590	Prau	Prbg.g_00341	Prau.g_00662
OG0000590	Pray	Prbg.g_00341	Pray.g_01141
OG0000590	Praz	Prbg.g_00341	Praz.g_01708
OG0000590	Prba	Prbg.g_00341	Prba.g_01695
OG0000590	Praa	Prbg.g_00341	Praa.g_00622
OG0000590	Prax	Prbg.g_00341	Prax.g_00081
OG0000590	Prbd	Prbg.g_00341	Prbd.g_00622
OG0000590	Pral	Prbg.g_00341	Pral.g_00465
OG0000590	Prat	Prbg.g_00341	Prat.g_00585
OG0000590	Prbm	Prbg.g_00341	Prbm.g_00653
OG0000590	Praj	Prbg.g_00341	Praj.g_00610
OG0000590	Prbb	Prbg.g_00341	Prbb.g_00623
OG0000590	Prbc	Prbg.g_00341	Prbc.g_01699
OG0000590	Syat	Prbg.g_00341	Syat.g_03317
OG0000590	Syas	Prbg.g_00341	Syas.g_00120
OG0000590	Syap	Prbg.g_00341	Syap.g_00940
OG0000590	Syar	Prbg.g_00341	Syar.g_02260
OG0000590	Syan	Prbg.g_00341	Syan.g_00015
OG0000590	Syao	Prbg.g_00341	Syao.g_01341
OG0000590	Syag	Prbg.g_00341	Syag.g_00376
OG0000590	Syak	Prbg.g_00341	Syak.g_00009
OG0000590	Syab	Prbg.g_00341	Syab.g_01898
OG0000590	Syal	Prbg.g_00341	Syal.g_02713
OG0000590	Syaq	Prbg.g_00341	Syaq.g_02058
OG0000590	Syad	Prbg.g_00341	Syad.g_02177
OG0000590	Syaj	Prbg.g_00341	Syaj.g_01307
OG0000590	Syae	Prbg.g_00341	Syae.g_00048
OG0000590	Syaa	Prbg.g_00341	Syaa.g_01661
OG0000590	Syaf	Prbg.g_00341	Syaf.g_02339
OG0000590	Syai	Prbg.g_00341	Syai.g_01067
OG0000590	Syam	Prbg.g_00341	Syam.g_01493
OG0000590	Syac	Prbg.g_00341	Syac.g_00954
OG0000590	Syah	Prbg.g_00341	Syah.g_01961
OG0000590	Prbj	Prbg.g_00341	Prbj.g_02551
OG0000590	Prbk	Prbg.g_00341	Prbk.g_02609
OG0000590	Prbl	Prbg.g_00341	Prbl.g_01617
OG0000590	Praf	Prbg.g_00341	Praf.g_01667
OG0000590	Prah	Prbg.g_00341	Prah.g_00525
OG0000590	Pram	Prbg.g_00341	Pram.g_00560
OG0000590	Prbh	Prbg.g_00341	Prbh.g_01461
OG0000590	Prak	Prbg.g_00341	Prak.g_00583
OG0000590	Prap	Prbg.g_00341	Prap.g_01146
OG0000590	Prbe	Prbg.g_00341	Prbe.g_00512
OG0000590	Prbf	Prbg.g_00341	Prbf.g_01904
OG0000590	Prbn	Prbg.g_00341	Prbn.g_00493
OG0000591	Prac	Prbg.g_00345	Prac.g_00746
OG0000591	Praq	Prbg.g_00345	Praq.g_00977
OG0000591	Prar	Prbg.g_00345	Prar.g_01455
OG0000591	Prao	Prbg.g_00345	Prao.g_00064
OG0000591	Prae	Prbg.g_00345	Prae.g_00599
OG0000591	Prbi	Prbg.g_00345	Prbi.g_00627
OG0000591	Prag	Prbg.g_00345	Prag.g_00603
OG0000591	Praw	Prbg.g_00345	Praw.g_00161
OG0000591	Prav	Prbg.g_00345	Prav.g_01223
OG0000591	Pray	Prbg.g_00345	Pray.g_01138
OG0000591	Praz	Prbg.g_00345	Praz.g_01705
OG0000591	Prba	Prbg.g_00345	Prba.g_01692
OG0000591	Pras	Prbg.g_00345	Pras.g_01501
OG0000591	Prau	Prbg.g_00345	Prau.g_00665
OG0000591	Prax	Prbg.g_00345	Prax.g_00084
OG0000591	Prbd	Prbg.g_00345	Prbd.g_00619
OG0000591	Praa	Prbg.g_00345	Praa.g_00625
OG0000591	Prad	Prbg.g_00345	Prad.g_01414
OG0000591	Prab	Prbg.g_00345	Prab.g_00630
OG0000591	Pran	Prbg.g_00345	Pran.g_01553
OG0000591	Prai	Prbg.g_00345	Prai.g_00654
OG0000591	Praj	Prbg.g_00345	Praj.g_00613
OG0000591	Prbb	Prbg.g_00345	Prbb.g_00626
OG0000591	Prbc	Prbg.g_00345	Prbc.g_01702
OG0000591	Prbm	Prbg.g_00345	Prbm.g_00656
OG0000591	Prbj	Prbg.g_00345	Prbj.g_02558
OG0000591	Prbk	Prbg.g_00345	Prbk.g_02616
OG0000591	Prbl	Prbg.g_00345	Prbl.g_01624
OG0000591	Praf	Prbg.g_00345	Praf.g_01674
OG0000591	Prah	Prbg.g_00345	Prah.g_00518
OG0000591	Syaf	Prbg.g_00345	Syaf.g_02331
OG0000591	Syai	Prbg.g_00345	Syai.g_01075
OG0000591	Syam	Prbg.g_00345	Syam.g_01486
OG0000591	Syac	Prbg.g_00345	Syac.g_00961
OG0000591	Syah	Prbg.g_00345	Syah.g_01954
OG0000591	Syae	Prbg.g_00345	Syae.g_00056
OG0000591	Syaa	Prbg.g_00345	Syaa.g_01653
OG0000591	Syap	Prbg.g_00345	Syap.g_01289
OG0000591	Syat	Prbg.g_00345	Syat.g_03308
OG0000591	Syan	Prbg.g_00345	Syan.g_00003
OG0000591	Syao	Prbg.g_00345	Syao.g_01330
OG0000591	Syar	Prbg.g_00345	Syar.g_02246
OG0000591	Syas	Prbg.g_00345	Syas.g_00106
OG0000591	Syad	Prbg.g_00345	Syad.g_02169
OG0000591	Syaj	Prbg.g_00345	Syaj.g_01299
OG0000591	Syab	Prbg.g_00345	Syab.g_01892
OG0000591	Syal	Prbg.g_00345	Syal.g_02707
OG0000591	Syak	Prbg.g_00345	Syak.g_00017
OG0000591	Syag	Prbg.g_00345	Syag.g_00383
OG0000591	Syaq	Prbg.g_00345	Syaq.g_02066
OG0000591	Prat	Prbg.g_00345	Prat.g_00589
OG0000591	Pral	Prbg.g_00345	Pral.g_00462
OG0000591	Pram	Prbg.g_00345	Pram.g_00564
OG0000591	Prbh	Prbg.g_00345	Prbh.g_01457
OG0000591	Prak	Prbg.g_00345	Prak.g_00587
OG0000591	Prap	Prbg.g_00345	Prap.g_01142
OG0000591	Prbe	Prbg.g_00345	Prbe.g_00508
OG0000591	Prbf	Prbg.g_00345	Prbf.g_01908
OG0000591	Prbn	Prbg.g_00345	Prbn.g_00489
OG0000592	Prbi	Prbg.g_00346	Prbi.g_00628
OG0000592	Prab	Prbg.g_00346	Prab.g_00631
OG0000592	Pran	Prbg.g_00346	Pran.g_01552
OG0000592	Prai	Prbg.g_00346	Prai.g_00655
OG0000592	Prae	Prbg.g_00346	Prae.g_00600
OG0000592	Prao	Prbg.g_00346	Prao.g_00065
OG0000592	Prav	Prbg.g_00346	Prav.g_01224
OG0000592	Pray	Prbg.g_00346	Pray.g_01137
OG0000592	Praz	Prbg.g_00346	Praz.g_01704
OG0000592	Prba	Prbg.g_00346	Prba.g_01691
OG0000592	Pras	Prbg.g_00346	Pras.g_01502
OG0000592	Prad	Prbg.g_00346	Prad.g_01415
OG0000592	Prbd	Prbg.g_00346	Prbd.g_00618
OG0000592	Praa	Prbg.g_00346	Praa.g_00626
OG0000592	Prax	Prbg.g_00346	Prax.g_00085
OG0000592	Prau	Prbg.g_00346	Prau.g_00666
OG0000592	Prag	Prbg.g_00346	Prag.g_00604
OG0000592	Praw	Prbg.g_00346	Praw.g_00162
OG0000592	Prac	Prbg.g_00346	Prac.g_00745
OG0000592	Praq	Prbg.g_00346	Praq.g_00976
OG0000592	Prar	Prbg.g_00346	Prar.g_01456
OG0000592	Prbm	Prbg.g_00346	Prbm.g_00657
OG0000592	Prbc	Prbg.g_00346	Prbc.g_01703
OG0000592	Praj	Prbg.g_00346	Praj.g_00614
OG0000592	Prbb	Prbg.g_00346	Prbb.g_00627
OG0000592	Prbj	Prbg.g_00346	Prbj.g_02559
OG0000592	Prbk	Prbg.g_00346	Prbk.g_02617
OG0000592	Prbl	Prbg.g_00346	Prbl.g_01625
OG0000592	Prah	Prbg.g_00346	Prah.g_00517
OG0000592	Praf	Prbg.g_00346	Praf.g_01675
OG0000592	Syag	Prbg.g_00346	Syag.g_00384
OG0000592	Syac	Prbg.g_00346	Syac.g_00962
OG0000592	Syah	Prbg.g_00346	Syah.g_01953
OG0000592	Syaa	Prbg.g_00346	Syaa.g_01652
OG0000592	Syaf	Prbg.g_00346	Syaf.g_02330
OG0000592	Syai	Prbg.g_00346	Syai.g_01076
OG0000592	Syam	Prbg.g_00346	Syam.g_01485
OG0000592	Syad	Prbg.g_00346	Syad.g_02168
OG0000592	Syaj	Prbg.g_00346	Syaj.g_01298
OG0000592	Syae	Prbg.g_00346	Syae.g_00057
OG0000592	Syak	Prbg.g_00346	Syak.g_00018
OG0000592	Syaq	Prbg.g_00346	Syaq.g_02067
OG0000592	Syan	Prbg.g_00346	Syan.g_00002
OG0000592	Syao	Prbg.g_00346	Syao.g_01329
OG0000592	Syat	Prbg.g_00346	Syat.g_03307
OG0000592	Syap	Prbg.g_00346	Syap.g_01288
OG0000592	Syas	Prbg.g_00346	Syas.g_00105
OG0000592	Syar	Prbg.g_00346	Syar.g_02245
OG0000592	Syab	Prbg.g_00346	Syab.g_01891
OG0000592	Syal	Prbg.g_00346	Syal.g_02706
OG0000592	Pral	Prbg.g_00346	Pral.g_00461
OG0000592	Prat	Prbg.g_00346	Prat.g_00590
OG0000592	Pram	Prbg.g_00346	Pram.g_00565
OG0000592	Prbh	Prbg.g_00346	Prbh.g_01456
OG0000592	Prak	Prbg.g_00346	Prak.g_00588
OG0000592	Prap	Prbg.g_00346	Prap.g_01141
OG0000592	Prbe	Prbg.g_00346	Prbe.g_00507
OG0000592	Prbf	Prbg.g_00346	Prbf.g_01909
OG0000592	Prbn	Prbg.g_00346	Prbn.g_00488
OG0000593	Prac	Prbg.g_01425	Prac.g_00739
OG0000593	Praq	Prbg.g_01425	Praq.g_00970
OG0000593	Prar	Prbg.g_01425	Prar.g_01462
OG0000593	Prag	Prbg.g_01425	Prag.g_00610
OG0000593	Praw	Prbg.g_01425	Praw.g_00168
OG0000593	Prav	Prbg.g_01425	Prav.g_01230
OG0000593	Prae	Prbg.g_01425	Prae.g_00606
OG0000593	Praa	Prbg.g_01425	Praa.g_00632
OG0000593	Prao	Prbg.g_01425	Prao.g_00071
OG0000593	Prbi	Prbg.g_01425	Prbi.g_00635
OG0000593	Prax	Prbg.g_01425	Prax.g_00091
OG0000593	Prbd	Prbg.g_01425	Prbd.g_00612
OG0000593	Pray	Prbg.g_01425	Pray.g_01131
OG0000593	Praz	Prbg.g_01425	Praz.g_01698
OG0000593	Prba	Prbg.g_01425	Prba.g_01685
OG0000593	Pras	Prbg.g_01425	Pras.g_01508
OG0000593	Prau	Prbg.g_01425	Prau.g_00672
OG0000593	Prad	Prbg.g_01425	Prad.g_01421
OG0000593	Prab	Prbg.g_01425	Prab.g_00637
OG0000593	Pran	Prbg.g_01425	Pran.g_01546
OG0000593	Prai	Prbg.g_01425	Prai.g_00661
OG0000593	Praj	Prbg.g_01425	Praj.g_00620
OG0000593	Prbm	Prbg.g_01425	Prbm.g_00663
OG0000593	Prbc	Prbg.g_01425	Prbc.g_01709
OG0000593	Prbb	Prbg.g_01425	Prbb.g_00633
OG0000593	Prbj	Prbg.g_01425	Prbj.g_02569
OG0000593	Prbk	Prbg.g_01425	Prbk.g_02627
OG0000593	Prbl	Prbg.g_01425	Prbl.g_01635
OG0000593	Praf	Prbg.g_01425	Praf.g_01688
OG0000593	Prah	Prbg.g_01425	Prah.g_00505
OG0000593	Syar	Prbg.g_01425	Syar.g_02414
OG0000593	Syat	Prbg.g_01425	Syat.g_00113
OG0000593	Syan	Prbg.g_01425	Syan.g_00820
OG0000593	Syao	Prbg.g_01425	Syao.g_00890
OG0000593	Syap	Prbg.g_01425	Syap.g_00890
OG0000593	Syas	Prbg.g_01425	Syas.g_00750
OG0000593	Syak	Prbg.g_01425	Syak.g_00031
OG0000593	Syaq	Prbg.g_01425	Syaq.g_02078
OG0000593	Syab	Prbg.g_01425	Syab.g_01877
OG0000593	Syal	Prbg.g_01425	Syal.g_02640
OG0000593	Syag	Prbg.g_01425	Syag.g_00406
OG0000593	Syaf	Prbg.g_01425	Syaf.g_02314
OG0000593	Syai	Prbg.g_01425	Syai.g_01100
OG0000593	Syam	Prbg.g_01425	Syam.g_01471
OG0000593	Syad	Prbg.g_01425	Syad.g_02156
OG0000593	Syaj	Prbg.g_01425	Syaj.g_01287
OG0000593	Syac	Prbg.g_01425	Syac.g_00975
OG0000593	Syah	Prbg.g_01425	Syah.g_01939
OG0000593	Syaa	Prbg.g_01425	Syaa.g_01638
OG0000593	Syae	Prbg.g_01425	Syae.g_00070
OG0000593	Prat	Prbg.g_01425	Prat.g_01094
OG0000593	Pral	Prbg.g_01425	Pral.g_01433
OG0000593	Pram	Prbg.g_01425	Pram.g_01078
OG0000593	Prbh	Prbg.g_01425	Prbh.g_01221
OG0000593	Prak	Prbg.g_01425	Prak.g_01111
OG0000593	Prap	Prbg.g_01425	Prap.g_00395
OG0000593	Prbe	Prbg.g_01425	Prbe.g_01488
OG0000593	Prbf	Prbg.g_01425	Prbf.g_00979
OG0000593	Prbn	Prbg.g_01425	Prbn.g_00423
OG0000594	Prai	Prbg.g_01424	Prai.g_00662
OG0000594	Prab	Prbg.g_01424	Prab.g_00638
OG0000594	Pran	Prbg.g_01424	Pran.g_01545
OG0000594	Prad	Prbg.g_01424	Prad.g_01422
OG0000594	Pras	Prbg.g_01424	Pras.g_01509
OG0000594	Prau	Prbg.g_01424	Prau.g_00673
OG0000594	Prax	Prbg.g_01424	Prax.g_00092
OG0000594	Prbi	Prbg.g_01424	Prbi.g_00636
OG0000594	Prbd	Prbg.g_01424	Prbd.g_00611
OG0000594	Prae	Prbg.g_01424	Prae.g_00607
OG0000594	Praa	Prbg.g_01424	Praa.g_00633
OG0000594	Prao	Prbg.g_01424	Prao.g_00072
OG0000594	Pray	Prbg.g_01424	Pray.g_01130
OG0000594	Praz	Prbg.g_01424	Praz.g_01697
OG0000594	Prba	Prbg.g_01424	Prba.g_01684
OG0000594	Prac	Prbg.g_01424	Prac.g_00738
OG0000594	Praq	Prbg.g_01424	Praq.g_00969
OG0000594	Prar	Prbg.g_01424	Prar.g_01463
OG0000594	Prag	Prbg.g_01424	Prag.g_00611
OG0000594	Praw	Prbg.g_01424	Praw.g_00169
OG0000594	Prav	Prbg.g_01424	Prav.g_01231
OG0000594	Prat	Prbg.g_01424	Prat.g_01093
OG0000594	Praj	Prbg.g_01424	Praj.g_00621
OG0000594	Prbm	Prbg.g_01424	Prbm.g_00664
OG0000594	Prbb	Prbg.g_01424	Prbb.g_00634
OG0000594	Prbc	Prbg.g_01424	Prbc.g_01710
OG0000594	Prbj	Prbg.g_01424	Prbj.g_02570
OG0000594	Prbk	Prbg.g_01424	Prbk.g_02628
OG0000594	Prbl	Prbg.g_01424	Prbl.g_01636
OG0000594	Praf	Prbg.g_01424	Praf.g_01689
OG0000594	Prah	Prbg.g_01424	Prah.g_00504
OG0000594	Syar	Prbg.g_01424	Syar.g_02415
OG0000594	Syat	Prbg.g_01424	Syat.g_00114
OG0000594	Syap	Prbg.g_01424	Syap.g_00891
OG0000594	Syas	Prbg.g_01424	Syas.g_00749
OG0000594	Syab	Prbg.g_01424	Syab.g_01876
OG0000594	Syal	Prbg.g_01424	Syal.g_02639
OG0000594	Syae	Prbg.g_01424	Syae.g_00071
OG0000594	Syad	Prbg.g_01424	Syad.g_02155
OG0000594	Syaj	Prbg.g_01424	Syaj.g_01286
OG0000594	Syan	Prbg.g_01424	Syan.g_00819
OG0000594	Syao	Prbg.g_01424	Syao.g_00891
OG0000594	Syaq	Prbg.g_01424	Syaq.g_02079
OG0000594	Syac	Prbg.g_01424	Syac.g_00976
OG0000594	Syah	Prbg.g_01424	Syah.g_01938
OG0000594	Syaa	Prbg.g_01424	Syaa.g_01637
OG0000594	Syak	Prbg.g_01424	Syak.g_00032
OG0000594	Syag	Prbg.g_01424	Syag.g_00407
OG0000594	Syai	Prbg.g_01424	Syai.g_01101
OG0000594	Syaf	Prbg.g_01424	Syaf.g_02313
OG0000594	Syam	Prbg.g_01424	Syam.g_01470
OG0000594	Pral	Prbg.g_01424	Pral.g_01434
OG0000594	Pram	Prbg.g_01424	Pram.g_01077
OG0000594	Prbh	Prbg.g_01424	Prbh.g_01220
OG0000594	Prak	Prbg.g_01424	Prak.g_01110
OG0000594	Prap	Prbg.g_01424	Prap.g_00394
OG0000594	Prbe	Prbg.g_01424	Prbe.g_01487
OG0000594	Prbf	Prbg.g_01424	Prbf.g_00980
OG0000594	Prbn	Prbg.g_01424	Prbn.g_00424
OG0000595	Prab	Prbg.g_01423	Prab.g_00639
OG0000595	Pran	Prbg.g_01423	Pran.g_01544
OG0000595	Prai	Prbg.g_01423	Prai.g_00663
OG0000595	Prav	Prbg.g_01423	Prav.g_01232
OG0000595	Prac	Prbg.g_01423	Prac.g_00737
OG0000595	Praq	Prbg.g_01423	Praq.g_00968
OG0000595	Prar	Prbg.g_01423	Prar.g_01464
OG0000595	Prae	Prbg.g_01423	Prae.g_00608
OG0000595	Pray	Prbg.g_01423	Pray.g_01129
OG0000595	Praz	Prbg.g_01423	Praz.g_01696
OG0000595	Prba	Prbg.g_01423	Prba.g_01683
OG0000595	Prad	Prbg.g_01423	Prad.g_01423
OG0000595	Prax	Prbg.g_01423	Prax.g_00093
OG0000595	Prbd	Prbg.g_01423	Prbd.g_00610
OG0000595	Praa	Prbg.g_01423	Praa.g_00634
OG0000595	Prao	Prbg.g_01423	Prao.g_00073
OG0000595	Prbi	Prbg.g_01423	Prbi.g_00637
OG0000595	Prag	Prbg.g_01423	Prag.g_00612
OG0000595	Praw	Prbg.g_01423	Praw.g_01888
OG0000595	Pras	Prbg.g_01423	Pras.g_01510
OG0000595	Prau	Prbg.g_01423	Prau.g_00674
OG0000595	Pral	Prbg.g_01423	Pral.g_01435
OG0000595	Prat	Prbg.g_01423	Prat.g_01091
OG0000595	Praj	Prbg.g_01423	Praj.g_00622
OG0000595	Prbb	Prbg.g_01423	Prbb.g_00635
OG0000595	Prbc	Prbg.g_01423	Prbc.g_01711
OG0000595	Prbm	Prbg.g_01423	Prbm.g_00665
OG0000595	Prbj	Prbg.g_01423	Prbj.g_02571
OG0000595	Prbk	Prbg.g_01423	Prbk.g_02629
OG0000595	Prbl	Prbg.g_01423	Prbl.g_01637
OG0000595	Praf	Prbg.g_01423	Praf.g_01690
OG0000595	Prah	Prbg.g_01423	Prah.g_00503
OG0000595	Syaa	Prbg.g_01423	Syaa.g_01636
OG0000595	Syac	Prbg.g_01423	Syac.g_00977
OG0000595	Syah	Prbg.g_01423	Syah.g_01937
OG0000595	Syam	Prbg.g_01423	Syam.g_01469
OG0000595	Syai	Prbg.g_01423	Syai.g_01102
OG0000595	Syaf	Prbg.g_01423	Syaf.g_02312
OG0000595	Syae	Prbg.g_01423	Syae.g_00072
OG0000595	Syad	Prbg.g_01423	Syad.g_02154
OG0000595	Syaj	Prbg.g_01423	Syaj.g_01285
OG0000595	Syak	Prbg.g_01423	Syak.g_00033
OG0000595	Syaq	Prbg.g_01423	Syaq.g_02080
OG0000595	Syab	Prbg.g_01423	Syab.g_01875
OG0000595	Syal	Prbg.g_01423	Syal.g_02638
OG0000595	Syag	Prbg.g_01423	Syag.g_00408
OG0000595	Syan	Prbg.g_01423	Syan.g_00818
OG0000595	Syao	Prbg.g_01423	Syao.g_00892
OG0000595	Syap	Prbg.g_01423	Syap.g_00892
OG0000595	Syas	Prbg.g_01423	Syas.g_00748
OG0000595	Syat	Prbg.g_01423	Syat.g_00115
OG0000595	Syar	Prbg.g_01423	Syar.g_02416
OG0000595	Pram	Prbg.g_01423	Pram.g_01076
OG0000595	Prbh	Prbg.g_01423	Prbh.g_01219
OG0000595	Prbf	Prbg.g_01423	Prbf.g_00981
OG0000595	Prak	Prbg.g_01423	Prak.g_01109
OG0000595	Prap	Prbg.g_01423	Prap.g_00393
OG0000595	Prbe	Prbg.g_01423	Prbe.g_01486
OG0000595	Prbn	Prbg.g_01423	Prbn.g_00425
OG0000596	Prab	Prbg.g_01419	Prab.g_00643
OG0000596	Pran	Prbg.g_01419	Pran.g_01540
OG0000596	Prai	Prbg.g_01419	Prai.g_00667
OG0000596	Prad	Prbg.g_01419	Prad.g_01427
OG0000596	Prag	Prbg.g_01419	Prag.g_00616
OG0000596	Praw	Prbg.g_01419	Praw.g_01884
OG0000596	Prac	Prbg.g_01419	Prac.g_00733
OG0000596	Praq	Prbg.g_01419	Praq.g_00964
OG0000596	Prar	Prbg.g_01419	Prar.g_01468
OG0000596	Prav	Prbg.g_01419	Prav.g_01236
OG0000596	Prax	Prbg.g_01419	Prax.g_00097
OG0000596	Pray	Prbg.g_01419	Pray.g_01125
OG0000596	Praz	Prbg.g_01419	Praz.g_01692
OG0000596	Prba	Prbg.g_01419	Prba.g_01679
OG0000596	Pras	Prbg.g_01419	Pras.g_01514
OG0000596	Prau	Prbg.g_01419	Prau.g_00678
OG0000596	Prae	Prbg.g_01419	Prae.g_00612
OG0000596	Praa	Prbg.g_01419	Praa.g_00638
OG0000596	Prbd	Prbg.g_01419	Prbd.g_00606
OG0000596	Prao	Prbg.g_01419	Prao.g_00077
OG0000596	Prbi	Prbg.g_01419	Prbi.g_00641
OG0000596	Prbm	Prbg.g_01419	Prbm.g_00669
OG0000596	Prbb	Prbg.g_01419	Prbb.g_00639
OG0000596	Praj	Prbg.g_01419	Praj.g_00626
OG0000596	Prbc	Prbg.g_01419	Prbc.g_01715
OG0000596	Pram	Prbg.g_01419	Pram.g_01073
OG0000596	Prbh	Prbg.g_01419	Prbh.g_01216
OG0000596	Prat	Prbg.g_01419	Prat.g_01087
OG0000596	Pral	Prbg.g_01419	Pral.g_01439
OG0000596	Prbj	Prbg.g_01419	Prbj.g_02576
OG0000596	Prbk	Prbg.g_01419	Prbk.g_02634
OG0000596	Prbl	Prbg.g_01419	Prbl.g_01642
OG0000596	Praf	Prbg.g_01419	Praf.g_01695
OG0000596	Prah	Prbg.g_01419	Prah.g_00498
OG0000596	Syar	Prbg.g_01419	Syar.g_02421
OG0000596	Syap	Prbg.g_01419	Syap.g_00898
OG0000596	Syat	Prbg.g_01419	Syat.g_00129
OG0000596	Syas	Prbg.g_01419	Syas.g_00743
OG0000596	Syan	Prbg.g_01419	Syan.g_00813
OG0000596	Syao	Prbg.g_01419	Syao.g_00897
OG0000596	Syae	Prbg.g_01419	Syae.g_00077
OG0000596	Syaa	Prbg.g_01419	Syaa.g_01630
OG0000596	Syac	Prbg.g_01419	Syac.g_00982
OG0000596	Syah	Prbg.g_01419	Syah.g_01932
OG0000596	Syaf	Prbg.g_01419	Syaf.g_02307
OG0000596	Syai	Prbg.g_01419	Syai.g_01107
OG0000596	Syam	Prbg.g_01419	Syam.g_01465
OG0000596	Syad	Prbg.g_01419	Syad.g_02149
OG0000596	Syaj	Prbg.g_01419	Syaj.g_01280
OG0000596	Syag	Prbg.g_01419	Syag.g_00413
OG0000596	Syaq	Prbg.g_01419	Syaq.g_02085
OG0000596	Syak	Prbg.g_01419	Syak.g_00038
OG0000596	Syab	Prbg.g_01419	Syab.g_01871
OG0000596	Syal	Prbg.g_01419	Syal.g_02633
OG0000596	Prak	Prbg.g_01419	Prak.g_01105
OG0000596	Prap	Prbg.g_01419	Prap.g_00389
OG0000596	Prbe	Prbg.g_01419	Prbe.g_01482
OG0000596	Prbf	Prbg.g_01419	Prbf.g_00985
OG0000596	Prbn	Prbg.g_01419	Prbn.g_00429
OG0000597	Prab	Prbg.g_01416	Prab.g_00645
OG0000597	Pran	Prbg.g_01416	Pran.g_01538
OG0000597	Prai	Prbg.g_01416	Prai.g_00669
OG0000597	Prav	Prbg.g_01416	Prav.g_01238
OG0000597	Prag	Prbg.g_01416	Prag.g_00618
OG0000597	Praw	Prbg.g_01416	Praw.g_01882
OG0000597	Prad	Prbg.g_01416	Prad.g_01429
OG0000597	Praa	Prbg.g_01416	Praa.g_00640
OG0000597	Prbd	Prbg.g_01416	Prbd.g_00604
OG0000597	Pray	Prbg.g_01416	Pray.g_01123
OG0000597	Praz	Prbg.g_01416	Praz.g_01690
OG0000597	Prba	Prbg.g_01416	Prba.g_01677
OG0000597	Prae	Prbg.g_01416	Prae.g_00614
OG0000597	Pras	Prbg.g_01416	Pras.g_01516
OG0000597	Prau	Prbg.g_01416	Prau.g_00680
OG0000597	Prax	Prbg.g_01416	Prax.g_00099
OG0000597	Prbi	Prbg.g_01416	Prbi.g_00643
OG0000597	Prao	Prbg.g_01416	Prao.g_00079
OG0000597	Prac	Prbg.g_01416	Prac.g_00731
OG0000597	Praq	Prbg.g_01416	Praq.g_00962
OG0000597	Prar	Prbg.g_01416	Prar.g_01470
OG0000597	Praj	Prbg.g_01416	Praj.g_00628
OG0000597	Prbb	Prbg.g_01416	Prbb.g_00641
OG0000597	Prbm	Prbg.g_01416	Prbm.g_00671
OG0000597	Prbc	Prbg.g_01416	Prbc.g_01717
OG0000597	Pral	Prbg.g_01416	Pral.g_01441
OG0000597	Prat	Prbg.g_01416	Prat.g_01084
OG0000597	Prbj	Prbg.g_01416	Prbj.g_02579
OG0000597	Prbk	Prbg.g_01416	Prbk.g_02637
OG0000597	Prbl	Prbg.g_01416	Prbl.g_01645
OG0000597	Praf	Prbg.g_01416	Praf.g_01698
OG0000597	Prah	Prbg.g_01416	Prah.g_00495
OG0000597	Syaq	Prbg.g_01416	Syaq.g_02088
OG0000597	Syag	Prbg.g_01416	Syag.g_00416
OG0000597	Syab	Prbg.g_01416	Syab.g_01868
OG0000597	Syal	Prbg.g_01416	Syal.g_02630
OG0000597	Syan	Prbg.g_01416	Syan.g_00810
OG0000597	Syao	Prbg.g_01416	Syao.g_00900
OG0000597	Syat	Prbg.g_01416	Syat.g_00132
OG0000597	Syas	Prbg.g_01416	Syas.g_00740
OG0000597	Syap	Prbg.g_01416	Syap.g_00903
OG0000597	Syar	Prbg.g_01416	Syar.g_02424
OG0000597	Syad	Prbg.g_01416	Syad.g_02146
OG0000597	Syaj	Prbg.g_01416	Syaj.g_01277
OG0000597	Syae	Prbg.g_01416	Syae.g_00080
OG0000597	Syaa	Prbg.g_01416	Syaa.g_01627
OG0000597	Syak	Prbg.g_01416	Syak.g_00041
OG0000597	Syac	Prbg.g_01416	Syac.g_00985
OG0000597	Syah	Prbg.g_01416	Syah.g_01929
OG0000597	Syam	Prbg.g_01416	Syam.g_01462
OG0000597	Syaf	Prbg.g_01416	Syaf.g_02304
OG0000597	Syai	Prbg.g_01416	Syai.g_01110
OG0000597	Pram	Prbg.g_01416	Pram.g_01070
OG0000597	Prbh	Prbg.g_01416	Prbh.g_01213
OG0000597	Prak	Prbg.g_01416	Prak.g_01102
OG0000597	Prap	Prbg.g_01416	Prap.g_00386
OG0000597	Prbe	Prbg.g_01416	Prbe.g_01479
OG0000597	Prbf	Prbg.g_01416	Prbf.g_00988
OG0000597	Prbn	Prbg.g_01416	Prbn.g_00432
OG0000598	Prav	Prbg.g_01415	Prav.g_01239
OG0000598	Prac	Prbg.g_01415	Prac.g_00730
OG0000598	Praq	Prbg.g_01415	Praq.g_00961
OG0000598	Prar	Prbg.g_01415	Prar.g_01471
OG0000598	Prag	Prbg.g_01415	Prag.g_00619
OG0000598	Praw	Prbg.g_01415	Praw.g_01881
OG0000598	Prae	Prbg.g_01415	Prae.g_00615
OG0000598	Prao	Prbg.g_01415	Prao.g_00080
OG0000598	Pray	Prbg.g_01415	Pray.g_01122
OG0000598	Praz	Prbg.g_01415	Praz.g_01689
OG0000598	Prba	Prbg.g_01415	Prba.g_01676
OG0000598	Pras	Prbg.g_01415	Pras.g_01517
OG0000598	Prau	Prbg.g_01415	Prau.g_00681
OG0000598	Prad	Prbg.g_01415	Prad.g_01430
OG0000598	Prbi	Prbg.g_01415	Prbi.g_00644
OG0000598	Prbd	Prbg.g_01415	Prbd.g_00603
OG0000598	Prax	Prbg.g_01415	Prax.g_00100
OG0000598	Praa	Prbg.g_01415	Praa.g_00641
OG0000598	Prab	Prbg.g_01415	Prab.g_00646
OG0000598	Pran	Prbg.g_01415	Pran.g_01537
OG0000598	Prai	Prbg.g_01415	Prai.g_00670
OG0000598	Pral	Prbg.g_01415	Pral.g_01442
OG0000598	Prat	Prbg.g_01415	Prat.g_01083
OG0000598	Pram	Prbg.g_01415	Pram.g_01069
OG0000598	Prbh	Prbg.g_01415	Prbh.g_01212
OG0000598	Prbm	Prbg.g_01415	Prbm.g_00672
OG0000598	Prbc	Prbg.g_01415	Prbc.g_01718
OG0000598	Praj	Prbg.g_01415	Praj.g_00629
OG0000598	Prbb	Prbg.g_01415	Prbb.g_00642
OG0000598	Syak	Prbg.g_01415	Syak.g_00042
OG0000598	Syab	Prbg.g_01415	Syab.g_01867
OG0000598	Syal	Prbg.g_01415	Syal.g_02629
OG0000598	Syag	Prbg.g_01415	Syag.g_00417
OG0000598	Syaq	Prbg.g_01415	Syaq.g_02089
OG0000598	Praf	Prbg.g_01415	Praf.g_01699
OG0000598	Prah	Prbg.g_01415	Prah.g_00494
OG0000598	Prbj	Prbg.g_01415	Prbj.g_02580
OG0000598	Prbk	Prbg.g_01415	Prbk.g_02638
OG0000598	Prbl	Prbg.g_01415	Prbl.g_01646
OG0000598	Syad	Prbg.g_01415	Syad.g_02145
OG0000598	Syaj	Prbg.g_01415	Syaj.g_01276
OG0000598	Syaa	Prbg.g_01415	Syaa.g_01626
OG0000598	Syar	Prbg.g_01415	Syar.g_02425
OG0000598	Syan	Prbg.g_01415	Syan.g_00809
OG0000598	Syao	Prbg.g_01415	Syao.g_00901
OG0000598	Syap	Prbg.g_01415	Syap.g_00904
OG0000598	Syas	Prbg.g_01415	Syas.g_00739
OG0000598	Syat	Prbg.g_01415	Syat.g_00133
OG0000598	Syae	Prbg.g_01415	Syae.g_00081
OG0000598	Syac	Prbg.g_01415	Syac.g_00986
OG0000598	Syah	Prbg.g_01415	Syah.g_01928
OG0000598	Syam	Prbg.g_01415	Syam.g_01461
OG0000598	Syaf	Prbg.g_01415	Syaf.g_02303
OG0000598	Syai	Prbg.g_01415	Syai.g_01111
OG0000598	Prak	Prbg.g_01415	Prak.g_01101
OG0000598	Prap	Prbg.g_01415	Prap.g_00385
OG0000598	Prbe	Prbg.g_01415	Prbe.g_01478
OG0000598	Prbf	Prbg.g_01415	Prbf.g_00989
OG0000598	Prbn	Prbg.g_01415	Prbn.g_00433
OG0000599	Prad	Prbg.g_01412	Prad.g_01433
OG0000599	Prai	Prbg.g_01412	Prai.g_00673
OG0000599	Prab	Prbg.g_01412	Prab.g_00649
OG0000599	Pran	Prbg.g_01412	Pran.g_01534
OG0000599	Prav	Prbg.g_01412	Prav.g_01242
OG0000599	Prac	Prbg.g_01412	Prac.g_00727
OG0000599	Praq	Prbg.g_01412	Praq.g_00958
OG0000599	Prar	Prbg.g_01412	Prar.g_01474
OG0000599	Prag	Prbg.g_01412	Prag.g_00622
OG0000599	Praw	Prbg.g_01412	Praw.g_01878
OG0000599	Pras	Prbg.g_01412	Pras.g_01520
OG0000599	Prau	Prbg.g_01412	Prau.g_00684
OG0000599	Praa	Prbg.g_01412	Praa.g_00644
OG0000599	Prao	Prbg.g_01412	Prao.g_00083
OG0000599	Prbi	Prbg.g_01412	Prbi.g_00647
OG0000599	Pray	Prbg.g_01412	Pray.g_01119
OG0000599	Praz	Prbg.g_01412	Praz.g_01686
OG0000599	Prba	Prbg.g_01412	Prba.g_01673
OG0000599	Prae	Prbg.g_01412	Prae.g_00618
OG0000599	Prax	Prbg.g_01412	Prax.g_00103
OG0000599	Prbd	Prbg.g_01412	Prbd.g_00600
OG0000599	Prbc	Prbg.g_01412	Prbc.g_01721
OG0000599	Prbm	Prbg.g_01412	Prbm.g_00675
OG0000599	Praj	Prbg.g_01412	Praj.g_00632
OG0000599	Prbb	Prbg.g_01412	Prbb.g_00645
OG0000599	Prbj	Prbg.g_01412	Prbj.g_02590
OG0000599	Prbk	Prbg.g_01412	Prbk.g_02648
OG0000599	Prbl	Prbg.g_01412	Prbl.g_01656
OG0000599	Praf	Prbg.g_01412	Praf.g_01709
OG0000599	Prah	Prbg.g_01412	Prah.g_00485
OG0000599	Syae	Prbg.g_01412	Syae.g_00084
OG0000599	Syaa	Prbg.g_01412	Syaa.g_01623
OG0000599	Syac	Prbg.g_01412	Syac.g_00989
OG0000599	Syah	Prbg.g_01412	Syah.g_01925
OG0000599	Syaf	Prbg.g_01412	Syaf.g_02300
OG0000599	Syai	Prbg.g_01412	Syai.g_01114
OG0000599	Syam	Prbg.g_01412	Syam.g_01458
OG0000599	Syad	Prbg.g_01412	Syad.g_02142
OG0000599	Syaj	Prbg.g_01412	Syaj.g_01273
OG0000599	Syag	Prbg.g_01412	Syag.g_00424
OG0000599	Syaq	Prbg.g_01412	Syaq.g_02096
OG0000599	Syab	Prbg.g_01412	Syab.g_01860
OG0000599	Syal	Prbg.g_01412	Syal.g_02622
OG0000599	Syak	Prbg.g_01412	Syak.g_00045
OG0000599	Syap	Prbg.g_01412	Syap.g_00908
OG0000599	Syas	Prbg.g_01412	Syas.g_00732
OG0000599	Syat	Prbg.g_01412	Syat.g_00381
OG0000599	Syar	Prbg.g_01412	Syar.g_02428
OG0000599	Syan	Prbg.g_01412	Syan.g_00802
OG0000599	Syao	Prbg.g_01412	Syao.g_00908
OG0000599	Pral	Prbg.g_01412	Pral.g_01445
OG0000599	Prat	Prbg.g_01412	Prat.g_01080
OG0000599	Pram	Prbg.g_01412	Pram.g_01066
OG0000599	Prbh	Prbg.g_01412	Prbh.g_01209
OG0000599	Prak	Prbg.g_01412	Prak.g_01098
OG0000599	Prap	Prbg.g_01412	Prap.g_00382
OG0000599	Prbe	Prbg.g_01412	Prbe.g_01475
OG0000599	Prbf	Prbg.g_01412	Prbf.g_00992
OG0000599	Prbn	Prbg.g_01412	Prbn.g_00436
OG0000600	Prai	Prbg.g_01411	Prai.g_00674
OG0000600	Prab	Prbg.g_01411	Prab.g_00650
OG0000600	Pran	Prbg.g_01411	Pran.g_01533
OG0000600	Prag	Prbg.g_01411	Prag.g_00623
OG0000600	Praw	Prbg.g_01411	Praw.g_01877
OG0000600	Prav	Prbg.g_01411	Prav.g_01243
OG0000600	Prac	Prbg.g_01411	Prac.g_00726
OG0000600	Praq	Prbg.g_01411	Praq.g_00957
OG0000600	Prar	Prbg.g_01411	Prar.g_01475
OG0000600	Praa	Prbg.g_01411	Praa.g_00645
OG0000600	Prao	Prbg.g_01411	Prao.g_00084
OG0000600	Prbd	Prbg.g_01411	Prbd.g_00599
OG0000600	Prax	Prbg.g_01411	Prax.g_00104
OG0000600	Pras	Prbg.g_01411	Pras.g_01521
OG0000600	Prau	Prbg.g_01411	Prau.g_00685
OG0000600	Pray	Prbg.g_01411	Pray.g_01118
OG0000600	Praz	Prbg.g_01411	Praz.g_01685
OG0000600	Prba	Prbg.g_01411	Prba.g_01672
OG0000600	Prbi	Prbg.g_01411	Prbi.g_00648
OG0000600	Prae	Prbg.g_01411	Prae.g_00619
OG0000600	Prad	Prbg.g_01411	Prad.g_01219
OG0000600	Praj	Prbg.g_01411	Praj.g_00633
OG0000600	Prbm	Prbg.g_01411	Prbm.g_00676
OG0000600	Prbb	Prbg.g_01411	Prbb.g_00646
OG0000600	Prbc	Prbg.g_01411	Prbc.g_01722
OG0000600	Prbj	Prbg.g_01411	Prbj.g_02591
OG0000600	Prbk	Prbg.g_01411	Prbk.g_02649
OG0000600	Prbl	Prbg.g_01411	Prbl.g_01657
OG0000600	Praf	Prbg.g_01411	Praf.g_01710
OG0000600	Prah	Prbg.g_01411	Prah.g_00484
OG0000600	Syak	Prbg.g_01411	Syak.g_00046
OG0000600	Syab	Prbg.g_01411	Syab.g_01859
OG0000600	Syal	Prbg.g_01411	Syal.g_02621
OG0000600	Syag	Prbg.g_01411	Syag.g_00425
OG0000600	Syaq	Prbg.g_01411	Syaq.g_02097
OG0000600	Syap	Prbg.g_01411	Syap.g_00909
OG0000600	Syas	Prbg.g_01411	Syas.g_00731
OG0000600	Syar	Prbg.g_01411	Syar.g_02429
OG0000600	Syat	Prbg.g_01411	Syat.g_00380
OG0000600	Syan	Prbg.g_01411	Syan.g_00801
OG0000600	Syao	Prbg.g_01411	Syao.g_00909
OG0000600	Syaf	Prbg.g_01411	Syaf.g_02299
OG0000600	Syam	Prbg.g_01411	Syam.g_01457
OG0000600	Syai	Prbg.g_01411	Syai.g_01115
OG0000600	Syac	Prbg.g_01411	Syac.g_00990
OG0000600	Syah	Prbg.g_01411	Syah.g_01924
OG0000600	Syae	Prbg.g_01411	Syae.g_00085
OG0000600	Syaa	Prbg.g_01411	Syaa.g_01622
OG0000600	Syad	Prbg.g_01411	Syad.g_02141
OG0000600	Syaj	Prbg.g_01411	Syaj.g_01272
OG0000600	Pral	Prbg.g_01411	Pral.g_01446
OG0000600	Prat	Prbg.g_01411	Prat.g_01079
OG0000600	Pram	Prbg.g_01411	Pram.g_01065
OG0000600	Prbh	Prbg.g_01411	Prbh.g_01208
OG0000600	Prak	Prbg.g_01411	Prak.g_01097
OG0000600	Prap	Prbg.g_01411	Prap.g_00381
OG0000600	Prbe	Prbg.g_01411	Prbe.g_01474
OG0000600	Prbf	Prbg.g_01411	Prbf.g_00993
OG0000600	Prbn	Prbg.g_01411	Prbn.g_00437
OG0000601	Prai	Prbg.g_01410	Prai.g_00675
OG0000601	Prab	Prbg.g_01410	Prab.g_00651
OG0000601	Pran	Prbg.g_01410	Pran.g_01532
OG0000601	Prav	Prbg.g_01410	Prav.g_01244
OG0000601	Prad	Prbg.g_01410	Prad.g_01220
OG0000601	Prag	Prbg.g_01410	Prag.g_00624
OG0000601	Praw	Prbg.g_01410	Praw.g_01876
OG0000601	Prao	Prbg.g_01410	Prao.g_00085
OG0000601	Prax	Prbg.g_01410	Prax.g_00105
OG0000601	Pray	Prbg.g_01410	Pray.g_01117
OG0000601	Praz	Prbg.g_01410	Praz.g_01684
OG0000601	Prba	Prbg.g_01410	Prba.g_01671
OG0000601	Prbi	Prbg.g_01410	Prbi.g_00649
OG0000601	Pras	Prbg.g_01410	Pras.g_01522
OG0000601	Prau	Prbg.g_01410	Prau.g_00686
OG0000601	Prbd	Prbg.g_01410	Prbd.g_00598
OG0000601	Praa	Prbg.g_01410	Praa.g_00646
OG0000601	Prae	Prbg.g_01410	Prae.g_00620
OG0000601	Prac	Prbg.g_01410	Prac.g_00725
OG0000601	Praq	Prbg.g_01410	Praq.g_00775
OG0000601	Prar	Prbg.g_01410	Prar.g_01476
OG0000601	Prbc	Prbg.g_01410	Prbc.g_01723
OG0000601	Prbb	Prbg.g_01410	Prbb.g_00647
OG0000601	Praj	Prbg.g_01410	Praj.g_00634
OG0000601	Prbm	Prbg.g_01410	Prbm.g_00677
OG0000601	Prbj	Prbg.g_01410	Prbj.g_02592
OG0000601	Prbk	Prbg.g_01410	Prbk.g_02650
OG0000601	Prbl	Prbg.g_01410	Prbl.g_01658
OG0000601	Praf	Prbg.g_01410	Praf.g_01711
OG0000601	Prah	Prbg.g_01410	Prah.g_00483
OG0000601	Syai	Prbg.g_01410	Syai.g_01116
OG0000601	Syaf	Prbg.g_01410	Syaf.g_02298
OG0000601	Syam	Prbg.g_01410	Syam.g_01456
OG0000601	Syaa	Prbg.g_01410	Syaa.g_01621
OG0000601	Syad	Prbg.g_01410	Syad.g_02140
OG0000601	Syaj	Prbg.g_01410	Syaj.g_01271
OG0000601	Syac	Prbg.g_01410	Syac.g_00991
OG0000601	Syah	Prbg.g_01410	Syah.g_01923
OG0000601	Syae	Prbg.g_01410	Syae.g_00086
OG0000601	Syat	Prbg.g_01410	Syat.g_00379
OG0000601	Syap	Prbg.g_01410	Syap.g_00910
OG0000601	Syas	Prbg.g_01410	Syas.g_00730
OG0000601	Syar	Prbg.g_01410	Syar.g_02430
OG0000601	Syan	Prbg.g_01410	Syan.g_00800
OG0000601	Syao	Prbg.g_01410	Syao.g_00910
OG0000601	Syag	Prbg.g_01410	Syag.g_00426
OG0000601	Syaq	Prbg.g_01410	Syaq.g_02098
OG0000601	Syak	Prbg.g_01410	Syak.g_00047
OG0000601	Syab	Prbg.g_01410	Syab.g_01858
OG0000601	Syal	Prbg.g_01410	Syal.g_02620
OG0000601	Pral	Prbg.g_01410	Pral.g_01447
OG0000601	Prat	Prbg.g_01410	Prat.g_01078
OG0000601	Pram	Prbg.g_01410	Pram.g_01064
OG0000601	Prbh	Prbg.g_01410	Prbh.g_01207
OG0000601	Prak	Prbg.g_01410	Prak.g_01096
OG0000601	Prap	Prbg.g_01410	Prap.g_00380
OG0000601	Prbe	Prbg.g_01410	Prbe.g_01473
OG0000601	Prbf	Prbg.g_01410	Prbf.g_00994
OG0000601	Prbn	Prbg.g_01410	Prbn.g_00438
OG0000602	Prab	Prbg.g_01408	Prab.g_00653
OG0000602	Pran	Prbg.g_01408	Pran.g_01530
OG0000602	Prai	Prbg.g_01408	Prai.g_00677
OG0000602	Prao	Prbg.g_01408	Prao.g_00087
OG0000602	Prag	Prbg.g_01408	Prag.g_00626
OG0000602	Praw	Prbg.g_01408	Praw.g_01874
OG0000602	Pray	Prbg.g_01408	Pray.g_01115
OG0000602	Praz	Prbg.g_01408	Praz.g_01682
OG0000602	Prba	Prbg.g_01408	Prba.g_01669
OG0000602	Prac	Prbg.g_01408	Prac.g_00723
OG0000602	Praq	Prbg.g_01408	Praq.g_00777
OG0000602	Prar	Prbg.g_01408	Prar.g_01478
OG0000602	Pras	Prbg.g_01408	Pras.g_01524
OG0000602	Prau	Prbg.g_01408	Prau.g_00688
OG0000602	Prax	Prbg.g_01408	Prax.g_00107
OG0000602	Prbi	Prbg.g_01408	Prbi.g_00651
OG0000602	Prae	Prbg.g_01408	Prae.g_00622
OG0000602	Praa	Prbg.g_01408	Praa.g_00648
OG0000602	Prbd	Prbg.g_01408	Prbd.g_00596
OG0000602	Prad	Prbg.g_01408	Prad.g_01222
OG0000602	Prav	Prbg.g_01408	Prav.g_01246
OG0000602	Pral	Prbg.g_01408	Pral.g_01449
OG0000602	Prat	Prbg.g_01408	Prat.g_01076
OG0000602	Prbm	Prbg.g_01408	Prbm.g_00679
OG0000602	Prbb	Prbg.g_01408	Prbb.g_00649
OG0000602	Praj	Prbg.g_01408	Praj.g_00636
OG0000602	Prbc	Prbg.g_01408	Prbc.g_01725
OG0000602	Prbj	Prbg.g_01408	Prbj.g_02596
OG0000602	Prbk	Prbg.g_01408	Prbk.g_02654
OG0000602	Prbl	Prbg.g_01408	Prbl.g_01662
OG0000602	Praf	Prbg.g_01408	Praf.g_01716
OG0000602	Prah	Prbg.g_01408	Prah.g_00478
OG0000602	Syak	Prbg.g_01408	Syak.g_00053
OG0000602	Syas	Prbg.g_01408	Syas.g_00725
OG0000602	Syap	Prbg.g_01408	Syap.g_00640
OG0000602	Syan	Prbg.g_01408	Syan.g_00796
OG0000602	Syao	Prbg.g_01408	Syao.g_00914
OG0000602	Syar	Prbg.g_01408	Syar.g_02435
OG0000602	Syat	Prbg.g_01408	Syat.g_00375
OG0000602	Syag	Prbg.g_01408	Syag.g_00431
OG0000602	Syaq	Prbg.g_01408	Syaq.g_02104
OG0000602	Syab	Prbg.g_01408	Syab.g_01853
OG0000602	Syal	Prbg.g_01408	Syal.g_02615
OG0000602	Syad	Prbg.g_01408	Syad.g_02135
OG0000602	Syaj	Prbg.g_01408	Syaj.g_01266
OG0000602	Syaa	Prbg.g_01408	Syaa.g_01616
OG0000602	Syae	Prbg.g_01408	Syae.g_00091
OG0000602	Syac	Prbg.g_01408	Syac.g_00996
OG0000602	Syah	Prbg.g_01408	Syah.g_01917
OG0000602	Syaf	Prbg.g_01408	Syaf.g_02293
OG0000602	Syai	Prbg.g_01408	Syai.g_01121
OG0000602	Syam	Prbg.g_01408	Syam.g_01451
OG0000602	Pram	Prbg.g_01408	Pram.g_01062
OG0000602	Prbh	Prbg.g_01408	Prbh.g_01205
OG0000602	Prak	Prbg.g_01408	Prak.g_01094
OG0000602	Prap	Prbg.g_01408	Prap.g_00378
OG0000602	Prbe	Prbg.g_01408	Prbe.g_01471
OG0000602	Prbf	Prbg.g_01408	Prbf.g_00996
OG0000602	Prbn	Prbg.g_01408	Prbn.g_00440
OG0000603	Prag	Prbg.g_01407	Prag.g_00627
OG0000603	Praw	Prbg.g_01407	Praw.g_01873
OG0000603	Prab	Prbg.g_01407	Prab.g_00654
OG0000603	Pran	Prbg.g_01407	Pran.g_01529
OG0000603	Prai	Prbg.g_01407	Prai.g_00678
OG0000603	Prac	Prbg.g_01407	Prac.g_00722
OG0000603	Praq	Prbg.g_01407	Praq.g_00778
OG0000603	Prar	Prbg.g_01407	Prar.g_01479
OG0000603	Prad	Prbg.g_01407	Prad.g_01223
OG0000603	Pras	Prbg.g_01407	Pras.g_01525
OG0000603	Prau	Prbg.g_01407	Prau.g_00689
OG0000603	Pray	Prbg.g_01407	Pray.g_01114
OG0000603	Praz	Prbg.g_01407	Praz.g_01681
OG0000603	Prba	Prbg.g_01407	Prba.g_01668
OG0000603	Prav	Prbg.g_01407	Prav.g_01247
OG0000603	Prao	Prbg.g_01407	Prao.g_00088
OG0000603	Prbd	Prbg.g_01407	Prbd.g_00595
OG0000603	Prax	Prbg.g_01407	Prax.g_00108
OG0000603	Praa	Prbg.g_01407	Praa.g_00649
OG0000603	Prbi	Prbg.g_01407	Prbi.g_00652
OG0000603	Prae	Prbg.g_01407	Prae.g_00623
OG0000603	Pral	Prbg.g_01407	Pral.g_01450
OG0000603	Prat	Prbg.g_01407	Prat.g_01075
OG0000603	Prbb	Prbg.g_01407	Prbb.g_00650
OG0000603	Praj	Prbg.g_01407	Praj.g_00637
OG0000603	Prbc	Prbg.g_01407	Prbc.g_01726
OG0000603	Prbm	Prbg.g_01407	Prbm.g_00680
OG0000603	Syak	Prbg.g_01407	Syak.g_00054
OG0000603	Syab	Prbg.g_01407	Syab.g_01852
OG0000603	Syal	Prbg.g_01407	Syal.g_02614
OG0000603	Prbj	Prbg.g_01407	Prbj.g_02597
OG0000603	Prbk	Prbg.g_01407	Prbk.g_02655
OG0000603	Prbl	Prbg.g_01407	Prbl.g_01663
OG0000603	Praf	Prbg.g_01407	Praf.g_01717
OG0000603	Prah	Prbg.g_01407	Prah.g_00477
OG0000603	Syag	Prbg.g_01407	Syag.g_00432
OG0000603	Syaq	Prbg.g_01407	Syaq.g_02105
OG0000603	Syaa	Prbg.g_01407	Syaa.g_01615
OG0000603	Syac	Prbg.g_01407	Syac.g_00997
OG0000603	Syah	Prbg.g_01407	Syah.g_01916
OG0000603	Syaf	Prbg.g_01407	Syaf.g_02292
OG0000603	Syai	Prbg.g_01407	Syai.g_01122
OG0000603	Syam	Prbg.g_01407	Syam.g_01450
OG0000603	Syae	Prbg.g_01407	Syae.g_00092
OG0000603	Syad	Prbg.g_01407	Syad.g_02134
OG0000603	Syaj	Prbg.g_01407	Syaj.g_01265
OG0000603	Syar	Prbg.g_01407	Syar.g_02436
OG0000603	Syap	Prbg.g_01407	Syap.g_00641
OG0000603	Syas	Prbg.g_01407	Syas.g_00724
OG0000603	Syat	Prbg.g_01407	Syat.g_00374
OG0000603	Syan	Prbg.g_01407	Syan.g_00795
OG0000603	Syao	Prbg.g_01407	Syao.g_00915
OG0000603	Pram	Prbg.g_01407	Pram.g_01061
OG0000603	Prbh	Prbg.g_01407	Prbh.g_01204
OG0000603	Prak	Prbg.g_01407	Prak.g_01093
OG0000603	Prap	Prbg.g_01407	Prap.g_00377
OG0000603	Prbe	Prbg.g_01407	Prbe.g_01470
OG0000603	Prbf	Prbg.g_01407	Prbf.g_00997
OG0000603	Prbn	Prbg.g_01407	Prbn.g_00441
OG0000604	Prao	Prbg.g_01406	Prao.g_00089
OG0000604	Pray	Prbg.g_01406	Pray.g_01113
OG0000604	Praz	Prbg.g_01406	Praz.g_01680
OG0000604	Prba	Prbg.g_01406	Prba.g_01667
OG0000604	Prae	Prbg.g_01406	Prae.g_00624
OG0000604	Prbi	Prbg.g_01406	Prbi.g_00653
OG0000604	Praa	Prbg.g_01406	Praa.g_00650
OG0000604	Prbd	Prbg.g_01406	Prbd.g_00594
OG0000604	Prax	Prbg.g_01406	Prax.g_00109
OG0000604	Prac	Prbg.g_01406	Prac.g_00721
OG0000604	Praq	Prbg.g_01406	Praq.g_00779
OG0000604	Prar	Prbg.g_01406	Prar.g_01480
OG0000604	Pras	Prbg.g_01406	Pras.g_01526
OG0000604	Prau	Prbg.g_01406	Prau.g_00690
OG0000604	Prad	Prbg.g_01406	Prad.g_01224
OG0000604	Prab	Prbg.g_01406	Prab.g_00655
OG0000604	Pran	Prbg.g_01406	Pran.g_01528
OG0000604	Prai	Prbg.g_01406	Prai.g_00679
OG0000604	Prag	Prbg.g_01406	Prag.g_00628
OG0000604	Praw	Prbg.g_01406	Praw.g_01872
OG0000604	Prav	Prbg.g_01406	Prav.g_01248
OG0000604	Prbc	Prbg.g_01406	Prbc.g_01727
OG0000604	Praj	Prbg.g_01406	Praj.g_00638
OG0000604	Prbb	Prbg.g_01406	Prbb.g_00651
OG0000604	Prbm	Prbg.g_01406	Prbm.g_00681
OG0000604	Prbj	Prbg.g_01406	Prbj.g_02598
OG0000604	Prbk	Prbg.g_01406	Prbk.g_02656
OG0000604	Prbl	Prbg.g_01406	Prbl.g_01664
OG0000604	Praf	Prbg.g_01406	Praf.g_01718
OG0000604	Prah	Prbg.g_01406	Prah.g_00476
OG0000604	Syaq	Prbg.g_01406	Syaq.g_02107
OG0000604	Syag	Prbg.g_01406	Syag.g_00434
OG0000604	Syak	Prbg.g_01406	Syak.g_00056
OG0000604	Syab	Prbg.g_01406	Syab.g_01850
OG0000604	Syal	Prbg.g_01406	Syal.g_02612
OG0000604	Syan	Prbg.g_01406	Syan.g_00792
OG0000604	Syao	Prbg.g_01406	Syao.g_00918
OG0000604	Syar	Prbg.g_01406	Syar.g_02438
OG0000604	Syat	Prbg.g_01406	Syat.g_00372
OG0000604	Syap	Prbg.g_01406	Syap.g_02769
OG0000604	Syas	Prbg.g_01406	Syas.g_00721
OG0000604	Syad	Prbg.g_01406	Syad.g_02131
OG0000604	Syaj	Prbg.g_01406	Syaj.g_01262
OG0000604	Syae	Prbg.g_01406	Syae.g_00095
OG0000604	Syaa	Prbg.g_01406	Syaa.g_01612
OG0000604	Syac	Prbg.g_01406	Syac.g_01001
OG0000604	Syah	Prbg.g_01406	Syah.g_01913
OG0000604	Syam	Prbg.g_01406	Syam.g_01447
OG0000604	Syai	Prbg.g_01406	Syai.g_01125
OG0000604	Syaf	Prbg.g_01406	Syaf.g_02289
OG0000604	Pral	Prbg.g_01406	Pral.g_01451
OG0000604	Prat	Prbg.g_01406	Prat.g_01074
OG0000604	Pram	Prbg.g_01406	Pram.g_01060
OG0000604	Prbh	Prbg.g_01406	Prbh.g_01203
OG0000604	Prak	Prbg.g_01406	Prak.g_01092
OG0000604	Prap	Prbg.g_01406	Prap.g_00376
OG0000604	Prbe	Prbg.g_01406	Prbe.g_01469
OG0000604	Prbf	Prbg.g_01406	Prbf.g_00998
OG0000604	Prbn	Prbg.g_01406	Prbn.g_00442
OG0000605	Prag	Prbg.g_01405	Prag.g_00629
OG0000605	Praw	Prbg.g_01405	Praw.g_01871
OG0000605	Prav	Prbg.g_01405	Prav.g_01249
OG0000605	Prab	Prbg.g_01405	Prab.g_00656
OG0000605	Pran	Prbg.g_01405	Pran.g_01527
OG0000605	Prai	Prbg.g_01405	Prai.g_00680
OG0000605	Prae	Prbg.g_01405	Prae.g_00625
OG0000605	Praa	Prbg.g_01405	Praa.g_00651
OG0000605	Prao	Prbg.g_01405	Prao.g_00090
OG0000605	Pray	Prbg.g_01405	Pray.g_01112
OG0000605	Praz	Prbg.g_01405	Praz.g_01679
OG0000605	Prba	Prbg.g_01405	Prba.g_01666
OG0000605	Prax	Prbg.g_01405	Prax.g_00110
OG0000605	Prbd	Prbg.g_01405	Prbd.g_00593
OG0000605	Prac	Prbg.g_01405	Prac.g_00720
OG0000605	Praq	Prbg.g_01405	Praq.g_00780
OG0000605	Prar	Prbg.g_01405	Prar.g_01481
OG0000605	Prad	Prbg.g_01405	Prad.g_01225
OG0000605	Pras	Prbg.g_01405	Pras.g_01527
OG0000605	Prau	Prbg.g_01405	Prau.g_00691
OG0000605	Prbi	Prbg.g_01405	Prbi.g_00654
OG0000605	Pral	Prbg.g_01405	Pral.g_01452
OG0000605	Prat	Prbg.g_01405	Prat.g_01073
OG0000605	Prbb	Prbg.g_01405	Prbb.g_00652
OG0000605	Prbc	Prbg.g_01405	Prbc.g_01728
OG0000605	Praj	Prbg.g_01405	Praj.g_00639
OG0000605	Prbm	Prbg.g_01405	Prbm.g_00682
OG0000605	Prbj	Prbg.g_01405	Prbj.g_00792
OG0000605	Prbk	Prbg.g_01405	Prbk.g_00740
OG0000605	Prbl	Prbg.g_01405	Prbl.g_01043
OG0000605	Prah	Prbg.g_01405	Prah.g_00474
OG0000605	Praf	Prbg.g_01405	Praf.g_01720
OG0000605	Syad	Prbg.g_01405	Syad.g_02026
OG0000605	Syaj	Prbg.g_01405	Syaj.g_01153
OG0000605	Syaa	Prbg.g_01405	Syaa.g_01447
OG0000605	Syag	Prbg.g_01405	Syag.g_00522
OG0000605	Syaf	Prbg.g_01405	Syaf.g_01734
OG0000605	Syai	Prbg.g_01405	Syai.g_01609
OG0000605	Syam	Prbg.g_01405	Syam.g_01031
OG0000605	Syac	Prbg.g_01405	Syac.g_01089
OG0000605	Syah	Prbg.g_01405	Syah.g_01825
OG0000605	Syae	Prbg.g_01405	Syae.g_00260
OG0000605	Syas	Prbg.g_01405	Syas.g_00719
OG0000605	Syar	Prbg.g_01405	Syar.g_02440
OG0000605	Syat	Prbg.g_01405	Syat.g_00370
OG0000605	Syan	Prbg.g_01405	Syan.g_00783
OG0000605	Syap	Prbg.g_01405	Syap.g_02501, Syap.g_02771
OG0000605	Syaq	Prbg.g_01405	Syaq.g_02151
OG0000605	Syak	Prbg.g_01405	Syak.g_00259
OG0000605	Syab	Prbg.g_01405	Syab.g_01758
OG0000605	Syal	Prbg.g_01405	Syal.g_02516
OG0000605	Pram	Prbg.g_01405	Pram.g_01059
OG0000605	Prbh	Prbg.g_01405	Prbh.g_01202
OG0000605	Prak	Prbg.g_01405	Prak.g_01091
OG0000605	Prap	Prbg.g_01405	Prap.g_00375
OG0000605	Prbe	Prbg.g_01405	Prbe.g_01468
OG0000605	Prbf	Prbg.g_01405	Prbf.g_00999
OG0000605	Prbn	Prbg.g_01405	Prbn.g_00443
OG0000606	Prab	Prbg.g_01402	Prab.g_00659
OG0000606	Pran	Prbg.g_01402	Pran.g_01524
OG0000606	Prai	Prbg.g_01402	Prai.g_00683
OG0000606	Prag	Prbg.g_01402	Prag.g_00632
OG0000606	Praw	Prbg.g_01402	Praw.g_01868
OG0000606	Prav	Prbg.g_01402	Prav.g_01252
OG0000606	Prbi	Prbg.g_01402	Prbi.g_00657
OG0000606	Prao	Prbg.g_01402	Prao.g_00093
OG0000606	Prae	Prbg.g_01402	Prae.g_00628
OG0000606	Prax	Prbg.g_01402	Prax.g_00113
OG0000606	Prbd	Prbg.g_01402	Prbd.g_00590
OG0000606	Praa	Prbg.g_01402	Praa.g_00654
OG0000606	Pras	Prbg.g_01402	Pras.g_01530
OG0000606	Prau	Prbg.g_01402	Prau.g_00694
OG0000606	Prac	Prbg.g_01402	Prac.g_00717
OG0000606	Praq	Prbg.g_01402	Praq.g_00783
OG0000606	Prar	Prbg.g_01402	Prar.g_01484
OG0000606	Prad	Prbg.g_01402	Prad.g_01228
OG0000606	Pray	Prbg.g_01402	Pray.g_01109
OG0000606	Praz	Prbg.g_01402	Praz.g_01676
OG0000606	Prba	Prbg.g_01402	Prba.g_01663
OG0000606	Prbb	Prbg.g_01402	Prbb.g_00655
OG0000606	Praj	Prbg.g_01402	Praj.g_00642
OG0000606	Prbm	Prbg.g_01402	Prbm.g_00685
OG0000606	Prbc	Prbg.g_01402	Prbc.g_01731
OG0000606	Prah	Prbg.g_01402	Prah.g_00466
OG0000606	Praf	Prbg.g_01402	Praf.g_01727
OG0000606	Prbj	Prbg.g_01402	Prbj.g_00803
OG0000606	Prbk	Prbg.g_01402	Prbk.g_00729
OG0000606	Prbl	Prbg.g_01402	Prbl.g_01032
OG0000606	Syan	Prbg.g_01402	Syan.g_00780
OG0000606	Syao	Prbg.g_01402	Syao.g_00924
OG0000606	Syat	Prbg.g_01402	Syat.g_00367
OG0000606	Syap	Prbg.g_01402	Syap.g_02506
OG0000606	Syar	Prbg.g_01402	Syar.g_02443
OG0000606	Syas	Prbg.g_01402	Syas.g_00716
OG0000606	Syaa	Prbg.g_01402	Syaa.g_01055
OG0000606	Syam	Prbg.g_01402	Syam.g_01387
OG0000606	Syaf	Prbg.g_01402	Syaf.g_02145
OG0000606	Syai	Prbg.g_01402	Syai.g_01221
OG0000606	Syae	Prbg.g_01402	Syae.g_00616
OG0000606	Syad	Prbg.g_01402	Syad.g_01567
OG0000606	Syaj	Prbg.g_01402	Syaj.g_00698
OG0000606	Syak	Prbg.g_01402	Syak.g_00326
OG0000606	Syag	Prbg.g_01402	Syag.g_00550
OG0000606	Syac	Prbg.g_01402	Syac.g_01434
OG0000606	Syah	Prbg.g_01402	Syah.g_01485
OG0000606	Syaq	Prbg.g_01402	Syaq.g_02231
OG0000606	Syab	Prbg.g_01402	Syab.g_01529
OG0000606	Syal	Prbg.g_01402	Syal.g_02174
OG0000606	Pral	Prbg.g_01402	Pral.g_01455
OG0000606	Prat	Prbg.g_01402	Prat.g_01070
OG0000606	Pram	Prbg.g_01402	Pram.g_01056
OG0000606	Prbh	Prbg.g_01402	Prbh.g_01199
OG0000606	Prak	Prbg.g_01402	Prak.g_01088
OG0000606	Prap	Prbg.g_01402	Prap.g_00372
OG0000606	Prbe	Prbg.g_01402	Prbe.g_01465
OG0000606	Prbf	Prbg.g_01402	Prbf.g_01002
OG0000606	Prbn	Prbg.g_01402	Prbn.g_00446
OG0000607	Prab	Prbg.g_01399	Prab.g_00662
OG0000607	Pran	Prbg.g_01399	Pran.g_01521
OG0000607	Prai	Prbg.g_01399	Prai.g_00686
OG0000607	Prav	Prbg.g_01399	Prav.g_01255
OG0000607	Prag	Prbg.g_01399	Prag.g_00635
OG0000607	Praw	Prbg.g_01399	Praw.g_01865
OG0000607	Praa	Prbg.g_01399	Praa.g_00657
OG0000607	Prae	Prbg.g_01399	Prae.g_00631
OG0000607	Prao	Prbg.g_01399	Prao.g_00096
OG0000607	Prac	Prbg.g_01399	Prac.g_00714
OG0000607	Praq	Prbg.g_01399	Praq.g_00786
OG0000607	Prar	Prbg.g_01399	Prar.g_01487
OG0000607	Prbi	Prbg.g_01399	Prbi.g_00660
OG0000607	Pray	Prbg.g_01399	Pray.g_01106
OG0000607	Praz	Prbg.g_01399	Praz.g_01673
OG0000607	Prba	Prbg.g_01399	Prba.g_01660
OG0000607	Prax	Prbg.g_01399	Prax.g_00116
OG0000607	Prbd	Prbg.g_01399	Prbd.g_00587
OG0000607	Prad	Prbg.g_01399	Prad.g_01231
OG0000607	Pras	Prbg.g_01399	Pras.g_01533
OG0000607	Prau	Prbg.g_01399	Prau.g_00697
OG0000607	Pral	Prbg.g_01399	Pral.g_01458
OG0000607	Prat	Prbg.g_01399	Prat.g_01067
OG0000607	Prbm	Prbg.g_01399	Prbm.g_00688
OG0000607	Prbb	Prbg.g_01399	Prbb.g_00658
OG0000607	Praj	Prbg.g_01399	Praj.g_00645
OG0000607	Prbc	Prbg.g_01399	Prbc.g_01734
OG0000607	Prbj	Prbg.g_01399	Prbj.g_00806
OG0000607	Prbk	Prbg.g_01399	Prbk.g_00726
OG0000607	Prbl	Prbg.g_01399	Prbl.g_01412
OG0000607	Praf	Prbg.g_01399	Praf.g_01730
OG0000607	Prah	Prbg.g_01399	Prah.g_00463
OG0000607	Syag	Prbg.g_01399	Syag.g_00553
OG0000607	Syaq	Prbg.g_01399	Syaq.g_02234
OG0000607	Syab	Prbg.g_01399	Syab.g_01533
OG0000607	Syal	Prbg.g_01399	Syal.g_02177
OG0000607	Syak	Prbg.g_01399	Syak.g_00329
OG0000607	Syan	Prbg.g_01399	Syan.g_00777
OG0000607	Syao	Prbg.g_01399	Syao.g_00927
OG0000607	Syar	Prbg.g_01399	Syar.g_02446
OG0000607	Syat	Prbg.g_01399	Syat.g_00364
OG0000607	Syap	Prbg.g_01399	Syap.g_00093
OG0000607	Syas	Prbg.g_01399	Syas.g_00713
OG0000607	Syae	Prbg.g_01399	Syae.g_00613
OG0000607	Syad	Prbg.g_01399	Syad.g_01571
OG0000607	Syaj	Prbg.g_01399	Syaj.g_00702
OG0000607	Syac	Prbg.g_01399	Syac.g_01430
OG0000607	Syah	Prbg.g_01399	Syah.g_01489
OG0000607	Syaa	Prbg.g_01399	Syaa.g_01058
OG0000607	Syai	Prbg.g_01399	Syai.g_01224
OG0000607	Syaf	Prbg.g_01399	Syaf.g_02142
OG0000607	Syam	Prbg.g_01399	Syam.g_01384
OG0000607	Pram	Prbg.g_01399	Pram.g_01053
OG0000607	Prbh	Prbg.g_01399	Prbh.g_01196
OG0000607	Prak	Prbg.g_01399	Prak.g_01085
OG0000607	Prap	Prbg.g_01399	Prap.g_00369
OG0000607	Prbe	Prbg.g_01399	Prbe.g_01462
OG0000607	Prbf	Prbg.g_01399	Prbf.g_01005
OG0000607	Prbn	Prbg.g_01399	Prbn.g_00449
OG0000608	Prac	Prbg.g_01398	Prac.g_00713
OG0000608	Praq	Prbg.g_01398	Praq.g_00787
OG0000608	Prar	Prbg.g_01398	Prar.g_01488
OG0000608	Prav	Prbg.g_01398	Prav.g_01256
OG0000608	Prag	Prbg.g_01398	Prag.g_00636
OG0000608	Praw	Prbg.g_01398	Praw.g_01864
OG0000608	Pras	Prbg.g_01398	Pras.g_01534
OG0000608	Prau	Prbg.g_01398	Prau.g_00698
OG0000608	Prae	Prbg.g_01398	Prae.g_00632
OG0000608	Prao	Prbg.g_01398	Prao.g_00097
OG0000608	Prbd	Prbg.g_01398	Prbd.g_00586
OG0000608	Prad	Prbg.g_01398	Prad.g_01232
OG0000608	Pray	Prbg.g_01398	Pray.g_01105
OG0000608	Praz	Prbg.g_01398	Praz.g_01672
OG0000608	Prba	Prbg.g_01398	Prba.g_01659
OG0000608	Prax	Prbg.g_01398	Prax.g_00117
OG0000608	Prbi	Prbg.g_01398	Prbi.g_00661
OG0000608	Praa	Prbg.g_01398	Praa.g_00658
OG0000608	Prab	Prbg.g_01398	Prab.g_00663
OG0000608	Pran	Prbg.g_01398	Pran.g_01520
OG0000608	Prai	Prbg.g_01398	Prai.g_00687
OG0000608	Prbm	Prbg.g_01398	Prbm.g_00689
OG0000608	Prbc	Prbg.g_01398	Prbc.g_01735
OG0000608	Praj	Prbg.g_01398	Praj.g_00646
OG0000608	Prbb	Prbg.g_01398	Prbb.g_00659
OG0000608	Pral	Prbg.g_01398	Pral.g_01459
OG0000608	Prat	Prbg.g_01398	Prat.g_01066
OG0000608	Praf	Prbg.g_01398	Praf.g_01731
OG0000608	Prah	Prbg.g_01398	Prah.g_00462
OG0000608	Prbj	Prbg.g_01398	Prbj.g_00807
OG0000608	Prbk	Prbg.g_01398	Prbk.g_00725
OG0000608	Prbl	Prbg.g_01398	Prbl.g_01411
OG0000608	Syad	Prbg.g_01398	Syad.g_01572
OG0000608	Syaj	Prbg.g_01398	Syaj.g_00703
OG0000608	Syae	Prbg.g_01398	Syae.g_00612
OG0000608	Syaa	Prbg.g_01398	Syaa.g_01059
OG0000608	Syac	Prbg.g_01398	Syac.g_01429
OG0000608	Syah	Prbg.g_01398	Syah.g_01490
OG0000608	Syaf	Prbg.g_01398	Syaf.g_02141
OG0000608	Syai	Prbg.g_01398	Syai.g_01225
OG0000608	Syam	Prbg.g_01398	Syam.g_01383
OG0000608	Syaq	Prbg.g_01398	Syaq.g_02235
OG0000608	Syak	Prbg.g_01398	Syak.g_00330
OG0000608	Syab	Prbg.g_01398	Syab.g_01534
OG0000608	Syal	Prbg.g_01398	Syal.g_02178
OG0000608	Syag	Prbg.g_01398	Syag.g_00554
OG0000608	Syar	Prbg.g_01398	Syar.g_02447
OG0000608	Syan	Prbg.g_01398	Syan.g_00776
OG0000608	Syao	Prbg.g_01398	Syao.g_00928
OG0000608	Syas	Prbg.g_01398	Syas.g_00712
OG0000608	Syap	Prbg.g_01398	Syap.g_00094
OG0000608	Syat	Prbg.g_01398	Syat.g_00363
OG0000608	Pram	Prbg.g_01398	Pram.g_01052
OG0000608	Prbh	Prbg.g_01398	Prbh.g_01195
OG0000608	Prak	Prbg.g_01398	Prak.g_01084
OG0000608	Prap	Prbg.g_01398	Prap.g_00368
OG0000608	Prbe	Prbg.g_01398	Prbe.g_01461
OG0000608	Prbf	Prbg.g_01398	Prbf.g_01006
OG0000608	Prbn	Prbg.g_01398	Prbn.g_00450
OG0000609	Prae	Prbg.g_01397	Prae.g_00633
OG0000609	Prab	Prbg.g_01397	Prab.g_00664
OG0000609	Pran	Prbg.g_01397	Pran.g_01519
OG0000609	Prai	Prbg.g_01397	Prai.g_00688
OG0000609	Pray	Prbg.g_01397	Pray.g_01104
OG0000609	Prba	Prbg.g_01397	Prba.g_01658
OG0000609	Praz	Prbg.g_01397	Praz.g_01671
OG0000609	Prag	Prbg.g_01397	Prag.g_00637
OG0000609	Praw	Prbg.g_01397	Praw.g_01863
OG0000609	Prax	Prbg.g_01397	Prax.g_00118
OG0000609	Prao	Prbg.g_01397	Prao.g_00098
OG0000609	Prbi	Prbg.g_01397	Prbi.g_00662
OG0000609	Prav	Prbg.g_01397	Prav.g_01257
OG0000609	Prbd	Prbg.g_01397	Prbd.g_00585
OG0000609	Praa	Prbg.g_01397	Praa.g_00659
OG0000609	Prad	Prbg.g_01397	Prad.g_01233
OG0000609	Pras	Prbg.g_01397	Pras.g_01535
OG0000609	Prau	Prbg.g_01397	Prau.g_00699
OG0000609	Prac	Prbg.g_01397	Prac.g_00712
OG0000609	Praq	Prbg.g_01397	Praq.g_00788
OG0000609	Prar	Prbg.g_01397	Prar.g_01489
OG0000609	Prbm	Prbg.g_01397	Prbm.g_00690
OG0000609	Prbb	Prbg.g_01397	Prbb.g_00660
OG0000609	Praj	Prbg.g_01397	Praj.g_00647
OG0000609	Prbc	Prbg.g_01397	Prbc.g_01736
OG0000609	Prah	Prbg.g_01397	Prah.g_00460
OG0000609	Praf	Prbg.g_01397	Praf.g_01733
OG0000609	Prbj	Prbg.g_01397	Prbj.g_00809
OG0000609	Prbk	Prbg.g_01397	Prbk.g_00723
OG0000609	Prbl	Prbg.g_01397	Prbl.g_01409
OG0000609	Syan	Prbg.g_01397	Syan.g_00774
OG0000609	Syao	Prbg.g_01397	Syao.g_00930
OG0000609	Syar	Prbg.g_01397	Syar.g_02470
OG0000609	Syat	Prbg.g_01397	Syat.g_00344
OG0000609	Syap	Prbg.g_01397	Syap.g_00096
OG0000609	Syas	Prbg.g_01397	Syas.g_00710
OG0000609	Syak	Prbg.g_01397	Syak.g_00332
OG0000609	Syag	Prbg.g_01397	Syag.g_00556
OG0000609	Syab	Prbg.g_01397	Syab.g_01536
OG0000609	Syal	Prbg.g_01397	Syal.g_02180
OG0000609	Syaq	Prbg.g_01397	Syaq.g_02237
OG0000609	Syaa	Prbg.g_01397	Syaa.g_01061
OG0000609	Syaf	Prbg.g_01397	Syaf.g_02139
OG0000609	Syai	Prbg.g_01397	Syai.g_01227
OG0000609	Syam	Prbg.g_01397	Syam.g_01380
OG0000609	Syac	Prbg.g_01397	Syac.g_01427
OG0000609	Syah	Prbg.g_01397	Syah.g_01492
OG0000609	Syae	Prbg.g_01397	Syae.g_00610
OG0000609	Syad	Prbg.g_01397	Syad.g_01574
OG0000609	Syaj	Prbg.g_01397	Syaj.g_00705
OG0000609	Pral	Prbg.g_01397	Pral.g_01460
OG0000609	Prat	Prbg.g_01397	Prat.g_01065
OG0000609	Pram	Prbg.g_01397	Pram.g_01051
OG0000609	Prbh	Prbg.g_01397	Prbh.g_01194
OG0000609	Prak	Prbg.g_01397	Prak.g_01083
OG0000609	Prap	Prbg.g_01397	Prap.g_00367
OG0000609	Prbe	Prbg.g_01397	Prbe.g_01460
OG0000609	Prbf	Prbg.g_01397	Prbf.g_01007
OG0000609	Prbn	Prbg.g_01397	Prbn.g_00834
OG0000610	Prab	Prbg.g_01391	Prab.g_00669
OG0000610	Pran	Prbg.g_01391	Pran.g_01514
OG0000610	Prai	Prbg.g_01391	Prai.g_00693
OG0000610	Prag	Prbg.g_01391	Prag.g_00642
OG0000610	Praw	Prbg.g_01391	Praw.g_01858
OG0000610	Prac	Prbg.g_01391	Prac.g_00707
OG0000610	Praq	Prbg.g_01391	Praq.g_00793
OG0000610	Prar	Prbg.g_01391	Prar.g_01494
OG0000610	Prao	Prbg.g_01391	Prao.g_00103
OG0000610	Prae	Prbg.g_01391	Prae.g_00638
OG0000610	Pras	Prbg.g_01391	Pras.g_01540
OG0000610	Prau	Prbg.g_01391	Prau.g_00704
OG0000610	Prax	Prbg.g_01391	Prax.g_00123
OG0000610	Prbd	Prbg.g_01391	Prbd.g_00580
OG0000610	Prad	Prbg.g_01391	Prad.g_01238
OG0000610	Praa	Prbg.g_01391	Praa.g_00664
OG0000610	Prav	Prbg.g_01391	Prav.g_01262
OG0000610	Pray	Prbg.g_01391	Pray.g_01099
OG0000610	Praz	Prbg.g_01391	Praz.g_01666
OG0000610	Prba	Prbg.g_01391	Prba.g_01653
OG0000610	Prbi	Prbg.g_01391	Prbi.g_00667
OG0000610	Prbm	Prbg.g_01391	Prbm.g_00696
OG0000610	Prbb	Prbg.g_01391	Prbb.g_00667
OG0000610	Praj	Prbg.g_01391	Praj.g_00653
OG0000610	Prbc	Prbg.g_01391	Prbc.g_01742
OG0000610	Syag	Prbg.g_01391	Syag.g_00580
OG0000610	Syaq	Prbg.g_01391	Syaq.g_02244
OG0000610	Syac	Prbg.g_01391	Syac.g_01419
OG0000610	Syah	Prbg.g_01391	Syah.g_01499
OG0000610	Syai	Prbg.g_01391	Syai.g_01234
OG0000610	Syaf	Prbg.g_01391	Syaf.g_02132
OG0000610	Syam	Prbg.g_01391	Syam.g_01373
OG0000610	Syae	Prbg.g_01391	Syae.g_00601
OG0000610	Syaa	Prbg.g_01391	Syaa.g_01068
OG0000610	Syad	Prbg.g_01391	Syad.g_01589
OG0000610	Syaj	Prbg.g_01391	Syaj.g_00714
OG0000610	Syar	Prbg.g_01391	Syar.g_01917
OG0000610	Syat	Prbg.g_01391	Syat.g_00399
OG0000610	Syan	Prbg.g_01391	Syan.g_00766
OG0000610	Syao	Prbg.g_01391	Syao.g_00940
OG0000610	Syap	Prbg.g_01391	Syap.g_01963
OG0000610	Syas	Prbg.g_01391	Syas.g_00702
OG0000610	Syak	Prbg.g_01391	Syak.g_00347
OG0000610	Syab	Prbg.g_01391	Syab.g_01555
OG0000610	Syal	Prbg.g_01391	Syal.g_02198
OG0000610	Prah	Prbg.g_01391	Prah.g_00452
OG0000610	Praf	Prbg.g_01391	Praf.g_01741
OG0000610	Prbj	Prbg.g_01391	Prbj.g_00818
OG0000610	Prbk	Prbg.g_01391	Prbk.g_00715
OG0000610	Prbl	Prbg.g_01391	Prbl.g_01401
OG0000610	Pral	Prbg.g_01391	Pral.g_01466
OG0000610	Prat	Prbg.g_01391	Prat.g_01059
OG0000610	Pram	Prbg.g_01391	Pram.g_01045
OG0000610	Prbh	Prbg.g_01391	Prbh.g_01188
OG0000610	Prak	Prbg.g_01391	Prak.g_01077
OG0000610	Prap	Prbg.g_01391	Prap.g_00361
OG0000610	Prbe	Prbg.g_01391	Prbe.g_01454
OG0000610	Prbf	Prbg.g_01391	Prbf.g_01013
OG0000610	Prbn	Prbg.g_01391	Prbn.g_00840
OG0000611	Prai	Prbg.g_01388	Prai.g_00696
OG0000611	Prab	Prbg.g_01388	Prab.g_00672
OG0000611	Pran	Prbg.g_01388	Pran.g_01511
OG0000611	Prac	Prbg.g_01388	Prac.g_00704
OG0000611	Praq	Prbg.g_01388	Praq.g_00796
OG0000611	Prar	Prbg.g_01388	Prar.g_01497
OG0000611	Prao	Prbg.g_01388	Prao.g_00106
OG0000611	Pras	Prbg.g_01388	Pras.g_01543
OG0000611	Prau	Prbg.g_01388	Prau.g_00707
OG0000611	Prbi	Prbg.g_01388	Prbi.g_00670
OG0000611	Praa	Prbg.g_01388	Praa.g_00667
OG0000611	Prax	Prbg.g_01388	Prax.g_00975
OG0000611	Prae	Prbg.g_01388	Prae.g_00641
OG0000611	Prbd	Prbg.g_01388	Prbd.g_00577
OG0000611	Prav	Prbg.g_01388	Prav.g_01265
OG0000611	Prad	Prbg.g_01388	Prad.g_01241
OG0000611	Prag	Prbg.g_01388	Prag.g_00645
OG0000611	Praw	Prbg.g_01388	Praw.g_01855
OG0000611	Pray	Prbg.g_01388	Pray.g_01096
OG0000611	Praz	Prbg.g_01388	Praz.g_01663
OG0000611	Prba	Prbg.g_01388	Prba.g_01650
OG0000611	Prbm	Prbg.g_01388	Prbm.g_00699
OG0000611	Praj	Prbg.g_01388	Praj.g_00656
OG0000611	Prbb	Prbg.g_01388	Prbb.g_00670
OG0000611	Prbc	Prbg.g_01388	Prbc.g_01745
OG0000611	Pral	Prbg.g_01388	Pral.g_01469
OG0000611	Prat	Prbg.g_01388	Prat.g_01056
OG0000611	Syan	Prbg.g_01388	Syan.g_00763
OG0000611	Syao	Prbg.g_01388	Syao.g_00943
OG0000611	Syar	Prbg.g_01388	Syar.g_01914
OG0000611	Syap	Prbg.g_01388	Syap.g_01958
OG0000611	Syas	Prbg.g_01388	Syas.g_00699
OG0000611	Syat	Prbg.g_01388	Syat.g_00402
OG0000611	Syag	Prbg.g_01388	Syag.g_00583
OG0000611	Syaq	Prbg.g_01388	Syaq.g_02247
OG0000611	Syak	Prbg.g_01388	Syak.g_00350
OG0000611	Syab	Prbg.g_01388	Syab.g_01558
OG0000611	Syal	Prbg.g_01388	Syal.g_02201
OG0000611	Syad	Prbg.g_01388	Syad.g_01592
OG0000611	Syaj	Prbg.g_01388	Syaj.g_00717
OG0000611	Syae	Prbg.g_01388	Syae.g_00598
OG0000611	Syac	Prbg.g_01388	Syac.g_01416
OG0000611	Syah	Prbg.g_01388	Syah.g_01502
OG0000611	Syaa	Prbg.g_01388	Syaa.g_01071
OG0000611	Syaf	Prbg.g_01388	Syaf.g_02129
OG0000611	Syai	Prbg.g_01388	Syai.g_01237
OG0000611	Syam	Prbg.g_01388	Syam.g_01370
OG0000611	Prah	Prbg.g_01388	Prah.g_00449
OG0000611	Praf	Prbg.g_01388	Praf.g_01744
OG0000611	Prbj	Prbg.g_01388	Prbj.g_00821
OG0000611	Prbk	Prbg.g_01388	Prbk.g_00712
OG0000611	Prbl	Prbg.g_01388	Prbl.g_01398
OG0000611	Pram	Prbg.g_01388	Pram.g_01042
OG0000611	Prbh	Prbg.g_01388	Prbh.g_01185
OG0000611	Prak	Prbg.g_01388	Prak.g_01074
OG0000611	Prap	Prbg.g_01388	Prap.g_00358
OG0000611	Prbe	Prbg.g_01388	Prbe.g_01451
OG0000611	Prbf	Prbg.g_01388	Prbf.g_01016
OG0000611	Prbn	Prbg.g_01388	Prbn.g_00843
OG0000612	Prab	Prbg.g_01387	Prab.g_00673
OG0000612	Pran	Prbg.g_01387	Pran.g_01510
OG0000612	Prai	Prbg.g_01387	Prai.g_00697
OG0000612	Prac	Prbg.g_01387	Prac.g_00703
OG0000612	Praq	Prbg.g_01387	Praq.g_00797
OG0000612	Prar	Prbg.g_01387	Prar.g_01498
OG0000612	Prad	Prbg.g_01387	Prad.g_01242
OG0000612	Pray	Prbg.g_01387	Pray.g_01095
OG0000612	Praz	Prbg.g_01387	Praz.g_01662
OG0000612	Prba	Prbg.g_01387	Prba.g_01649
OG0000612	Prbi	Prbg.g_01387	Prbi.g_00671
OG0000612	Pras	Prbg.g_01387	Pras.g_01544
OG0000612	Prau	Prbg.g_01387	Prau.g_00708
OG0000612	Prbd	Prbg.g_01387	Prbd.g_00576
OG0000612	Praa	Prbg.g_01387	Praa.g_00668
OG0000612	Prae	Prbg.g_01387	Prae.g_00642
OG0000612	Prax	Prbg.g_01387	Prax.g_00974
OG0000612	Prag	Prbg.g_01387	Prag.g_00646
OG0000612	Praw	Prbg.g_01387	Praw.g_01854
OG0000612	Prao	Prbg.g_01387	Prao.g_00107
OG0000612	Prav	Prbg.g_01387	Prav.g_01266
OG0000612	Prbm	Prbg.g_01387	Prbm.g_00700
OG0000612	Praj	Prbg.g_01387	Praj.g_00657
OG0000612	Prbb	Prbg.g_01387	Prbb.g_00671
OG0000612	Prbc	Prbg.g_01387	Prbc.g_01746
OG0000612	Syae	Prbg.g_01387	Syae.g_00597
OG0000612	Syad	Prbg.g_01387	Syad.g_01593
OG0000612	Syaj	Prbg.g_01387	Syaj.g_00718
OG0000612	Syam	Prbg.g_01387	Syam.g_01369
OG0000612	Syaf	Prbg.g_01387	Syaf.g_02128
OG0000612	Syai	Prbg.g_01387	Syai.g_01238
OG0000612	Syaa	Prbg.g_01387	Syaa.g_01072
OG0000612	Syac	Prbg.g_01387	Syac.g_01415
OG0000612	Syah	Prbg.g_01387	Syah.g_01503
OG0000612	Praf	Prbg.g_01387	Praf.g_01745
OG0000612	Prah	Prbg.g_01387	Prah.g_00448
OG0000612	Prbj	Prbg.g_01387	Prbj.g_00822
OG0000612	Prbk	Prbg.g_01387	Prbk.g_00711
OG0000612	Prbl	Prbg.g_01387	Prbl.g_01397
OG0000612	Syaq	Prbg.g_01387	Syaq.g_02248
OG0000612	Syag	Prbg.g_01387	Syag.g_00584
OG0000612	Syan	Prbg.g_01387	Syan.g_00762
OG0000612	Syao	Prbg.g_01387	Syao.g_00944
OG0000612	Syar	Prbg.g_01387	Syar.g_01913
OG0000612	Syas	Prbg.g_01387	Syas.g_00698
OG0000612	Syap	Prbg.g_01387	Syap.g_01957
OG0000612	Syat	Prbg.g_01387	Syat.g_00403
OG0000612	Syak	Prbg.g_01387	Syak.g_00351
OG0000612	Syab	Prbg.g_01387	Syab.g_01559
OG0000612	Syal	Prbg.g_01387	Syal.g_02202
OG0000612	Pral	Prbg.g_01387	Pral.g_01470
OG0000612	Prat	Prbg.g_01387	Prat.g_01055
OG0000612	Pram	Prbg.g_01387	Pram.g_01041
OG0000612	Prbh	Prbg.g_01387	Prbh.g_01184
OG0000612	Prak	Prbg.g_01387	Prak.g_01073
OG0000612	Prap	Prbg.g_01387	Prap.g_00357
OG0000612	Prbe	Prbg.g_01387	Prbe.g_01450
OG0000612	Prbf	Prbg.g_01387	Prbf.g_01017
OG0000612	Prbn	Prbg.g_01387	Prbn.g_00844
OG0000613	Prao	Prbg.g_01114	Prao.g_00112
OG0000613	Prac	Prbg.g_01114	Prac.g_00698
OG0000613	Praq	Prbg.g_01114	Praq.g_00802
OG0000613	Prar	Prbg.g_01114	Prar.g_01503
OG0000613	Prag	Prbg.g_01114	Prag.g_00651
OG0000613	Praw	Prbg.g_01114	Praw.g_01849
OG0000613	Prbi	Prbg.g_01114	Prbi.g_00676
OG0000613	Prbd	Prbg.g_01114	Prbd.g_00571
OG0000613	Pras	Prbg.g_01114	Pras.g_01549
OG0000613	Prau	Prbg.g_01114	Prau.g_00713
OG0000613	Prax	Prbg.g_01114	Prax.g_00969
OG0000613	Pray	Prbg.g_01114	Pray.g_01090
OG0000613	Praz	Prbg.g_01114	Praz.g_01657
OG0000613	Prba	Prbg.g_01114	Prba.g_01644
OG0000613	Praa	Prbg.g_01114	Praa.g_00673
OG0000613	Prae	Prbg.g_01114	Prae.g_00647
OG0000613	Prad	Prbg.g_01114	Prad.g_01247
OG0000613	Prav	Prbg.g_01114	Prav.g_01271
OG0000613	Prai	Prbg.g_01114	Prai.g_00702
OG0000613	Prab	Prbg.g_01114	Prab.g_00678
OG0000613	Pran	Prbg.g_01114	Pran.g_01505
OG0000613	Prbb	Prbg.g_01114	Prbb.g_00677
OG0000613	Prbm	Prbg.g_01114	Prbm.g_00706
OG0000613	Praj	Prbg.g_01114	Praj.g_00663
OG0000613	Prbc	Prbg.g_01114	Prbc.g_01752
OG0000613	Pral	Prbg.g_01114	Pral.g_01769
OG0000613	Prat	Prbg.g_01114	Prat.g_00747
OG0000613	Prbj	Prbg.g_01114	Prbj.g_01466
OG0000613	Prbk	Prbg.g_01114	Prbk.g_00478
OG0000613	Prbl	Prbg.g_01114	Prbl.g_00891
OG0000613	Praf	Prbg.g_01114	Praf.g_02344
OG0000613	Prah	Prbg.g_01114	Prah.g_02193
OG0000613	Syao	Prbg.g_01114	Syao.g_01979
OG0000613	Syat	Prbg.g_01114	Syat.g_02129
OG0000613	Syas	Prbg.g_01114	Syas.g_01825
OG0000613	Syap	Prbg.g_01114	Syap.g_02480
OG0000613	Syan	Prbg.g_01114	Syan.g_01965
OG0000613	Syar	Prbg.g_01114	Syar.g_00712
OG0000613	Syag	Prbg.g_01114	Syag.g_02533
OG0000613	Syaq	Prbg.g_01114	Syaq.g_00885
OG0000613	Syad	Prbg.g_01114	Syad.g_00457
OG0000613	Syaj	Prbg.g_01114	Syaj.g_02500
OG0000613	Syac	Prbg.g_01114	Syac.g_00231
OG0000613	Syah	Prbg.g_01114	Syah.g_00147
OG0000613	Syai	Prbg.g_01114	Syai.g_00196
OG0000613	Syaf	Prbg.g_01114	Syaf.g_00315
OG0000613	Syam	Prbg.g_01114	Syam.g_00170
OG0000613	Syaa	Prbg.g_01114	Syaa.g_00199
OG0000613	Syae	Prbg.g_01114	Syae.g_01910
OG0000613	Syak	Prbg.g_01114	Syak.g_01525
OG0000613	Syab	Prbg.g_01114	Syab.g_00228
OG0000613	Syal	Prbg.g_01114	Syal.g_01325
OG0000613	Pram	Prbg.g_01114	Pram.g_00763
OG0000613	Prbh	Prbg.g_01114	Prbh.g_00907
OG0000613	Prak	Prbg.g_01114	Prak.g_00800
OG0000613	Prap	Prbg.g_01114	Prap.g_00828
OG0000613	Prbe	Prbg.g_01114	Prbe.g_00447
OG0000613	Prbf	Prbg.g_01114	Prbf.g_01290
OG0000613	Prbn	Prbg.g_01114	Prbn.g_01591
OG0000614	Prai	Prbg.g_01135	Prai.g_00721
OG0000614	Prab	Prbg.g_01135	Prab.g_00697
OG0000614	Pran	Prbg.g_01135	Pran.g_01486
OG0000614	Pray	Prbg.g_01135	Pray.g_01071
OG0000614	Praz	Prbg.g_01135	Praz.g_01638
OG0000614	Prba	Prbg.g_01135	Prba.g_01625
OG0000614	Praa	Prbg.g_01135	Praa.g_00692
OG0000614	Prbd	Prbg.g_01135	Prbd.g_00552
OG0000614	Prac	Prbg.g_01135	Prac.g_00679
OG0000614	Prar	Prbg.g_01135	Prar.g_01522
OG0000614	Praq	Prbg.g_01135	Praq.g_00821
OG0000614	Pras	Prbg.g_01135	Pras.g_01568
OG0000614	Prau	Prbg.g_01135	Prau.g_00732
OG0000614	Prag	Prbg.g_01135	Prag.g_00670
OG0000614	Praw	Prbg.g_01135	Praw.g_01830
OG0000614	Prad	Prbg.g_01135	Prad.g_01266
OG0000614	Prae	Prbg.g_01135	Prae.g_00666
OG0000614	Prax	Prbg.g_01135	Prax.g_00950
OG0000614	Prav	Prbg.g_01135	Prav.g_01290
OG0000614	Prao	Prbg.g_01135	Prao.g_00130
OG0000614	Prbi	Prbg.g_01135	Prbi.g_00695
OG0000614	Prbm	Prbg.g_01135	Prbm.g_00730
OG0000614	Praj	Prbg.g_01135	Praj.g_00686
OG0000614	Prbb	Prbg.g_01135	Prbb.g_00700
OG0000614	Prbc	Prbg.g_01135	Prbc.g_01775
OG0000614	Syae	Prbg.g_01135	Syae.g_00765
OG0000614	Syad	Prbg.g_01135	Syad.g_01340
OG0000614	Syaj	Prbg.g_01135	Syaj.g_00480
OG0000614	Syac	Prbg.g_01135	Syac.g_00911
OG0000614	Syah	Prbg.g_01135	Syah.g_02004
OG0000614	Syaf	Prbg.g_01135	Syaf.g_01469
OG0000614	Syai	Prbg.g_01135	Syai.g_01981
OG0000614	Syam	Prbg.g_01135	Syam.g_00801
OG0000614	Syaa	Prbg.g_01135	Syaa.g_00906
OG0000614	Prbj	Prbg.g_01135	Prbj.g_00946
OG0000614	Prbk	Prbg.g_01135	Prbk.g_01802
OG0000614	Prbl	Prbg.g_01135	Prbl.g_01872
OG0000614	Praf	Prbg.g_01135	Praf.g_01207
OG0000614	Prah	Prbg.g_01135	Prah.g_00985
OG0000614	Syaq	Prbg.g_01135	Syaq.g_02588
OG0000614	Syak	Prbg.g_01135	Syak.g_00705
OG0000614	Syag	Prbg.g_01135	Syag.g_01004
OG0000614	Syab	Prbg.g_01135	Syab.g_01179
OG0000614	Syal	Prbg.g_01135	Syal.g_01794
OG0000614	Syat	Prbg.g_01135	Syat.g_01084
OG0000614	Syar	Prbg.g_01135	Syar.g_02012, Syar.g_01344
OG0000614	Syas	Prbg.g_01135	Syas.g_01044
OG0000614	Syan	Prbg.g_01135	Syan.g_00184
OG0000614	Syao	Prbg.g_01135	Syao.g_00375
OG0000614	Pral	Prbg.g_01135	Pral.g_01748
OG0000614	Prat	Prbg.g_01135	Prat.g_00767
OG0000614	Pram	Prbg.g_01135	Pram.g_00784
OG0000614	Prbh	Prbg.g_01135	Prbh.g_00928
OG0000614	Prak	Prbg.g_01135	Prak.g_00821
OG0000614	Prap	Prbg.g_01135	Prap.g_00807
OG0000614	Prbe	Prbg.g_01135	Prbe.g_00468
OG0000614	Prbf	Prbg.g_01135	Prbf.g_01269
OG0000614	Prbn	Prbg.g_01135	Prbn.g_01570
OG0000615	Prav	Prbg.g_01146	Prav.g_01298
OG0000615	Prab	Prbg.g_01146	Prab.g_00705
OG0000615	Pran	Prbg.g_01146	Pran.g_01478
OG0000615	Prai	Prbg.g_01146	Prai.g_00729
OG0000615	Prad	Prbg.g_01146	Prad.g_01274
OG0000615	Praa	Prbg.g_01146	Praa.g_00700
OG0000615	Pras	Prbg.g_01146	Pras.g_01576
OG0000615	Prau	Prbg.g_01146	Prau.g_00740
OG0000615	Prao	Prbg.g_01146	Prao.g_00138
OG0000615	Pray	Prbg.g_01146	Pray.g_01063
OG0000615	Praz	Prbg.g_01146	Praz.g_01630
OG0000615	Prba	Prbg.g_01146	Prba.g_01617
OG0000615	Prag	Prbg.g_01146	Prag.g_00678
OG0000615	Praw	Prbg.g_01146	Praw.g_01822
OG0000615	Prac	Prbg.g_01146	Prac.g_00671
OG0000615	Praq	Prbg.g_01146	Praq.g_00829
OG0000615	Prar	Prbg.g_01146	Prar.g_01530
OG0000615	Prax	Prbg.g_01146	Prax.g_00942
OG0000615	Prae	Prbg.g_01146	Prae.g_00674
OG0000615	Prbd	Prbg.g_01146	Prbd.g_00544
OG0000615	Prbi	Prbg.g_01146	Prbi.g_00704
OG0000615	Prbb	Prbg.g_01146	Prbb.g_00708
OG0000615	Prbm	Prbg.g_01146	Prbm.g_00737
OG0000615	Praj	Prbg.g_01146	Praj.g_00693
OG0000615	Prbc	Prbg.g_01146	Prbc.g_01782
OG0000615	Praf	Prbg.g_01146	Praf.g_01489
OG0000615	Prbj	Prbg.g_01146	Prbj.g_02373
OG0000615	Prbk	Prbg.g_01146	Prbk.g_02429
OG0000615	Prbl	Prbg.g_01146	Prbl.g_02373
OG0000615	Prah	Prbg.g_01146	Prah.g_00706
OG0000615	Syab	Prbg.g_01146	Syab.g_01605
OG0000615	Syal	Prbg.g_01146	Syal.g_02256
OG0000615	Syag	Prbg.g_01146	Syag.g_00630
OG0000615	Syak	Prbg.g_01146	Syak.g_00393
OG0000615	Syaq	Prbg.g_01146	Syaq.g_02302
OG0000615	Syap	Prbg.g_01146	Syap.g_00154
OG0000615	Syas	Prbg.g_01146	Syas.g_00650
OG0000615	Syar	Prbg.g_01146	Syar.g_02603
OG0000615	Syat	Prbg.g_01146	Syat.g_00442
OG0000615	Syan	Prbg.g_01146	Syan.g_00728
OG0000615	Syao	Prbg.g_01146	Syao.g_00978
OG0000615	Syae	Prbg.g_01146	Syae.g_00557
OG0000615	Syad	Prbg.g_01146	Syad.g_01948
OG0000615	Syaj	Prbg.g_01146	Syaj.g_01065
OG0000615	Syaa	Prbg.g_01146	Syaa.g_01113
OG0000615	Syac	Prbg.g_01146	Syac.g_01377
OG0000615	Syah	Prbg.g_01146	Syah.g_01814
OG0000615	Syaf	Prbg.g_01146	Syaf.g_02085
OG0000615	Syai	Prbg.g_01146	Syai.g_01286
OG0000615	Syam	Prbg.g_01146	Syam.g_01332
OG0000615	Pral	Prbg.g_01146	Pral.g_01737
OG0000615	Prat	Prbg.g_01146	Prat.g_00777
OG0000615	Pram	Prbg.g_01146	Pram.g_00795
OG0000615	Prbh	Prbg.g_01146	Prbh.g_00939
OG0000615	Prak	Prbg.g_01146	Prak.g_00832
OG0000615	Prap	Prbg.g_01146	Prap.g_00796
OG0000615	Prbe	Prbg.g_01146	Prbe.g_01209
OG0000615	Prbf	Prbg.g_01146	Prbf.g_01258
OG0000615	Prbn	Prbg.g_01146	Prbn.g_01559
OG0000616	Prac	Prbg.g_01939	Prac.g_00667
OG0000616	Praq	Prbg.g_01939	Praq.g_00833
OG0000616	Prar	Prbg.g_01939	Prar.g_01534
OG0000616	Pray	Prbg.g_01939	Pray.g_01059
OG0000616	Praz	Prbg.g_01939	Praz.g_01626
OG0000616	Prba	Prbg.g_01939	Prba.g_01613
OG0000616	Prao	Prbg.g_01939	Prao.g_00142
OG0000616	Prad	Prbg.g_01939	Prad.g_01278
OG0000616	Praa	Prbg.g_01939	Praa.g_00704
OG0000616	Prau	Prbg.g_01939	Prau.g_00744
OG0000616	Pras	Prbg.g_01939	Pras.g_01580
OG0000616	Prax	Prbg.g_01939	Prax.g_00938
OG0000616	Prae	Prbg.g_01939	Prae.g_00678
OG0000616	Prbi	Prbg.g_01939	Prbi.g_00708
OG0000616	Prag	Prbg.g_01939	Prag.g_00682
OG0000616	Praw	Prbg.g_01939	Praw.g_01818
OG0000616	Prav	Prbg.g_01939	Prav.g_01312
OG0000616	Prbd	Prbg.g_01939	Prbd.g_00540
OG0000616	Prab	Prbg.g_01939	Prab.g_00711
OG0000616	Pran	Prbg.g_01939	Pran.g_01472
OG0000616	Prai	Prbg.g_01939	Prai.g_00732
OG0000616	Pral	Prbg.g_01939	Pral.g_00399
OG0000616	Prat	Prbg.g_01939	Prat.g_01882
OG0000616	Praj	Prbg.g_01939	Praj.g_02137
OG0000616	Prbm	Prbg.g_01939	Prbm.g_02220
OG0000616	Prbc	Prbg.g_01939	Prbc.g_01055
OG0000616	Prbb	Prbg.g_01939	Prbb.g_02176
OG0000616	Syan	Prbg.g_01939	Syan.g_01694
OG0000616	Syao	Prbg.g_01939	Syao.g_02342
OG0000616	Syap	Prbg.g_01939	Syap.g_00127
OG0000616	Syas	Prbg.g_01939	Syas.g_02011
OG0000616	Syat	Prbg.g_01939	Syat.g_02397
OG0000616	Syar	Prbg.g_01939	Syar.g_00454
OG0000616	Syae	Prbg.g_01939	Syae.g_01696
OG0000616	Syad	Prbg.g_01939	Syad.g_00145
OG0000616	Syaj	Prbg.g_01939	Syaj.g_02245
OG0000616	Syaa	Prbg.g_01939	Syaa.g_02742
OG0000616	Syac	Prbg.g_01939	Syac.g_02478
OG0000616	Syah	Prbg.g_01939	Syah.g_00389
OG0000616	Syaf	Prbg.g_01939	Syaf.g_00518
OG0000616	Syai	Prbg.g_01939	Syai.g_02914
OG0000616	Syam	Prbg.g_01939	Syam.g_02430
OG0000616	Syag	Prbg.g_01939	Syag.g_02255
OG0000616	Prbj	Prbg.g_01939	Prbj.g_02057
OG0000616	Prbk	Prbg.g_01939	Prbk.g_02262
OG0000616	Prbl	Prbg.g_01939	Prbl.g_02137
OG0000616	Praf	Prbg.g_01939	Praf.g_02767
OG0000616	Prah	Prbg.g_01939	Prah.g_02588
OG0000616	Syab	Prbg.g_01939	Syab.g_02897
OG0000616	Syal	Prbg.g_01939	Syal.g_00079
OG0000616	Syak	Prbg.g_01939	Syak.g_01810
OG0000616	Syaq	Prbg.g_01939	Syaq.g_01168
OG0000616	Pram	Prbg.g_01939	Pram.g_01927
OG0000616	Prbh	Prbg.g_01939	Prbh.g_01487
OG0000616	Prak	Prbg.g_01939	Prak.g_01934
OG0000616	Prap	Prbg.g_01939	Prap.g_01489
OG0000616	Prbe	Prbg.g_01939	Prbe.g_01197
OG0000616	Prbf	Prbg.g_01939	Prbf.g_00404
OG0000616	Prbn	Prbg.g_01939	Prbn.g_00905
OG0000617	Prab	Prbg.g_01371	Prab.g_00729
OG0000617	Pran	Prbg.g_01371	Pran.g_01454
OG0000617	Prai	Prbg.g_01371	Prai.g_00754
OG0000617	Prac	Prbg.g_01371	Prac.g_01554
OG0000617	Praq	Prbg.g_01371	Praq.g_00589
OG0000617	Prar	Prbg.g_01371	Prar.g_01605
OG0000617	Prav	Prbg.g_01371	Prav.g_00312
OG0000617	Prau	Prbg.g_01371	Prau.g_00761
OG0000617	Prag	Prbg.g_01371	Prag.g_00698
OG0000617	Praw	Prbg.g_01371	Praw.g_01803
OG0000617	Pras	Prbg.g_01371	Pras.g_01612
OG0000617	Prax	Prbg.g_01371	Prax.g_00479
OG0000617	Prbd	Prbg.g_01371	Prbd.g_00013
OG0000617	Prbi	Prbg.g_01371	Prbi.g_00751
OG0000617	Pray	Prbg.g_01371	Pray.g_01034
OG0000617	Praz	Prbg.g_01371	Praz.g_01601
OG0000617	Prba	Prbg.g_01371	Prba.g_01588
OG0000617	Prae	Prbg.g_01371	Prae.g_00717
OG0000617	Prao	Prbg.g_01371	Prao.g_00654
OG0000617	Praa	Prbg.g_01371	Praa.g_00717
OG0000617	Prad	Prbg.g_01371	Prad.g_01055
OG0000617	Prbm	Prbg.g_01371	Prbm.g_00748
OG0000617	Praj	Prbg.g_01371	Praj.g_00704
OG0000617	Prbb	Prbg.g_01371	Prbb.g_00719
OG0000617	Prbc	Prbg.g_01371	Prbc.g_01793
OG0000617	Prbj	Prbg.g_01371	Prbj.g_02184
OG0000617	Prbk	Prbg.g_01371	Prbk.g_00613
OG0000617	Prbl	Prbg.g_01371	Prbl.g_02561
OG0000617	Praf	Prbg.g_01371	Praf.g_01308
OG0000617	Prah	Prbg.g_01371	Prah.g_00881
OG0000617	Syag	Prbg.g_01371	Syag.g_00915
OG0000617	Syab	Prbg.g_01371	Syab.g_01274
OG0000617	Syal	Prbg.g_01371	Syal.g_01866
OG0000617	Syak	Prbg.g_01371	Syak.g_00799
OG0000617	Syaq	Prbg.g_01371	Syaq.g_00031
OG0000617	Syae	Prbg.g_01371	Syae.g_00464
OG0000617	Syad	Prbg.g_01371	Syad.g_01810
OG0000617	Syaj	Prbg.g_01371	Syaj.g_00952
OG0000617	Syaf	Prbg.g_01371	Syaf.g_01975
OG0000617	Syam	Prbg.g_01371	Syam.g_01240
OG0000617	Syai	Prbg.g_01371	Syai.g_01393
OG0000617	Syac	Prbg.g_01371	Syac.g_01280
OG0000617	Syah	Prbg.g_01371	Syah.g_01722
OG0000617	Syaa	Prbg.g_01371	Syaa.g_01244
OG0000617	Syar	Prbg.g_01371	Syar.g_01576
OG0000617	Syat	Prbg.g_01371	Syat.g_00665
OG0000617	Syap	Prbg.g_01371	Syap.g_00513
OG0000617	Syas	Prbg.g_01371	Syas.g_00180
OG0000617	Syan	Prbg.g_01371	Syan.g_00324
OG0000617	Syao	Prbg.g_01371	Syao.g_00486
OG0000617	Prat	Prbg.g_01371	Prat.g_00797
OG0000617	Pral	Prbg.g_01371	Pral.g_01723
OG0000617	Pram	Prbg.g_01371	Pram.g_01024
OG0000617	Prbh	Prbg.g_01371	Prbh.g_01167
OG0000617	Prak	Prbg.g_01371	Prak.g_01057
OG0000617	Prap	Prbg.g_01371	Prap.g_00341
OG0000617	Prbe	Prbg.g_01371	Prbe.g_01434
OG0000617	Prbf	Prbg.g_01371	Prbf.g_01033
OG0000617	Prbn	Prbg.g_01371	Prbn.g_00860
OG0000618	Prab	Prbg.g_01370	Prab.g_00730
OG0000618	Pran	Prbg.g_01370	Pran.g_01453
OG0000618	Prai	Prbg.g_01370	Prai.g_00755
OG0000618	Prac	Prbg.g_01370	Prac.g_01553
OG0000618	Praq	Prbg.g_01370	Praq.g_00590
OG0000618	Prar	Prbg.g_01370	Prar.g_01606
OG0000618	Prax	Prbg.g_01370	Prax.g_00478
OG0000618	Prao	Prbg.g_01370	Prao.g_00655
OG0000618	Pras	Prbg.g_01370	Pras.g_01613
OG0000618	Pray	Prbg.g_01370	Pray.g_01033
OG0000618	Praz	Prbg.g_01370	Praz.g_01600
OG0000618	Prba	Prbg.g_01370	Prba.g_01587
OG0000618	Prbi	Prbg.g_01370	Prbi.g_00752
OG0000618	Prae	Prbg.g_01370	Prae.g_00718
OG0000618	Praa	Prbg.g_01370	Praa.g_00718
OG0000618	Prad	Prbg.g_01370	Prad.g_01056
OG0000618	Prag	Prbg.g_01370	Prag.g_00699
OG0000618	Praw	Prbg.g_01370	Praw.g_01802
OG0000618	Prbd	Prbg.g_01370	Prbd.g_00014
OG0000618	Prav	Prbg.g_01370	Prav.g_00313
OG0000618	Prau	Prbg.g_01370	Prau.g_00762
OG0000618	Prbb	Prbg.g_01370	Prbb.g_00720
OG0000618	Prbc	Prbg.g_01370	Prbc.g_01794
OG0000618	Praj	Prbg.g_01370	Praj.g_00705
OG0000618	Prbm	Prbg.g_01370	Prbm.g_00749
OG0000618	Pram	Prbg.g_01370	Pram.g_01023
OG0000618	Prbh	Prbg.g_01370	Prbh.g_01166
OG0000618	Pral	Prbg.g_01370	Pral.g_01722
OG0000618	Prat	Prbg.g_01370	Prat.g_00798
OG0000618	Syab	Prbg.g_01370	Syab.g_01275
OG0000618	Syal	Prbg.g_01370	Syal.g_01867
OG0000618	Syak	Prbg.g_01370	Syak.g_00798
OG0000618	Syag	Prbg.g_01370	Syag.g_00914
OG0000618	Syaq	Prbg.g_01370	Syaq.g_00032
OG0000618	Praf	Prbg.g_01370	Praf.g_01309
OG0000618	Prah	Prbg.g_01370	Prah.g_00880
OG0000618	Prbj	Prbg.g_01370	Prbj.g_02185
OG0000618	Prbk	Prbg.g_01370	Prbk.g_00612
OG0000618	Prbl	Prbg.g_01370	Prbl.g_02560
OG0000618	Syae	Prbg.g_01370	Syae.g_00463
OG0000618	Syac	Prbg.g_01370	Syac.g_01279
OG0000618	Syah	Prbg.g_01370	Syah.g_01721
OG0000618	Syaj	Prbg.g_01370	Syaj.g_00951
OG0000618	Syad	Prbg.g_01370	Syad.g_01809
OG0000618	Syai	Prbg.g_01370	Syai.g_01394
OG0000618	Syaf	Prbg.g_01370	Syaf.g_01974
OG0000618	Syam	Prbg.g_01370	Syam.g_01239
OG0000618	Syaa	Prbg.g_01370	Syaa.g_01245
OG0000618	Syar	Prbg.g_01370	Syar.g_01575
OG0000618	Syan	Prbg.g_01370	Syan.g_00325
OG0000618	Syao	Prbg.g_01370	Syao.g_00485
OG0000618	Syap	Prbg.g_01370	Syap.g_00514
OG0000618	Syat	Prbg.g_01370	Syat.g_00666
OG0000618	Syas	Prbg.g_01370	Syas.g_00181
OG0000618	Prak	Prbg.g_01370	Prak.g_01056
OG0000618	Prap	Prbg.g_01370	Prap.g_00340
OG0000618	Prbe	Prbg.g_01370	Prbe.g_01433
OG0000618	Prbf	Prbg.g_01370	Prbf.g_01034
OG0000618	Prbn	Prbg.g_01370	Prbn.g_00861
OG0000619	Prab	Prbg.g_01369	Prab.g_00731
OG0000619	Pran	Prbg.g_01369	Pran.g_01452
OG0000619	Prai	Prbg.g_01369	Prai.g_00756
OG0000619	Prac	Prbg.g_01369	Prac.g_01552
OG0000619	Praq	Prbg.g_01369	Praq.g_00591
OG0000619	Prar	Prbg.g_01369	Prar.g_01607
OG0000619	Prau	Prbg.g_01369	Prau.g_00763
OG0000619	Prav	Prbg.g_01369	Prav.g_00314
OG0000619	Prax	Prbg.g_01369	Prax.g_00477
OG0000619	Prao	Prbg.g_01369	Prao.g_00656
OG0000619	Prbd	Prbg.g_01369	Prbd.g_00015
OG0000619	Prbi	Prbg.g_01369	Prbi.g_00753
OG0000619	Praa	Prbg.g_01369	Praa.g_00719
OG0000619	Prad	Prbg.g_01369	Prad.g_01057
OG0000619	Pras	Prbg.g_01369	Pras.g_01614
OG0000619	Pray	Prbg.g_01369	Pray.g_01032
OG0000619	Praz	Prbg.g_01369	Praz.g_01599
OG0000619	Prba	Prbg.g_01369	Prba.g_01586
OG0000619	Prae	Prbg.g_01369	Prae.g_00719
OG0000619	Prag	Prbg.g_01369	Prag.g_00700
OG0000619	Praw	Prbg.g_01369	Praw.g_01801
OG0000619	Prat	Prbg.g_01369	Prat.g_00799
OG0000619	Pral	Prbg.g_01369	Pral.g_01721
OG0000619	Prbm	Prbg.g_01369	Prbm.g_00750
OG0000619	Praj	Prbg.g_01369	Praj.g_00706
OG0000619	Prbb	Prbg.g_01369	Prbb.g_00721
OG0000619	Prbc	Prbg.g_01369	Prbc.g_01795
OG0000619	Prbj	Prbg.g_01369	Prbj.g_02186
OG0000619	Prbk	Prbg.g_01369	Prbk.g_00611
OG0000619	Prbl	Prbg.g_01369	Prbl.g_02559
OG0000619	Praf	Prbg.g_01369	Praf.g_01310
OG0000619	Prah	Prbg.g_01369	Prah.g_00879
OG0000619	Syag	Prbg.g_01369	Syag.g_00913
OG0000619	Syaq	Prbg.g_01369	Syaq.g_00033
OG0000619	Syak	Prbg.g_01369	Syak.g_00797
OG0000619	Syae	Prbg.g_01369	Syae.g_00462
OG0000619	Syac	Prbg.g_01369	Syac.g_01278
OG0000619	Syah	Prbg.g_01369	Syah.g_01720
OG0000619	Syam	Prbg.g_01369	Syam.g_01238
OG0000619	Syaf	Prbg.g_01369	Syaf.g_01973
OG0000619	Syai	Prbg.g_01369	Syai.g_01395
OG0000619	Syaa	Prbg.g_01369	Syaa.g_01246
OG0000619	Syad	Prbg.g_01369	Syad.g_01808
OG0000619	Syaj	Prbg.g_01369	Syaj.g_00950
OG0000619	Syab	Prbg.g_01369	Syab.g_01662
OG0000619	Syal	Prbg.g_01369	Syal.g_02417
OG0000619	Syap	Prbg.g_01369	Syap.g_00515
OG0000619	Syas	Prbg.g_01369	Syas.g_00182
OG0000619	Syat	Prbg.g_01369	Syat.g_00667
OG0000619	Syar	Prbg.g_01369	Syar.g_01574
OG0000619	Syan	Prbg.g_01369	Syan.g_00326
OG0000619	Syao	Prbg.g_01369	Syao.g_00484
OG0000619	Pram	Prbg.g_01369	Pram.g_01022
OG0000619	Prbh	Prbg.g_01369	Prbh.g_01165
OG0000619	Prak	Prbg.g_01369	Prak.g_01055
OG0000619	Prap	Prbg.g_01369	Prap.g_00339
OG0000619	Prbe	Prbg.g_01369	Prbe.g_01432
OG0000619	Prbf	Prbg.g_01369	Prbf.g_01035
OG0000619	Prbn	Prbg.g_01369	Prbn.g_00862
OG0000620	Prab	Prbg.g_01366	Prab.g_00734
OG0000620	Pran	Prbg.g_01366	Pran.g_01449
OG0000620	Prai	Prbg.g_01366	Prai.g_00759
OG0000620	Prac	Prbg.g_01366	Prac.g_01549
OG0000620	Praq	Prbg.g_01366	Praq.g_00594
OG0000620	Prar	Prbg.g_01366	Prar.g_01610
OG0000620	Prag	Prbg.g_01366	Prag.g_00703
OG0000620	Praw	Prbg.g_01366	Praw.g_01798
OG0000620	Prau	Prbg.g_01366	Prau.g_00766
OG0000620	Prav	Prbg.g_01366	Prav.g_00317
OG0000620	Pras	Prbg.g_01366	Pras.g_01617
OG0000620	Prbd	Prbg.g_01366	Prbd.g_00018
OG0000620	Prax	Prbg.g_01366	Prax.g_00474
OG0000620	Pray	Prbg.g_01366	Pray.g_01029
OG0000620	Praz	Prbg.g_01366	Praz.g_01596
OG0000620	Prba	Prbg.g_01366	Prba.g_01583
OG0000620	Prbi	Prbg.g_01366	Prbi.g_00756
OG0000620	Praa	Prbg.g_01366	Praa.g_00722
OG0000620	Prae	Prbg.g_01366	Prae.g_00722
OG0000620	Prad	Prbg.g_01366	Prad.g_01060
OG0000620	Prao	Prbg.g_01366	Prao.g_00659
OG0000620	Prbm	Prbg.g_01366	Prbm.g_00753
OG0000620	Praj	Prbg.g_01366	Praj.g_00709
OG0000620	Prbb	Prbg.g_01366	Prbb.g_00724
OG0000620	Prbc	Prbg.g_01366	Prbc.g_01798
OG0000620	Prah	Prbg.g_01366	Prah.g_00875
OG0000620	Praf	Prbg.g_01366	Praf.g_01314
OG0000620	Prbj	Prbg.g_01366	Prbj.g_02190
OG0000620	Prbk	Prbg.g_01366	Prbk.g_00607
OG0000620	Prbl	Prbg.g_01366	Prbl.g_02555
OG0000620	Syak	Prbg.g_01366	Syak.g_00779
OG0000620	Syab	Prbg.g_01366	Syab.g_01668
OG0000620	Syal	Prbg.g_01366	Syal.g_02422
OG0000620	Syag	Prbg.g_01366	Syag.g_00906
OG0000620	Syaq	Prbg.g_01366	Syaq.g_00038
OG0000620	Syat	Prbg.g_01366	Syat.g_02591
OG0000620	Syar	Prbg.g_01366	Syar.g_01569
OG0000620	Syap	Prbg.g_01366	Syap.g_00520
OG0000620	Syas	Prbg.g_01366	Syas.g_00188
OG0000620	Syao	Prbg.g_01366	Syao.g_00479
OG0000620	Syan	Prbg.g_01366	Syan.g_00331
OG0000620	Syaa	Prbg.g_01366	Syaa.g_01259
OG0000620	Syaf	Prbg.g_01366	Syaf.g_01966
OG0000620	Syai	Prbg.g_01366	Syai.g_01402
OG0000620	Syam	Prbg.g_01366	Syam.g_01233
OG0000620	Syac	Prbg.g_01366	Syac.g_01270
OG0000620	Syah	Prbg.g_01366	Syah.g_01713
OG0000620	Syae	Prbg.g_01366	Syae.g_00456
OG0000620	Syad	Prbg.g_01366	Syad.g_01803
OG0000620	Syaj	Prbg.g_01366	Syaj.g_00945
OG0000620	Pral	Prbg.g_01366	Pral.g_01718
OG0000620	Prat	Prbg.g_01366	Prat.g_00802
OG0000620	Pram	Prbg.g_01366	Pram.g_01019
OG0000620	Prbh	Prbg.g_01366	Prbh.g_01162
OG0000620	Prak	Prbg.g_01366	Prak.g_01052
OG0000620	Prap	Prbg.g_01366	Prap.g_00336
OG0000620	Prbe	Prbg.g_01366	Prbe.g_01429
OG0000620	Prbf	Prbg.g_01366	Prbf.g_01038
OG0000620	Prbn	Prbg.g_01366	Prbn.g_01947
OG0000621	Prab	Prbg.g_01365	Prab.g_00735
OG0000621	Pran	Prbg.g_01365	Pran.g_01448
OG0000621	Prai	Prbg.g_01365	Prai.g_00760
OG0000621	Prac	Prbg.g_01365	Prac.g_01548
OG0000621	Praq	Prbg.g_01365	Praq.g_00595
OG0000621	Prar	Prbg.g_01365	Prar.g_01611
OG0000621	Prag	Prbg.g_01365	Prag.g_00704
OG0000621	Praw	Prbg.g_01365	Praw.g_01797
OG0000621	Prav	Prbg.g_01365	Prav.g_00318
OG0000621	Prau	Prbg.g_01365	Prau.g_00767
OG0000621	Prax	Prbg.g_01365	Prax.g_00473
OG0000621	Pray	Prbg.g_01365	Pray.g_01028
OG0000621	Praz	Prbg.g_01365	Praz.g_01595
OG0000621	Prba	Prbg.g_01365	Prba.g_01582
OG0000621	Prbd	Prbg.g_01365	Prbd.g_00019
OG0000621	Prao	Prbg.g_01365	Prao.g_00660
OG0000621	Prbi	Prbg.g_01365	Prbi.g_00757
OG0000621	Prad	Prbg.g_01365	Prad.g_01061
OG0000621	Prae	Prbg.g_01365	Prae.g_00723
OG0000621	Pras	Prbg.g_01365	Pras.g_01618
OG0000621	Praa	Prbg.g_01365	Praa.g_00723
OG0000621	Prbm	Prbg.g_01365	Prbm.g_00754
OG0000621	Prbb	Prbg.g_01365	Prbb.g_00725
OG0000621	Praj	Prbg.g_01365	Praj.g_00710
OG0000621	Prbc	Prbg.g_01365	Prbc.g_01799
OG0000621	Pram	Prbg.g_01365	Pram.g_01018
OG0000621	Prbh	Prbg.g_01365	Prbh.g_01161
OG0000621	Prbj	Prbg.g_01365	Prbj.g_02191
OG0000621	Prbk	Prbg.g_01365	Prbk.g_00606
OG0000621	Prbl	Prbg.g_01365	Prbl.g_02554
OG0000621	Praf	Prbg.g_01365	Praf.g_01315
OG0000621	Prah	Prbg.g_01365	Prah.g_00874
OG0000621	Syao	Prbg.g_01365	Syao.g_00478
OG0000621	Syan	Prbg.g_01365	Syan.g_00332
OG0000621	Syap	Prbg.g_01365	Syap.g_00521
OG0000621	Syar	Prbg.g_01365	Syar.g_01568
OG0000621	Syat	Prbg.g_01365	Syat.g_02590
OG0000621	Syas	Prbg.g_01365	Syas.g_00189
OG0000621	Syaq	Prbg.g_01365	Syaq.g_00039
OG0000621	Syag	Prbg.g_01365	Syag.g_00905
OG0000621	Syak	Prbg.g_01365	Syak.g_00780
OG0000621	Syab	Prbg.g_01365	Syab.g_01669
OG0000621	Syal	Prbg.g_01365	Syal.g_02423
OG0000621	Syae	Prbg.g_01365	Syae.g_00455
OG0000621	Syad	Prbg.g_01365	Syad.g_01802
OG0000621	Syaj	Prbg.g_01365	Syaj.g_00944
OG0000621	Syaa	Prbg.g_01365	Syaa.g_01260
OG0000621	Syac	Prbg.g_01365	Syac.g_01269
OG0000621	Syah	Prbg.g_01365	Syah.g_01712
OG0000621	Syaf	Prbg.g_01365	Syaf.g_01965
OG0000621	Syai	Prbg.g_01365	Syai.g_01403
OG0000621	Syam	Prbg.g_01365	Syam.g_01232
OG0000621	Pral	Prbg.g_01365	Pral.g_01717
OG0000621	Prat	Prbg.g_01365	Prat.g_00803
OG0000621	Prak	Prbg.g_01365	Prak.g_01051
OG0000621	Prap	Prbg.g_01365	Prap.g_00335
OG0000621	Prbe	Prbg.g_01365	Prbe.g_01428
OG0000621	Prbf	Prbg.g_01365	Prbf.g_01039
OG0000621	Prbn	Prbg.g_01365	Prbn.g_01948
OG0000622	Prai	Prbg.g_01364	Prai.g_00761
OG0000622	Prab	Prbg.g_01364	Prab.g_00736
OG0000622	Pran	Prbg.g_01364	Pran.g_01447
OG0000622	Prav	Prbg.g_01364	Prav.g_00319
OG0000622	Prag	Prbg.g_01364	Prag.g_00705
OG0000622	Praw	Prbg.g_01364	Praw.g_01796
OG0000622	Prac	Prbg.g_01364	Prac.g_01547
OG0000622	Praq	Prbg.g_01364	Praq.g_00596
OG0000622	Prar	Prbg.g_01364	Prar.g_01612
OG0000622	Prau	Prbg.g_01364	Prau.g_00768
OG0000622	Pray	Prbg.g_01364	Pray.g_01027
OG0000622	Praz	Prbg.g_01364	Praz.g_01594
OG0000622	Prba	Prbg.g_01364	Prba.g_01581
OG0000622	Prax	Prbg.g_01364	Prax.g_00472
OG0000622	Prao	Prbg.g_01364	Prao.g_00661
OG0000622	Prbi	Prbg.g_01364	Prbi.g_00758
OG0000622	Pras	Prbg.g_01364	Pras.g_01619
OG0000622	Prae	Prbg.g_01364	Prae.g_00724
OG0000622	Prad	Prbg.g_01364	Prad.g_01062
OG0000622	Prbd	Prbg.g_01364	Prbd.g_00020
OG0000622	Praa	Prbg.g_01364	Praa.g_00724
OG0000622	Prbc	Prbg.g_01364	Prbc.g_01800
OG0000622	Prbm	Prbg.g_01364	Prbm.g_00755
OG0000622	Praj	Prbg.g_01364	Praj.g_00711
OG0000622	Prbb	Prbg.g_01364	Prbb.g_00726
OG0000622	Prbj	Prbg.g_01364	Prbj.g_02192
OG0000622	Prbk	Prbg.g_01364	Prbk.g_00605
OG0000622	Prbl	Prbg.g_01364	Prbl.g_02553
OG0000622	Praf	Prbg.g_01364	Praf.g_01316
OG0000622	Prah	Prbg.g_01364	Prah.g_00873
OG0000622	Syas	Prbg.g_01364	Syas.g_00190
OG0000622	Syar	Prbg.g_01364	Syar.g_01566
OG0000622	Syap	Prbg.g_01364	Syap.g_00523
OG0000622	Syat	Prbg.g_01364	Syat.g_02572
OG0000622	Syao	Prbg.g_01364	Syao.g_00476
OG0000622	Syan	Prbg.g_01364	Syan.g_00334
OG0000622	Syad	Prbg.g_01364	Syad.g_01801
OG0000622	Syaj	Prbg.g_01364	Syaj.g_00943
OG0000622	Syae	Prbg.g_01364	Syae.g_00454
OG0000622	Syai	Prbg.g_01364	Syai.g_01404
OG0000622	Syaf	Prbg.g_01364	Syaf.g_01964
OG0000622	Syam	Prbg.g_01364	Syam.g_01231
OG0000622	Syaa	Prbg.g_01364	Syaa.g_01261
OG0000622	Syac	Prbg.g_01364	Syac.g_01268
OG0000622	Syah	Prbg.g_01364	Syah.g_01711
OG0000622	Syak	Prbg.g_01364	Syak.g_00781
OG0000622	Syab	Prbg.g_01364	Syab.g_01670
OG0000622	Syal	Prbg.g_01364	Syal.g_02424
OG0000622	Syag	Prbg.g_01364	Syag.g_00904
OG0000622	Syaq	Prbg.g_01364	Syaq.g_00040
OG0000622	Pral	Prbg.g_01364	Pral.g_01716
OG0000622	Prat	Prbg.g_01364	Prat.g_00804
OG0000622	Pram	Prbg.g_01364	Pram.g_01017
OG0000622	Prbh	Prbg.g_01364	Prbh.g_01160
OG0000622	Prak	Prbg.g_01364	Prak.g_01050
OG0000622	Prap	Prbg.g_01364	Prap.g_00334
OG0000622	Prbe	Prbg.g_01364	Prbe.g_01427
OG0000622	Prbf	Prbg.g_01364	Prbf.g_01040
OG0000622	Prbn	Prbg.g_01364	Prbn.g_01949
OG0000623	Prab	Prbg.g_01363	Prab.g_00737
OG0000623	Pran	Prbg.g_01363	Pran.g_01446
OG0000623	Prai	Prbg.g_01363	Prai.g_00762
OG0000623	Prac	Prbg.g_01363	Prac.g_01546
OG0000623	Praq	Prbg.g_01363	Praq.g_00597
OG0000623	Prar	Prbg.g_01363	Prar.g_01613
OG0000623	Prav	Prbg.g_01363	Prav.g_00320
OG0000623	Prau	Prbg.g_01363	Prau.g_00769
OG0000623	Prag	Prbg.g_01363	Prag.g_00706
OG0000623	Praw	Prbg.g_01363	Praw.g_01795
OG0000623	Pray	Prbg.g_01363	Pray.g_01026
OG0000623	Praz	Prbg.g_01363	Praz.g_01593
OG0000623	Prba	Prbg.g_01363	Prba.g_01580
OG0000623	Prad	Prbg.g_01363	Prad.g_01063
OG0000623	Prax	Prbg.g_01363	Prax.g_00471
OG0000623	Prbi	Prbg.g_01363	Prbi.g_00759
OG0000623	Prae	Prbg.g_01363	Prae.g_00725
OG0000623	Praa	Prbg.g_01363	Praa.g_00725
OG0000623	Pras	Prbg.g_01363	Pras.g_01620
OG0000623	Prao	Prbg.g_01363	Prao.g_00662
OG0000623	Prbd	Prbg.g_01363	Prbd.g_00021
OG0000623	Prbj	Prbg.g_01363	Prbj.g_02193
OG0000623	Prbk	Prbg.g_01363	Prbk.g_00604
OG0000623	Prbl	Prbg.g_01363	Prbl.g_02552
OG0000623	Praf	Prbg.g_01363	Praf.g_01317
OG0000623	Prah	Prbg.g_01363	Prah.g_00872
OG0000623	Syag	Prbg.g_01363	Syag.g_00903
OG0000623	Syaq	Prbg.g_01363	Syaq.g_00041
OG0000623	Syab	Prbg.g_01363	Syab.g_01671
OG0000623	Syal	Prbg.g_01363	Syal.g_02425
OG0000623	Syai	Prbg.g_01363	Syai.g_01405
OG0000623	Syaf	Prbg.g_01363	Syaf.g_01963
OG0000623	Syam	Prbg.g_01363	Syam.g_01230
OG0000623	Syac	Prbg.g_01363	Syac.g_01267
OG0000623	Syah	Prbg.g_01363	Syah.g_01710
OG0000623	Syae	Prbg.g_01363	Syae.g_00453
OG0000623	Syaa	Prbg.g_01363	Syaa.g_01262
OG0000623	Syad	Prbg.g_01363	Syad.g_01800
OG0000623	Syaj	Prbg.g_01363	Syaj.g_00942
OG0000623	Syak	Prbg.g_01363	Syak.g_00782
OG0000623	Syan	Prbg.g_01363	Syan.g_00335
OG0000623	Syas	Prbg.g_01363	Syas.g_00191
OG0000623	Syat	Prbg.g_01363	Syat.g_00672
OG0000623	Syap	Prbg.g_01363	Syap.g_00526
OG0000623	Syar	Prbg.g_01363	Syar.g_01565
OG0000623	Syao	Prbg.g_01363	Syao.g_00475
OG0000623	Prbm	Prbg.g_01363	Prbm.g_00756
OG0000623	Prbc	Prbg.g_01363	Prbc.g_01801
OG0000623	Praj	Prbg.g_01363	Praj.g_00712
OG0000623	Prbb	Prbg.g_01363	Prbb.g_00727
OG0000623	Prat	Prbg.g_01363	Prat.g_00805
OG0000623	Pral	Prbg.g_01363	Pral.g_01715
OG0000623	Pram	Prbg.g_01363	Pram.g_01016
OG0000623	Prbh	Prbg.g_01363	Prbh.g_01159
OG0000623	Prak	Prbg.g_01363	Prak.g_01049
OG0000623	Prap	Prbg.g_01363	Prap.g_00333
OG0000623	Prbe	Prbg.g_01363	Prbe.g_01426
OG0000623	Prbf	Prbg.g_01363	Prbf.g_01041
OG0000623	Prbn	Prbg.g_01363	Prbn.g_01950
OG0000624	Prab	Prbg.g_01361	Prab.g_00738
OG0000624	Pran	Prbg.g_01361	Pran.g_01445
OG0000624	Prai	Prbg.g_01361	Prai.g_00763
OG0000624	Prac	Prbg.g_01361	Prac.g_01545
OG0000624	Prar	Prbg.g_01361	Prar.g_01614
OG0000624	Praq	Prbg.g_01361	Praq.g_00598
OG0000624	Prau	Prbg.g_01361	Prau.g_00770
OG0000624	Pray	Prbg.g_01361	Pray.g_01025
OG0000624	Praz	Prbg.g_01361	Praz.g_01592
OG0000624	Prba	Prbg.g_01361	Prba.g_01579
OG0000624	Prao	Prbg.g_01361	Prao.g_00663
OG0000624	Prag	Prbg.g_01361	Prag.g_00707
OG0000624	Praw	Prbg.g_01361	Praw.g_01794
OG0000624	Prav	Prbg.g_01361	Prav.g_00321
OG0000624	Prbd	Prbg.g_01361	Prbd.g_00022
OG0000624	Prax	Prbg.g_01361	Prax.g_00470
OG0000624	Prad	Prbg.g_01361	Prad.g_01064
OG0000624	Pras	Prbg.g_01361	Pras.g_01621
OG0000624	Prae	Prbg.g_01361	Prae.g_00726
OG0000624	Praa	Prbg.g_01361	Praa.g_00726
OG0000624	Prbi	Prbg.g_01361	Prbi.g_00760
OG0000624	Syak	Prbg.g_01361	Syak.g_00784
OG0000624	Syaa	Prbg.g_01361	Syaa.g_01264
OG0000624	Syae	Prbg.g_01361	Syae.g_00451
OG0000624	Syac	Prbg.g_01361	Syac.g_01265
OG0000624	Syah	Prbg.g_01361	Syah.g_01708
OG0000624	Syad	Prbg.g_01361	Syad.g_01798
OG0000624	Syaj	Prbg.g_01361	Syaj.g_00940
OG0000624	Syai	Prbg.g_01361	Syai.g_01407
OG0000624	Syaf	Prbg.g_01361	Syaf.g_01961
OG0000624	Syam	Prbg.g_01361	Syam.g_01228
OG0000624	Prbj	Prbg.g_01361	Prbj.g_02194
OG0000624	Prbk	Prbg.g_01361	Prbk.g_00603
OG0000624	Prbl	Prbg.g_01361	Prbl.g_02551
OG0000624	Prah	Prbg.g_01361	Prah.g_00871
OG0000624	Praf	Prbg.g_01361	Praf.g_01318
OG0000624	Syas	Prbg.g_01361	Syas.g_00192
OG0000624	Syar	Prbg.g_01361	Syar.g_01564
OG0000624	Syap	Prbg.g_01361	Syap.g_00527
OG0000624	Syat	Prbg.g_01361	Syat.g_00673
OG0000624	Syan	Prbg.g_01361	Syan.g_00337
OG0000624	Syao	Prbg.g_01361	Syao.g_00473
OG0000624	Syab	Prbg.g_01361	Syab.g_01673
OG0000624	Syal	Prbg.g_01361	Syal.g_02427
OG0000624	Syag	Prbg.g_01361	Syag.g_00901
OG0000624	Syaq	Prbg.g_01361	Syaq.g_00042
OG0000624	Prbm	Prbg.g_01361	Prbm.g_00758
OG0000624	Praj	Prbg.g_01361	Praj.g_00714
OG0000624	Prbc	Prbg.g_01361	Prbc.g_01803
OG0000624	Prbb	Prbg.g_01361	Prbb.g_00729
OG0000624	Pral	Prbg.g_01361	Pral.g_01713
OG0000624	Prat	Prbg.g_01361	Prat.g_00807
OG0000624	Pram	Prbg.g_01361	Pram.g_01014
OG0000624	Prbh	Prbg.g_01361	Prbh.g_01157
OG0000624	Prak	Prbg.g_01361	Prak.g_01047
OG0000624	Prap	Prbg.g_01361	Prap.g_00331
OG0000624	Prbe	Prbg.g_01361	Prbe.g_01424
OG0000624	Prbf	Prbg.g_01361	Prbf.g_01043
OG0000624	Prbn	Prbg.g_01361	Prbn.g_01952
OG0000625	Prab	Prbg.g_01360	Prab.g_00739
OG0000625	Pran	Prbg.g_01360	Pran.g_01444
OG0000625	Prai	Prbg.g_01360	Prai.g_00764
OG0000625	Prac	Prbg.g_01360	Prac.g_01544
OG0000625	Praq	Prbg.g_01360	Praq.g_00599
OG0000625	Prar	Prbg.g_01360	Prar.g_01615
OG0000625	Pray	Prbg.g_01360	Pray.g_00269
OG0000625	Prav	Prbg.g_01360	Prav.g_00322
OG0000625	Pras	Prbg.g_01360	Pras.g_01622
OG0000625	Prax	Prbg.g_01360	Prax.g_00469
OG0000625	Praa	Prbg.g_01360	Praa.g_00727
OG0000625	Prau	Prbg.g_01360	Prau.g_00771
OG0000625	Prbi	Prbg.g_01360	Prbi.g_00761
OG0000625	Prad	Prbg.g_01360	Prad.g_01065
OG0000625	Prag	Prbg.g_01360	Prag.g_00708
OG0000625	Praw	Prbg.g_01360	Praw.g_01793
OG0000625	Prbd	Prbg.g_01360	Prbd.g_00023
OG0000625	Prae	Prbg.g_01360	Prae.g_00727
OG0000625	Praz	Prbg.g_01360	Praz.g_01591
OG0000625	Prba	Prbg.g_01360	Prba.g_01578
OG0000625	Prao	Prbg.g_01360	Prao.g_00664
OG0000625	Prbj	Prbg.g_01360	Prbj.g_02195
OG0000625	Prbk	Prbg.g_01360	Prbk.g_00602
OG0000625	Prbl	Prbg.g_01360	Prbl.g_02550
OG0000625	Prah	Prbg.g_01360	Prah.g_00870
OG0000625	Praf	Prbg.g_01360	Praf.g_01319
OG0000625	Syao	Prbg.g_01360	Syao.g_00472
OG0000625	Syar	Prbg.g_01360	Syar.g_01563
OG0000625	Syas	Prbg.g_01360	Syas.g_00193
OG0000625	Syat	Prbg.g_01360	Syat.g_00674
OG0000625	Syan	Prbg.g_01360	Syan.g_00338
OG0000625	Syap	Prbg.g_01360	Syap.g_00528
OG0000625	Syab	Prbg.g_01360	Syab.g_01674
OG0000625	Syal	Prbg.g_01360	Syal.g_02428
OG0000625	Syak	Prbg.g_01360	Syak.g_00785
OG0000625	Syag	Prbg.g_01360	Syag.g_00900
OG0000625	Syaq	Prbg.g_01360	Syaq.g_00043
OG0000625	Syac	Prbg.g_01360	Syac.g_01264
OG0000625	Syah	Prbg.g_01360	Syah.g_01707
OG0000625	Syam	Prbg.g_01360	Syam.g_01227
OG0000625	Syai	Prbg.g_01360	Syai.g_01408
OG0000625	Syaf	Prbg.g_01360	Syaf.g_01960
OG0000625	Syad	Prbg.g_01360	Syad.g_01797
OG0000625	Syaj	Prbg.g_01360	Syaj.g_00939
OG0000625	Syaa	Prbg.g_01360	Syaa.g_01265
OG0000625	Syae	Prbg.g_01360	Syae.g_00450
OG0000625	Praj	Prbg.g_01360	Praj.g_00715
OG0000625	Prbb	Prbg.g_01360	Prbb.g_00730
OG0000625	Prbc	Prbg.g_01360	Prbc.g_01804
OG0000625	Prbm	Prbg.g_01360	Prbm.g_00759
OG0000625	Pral	Prbg.g_01360	Pral.g_01712
OG0000625	Prat	Prbg.g_01360	Prat.g_00808
OG0000625	Pram	Prbg.g_01360	Pram.g_01013
OG0000625	Prbh	Prbg.g_01360	Prbh.g_01156
OG0000625	Prbn	Prbg.g_01360	Prbn.g_01345
OG0000625	Prak	Prbg.g_01360	Prak.g_01046
OG0000625	Prap	Prbg.g_01360	Prap.g_00330
OG0000625	Prbe	Prbg.g_01360	Prbe.g_01423
OG0000625	Prbf	Prbg.g_01360	Prbf.g_01044
OG0000626	Prab	Prbg.g_01359	Prab.g_00740
OG0000626	Pran	Prbg.g_01359	Pran.g_01443
OG0000626	Prai	Prbg.g_01359	Prai.g_00765
OG0000626	Prav	Prbg.g_01359	Prav.g_00323
OG0000626	Prac	Prbg.g_01359	Prac.g_01543
OG0000626	Prar	Prbg.g_01359	Prar.g_01616
OG0000626	Praq	Prbg.g_01359	Praq.g_00600
OG0000626	Prag	Prbg.g_01359	Prag.g_00709
OG0000626	Praw	Prbg.g_01359	Praw.g_01792
OG0000626	Pray	Prbg.g_01359	Pray.g_00270
OG0000626	Praz	Prbg.g_01359	Praz.g_01590
OG0000626	Prba	Prbg.g_01359	Prba.g_01577
OG0000626	Prau	Prbg.g_01359	Prau.g_00772
OG0000626	Prax	Prbg.g_01359	Prax.g_00468
OG0000626	Prad	Prbg.g_01359	Prad.g_01066
OG0000626	Prao	Prbg.g_01359	Prao.g_00665
OG0000626	Prae	Prbg.g_01359	Prae.g_00728
OG0000626	Praa	Prbg.g_01359	Praa.g_00728
OG0000626	Pras	Prbg.g_01359	Pras.g_01623
OG0000626	Prbi	Prbg.g_01359	Prbi.g_00762
OG0000626	Prbd	Prbg.g_01359	Prbd.g_00024
OG0000626	Prbb	Prbg.g_01359	Prbb.g_00731
OG0000626	Prbm	Prbg.g_01359	Prbm.g_00760
OG0000626	Prbc	Prbg.g_01359	Prbc.g_01805
OG0000626	Praj	Prbg.g_01359	Praj.g_00716
OG0000626	Prbj	Prbg.g_01359	Prbj.g_02196
OG0000626	Prbk	Prbg.g_01359	Prbk.g_00601
OG0000626	Prbl	Prbg.g_01359	Prbl.g_02549
OG0000626	Praf	Prbg.g_01359	Praf.g_01320
OG0000626	Prah	Prbg.g_01359	Prah.g_00869
OG0000626	Syae	Prbg.g_01359	Syae.g_00449
OG0000626	Syad	Prbg.g_01359	Syad.g_01796
OG0000626	Syaj	Prbg.g_01359	Syaj.g_00938
OG0000626	Syaa	Prbg.g_01359	Syaa.g_01266
OG0000626	Syac	Prbg.g_01359	Syac.g_01263
OG0000626	Syah	Prbg.g_01359	Syah.g_01706
OG0000626	Syaf	Prbg.g_01359	Syaf.g_01959
OG0000626	Syai	Prbg.g_01359	Syai.g_01409
OG0000626	Syam	Prbg.g_01359	Syam.g_01226
OG0000626	Syaq	Prbg.g_01359	Syaq.g_00044
OG0000626	Syag	Prbg.g_01359	Syag.g_00899
OG0000626	Syak	Prbg.g_01359	Syak.g_00786
OG0000626	Syab	Prbg.g_01359	Syab.g_01675
OG0000626	Syal	Prbg.g_01359	Syal.g_02429
OG0000626	Syan	Prbg.g_01359	Syan.g_00339
OG0000626	Syao	Prbg.g_01359	Syao.g_00471
OG0000626	Syar	Prbg.g_01359	Syar.g_01562
OG0000626	Syat	Prbg.g_01359	Syat.g_00675
OG0000626	Syap	Prbg.g_01359	Syap.g_00529
OG0000626	Syas	Prbg.g_01359	Syas.g_00194
OG0000626	Pral	Prbg.g_01359	Pral.g_01711
OG0000626	Prat	Prbg.g_01359	Prat.g_00809
OG0000626	Pram	Prbg.g_01359	Pram.g_01012
OG0000626	Prbh	Prbg.g_01359	Prbh.g_01155
OG0000626	Prak	Prbg.g_01359	Prak.g_01045
OG0000626	Prap	Prbg.g_01359	Prap.g_00329
OG0000626	Prbe	Prbg.g_01359	Prbe.g_01422
OG0000626	Prbf	Prbg.g_01359	Prbf.g_01045
OG0000626	Prbn	Prbg.g_01359	Prbn.g_01346
OG0000627	Prab	Prbg.g_01358	Prab.g_00741
OG0000627	Pran	Prbg.g_01358	Pran.g_01442
OG0000627	Prai	Prbg.g_01358	Prai.g_00766
OG0000627	Prac	Prbg.g_01358	Prac.g_01542
OG0000627	Praq	Prbg.g_01358	Praq.g_00601
OG0000627	Prar	Prbg.g_01358	Prar.g_01617
OG0000627	Prav	Prbg.g_01358	Prav.g_00324
OG0000627	Pray	Prbg.g_01358	Pray.g_00271
OG0000627	Praz	Prbg.g_01358	Praz.g_01589
OG0000627	Prba	Prbg.g_01358	Prba.g_01576
OG0000627	Prad	Prbg.g_01358	Prad.g_01067
OG0000627	Prag	Prbg.g_01358	Prag.g_00710
OG0000627	Praw	Prbg.g_01358	Praw.g_01791
OG0000627	Prax	Prbg.g_01358	Prax.g_00467
OG0000627	Pras	Prbg.g_01358	Pras.g_01624
OG0000627	Prau	Prbg.g_01358	Prau.g_00773
OG0000627	Prbi	Prbg.g_01358	Prbi.g_00763
OG0000627	Prae	Prbg.g_01358	Prae.g_00729
OG0000627	Prbd	Prbg.g_01358	Prbd.g_00025
OG0000627	Praa	Prbg.g_01358	Praa.g_00729
OG0000627	Prao	Prbg.g_01358	Prao.g_00666
OG0000627	Prah	Prbg.g_01358	Prah.g_00746
OG0000627	Praf	Prbg.g_01358	Praf.g_01441
OG0000627	Prbj	Prbg.g_01358	Prbj.g_02320
OG0000627	Prbk	Prbg.g_01358	Prbk.g_02376
OG0000627	Prbl	Prbg.g_01358	Prbl.g_02426
OG0000627	Syab	Prbg.g_01358	Syab.g_01438
OG0000627	Syal	Prbg.g_01358	Syal.g_02048
OG0000627	Syar	Prbg.g_01358	Syar.g_01868
OG0000627	Syan	Prbg.g_01358	Syan.g_00465
OG0000627	Syao	Prbg.g_01358	Syao.g_00567
OG0000627	Syat	Prbg.g_01358	Syat.g_00641
OG0000627	Syap	Prbg.g_01358	Syap.g_00848
OG0000627	Syas	Prbg.g_01358	Syas.g_00372
OG0000627	Syag	Prbg.g_01358	Syag.g_00756
OG0000627	Syaq	Prbg.g_01358	Syaq.g_02425
OG0000627	Syak	Prbg.g_01358	Syak.g_00561
OG0000627	Syaa	Prbg.g_01358	Syaa.g_01414
OG0000627	Syae	Prbg.g_01358	Syae.g_00299
OG0000627	Syac	Prbg.g_01358	Syac.g_01126
OG0000627	Syah	Prbg.g_01358	Syah.g_01569
OG0000627	Syad	Prbg.g_01358	Syad.g_01640
OG0000627	Syaj	Prbg.g_01358	Syaj.g_00765
OG0000627	Syaf	Prbg.g_01358	Syaf.g_01782
OG0000627	Syai	Prbg.g_01358	Syai.g_01575
OG0000627	Syam	Prbg.g_01358	Syam.g_01065
OG0000627	Prbm	Prbg.g_01358	Prbm.g_00762
OG0000627	Praj	Prbg.g_01358	Praj.g_00718
OG0000627	Prbb	Prbg.g_01358	Prbb.g_00733
OG0000627	Prbc	Prbg.g_01358	Prbc.g_01807
OG0000627	Pral	Prbg.g_01358	Pral.g_01709
OG0000627	Prat	Prbg.g_01358	Prat.g_00811
OG0000627	Pram	Prbg.g_01358	Pram.g_01011
OG0000627	Prbh	Prbg.g_01358	Prbh.g_01154
OG0000627	Prak	Prbg.g_01358	Prak.g_01044
OG0000627	Prap	Prbg.g_01358	Prap.g_00328
OG0000627	Prbe	Prbg.g_01358	Prbe.g_01421
OG0000627	Prbf	Prbg.g_01358	Prbf.g_01046
OG0000627	Prbn	Prbg.g_01358	Prbn.g_01347
OG0000628	Prab	Prbg.g_01357	Prab.g_00742
OG0000628	Pran	Prbg.g_01357	Pran.g_01441
OG0000628	Prai	Prbg.g_01357	Prai.g_00767
OG0000628	Prac	Prbg.g_01357	Prac.g_01541
OG0000628	Praq	Prbg.g_01357	Praq.g_00602
OG0000628	Prar	Prbg.g_01357	Prar.g_01618
OG0000628	Prav	Prbg.g_01357	Prav.g_00325
OG0000628	Prad	Prbg.g_01357	Prad.g_01068
OG0000628	Prag	Prbg.g_01357	Prag.g_00711
OG0000628	Praw	Prbg.g_01357	Praw.g_01790
OG0000628	Pras	Prbg.g_01357	Pras.g_01625
OG0000628	Prau	Prbg.g_01357	Prau.g_00774
OG0000628	Prax	Prbg.g_01357	Prax.g_00466
OG0000628	Prbd	Prbg.g_01357	Prbd.g_00026
OG0000628	Pray	Prbg.g_01357	Pray.g_00272
OG0000628	Praz	Prbg.g_01357	Praz.g_01588
OG0000628	Prba	Prbg.g_01357	Prba.g_01575
OG0000628	Prao	Prbg.g_01357	Prao.g_00667
OG0000628	Praa	Prbg.g_01357	Praa.g_00730
OG0000628	Prae	Prbg.g_01357	Prae.g_00730
OG0000628	Prbi	Prbg.g_01357	Prbi.g_00764
OG0000628	Pral	Prbg.g_01357	Pral.g_01708
OG0000628	Prat	Prbg.g_01357	Prat.g_00812
OG0000628	Syag	Prbg.g_01357	Syag.g_00757
OG0000628	Prah	Prbg.g_01357	Prah.g_00747
OG0000628	Praf	Prbg.g_01357	Praf.g_01440
OG0000628	Prbj	Prbg.g_01357	Prbj.g_02319
OG0000628	Prbk	Prbg.g_01357	Prbk.g_02375
OG0000628	Prbl	Prbg.g_01357	Prbl.g_02427
OG0000628	Syak	Prbg.g_01357	Syak.g_00560
OG0000628	Syab	Prbg.g_01357	Syab.g_01437
OG0000628	Syal	Prbg.g_01357	Syal.g_02047
OG0000628	Syae	Prbg.g_01357	Syae.g_00300
OG0000628	Syaa	Prbg.g_01357	Syaa.g_01413
OG0000628	Syac	Prbg.g_01357	Syac.g_01127
OG0000628	Syah	Prbg.g_01357	Syah.g_01570
OG0000628	Syai	Prbg.g_01357	Syai.g_01573
OG0000628	Syaf	Prbg.g_01357	Syaf.g_01783
OG0000628	Syam	Prbg.g_01357	Syam.g_01067
OG0000628	Syad	Prbg.g_01357	Syad.g_01641
OG0000628	Syaj	Prbg.g_01357	Syaj.g_00766
OG0000628	Syaq	Prbg.g_01357	Syaq.g_02426
OG0000628	Syan	Prbg.g_01357	Syan.g_00466
OG0000628	Syao	Prbg.g_01357	Syao.g_00566
OG0000628	Syas	Prbg.g_01357	Syas.g_00373
OG0000628	Syat	Prbg.g_01357	Syat.g_00640
OG0000628	Syap	Prbg.g_01357	Syap.g_00850
OG0000628	Syar	Prbg.g_01357	Syar.g_01869
OG0000628	Praj	Prbg.g_01357	Praj.g_00719
OG0000628	Prbm	Prbg.g_01357	Prbm.g_00763
OG0000628	Prbb	Prbg.g_01357	Prbb.g_00734
OG0000628	Prbc	Prbg.g_01357	Prbc.g_01808
OG0000628	Pram	Prbg.g_01357	Pram.g_01010
OG0000628	Prbh	Prbg.g_01357	Prbh.g_01153
OG0000628	Prak	Prbg.g_01357	Prak.g_01043
OG0000628	Prap	Prbg.g_01357	Prap.g_00327
OG0000628	Prbe	Prbg.g_01357	Prbe.g_01420
OG0000628	Prbf	Prbg.g_01357	Prbf.g_01047
OG0000628	Prbn	Prbg.g_01357	Prbn.g_01348
OG0000629	Prab	Prbg.g_01356	Prab.g_00743
OG0000629	Pran	Prbg.g_01356	Pran.g_01440
OG0000629	Prai	Prbg.g_01356	Prai.g_00768
OG0000629	Prac	Prbg.g_01356	Prac.g_01540
OG0000629	Praq	Prbg.g_01356	Praq.g_00603
OG0000629	Prar	Prbg.g_01356	Prar.g_01619
OG0000629	Prav	Prbg.g_01356	Prav.g_00326
OG0000629	Prad	Prbg.g_01356	Prad.g_01069
OG0000629	Prag	Prbg.g_01356	Prag.g_00712
OG0000629	Praw	Prbg.g_01356	Praw.g_01789
OG0000629	Prae	Prbg.g_01356	Prae.g_00731
OG0000629	Prbi	Prbg.g_01356	Prbi.g_00765
OG0000629	Pray	Prbg.g_01356	Pray.g_00273
OG0000629	Praz	Prbg.g_01356	Praz.g_01587
OG0000629	Prba	Prbg.g_01356	Prba.g_01574
OG0000629	Pras	Prbg.g_01356	Pras.g_01626
OG0000629	Prau	Prbg.g_01356	Prau.g_00775
OG0000629	Prbd	Prbg.g_01356	Prbd.g_00027
OG0000629	Praa	Prbg.g_01356	Praa.g_00731
OG0000629	Prao	Prbg.g_01356	Prao.g_00668
OG0000629	Prax	Prbg.g_01356	Prax.g_00465
OG0000629	Pral	Prbg.g_01356	Pral.g_01707
OG0000629	Prat	Prbg.g_01356	Prat.g_00813
OG0000629	Prbc	Prbg.g_01356	Prbc.g_01809
OG0000629	Prbb	Prbg.g_01356	Prbb.g_00735
OG0000629	Praj	Prbg.g_01356	Praj.g_00720
OG0000629	Prbm	Prbg.g_01356	Prbm.g_00764
OG0000629	Prbj	Prbg.g_01356	Prbj.g_02316
OG0000629	Prbk	Prbg.g_01356	Prbk.g_02372
OG0000629	Prbl	Prbg.g_01356	Prbl.g_02430
OG0000629	Praf	Prbg.g_01356	Praf.g_01437
OG0000629	Prah	Prbg.g_01356	Prah.g_00750
OG0000629	Syak	Prbg.g_01356	Syak.g_00556
OG0000629	Syab	Prbg.g_01356	Syab.g_01434
OG0000629	Syal	Prbg.g_01356	Syal.g_02044
OG0000629	Syag	Prbg.g_01356	Syag.g_00761
OG0000629	Syaq	Prbg.g_01356	Syaq.g_02429
OG0000629	Syar	Prbg.g_01356	Syar.g_01872
OG0000629	Syas	Prbg.g_01356	Syas.g_00376
OG0000629	Syat	Prbg.g_01356	Syat.g_00637
OG0000629	Syap	Prbg.g_01356	Syap.g_02334
OG0000629	Syan	Prbg.g_01356	Syan.g_00469
OG0000629	Syao	Prbg.g_01356	Syao.g_00590
OG0000629	Syac	Prbg.g_01356	Syac.g_01130
OG0000629	Syah	Prbg.g_01356	Syah.g_01573
OG0000629	Syaf	Prbg.g_01356	Syaf.g_01786
OG0000629	Syai	Prbg.g_01356	Syai.g_01570
OG0000629	Syam	Prbg.g_01356	Syam.g_01070
OG0000629	Syae	Prbg.g_01356	Syae.g_00303
OG0000629	Syaa	Prbg.g_01356	Syaa.g_01410
OG0000629	Syad	Prbg.g_01356	Syad.g_01644
OG0000629	Syaj	Prbg.g_01356	Syaj.g_00769
OG0000629	Pram	Prbg.g_01356	Pram.g_01008
OG0000629	Prbh	Prbg.g_01356	Prbh.g_01151
OG0000629	Prak	Prbg.g_01356	Prak.g_01042
OG0000629	Prap	Prbg.g_01356	Prap.g_00326
OG0000629	Prbe	Prbg.g_01356	Prbe.g_01419
OG0000629	Prbf	Prbg.g_01356	Prbf.g_01048
OG0000629	Prbn	Prbg.g_01356	Prbn.g_01349
OG0000630	Prab	Prbg.g_01353	Prab.g_00746
OG0000630	Pran	Prbg.g_01353	Pran.g_01437
OG0000630	Prai	Prbg.g_01353	Prai.g_00771
OG0000630	Prag	Prbg.g_01353	Prag.g_00715
OG0000630	Praw	Prbg.g_01353	Praw.g_01786
OG0000630	Prac	Prbg.g_01353	Prac.g_01537
OG0000630	Praq	Prbg.g_01353	Praq.g_00606
OG0000630	Prar	Prbg.g_01353	Prar.g_01622
OG0000630	Prad	Prbg.g_01353	Prad.g_01072
OG0000630	Prav	Prbg.g_01353	Prav.g_00329
OG0000630	Pray	Prbg.g_01353	Pray.g_00276
OG0000630	Praz	Prbg.g_01353	Praz.g_01584
OG0000630	Prba	Prbg.g_01353	Prba.g_01571
OG0000630	Prae	Prbg.g_01353	Prae.g_00734
OG0000630	Prbd	Prbg.g_01353	Prbd.g_00030
OG0000630	Prax	Prbg.g_01353	Prax.g_00462
OG0000630	Praa	Prbg.g_01353	Praa.g_00734
OG0000630	Pras	Prbg.g_01353	Pras.g_01629
OG0000630	Prau	Prbg.g_01353	Prau.g_00778
OG0000630	Prao	Prbg.g_01353	Prao.g_00671
OG0000630	Prbi	Prbg.g_01353	Prbi.g_00768
OG0000630	Prbm	Prbg.g_01353	Prbm.g_00767
OG0000630	Praj	Prbg.g_01353	Praj.g_00723
OG0000630	Prbb	Prbg.g_01353	Prbb.g_00738
OG0000630	Prbc	Prbg.g_01353	Prbc.g_01812
OG0000630	Prbj	Prbg.g_01353	Prbj.g_02312
OG0000630	Prbk	Prbg.g_01353	Prbk.g_02368
OG0000630	Prbl	Prbg.g_01353	Prbl.g_02434
OG0000630	Praf	Prbg.g_01353	Praf.g_01433
OG0000630	Prah	Prbg.g_01353	Prah.g_00754
OG0000630	Syar	Prbg.g_01353	Syar.g_02586
OG0000630	Syan	Prbg.g_01353	Syan.g_00474
OG0000630	Syao	Prbg.g_01353	Syao.g_00585
OG0000630	Syap	Prbg.g_01353	Syap.g_02793
OG0000630	Syas	Prbg.g_01353	Syas.g_00397
OG0000630	Syat	Prbg.g_01353	Syat.g_00631
OG0000630	Syae	Prbg.g_01353	Syae.g_00310
OG0000630	Syaa	Prbg.g_01353	Syaa.g_01406
OG0000630	Syad	Prbg.g_01353	Syad.g_01648
OG0000630	Syaj	Prbg.g_01353	Syaj.g_00773
OG0000630	Syaf	Prbg.g_01353	Syaf.g_01790
OG0000630	Syai	Prbg.g_01353	Syai.g_01566
OG0000630	Syam	Prbg.g_01353	Syam.g_01074
OG0000630	Syac	Prbg.g_01353	Syac.g_01134
OG0000630	Syah	Prbg.g_01353	Syah.g_01577
OG0000630	Syak	Prbg.g_01353	Syak.g_00552
OG0000630	Syab	Prbg.g_01353	Syab.g_01430
OG0000630	Syal	Prbg.g_01353	Syal.g_02040
OG0000630	Syag	Prbg.g_01353	Syag.g_00765
OG0000630	Syaq	Prbg.g_01353	Syaq.g_02433
OG0000630	Pral	Prbg.g_01353	Pral.g_01704
OG0000630	Prat	Prbg.g_01353	Prat.g_00816
OG0000630	Pram	Prbg.g_01353	Pram.g_01005
OG0000630	Prbh	Prbg.g_01353	Prbh.g_01148
OG0000630	Prak	Prbg.g_01353	Prak.g_01039
OG0000630	Prap	Prbg.g_01353	Prap.g_00323
OG0000630	Prbe	Prbg.g_01353	Prbe.g_01416
OG0000630	Prbf	Prbg.g_01353	Prbf.g_01051
OG0000630	Prbn	Prbg.g_01353	Prbn.g_01352
OG0000631	Prab	Prbg.g_01260	Prab.g_00831
OG0000631	Pran	Prbg.g_01260	Pran.g_01352
OG0000631	Prai	Prbg.g_01260	Prai.g_00857
OG0000631	Pray	Prbg.g_01260	Pray.g_00339
OG0000631	Praz	Prbg.g_01260	Praz.g_01521
OG0000631	Prba	Prbg.g_01260	Prba.g_01508
OG0000631	Prag	Prbg.g_01260	Prag.g_00797
OG0000631	Praw	Prbg.g_01260	Praw.g_01706
OG0000631	Prav	Prbg.g_01260	Prav.g_00388
OG0000631	Prac	Prbg.g_01260	Prac.g_01484
OG0000631	Praq	Prbg.g_01260	Praq.g_00661
OG0000631	Prar	Prbg.g_01260	Prar.g_01675
OG0000631	Prao	Prbg.g_01260	Prao.g_00732
OG0000631	Prbi	Prbg.g_01260	Prbi.g_00838
OG0000631	Praa	Prbg.g_01260	Praa.g_00794
OG0000631	Prbd	Prbg.g_01260	Prbd.g_00093
OG0000631	Prad	Prbg.g_01260	Prad.g_01137
OG0000631	Pras	Prbg.g_01260	Pras.g_01692
OG0000631	Prau	Prbg.g_01260	Prau.g_00845
OG0000631	Prae	Prbg.g_01260	Prae.g_00797
OG0000631	Prax	Prbg.g_01260	Prax.g_00382
OG0000631	Praf	Prbg.g_01260	Praf.g_01429
OG0000631	Prbj	Prbg.g_01260	Prbj.g_02306
OG0000631	Prbk	Prbg.g_01260	Prbk.g_02362
OG0000631	Prbl	Prbg.g_01260	Prbl.g_02440
OG0000631	Prah	Prbg.g_01260	Prah.g_00758
OG0000631	Syan	Prbg.g_01260	Syan.g_00484
OG0000631	Syao	Prbg.g_01260	Syao.g_00644
OG0000631	Syar	Prbg.g_01260	Syar.g_02579
OG0000631	Syat	Prbg.g_01260	Syat.g_00624
OG0000631	Syap	Prbg.g_01260	Syap.g_01724
OG0000631	Syas	Prbg.g_01260	Syas.g_00405
OG0000631	Syad	Prbg.g_01260	Syad.g_01658
OG0000631	Syaj	Prbg.g_01260	Syaj.g_00786
OG0000631	Syac	Prbg.g_01260	Syac.g_01139
OG0000631	Syah	Prbg.g_01260	Syah.g_01582
OG0000631	Syaf	Prbg.g_01260	Syaf.g_01801
OG0000631	Syai	Prbg.g_01260	Syai.g_01557
OG0000631	Syam	Prbg.g_01260	Syam.g_01084
OG0000631	Syae	Prbg.g_01260	Syae.g_00317
OG0000631	Syaa	Prbg.g_01260	Syaa.g_01400
OG0000631	Syak	Prbg.g_01260	Syak.g_00545
OG0000631	Syab	Prbg.g_01260	Syab.g_01421
OG0000631	Syal	Prbg.g_01260	Syal.g_02031
OG0000631	Syag	Prbg.g_01260	Syag.g_00772
OG0000631	Syaq	Prbg.g_01260	Syaq.g_02441
OG0000631	Prbb	Prbg.g_01260	Prbb.g_00962
OG0000631	Prbc	Prbg.g_01260	Prbc.g_02007
OG0000631	Prbm	Prbg.g_01260	Prbm.g_00959
OG0000631	Praj	Prbg.g_01260	Praj.g_00917
OG0000631	Pral	Prbg.g_01260	Pral.g_01658
OG0000631	Prat	Prbg.g_01260	Prat.g_00865
OG0000631	Pram	Prbg.g_01260	Pram.g_00913
OG0000631	Prbh	Prbg.g_01260	Prbh.g_01056
OG0000631	Prbf	Prbg.g_01260	Prbf.g_01144
OG0000631	Prak	Prbg.g_01260	Prak.g_00946
OG0000631	Prap	Prbg.g_01260	Prap.g_00683
OG0000631	Prbe	Prbg.g_01260	Prbe.g_01323
OG0000631	Prbn	Prbg.g_01260	Prbn.g_01445
OG0000632	Pray	Prbg.g_01261	Pray.g_00340
OG0000632	Praz	Prbg.g_01261	Praz.g_01520
OG0000632	Prba	Prbg.g_01261	Prba.g_01507
OG0000632	Prad	Prbg.g_01261	Prad.g_01138
OG0000632	Prag	Prbg.g_01261	Prag.g_00798
OG0000632	Praw	Prbg.g_01261	Praw.g_01705
OG0000632	Prao	Prbg.g_01261	Prao.g_00733
OG0000632	Prav	Prbg.g_01261	Prav.g_00389
OG0000632	Prae	Prbg.g_01261	Prae.g_00798
OG0000632	Praa	Prbg.g_01261	Praa.g_00795
OG0000632	Prax	Prbg.g_01261	Prax.g_00381
OG0000632	Prbd	Prbg.g_01261	Prbd.g_00094
OG0000632	Prbi	Prbg.g_01261	Prbi.g_00839
OG0000632	Pras	Prbg.g_01261	Pras.g_01693
OG0000632	Prau	Prbg.g_01261	Prau.g_00846
OG0000632	Prac	Prbg.g_01261	Prac.g_01483
OG0000632	Praq	Prbg.g_01261	Praq.g_00662
OG0000632	Prar	Prbg.g_01261	Prar.g_01676
OG0000632	Prab	Prbg.g_01261	Prab.g_00832
OG0000632	Pran	Prbg.g_01261	Pran.g_01351
OG0000632	Prai	Prbg.g_01261	Prai.g_00856
OG0000632	Pral	Prbg.g_01261	Pral.g_01657
OG0000632	Prat	Prbg.g_01261	Prat.g_00866
OG0000632	Prbm	Prbg.g_01261	Prbm.g_00960
OG0000632	Praj	Prbg.g_01261	Praj.g_00918
OG0000632	Prbb	Prbg.g_01261	Prbb.g_00963
OG0000632	Prbc	Prbg.g_01261	Prbc.g_02008
OG0000632	Syar	Prbg.g_01261	Syar.g_02578
OG0000632	Syat	Prbg.g_01261	Syat.g_00623
OG0000632	Syap	Prbg.g_01261	Syap.g_01725
OG0000632	Syao	Prbg.g_01261	Syao.g_00643
OG0000632	Syas	Prbg.g_01261	Syas.g_00406
OG0000632	Syan	Prbg.g_01261	Syan.g_00485
OG0000632	Syab	Prbg.g_01261	Syab.g_01420
OG0000632	Syal	Prbg.g_01261	Syal.g_02030
OG0000632	Syag	Prbg.g_01261	Syag.g_00773
OG0000632	Syaq	Prbg.g_01261	Syaq.g_02442
OG0000632	Praf	Prbg.g_01261	Praf.g_01428
OG0000632	Prbj	Prbg.g_01261	Prbj.g_02305
OG0000632	Prbk	Prbg.g_01261	Prbk.g_02361
OG0000632	Prbl	Prbg.g_01261	Prbl.g_02441
OG0000632	Prah	Prbg.g_01261	Prah.g_00759
OG0000632	Syak	Prbg.g_01261	Syak.g_00544
OG0000632	Syad	Prbg.g_01261	Syad.g_01659
OG0000632	Syaj	Prbg.g_01261	Syaj.g_00787
OG0000632	Syae	Prbg.g_01261	Syae.g_00318
OG0000632	Syaa	Prbg.g_01261	Syaa.g_01399
OG0000632	Syai	Prbg.g_01261	Syai.g_01556
OG0000632	Syam	Prbg.g_01261	Syam.g_01085
OG0000632	Syaf	Prbg.g_01261	Syaf.g_01802
OG0000632	Syac	Prbg.g_01261	Syac.g_01140
OG0000632	Syah	Prbg.g_01261	Syah.g_01583
OG0000632	Pram	Prbg.g_01261	Pram.g_00914
OG0000632	Prbh	Prbg.g_01261	Prbh.g_01057
OG0000632	Prak	Prbg.g_01261	Prak.g_00947
OG0000632	Prap	Prbg.g_01261	Prap.g_00682
OG0000632	Prbe	Prbg.g_01261	Prbe.g_01324
OG0000632	Prbf	Prbg.g_01261	Prbf.g_01143
OG0000632	Prbn	Prbg.g_01261	Prbn.g_01444
OG0000633	Prab	Prbg.g_01262	Prab.g_00833
OG0000633	Pran	Prbg.g_01262	Pran.g_01350
OG0000633	Prai	Prbg.g_01262	Prai.g_00855
OG0000633	Prad	Prbg.g_01262	Prad.g_01139
OG0000633	Pras	Prbg.g_01262	Pras.g_01694
OG0000633	Prau	Prbg.g_01262	Prau.g_00847
OG0000633	Prac	Prbg.g_01262	Prac.g_01482
OG0000633	Praq	Prbg.g_01262	Praq.g_00663
OG0000633	Prar	Prbg.g_01262	Prar.g_01677
OG0000633	Prag	Prbg.g_01262	Prag.g_00799
OG0000633	Praw	Prbg.g_01262	Praw.g_01704
OG0000633	Prav	Prbg.g_01262	Prav.g_00390
OG0000633	Prao	Prbg.g_01262	Prao.g_00734
OG0000633	Prbi	Prbg.g_01262	Prbi.g_00840
OG0000633	Pray	Prbg.g_01262	Pray.g_00341
OG0000633	Praz	Prbg.g_01262	Praz.g_01519
OG0000633	Prba	Prbg.g_01262	Prba.g_01506
OG0000633	Prae	Prbg.g_01262	Prae.g_00799
OG0000633	Prax	Prbg.g_01262	Prax.g_00380
OG0000633	Praa	Prbg.g_01262	Praa.g_00796
OG0000633	Prbd	Prbg.g_01262	Prbd.g_00095
OG0000633	Prbb	Prbg.g_01262	Prbb.g_00964
OG0000633	Prbm	Prbg.g_01262	Prbm.g_00961
OG0000633	Praj	Prbg.g_01262	Praj.g_00919
OG0000633	Prbc	Prbg.g_01262	Prbc.g_02009
OG0000633	Syak	Prbg.g_01262	Syak.g_00542
OG0000633	Syab	Prbg.g_01262	Syab.g_01419
OG0000633	Syal	Prbg.g_01262	Syal.g_02029
OG0000633	Syag	Prbg.g_01262	Syag.g_00774
OG0000633	Syaq	Prbg.g_01262	Syaq.g_02444
OG0000633	Syar	Prbg.g_01262	Syar.g_02576
OG0000633	Syat	Prbg.g_01262	Syat.g_00622
OG0000633	Syan	Prbg.g_01262	Syan.g_00489
OG0000633	Syao	Prbg.g_01262	Syao.g_00642
OG0000633	Syap	Prbg.g_01262	Syap.g_01726
OG0000633	Syas	Prbg.g_01262	Syas.g_00407
OG0000633	Prbj	Prbg.g_01262	Prbj.g_02304
OG0000633	Prbk	Prbg.g_01262	Prbk.g_02360
OG0000633	Prbl	Prbg.g_01262	Prbl.g_02442
OG0000633	Praf	Prbg.g_01262	Praf.g_01427
OG0000633	Prah	Prbg.g_01262	Prah.g_00760
OG0000633	Syad	Prbg.g_01262	Syad.g_01660
OG0000633	Syaj	Prbg.g_01262	Syaj.g_00789
OG0000633	Syae	Prbg.g_01262	Syae.g_00320
OG0000633	Syac	Prbg.g_01262	Syac.g_01141
OG0000633	Syah	Prbg.g_01262	Syah.g_01584
OG0000633	Syaa	Prbg.g_01262	Syaa.g_01397
OG0000633	Syam	Prbg.g_01262	Syam.g_01086
OG0000633	Syaf	Prbg.g_01262	Syaf.g_01803
OG0000633	Syai	Prbg.g_01262	Syai.g_01555
OG0000633	Pral	Prbg.g_01262	Pral.g_01656
OG0000633	Prat	Prbg.g_01262	Prat.g_00867
OG0000633	Pram	Prbg.g_01262	Pram.g_00915
OG0000633	Prbh	Prbg.g_01262	Prbh.g_01058
OG0000633	Prak	Prbg.g_01262	Prak.g_00948
OG0000633	Prap	Prbg.g_01262	Prap.g_00681
OG0000633	Prbe	Prbg.g_01262	Prbe.g_01325
OG0000633	Prbf	Prbg.g_01262	Prbf.g_01142
OG0000633	Prbn	Prbg.g_01262	Prbn.g_01443
OG0000634	Prab	Prbg.g_01155	Prab.g_00836
OG0000634	Pran	Prbg.g_01155	Pran.g_01347
OG0000634	Prai	Prbg.g_01155	Prai.g_00852
OG0000634	Prac	Prbg.g_01155	Prac.g_01479
OG0000634	Prar	Prbg.g_01155	Prar.g_01680
OG0000634	Praq	Prbg.g_01155	Praq.g_00666
OG0000634	Pray	Prbg.g_01155	Pray.g_00344
OG0000634	Praz	Prbg.g_01155	Praz.g_01516
OG0000634	Prba	Prbg.g_01155	Prba.g_01503
OG0000634	Prbi	Prbg.g_01155	Prbi.g_00843
OG0000634	Prao	Prbg.g_01155	Prao.g_00737
OG0000634	Prbd	Prbg.g_01155	Prbd.g_00098
OG0000634	Praa	Prbg.g_01155	Praa.g_00799
OG0000634	Prax	Prbg.g_01155	Prax.g_00377
OG0000634	Pras	Prbg.g_01155	Pras.g_01697
OG0000634	Prau	Prbg.g_01155	Prau.g_00850
OG0000634	Prae	Prbg.g_01155	Prae.g_00802
OG0000634	Prad	Prbg.g_01155	Prad.g_01142
OG0000634	Prag	Prbg.g_01155	Prag.g_00802
OG0000634	Praw	Prbg.g_01155	Praw.g_01701
OG0000634	Prav	Prbg.g_01155	Prav.g_00393
OG0000634	Prbm	Prbg.g_01155	Prbm.g_00810
OG0000634	Praj	Prbg.g_01155	Praj.g_00765
OG0000634	Prbb	Prbg.g_01155	Prbb.g_00779
OG0000634	Prbc	Prbg.g_01155	Prbc.g_01854
OG0000634	Prbj	Prbg.g_01155	Prbj.g_02408
OG0000634	Prbk	Prbg.g_01155	Prbk.g_02464
OG0000634	Prbl	Prbg.g_01155	Prbl.g_02339
OG0000634	Praf	Prbg.g_01155	Praf.g_01526
OG0000634	Prah	Prbg.g_01155	Prah.g_00671
OG0000634	Syag	Prbg.g_01155	Syag.g_00663
OG0000634	Syaq	Prbg.g_01155	Syaq.g_02336
OG0000634	Syak	Prbg.g_01155	Syak.g_00430
OG0000634	Syab	Prbg.g_01155	Syab.g_01651
OG0000634	Syal	Prbg.g_01155	Syal.g_02410
OG0000634	Syan	Prbg.g_01155	Syan.g_00694
OG0000634	Syao	Prbg.g_01155	Syao.g_00752
OG0000634	Syar	Prbg.g_01155	Syar.g_02635
OG0000634	Syap	Prbg.g_01155	Syap.g_00190
OG0000634	Syas	Prbg.g_01155	Syas.g_00600
OG0000634	Syat	Prbg.g_01155	Syat.g_00475
OG0000634	Syaa	Prbg.g_01155	Syaa.g_01150
OG0000634	Syac	Prbg.g_01155	Syac.g_01345
OG0000634	Syah	Prbg.g_01155	Syah.g_01783
OG0000634	Syam	Prbg.g_01155	Syam.g_01294
OG0000634	Syaf	Prbg.g_01155	Syaf.g_02053
OG0000634	Syai	Prbg.g_01155	Syai.g_01317
OG0000634	Syae	Prbg.g_01155	Syae.g_00525
OG0000634	Syad	Prbg.g_01155	Syad.g_01893
OG0000634	Syaj	Prbg.g_01155	Syaj.g_01030
OG0000634	Pral	Prbg.g_01155	Pral.g_01484
OG0000634	Prat	Prbg.g_01155	Prat.g_01041
OG0000634	Pram	Prbg.g_01155	Pram.g_00805
OG0000634	Prbh	Prbg.g_01155	Prbh.g_00949
OG0000634	Prak	Prbg.g_01155	Prak.g_00841
OG0000634	Prap	Prbg.g_01155	Prap.g_00787
OG0000634	Prbe	Prbg.g_01155	Prbe.g_01218
OG0000634	Prbf	Prbg.g_01155	Prbf.g_01249
OG0000634	Prbn	Prbg.g_01155	Prbn.g_01550
OG0000635	Prab	Prbg.g_01156	Prab.g_00837
OG0000635	Pran	Prbg.g_01156	Pran.g_01346
OG0000635	Prai	Prbg.g_01156	Prai.g_00851
OG0000635	Prac	Prbg.g_01156	Prac.g_01478
OG0000635	Praq	Prbg.g_01156	Praq.g_00667
OG0000635	Prar	Prbg.g_01156	Prar.g_01681
OG0000635	Pray	Prbg.g_01156	Pray.g_00345
OG0000635	Praz	Prbg.g_01156	Praz.g_01515
OG0000635	Prba	Prbg.g_01156	Prba.g_01502
OG0000635	Prav	Prbg.g_01156	Prav.g_00394
OG0000635	Prag	Prbg.g_01156	Prag.g_00803
OG0000635	Praw	Prbg.g_01156	Praw.g_01700
OG0000635	Prao	Prbg.g_01156	Prao.g_00738
OG0000635	Prbi	Prbg.g_01156	Prbi.g_00844
OG0000635	Prad	Prbg.g_01156	Prad.g_01143
OG0000635	Prae	Prbg.g_01156	Prae.g_00803
OG0000635	Pras	Prbg.g_01156	Pras.g_01698
OG0000635	Prau	Prbg.g_01156	Prau.g_00851
OG0000635	Prax	Prbg.g_01156	Prax.g_00376
OG0000635	Praa	Prbg.g_01156	Praa.g_00800
OG0000635	Prbd	Prbg.g_01156	Prbd.g_00099
OG0000635	Pram	Prbg.g_01156	Pram.g_00806
OG0000635	Prbh	Prbg.g_01156	Prbh.g_00950
OG0000635	Pral	Prbg.g_01156	Pral.g_01485
OG0000635	Prat	Prbg.g_01156	Prat.g_01040
OG0000635	Prbm	Prbg.g_01156	Prbm.g_00811
OG0000635	Praj	Prbg.g_01156	Praj.g_00766
OG0000635	Prbc	Prbg.g_01156	Prbc.g_01855
OG0000635	Prbb	Prbg.g_01156	Prbb.g_00780
OG0000635	Prbj	Prbg.g_01156	Prbj.g_02409
OG0000635	Prbk	Prbg.g_01156	Prbk.g_02465
OG0000635	Prbl	Prbg.g_01156	Prbl.g_02338
OG0000635	Praf	Prbg.g_01156	Praf.g_01527
OG0000635	Prah	Prbg.g_01156	Prah.g_00670
OG0000635	Syan	Prbg.g_01156	Syan.g_00693
OG0000635	Syao	Prbg.g_01156	Syao.g_00753
OG0000635	Syar	Prbg.g_01156	Syar.g_02636
OG0000635	Syap	Prbg.g_01156	Syap.g_00191
OG0000635	Syat	Prbg.g_01156	Syat.g_00476
OG0000635	Syas	Prbg.g_01156	Syas.g_00599
OG0000635	Syad	Prbg.g_01156	Syad.g_01892
OG0000635	Syaj	Prbg.g_01156	Syaj.g_01029
OG0000635	Syaa	Prbg.g_01156	Syaa.g_01151
OG0000635	Syae	Prbg.g_01156	Syae.g_00524
OG0000635	Syai	Prbg.g_01156	Syai.g_01318
OG0000635	Syaf	Prbg.g_01156	Syaf.g_02052
OG0000635	Syam	Prbg.g_01156	Syam.g_01293
OG0000635	Syac	Prbg.g_01156	Syac.g_01344
OG0000635	Syah	Prbg.g_01156	Syah.g_01782
OG0000635	Syag	Prbg.g_01156	Syag.g_00664
OG0000635	Syab	Prbg.g_01156	Syab.g_01656
OG0000635	Syal	Prbg.g_01156	Syal.g_02411
OG0000635	Syaq	Prbg.g_01156	Syaq.g_02337
OG0000635	Syak	Prbg.g_01156	Syak.g_00431
OG0000635	Prak	Prbg.g_01156	Prak.g_00842
OG0000635	Prap	Prbg.g_01156	Prap.g_00786
OG0000635	Prbe	Prbg.g_01156	Prbe.g_01219
OG0000635	Prbf	Prbg.g_01156	Prbf.g_01248
OG0000635	Prbn	Prbg.g_01156	Prbn.g_01549
OG0000636	Prab	Prbg.g_01158	Prab.g_00839
OG0000636	Pran	Prbg.g_01158	Pran.g_01344
OG0000636	Prai	Prbg.g_01158	Prai.g_00849
OG0000636	Prac	Prbg.g_01158	Prac.g_01476
OG0000636	Praq	Prbg.g_01158	Praq.g_00669
OG0000636	Prar	Prbg.g_01158	Prar.g_01683
OG0000636	Prag	Prbg.g_01158	Prag.g_00805
OG0000636	Praw	Prbg.g_01158	Praw.g_01698
OG0000636	Prav	Prbg.g_01158	Prav.g_00396
OG0000636	Pray	Prbg.g_01158	Pray.g_00347
OG0000636	Praz	Prbg.g_01158	Praz.g_01513
OG0000636	Prba	Prbg.g_01158	Prba.g_01500
OG0000636	Prbd	Prbg.g_01158	Prbd.g_00101
OG0000636	Pras	Prbg.g_01158	Pras.g_01700
OG0000636	Prau	Prbg.g_01158	Prau.g_00853
OG0000636	Prad	Prbg.g_01158	Prad.g_01145
OG0000636	Prax	Prbg.g_01158	Prax.g_00374
OG0000636	Prbi	Prbg.g_01158	Prbi.g_00846
OG0000636	Praa	Prbg.g_01158	Praa.g_00802
OG0000636	Prae	Prbg.g_01158	Prae.g_00805
OG0000636	Prao	Prbg.g_01158	Prao.g_00740
OG0000636	Prbm	Prbg.g_01158	Prbm.g_00813
OG0000636	Praj	Prbg.g_01158	Praj.g_00768
OG0000636	Prbc	Prbg.g_01158	Prbc.g_01857
OG0000636	Prbb	Prbg.g_01158	Prbb.g_00782
OG0000636	Pral	Prbg.g_01158	Pral.g_01487
OG0000636	Prah	Prbg.g_01158	Prah.g_00668
OG0000636	Praf	Prbg.g_01158	Praf.g_01529
OG0000636	Prbj	Prbg.g_01158	Prbj.g_02411
OG0000636	Prbk	Prbg.g_01158	Prbk.g_02467
OG0000636	Prbl	Prbg.g_01158	Prbl.g_02336
OG0000636	Syas	Prbg.g_01158	Syas.g_00597
OG0000636	Syan	Prbg.g_01158	Syan.g_00691
OG0000636	Syao	Prbg.g_01158	Syao.g_00755
OG0000636	Syak	Prbg.g_01158	Syak.g_00433
OG0000636	Syab	Prbg.g_01158	Syab.g_01658
OG0000636	Syal	Prbg.g_01158	Syal.g_02413
OG0000636	Syag	Prbg.g_01158	Syag.g_00666
OG0000636	Syaq	Prbg.g_01158	Syaq.g_02339
OG0000636	Syaj	Prbg.g_01158	Syaj.g_01024
OG0000636	Syae	Prbg.g_01158	Syae.g_00522
OG0000636	Syad	Prbg.g_01158	Syad.g_01890
OG0000636	Syaa	Prbg.g_01158	Syaa.g_01153
OG0000636	Syac	Prbg.g_01158	Syac.g_01342
OG0000636	Syah	Prbg.g_01158	Syah.g_01780
OG0000636	Syaf	Prbg.g_01158	Syaf.g_02050
OG0000636	Syai	Prbg.g_01158	Syai.g_01320
OG0000636	Syam	Prbg.g_01158	Syam.g_01291
OG0000636	Syat	Prbg.g_01158	Syat.g_00478
OG0000636	Syap	Prbg.g_01158	Syap.g_00193
OG0000636	Syar	Prbg.g_01158	Syar.g_02638
OG0000636	Prat	Prbg.g_01158	Prat.g_01038
OG0000636	Pram	Prbg.g_01158	Pram.g_00808
OG0000636	Prbh	Prbg.g_01158	Prbh.g_00952
OG0000636	Prak	Prbg.g_01158	Prak.g_00844
OG0000636	Prap	Prbg.g_01158	Prap.g_00784
OG0000636	Prbe	Prbg.g_01158	Prbe.g_01221
OG0000636	Prbf	Prbg.g_01158	Prbf.g_01246
OG0000636	Prbn	Prbg.g_01158	Prbn.g_01547
OG0000637	Prab	Prbg.g_01160	Prab.g_00841
OG0000637	Pran	Prbg.g_01160	Pran.g_01342
OG0000637	Prai	Prbg.g_01160	Prai.g_00847
OG0000637	Pray	Prbg.g_01160	Pray.g_00349
OG0000637	Praz	Prbg.g_01160	Praz.g_01511
OG0000637	Prba	Prbg.g_01160	Prba.g_01498
OG0000637	Praa	Prbg.g_01160	Praa.g_00804
OG0000637	Prad	Prbg.g_01160	Prad.g_01147
OG0000637	Prae	Prbg.g_01160	Prae.g_00807
OG0000637	Prag	Prbg.g_01160	Prag.g_00807
OG0000637	Prao	Prbg.g_01160	Prao.g_00742
OG0000637	Praw	Prbg.g_01160	Praw.g_01696
OG0000637	Prax	Prbg.g_01160	Prax.g_00372
OG0000637	Prbd	Prbg.g_01160	Prbd.g_00103
OG0000637	Prbi	Prbg.g_01160	Prbi.g_00848
OG0000637	Prac	Prbg.g_01160	Prac.g_01474
OG0000637	Praq	Prbg.g_01160	Praq.g_00671
OG0000637	Prar	Prbg.g_01160	Prar.g_01685
OG0000637	Pras	Prbg.g_01160	Pras.g_01702
OG0000637	Prau	Prbg.g_01160	Prau.g_00855
OG0000637	Prav	Prbg.g_01160	Prav.g_00398
OG0000637	Pram	Prbg.g_01160	Pram.g_00810
OG0000637	Prbh	Prbg.g_01160	Prbh.g_00954
OG0000637	Pral	Prbg.g_01160	Pral.g_01489
OG0000637	Prat	Prbg.g_01160	Prat.g_01036
OG0000637	Praj	Prbg.g_01160	Praj.g_00770
OG0000637	Prbb	Prbg.g_01160	Prbb.g_00784
OG0000637	Prbc	Prbg.g_01160	Prbc.g_01859
OG0000637	Prbm	Prbg.g_01160	Prbm.g_00815
OG0000637	Syat	Prbg.g_01160	Syat.g_00480
OG0000637	Syak	Prbg.g_01160	Syak.g_00435
OG0000637	Syac	Prbg.g_01160	Syac.g_01340
OG0000637	Syaf	Prbg.g_01160	Syaf.g_02048
OG0000637	Syag	Prbg.g_01160	Syag.g_00668
OG0000637	Syah	Prbg.g_01160	Syah.g_01778
OG0000637	Syai	Prbg.g_01160	Syai.g_01322
OG0000637	Syam	Prbg.g_01160	Syam.g_01289
OG0000637	Syao	Prbg.g_01160	Syao.g_00757
OG0000637	Syaa	Prbg.g_01160	Syaa.g_01155
OG0000637	Syas	Prbg.g_01160	Syas.g_00595
OG0000637	Praf	Prbg.g_01160	Praf.g_01531
OG0000637	Prah	Prbg.g_01160	Prah.g_00666
OG0000637	Prbj	Prbg.g_01160	Prbj.g_02413
OG0000637	Prbk	Prbg.g_01160	Prbk.g_02469
OG0000637	Prbl	Prbg.g_01160	Prbl.g_02334
OG0000637	Syab	Prbg.g_01160	Syab.g_01660
OG0000637	Syad	Prbg.g_01160	Syad.g_01888
OG0000637	Syae	Prbg.g_01160	Syae.g_00520
OG0000637	Syaj	Prbg.g_01160	Syaj.g_01022
OG0000637	Syal	Prbg.g_01160	Syal.g_02415
OG0000637	Syan	Prbg.g_01160	Syan.g_00689
OG0000637	Syap	Prbg.g_01160	Syap.g_00195
OG0000637	Syaq	Prbg.g_01160	Syaq.g_02341
OG0000637	Syar	Prbg.g_01160	Syar.g_02640
OG0000637	Prak	Prbg.g_01160	Prak.g_00846
OG0000637	Prap	Prbg.g_01160	Prap.g_00782
OG0000637	Prbe	Prbg.g_01160	Prbe.g_01223
OG0000637	Prbf	Prbg.g_01160	Prbf.g_01244
OG0000637	Prbn	Prbg.g_01160	Prbn.g_01545
OG0000638	Prac	Prbg.g_01161	Prac.g_01473
OG0000638	Praq	Prbg.g_01161	Praq.g_00672
OG0000638	Prar	Prbg.g_01161	Prar.g_01686
OG0000638	Prag	Prbg.g_01161	Prag.g_00808
OG0000638	Praw	Prbg.g_01161	Praw.g_01695
OG0000638	Prao	Prbg.g_01161	Prao.g_00743
OG0000638	Prbi	Prbg.g_01161	Prbi.g_00849
OG0000638	Prae	Prbg.g_01161	Prae.g_00808
OG0000638	Prax	Prbg.g_01161	Prax.g_00371
OG0000638	Pras	Prbg.g_01161	Pras.g_01703
OG0000638	Prau	Prbg.g_01161	Prau.g_00856
OG0000638	Pray	Prbg.g_01161	Pray.g_00350
OG0000638	Praz	Prbg.g_01161	Praz.g_01510
OG0000638	Prba	Prbg.g_01161	Prba.g_01497
OG0000638	Prbd	Prbg.g_01161	Prbd.g_00104
OG0000638	Praa	Prbg.g_01161	Praa.g_00805
OG0000638	Prad	Prbg.g_01161	Prad.g_01148
OG0000638	Prav	Prbg.g_01161	Prav.g_00399
OG0000638	Prab	Prbg.g_01161	Prab.g_00842
OG0000638	Pran	Prbg.g_01161	Pran.g_01341
OG0000638	Prai	Prbg.g_01161	Prai.g_00846
OG0000638	Prbm	Prbg.g_01161	Prbm.g_00816
OG0000638	Prbc	Prbg.g_01161	Prbc.g_01860
OG0000638	Prbb	Prbg.g_01161	Prbb.g_00785
OG0000638	Praj	Prbg.g_01161	Praj.g_00771
OG0000638	Pral	Prbg.g_01161	Pral.g_01490
OG0000638	Prah	Prbg.g_01161	Prah.g_00665
OG0000638	Praf	Prbg.g_01161	Praf.g_01532
OG0000638	Prbj	Prbg.g_01161	Prbj.g_02414
OG0000638	Prbk	Prbg.g_01161	Prbk.g_02470
OG0000638	Prbl	Prbg.g_01161	Prbl.g_02333
OG0000638	Syag	Prbg.g_01161	Syag.g_00669
OG0000638	Syak	Prbg.g_01161	Syak.g_00436
OG0000638	Syab	Prbg.g_01161	Syab.g_01661
OG0000638	Syal	Prbg.g_01161	Syal.g_02416
OG0000638	Syaq	Prbg.g_01161	Syaq.g_02342
OG0000638	Syaf	Prbg.g_01161	Syaf.g_02047
OG0000638	Syai	Prbg.g_01161	Syai.g_01323
OG0000638	Syam	Prbg.g_01161	Syam.g_01288
OG0000638	Syaa	Prbg.g_01161	Syaa.g_01156
OG0000638	Syac	Prbg.g_01161	Syac.g_01339
OG0000638	Syah	Prbg.g_01161	Syah.g_01777
OG0000638	Syae	Prbg.g_01161	Syae.g_00519
OG0000638	Syad	Prbg.g_01161	Syad.g_01887
OG0000638	Syaj	Prbg.g_01161	Syaj.g_01021
OG0000638	Syar	Prbg.g_01161	Syar.g_02641
OG0000638	Syan	Prbg.g_01161	Syan.g_00688
OG0000638	Syao	Prbg.g_01161	Syao.g_00758
OG0000638	Syat	Prbg.g_01161	Syat.g_00481
OG0000638	Syap	Prbg.g_01161	Syap.g_00196
OG0000638	Syas	Prbg.g_01161	Syas.g_00594
OG0000638	Prat	Prbg.g_01161	Prat.g_01035
OG0000638	Pram	Prbg.g_01161	Pram.g_00811
OG0000638	Prbh	Prbg.g_01161	Prbh.g_00955
OG0000638	Prak	Prbg.g_01161	Prak.g_00847
OG0000638	Prap	Prbg.g_01161	Prap.g_00781
OG0000638	Prbe	Prbg.g_01161	Prbe.g_01224
OG0000638	Prbf	Prbg.g_01161	Prbf.g_01243
OG0000638	Prbn	Prbg.g_01161	Prbn.g_01544
OG0000639	Praa	Prbg.g_01162	Praa.g_00806
OG0000639	Prae	Prbg.g_01162	Prae.g_00809
OG0000639	Prao	Prbg.g_01162	Prao.g_00744
OG0000639	Prau	Prbg.g_01162	Prau.g_00857
OG0000639	Pray	Prbg.g_01162	Pray.g_00351
OG0000639	Praz	Prbg.g_01162	Praz.g_01509
OG0000639	Prba	Prbg.g_01162	Prba.g_01496
OG0000639	Prbd	Prbg.g_01162	Prbd.g_00105
OG0000639	Prav	Prbg.g_01162	Prav.g_00400
OG0000639	Prad	Prbg.g_01162	Prad.g_01149
OG0000639	Prag	Prbg.g_01162	Prag.g_00809
OG0000639	Praw	Prbg.g_01162	Praw.g_01694
OG0000639	Pras	Prbg.g_01162	Pras.g_01704
OG0000639	Prbi	Prbg.g_01162	Prbi.g_00850
OG0000639	Prac	Prbg.g_01162	Prac.g_01472
OG0000639	Praq	Prbg.g_01162	Praq.g_00673
OG0000639	Prar	Prbg.g_01162	Prar.g_01687
OG0000639	Prax	Prbg.g_01162	Prax.g_00370
OG0000639	Prab	Prbg.g_01162	Prab.g_00843
OG0000639	Pran	Prbg.g_01162	Pran.g_01340
OG0000639	Prai	Prbg.g_01162	Prai.g_00845
OG0000639	Praj	Prbg.g_01162	Praj.g_00772
OG0000639	Prbb	Prbg.g_01162	Prbb.g_00786
OG0000639	Prbc	Prbg.g_01162	Prbc.g_01861
OG0000639	Prbm	Prbg.g_01162	Prbm.g_00817
OG0000639	Praf	Prbg.g_01162	Praf.g_01533
OG0000639	Prah	Prbg.g_01162	Prah.g_00664
OG0000639	Prbj	Prbg.g_01162	Prbj.g_02415
OG0000639	Prbk	Prbg.g_01162	Prbk.g_02471
OG0000639	Prbl	Prbg.g_01162	Prbl.g_02332
OG0000639	Syaf	Prbg.g_01162	Syaf.g_02046
OG0000639	Syai	Prbg.g_01162	Syai.g_01324
OG0000639	Syam	Prbg.g_01162	Syam.g_01287
OG0000639	Syae	Prbg.g_01162	Syae.g_00518
OG0000639	Syad	Prbg.g_01162	Syad.g_01886
OG0000639	Syaj	Prbg.g_01162	Syaj.g_01020
OG0000639	Syaa	Prbg.g_01162	Syaa.g_01157
OG0000639	Syac	Prbg.g_01162	Syac.g_01338
OG0000639	Syah	Prbg.g_01162	Syah.g_01776
OG0000639	Syap	Prbg.g_01162	Syap.g_00197
OG0000639	Syao	Prbg.g_01162	Syao.g_00759
OG0000639	Syas	Prbg.g_01162	Syas.g_00593
OG0000639	Syan	Prbg.g_01162	Syan.g_00687
OG0000639	Syar	Prbg.g_01162	Syar.g_02642
OG0000639	Syat	Prbg.g_01162	Syat.g_00482
OG0000639	Syab	Prbg.g_01162	Syab.g_01276
OG0000639	Syal	Prbg.g_01162	Syal.g_01868
OG0000639	Syaq	Prbg.g_01162	Syaq.g_02343
OG0000639	Syag	Prbg.g_01162	Syag.g_00670
OG0000639	Syak	Prbg.g_01162	Syak.g_00437
OG0000639	Pral	Prbg.g_01162	Pral.g_01491
OG0000639	Prat	Prbg.g_01162	Prat.g_01034
OG0000639	Pram	Prbg.g_01162	Pram.g_00812
OG0000639	Prbh	Prbg.g_01162	Prbh.g_00956
OG0000639	Prak	Prbg.g_01162	Prak.g_00848
OG0000639	Prap	Prbg.g_01162	Prap.g_00780
OG0000639	Prbe	Prbg.g_01162	Prbe.g_01225
OG0000639	Prbf	Prbg.g_01162	Prbf.g_01242
OG0000639	Prbn	Prbg.g_01162	Prbn.g_01543
OG0000640	Prav	Prbg.g_01163	Prav.g_00401
OG0000640	Prag	Prbg.g_01163	Prag.g_00810
OG0000640	Praw	Prbg.g_01163	Praw.g_01693
OG0000640	Prac	Prbg.g_01163	Prac.g_01471
OG0000640	Praq	Prbg.g_01163	Praq.g_00674
OG0000640	Prar	Prbg.g_01163	Prar.g_01688
OG0000640	Prab	Prbg.g_01163	Prab.g_00844
OG0000640	Pran	Prbg.g_01163	Pran.g_01339
OG0000640	Prai	Prbg.g_01163	Prai.g_00844
OG0000640	Prad	Prbg.g_01163	Prad.g_01150
OG0000640	Pray	Prbg.g_01163	Pray.g_00352
OG0000640	Praz	Prbg.g_01163	Praz.g_01508
OG0000640	Prba	Prbg.g_01163	Prba.g_01495
OG0000640	Prbi	Prbg.g_01163	Prbi.g_00851
OG0000640	Praa	Prbg.g_01163	Praa.g_00807
OG0000640	Prbd	Prbg.g_01163	Prbd.g_00106
OG0000640	Prae	Prbg.g_01163	Prae.g_00810
OG0000640	Prao	Prbg.g_01163	Prao.g_00745
OG0000640	Pras	Prbg.g_01163	Pras.g_01705
OG0000640	Prau	Prbg.g_01163	Prau.g_00858
OG0000640	Prax	Prbg.g_01163	Prax.g_00369
OG0000640	Prbm	Prbg.g_01163	Prbm.g_00818
OG0000640	Praj	Prbg.g_01163	Praj.g_00773
OG0000640	Prbc	Prbg.g_01163	Prbc.g_01862
OG0000640	Prbb	Prbg.g_01163	Prbb.g_00787
OG0000640	Prbj	Prbg.g_01163	Prbj.g_02416
OG0000640	Prbk	Prbg.g_01163	Prbk.g_02472
OG0000640	Prbl	Prbg.g_01163	Prbl.g_02331
OG0000640	Praf	Prbg.g_01163	Praf.g_01534
OG0000640	Prah	Prbg.g_01163	Prah.g_00663
OG0000640	Syar	Prbg.g_01163	Syar.g_02643
OG0000640	Syat	Prbg.g_01163	Syat.g_00483
OG0000640	Syap	Prbg.g_01163	Syap.g_00198
OG0000640	Syas	Prbg.g_01163	Syas.g_00592
OG0000640	Syan	Prbg.g_01163	Syan.g_00686
OG0000640	Syao	Prbg.g_01163	Syao.g_00760
OG0000640	Syae	Prbg.g_01163	Syae.g_00517
OG0000640	Syad	Prbg.g_01163	Syad.g_01885
OG0000640	Syaj	Prbg.g_01163	Syaj.g_01019
OG0000640	Syaa	Prbg.g_01163	Syaa.g_01158
OG0000640	Syac	Prbg.g_01163	Syac.g_01337
OG0000640	Syah	Prbg.g_01163	Syah.g_01775
OG0000640	Syai	Prbg.g_01163	Syai.g_01325
OG0000640	Syaf	Prbg.g_01163	Syaf.g_02045
OG0000640	Syam	Prbg.g_01163	Syam.g_01286
OG0000640	Syag	Prbg.g_01163	Syag.g_00671
OG0000640	Syak	Prbg.g_01163	Syak.g_00438
OG0000640	Syaq	Prbg.g_01163	Syaq.g_02344
OG0000640	Syab	Prbg.g_01163	Syab.g_01277
OG0000640	Syal	Prbg.g_01163	Syal.g_01869
OG0000640	Pram	Prbg.g_01163	Pram.g_00813
OG0000640	Prbh	Prbg.g_01163	Prbh.g_00957
OG0000640	Pral	Prbg.g_01163	Pral.g_01492
OG0000640	Prat	Prbg.g_01163	Prat.g_01033
OG0000640	Prak	Prbg.g_01163	Prak.g_00849
OG0000640	Prap	Prbg.g_01163	Prap.g_00779
OG0000640	Prbe	Prbg.g_01163	Prbe.g_01226
OG0000640	Prbf	Prbg.g_01163	Prbf.g_01241
OG0000640	Prbn	Prbg.g_01163	Prbn.g_01542
OG0000641	Prac	Prbg.g_01167	Prac.g_01467
OG0000641	Praq	Prbg.g_01167	Praq.g_00678
OG0000641	Prar	Prbg.g_01167	Prar.g_01692
OG0000641	Pras	Prbg.g_01167	Pras.g_01709
OG0000641	Prau	Prbg.g_01167	Prau.g_00862
OG0000641	Prab	Prbg.g_01167	Prab.g_00848
OG0000641	Pran	Prbg.g_01167	Pran.g_01335
OG0000641	Prai	Prbg.g_01167	Prai.g_00839
OG0000641	Prag	Prbg.g_01167	Prag.g_00814
OG0000641	Praw	Prbg.g_01167	Praw.g_01689
OG0000641	Pray	Prbg.g_01167	Pray.g_00356
OG0000641	Praz	Prbg.g_01167	Praz.g_01504
OG0000641	Prba	Prbg.g_01167	Prba.g_01491
OG0000641	Prad	Prbg.g_01167	Prad.g_01154
OG0000641	Prax	Prbg.g_01167	Prax.g_00365
OG0000641	Prbi	Prbg.g_01167	Prbi.g_00855
OG0000641	Prbd	Prbg.g_01167	Prbd.g_00110
OG0000641	Prae	Prbg.g_01167	Prae.g_00814
OG0000641	Praa	Prbg.g_01167	Praa.g_00812
OG0000641	Prav	Prbg.g_01167	Prav.g_00405
OG0000641	Prao	Prbg.g_01167	Prao.g_00749
OG0000641	Pral	Prbg.g_01167	Pral.g_01496
OG0000641	Prat	Prbg.g_01167	Prat.g_01029
OG0000641	Prbc	Prbg.g_01167	Prbc.g_01866
OG0000641	Prbm	Prbg.g_01167	Prbm.g_00822
OG0000641	Praj	Prbg.g_01167	Praj.g_00777
OG0000641	Prbb	Prbg.g_01167	Prbb.g_00791
OG0000641	Prah	Prbg.g_01167	Prah.g_00659
OG0000641	Praf	Prbg.g_01167	Praf.g_01538
OG0000641	Prbj	Prbg.g_01167	Prbj.g_02420
OG0000641	Prbk	Prbg.g_01167	Prbk.g_02476
OG0000641	Prbl	Prbg.g_01167	Prbl.g_02327
OG0000641	Syan	Prbg.g_01167	Syan.g_00682
OG0000641	Syao	Prbg.g_01167	Syao.g_00764
OG0000641	Syar	Prbg.g_01167	Syar.g_02648
OG0000641	Syat	Prbg.g_01167	Syat.g_00488
OG0000641	Syap	Prbg.g_01167	Syap.g_00203
OG0000641	Syas	Prbg.g_01167	Syas.g_00587
OG0000641	Syad	Prbg.g_01167	Syad.g_01881
OG0000641	Syaj	Prbg.g_01167	Syaj.g_01015
OG0000641	Syab	Prbg.g_01167	Syab.g_01281
OG0000641	Syal	Prbg.g_01167	Syal.g_01873
OG0000641	Syac	Prbg.g_01167	Syac.g_01333
OG0000641	Syah	Prbg.g_01167	Syah.g_01771
OG0000641	Syaf	Prbg.g_01167	Syaf.g_02041
OG0000641	Syai	Prbg.g_01167	Syai.g_01329
OG0000641	Syam	Prbg.g_01167	Syam.g_01282
OG0000641	Syaa	Prbg.g_01167	Syaa.g_01162
OG0000641	Syae	Prbg.g_01167	Syae.g_00513
OG0000641	Syak	Prbg.g_01167	Syak.g_00442
OG0000641	Syag	Prbg.g_01167	Syag.g_00675
OG0000641	Syaq	Prbg.g_01167	Syaq.g_02348
OG0000641	Pram	Prbg.g_01167	Pram.g_00817
OG0000641	Prbh	Prbg.g_01167	Prbh.g_00961
OG0000641	Prak	Prbg.g_01167	Prak.g_00853
OG0000641	Prap	Prbg.g_01167	Prap.g_00775
OG0000641	Prbe	Prbg.g_01167	Prbe.g_01230
OG0000641	Prbf	Prbg.g_01167	Prbf.g_01237
OG0000641	Prbn	Prbg.g_01167	Prbn.g_01538
OG0000642	Prag	Prbg.g_01168	Prag.g_00815
OG0000642	Praw	Prbg.g_01168	Praw.g_01688
OG0000642	Prad	Prbg.g_01168	Prad.g_01155
OG0000642	Prax	Prbg.g_01168	Prax.g_00364
OG0000642	Pray	Prbg.g_01168	Pray.g_00357
OG0000642	Praz	Prbg.g_01168	Praz.g_01503
OG0000642	Prba	Prbg.g_01168	Prba.g_01490
OG0000642	Praa	Prbg.g_01168	Praa.g_00813
OG0000642	Prao	Prbg.g_01168	Prao.g_00750
OG0000642	Prbd	Prbg.g_01168	Prbd.g_00111
OG0000642	Prbi	Prbg.g_01168	Prbi.g_00856
OG0000642	Prae	Prbg.g_01168	Prae.g_00815
OG0000642	Prav	Prbg.g_01168	Prav.g_00406
OG0000642	Pras	Prbg.g_01168	Pras.g_01710
OG0000642	Prac	Prbg.g_01168	Prac.g_01466
OG0000642	Prar	Prbg.g_01168	Prar.g_01693
OG0000642	Praq	Prbg.g_01168	Praq.g_01407
OG0000642	Prau	Prbg.g_01168	Prau.g_00863
OG0000642	Prab	Prbg.g_01168	Prab.g_00849
OG0000642	Pran	Prbg.g_01168	Pran.g_01334
OG0000642	Prai	Prbg.g_01168	Prai.g_00838
OG0000642	Praj	Prbg.g_01168	Praj.g_00778
OG0000642	Prbb	Prbg.g_01168	Prbb.g_00792
OG0000642	Prbm	Prbg.g_01168	Prbm.g_00823
OG0000642	Prbc	Prbg.g_01168	Prbc.g_01867
OG0000642	Pral	Prbg.g_01168	Pral.g_01497
OG0000642	Prat	Prbg.g_01168	Prat.g_01028
OG0000642	Prbj	Prbg.g_01168	Prbj.g_02421
OG0000642	Prbk	Prbg.g_01168	Prbk.g_02477
OG0000642	Prbl	Prbg.g_01168	Prbl.g_02326
OG0000642	Praf	Prbg.g_01168	Praf.g_01539
OG0000642	Prah	Prbg.g_01168	Prah.g_00658
OG0000642	Syan	Prbg.g_01168	Syan.g_00681
OG0000642	Syao	Prbg.g_01168	Syao.g_00765
OG0000642	Syap	Prbg.g_01168	Syap.g_02732
OG0000642	Syas	Prbg.g_01168	Syas.g_00586
OG0000642	Syar	Prbg.g_01168	Syar.g_02649
OG0000642	Syat	Prbg.g_01168	Syat.g_00489
OG0000642	Syak	Prbg.g_01168	Syak.g_00443
OG0000642	Syab	Prbg.g_01168	Syab.g_01282
OG0000642	Syal	Prbg.g_01168	Syal.g_01874
OG0000642	Syag	Prbg.g_01168	Syag.g_00676
OG0000642	Syaq	Prbg.g_01168	Syaq.g_02349
OG0000642	Syae	Prbg.g_01168	Syae.g_00512
OG0000642	Syaa	Prbg.g_01168	Syaa.g_01163
OG0000642	Syaf	Prbg.g_01168	Syaf.g_02040
OG0000642	Syai	Prbg.g_01168	Syai.g_01330
OG0000642	Syam	Prbg.g_01168	Syam.g_01281
OG0000642	Syac	Prbg.g_01168	Syac.g_01332
OG0000642	Syah	Prbg.g_01168	Syah.g_01770
OG0000642	Syad	Prbg.g_01168	Syad.g_01880
OG0000642	Syaj	Prbg.g_01168	Syaj.g_01014
OG0000642	Pram	Prbg.g_01168	Pram.g_00818
OG0000642	Prbh	Prbg.g_01168	Prbh.g_00962
OG0000642	Prak	Prbg.g_01168	Prak.g_00854
OG0000642	Prap	Prbg.g_01168	Prap.g_00774
OG0000642	Prbe	Prbg.g_01168	Prbe.g_01231
OG0000642	Prbf	Prbg.g_01168	Prbf.g_01236
OG0000642	Prbn	Prbg.g_01168	Prbn.g_01537
OG0000643	Prbj	Prbg.g_01169	Prbj.g_02422
OG0000643	Prbk	Prbg.g_01169	Prbk.g_02478
OG0000643	Prbl	Prbg.g_01169	Prbl.g_02325
OG0000643	Praf	Prbg.g_01169	Praf.g_01540
OG0000643	Prah	Prbg.g_01169	Prah.g_00657
OG0000643	Syak	Prbg.g_01169	Syak.g_00444
OG0000643	Syaq	Prbg.g_01169	Syaq.g_02350
OG0000643	Syam	Prbg.g_01169	Syam.g_01280
OG0000643	Syaf	Prbg.g_01169	Syaf.g_02038
OG0000643	Syai	Prbg.g_01169	Syai.g_01349
OG0000643	Syac	Prbg.g_01169	Syac.g_01330
OG0000643	Syah	Prbg.g_01169	Syah.g_01768
OG0000643	Syaa	Prbg.g_01169	Syaa.g_01165
OG0000643	Syae	Prbg.g_01169	Syae.g_00510
OG0000643	Syad	Prbg.g_01169	Syad.g_01878
OG0000643	Syaj	Prbg.g_01169	Syaj.g_01012
OG0000643	Syag	Prbg.g_01169	Syag.g_00677
OG0000643	Syab	Prbg.g_01169	Syab.g_01283
OG0000643	Syal	Prbg.g_01169	Syal.g_01875
OG0000643	Syar	Prbg.g_01169	Syar.g_02650
OG0000643	Syat	Prbg.g_01169	Syat.g_00494
OG0000643	Syan	Prbg.g_01169	Syan.g_00679
OG0000643	Syao	Prbg.g_01169	Syao.g_00767
OG0000643	Syap	Prbg.g_01169	Syap.g_02731
OG0000643	Syas	Prbg.g_01169	Syas.g_00585
OG0000643	Prag	Prbg.g_01169	Prag.g_00816
OG0000643	Praw	Prbg.g_01169	Praw.g_01687
OG0000643	Prav	Prbg.g_01169	Prav.g_00407
OG0000643	Prab	Prbg.g_01169	Prab.g_00850
OG0000643	Pran	Prbg.g_01169	Pran.g_01333
OG0000643	Prac	Prbg.g_01169	Prac.g_01465
OG0000643	Praq	Prbg.g_01169	Praq.g_01408
OG0000643	Prar	Prbg.g_01169	Prar.g_01694
OG0000643	Pras	Prbg.g_01169	Pras.g_01711
OG0000643	Prad	Prbg.g_01169	Prad.g_01156
OG0000643	Prax	Prbg.g_01169	Prax.g_00363
OG0000643	Prbd	Prbg.g_01169	Prbd.g_00112
OG0000643	Pray	Prbg.g_01169	Pray.g_00358
OG0000643	Praz	Prbg.g_01169	Praz.g_01502
OG0000643	Prba	Prbg.g_01169	Prba.g_01489
OG0000643	Prae	Prbg.g_01169	Prae.g_00816
OG0000643	Praa	Prbg.g_01169	Praa.g_00814
OG0000643	Prao	Prbg.g_01169	Prao.g_00751
OG0000643	Prbi	Prbg.g_01169	Prbi.g_00857
OG0000643	Praj	Prbg.g_01169	Praj.g_00779
OG0000643	Prbb	Prbg.g_01169	Prbb.g_00793
OG0000643	Prbm	Prbg.g_01169	Prbm.g_00824
OG0000643	Prbc	Prbg.g_01169	Prbc.g_01868
OG0000643	Prai	Prbg.g_01169	Prai.g_00837
OG0000643	Prau	Prbg.g_01169	Prau.g_00864
OG0000643	Pral	Prbg.g_01169	Pral.g_01498
OG0000643	Prat	Prbg.g_01169	Prat.g_01027
OG0000643	Pram	Prbg.g_01169	Pram.g_00819
OG0000643	Prbh	Prbg.g_01169	Prbh.g_00963
OG0000643	Prak	Prbg.g_01169	Prak.g_00855
OG0000643	Prap	Prbg.g_01169	Prap.g_00773
OG0000643	Prbe	Prbg.g_01169	Prbe.g_01232
OG0000643	Prbf	Prbg.g_01169	Prbf.g_01235
OG0000643	Prbn	Prbg.g_01169	Prbn.g_01536
OG0000644	Prac	Prbg.g_01170	Prac.g_01464
OG0000644	Praq	Prbg.g_01170	Praq.g_01409
OG0000644	Prar	Prbg.g_01170	Prar.g_01695
OG0000644	Prab	Prbg.g_01170	Prab.g_00851
OG0000644	Pran	Prbg.g_01170	Pran.g_01332
OG0000644	Prav	Prbg.g_01170	Prav.g_00408
OG0000644	Pras	Prbg.g_01170	Pras.g_01712
OG0000644	Prbi	Prbg.g_01170	Prbi.g_00858
OG0000644	Prao	Prbg.g_01170	Prao.g_00752
OG0000644	Prbd	Prbg.g_01170	Prbd.g_00113
OG0000644	Prax	Prbg.g_01170	Prax.g_00362
OG0000644	Prae	Prbg.g_01170	Prae.g_00817
OG0000644	Pray	Prbg.g_01170	Pray.g_00359
OG0000644	Praz	Prbg.g_01170	Praz.g_01501
OG0000644	Prba	Prbg.g_01170	Prba.g_01488
OG0000644	Praa	Prbg.g_01170	Praa.g_00815
OG0000644	Prad	Prbg.g_01170	Prad.g_01157
OG0000644	Prag	Prbg.g_01170	Prag.g_00817
OG0000644	Praw	Prbg.g_01170	Praw.g_01686
OG0000644	Prai	Prbg.g_01170	Prai.g_00836
OG0000644	Prau	Prbg.g_01170	Prau.g_00865
OG0000644	Syas	Prbg.g_01170	Syas.g_00584
OG0000644	Syar	Prbg.g_01170	Syar.g_02651
OG0000644	Syat	Prbg.g_01170	Syat.g_00495
OG0000644	Syap	Prbg.g_01170	Syap.g_02730
OG0000644	Syan	Prbg.g_01170	Syan.g_00678
OG0000644	Syao	Prbg.g_01170	Syao.g_00768
OG0000644	Syad	Prbg.g_01170	Syad.g_01877
OG0000644	Syaj	Prbg.g_01170	Syaj.g_01011
OG0000644	Syae	Prbg.g_01170	Syae.g_00509
OG0000644	Syaa	Prbg.g_01170	Syaa.g_01166
OG0000644	Syac	Prbg.g_01170	Syac.g_01329
OG0000644	Syah	Prbg.g_01170	Syah.g_01767
OG0000644	Syaf	Prbg.g_01170	Syaf.g_02037
OG0000644	Syai	Prbg.g_01170	Syai.g_01350
OG0000644	Syam	Prbg.g_01170	Syam.g_01279
OG0000644	Prah	Prbg.g_01170	Prah.g_00656
OG0000644	Praf	Prbg.g_01170	Praf.g_01541
OG0000644	Prbj	Prbg.g_01170	Prbj.g_02423
OG0000644	Prbk	Prbg.g_01170	Prbk.g_02479
OG0000644	Prbl	Prbg.g_01170	Prbl.g_02324
OG0000644	Syag	Prbg.g_01170	Syag.g_00678
OG0000644	Syaq	Prbg.g_01170	Syaq.g_02351
OG0000644	Syab	Prbg.g_01170	Syab.g_01284
OG0000644	Syal	Prbg.g_01170	Syal.g_01876
OG0000644	Syak	Prbg.g_01170	Syak.g_00445
OG0000644	Pral	Prbg.g_01170	Pral.g_01499
OG0000644	Prat	Prbg.g_01170	Prat.g_01026
OG0000644	Prbb	Prbg.g_01170	Prbb.g_00794
OG0000644	Praj	Prbg.g_01170	Praj.g_00780
OG0000644	Prbm	Prbg.g_01170	Prbm.g_00825
OG0000644	Prbc	Prbg.g_01170	Prbc.g_01869
OG0000644	Pram	Prbg.g_01170	Pram.g_00820
OG0000644	Prbh	Prbg.g_01170	Prbh.g_00964
OG0000644	Prak	Prbg.g_01170	Prak.g_00856
OG0000644	Prap	Prbg.g_01170	Prap.g_00772
OG0000644	Prbe	Prbg.g_01170	Prbe.g_01233
OG0000644	Prbf	Prbg.g_01170	Prbf.g_01234
OG0000644	Prbn	Prbg.g_01170	Prbn.g_01535
OG0000645	Prab	Prbg.g_01171	Prab.g_00852
OG0000645	Pran	Prbg.g_01171	Pran.g_01331
OG0000645	Prai	Prbg.g_01171	Prai.g_00835
OG0000645	Prao	Prbg.g_01171	Prao.g_00753
OG0000645	Prbi	Prbg.g_01171	Prbi.g_00859
OG0000645	Prav	Prbg.g_01171	Prav.g_00409
OG0000645	Prad	Prbg.g_01171	Prad.g_01158
OG0000645	Prag	Prbg.g_01171	Prag.g_00818
OG0000645	Praw	Prbg.g_01171	Praw.g_01685
OG0000645	Prbd	Prbg.g_01171	Prbd.g_00114
OG0000645	Prax	Prbg.g_01171	Prax.g_00361
OG0000645	Praa	Prbg.g_01171	Praa.g_00816
OG0000645	Pray	Prbg.g_01171	Pray.g_00360
OG0000645	Praz	Prbg.g_01171	Praz.g_01500
OG0000645	Prba	Prbg.g_01171	Prba.g_01487
OG0000645	Prac	Prbg.g_01171	Prac.g_01463
OG0000645	Praq	Prbg.g_01171	Praq.g_01410
OG0000645	Prar	Prbg.g_01171	Prar.g_01696
OG0000645	Pras	Prbg.g_01171	Pras.g_01713
OG0000645	Prau	Prbg.g_01171	Prau.g_00866
OG0000645	Prae	Prbg.g_01171	Prae.g_00818
OG0000645	Prbc	Prbg.g_01171	Prbc.g_01870
OG0000645	Praj	Prbg.g_01171	Praj.g_00781
OG0000645	Prbb	Prbg.g_01171	Prbb.g_00795
OG0000645	Prbm	Prbg.g_01171	Prbm.g_00826
OG0000645	Syac	Prbg.g_01171	Syac.g_01327
OG0000645	Syah	Prbg.g_01171	Syah.g_01765
OG0000645	Syab	Prbg.g_01171	Syab.g_01286
OG0000645	Syal	Prbg.g_01171	Syal.g_01878
OG0000645	Syaq	Prbg.g_01171	Syaq.g_02353
OG0000645	Syaa	Prbg.g_01171	Syaa.g_01184
OG0000645	Syak	Prbg.g_01171	Syak.g_00447
OG0000645	Syae	Prbg.g_01171	Syae.g_00507
OG0000645	Syaf	Prbg.g_01171	Syaf.g_02035
OG0000645	Syai	Prbg.g_01171	Syai.g_01352
OG0000645	Syam	Prbg.g_01171	Syam.g_01277
OG0000645	Syad	Prbg.g_01171	Syad.g_01875
OG0000645	Syaj	Prbg.g_01171	Syaj.g_01009
OG0000645	Syag	Prbg.g_01171	Syag.g_00680
OG0000645	Prah	Prbg.g_01171	Prah.g_00655
OG0000645	Praf	Prbg.g_01171	Praf.g_01542
OG0000645	Prbj	Prbg.g_01171	Prbj.g_02424
OG0000645	Prbk	Prbg.g_01171	Prbk.g_02480
OG0000645	Prbl	Prbg.g_01171	Prbl.g_02323
OG0000645	Syar	Prbg.g_01171	Syar.g_02652
OG0000645	Syap	Prbg.g_01171	Syap.g_02726
OG0000645	Syan	Prbg.g_01171	Syan.g_00676
OG0000645	Syao	Prbg.g_01171	Syao.g_00770
OG0000645	Syas	Prbg.g_01171	Syas.g_00583
OG0000645	Syat	Prbg.g_01171	Syat.g_00496
OG0000645	Pral	Prbg.g_01171	Pral.g_01500
OG0000645	Prat	Prbg.g_01171	Prat.g_01025
OG0000645	Pram	Prbg.g_01171	Pram.g_00821
OG0000645	Prbh	Prbg.g_01171	Prbh.g_00965
OG0000645	Prak	Prbg.g_01171	Prak.g_00857
OG0000645	Prap	Prbg.g_01171	Prap.g_00771
OG0000645	Prbe	Prbg.g_01171	Prbe.g_01234
OG0000645	Prbf	Prbg.g_01171	Prbf.g_01233
OG0000645	Prbn	Prbg.g_01171	Prbn.g_01534
OG0000646	Prab	Prbg.g_01173	Prab.g_00854
OG0000646	Pran	Prbg.g_01173	Pran.g_01329
OG0000646	Prai	Prbg.g_01173	Prai.g_00833
OG0000646	Prav	Prbg.g_01173	Prav.g_00411
OG0000646	Prac	Prbg.g_01173	Prac.g_01461
OG0000646	Praq	Prbg.g_01173	Praq.g_01412
OG0000646	Prar	Prbg.g_01173	Prar.g_01698
OG0000646	Prad	Prbg.g_01173	Prad.g_01160
OG0000646	Pras	Prbg.g_01173	Pras.g_01715
OG0000646	Prau	Prbg.g_01173	Prau.g_00868
OG0000646	Prag	Prbg.g_01173	Prag.g_00820
OG0000646	Praw	Prbg.g_01173	Praw.g_01683
OG0000646	Pray	Prbg.g_01173	Pray.g_00362
OG0000646	Praz	Prbg.g_01173	Praz.g_01498
OG0000646	Prba	Prbg.g_01173	Prba.g_01485
OG0000646	Prax	Prbg.g_01173	Prax.g_00359
OG0000646	Prbd	Prbg.g_01173	Prbd.g_00116
OG0000646	Praa	Prbg.g_01173	Praa.g_00818
OG0000646	Prbi	Prbg.g_01173	Prbi.g_00861
OG0000646	Prao	Prbg.g_01173	Prao.g_00755
OG0000646	Prae	Prbg.g_01173	Prae.g_00820
OG0000646	Praj	Prbg.g_01173	Praj.g_00784
OG0000646	Prbc	Prbg.g_01173	Prbc.g_01873
OG0000646	Prbm	Prbg.g_01173	Prbm.g_00829
OG0000646	Prbb	Prbg.g_01173	Prbb.g_00798
OG0000646	Syaa	Prbg.g_01173	Syaa.g_01187
OG0000646	Syae	Prbg.g_01173	Syae.g_00504
OG0000646	Syad	Prbg.g_01173	Syad.g_01872
OG0000646	Syaj	Prbg.g_01173	Syaj.g_01006
OG0000646	Syaf	Prbg.g_01173	Syaf.g_02032
OG0000646	Syai	Prbg.g_01173	Syai.g_01355
OG0000646	Syam	Prbg.g_01173	Syam.g_01274
OG0000646	Syac	Prbg.g_01173	Syac.g_01324
OG0000646	Syah	Prbg.g_01173	Syah.g_01762
OG0000646	Prbj	Prbg.g_01173	Prbj.g_02427
OG0000646	Prbk	Prbg.g_01173	Prbk.g_02483
OG0000646	Prbl	Prbg.g_01173	Prbl.g_02320
OG0000646	Praf	Prbg.g_01173	Praf.g_01545
OG0000646	Prah	Prbg.g_01173	Prah.g_00652
OG0000646	Syaq	Prbg.g_01173	Syaq.g_02356
OG0000646	Syab	Prbg.g_01173	Syab.g_01289
OG0000646	Syal	Prbg.g_01173	Syal.g_01881
OG0000646	Syak	Prbg.g_01173	Syak.g_00450
OG0000646	Syag	Prbg.g_01173	Syag.g_00683
OG0000646	Syat	Prbg.g_01173	Syat.g_00499
OG0000646	Syan	Prbg.g_01173	Syan.g_00673
OG0000646	Syao	Prbg.g_01173	Syao.g_00773
OG0000646	Syar	Prbg.g_01173	Syar.g_02655
OG0000646	Syap	Prbg.g_01173	Syap.g_02723
OG0000646	Syas	Prbg.g_01173	Syas.g_00580
OG0000646	Pral	Prbg.g_01173	Pral.g_01502
OG0000646	Prat	Prbg.g_01173	Prat.g_01023
OG0000646	Pram	Prbg.g_01173	Pram.g_00823
OG0000646	Prbh	Prbg.g_01173	Prbh.g_00967
OG0000646	Prak	Prbg.g_01173	Prak.g_00859
OG0000646	Prap	Prbg.g_01173	Prap.g_00769
OG0000646	Prbe	Prbg.g_01173	Prbe.g_01236
OG0000646	Prbf	Prbg.g_01173	Prbf.g_01231
OG0000646	Prbn	Prbg.g_01173	Prbn.g_01532
OG0000647	Prab	Prbg.g_01175	Prab.g_00855
OG0000647	Pran	Prbg.g_01175	Pran.g_01328
OG0000647	Prai	Prbg.g_01175	Prai.g_00832
OG0000647	Prbd	Prbg.g_01175	Prbd.g_00117
OG0000647	Prad	Prbg.g_01175	Prad.g_01161
OG0000647	Pras	Prbg.g_01175	Pras.g_01716
OG0000647	Prau	Prbg.g_01175	Prau.g_00869
OG0000647	Prac	Prbg.g_01175	Prac.g_01460
OG0000647	Praq	Prbg.g_01175	Praq.g_01413
OG0000647	Prar	Prbg.g_01175	Prar.g_01699
OG0000647	Prag	Prbg.g_01175	Prag.g_00821
OG0000647	Praw	Prbg.g_01175	Praw.g_01682
OG0000647	Prav	Prbg.g_01175	Prav.g_00412
OG0000647	Prbi	Prbg.g_01175	Prbi.g_00862
OG0000647	Pray	Prbg.g_01175	Pray.g_00363
OG0000647	Praz	Prbg.g_01175	Praz.g_01497
OG0000647	Prba	Prbg.g_01175	Prba.g_01484
OG0000647	Prao	Prbg.g_01175	Prao.g_00756
OG0000647	Prax	Prbg.g_01175	Prax.g_00358
OG0000647	Prae	Prbg.g_01175	Prae.g_00821
OG0000647	Praa	Prbg.g_01175	Praa.g_00819
OG0000647	Prbb	Prbg.g_01175	Prbb.g_00800
OG0000647	Praj	Prbg.g_01175	Praj.g_00786
OG0000647	Prbc	Prbg.g_01175	Prbc.g_01875
OG0000647	Prbm	Prbg.g_01175	Prbm.g_00831
OG0000647	Prah	Prbg.g_01175	Prah.g_00650
OG0000647	Praf	Prbg.g_01175	Praf.g_01547
OG0000647	Prbj	Prbg.g_01175	Prbj.g_02430
OG0000647	Prbk	Prbg.g_01175	Prbk.g_02486
OG0000647	Prbl	Prbg.g_01175	Prbl.g_02317
OG0000647	Syae	Prbg.g_01175	Syae.g_00502
OG0000647	Syad	Prbg.g_01175	Syad.g_01870
OG0000647	Syaj	Prbg.g_01175	Syaj.g_01004
OG0000647	Syaa	Prbg.g_01175	Syaa.g_01189
OG0000647	Syac	Prbg.g_01175	Syac.g_01322
OG0000647	Syah	Prbg.g_01175	Syah.g_01760
OG0000647	Syaf	Prbg.g_01175	Syaf.g_02030
OG0000647	Syai	Prbg.g_01175	Syai.g_01357
OG0000647	Syam	Prbg.g_01175	Syam.g_01272
OG0000647	Syan	Prbg.g_01175	Syan.g_00671
OG0000647	Syao	Prbg.g_01175	Syao.g_00775
OG0000647	Syar	Prbg.g_01175	Syar.g_02657
OG0000647	Syat	Prbg.g_01175	Syat.g_00501
OG0000647	Syap	Prbg.g_01175	Syap.g_02721
OG0000647	Syas	Prbg.g_01175	Syas.g_00578
OG0000647	Syak	Prbg.g_01175	Syak.g_00452
OG0000647	Syag	Prbg.g_01175	Syag.g_00685
OG0000647	Syaq	Prbg.g_01175	Syaq.g_02358
OG0000647	Syab	Prbg.g_01175	Syab.g_01291
OG0000647	Syal	Prbg.g_01175	Syal.g_01883
OG0000647	Pral	Prbg.g_01175	Pral.g_01504
OG0000647	Prat	Prbg.g_01175	Prat.g_01021
OG0000647	Pram	Prbg.g_01175	Pram.g_00825
OG0000647	Prbh	Prbg.g_01175	Prbh.g_00969
OG0000647	Prak	Prbg.g_01175	Prak.g_00861
OG0000647	Prap	Prbg.g_01175	Prap.g_00767
OG0000647	Prbe	Prbg.g_01175	Prbe.g_01238
OG0000647	Prbf	Prbg.g_01175	Prbf.g_01229
OG0000647	Prbn	Prbg.g_01175	Prbn.g_01530
OG0000648	Prab	Prbg.g_01177	Prab.g_00857
OG0000648	Pran	Prbg.g_01177	Pran.g_01326
OG0000648	Prai	Prbg.g_01177	Prai.g_00830
OG0000648	Pras	Prbg.g_01177	Pras.g_01718
OG0000648	Prae	Prbg.g_01177	Prae.g_00823
OG0000648	Prau	Prbg.g_01177	Prau.g_00871
OG0000648	Pray	Prbg.g_01177	Pray.g_00365
OG0000648	Praz	Prbg.g_01177	Praz.g_01495
OG0000648	Prba	Prbg.g_01177	Prba.g_01482
OG0000648	Praa	Prbg.g_01177	Praa.g_00821
OG0000648	Prbd	Prbg.g_01177	Prbd.g_00119
OG0000648	Prbi	Prbg.g_01177	Prbi.g_00864
OG0000648	Prac	Prbg.g_01177	Prac.g_01458
OG0000648	Praq	Prbg.g_01177	Praq.g_01415
OG0000648	Prar	Prbg.g_01177	Prar.g_01701
OG0000648	Prad	Prbg.g_01177	Prad.g_01163
OG0000648	Prag	Prbg.g_01177	Prag.g_00823
OG0000648	Praw	Prbg.g_01177	Praw.g_01680
OG0000648	Prav	Prbg.g_01177	Prav.g_00414
OG0000648	Prao	Prbg.g_01177	Prao.g_00758
OG0000648	Prax	Prbg.g_01177	Prax.g_00356
OG0000648	Prbc	Prbg.g_01177	Prbc.g_01877
OG0000648	Praj	Prbg.g_01177	Praj.g_00788
OG0000648	Prbb	Prbg.g_01177	Prbb.g_00802
OG0000648	Prbm	Prbg.g_01177	Prbm.g_00833
OG0000648	Prat	Prbg.g_01177	Prat.g_01019
OG0000648	Pral	Prbg.g_01177	Pral.g_01506
OG0000648	Prah	Prbg.g_01177	Prah.g_00648
OG0000648	Praf	Prbg.g_01177	Praf.g_01549
OG0000648	Prbj	Prbg.g_01177	Prbj.g_02432
OG0000648	Prbk	Prbg.g_01177	Prbk.g_02488
OG0000648	Prbl	Prbg.g_01177	Prbl.g_02315
OG0000648	Syar	Prbg.g_01177	Syar.g_02659
OG0000648	Syat	Prbg.g_01177	Syat.g_00504
OG0000648	Syas	Prbg.g_01177	Syas.g_00576
OG0000648	Syap	Prbg.g_01177	Syap.g_02719
OG0000648	Syan	Prbg.g_01177	Syan.g_00669
OG0000648	Syao	Prbg.g_01177	Syao.g_00777
OG0000648	Syad	Prbg.g_01177	Syad.g_01860
OG0000648	Syaa	Prbg.g_01177	Syaa.g_01191
OG0000648	Syac	Prbg.g_01177	Syac.g_01319
OG0000648	Syah	Prbg.g_01177	Syah.g_01757
OG0000648	Syab	Prbg.g_01177	Syab.g_01684
OG0000648	Syal	Prbg.g_01177	Syal.g_02438
OG0000648	Syam	Prbg.g_01177	Syam.g_01269
OG0000648	Syai	Prbg.g_01177	Syai.g_01362
OG0000648	Syag	Prbg.g_01177	Syag.g_00694
OG0000648	Syaj	Prbg.g_01177	Syaj.g_01001
OG0000648	Syaf	Prbg.g_01177	Syaf.g_02027
OG0000648	Syae	Prbg.g_01177	Syae.g_00499
OG0000648	Syak	Prbg.g_01177	Syak.g_00456
OG0000648	Syaq	Prbg.g_01177	Syaq.g_02360
OG0000648	Pram	Prbg.g_01177	Pram.g_00827
OG0000648	Prbh	Prbg.g_01177	Prbh.g_00971
OG0000648	Prak	Prbg.g_01177	Prak.g_00863
OG0000648	Prap	Prbg.g_01177	Prap.g_00765
OG0000648	Prbe	Prbg.g_01177	Prbe.g_01240
OG0000648	Prbf	Prbg.g_01177	Prbf.g_01227
OG0000648	Prbn	Prbg.g_01177	Prbn.g_01528
OG0000649	Prab	Prbg.g_01178	Prab.g_00858
OG0000649	Pran	Prbg.g_01178	Pran.g_01325
OG0000649	Prai	Prbg.g_01178	Prai.g_00829
OG0000649	Prac	Prbg.g_01178	Prac.g_01457
OG0000649	Praq	Prbg.g_01178	Praq.g_01416
OG0000649	Prar	Prbg.g_01178	Prar.g_01702
OG0000649	Prav	Prbg.g_01178	Prav.g_00415
OG0000649	Prag	Prbg.g_01178	Prag.g_00824
OG0000649	Praw	Prbg.g_01178	Praw.g_01679
OG0000649	Prad	Prbg.g_01178	Prad.g_01164
OG0000649	Pras	Prbg.g_01178	Pras.g_01719
OG0000649	Prau	Prbg.g_01178	Prau.g_00872
OG0000649	Prae	Prbg.g_01178	Prae.g_00824
OG0000649	Prao	Prbg.g_01178	Prao.g_00759
OG0000649	Pray	Prbg.g_01178	Pray.g_00366
OG0000649	Praz	Prbg.g_01178	Praz.g_01494
OG0000649	Prba	Prbg.g_01178	Prba.g_01481
OG0000649	Prax	Prbg.g_01178	Prax.g_00355
OG0000649	Praa	Prbg.g_01178	Praa.g_00822
OG0000649	Prbd	Prbg.g_01178	Prbd.g_00120
OG0000649	Prbi	Prbg.g_01178	Prbi.g_00865
OG0000649	Praf	Prbg.g_01178	Praf.g_01550
OG0000649	Prah	Prbg.g_01178	Prah.g_00647
OG0000649	Prbj	Prbg.g_01178	Prbj.g_02433
OG0000649	Prbk	Prbg.g_01178	Prbk.g_02489
OG0000649	Prbl	Prbg.g_01178	Prbl.g_02314
OG0000649	Syaa	Prbg.g_01178	Syaa.g_01192
OG0000649	Syae	Prbg.g_01178	Syae.g_00498
OG0000649	Syad	Prbg.g_01178	Syad.g_01859
OG0000649	Syaj	Prbg.g_01178	Syaj.g_01000
OG0000649	Syaf	Prbg.g_01178	Syaf.g_02026
OG0000649	Syai	Prbg.g_01178	Syai.g_01363
OG0000649	Syam	Prbg.g_01178	Syam.g_01268
OG0000649	Syac	Prbg.g_01178	Syac.g_01318
OG0000649	Syah	Prbg.g_01178	Syah.g_01756
OG0000649	Syar	Prbg.g_01178	Syar.g_02660
OG0000649	Syan	Prbg.g_01178	Syan.g_00668
OG0000649	Syao	Prbg.g_01178	Syao.g_00778
OG0000649	Syat	Prbg.g_01178	Syat.g_00505
OG0000649	Syap	Prbg.g_01178	Syap.g_02718
OG0000649	Syas	Prbg.g_01178	Syas.g_00575
OG0000649	Syak	Prbg.g_01178	Syak.g_00457
OG0000649	Syaq	Prbg.g_01178	Syaq.g_02361
OG0000649	Syag	Prbg.g_01178	Syag.g_00695
OG0000649	Syab	Prbg.g_01178	Syab.g_01685
OG0000649	Syal	Prbg.g_01178	Syal.g_02439
OG0000649	Prbb	Prbg.g_01178	Prbb.g_00803
OG0000649	Prbm	Prbg.g_01178	Prbm.g_00834
OG0000649	Praj	Prbg.g_01178	Praj.g_00789
OG0000649	Prbc	Prbg.g_01178	Prbc.g_01878
OG0000649	Pral	Prbg.g_01178	Pral.g_01507
OG0000649	Prat	Prbg.g_01178	Prat.g_01018
OG0000649	Pram	Prbg.g_01178	Pram.g_00828
OG0000649	Prbh	Prbg.g_01178	Prbh.g_00972
OG0000649	Prbf	Prbg.g_01178	Prbf.g_01226
OG0000649	Prak	Prbg.g_01178	Prak.g_00864
OG0000649	Prap	Prbg.g_01178	Prap.g_00764
OG0000649	Prbe	Prbg.g_01178	Prbe.g_01241
OG0000649	Prbn	Prbg.g_01178	Prbn.g_01527
OG0000650	Prab	Prbg.g_01179	Prab.g_00859
OG0000650	Pran	Prbg.g_01179	Pran.g_01324
OG0000650	Prai	Prbg.g_01179	Prai.g_00828
OG0000650	Prac	Prbg.g_01179	Prac.g_01456
OG0000650	Praq	Prbg.g_01179	Praq.g_01417
OG0000650	Prar	Prbg.g_01179	Prar.g_01703
OG0000650	Prav	Prbg.g_01179	Prav.g_00416
OG0000650	Prbi	Prbg.g_01179	Prbi.g_00866
OG0000650	Prao	Prbg.g_01179	Prao.g_00760
OG0000650	Prad	Prbg.g_01179	Prad.g_01165
OG0000650	Pras	Prbg.g_01179	Pras.g_01720
OG0000650	Prau	Prbg.g_01179	Prau.g_00873
OG0000650	Prag	Prbg.g_01179	Prag.g_00825
OG0000650	Praw	Prbg.g_01179	Praw.g_01678
OG0000650	Praa	Prbg.g_01179	Praa.g_00823
OG0000650	Prax	Prbg.g_01179	Prax.g_00354
OG0000650	Pray	Prbg.g_01179	Pray.g_00367
OG0000650	Praz	Prbg.g_01179	Praz.g_01493
OG0000650	Prba	Prbg.g_01179	Prba.g_01480
OG0000650	Prae	Prbg.g_01179	Prae.g_00825
OG0000650	Prbd	Prbg.g_01179	Prbd.g_00121
OG0000650	Prbb	Prbg.g_01179	Prbb.g_00804
OG0000650	Praj	Prbg.g_01179	Praj.g_00790
OG0000650	Prbc	Prbg.g_01179	Prbc.g_01879
OG0000650	Prbm	Prbg.g_01179	Prbm.g_00835
OG0000650	Praf	Prbg.g_01179	Praf.g_01551
OG0000650	Prah	Prbg.g_01179	Prah.g_00646
OG0000650	Prbj	Prbg.g_01179	Prbj.g_02434
OG0000650	Prbl	Prbg.g_01179	Prbl.g_02313
OG0000650	Prbk	Prbg.g_01179	Prbk.g_02490
OG0000650	Syan	Prbg.g_01179	Syan.g_00667
OG0000650	Syao	Prbg.g_01179	Syao.g_00779
OG0000650	Syar	Prbg.g_01179	Syar.g_02661
OG0000650	Syat	Prbg.g_01179	Syat.g_00506
OG0000650	Syap	Prbg.g_01179	Syap.g_02717
OG0000650	Syas	Prbg.g_01179	Syas.g_00574
OG0000650	Syad	Prbg.g_01179	Syad.g_01858
OG0000650	Syaj	Prbg.g_01179	Syaj.g_00999
OG0000650	Syac	Prbg.g_01179	Syac.g_01317
OG0000650	Syah	Prbg.g_01179	Syah.g_01755
OG0000650	Syaf	Prbg.g_01179	Syaf.g_02025
OG0000650	Syai	Prbg.g_01179	Syai.g_01364
OG0000650	Syam	Prbg.g_01179	Syam.g_01267
OG0000650	Syaa	Prbg.g_01179	Syaa.g_01193
OG0000650	Syae	Prbg.g_01179	Syae.g_00497
OG0000650	Syag	Prbg.g_01179	Syag.g_00696
OG0000650	Syaq	Prbg.g_01179	Syaq.g_02362
OG0000650	Syak	Prbg.g_01179	Syak.g_00458
OG0000650	Syab	Prbg.g_01179	Syab.g_01686
OG0000650	Syal	Prbg.g_01179	Syal.g_02440
OG0000650	Pral	Prbg.g_01179	Pral.g_01508
OG0000650	Prat	Prbg.g_01179	Prat.g_01017
OG0000650	Pram	Prbg.g_01179	Pram.g_00829
OG0000650	Prbh	Prbg.g_01179	Prbh.g_00973
OG0000650	Prak	Prbg.g_01179	Prak.g_00865
OG0000650	Prap	Prbg.g_01179	Prap.g_00763
OG0000650	Prbe	Prbg.g_01179	Prbe.g_01242
OG0000650	Prbf	Prbg.g_01179	Prbf.g_01225
OG0000650	Prbn	Prbg.g_01179	Prbn.g_01526
OG0000651	Prab	Prbg.g_01180	Prab.g_00860
OG0000651	Pran	Prbg.g_01180	Pran.g_01323
OG0000651	Prai	Prbg.g_01180	Prai.g_00827
OG0000651	Prac	Prbg.g_01180	Prac.g_01455
OG0000651	Praq	Prbg.g_01180	Praq.g_01418
OG0000651	Prar	Prbg.g_01180	Prar.g_01704
OG0000651	Prav	Prbg.g_01180	Prav.g_00417
OG0000651	Pray	Prbg.g_01180	Pray.g_00368
OG0000651	Praz	Prbg.g_01180	Praz.g_01492
OG0000651	Prba	Prbg.g_01180	Prba.g_01479
OG0000651	Prad	Prbg.g_01180	Prad.g_01166
OG0000651	Prag	Prbg.g_01180	Prag.g_00826
OG0000651	Praw	Prbg.g_01180	Praw.g_01677
OG0000651	Prax	Prbg.g_01180	Prax.g_00353
OG0000651	Pras	Prbg.g_01180	Pras.g_01721
OG0000651	Prau	Prbg.g_01180	Prau.g_00874
OG0000651	Prae	Prbg.g_01180	Prae.g_00826
OG0000651	Prao	Prbg.g_01180	Prao.g_00761
OG0000651	Prbi	Prbg.g_01180	Prbi.g_00867
OG0000651	Praa	Prbg.g_01180	Praa.g_00824
OG0000651	Prbd	Prbg.g_01180	Prbd.g_00122
OG0000651	Praj	Prbg.g_01180	Praj.g_00791
OG0000651	Prbb	Prbg.g_01180	Prbb.g_00805
OG0000651	Prbm	Prbg.g_01180	Prbm.g_00836
OG0000651	Prbc	Prbg.g_01180	Prbc.g_01880
OG0000651	Syab	Prbg.g_01180	Syab.g_01687
OG0000651	Syal	Prbg.g_01180	Syal.g_02441
OG0000651	Syag	Prbg.g_01180	Syag.g_00697
OG0000651	Syak	Prbg.g_01180	Syak.g_00459
OG0000651	Syaq	Prbg.g_01180	Syaq.g_02363
OG0000651	Syao	Prbg.g_01180	Syao.g_00780
OG0000651	Prbj	Prbg.g_01180	Prbj.g_02435
OG0000651	Prbk	Prbg.g_01180	Prbk.g_02491
OG0000651	Prbl	Prbg.g_01180	Prbl.g_02312
OG0000651	Praf	Prbg.g_01180	Praf.g_01552
OG0000651	Prah	Prbg.g_01180	Prah.g_00645
OG0000651	Syac	Prbg.g_01180	Syac.g_01316
OG0000651	Syah	Prbg.g_01180	Syah.g_01754
OG0000651	Syad	Prbg.g_01180	Syad.g_01857
OG0000651	Syaj	Prbg.g_01180	Syaj.g_00998
OG0000651	Syam	Prbg.g_01180	Syam.g_01266
OG0000651	Syaf	Prbg.g_01180	Syaf.g_02024
OG0000651	Syai	Prbg.g_01180	Syai.g_01365
OG0000651	Syaa	Prbg.g_01180	Syaa.g_01194
OG0000651	Syae	Prbg.g_01180	Syae.g_00496
OG0000651	Syan	Prbg.g_01180	Syan.g_00666
OG0000651	Syar	Prbg.g_01180	Syar.g_02662
OG0000651	Syap	Prbg.g_01180	Syap.g_02716
OG0000651	Syas	Prbg.g_01180	Syas.g_00573
OG0000651	Syat	Prbg.g_01180	Syat.g_00507
OG0000651	Prat	Prbg.g_01180	Prat.g_01016
OG0000651	Pral	Prbg.g_01180	Pral.g_01509
OG0000651	Pram	Prbg.g_01180	Pram.g_00830
OG0000651	Prbh	Prbg.g_01180	Prbh.g_00974
OG0000651	Prak	Prbg.g_01180	Prak.g_00866
OG0000651	Prap	Prbg.g_01180	Prap.g_00762
OG0000651	Prbe	Prbg.g_01180	Prbe.g_01243
OG0000651	Prbf	Prbg.g_01180	Prbf.g_01224
OG0000651	Prbn	Prbg.g_01180	Prbn.g_01525
OG0000652	Prac	Prbg.g_01181	Prac.g_01454
OG0000652	Prar	Prbg.g_01181	Prar.g_01705
OG0000652	Praq	Prbg.g_01181	Praq.g_01419
OG0000652	Prav	Prbg.g_01181	Prav.g_00418
OG0000652	Prax	Prbg.g_01181	Prax.g_00352
OG0000652	Pras	Prbg.g_01181	Pras.g_01722
OG0000652	Prau	Prbg.g_01181	Prau.g_00875
OG0000652	Prbd	Prbg.g_01181	Prbd.g_00123
OG0000652	Praa	Prbg.g_01181	Praa.g_00825
OG0000652	Prbi	Prbg.g_01181	Prbi.g_00868
OG0000652	Prag	Prbg.g_01181	Prag.g_00827
OG0000652	Praw	Prbg.g_01181	Praw.g_01676
OG0000652	Prad	Prbg.g_01181	Prad.g_01167
OG0000652	Prae	Prbg.g_01181	Prae.g_00827
OG0000652	Prao	Prbg.g_01181	Prao.g_00762
OG0000652	Pray	Prbg.g_01181	Pray.g_00369
OG0000652	Praz	Prbg.g_01181	Praz.g_01491
OG0000652	Prba	Prbg.g_01181	Prba.g_01478
OG0000652	Prab	Prbg.g_01181	Prab.g_00861
OG0000652	Pran	Prbg.g_01181	Pran.g_01322
OG0000652	Prai	Prbg.g_01181	Prai.g_00826
OG0000652	Prbb	Prbg.g_01181	Prbb.g_00806
OG0000652	Prbm	Prbg.g_01181	Prbm.g_00837
OG0000652	Praj	Prbg.g_01181	Praj.g_00792
OG0000652	Prbc	Prbg.g_01181	Prbc.g_01881
OG0000652	Pral	Prbg.g_01181	Pral.g_01510
OG0000652	Prat	Prbg.g_01181	Prat.g_01015
OG0000652	Syao	Prbg.g_01181	Syao.g_00781
OG0000652	Prbj	Prbg.g_01181	Prbj.g_02436
OG0000652	Prbk	Prbg.g_01181	Prbk.g_02492
OG0000652	Prbl	Prbg.g_01181	Prbl.g_02311
OG0000652	Praf	Prbg.g_01181	Praf.g_01553
OG0000652	Prah	Prbg.g_01181	Prah.g_00644
OG0000652	Syan	Prbg.g_01181	Syan.g_00665
OG0000652	Syar	Prbg.g_01181	Syar.g_02663
OG0000652	Syas	Prbg.g_01181	Syas.g_00572
OG0000652	Syap	Prbg.g_01181	Syap.g_02715
OG0000652	Syat	Prbg.g_01181	Syat.g_00508
OG0000652	Syad	Prbg.g_01181	Syad.g_01856
OG0000652	Syaj	Prbg.g_01181	Syaj.g_00997
OG0000652	Syaf	Prbg.g_01181	Syaf.g_02023
OG0000652	Syai	Prbg.g_01181	Syai.g_01366
OG0000652	Syam	Prbg.g_01181	Syam.g_01265
OG0000652	Syac	Prbg.g_01181	Syac.g_01315
OG0000652	Syah	Prbg.g_01181	Syah.g_01753
OG0000652	Syaa	Prbg.g_01181	Syaa.g_01195
OG0000652	Syae	Prbg.g_01181	Syae.g_00495
OG0000652	Syak	Prbg.g_01181	Syak.g_00460
OG0000652	Syab	Prbg.g_01181	Syab.g_01688
OG0000652	Syal	Prbg.g_01181	Syal.g_02442
OG0000652	Syag	Prbg.g_01181	Syag.g_00698
OG0000652	Syaq	Prbg.g_01181	Syaq.g_02364
OG0000652	Pram	Prbg.g_01181	Pram.g_00831
OG0000652	Prbh	Prbg.g_01181	Prbh.g_00975
OG0000652	Prak	Prbg.g_01181	Prak.g_00867
OG0000652	Prap	Prbg.g_01181	Prap.g_00761
OG0000652	Prbe	Prbg.g_01181	Prbe.g_01244
OG0000652	Prbf	Prbg.g_01181	Prbf.g_01223
OG0000652	Prbn	Prbg.g_01181	Prbn.g_01524
OG0000653	Prab	Prbg.g_01183	Prab.g_00863
OG0000653	Pran	Prbg.g_01183	Pran.g_01320
OG0000653	Pras	Prbg.g_01183	Pras.g_01724
OG0000653	Prbd	Prbg.g_01183	Prbd.g_00125
OG0000653	Prav	Prbg.g_01183	Prav.g_00420
OG0000653	Prao	Prbg.g_01183	Prao.g_00764
OG0000653	Prag	Prbg.g_01183	Prag.g_00829
OG0000653	Praw	Prbg.g_01183	Praw.g_01674
OG0000653	Prae	Prbg.g_01183	Prae.g_00829
OG0000653	Praa	Prbg.g_01183	Praa.g_00827
OG0000653	Prax	Prbg.g_01183	Prax.g_00350
OG0000653	Prbi	Prbg.g_01183	Prbi.g_00870
OG0000653	Prad	Prbg.g_01183	Prad.g_01169
OG0000653	Pray	Prbg.g_01183	Pray.g_00371
OG0000653	Praz	Prbg.g_01183	Praz.g_01489
OG0000653	Prba	Prbg.g_01183	Prba.g_01476
OG0000653	Prac	Prbg.g_01183	Prac.g_01452
OG0000653	Praq	Prbg.g_01183	Praq.g_01421
OG0000653	Prar	Prbg.g_01183	Prar.g_01707
OG0000653	Prau	Prbg.g_01183	Prau.g_00877
OG0000653	Prai	Prbg.g_01183	Prai.g_00824
OG0000653	Prbm	Prbg.g_01183	Prbm.g_00839
OG0000653	Praj	Prbg.g_01183	Praj.g_00794
OG0000653	Prbb	Prbg.g_01183	Prbb.g_00808
OG0000653	Prbc	Prbg.g_01183	Prbc.g_01883
OG0000653	Prat	Prbg.g_01183	Prat.g_01013
OG0000653	Pral	Prbg.g_01183	Pral.g_01512
OG0000653	Prah	Prbg.g_01183	Prah.g_00640
OG0000653	Praf	Prbg.g_01183	Praf.g_01557
OG0000653	Prbj	Prbg.g_01183	Prbj.g_02438
OG0000653	Prbk	Prbg.g_01183	Prbk.g_02494
OG0000653	Prbl	Prbg.g_01183	Prbl.g_02309
OG0000653	Syab	Prbg.g_01183	Syab.g_01690
OG0000653	Syal	Prbg.g_01183	Syal.g_02444
OG0000653	Syag	Prbg.g_01183	Syag.g_00700
OG0000653	Syak	Prbg.g_01183	Syak.g_00462
OG0000653	Syaa	Prbg.g_01183	Syaa.g_01197
OG0000653	Syae	Prbg.g_01183	Syae.g_00493
OG0000653	Syam	Prbg.g_01183	Syam.g_01263
OG0000653	Syaf	Prbg.g_01183	Syaf.g_02021
OG0000653	Syai	Prbg.g_01183	Syai.g_01368
OG0000653	Syad	Prbg.g_01183	Syad.g_01850
OG0000653	Syaj	Prbg.g_01183	Syaj.g_00991
OG0000653	Syac	Prbg.g_01183	Syac.g_01313
OG0000653	Syah	Prbg.g_01183	Syah.g_01751
OG0000653	Syap	Prbg.g_01183	Syap.g_02713
OG0000653	Syan	Prbg.g_01183	Syan.g_00663
OG0000653	Syao	Prbg.g_01183	Syao.g_00783
OG0000653	Syar	Prbg.g_01183	Syar.g_02665
OG0000653	Syas	Prbg.g_01183	Syas.g_00570
OG0000653	Syat	Prbg.g_01183	Syat.g_00510
OG0000653	Syaq	Prbg.g_01183	Syaq.g_02367
OG0000653	Pram	Prbg.g_01183	Pram.g_00833
OG0000653	Prbh	Prbg.g_01183	Prbh.g_00977
OG0000653	Prak	Prbg.g_01183	Prak.g_00869
OG0000653	Prap	Prbg.g_01183	Prap.g_00759
OG0000653	Prbe	Prbg.g_01183	Prbe.g_01246
OG0000653	Prbf	Prbg.g_01183	Prbf.g_01221
OG0000653	Prbn	Prbg.g_01183	Prbn.g_01522
OG0000654	Prab	Prbg.g_01184	Prab.g_00864
OG0000654	Pran	Prbg.g_01184	Pran.g_01319
OG0000654	Prai	Prbg.g_01184	Prai.g_00823
OG0000654	Prac	Prbg.g_01184	Prac.g_01451
OG0000654	Praq	Prbg.g_01184	Praq.g_01422
OG0000654	Prar	Prbg.g_01184	Prar.g_01708
OG0000654	Pras	Prbg.g_01184	Pras.g_01725
OG0000654	Prau	Prbg.g_01184	Prau.g_00878
OG0000654	Prae	Prbg.g_01184	Prae.g_00830
OG0000654	Prad	Prbg.g_01184	Prad.g_01170
OG0000654	Prax	Prbg.g_01184	Prax.g_00349
OG0000654	Prag	Prbg.g_01184	Prag.g_00830
OG0000654	Praw	Prbg.g_01184	Praw.g_01673
OG0000654	Prav	Prbg.g_01184	Prav.g_00421
OG0000654	Prbd	Prbg.g_01184	Prbd.g_00126
OG0000654	Prao	Prbg.g_01184	Prao.g_00765
OG0000654	Praa	Prbg.g_01184	Praa.g_00828
OG0000654	Pray	Prbg.g_01184	Pray.g_00372
OG0000654	Praz	Prbg.g_01184	Praz.g_01488
OG0000654	Prba	Prbg.g_01184	Prba.g_01475
OG0000654	Prbi	Prbg.g_01184	Prbi.g_00871
OG0000654	Prbm	Prbg.g_01184	Prbm.g_00840
OG0000654	Praj	Prbg.g_01184	Praj.g_00795
OG0000654	Prbc	Prbg.g_01184	Prbc.g_01884
OG0000654	Prbb	Prbg.g_01184	Prbb.g_00809
OG0000654	Prbj	Prbg.g_01184	Prbj.g_02439
OG0000654	Prbk	Prbg.g_01184	Prbk.g_02495
OG0000654	Prbl	Prbg.g_01184	Prbl.g_02308
OG0000654	Praf	Prbg.g_01184	Praf.g_01558
OG0000654	Prah	Prbg.g_01184	Prah.g_00639
OG0000654	Syap	Prbg.g_01184	Syap.g_02711
OG0000654	Syaq	Prbg.g_01184	Syaq.g_02368
OG0000654	Syan	Prbg.g_01184	Syan.g_00661
OG0000654	Syao	Prbg.g_01184	Syao.g_00784
OG0000654	Syas	Prbg.g_01184	Syas.g_00569
OG0000654	Syar	Prbg.g_01184	Syar.g_02666
OG0000654	Syat	Prbg.g_01184	Syat.g_00514
OG0000654	Syac	Prbg.g_01184	Syac.g_01312
OG0000654	Syah	Prbg.g_01184	Syah.g_01750
OG0000654	Syaa	Prbg.g_01184	Syaa.g_01198
OG0000654	Syae	Prbg.g_01184	Syae.g_00492
OG0000654	Syaf	Prbg.g_01184	Syaf.g_02020
OG0000654	Syai	Prbg.g_01184	Syai.g_01369
OG0000654	Syam	Prbg.g_01184	Syam.g_01262
OG0000654	Syad	Prbg.g_01184	Syad.g_01849
OG0000654	Syaj	Prbg.g_01184	Syaj.g_00990
OG0000654	Syab	Prbg.g_01184	Syab.g_01691
OG0000654	Syal	Prbg.g_01184	Syal.g_02445
OG0000654	Syag	Prbg.g_01184	Syag.g_00701
OG0000654	Syak	Prbg.g_01184	Syak.g_00625
OG0000654	Pral	Prbg.g_01184	Pral.g_01513
OG0000654	Prat	Prbg.g_01184	Prat.g_01012
OG0000654	Pram	Prbg.g_01184	Pram.g_00834
OG0000654	Prbh	Prbg.g_01184	Prbh.g_00978
OG0000654	Prak	Prbg.g_01184	Prak.g_00870
OG0000654	Prap	Prbg.g_01184	Prap.g_00758
OG0000654	Prbe	Prbg.g_01184	Prbe.g_01247
OG0000654	Prbf	Prbg.g_01184	Prbf.g_01220
OG0000654	Prbn	Prbg.g_01184	Prbn.g_01521
OG0000655	Prab	Prbg.g_01185	Prab.g_00865
OG0000655	Pran	Prbg.g_01185	Pran.g_01318
OG0000655	Prai	Prbg.g_01185	Prai.g_00822
OG0000655	Prac	Prbg.g_01185	Prac.g_01450
OG0000655	Praq	Prbg.g_01185	Praq.g_01423
OG0000655	Prar	Prbg.g_01185	Prar.g_01709
OG0000655	Pray	Prbg.g_01185	Pray.g_00373
OG0000655	Praz	Prbg.g_01185	Praz.g_01487
OG0000655	Prba	Prbg.g_01185	Prba.g_01474
OG0000655	Praa	Prbg.g_01185	Praa.g_00829
OG0000655	Prad	Prbg.g_01185	Prad.g_01171
OG0000655	Prae	Prbg.g_01185	Prae.g_00831
OG0000655	Prag	Prbg.g_01185	Prag.g_00831
OG0000655	Prao	Prbg.g_01185	Prao.g_00766
OG0000655	Praw	Prbg.g_01185	Praw.g_01672
OG0000655	Prax	Prbg.g_01185	Prax.g_00348
OG0000655	Prbd	Prbg.g_01185	Prbd.g_00127
OG0000655	Prbi	Prbg.g_01185	Prbi.g_00872
OG0000655	Prav	Prbg.g_01185	Prav.g_00422
OG0000655	Pras	Prbg.g_01185	Pras.g_01726
OG0000655	Prau	Prbg.g_01185	Prau.g_00879
OG0000655	Prbm	Prbg.g_01185	Prbm.g_00841
OG0000655	Praj	Prbg.g_01185	Praj.g_00796
OG0000655	Prbb	Prbg.g_01185	Prbb.g_00810
OG0000655	Prbc	Prbg.g_01185	Prbc.g_01885
OG0000655	Syag	Prbg.g_01185	Syag.g_00702
OG0000655	Syan	Prbg.g_01185	Syan.g_00660
OG0000655	Syao	Prbg.g_01185	Syao.g_00785
OG0000655	Syar	Prbg.g_01185	Syar.g_02667
OG0000655	Syat	Prbg.g_01185	Syat.g_00515
OG0000655	Syap	Prbg.g_01185	Syap.g_02710
OG0000655	Syas	Prbg.g_01185	Syas.g_00568
OG0000655	Syaq	Prbg.g_01185	Syaq.g_02369
OG0000655	Syak	Prbg.g_01185	Syak.g_00624
OG0000655	Syab	Prbg.g_01185	Syab.g_01692
OG0000655	Syal	Prbg.g_01185	Syal.g_02446
OG0000655	Syae	Prbg.g_01185	Syae.g_00491
OG0000655	Syad	Prbg.g_01185	Syad.g_01848
OG0000655	Syaj	Prbg.g_01185	Syaj.g_00989
OG0000655	Syac	Prbg.g_01185	Syac.g_01311
OG0000655	Syah	Prbg.g_01185	Syah.g_01749
OG0000655	Syaa	Prbg.g_01185	Syaa.g_01199
OG0000655	Syaf	Prbg.g_01185	Syaf.g_02019
OG0000655	Syam	Prbg.g_01185	Syam.g_01261
OG0000655	Syai	Prbg.g_01185	Syai.g_01370
OG0000655	Prah	Prbg.g_01185	Prah.g_00638
OG0000655	Praf	Prbg.g_01185	Praf.g_01559
OG0000655	Prbj	Prbg.g_01185	Prbj.g_02440
OG0000655	Prbk	Prbg.g_01185	Prbk.g_02496
OG0000655	Prbl	Prbg.g_01185	Prbl.g_02307
OG0000655	Pral	Prbg.g_01185	Pral.g_01514
OG0000655	Prat	Prbg.g_01185	Prat.g_01011
OG0000655	Pram	Prbg.g_01185	Pram.g_00835
OG0000655	Prbh	Prbg.g_01185	Prbh.g_00979
OG0000655	Prak	Prbg.g_01185	Prak.g_00871
OG0000655	Prap	Prbg.g_01185	Prap.g_00757
OG0000655	Prbe	Prbg.g_01185	Prbe.g_01248
OG0000655	Prbf	Prbg.g_01185	Prbf.g_01219
OG0000655	Prbn	Prbg.g_01185	Prbn.g_01520
OG0000656	Prab	Prbg.g_01188	Prab.g_00868
OG0000656	Pran	Prbg.g_01188	Pran.g_01315
OG0000656	Prai	Prbg.g_01188	Prai.g_00819
OG0000656	Pras	Prbg.g_01188	Pras.g_01729
OG0000656	Prau	Prbg.g_01188	Prau.g_00882
OG0000656	Praa	Prbg.g_01188	Praa.g_00832
OG0000656	Prbi	Prbg.g_01188	Prbi.g_00875
OG0000656	Prax	Prbg.g_01188	Prax.g_00345
OG0000656	Prac	Prbg.g_01188	Prac.g_01447
OG0000656	Praq	Prbg.g_01188	Praq.g_01426
OG0000656	Prar	Prbg.g_01188	Prar.g_01712
OG0000656	Prae	Prbg.g_01188	Prae.g_00834
OG0000656	Prad	Prbg.g_01188	Prad.g_01174
OG0000656	Prao	Prbg.g_01188	Prao.g_00769
OG0000656	Prag	Prbg.g_01188	Prag.g_00834
OG0000656	Praw	Prbg.g_01188	Praw.g_01669
OG0000656	Prav	Prbg.g_01188	Prav.g_00425
OG0000656	Pray	Prbg.g_01188	Pray.g_00376
OG0000656	Praz	Prbg.g_01188	Praz.g_01484
OG0000656	Prba	Prbg.g_01188	Prba.g_01471
OG0000656	Prbd	Prbg.g_01188	Prbd.g_00130
OG0000656	Praj	Prbg.g_01188	Praj.g_00799
OG0000656	Prbc	Prbg.g_01188	Prbc.g_01888
OG0000656	Prbb	Prbg.g_01188	Prbb.g_00813
OG0000656	Prbm	Prbg.g_01188	Prbm.g_00844
OG0000656	Prbj	Prbg.g_01188	Prbj.g_02443
OG0000656	Prbk	Prbg.g_01188	Prbk.g_02499
OG0000656	Prbl	Prbg.g_01188	Prbl.g_02304
OG0000656	Praf	Prbg.g_01188	Praf.g_01562
OG0000656	Prah	Prbg.g_01188	Prah.g_00635
OG0000656	Syae	Prbg.g_01188	Syae.g_00488
OG0000656	Syai	Prbg.g_01188	Syai.g_01373
OG0000656	Syaf	Prbg.g_01188	Syaf.g_02016
OG0000656	Syam	Prbg.g_01188	Syam.g_01258
OG0000656	Syaa	Prbg.g_01188	Syaa.g_01202
OG0000656	Syac	Prbg.g_01188	Syac.g_01308
OG0000656	Syah	Prbg.g_01188	Syah.g_01746
OG0000656	Syap	Prbg.g_01188	Syap.g_02706
OG0000656	Syat	Prbg.g_01188	Syat.g_00518
OG0000656	Syas	Prbg.g_01188	Syas.g_00565
OG0000656	Syar	Prbg.g_01188	Syar.g_02479
OG0000656	Syan	Prbg.g_01188	Syan.g_00656
OG0000656	Syao	Prbg.g_01188	Syao.g_00789
OG0000656	Syag	Prbg.g_01188	Syag.g_00705
OG0000656	Syaq	Prbg.g_01188	Syaq.g_02372
OG0000656	Syak	Prbg.g_01188	Syak.g_00621
OG0000656	Syab	Prbg.g_01188	Syab.g_01695
OG0000656	Syal	Prbg.g_01188	Syal.g_02449
OG0000656	Syad	Prbg.g_01188	Syad.g_01845
OG0000656	Syaj	Prbg.g_01188	Syaj.g_00986
OG0000656	Pral	Prbg.g_01188	Pral.g_01517
OG0000656	Prat	Prbg.g_01188	Prat.g_01008
OG0000656	Pram	Prbg.g_01188	Pram.g_00838
OG0000656	Prbh	Prbg.g_01188	Prbh.g_00982
OG0000656	Prak	Prbg.g_01188	Prak.g_00874
OG0000656	Prap	Prbg.g_01188	Prap.g_00754
OG0000656	Prbe	Prbg.g_01188	Prbe.g_01251
OG0000656	Prbf	Prbg.g_01188	Prbf.g_01216
OG0000656	Prbn	Prbg.g_01188	Prbn.g_01517
OG0000657	Prab	Prbg.g_01196	Prab.g_00875
OG0000657	Pran	Prbg.g_01196	Pran.g_01308
OG0000657	Prai	Prbg.g_01196	Prai.g_00811
OG0000657	Pras	Prbg.g_01196	Pras.g_01736
OG0000657	Prau	Prbg.g_01196	Prau.g_00889
OG0000657	Prag	Prbg.g_01196	Prag.g_00840
OG0000657	Praw	Prbg.g_01196	Praw.g_01663
OG0000657	Prac	Prbg.g_01196	Prac.g_01440
OG0000657	Praq	Prbg.g_01196	Praq.g_01433
OG0000657	Prar	Prbg.g_01196	Prar.g_01719
OG0000657	Prav	Prbg.g_01196	Prav.g_00432
OG0000657	Prad	Prbg.g_01196	Prad.g_01182
OG0000657	Prao	Prbg.g_01196	Prao.g_00777
OG0000657	Praa	Prbg.g_01196	Praa.g_00840
OG0000657	Prae	Prbg.g_01196	Prae.g_00841
OG0000657	Prax	Prbg.g_01196	Prax.g_00337
OG0000657	Pray	Prbg.g_01196	Pray.g_00384
OG0000657	Praz	Prbg.g_01196	Praz.g_01476
OG0000657	Prba	Prbg.g_01196	Prba.g_01463
OG0000657	Prbd	Prbg.g_01196	Prbd.g_00138
OG0000657	Prbi	Prbg.g_01196	Prbi.g_00883
OG0000657	Pral	Prbg.g_01196	Pral.g_01524
OG0000657	Prbm	Prbg.g_01196	Prbm.g_00850
OG0000657	Praj	Prbg.g_01196	Praj.g_00806
OG0000657	Prbc	Prbg.g_01196	Prbc.g_01895
OG0000657	Prbb	Prbg.g_01196	Prbb.g_00819
OG0000657	Praf	Prbg.g_01196	Praf.g_01592
OG0000657	Prah	Prbg.g_01196	Prah.g_00603
OG0000657	Prbj	Prbg.g_01196	Prbj.g_02476
OG0000657	Prbk	Prbg.g_01196	Prbk.g_02532
OG0000657	Prbl	Prbg.g_01196	Prbl.g_01540
OG0000657	Syab	Prbg.g_01196	Syab.g_01706
OG0000657	Syal	Prbg.g_01196	Syal.g_02460
OG0000657	Syag	Prbg.g_01196	Syag.g_00719
OG0000657	Syaq	Prbg.g_01196	Syaq.g_02382
OG0000657	Syak	Prbg.g_01196	Syak.g_00609
OG0000657	Syan	Prbg.g_01196	Syan.g_00375
OG0000657	Syao	Prbg.g_01196	Syao.g_00435
OG0000657	Syar	Prbg.g_01196	Syar.g_01812
OG0000657	Syat	Prbg.g_01196	Syat.g_00720
OG0000657	Syap	Prbg.g_01196	Syap.g_01845
OG0000657	Syas	Prbg.g_01196	Syas.g_00232
OG0000657	Syaa	Prbg.g_01196	Syaa.g_00838
OG0000657	Syad	Prbg.g_01196	Syad.g_01240
OG0000657	Syaj	Prbg.g_01196	Syaj.g_00382
OG0000657	Syae	Prbg.g_01196	Syae.g_00834
OG0000657	Syac	Prbg.g_01196	Syac.g_00846
OG0000657	Syah	Prbg.g_01196	Syah.g_02083
OG0000657	Syai	Prbg.g_01196	Syai.g_02045
OG0000657	Syaf	Prbg.g_01196	Syaf.g_01384
OG0000657	Syam	Prbg.g_01196	Syam.g_00739
OG0000657	Prat	Prbg.g_01196	Prat.g_01002
OG0000657	Pram	Prbg.g_01196	Pram.g_00845
OG0000657	Prbh	Prbg.g_01196	Prbh.g_00989
OG0000657	Prak	Prbg.g_01196	Prak.g_00882
OG0000657	Prap	Prbg.g_01196	Prap.g_00746
OG0000657	Prbe	Prbg.g_01196	Prbe.g_01259
OG0000657	Prbf	Prbg.g_01196	Prbf.g_01208
OG0000657	Prbn	Prbg.g_01196	Prbn.g_01509
OG0000658	Prab	Prbg.g_01198	Prab.g_00876
OG0000658	Pran	Prbg.g_01198	Pran.g_01307
OG0000658	Prai	Prbg.g_01198	Prai.g_00810
OG0000658	Prac	Prbg.g_01198	Prac.g_01439
OG0000658	Praq	Prbg.g_01198	Praq.g_01434
OG0000658	Prar	Prbg.g_01198	Prar.g_01720
OG0000658	Prau	Prbg.g_01198	Prau.g_00890
OG0000658	Praa	Prbg.g_01198	Praa.g_00841
OG0000658	Prae	Prbg.g_01198	Prae.g_00842
OG0000658	Prbd	Prbg.g_01198	Prbd.g_00139
OG0000658	Prax	Prbg.g_01198	Prax.g_00336
OG0000658	Prao	Prbg.g_01198	Prao.g_00778
OG0000658	Pray	Prbg.g_01198	Pray.g_00385
OG0000658	Praz	Prbg.g_01198	Praz.g_01475
OG0000658	Prba	Prbg.g_01198	Prba.g_01462
OG0000658	Prbi	Prbg.g_01198	Prbi.g_00884
OG0000658	Prad	Prbg.g_01198	Prad.g_01183
OG0000658	Prav	Prbg.g_01198	Prav.g_00433
OG0000658	Prag	Prbg.g_01198	Prag.g_00841
OG0000658	Praw	Prbg.g_01198	Praw.g_01662
OG0000658	Pras	Prbg.g_01198	Pras.g_01737
OG0000658	Prbm	Prbg.g_01198	Prbm.g_00852
OG0000658	Prbb	Prbg.g_01198	Prbb.g_00821
OG0000658	Praj	Prbg.g_01198	Praj.g_00808
OG0000658	Prbc	Prbg.g_01198	Prbc.g_01897
OG0000658	Prbj	Prbg.g_01198	Prbj.g_02478
OG0000658	Prbk	Prbg.g_01198	Prbk.g_02534
OG0000658	Prbl	Prbg.g_01198	Prbl.g_01542
OG0000658	Praf	Prbg.g_01198	Praf.g_01594
OG0000658	Prah	Prbg.g_01198	Prah.g_00601
OG0000658	Syac	Prbg.g_01198	Syac.g_00842
OG0000658	Syah	Prbg.g_01198	Syah.g_02086
OG0000658	Syae	Prbg.g_01198	Syae.g_00837
OG0000658	Syaa	Prbg.g_01198	Syaa.g_00836
OG0000658	Syad	Prbg.g_01198	Syad.g_01231
OG0000658	Syaj	Prbg.g_01198	Syaj.g_00379
OG0000658	Syaf	Prbg.g_01198	Syaf.g_01381
OG0000658	Syag	Prbg.g_01198	Syag.g_00721
OG0000658	Syas	Prbg.g_01198	Syas.g_00235
OG0000658	Syap	Prbg.g_01198	Syap.g_01841
OG0000658	Syan	Prbg.g_01198	Syan.g_00378
OG0000658	Syao	Prbg.g_01198	Syao.g_00560
OG0000658	Syai	Prbg.g_01198	Syai.g_02049
OG0000658	Syam	Prbg.g_01198	Syam.g_00735
OG0000658	Syar	Prbg.g_01198	Syar.g_01815
OG0000658	Syat	Prbg.g_01198	Syat.g_00723
OG0000658	Syaq	Prbg.g_01198	Syaq.g_02385
OG0000658	Syak	Prbg.g_01198	Syak.g_00606
OG0000658	Syab	Prbg.g_01198	Syab.g_01710
OG0000658	Syal	Prbg.g_01198	Syal.g_02465
OG0000658	Pral	Prbg.g_01198	Pral.g_01525
OG0000658	Prat	Prbg.g_01198	Prat.g_01001
OG0000658	Pram	Prbg.g_01198	Pram.g_00847
OG0000658	Prbh	Prbg.g_01198	Prbh.g_00991
OG0000658	Prak	Prbg.g_01198	Prak.g_00884
OG0000658	Prap	Prbg.g_01198	Prap.g_00744
OG0000658	Prbe	Prbg.g_01198	Prbe.g_01261
OG0000658	Prbf	Prbg.g_01198	Prbf.g_01206
OG0000658	Prbn	Prbg.g_01198	Prbn.g_01507
OG0000659	Prac	Prbg.g_01199	Prac.g_01438
OG0000659	Praq	Prbg.g_01199	Praq.g_01435
OG0000659	Prar	Prbg.g_01199	Prar.g_01721
OG0000659	Prav	Prbg.g_01199	Prav.g_00434
OG0000659	Prag	Prbg.g_01199	Prag.g_00842
OG0000659	Praw	Prbg.g_01199	Praw.g_01661
OG0000659	Prao	Prbg.g_01199	Prao.g_00779
OG0000659	Prax	Prbg.g_01199	Prax.g_00335
OG0000659	Prbd	Prbg.g_01199	Prbd.g_00140
OG0000659	Praa	Prbg.g_01199	Praa.g_00842
OG0000659	Pray	Prbg.g_01199	Pray.g_00386
OG0000659	Praz	Prbg.g_01199	Praz.g_01474
OG0000659	Prba	Prbg.g_01199	Prba.g_01461
OG0000659	Prae	Prbg.g_01199	Prae.g_00843
OG0000659	Pras	Prbg.g_01199	Pras.g_01738
OG0000659	Prau	Prbg.g_01199	Prau.g_00891
OG0000659	Prad	Prbg.g_01199	Prad.g_01184
OG0000659	Prbi	Prbg.g_01199	Prbi.g_00885
OG0000659	Prab	Prbg.g_01199	Prab.g_00877
OG0000659	Pran	Prbg.g_01199	Pran.g_01306
OG0000659	Prai	Prbg.g_01199	Prai.g_00809
OG0000659	Prbc	Prbg.g_01199	Prbc.g_01898
OG0000659	Praj	Prbg.g_01199	Praj.g_00809
OG0000659	Prbb	Prbg.g_01199	Prbb.g_00822
OG0000659	Prbm	Prbg.g_01199	Prbm.g_00853
OG0000659	Pral	Prbg.g_01199	Pral.g_01526
OG0000659	Prat	Prbg.g_01199	Prat.g_01000
OG0000659	Prbj	Prbg.g_01199	Prbj.g_02479
OG0000659	Prbk	Prbg.g_01199	Prbk.g_02535
OG0000659	Prbl	Prbg.g_01199	Prbl.g_01543
OG0000659	Praf	Prbg.g_01199	Praf.g_01595
OG0000659	Prah	Prbg.g_01199	Prah.g_00600
OG0000659	Syar	Prbg.g_01199	Syar.g_01816
OG0000659	Syas	Prbg.g_01199	Syas.g_00236
OG0000659	Syap	Prbg.g_01199	Syap.g_01840
OG0000659	Syan	Prbg.g_01199	Syan.g_00379
OG0000659	Syao	Prbg.g_01199	Syao.g_00559
OG0000659	Syat	Prbg.g_01199	Syat.g_00724
OG0000659	Syaq	Prbg.g_01199	Syaq.g_02386
OG0000659	Syab	Prbg.g_01199	Syab.g_01711
OG0000659	Syal	Prbg.g_01199	Syal.g_02466
OG0000659	Syag	Prbg.g_01199	Syag.g_00722
OG0000659	Syak	Prbg.g_01199	Syak.g_00605
OG0000659	Syad	Prbg.g_01199	Syad.g_01230
OG0000659	Syaj	Prbg.g_01199	Syaj.g_00378
OG0000659	Syaa	Prbg.g_01199	Syaa.g_00835
OG0000659	Syae	Prbg.g_01199	Syae.g_00838
OG0000659	Syac	Prbg.g_01199	Syac.g_00841
OG0000659	Syah	Prbg.g_01199	Syah.g_02087
OG0000659	Syam	Prbg.g_01199	Syam.g_00734
OG0000659	Syai	Prbg.g_01199	Syai.g_02050
OG0000659	Syaf	Prbg.g_01199	Syaf.g_01380
OG0000659	Pram	Prbg.g_01199	Pram.g_00848
OG0000659	Prbh	Prbg.g_01199	Prbh.g_00992
OG0000659	Prak	Prbg.g_01199	Prak.g_00885
OG0000659	Prap	Prbg.g_01199	Prap.g_00743
OG0000659	Prbe	Prbg.g_01199	Prbe.g_01262
OG0000659	Prbf	Prbg.g_01199	Prbf.g_01205
OG0000659	Prbn	Prbg.g_01199	Prbn.g_01506
OG0000660	Prab	Prbg.g_01203	Prab.g_00881
OG0000660	Pran	Prbg.g_01203	Pran.g_01302
OG0000660	Prai	Prbg.g_01203	Prai.g_00805
OG0000660	Prac	Prbg.g_01203	Prac.g_01434
OG0000660	Praq	Prbg.g_01203	Praq.g_01439
OG0000660	Prar	Prbg.g_01203	Prar.g_01725
OG0000660	Prag	Prbg.g_01203	Prag.g_00846
OG0000660	Praw	Prbg.g_01203	Praw.g_01657
OG0000660	Prav	Prbg.g_01203	Prav.g_00438
OG0000660	Pray	Prbg.g_01203	Pray.g_00390
OG0000660	Praz	Prbg.g_01203	Praz.g_01470
OG0000660	Prba	Prbg.g_01203	Prba.g_01457
OG0000660	Pras	Prbg.g_01203	Pras.g_01742
OG0000660	Prao	Prbg.g_01203	Prao.g_00783
OG0000660	Prbd	Prbg.g_01203	Prbd.g_00144
OG0000660	Prad	Prbg.g_01203	Prad.g_00306
OG0000660	Praa	Prbg.g_01203	Praa.g_00846
OG0000660	Prbi	Prbg.g_01203	Prbi.g_00889
OG0000660	Prae	Prbg.g_01203	Prae.g_00847
OG0000660	Prau	Prbg.g_01203	Prau.g_00895
OG0000660	Prax	Prbg.g_01203	Prax.g_00331
OG0000660	Prbc	Prbg.g_01203	Prbc.g_01903
OG0000660	Prbm	Prbg.g_01203	Prbm.g_00857
OG0000660	Praj	Prbg.g_01203	Praj.g_00814
OG0000660	Prbb	Prbg.g_01203	Prbb.g_00827
OG0000660	Praf	Prbg.g_01203	Praf.g_01599
OG0000660	Prbj	Prbg.g_01203	Prbj.g_02483
OG0000660	Prbk	Prbg.g_01203	Prbk.g_02539
OG0000660	Prbl	Prbg.g_01203	Prbl.g_01547
OG0000660	Prah	Prbg.g_01203	Prah.g_00596
OG0000660	Syaa	Prbg.g_01203	Syaa.g_00831
OG0000660	Syad	Prbg.g_01203	Syad.g_01226
OG0000660	Syaj	Prbg.g_01203	Syaj.g_00374
OG0000660	Syae	Prbg.g_01203	Syae.g_00842
OG0000660	Syac	Prbg.g_01203	Syac.g_00837
OG0000660	Syah	Prbg.g_01203	Syah.g_02091
OG0000660	Syaf	Prbg.g_01203	Syaf.g_01376
OG0000660	Syai	Prbg.g_01203	Syai.g_02054
OG0000660	Syam	Prbg.g_01203	Syam.g_00730
OG0000660	Syaq	Prbg.g_01203	Syaq.g_02390
OG0000660	Syag	Prbg.g_01203	Syag.g_00726
OG0000660	Syas	Prbg.g_01203	Syas.g_00240
OG0000660	Syat	Prbg.g_01203	Syat.g_00740
OG0000660	Syap	Prbg.g_01203	Syap.g_01835
OG0000660	Syar	Prbg.g_01203	Syar.g_01820
OG0000660	Syan	Prbg.g_01203	Syan.g_00383
OG0000660	Syao	Prbg.g_01203	Syao.g_00555
OG0000660	Syak	Prbg.g_01203	Syak.g_00601
OG0000660	Syab	Prbg.g_01203	Syab.g_01715
OG0000660	Syal	Prbg.g_01203	Syal.g_02470
OG0000660	Pral	Prbg.g_01203	Pral.g_01530
OG0000660	Prat	Prbg.g_01203	Prat.g_00996
OG0000660	Pram	Prbg.g_01203	Pram.g_00852
OG0000660	Prbh	Prbg.g_01203	Prbh.g_00996
OG0000660	Prak	Prbg.g_01203	Prak.g_00889
OG0000660	Prap	Prbg.g_01203	Prap.g_00739
OG0000660	Prbe	Prbg.g_01203	Prbe.g_01266
OG0000660	Prbf	Prbg.g_01203	Prbf.g_01201
OG0000660	Prbn	Prbg.g_01203	Prbn.g_01502
OG0000661	Prab	Prbg.g_01205	Prab.g_00883
OG0000661	Pran	Prbg.g_01205	Pran.g_01300
OG0000661	Prai	Prbg.g_01205	Prai.g_00803
OG0000661	Prac	Prbg.g_01205	Prac.g_01432
OG0000661	Praq	Prbg.g_01205	Praq.g_01441
OG0000661	Prar	Prbg.g_01205	Prar.g_01727
OG0000661	Prag	Prbg.g_01205	Prag.g_00848
OG0000661	Praw	Prbg.g_01205	Praw.g_01655
OG0000661	Prae	Prbg.g_01205	Prae.g_00849
OG0000661	Prau	Prbg.g_01205	Prau.g_00897
OG0000661	Prad	Prbg.g_01205	Prad.g_00304
OG0000661	Pray	Prbg.g_01205	Pray.g_00392
OG0000661	Praz	Prbg.g_01205	Praz.g_01468
OG0000661	Prba	Prbg.g_01205	Prba.g_01455
OG0000661	Prao	Prbg.g_01205	Prao.g_00785
OG0000661	Prav	Prbg.g_01205	Prav.g_00440
OG0000661	Pras	Prbg.g_01205	Pras.g_01744
OG0000661	Prbi	Prbg.g_01205	Prbi.g_00891
OG0000661	Prbd	Prbg.g_01205	Prbd.g_00146
OG0000661	Praa	Prbg.g_01205	Praa.g_00848
OG0000661	Prax	Prbg.g_01205	Prax.g_00329
OG0000661	Pral	Prbg.g_01205	Pral.g_01532
OG0000661	Prat	Prbg.g_01205	Prat.g_00994
OG0000661	Syak	Prbg.g_01205	Syak.g_00599
OG0000661	Syab	Prbg.g_01205	Syab.g_01717
OG0000661	Syal	Prbg.g_01205	Syal.g_02472
OG0000661	Syaq	Prbg.g_01205	Syaq.g_02392
OG0000661	Syag	Prbg.g_01205	Syag.g_00728
OG0000661	Syaa	Prbg.g_01205	Syaa.g_00829
OG0000661	Syae	Prbg.g_01205	Syae.g_00844
OG0000661	Syac	Prbg.g_01205	Syac.g_00835
OG0000661	Syah	Prbg.g_01205	Syah.g_02093
OG0000661	Syar	Prbg.g_01205	Syar.g_03175, Syar.g_01822
OG0000661	Syaf	Prbg.g_01205	Syaf.g_01374
OG0000661	Syai	Prbg.g_01205	Syai.g_02056
OG0000661	Syam	Prbg.g_01205	Syam.g_00728
OG0000661	Syas	Prbg.g_01205	Syas.g_00242
OG0000661	Syat	Prbg.g_01205	Syat.g_00742
OG0000661	Syan	Prbg.g_01205	Syan.g_00385
OG0000661	Syao	Prbg.g_01205	Syao.g_00553
OG0000661	Syad	Prbg.g_01205	Syad.g_01224
OG0000661	Syaj	Prbg.g_01205	Syaj.g_00372
OG0000661	Praf	Prbg.g_01205	Praf.g_01601
OG0000661	Prbj	Prbg.g_01205	Prbj.g_02485
OG0000661	Prbk	Prbg.g_01205	Prbk.g_02541
OG0000661	Prbl	Prbg.g_01205	Prbl.g_01549
OG0000661	Prah	Prbg.g_01205	Prah.g_00594
OG0000661	Prbm	Prbg.g_01205	Prbm.g_00859
OG0000661	Prbc	Prbg.g_01205	Prbc.g_01905
OG0000661	Praj	Prbg.g_01205	Praj.g_00816
OG0000661	Prbb	Prbg.g_01205	Prbb.g_00829
OG0000661	Pram	Prbg.g_01205	Pram.g_00854
OG0000661	Prbh	Prbg.g_01205	Prbh.g_00998
OG0000661	Prak	Prbg.g_01205	Prak.g_00891
OG0000661	Prap	Prbg.g_01205	Prap.g_00737
OG0000661	Prbe	Prbg.g_01205	Prbe.g_01268
OG0000661	Prbf	Prbg.g_01205	Prbf.g_01199
OG0000661	Prbn	Prbg.g_01205	Prbn.g_01500
OG0000662	Prab	Prbg.g_01207	Prab.g_00885
OG0000662	Pran	Prbg.g_01207	Pran.g_01298
OG0000662	Prai	Prbg.g_01207	Prai.g_00801
OG0000662	Prag	Prbg.g_01207	Prag.g_00850
OG0000662	Praw	Prbg.g_01207	Praw.g_01653
OG0000662	Prav	Prbg.g_01207	Prav.g_00442
OG0000662	Pras	Prbg.g_01207	Pras.g_01746
OG0000662	Pray	Prbg.g_01207	Pray.g_00394
OG0000662	Praz	Prbg.g_01207	Praz.g_01466
OG0000662	Prba	Prbg.g_01207	Prba.g_01453
OG0000662	Prac	Prbg.g_01207	Prac.g_01430
OG0000662	Praq	Prbg.g_01207	Praq.g_01443
OG0000662	Prar	Prbg.g_01207	Prar.g_01729
OG0000662	Prao	Prbg.g_01207	Prao.g_00787
OG0000662	Prad	Prbg.g_01207	Prad.g_00302
OG0000662	Prbd	Prbg.g_01207	Prbd.g_00148
OG0000662	Prau	Prbg.g_01207	Prau.g_00899
OG0000662	Prbi	Prbg.g_01207	Prbi.g_00893
OG0000662	Praa	Prbg.g_01207	Praa.g_00850
OG0000662	Prae	Prbg.g_01207	Prae.g_00851
OG0000662	Prax	Prbg.g_01207	Prax.g_00327
OG0000662	Prbm	Prbg.g_01207	Prbm.g_00861
OG0000662	Prbc	Prbg.g_01207	Prbc.g_01907
OG0000662	Praj	Prbg.g_01207	Praj.g_00818
OG0000662	Prbb	Prbg.g_01207	Prbb.g_00831
OG0000662	Prbj	Prbg.g_01207	Prbj.g_02487
OG0000662	Prbk	Prbg.g_01207	Prbk.g_02543
OG0000662	Prbl	Prbg.g_01207	Prbl.g_01551
OG0000662	Praf	Prbg.g_01207	Praf.g_01603
OG0000662	Prah	Prbg.g_01207	Prah.g_00592
OG0000662	Syad	Prbg.g_01207	Syad.g_01222
OG0000662	Syaj	Prbg.g_01207	Syaj.g_00370
OG0000662	Syae	Prbg.g_01207	Syae.g_00846
OG0000662	Syaa	Prbg.g_01207	Syaa.g_00827
OG0000662	Syac	Prbg.g_01207	Syac.g_00833
OG0000662	Syah	Prbg.g_01207	Syah.g_02095
OG0000662	Syaf	Prbg.g_01207	Syaf.g_01372
OG0000662	Syai	Prbg.g_01207	Syai.g_02058
OG0000662	Syam	Prbg.g_01207	Syam.g_00726
OG0000662	Syak	Prbg.g_01207	Syak.g_00597
OG0000662	Syab	Prbg.g_01207	Syab.g_01719
OG0000662	Syal	Prbg.g_01207	Syal.g_02474
OG0000662	Syaq	Prbg.g_01207	Syaq.g_02394
OG0000662	Syag	Prbg.g_01207	Syag.g_00730
OG0000662	Syap	Prbg.g_01207	Syap.g_00823
OG0000662	Syas	Prbg.g_01207	Syas.g_00281
OG0000662	Syat	Prbg.g_01207	Syat.g_00746
OG0000662	Syar	Prbg.g_01207	Syar.g_01829
OG0000662	Syan	Prbg.g_01207	Syan.g_00392
OG0000662	Syao	Prbg.g_01207	Syao.g_00535
OG0000662	Prat	Prbg.g_01207	Prat.g_00992
OG0000662	Pral	Prbg.g_01207	Pral.g_01534
OG0000662	Pram	Prbg.g_01207	Pram.g_00857
OG0000662	Prbh	Prbg.g_01207	Prbh.g_01001
OG0000662	Prak	Prbg.g_01207	Prak.g_00893
OG0000662	Prap	Prbg.g_01207	Prap.g_00735
OG0000662	Prbe	Prbg.g_01207	Prbe.g_01270
OG0000662	Prbf	Prbg.g_01207	Prbf.g_01197
OG0000662	Prbn	Prbg.g_01207	Prbn.g_01498
OG0000663	Prai	Prbg.g_01209	Prai.g_00799
OG0000663	Prab	Prbg.g_01209	Prab.g_00887
OG0000663	Pran	Prbg.g_01209	Pran.g_01296
OG0000663	Prao	Prbg.g_01209	Prao.g_00789
OG0000663	Prbi	Prbg.g_01209	Prbi.g_00895
OG0000663	Prad	Prbg.g_01209	Prad.g_00300
OG0000663	Prav	Prbg.g_01209	Prav.g_00444
OG0000663	Prae	Prbg.g_01209	Prae.g_00853
OG0000663	Pray	Prbg.g_01209	Pray.g_00396
OG0000663	Praz	Prbg.g_01209	Praz.g_01464
OG0000663	Prba	Prbg.g_01209	Prba.g_01451
OG0000663	Prax	Prbg.g_01209	Prax.g_00325
OG0000663	Praa	Prbg.g_01209	Praa.g_00852
OG0000663	Prau	Prbg.g_01209	Prau.g_00902
OG0000663	Prbd	Prbg.g_01209	Prbd.g_00150
OG0000663	Pras	Prbg.g_01209	Pras.g_01748
OG0000663	Prac	Prbg.g_01209	Prac.g_01428
OG0000663	Praq	Prbg.g_01209	Praq.g_01445
OG0000663	Prar	Prbg.g_01209	Prar.g_01731
OG0000663	Prag	Prbg.g_01209	Prag.g_00852
OG0000663	Praw	Prbg.g_01209	Praw.g_01651
OG0000663	Prat	Prbg.g_01209	Prat.g_00990
OG0000663	Prbm	Prbg.g_01209	Prbm.g_00863
OG0000663	Prbc	Prbg.g_01209	Prbc.g_01909
OG0000663	Praj	Prbg.g_01209	Praj.g_00820
OG0000663	Prbb	Prbg.g_01209	Prbb.g_00833
OG0000663	Pral	Prbg.g_01209	Pral.g_01536
OG0000663	Syae	Prbg.g_01209	Syae.g_00849
OG0000663	Syad	Prbg.g_01209	Syad.g_01219
OG0000663	Syaj	Prbg.g_01209	Syaj.g_00367
OG0000663	Syaa	Prbg.g_01209	Syaa.g_00824
OG0000663	Syac	Prbg.g_01209	Syac.g_00830
OG0000663	Syah	Prbg.g_01209	Syah.g_02098
OG0000663	Syaf	Prbg.g_01209	Syaf.g_01369
OG0000663	Syai	Prbg.g_01209	Syai.g_02061
OG0000663	Syam	Prbg.g_01209	Syam.g_00723
OG0000663	Prbj	Prbg.g_01209	Prbj.g_02490
OG0000663	Prbk	Prbg.g_01209	Prbk.g_02546
OG0000663	Prbl	Prbg.g_01209	Prbl.g_01554
OG0000663	Praf	Prbg.g_01209	Praf.g_01606
OG0000663	Prah	Prbg.g_01209	Prah.g_00589
OG0000663	Syar	Prbg.g_01209	Syar.g_01832
OG0000663	Syat	Prbg.g_01209	Syat.g_00749
OG0000663	Syan	Prbg.g_01209	Syan.g_00395
OG0000663	Syao	Prbg.g_01209	Syao.g_00532
OG0000663	Syap	Prbg.g_01209	Syap.g_00826
OG0000663	Syas	Prbg.g_01209	Syas.g_00284
OG0000663	Syag	Prbg.g_01209	Syag.g_00733
OG0000663	Syak	Prbg.g_01209	Syak.g_00594
OG0000663	Syaq	Prbg.g_01209	Syaq.g_02397
OG0000663	Syab	Prbg.g_01209	Syab.g_01722
OG0000663	Syal	Prbg.g_01209	Syal.g_02477
OG0000663	Pram	Prbg.g_01209	Pram.g_00859
OG0000663	Prbh	Prbg.g_01209	Prbh.g_01003
OG0000663	Prak	Prbg.g_01209	Prak.g_00895
OG0000663	Prap	Prbg.g_01209	Prap.g_00733
OG0000663	Prbe	Prbg.g_01209	Prbe.g_01272
OG0000663	Prbf	Prbg.g_01209	Prbf.g_01195
OG0000663	Prbn	Prbg.g_01209	Prbn.g_01496
OG0000664	Prac	Prbg.g_01210	Prac.g_01427
OG0000664	Praq	Prbg.g_01210	Praq.g_01446
OG0000664	Prar	Prbg.g_01210	Prar.g_01732
OG0000664	Prad	Prbg.g_01210	Prad.g_00299
OG0000664	Prae	Prbg.g_01210	Prae.g_00854
OG0000664	Praa	Prbg.g_01210	Praa.g_00853
OG0000664	Prax	Prbg.g_01210	Prax.g_00324
OG0000664	Prbd	Prbg.g_01210	Prbd.g_00151
OG0000664	Pray	Prbg.g_01210	Pray.g_00397
OG0000664	Praz	Prbg.g_01210	Praz.g_01463
OG0000664	Prba	Prbg.g_01210	Prba.g_01450
OG0000664	Pras	Prbg.g_01210	Pras.g_01749
OG0000664	Prau	Prbg.g_01210	Prau.g_00903
OG0000664	Prao	Prbg.g_01210	Prao.g_00790
OG0000664	Prbi	Prbg.g_01210	Prbi.g_00896
OG0000664	Prav	Prbg.g_01210	Prav.g_00445
OG0000664	Prag	Prbg.g_01210	Prag.g_00853
OG0000664	Praw	Prbg.g_01210	Praw.g_01650
OG0000664	Prab	Prbg.g_01210	Prab.g_00888
OG0000664	Pran	Prbg.g_01210	Pran.g_01295
OG0000664	Prai	Prbg.g_01210	Prai.g_00798
OG0000664	Prbc	Prbg.g_01210	Prbc.g_01910
OG0000664	Prbm	Prbg.g_01210	Prbm.g_00864
OG0000664	Praj	Prbg.g_01210	Praj.g_00821
OG0000664	Prbb	Prbg.g_01210	Prbb.g_00834
OG0000664	Syan	Prbg.g_01210	Syan.g_00397
OG0000664	Syao	Prbg.g_01210	Syao.g_00530
OG0000664	Syar	Prbg.g_01210	Syar.g_01837
OG0000664	Syat	Prbg.g_01210	Syat.g_00752
OG0000664	Syas	Prbg.g_01210	Syas.g_00287
OG0000664	Syap	Prbg.g_01210	Syap.g_00828
OG0000664	Syag	Prbg.g_01210	Syag.g_00734
OG0000664	Syaq	Prbg.g_01210	Syaq.g_02400
OG0000664	Syab	Prbg.g_01210	Syab.g_01723
OG0000664	Syal	Prbg.g_01210	Syal.g_02478
OG0000664	Syak	Prbg.g_01210	Syak.g_00593
OG0000664	Prbj	Prbg.g_01210	Prbj.g_02491
OG0000664	Prbk	Prbg.g_01210	Prbk.g_02547
OG0000664	Prbl	Prbg.g_01210	Prbl.g_01555
OG0000664	Praf	Prbg.g_01210	Praf.g_01607
OG0000664	Prah	Prbg.g_01210	Prah.g_00588
OG0000664	Syaf	Prbg.g_01210	Syaf.g_01368
OG0000664	Syam	Prbg.g_01210	Syam.g_00722
OG0000664	Syai	Prbg.g_01210	Syai.g_02062
OG0000664	Syaa	Prbg.g_01210	Syaa.g_00823
OG0000664	Syad	Prbg.g_01210	Syad.g_01209
OG0000664	Syaj	Prbg.g_01210	Syaj.g_00358
OG0000664	Syae	Prbg.g_01210	Syae.g_00850
OG0000664	Syac	Prbg.g_01210	Syac.g_00829
OG0000664	Syah	Prbg.g_01210	Syah.g_02099
OG0000664	Prat	Prbg.g_01210	Prat.g_00989
OG0000664	Pral	Prbg.g_01210	Pral.g_01537
OG0000664	Pram	Prbg.g_01210	Pram.g_00860
OG0000664	Prbh	Prbg.g_01210	Prbh.g_01004
OG0000664	Prak	Prbg.g_01210	Prak.g_00896
OG0000664	Prap	Prbg.g_01210	Prap.g_00732
OG0000664	Prbe	Prbg.g_01210	Prbe.g_01273
OG0000664	Prbf	Prbg.g_01210	Prbf.g_01194
OG0000664	Prbn	Prbg.g_01210	Prbn.g_01495
OG0000665	Prab	Prbg.g_01216	Prab.g_00892
OG0000665	Pran	Prbg.g_01216	Pran.g_01291
OG0000665	Prai	Prbg.g_01216	Prai.g_00794
OG0000665	Prag	Prbg.g_01216	Prag.g_00857
OG0000665	Praw	Prbg.g_01216	Praw.g_01646
OG0000665	Prac	Prbg.g_01216	Prac.g_01423
OG0000665	Praq	Prbg.g_01216	Praq.g_01450
OG0000665	Prar	Prbg.g_01216	Prar.g_01736
OG0000665	Prav	Prbg.g_01216	Prav.g_00449
OG0000665	Prau	Prbg.g_01216	Prau.g_00907
OG0000665	Prad	Prbg.g_01216	Prad.g_00295
OG0000665	Prao	Prbg.g_01216	Prao.g_00794
OG0000665	Prae	Prbg.g_01216	Prae.g_00858
OG0000665	Pras	Prbg.g_01216	Pras.g_01753
OG0000665	Prbd	Prbg.g_01216	Prbd.g_00155
OG0000665	Prax	Prbg.g_01216	Prax.g_00320
OG0000665	Pray	Prbg.g_01216	Pray.g_00401
OG0000665	Praz	Prbg.g_01216	Praz.g_01459
OG0000665	Prba	Prbg.g_01216	Prba.g_01446
OG0000665	Praa	Prbg.g_01216	Praa.g_00857
OG0000665	Prbi	Prbg.g_01216	Prbi.g_00900
OG0000665	Pral	Prbg.g_01216	Pral.g_01543
OG0000665	Prat	Prbg.g_01216	Prat.g_00983
OG0000665	Prbc	Prbg.g_01216	Prbc.g_01914
OG0000665	Praj	Prbg.g_01216	Praj.g_00826
OG0000665	Prbm	Prbg.g_01216	Prbm.g_00868
OG0000665	Prbb	Prbg.g_01216	Prbb.g_00838
OG0000665	Prbj	Prbg.g_01216	Prbj.g_02504
OG0000665	Prbk	Prbg.g_01216	Prbk.g_02560
OG0000665	Prbl	Prbg.g_01216	Prbl.g_01568
OG0000665	Praf	Prbg.g_01216	Praf.g_01620
OG0000665	Prah	Prbg.g_01216	Prah.g_00574
OG0000665	Syap	Prbg.g_01216	Syap.g_02331
OG0000665	Syaa	Prbg.g_01216	Syaa.g_01442
OG0000665	Syam	Prbg.g_01216	Syam.g_02027
OG0000665	Syaf	Prbg.g_01216	Syaf.g_00980
OG0000665	Syai	Prbg.g_01216	Syai.g_02431
OG0000665	Syao	Prbg.g_01216	Syao.g_01436
OG0000665	Syas	Prbg.g_01216	Syas.g_00385
OG0000665	Syar	Prbg.g_01216	Syar.g_02774
OG0000665	Syat	Prbg.g_01216	Syat.g_03302
OG0000665	Syac	Prbg.g_01216	Syac.g_01018
OG0000665	Syah	Prbg.g_01216	Syah.g_01895
OG0000665	Syag	Prbg.g_01216	Syag.g_00456
OG0000665	Syak	Prbg.g_01216	Syak.g_00086
OG0000665	Syab	Prbg.g_01216	Syab.g_01829
OG0000665	Syal	Prbg.g_01216	Syal.g_02593
OG0000665	Syaq	Prbg.g_01216	Syaq.g_02124
OG0000665	Syan	Prbg.g_01216	Syan.g_00788
OG0000665	Syae	Prbg.g_01216	Syae.g_00121
OG0000665	Syad	Prbg.g_01216	Syad.g_02115
OG0000665	Syaj	Prbg.g_01216	Syaj.g_01243
OG0000665	Pram	Prbg.g_01216	Pram.g_00866
OG0000665	Prbh	Prbg.g_01216	Prbh.g_01010
OG0000665	Prak	Prbg.g_01216	Prak.g_00902
OG0000665	Prap	Prbg.g_01216	Prap.g_00726
OG0000665	Prbe	Prbg.g_01216	Prbe.g_01279
OG0000665	Prbf	Prbg.g_01216	Prbf.g_01188
OG0000665	Prbn	Prbg.g_01216	Prbn.g_01489
OG0000666	Prab	Prbg.g_01217	Prab.g_00893
OG0000666	Pran	Prbg.g_01217	Pran.g_01290
OG0000666	Prai	Prbg.g_01217	Prai.g_00793
OG0000666	Prae	Prbg.g_01217	Prae.g_00859
OG0000666	Prau	Prbg.g_01217	Prau.g_00908
OG0000666	Praa	Prbg.g_01217	Praa.g_00858
OG0000666	Pras	Prbg.g_01217	Pras.g_01754
OG0000666	Prag	Prbg.g_01217	Prag.g_00858
OG0000666	Praw	Prbg.g_01217	Praw.g_01645
OG0000666	Prav	Prbg.g_01217	Prav.g_00450
OG0000666	Prac	Prbg.g_01217	Prac.g_01422
OG0000666	Praq	Prbg.g_01217	Praq.g_01451
OG0000666	Prar	Prbg.g_01217	Prar.g_01737
OG0000666	Prao	Prbg.g_01217	Prao.g_00795
OG0000666	Prbd	Prbg.g_01217	Prbd.g_00156
OG0000666	Prax	Prbg.g_01217	Prax.g_00319
OG0000666	Pray	Prbg.g_01217	Pray.g_00402
OG0000666	Praz	Prbg.g_01217	Praz.g_01458
OG0000666	Prba	Prbg.g_01217	Prba.g_01445
OG0000666	Prad	Prbg.g_01217	Prad.g_00294
OG0000666	Prbi	Prbg.g_01217	Prbi.g_00901
OG0000666	Pral	Prbg.g_01217	Pral.g_01544
OG0000666	Prat	Prbg.g_01217	Prat.g_00982
OG0000666	Prbj	Prbg.g_01217	Prbj.g_02507
OG0000666	Prbk	Prbg.g_01217	Prbk.g_02563
OG0000666	Prbl	Prbg.g_01217	Prbl.g_01571
OG0000666	Praf	Prbg.g_01217	Praf.g_01622
OG0000666	Prah	Prbg.g_01217	Prah.g_00572
OG0000666	Syac	Prbg.g_01217	Syac.g_01088
OG0000666	Syah	Prbg.g_01217	Syah.g_01826
OG0000666	Syaf	Prbg.g_01217	Syaf.g_01733
OG0000666	Syai	Prbg.g_01217	Syai.g_01610
OG0000666	Syam	Prbg.g_01217	Syam.g_01030
OG0000666	Syag	Prbg.g_01217	Syag.g_00445
OG0000666	Syak	Prbg.g_01217	Syak.g_00078
OG0000666	Syaq	Prbg.g_01217	Syaq.g_02117
OG0000666	Syab	Prbg.g_01217	Syab.g_01842
OG0000666	Syal	Prbg.g_01217	Syal.g_02605
OG0000666	Syas	Prbg.g_01217	Syas.g_01362
OG0000666	Syar	Prbg.g_01217	Syar.g_01241
OG0000666	Syat	Prbg.g_01217	Syat.g_01415
OG0000666	Syap	Prbg.g_01217	Syap.g_01573
OG0000666	Syan	Prbg.g_01217	Syan.g_02100
OG0000666	Syao	Prbg.g_01217	Syao.g_02120
OG0000666	Syad	Prbg.g_01217	Syad.g_02027
OG0000666	Syaj	Prbg.g_01217	Syaj.g_01154
OG0000666	Syaa	Prbg.g_01217	Syaa.g_01448
OG0000666	Syae	Prbg.g_01217	Syae.g_00258
OG0000666	Prbm	Prbg.g_01217	Prbm.g_00869
OG0000666	Praj	Prbg.g_01217	Praj.g_00827
OG0000666	Prbb	Prbg.g_01217	Prbb.g_00839
OG0000666	Prbc	Prbg.g_01217	Prbc.g_01915
OG0000666	Pram	Prbg.g_01217	Pram.g_00867
OG0000666	Prbh	Prbg.g_01217	Prbh.g_01011
OG0000666	Prak	Prbg.g_01217	Prak.g_00903
OG0000666	Prap	Prbg.g_01217	Prap.g_00725
OG0000666	Prbe	Prbg.g_01217	Prbe.g_01280
OG0000666	Prbf	Prbg.g_01217	Prbf.g_01187
OG0000666	Prbn	Prbg.g_01217	Prbn.g_01488
OG0000667	Prai	Prbg.g_01221	Prai.g_00789
OG0000667	Prab	Prbg.g_01221	Prab.g_00898
OG0000667	Pran	Prbg.g_01221	Pran.g_01285
OG0000667	Prad	Prbg.g_01221	Prad.g_00290
OG0000667	Prav	Prbg.g_01221	Prav.g_00454
OG0000667	Prac	Prbg.g_01221	Prac.g_01418
OG0000667	Praq	Prbg.g_01221	Praq.g_01456
OG0000667	Prar	Prbg.g_01221	Prar.g_01742
OG0000667	Praa	Prbg.g_01221	Praa.g_00862
OG0000667	Prao	Prbg.g_01221	Prao.g_00799
OG0000667	Pras	Prbg.g_01221	Pras.g_01758
OG0000667	Prau	Prbg.g_01221	Prau.g_00912
OG0000667	Prae	Prbg.g_01221	Prae.g_00863
OG0000667	Prag	Prbg.g_01221	Prag.g_00862
OG0000667	Praw	Prbg.g_01221	Praw.g_01641
OG0000667	Pray	Prbg.g_01221	Pray.g_00406
OG0000667	Praz	Prbg.g_01221	Praz.g_01454
OG0000667	Prba	Prbg.g_01221	Prba.g_01441
OG0000667	Prbi	Prbg.g_01221	Prbi.g_00905
OG0000667	Prax	Prbg.g_01221	Prax.g_00315
OG0000667	Prbd	Prbg.g_01221	Prbd.g_00160
OG0000667	Prbm	Prbg.g_01221	Prbm.g_00873
OG0000667	Prbc	Prbg.g_01221	Prbc.g_01919
OG0000667	Praj	Prbg.g_01221	Praj.g_00831
OG0000667	Prbb	Prbg.g_01221	Prbb.g_00843
OG0000667	Syaq	Prbg.g_01221	Syaq.g_02222
OG0000667	Syac	Prbg.g_01221	Syac.g_02165
OG0000667	Syah	Prbg.g_01221	Syah.g_00714
OG0000667	Syae	Prbg.g_01221	Syae.g_02056
OG0000667	Syad	Prbg.g_01221	Syad.g_00612
OG0000667	Syaj	Prbg.g_01221	Syaj.g_02661
OG0000667	Syaf	Prbg.g_01221	Syaf.g_01635
OG0000667	Syai	Prbg.g_01221	Syai.g_01724
OG0000667	Syam	Prbg.g_01221	Syam.g_00937
OG0000667	Syab	Prbg.g_01221	Syab.g_01548
OG0000667	Syal	Prbg.g_01221	Syal.g_02192
OG0000667	Syag	Prbg.g_01221	Syag.g_00574
OG0000667	Syak	Prbg.g_01221	Syak.g_00340
OG0000667	Prah	Prbg.g_01221	Prah.g_00564
OG0000667	Praf	Prbg.g_01221	Praf.g_01629
OG0000667	Prbj	Prbg.g_01221	Prbj.g_02514
OG0000667	Prbk	Prbg.g_01221	Prbk.g_02570
OG0000667	Prbl	Prbg.g_01221	Prbl.g_01579
OG0000667	Syat	Prbg.g_01221	Syat.g_00958, Syat.g_03278
OG0000667	Syap	Prbg.g_01221	Syap.g_01979
OG0000667	Syan	Prbg.g_01221	Syan.g_00044
OG0000667	Syao	Prbg.g_01221	Syao.g_01375
OG0000667	Syar	Prbg.g_01221	Syar.g_02346
OG0000667	Syas	Prbg.g_01221	Syas.g_00088
OG0000667	Pral	Prbg.g_01221	Pral.g_01548
OG0000667	Prat	Prbg.g_01221	Prat.g_00978
OG0000667	Pram	Prbg.g_01221	Pram.g_00872
OG0000667	Prbh	Prbg.g_01221	Prbh.g_01015
OG0000667	Prak	Prbg.g_01221	Prak.g_00907
OG0000667	Prap	Prbg.g_01221	Prap.g_00721
OG0000667	Prbe	Prbg.g_01221	Prbe.g_01284
OG0000667	Prbf	Prbg.g_01221	Prbf.g_01183
OG0000667	Prbn	Prbg.g_01221	Prbn.g_01484
OG0000668	Prab	Prbg.g_01062	Prab.g_01084
OG0000668	Pran	Prbg.g_01062	Pran.g_00413
OG0000668	Prai	Prbg.g_01062	Prai.g_01060
OG0000668	Prac	Prbg.g_01062	Prac.g_01401
OG0000668	Praq	Prbg.g_01062	Praq.g_01473
OG0000668	Prar	Prbg.g_01062	Prar.g_01759
OG0000668	Prad	Prbg.g_01062	Prad.g_00260
OG0000668	Prag	Prbg.g_01062	Prag.g_00892
OG0000668	Praw	Prbg.g_01062	Praw.g_01611
OG0000668	Praa	Prbg.g_01062	Praa.g_00892
OG0000668	Prav	Prbg.g_01062	Prav.g_00483
OG0000668	Prbi	Prbg.g_01062	Prbi.g_00934
OG0000668	Prax	Prbg.g_01062	Prax.g_00546
OG0000668	Prao	Prbg.g_01062	Prao.g_00829
OG0000668	Prae	Prbg.g_01062	Prae.g_00892
OG0000668	Pray	Prbg.g_01062	Pray.g_00436
OG0000668	Praz	Prbg.g_01062	Praz.g_01424
OG0000668	Prba	Prbg.g_01062	Prba.g_01411
OG0000668	Pras	Prbg.g_01062	Pras.g_01788
OG0000668	Prau	Prbg.g_01062	Prau.g_00942
OG0000668	Prbd	Prbg.g_01062	Prbd.g_00190
OG0000668	Prbm	Prbg.g_01062	Prbm.g_00911
OG0000668	Praj	Prbg.g_01062	Praj.g_00869
OG0000668	Prbb	Prbg.g_01062	Prbb.g_00914
OG0000668	Prbc	Prbg.g_01062	Prbc.g_01959
OG0000668	Syao	Prbg.g_01062	Syao.g_02678
OG0000668	Syag	Prbg.g_01062	Syag.g_00868
OG0000668	Syaq	Prbg.g_01062	Syaq.g_00068
OG0000668	Syak	Prbg.g_01062	Syak.g_00643
OG0000668	Syab	Prbg.g_01062	Syab.g_01319
OG0000668	Syal	Prbg.g_01062	Syal.g_01920
OG0000668	Syan	Prbg.g_01062	Syan.g_00365
OG0000668	Syar	Prbg.g_01062	Syar.g_01802
OG0000668	Syap	Prbg.g_01062	Syap.g_02765
OG0000668	Syat	Prbg.g_01062	Syat.g_00710
OG0000668	Syas	Prbg.g_01062	Syas.g_00221
OG0000668	Syac	Prbg.g_01062	Syac.g_01239
OG0000668	Syah	Prbg.g_01062	Syah.g_01680
OG0000668	Syad	Prbg.g_01062	Syad.g_01688
OG0000668	Syaj	Prbg.g_01062	Syaj.g_00816
OG0000668	Syaa	Prbg.g_01062	Syaa.g_01300
OG0000668	Syae	Prbg.g_01062	Syae.g_00418
OG0000668	Syaf	Prbg.g_01062	Syaf.g_01928
OG0000668	Syai	Prbg.g_01062	Syai.g_01436
OG0000668	Syam	Prbg.g_01062	Syam.g_01185
OG0000668	Prbj	Prbg.g_01062	Prbj.g_02215
OG0000668	Prbk	Prbg.g_01062	Prbk.g_00582
OG0000668	Prbl	Prbg.g_01062	Prbl.g_02530
OG0000668	Praf	Prbg.g_01062	Praf.g_01339
OG0000668	Prah	Prbg.g_01062	Prah.g_00850
OG0000668	Pral	Prbg.g_01062	Pral.g_01820
OG0000668	Prat	Prbg.g_01062	Prat.g_00694
OG0000668	Pram	Prbg.g_01062	Pram.g_00713
OG0000668	Prbh	Prbg.g_01062	Prbh.g_00857
OG0000668	Prak	Prbg.g_01062	Prak.g_00748
OG0000668	Prap	Prbg.g_01062	Prap.g_00660
OG0000668	Prbe	Prbg.g_01062	Prbe.g_00105
OG0000668	Prbf	Prbg.g_01062	Prbf.g_00838
OG0000668	Prbn	Prbg.g_01062	Prbn.g_01930
OG0000669	Prab	Prbg.g_01073	Prab.g_01076
OG0000669	Pran	Prbg.g_01073	Pran.g_00421
OG0000669	Prai	Prbg.g_01073	Prai.g_01054
OG0000669	Prac	Prbg.g_01073	Prac.g_01393
OG0000669	Praq	Prbg.g_01073	Praq.g_01481
OG0000669	Prar	Prbg.g_01073	Prar.g_01767
OG0000669	Prbi	Prbg.g_01073	Prbi.g_00942
OG0000669	Pras	Prbg.g_01073	Pras.g_01792
OG0000669	Prau	Prbg.g_01073	Prau.g_00949
OG0000669	Prav	Prbg.g_01073	Prav.g_00490
OG0000669	Praa	Prbg.g_01073	Praa.g_00899
OG0000669	Prae	Prbg.g_01073	Prae.g_00900
OG0000669	Prbd	Prbg.g_01073	Prbd.g_00197
OG0000669	Prax	Prbg.g_01073	Prax.g_00553
OG0000669	Pray	Prbg.g_01073	Pray.g_00443
OG0000669	Praz	Prbg.g_01073	Praz.g_01417
OG0000669	Prba	Prbg.g_01073	Prba.g_01404
OG0000669	Prad	Prbg.g_01073	Prad.g_00253
OG0000669	Prag	Prbg.g_01073	Prag.g_00898
OG0000669	Praw	Prbg.g_01073	Praw.g_01605
OG0000669	Prao	Prbg.g_01073	Prao.g_00837
OG0000669	Prbb	Prbg.g_01073	Prbb.g_00922
OG0000669	Prbm	Prbg.g_01073	Prbm.g_00919
OG0000669	Praj	Prbg.g_01073	Praj.g_00877
OG0000669	Prbc	Prbg.g_01073	Prbc.g_01967
OG0000669	Pral	Prbg.g_01073	Pral.g_01809
OG0000669	Prat	Prbg.g_01073	Prat.g_00705
OG0000669	Praf	Prbg.g_01073	Praf.g_01638
OG0000669	Prbj	Prbg.g_01073	Prbj.g_02523
OG0000669	Prbk	Prbg.g_01073	Prbk.g_02580
OG0000669	Prbl	Prbg.g_01073	Prbl.g_01588
OG0000669	Prah	Prbg.g_01073	Prah.g_00558
OG0000669	Syaa	Prbg.g_01073	Syaa.g_01084
OG0000669	Syaf	Prbg.g_01073	Syaf.g_02112
OG0000669	Syai	Prbg.g_01073	Syai.g_01251
OG0000669	Syam	Prbg.g_01073	Syam.g_01358
OG0000669	Syac	Prbg.g_01073	Syac.g_01404
OG0000669	Syah	Prbg.g_01073	Syah.g_01520
OG0000669	Syae	Prbg.g_01073	Syae.g_00585
OG0000669	Syad	Prbg.g_01073	Syad.g_01606
OG0000669	Syaj	Prbg.g_01073	Syaj.g_00730
OG0000669	Syar	Prbg.g_01073	Syar.g_01627
OG0000669	Syan	Prbg.g_01073	Syan.g_00751
OG0000669	Syao	Prbg.g_01073	Syao.g_00955
OG0000669	Syat	Prbg.g_01073	Syat.g_00416
OG0000669	Syap	Prbg.g_01073	Syap.g_02371
OG0000669	Syas	Prbg.g_01073	Syas.g_00684
OG0000669	Syag	Prbg.g_01073	Syag.g_00600
OG0000669	Syab	Prbg.g_01073	Syab.g_01642
OG0000669	Syal	Prbg.g_01073	Syal.g_02295
OG0000669	Syak	Prbg.g_01073	Syak.g_00363
OG0000669	Syaq	Prbg.g_01073	Syaq.g_02260
OG0000669	Pram	Prbg.g_01073	Pram.g_00724
OG0000669	Prbh	Prbg.g_01073	Prbh.g_00868
OG0000669	Prak	Prbg.g_01073	Prak.g_00759
OG0000669	Prap	Prbg.g_01073	Prap.g_00869
OG0000669	Prbe	Prbg.g_01073	Prbe.g_00406
OG0000669	Prbf	Prbg.g_01073	Prbf.g_01331
OG0000669	Prbn	Prbg.g_01073	Prbn.g_01632
OG0000670	Prab	Prbg.g_01076	Prab.g_01074
OG0000670	Pran	Prbg.g_01076	Pran.g_00423
OG0000670	Prai	Prbg.g_01076	Prai.g_01052
OG0000670	Prag	Prbg.g_01076	Prag.g_00900
OG0000670	Praw	Prbg.g_01076	Praw.g_01603
OG0000670	Pray	Prbg.g_01076	Pray.g_00445
OG0000670	Praz	Prbg.g_01076	Praz.g_01415
OG0000670	Prba	Prbg.g_01076	Prba.g_01402
OG0000670	Prao	Prbg.g_01076	Prao.g_00839
OG0000670	Prac	Prbg.g_01076	Prac.g_01391
OG0000670	Praq	Prbg.g_01076	Praq.g_01483
OG0000670	Prar	Prbg.g_01076	Prar.g_01769
OG0000670	Prav	Prbg.g_01076	Prav.g_00492
OG0000670	Praa	Prbg.g_01076	Praa.g_00901
OG0000670	Prax	Prbg.g_01076	Prax.g_00555
OG0000670	Prae	Prbg.g_01076	Prae.g_00902
OG0000670	Prbd	Prbg.g_01076	Prbd.g_00199
OG0000670	Prbi	Prbg.g_01076	Prbi.g_00944
OG0000670	Prad	Prbg.g_01076	Prad.g_00251
OG0000670	Pras	Prbg.g_01076	Pras.g_01794
OG0000670	Prau	Prbg.g_01076	Prau.g_00951
OG0000670	Prbm	Prbg.g_01076	Prbm.g_00922
OG0000670	Prbc	Prbg.g_01076	Prbc.g_01970
OG0000670	Praj	Prbg.g_01076	Praj.g_00880
OG0000670	Prbb	Prbg.g_01076	Prbb.g_00925
OG0000670	Syad	Prbg.g_01076	Syad.g_01609
OG0000670	Syaj	Prbg.g_01076	Syaj.g_00733
OG0000670	Syaa	Prbg.g_01076	Syaa.g_01087
OG0000670	Syae	Prbg.g_01076	Syae.g_00582
OG0000670	Syak	Prbg.g_01076	Syak.g_00366
OG0000670	Syab	Prbg.g_01076	Syab.g_02156
OG0000670	Syal	Prbg.g_01076	Syal.g_02956
OG0000670	Syac	Prbg.g_01076	Syac.g_00580
OG0000670	Syah	Prbg.g_01076	Syah.g_02352
OG0000670	Syag	Prbg.g_01076	Syag.g_00399
OG0000670	Prbj	Prbg.g_01076	Prbj.g_00044
OG0000670	Prbk	Prbg.g_01076	Prbk.g_01662
OG0000670	Prbl	Prbg.g_01076	Prbl.g_01078
OG0000670	Praf	Prbg.g_01076	Praf.g_00961
OG0000670	Prah	Prbg.g_01076	Prah.g_01212
OG0000670	Syaq	Prbg.g_01076	Syaq.g_00079
OG0000670	Syai	Prbg.g_01076	Syai.g_00561
OG0000670	Syaf	Prbg.g_01076	Syaf.g_02769
OG0000670	Syam	Prbg.g_01076	Syam.g_00528
OG0000670	Syan	Prbg.g_01076	Syan.g_00748
OG0000670	Syao	Prbg.g_01076	Syao.g_00958
OG0000670	Syap	Prbg.g_01076	Syap.g_02368
OG0000670	Syat	Prbg.g_01076	Syat.g_00419
OG0000670	Syas	Prbg.g_01076	Syas.g_00681
OG0000670	Syar	Prbg.g_01076	Syar.g_01624
OG0000670	Pral	Prbg.g_01076	Pral.g_01806
OG0000670	Prat	Prbg.g_01076	Prat.g_00708
OG0000670	Pram	Prbg.g_01076	Pram.g_00727
OG0000670	Prbh	Prbg.g_01076	Prbh.g_00871
OG0000670	Prak	Prbg.g_01076	Prak.g_00762
OG0000670	Prap	Prbg.g_01076	Prap.g_00866
OG0000670	Prbe	Prbg.g_01076	Prbe.g_00409
OG0000670	Prbf	Prbg.g_01076	Prbf.g_01328
OG0000670	Prbn	Prbg.g_01076	Prbn.g_01629
OG0000671	Prab	Prbg.g_01079	Prab.g_01072
OG0000671	Pran	Prbg.g_01079	Pran.g_00425
OG0000671	Pray	Prbg.g_01079	Pray.g_00447
OG0000671	Praz	Prbg.g_01079	Praz.g_01413
OG0000671	Prba	Prbg.g_01079	Prba.g_01400
OG0000671	Prao	Prbg.g_01079	Prao.g_00841
OG0000671	Prac	Prbg.g_01079	Prac.g_01389
OG0000671	Praq	Prbg.g_01079	Praq.g_01485
OG0000671	Prar	Prbg.g_01079	Prar.g_01771
OG0000671	Prag	Prbg.g_01079	Prag.g_00902
OG0000671	Praw	Prbg.g_01079	Praw.g_01601
OG0000671	Prav	Prbg.g_01079	Prav.g_00494
OG0000671	Prbi	Prbg.g_01079	Prbi.g_00946
OG0000671	Prad	Prbg.g_01079	Prad.g_00249
OG0000671	Praa	Prbg.g_01079	Praa.g_00903
OG0000671	Prax	Prbg.g_01079	Prax.g_00557
OG0000671	Prbd	Prbg.g_01079	Prbd.g_00201
OG0000671	Prae	Prbg.g_01079	Prae.g_00904
OG0000671	Pras	Prbg.g_01079	Pras.g_01796
OG0000671	Prau	Prbg.g_01079	Prau.g_00953
OG0000671	Prai	Prbg.g_01079	Prai.g_01050
OG0000671	Prbc	Prbg.g_01079	Prbc.g_01972
OG0000671	Prbm	Prbg.g_01079	Prbm.g_00924
OG0000671	Praj	Prbg.g_01079	Praj.g_00882
OG0000671	Prbb	Prbg.g_01079	Prbb.g_00927
OG0000671	Praf	Prbg.g_01079	Praf.g_01456
OG0000671	Prbj	Prbg.g_01079	Prbj.g_02335
OG0000671	Prbk	Prbg.g_01079	Prbk.g_02391
OG0000671	Prbl	Prbg.g_01079	Prbl.g_02412
OG0000671	Prah	Prbg.g_01079	Prah.g_00738
OG0000671	Syad	Prbg.g_01079	Syad.g_01611
OG0000671	Syaj	Prbg.g_01079	Syaj.g_00735
OG0000671	Syaa	Prbg.g_01079	Syaa.g_01089
OG0000671	Syae	Prbg.g_01079	Syae.g_00580
OG0000671	Syac	Prbg.g_01079	Syac.g_01400
OG0000671	Syah	Prbg.g_01079	Syah.g_01524
OG0000671	Syam	Prbg.g_01079	Syam.g_01354
OG0000671	Syaf	Prbg.g_01079	Syaf.g_02108
OG0000671	Syai	Prbg.g_01079	Syai.g_01255
OG0000671	Syar	Prbg.g_01079	Syar.g_01622
OG0000671	Syap	Prbg.g_01079	Syap.g_01260
OG0000671	Syas	Prbg.g_01079	Syas.g_00679
OG0000671	Syan	Prbg.g_01079	Syan.g_00746
OG0000671	Syao	Prbg.g_01079	Syao.g_00960
OG0000671	Syat	Prbg.g_01079	Syat.g_00421
OG0000671	Syag	Prbg.g_01079	Syag.g_00604
OG0000671	Syaq	Prbg.g_01079	Syaq.g_02264
OG0000671	Syak	Prbg.g_01079	Syak.g_00368
OG0000671	Syab	Prbg.g_01079	Syab.g_01638
OG0000671	Syal	Prbg.g_01079	Syal.g_02291
OG0000671	Pral	Prbg.g_01079	Pral.g_01804
OG0000671	Prat	Prbg.g_01079	Prat.g_00710
OG0000671	Pram	Prbg.g_01079	Pram.g_00729
OG0000671	Prbh	Prbg.g_01079	Prbh.g_00873
OG0000671	Prak	Prbg.g_01079	Prak.g_00765
OG0000671	Prap	Prbg.g_01079	Prap.g_00863
OG0000671	Prbe	Prbg.g_01079	Prbe.g_00412
OG0000671	Prbf	Prbg.g_01079	Prbf.g_01325
OG0000671	Prbn	Prbg.g_01079	Prbn.g_01626
OG0000672	Prab	Prbg.g_01082	Prab.g_01070
OG0000672	Pran	Prbg.g_01082	Pran.g_00427
OG0000672	Prai	Prbg.g_01082	Prai.g_01048
OG0000672	Prbi	Prbg.g_01082	Prbi.g_00949
OG0000672	Praa	Prbg.g_01082	Praa.g_00905
OG0000672	Prae	Prbg.g_01082	Prae.g_00906
OG0000672	Prbd	Prbg.g_01082	Prbd.g_00204
OG0000672	Prad	Prbg.g_01082	Prad.g_00247
OG0000672	Pras	Prbg.g_01082	Pras.g_01799
OG0000672	Prau	Prbg.g_01082	Prau.g_00955
OG0000672	Prax	Prbg.g_01082	Prax.g_00559
OG0000672	Prac	Prbg.g_01082	Prac.g_01386
OG0000672	Praq	Prbg.g_01082	Praq.g_01488
OG0000672	Prar	Prbg.g_01082	Prar.g_01774
OG0000672	Prao	Prbg.g_01082	Prao.g_00843
OG0000672	Prag	Prbg.g_01082	Prag.g_00904
OG0000672	Praw	Prbg.g_01082	Praw.g_01599
OG0000672	Prav	Prbg.g_01082	Prav.g_00497
OG0000672	Pray	Prbg.g_01082	Pray.g_00450
OG0000672	Praz	Prbg.g_01082	Praz.g_01410
OG0000672	Prba	Prbg.g_01082	Prba.g_01397
OG0000672	Prbm	Prbg.g_01082	Prbm.g_00927
OG0000672	Prbc	Prbg.g_01082	Prbc.g_01975
OG0000672	Praj	Prbg.g_01082	Praj.g_00885
OG0000672	Prbb	Prbg.g_01082	Prbb.g_00930
OG0000672	Syaj	Prbg.g_01082	Syaj.g_00739
OG0000672	Syad	Prbg.g_01082	Syad.g_01615
OG0000672	Syae	Prbg.g_01082	Syae.g_00577
OG0000672	Syac	Prbg.g_01082	Syac.g_01396
OG0000672	Syah	Prbg.g_01082	Syah.g_01527
OG0000672	Syaf	Prbg.g_01082	Syaf.g_02105
OG0000672	Syai	Prbg.g_01082	Syai.g_01259
OG0000672	Syam	Prbg.g_01082	Syam.g_01351
OG0000672	Syaa	Prbg.g_01082	Syaa.g_01092
OG0000672	Prbj	Prbg.g_01082	Prbj.g_02338
OG0000672	Prbk	Prbg.g_01082	Prbk.g_02394
OG0000672	Prbl	Prbg.g_01082	Prbl.g_02409
OG0000672	Praf	Prbg.g_01082	Praf.g_01459
OG0000672	Prah	Prbg.g_01082	Prah.g_00735
OG0000672	Syar	Prbg.g_01082	Syar.g_01619
OG0000672	Syan	Prbg.g_01082	Syan.g_00743
OG0000672	Syao	Prbg.g_01082	Syao.g_00963
OG0000672	Syap	Prbg.g_01082	Syap.g_01257
OG0000672	Syas	Prbg.g_01082	Syas.g_00676
OG0000672	Syat	Prbg.g_01082	Syat.g_00424
OG0000672	Syak	Prbg.g_01082	Syak.g_00371
OG0000672	Syab	Prbg.g_01082	Syab.g_01635
OG0000672	Syal	Prbg.g_01082	Syal.g_02288
OG0000672	Syaq	Prbg.g_01082	Syaq.g_02267
OG0000672	Syag	Prbg.g_01082	Syag.g_00607
OG0000672	Pral	Prbg.g_01082	Pral.g_01801
OG0000672	Prat	Prbg.g_01082	Prat.g_00713
OG0000672	Pram	Prbg.g_01082	Pram.g_00732
OG0000672	Prbh	Prbg.g_01082	Prbh.g_00876
OG0000672	Prak	Prbg.g_01082	Prak.g_00768
OG0000672	Prap	Prbg.g_01082	Prap.g_00860
OG0000672	Prbe	Prbg.g_01082	Prbe.g_00415
OG0000672	Prbf	Prbg.g_01082	Prbf.g_01322
OG0000672	Prbn	Prbg.g_01082	Prbn.g_01623
OG0000673	Prab	Prbg.g_01085	Prab.g_01067
OG0000673	Pran	Prbg.g_01085	Pran.g_00430
OG0000673	Prai	Prbg.g_01085	Prai.g_01045
OG0000673	Pray	Prbg.g_01085	Pray.g_00453
OG0000673	Praz	Prbg.g_01085	Praz.g_01407
OG0000673	Prba	Prbg.g_01085	Prba.g_01394
OG0000673	Prad	Prbg.g_01085	Prad.g_00244
OG0000673	Prac	Prbg.g_01085	Prac.g_01383
OG0000673	Praq	Prbg.g_01085	Praq.g_01491
OG0000673	Prar	Prbg.g_01085	Prar.g_01777
OG0000673	Prag	Prbg.g_01085	Prag.g_00907
OG0000673	Praw	Prbg.g_01085	Praw.g_01596
OG0000673	Prav	Prbg.g_01085	Prav.g_00500
OG0000673	Prao	Prbg.g_01085	Prao.g_00846
OG0000673	Prbi	Prbg.g_01085	Prbi.g_00952
OG0000673	Praa	Prbg.g_01085	Praa.g_00908
OG0000673	Prbd	Prbg.g_01085	Prbd.g_00207
OG0000673	Prax	Prbg.g_01085	Prax.g_00562
OG0000673	Prae	Prbg.g_01085	Prae.g_00909
OG0000673	Pras	Prbg.g_01085	Pras.g_01802
OG0000673	Prau	Prbg.g_01085	Prau.g_00957
OG0000673	Praj	Prbg.g_01085	Praj.g_00888
OG0000673	Prbb	Prbg.g_01085	Prbb.g_00933
OG0000673	Prbc	Prbg.g_01085	Prbc.g_01978
OG0000673	Prbm	Prbg.g_01085	Prbm.g_00930
OG0000673	Prbj	Prbg.g_01085	Prbj.g_02341
OG0000673	Prbk	Prbg.g_01085	Prbk.g_02397
OG0000673	Prbl	Prbg.g_01085	Prbl.g_02406
OG0000673	Praf	Prbg.g_01085	Praf.g_01462
OG0000673	Prah	Prbg.g_01085	Prah.g_00732
OG0000673	Syar	Prbg.g_01085	Syar.g_01615
OG0000673	Syan	Prbg.g_01085	Syan.g_00740
OG0000673	Syao	Prbg.g_01085	Syao.g_00966
OG0000673	Syat	Prbg.g_01085	Syat.g_00430
OG0000673	Syap	Prbg.g_01085	Syap.g_01253
OG0000673	Syas	Prbg.g_01085	Syas.g_00673
OG0000673	Syak	Prbg.g_01085	Syak.g_00374
OG0000673	Syab	Prbg.g_01085	Syab.g_01632
OG0000673	Syal	Prbg.g_01085	Syal.g_02285
OG0000673	Syag	Prbg.g_01085	Syag.g_00610
OG0000673	Syaq	Prbg.g_01085	Syaq.g_02270
OG0000673	Syae	Prbg.g_01085	Syae.g_00574
OG0000673	Syad	Prbg.g_01085	Syad.g_01618
OG0000673	Syaj	Prbg.g_01085	Syaj.g_00742
OG0000673	Syaa	Prbg.g_01085	Syaa.g_01095
OG0000673	Syam	Prbg.g_01085	Syam.g_01348
OG0000673	Syai	Prbg.g_01085	Syai.g_01262
OG0000673	Syaf	Prbg.g_01085	Syaf.g_02102
OG0000673	Syac	Prbg.g_01085	Syac.g_01393
OG0000673	Syah	Prbg.g_01085	Syah.g_01530
OG0000673	Pral	Prbg.g_01085	Pral.g_01798
OG0000673	Prat	Prbg.g_01085	Prat.g_00717
OG0000673	Pram	Prbg.g_01085	Pram.g_00735
OG0000673	Prbh	Prbg.g_01085	Prbh.g_00879
OG0000673	Prbe	Prbg.g_01085	Prbe.g_00418
OG0000673	Prak	Prbg.g_01085	Prak.g_00771
OG0000673	Prap	Prbg.g_01085	Prap.g_00857
OG0000673	Prbf	Prbg.g_01085	Prbf.g_01319
OG0000673	Prbn	Prbg.g_01085	Prbn.g_01620
OG0000674	Prab	Prbg.g_01087	Prab.g_01065
OG0000674	Pran	Prbg.g_01087	Pran.g_00432
OG0000674	Prai	Prbg.g_01087	Prai.g_01043
OG0000674	Prac	Prbg.g_01087	Prac.g_01381
OG0000674	Praq	Prbg.g_01087	Praq.g_01493
OG0000674	Prar	Prbg.g_01087	Prar.g_01779
OG0000674	Prav	Prbg.g_01087	Prav.g_00502
OG0000674	Prao	Prbg.g_01087	Prao.g_00848
OG0000674	Pras	Prbg.g_01087	Pras.g_01804
OG0000674	Prau	Prbg.g_01087	Prau.g_00959
OG0000674	Prax	Prbg.g_01087	Prax.g_00564
OG0000674	Prbd	Prbg.g_01087	Prbd.g_00209
OG0000674	Praa	Prbg.g_01087	Praa.g_00910
OG0000674	Prae	Prbg.g_01087	Prae.g_00911
OG0000674	Prbi	Prbg.g_01087	Prbi.g_00954
OG0000674	Prag	Prbg.g_01087	Prag.g_00909
OG0000674	Praw	Prbg.g_01087	Praw.g_01594
OG0000674	Prad	Prbg.g_01087	Prad.g_00242
OG0000674	Pray	Prbg.g_01087	Pray.g_00455
OG0000674	Praz	Prbg.g_01087	Praz.g_01405
OG0000674	Prba	Prbg.g_01087	Prba.g_01392
OG0000674	Prbm	Prbg.g_01087	Prbm.g_00932
OG0000674	Prbb	Prbg.g_01087	Prbb.g_00935
OG0000674	Praj	Prbg.g_01087	Praj.g_00890
OG0000674	Prbc	Prbg.g_01087	Prbc.g_01980
OG0000674	Syan	Prbg.g_01087	Syan.g_00738
OG0000674	Syat	Prbg.g_01087	Syat.g_00432
OG0000674	Syar	Prbg.g_01087	Syar.g_01613
OG0000674	Syap	Prbg.g_01087	Syap.g_01251
OG0000674	Syas	Prbg.g_01087	Syas.g_00671
OG0000674	Syao	Prbg.g_01087	Syao.g_00968
OG0000674	Praf	Prbg.g_01087	Praf.g_01464
OG0000674	Prah	Prbg.g_01087	Prah.g_00730
OG0000674	Prbj	Prbg.g_01087	Prbj.g_02343
OG0000674	Prbk	Prbg.g_01087	Prbk.g_02399
OG0000674	Prbl	Prbg.g_01087	Prbl.g_02404
OG0000674	Syaa	Prbg.g_01087	Syaa.g_01097
OG0000674	Syae	Prbg.g_01087	Syae.g_00572
OG0000674	Syac	Prbg.g_01087	Syac.g_01391
OG0000674	Syah	Prbg.g_01087	Syah.g_01532
OG0000674	Syai	Prbg.g_01087	Syai.g_01264
OG0000674	Syaf	Prbg.g_01087	Syaf.g_02100
OG0000674	Syam	Prbg.g_01087	Syam.g_01346
OG0000674	Syad	Prbg.g_01087	Syad.g_01620
OG0000674	Syaj	Prbg.g_01087	Syaj.g_00744
OG0000674	Syag	Prbg.g_01087	Syag.g_00612
OG0000674	Syab	Prbg.g_01087	Syab.g_01630
OG0000674	Syal	Prbg.g_01087	Syal.g_02283
OG0000674	Syak	Prbg.g_01087	Syak.g_00376
OG0000674	Syaq	Prbg.g_01087	Syaq.g_02272
OG0000674	Prat	Prbg.g_01087	Prat.g_00719
OG0000674	Pral	Prbg.g_01087	Pral.g_01796
OG0000674	Pram	Prbg.g_01087	Pram.g_00737
OG0000674	Prbh	Prbg.g_01087	Prbh.g_00881
OG0000674	Prak	Prbg.g_01087	Prak.g_00773
OG0000674	Prap	Prbg.g_01087	Prap.g_00855
OG0000674	Prbe	Prbg.g_01087	Prbe.g_00420
OG0000674	Prbf	Prbg.g_01087	Prbf.g_01317
OG0000674	Prbn	Prbg.g_01087	Prbn.g_01618
OG0000675	Prab	Prbg.g_01088	Prab.g_01064
OG0000675	Pran	Prbg.g_01088	Pran.g_00433
OG0000675	Prai	Prbg.g_01088	Prai.g_01042
OG0000675	Pray	Prbg.g_01088	Pray.g_00456
OG0000675	Praz	Prbg.g_01088	Praz.g_01404
OG0000675	Prba	Prbg.g_01088	Prba.g_01391
OG0000675	Prac	Prbg.g_01088	Prac.g_01380
OG0000675	Praq	Prbg.g_01088	Praq.g_01494
OG0000675	Prar	Prbg.g_01088	Prar.g_01780
OG0000675	Pras	Prbg.g_01088	Pras.g_01805
OG0000675	Prau	Prbg.g_01088	Prau.g_00960
OG0000675	Prbi	Prbg.g_01088	Prbi.g_00955
OG0000675	Praa	Prbg.g_01088	Praa.g_00911
OG0000675	Prae	Prbg.g_01088	Prae.g_00912
OG0000675	Prax	Prbg.g_01088	Prax.g_00565
OG0000675	Prbd	Prbg.g_01088	Prbd.g_00210
OG0000675	Prao	Prbg.g_01088	Prao.g_00849
OG0000675	Prag	Prbg.g_01088	Prag.g_00910
OG0000675	Praw	Prbg.g_01088	Praw.g_01593
OG0000675	Prav	Prbg.g_01088	Prav.g_00503
OG0000675	Prad	Prbg.g_01088	Prad.g_00241
OG0000675	Prbm	Prbg.g_01088	Prbm.g_00933
OG0000675	Prbc	Prbg.g_01088	Prbc.g_01981
OG0000675	Praj	Prbg.g_01088	Praj.g_00891
OG0000675	Prbb	Prbg.g_01088	Prbb.g_00936
OG0000675	Prbj	Prbg.g_01088	Prbj.g_02344
OG0000675	Prbk	Prbg.g_01088	Prbk.g_02400
OG0000675	Prbl	Prbg.g_01088	Prbl.g_02403
OG0000675	Praf	Prbg.g_01088	Praf.g_01465
OG0000675	Prah	Prbg.g_01088	Prah.g_00729
OG0000675	Syad	Prbg.g_01088	Syad.g_01633
OG0000675	Syaj	Prbg.g_01088	Syaj.g_00757
OG0000675	Syac	Prbg.g_01088	Syac.g_01390
OG0000675	Syah	Prbg.g_01088	Syah.g_01533
OG0000675	Syai	Prbg.g_01088	Syai.g_01265
OG0000675	Syaf	Prbg.g_01088	Syaf.g_02099
OG0000675	Syam	Prbg.g_01088	Syam.g_01345
OG0000675	Syar	Prbg.g_01088	Syar.g_01612
OG0000675	Syan	Prbg.g_01088	Syan.g_00737
OG0000675	Syao	Prbg.g_01088	Syao.g_00969
OG0000675	Syas	Prbg.g_01088	Syas.g_00670
OG0000675	Syat	Prbg.g_01088	Syat.g_00433
OG0000675	Syap	Prbg.g_01088	Syap.g_01250
OG0000675	Syaa	Prbg.g_01088	Syaa.g_01098
OG0000675	Syae	Prbg.g_01088	Syae.g_00571
OG0000675	Syaq	Prbg.g_01088	Syaq.g_02273
OG0000675	Syab	Prbg.g_01088	Syab.g_01629
OG0000675	Syal	Prbg.g_01088	Syal.g_02282
OG0000675	Syak	Prbg.g_01088	Syak.g_00377
OG0000675	Syag	Prbg.g_01088	Syag.g_00613
OG0000675	Pral	Prbg.g_01088	Pral.g_01795
OG0000675	Prat	Prbg.g_01088	Prat.g_00720
OG0000675	Pram	Prbg.g_01088	Pram.g_00738
OG0000675	Prbh	Prbg.g_01088	Prbh.g_00882
OG0000675	Prak	Prbg.g_01088	Prak.g_00774
OG0000675	Prap	Prbg.g_01088	Prap.g_00854
OG0000675	Prbe	Prbg.g_01088	Prbe.g_00421
OG0000675	Prbf	Prbg.g_01088	Prbf.g_01316
OG0000675	Prbn	Prbg.g_01088	Prbn.g_01617
OG0000676	Prab	Prbg.g_01090	Prab.g_01062
OG0000676	Pran	Prbg.g_01090	Pran.g_00435
OG0000676	Prai	Prbg.g_01090	Prai.g_01040
OG0000676	Praa	Prbg.g_01090	Praa.g_00913
OG0000676	Prae	Prbg.g_01090	Prae.g_00914
OG0000676	Pras	Prbg.g_01090	Pras.g_01807
OG0000676	Prau	Prbg.g_01090	Prau.g_00962
OG0000676	Prav	Prbg.g_01090	Prav.g_00505
OG0000676	Prbi	Prbg.g_01090	Prbi.g_00957
OG0000676	Prag	Prbg.g_01090	Prag.g_00912
OG0000676	Praw	Prbg.g_01090	Praw.g_01591
OG0000676	Prax	Prbg.g_01090	Prax.g_00567
OG0000676	Prbd	Prbg.g_01090	Prbd.g_00212
OG0000676	Prao	Prbg.g_01090	Prao.g_00851
OG0000676	Pray	Prbg.g_01090	Pray.g_00458
OG0000676	Praz	Prbg.g_01090	Praz.g_01402
OG0000676	Prba	Prbg.g_01090	Prba.g_01389
OG0000676	Prac	Prbg.g_01090	Prac.g_01378
OG0000676	Praq	Prbg.g_01090	Praq.g_01496
OG0000676	Prar	Prbg.g_01090	Prar.g_01782
OG0000676	Prad	Prbg.g_01090	Prad.g_00239
OG0000676	Prbm	Prbg.g_01090	Prbm.g_00935
OG0000676	Prbc	Prbg.g_01090	Prbc.g_01983
OG0000676	Praj	Prbg.g_01090	Praj.g_00893
OG0000676	Prbb	Prbg.g_01090	Prbb.g_00938
OG0000676	Pral	Prbg.g_01090	Pral.g_01793
OG0000676	Prat	Prbg.g_01090	Prat.g_00722
OG0000676	Syae	Prbg.g_01090	Syae.g_00569
OG0000676	Syad	Prbg.g_01090	Syad.g_01635
OG0000676	Syaj	Prbg.g_01090	Syaj.g_00759
OG0000676	Syaa	Prbg.g_01090	Syaa.g_01100
OG0000676	Syac	Prbg.g_01090	Syac.g_01388
OG0000676	Syah	Prbg.g_01090	Syah.g_01535
OG0000676	Syaf	Prbg.g_01090	Syaf.g_02097
OG0000676	Syai	Prbg.g_01090	Syai.g_01275
OG0000676	Syam	Prbg.g_01090	Syam.g_01343
OG0000676	Syat	Prbg.g_01090	Syat.g_00436
OG0000676	Syar	Prbg.g_01090	Syar.g_01608
OG0000676	Syan	Prbg.g_01090	Syan.g_00735
OG0000676	Syao	Prbg.g_01090	Syao.g_00971
OG0000676	Syap	Prbg.g_01090	Syap.g_01248
OG0000676	Syas	Prbg.g_01090	Syas.g_00668
OG0000676	Syag	Prbg.g_01090	Syag.g_00615
OG0000676	Syab	Prbg.g_01090	Syab.g_01620
OG0000676	Syal	Prbg.g_01090	Syal.g_02272
OG0000676	Syaq	Prbg.g_01090	Syaq.g_02275
OG0000676	Syak	Prbg.g_01090	Syak.g_00379
OG0000676	Prbj	Prbg.g_01090	Prbj.g_02352
OG0000676	Prbk	Prbg.g_01090	Prbk.g_02408
OG0000676	Prbl	Prbg.g_01090	Prbl.g_02395
OG0000676	Praf	Prbg.g_01090	Praf.g_01467
OG0000676	Prah	Prbg.g_01090	Prah.g_00726
OG0000676	Pram	Prbg.g_01090	Pram.g_00740
OG0000676	Prbh	Prbg.g_01090	Prbh.g_00884
OG0000676	Prak	Prbg.g_01090	Prak.g_00776
OG0000676	Prap	Prbg.g_01090	Prap.g_00852
OG0000676	Prbe	Prbg.g_01090	Prbe.g_00423
OG0000676	Prbf	Prbg.g_01090	Prbf.g_01314
OG0000676	Prbn	Prbg.g_01090	Prbn.g_01615
OG0000677	Prad	Prbg.g_01091	Prad.g_00238
OG0000677	Prbi	Prbg.g_01091	Prbi.g_00958
OG0000677	Pras	Prbg.g_01091	Pras.g_01808
OG0000677	Prau	Prbg.g_01091	Prau.g_00963
OG0000677	Prag	Prbg.g_01091	Prag.g_00913
OG0000677	Praw	Prbg.g_01091	Praw.g_01590
OG0000677	Praa	Prbg.g_01091	Praa.g_00914
OG0000677	Prae	Prbg.g_01091	Prae.g_00915
OG0000677	Prax	Prbg.g_01091	Prax.g_00568
OG0000677	Prbd	Prbg.g_01091	Prbd.g_00213
OG0000677	Prav	Prbg.g_01091	Prav.g_00506
OG0000677	Prac	Prbg.g_01091	Prac.g_01377
OG0000677	Prar	Prbg.g_01091	Prar.g_01783
OG0000677	Praq	Prbg.g_01091	Praq.g_01497
OG0000677	Pray	Prbg.g_01091	Pray.g_00459
OG0000677	Praz	Prbg.g_01091	Praz.g_01401
OG0000677	Prba	Prbg.g_01091	Prba.g_01388
OG0000677	Prao	Prbg.g_01091	Prao.g_00852
OG0000677	Prab	Prbg.g_01091	Prab.g_01061
OG0000677	Pran	Prbg.g_01091	Pran.g_00436
OG0000677	Prai	Prbg.g_01091	Prai.g_01039
OG0000677	Prbm	Prbg.g_01091	Prbm.g_00936
OG0000677	Prbc	Prbg.g_01091	Prbc.g_01984
OG0000677	Praj	Prbg.g_01091	Praj.g_00894
OG0000677	Prbb	Prbg.g_01091	Prbb.g_00939
OG0000677	Praf	Prbg.g_01091	Praf.g_01469
OG0000677	Prah	Prbg.g_01091	Prah.g_00724
OG0000677	Prbj	Prbg.g_01091	Prbj.g_02354
OG0000677	Prbk	Prbg.g_01091	Prbk.g_02410
OG0000677	Prbl	Prbg.g_01091	Prbl.g_02393
OG0000677	Syar	Prbg.g_01091	Syar.g_01607
OG0000677	Syas	Prbg.g_01091	Syas.g_00667
OG0000677	Syat	Prbg.g_01091	Syat.g_00437
OG0000677	Syap	Prbg.g_01091	Syap.g_01246
OG0000677	Syan	Prbg.g_01091	Syan.g_00734
OG0000677	Syao	Prbg.g_01091	Syao.g_00972
OG0000677	Syae	Prbg.g_01091	Syae.g_00568
OG0000677	Syad	Prbg.g_01091	Syad.g_01636
OG0000677	Syaj	Prbg.g_01091	Syaj.g_00760
OG0000677	Syaa	Prbg.g_01091	Syaa.g_01101
OG0000677	Syaf	Prbg.g_01091	Syaf.g_02096
OG0000677	Syai	Prbg.g_01091	Syai.g_01276
OG0000677	Syam	Prbg.g_01091	Syam.g_01342
OG0000677	Syac	Prbg.g_01091	Syac.g_01387
OG0000677	Syah	Prbg.g_01091	Syah.g_01536
OG0000677	Syaq	Prbg.g_01091	Syaq.g_02276
OG0000677	Syak	Prbg.g_01091	Syak.g_00380
OG0000677	Syab	Prbg.g_01091	Syab.g_01619
OG0000677	Syal	Prbg.g_01091	Syal.g_02271
OG0000677	Syag	Prbg.g_01091	Syag.g_00616
OG0000677	Pral	Prbg.g_01091	Pral.g_01792
OG0000677	Prat	Prbg.g_01091	Prat.g_00723
OG0000677	Pram	Prbg.g_01091	Pram.g_00741
OG0000677	Prbh	Prbg.g_01091	Prbh.g_00885
OG0000677	Prap	Prbg.g_01091	Prap.g_00851
OG0000677	Prak	Prbg.g_01091	Prak.g_00777
OG0000677	Prbe	Prbg.g_01091	Prbe.g_00424
OG0000677	Prbf	Prbg.g_01091	Prbf.g_01313
OG0000677	Prbn	Prbg.g_01091	Prbn.g_01614
OG0000678	Prab	Prbg.g_01093	Prab.g_01059
OG0000678	Pran	Prbg.g_01093	Pran.g_00438
OG0000678	Prai	Prbg.g_01093	Prai.g_01037
OG0000678	Prao	Prbg.g_01093	Prao.g_00854
OG0000678	Prag	Prbg.g_01093	Prag.g_00915
OG0000678	Praw	Prbg.g_01093	Praw.g_01588
OG0000678	Prac	Prbg.g_01093	Prac.g_01375
OG0000678	Praq	Prbg.g_01093	Praq.g_01499
OG0000678	Prar	Prbg.g_01093	Prar.g_01785
OG0000678	Prad	Prbg.g_01093	Prad.g_00236
OG0000678	Prbd	Prbg.g_01093	Prbd.g_00215
OG0000678	Prax	Prbg.g_01093	Prax.g_00570
OG0000678	Praa	Prbg.g_01093	Praa.g_00916
OG0000678	Prae	Prbg.g_01093	Prae.g_00917
OG0000678	Pray	Prbg.g_01093	Pray.g_00461
OG0000678	Praz	Prbg.g_01093	Praz.g_01399
OG0000678	Prba	Prbg.g_01093	Prba.g_01386
OG0000678	Prav	Prbg.g_01093	Prav.g_00508
OG0000678	Prbi	Prbg.g_01093	Prbi.g_00960
OG0000678	Pras	Prbg.g_01093	Pras.g_01810
OG0000678	Prau	Prbg.g_01093	Prau.g_00965
OG0000678	Prbm	Prbg.g_01093	Prbm.g_00939
OG0000678	Prbc	Prbg.g_01093	Prbc.g_01987
OG0000678	Praj	Prbg.g_01093	Praj.g_00897
OG0000678	Prbb	Prbg.g_01093	Prbb.g_00942
OG0000678	Pral	Prbg.g_01093	Pral.g_01790
OG0000678	Prbj	Prbg.g_01093	Prbj.g_02359
OG0000678	Prbk	Prbg.g_01093	Prbk.g_02415
OG0000678	Prbl	Prbg.g_01093	Prbl.g_02388
OG0000678	Praf	Prbg.g_01093	Praf.g_01475
OG0000678	Prah	Prbg.g_01093	Prah.g_00721
OG0000678	Syan	Prbg.g_01093	Syan.g_00732
OG0000678	Syao	Prbg.g_01093	Syao.g_00974
OG0000678	Syas	Prbg.g_01093	Syas.g_00660
OG0000678	Syar	Prbg.g_01093	Syar.g_02037
OG0000678	Syap	Prbg.g_01093	Syap.g_01239
OG0000678	Syat	Prbg.g_01093	Syat.g_00439
OG0000678	Syag	Prbg.g_01093	Syag.g_00622
OG0000678	Syab	Prbg.g_01093	Syab.g_01613
OG0000678	Syal	Prbg.g_01093	Syal.g_02264
OG0000678	Syak	Prbg.g_01093	Syak.g_00386
OG0000678	Syaq	Prbg.g_01093	Syaq.g_02282
OG0000678	Syac	Prbg.g_01093	Syac.g_01384
OG0000678	Syah	Prbg.g_01093	Syah.g_01821
OG0000678	Syaf	Prbg.g_01093	Syaf.g_02092
OG0000678	Syai	Prbg.g_01093	Syai.g_01279
OG0000678	Syam	Prbg.g_01093	Syam.g_01339
OG0000678	Syae	Prbg.g_01093	Syae.g_00564
OG0000678	Syaa	Prbg.g_01093	Syaa.g_01106
OG0000678	Syad	Prbg.g_01093	Syad.g_01957
OG0000678	Syaj	Prbg.g_01093	Syaj.g_01075
OG0000678	Prat	Prbg.g_01093	Prat.g_00725
OG0000678	Pram	Prbg.g_01093	Pram.g_00743
OG0000678	Prbh	Prbg.g_01093	Prbh.g_00887
OG0000678	Prak	Prbg.g_01093	Prak.g_00779
OG0000678	Prap	Prbg.g_01093	Prap.g_00849
OG0000678	Prbe	Prbg.g_01093	Prbe.g_00426
OG0000678	Prbf	Prbg.g_01093	Prbf.g_01311
OG0000678	Prbn	Prbg.g_01093	Prbn.g_01612
OG0000679	Prab	Prbg.g_01097	Prab.g_01055
OG0000679	Pran	Prbg.g_01097	Pran.g_00442
OG0000679	Prai	Prbg.g_01097	Prai.g_01033
OG0000679	Prac	Prbg.g_01097	Prac.g_01371
OG0000679	Praq	Prbg.g_01097	Praq.g_01503
OG0000679	Prar	Prbg.g_01097	Prar.g_01789
OG0000679	Pras	Prbg.g_01097	Pras.g_01814
OG0000679	Prau	Prbg.g_01097	Prau.g_00969
OG0000679	Praa	Prbg.g_01097	Praa.g_00920
OG0000679	Prbi	Prbg.g_01097	Prbi.g_00964
OG0000679	Prao	Prbg.g_01097	Prao.g_00858
OG0000679	Pray	Prbg.g_01097	Pray.g_00465
OG0000679	Praz	Prbg.g_01097	Praz.g_01395
OG0000679	Prba	Prbg.g_01097	Prba.g_01382
OG0000679	Prax	Prbg.g_01097	Prax.g_00574
OG0000679	Prbd	Prbg.g_01097	Prbd.g_00219
OG0000679	Prae	Prbg.g_01097	Prae.g_00921
OG0000679	Prag	Prbg.g_01097	Prag.g_00919
OG0000679	Praw	Prbg.g_01097	Praw.g_01584
OG0000679	Prad	Prbg.g_01097	Prad.g_00232
OG0000679	Prav	Prbg.g_01097	Prav.g_00512
OG0000679	Prbm	Prbg.g_01097	Prbm.g_00943
OG0000679	Praj	Prbg.g_01097	Praj.g_00901
OG0000679	Prbb	Prbg.g_01097	Prbb.g_00946
OG0000679	Prbc	Prbg.g_01097	Prbc.g_01991
OG0000679	Pral	Prbg.g_01097	Pral.g_01786
OG0000679	Prat	Prbg.g_01097	Prat.g_00730
OG0000679	Prbj	Prbg.g_01097	Prbj.g_02379
OG0000679	Prbk	Prbg.g_01097	Prbk.g_02435
OG0000679	Prbl	Prbg.g_01097	Prbl.g_02368
OG0000679	Praf	Prbg.g_01097	Praf.g_01494
OG0000679	Prah	Prbg.g_01097	Prah.g_00702
OG0000679	Syac	Prbg.g_01097	Syac.g_01375
OG0000679	Syah	Prbg.g_01097	Syah.g_01812
OG0000679	Syar	Prbg.g_01097	Syar.g_02606
OG0000679	Syat	Prbg.g_01097	Syat.g_00448
OG0000679	Syap	Prbg.g_01097	Syap.g_00157
OG0000679	Syas	Prbg.g_01097	Syas.g_00629
OG0000679	Syan	Prbg.g_01097	Syan.g_00724
OG0000679	Syao	Prbg.g_01097	Syao.g_00981
OG0000679	Syag	Prbg.g_01097	Syag.g_00633
OG0000679	Syak	Prbg.g_01097	Syak.g_00397
OG0000679	Syaq	Prbg.g_01097	Syaq.g_02305
OG0000679	Syab	Prbg.g_01097	Syab.g_01601
OG0000679	Syal	Prbg.g_01097	Syal.g_02252
OG0000679	Syae	Prbg.g_01097	Syae.g_00555
OG0000679	Syad	Prbg.g_01097	Syad.g_01922
OG0000679	Syaj	Prbg.g_01097	Syaj.g_01061
OG0000679	Syaa	Prbg.g_01097	Syaa.g_01116
OG0000679	Syaf	Prbg.g_01097	Syaf.g_02083
OG0000679	Syai	Prbg.g_01097	Syai.g_01288
OG0000679	Syam	Prbg.g_01097	Syam.g_01323
OG0000679	Pram	Prbg.g_01097	Pram.g_00747
OG0000679	Prbh	Prbg.g_01097	Prbh.g_00891
OG0000679	Prak	Prbg.g_01097	Prak.g_00783
OG0000679	Prap	Prbg.g_01097	Prap.g_00845
OG0000679	Prbe	Prbg.g_01097	Prbe.g_00430
OG0000679	Prbf	Prbg.g_01097	Prbf.g_01307
OG0000679	Prbn	Prbg.g_01097	Prbn.g_01608
OG0000680	Prab	Prbg.g_01098	Prab.g_01054
OG0000680	Pran	Prbg.g_01098	Pran.g_00443
OG0000680	Prai	Prbg.g_01098	Prai.g_01032
OG0000680	Prac	Prbg.g_01098	Prac.g_01370
OG0000680	Praq	Prbg.g_01098	Praq.g_01504
OG0000680	Prar	Prbg.g_01098	Prar.g_01790
OG0000680	Prae	Prbg.g_01098	Prae.g_00922
OG0000680	Prax	Prbg.g_01098	Prax.g_00575
OG0000680	Prad	Prbg.g_01098	Prad.g_00231
OG0000680	Praa	Prbg.g_01098	Praa.g_00921
OG0000680	Prbd	Prbg.g_01098	Prbd.g_00220
OG0000680	Prag	Prbg.g_01098	Prag.g_00920
OG0000680	Praw	Prbg.g_01098	Praw.g_01583
OG0000680	Prao	Prbg.g_01098	Prao.g_00859
OG0000680	Prav	Prbg.g_01098	Prav.g_00513
OG0000680	Pray	Prbg.g_01098	Pray.g_00466
OG0000680	Praz	Prbg.g_01098	Praz.g_01394
OG0000680	Prba	Prbg.g_01098	Prba.g_01381
OG0000680	Prbi	Prbg.g_01098	Prbi.g_00965
OG0000680	Pras	Prbg.g_01098	Pras.g_01815
OG0000680	Prau	Prbg.g_01098	Prau.g_00970
OG0000680	Prbm	Prbg.g_01098	Prbm.g_00944
OG0000680	Prbc	Prbg.g_01098	Prbc.g_01992
OG0000680	Praj	Prbg.g_01098	Praj.g_00902
OG0000680	Prbb	Prbg.g_01098	Prbb.g_00947
OG0000680	Pral	Prbg.g_01098	Pral.g_01785
OG0000680	Prat	Prbg.g_01098	Prat.g_00731
OG0000680	Praf	Prbg.g_01098	Praf.g_01495
OG0000680	Prah	Prbg.g_01098	Prah.g_00701
OG0000680	Prbj	Prbg.g_01098	Prbj.g_02380
OG0000680	Prbk	Prbg.g_01098	Prbk.g_02436
OG0000680	Prbl	Prbg.g_01098	Prbl.g_02367
OG0000680	Syap	Prbg.g_01098	Syap.g_00158
OG0000680	Syas	Prbg.g_01098	Syas.g_00628
OG0000680	Syat	Prbg.g_01098	Syat.g_00449
OG0000680	Syar	Prbg.g_01098	Syar.g_02607
OG0000680	Syan	Prbg.g_01098	Syan.g_00723
OG0000680	Syao	Prbg.g_01098	Syao.g_00982
OG0000680	Syak	Prbg.g_01098	Syak.g_00398
OG0000680	Syaq	Prbg.g_01098	Syaq.g_02306
OG0000680	Syag	Prbg.g_01098	Syag.g_00634
OG0000680	Syab	Prbg.g_01098	Syab.g_01600
OG0000680	Syal	Prbg.g_01098	Syal.g_02251
OG0000680	Syaa	Prbg.g_01098	Syaa.g_01117
OG0000680	Syae	Prbg.g_01098	Syae.g_00554
OG0000680	Syad	Prbg.g_01098	Syad.g_01921
OG0000680	Syaj	Prbg.g_01098	Syaj.g_01060
OG0000680	Syac	Prbg.g_01098	Syac.g_01374
OG0000680	Syah	Prbg.g_01098	Syah.g_01811
OG0000680	Syaf	Prbg.g_01098	Syaf.g_02082
OG0000680	Syai	Prbg.g_01098	Syai.g_01289
OG0000680	Syam	Prbg.g_01098	Syam.g_01322
OG0000680	Pram	Prbg.g_01098	Pram.g_00748
OG0000680	Prbh	Prbg.g_01098	Prbh.g_00892
OG0000680	Prak	Prbg.g_01098	Prak.g_00784
OG0000680	Prap	Prbg.g_01098	Prap.g_00844
OG0000680	Prbe	Prbg.g_01098	Prbe.g_00431
OG0000680	Prbf	Prbg.g_01098	Prbf.g_01306
OG0000680	Prbn	Prbg.g_01098	Prbn.g_01607
OG0000681	Prab	Prbg.g_01101	Prab.g_01052
OG0000681	Pran	Prbg.g_01101	Pran.g_00445
OG0000681	Prai	Prbg.g_01101	Prai.g_01030
OG0000681	Prax	Prbg.g_01101	Prax.g_00578
OG0000681	Prae	Prbg.g_01101	Prae.g_00924
OG0000681	Prac	Prbg.g_01101	Prac.g_01368
OG0000681	Prar	Prbg.g_01101	Prar.g_01792
OG0000681	Praq	Prbg.g_01101	Praq.g_01506
OG0000681	Praa	Prbg.g_01101	Praa.g_00923
OG0000681	Prao	Prbg.g_01101	Prao.g_00861
OG0000681	Prbd	Prbg.g_01101	Prbd.g_00222
OG0000681	Prag	Prbg.g_01101	Prag.g_00922
OG0000681	Praw	Prbg.g_01101	Praw.g_01581
OG0000681	Pras	Prbg.g_01101	Pras.g_01818
OG0000681	Prau	Prbg.g_01101	Prau.g_00973
OG0000681	Prbi	Prbg.g_01101	Prbi.g_00968
OG0000681	Pray	Prbg.g_01101	Pray.g_00469
OG0000681	Praz	Prbg.g_01101	Praz.g_01392
OG0000681	Prba	Prbg.g_01101	Prba.g_01379
OG0000681	Prad	Prbg.g_01101	Prad.g_00228
OG0000681	Prav	Prbg.g_01101	Prav.g_00515
OG0000681	Prbj	Prbg.g_01101	Prbj.g_02382
OG0000681	Prbk	Prbg.g_01101	Prbk.g_02438
OG0000681	Prbl	Prbg.g_01101	Prbl.g_02365
OG0000681	Praf	Prbg.g_01101	Praf.g_01497
OG0000681	Prah	Prbg.g_01101	Prah.g_00699
OG0000681	Syan	Prbg.g_01101	Syan.g_00720
OG0000681	Syao	Prbg.g_01101	Syao.g_00985
OG0000681	Syat	Prbg.g_01101	Syat.g_00452
OG0000681	Syar	Prbg.g_01101	Syar.g_02610
OG0000681	Syap	Prbg.g_01101	Syap.g_00163
OG0000681	Syas	Prbg.g_01101	Syas.g_00625
OG0000681	Syak	Prbg.g_01101	Syak.g_00401
OG0000681	Syab	Prbg.g_01101	Syab.g_01597
OG0000681	Syal	Prbg.g_01101	Syal.g_02248
OG0000681	Syag	Prbg.g_01101	Syag.g_00637
OG0000681	Syac	Prbg.g_01101	Syac.g_01371
OG0000681	Syah	Prbg.g_01101	Syah.g_01808
OG0000681	Syad	Prbg.g_01101	Syad.g_01919
OG0000681	Syaj	Prbg.g_01101	Syaj.g_01057
OG0000681	Syaa	Prbg.g_01101	Syaa.g_01120
OG0000681	Syam	Prbg.g_01101	Syam.g_01319
OG0000681	Syai	Prbg.g_01101	Syai.g_01292
OG0000681	Syaf	Prbg.g_01101	Syaf.g_02079
OG0000681	Syae	Prbg.g_01101	Syae.g_00551
OG0000681	Syaq	Prbg.g_01101	Syaq.g_02309
OG0000681	Prbc	Prbg.g_01101	Prbc.g_01995
OG0000681	Prbm	Prbg.g_01101	Prbm.g_00946
OG0000681	Praj	Prbg.g_01101	Praj.g_00905
OG0000681	Prbb	Prbg.g_01101	Prbb.g_00950
OG0000681	Pral	Prbg.g_01101	Pral.g_01782
OG0000681	Prat	Prbg.g_01101	Prat.g_00734
OG0000681	Pram	Prbg.g_01101	Pram.g_00751
OG0000681	Prbh	Prbg.g_01101	Prbh.g_00895
OG0000681	Prak	Prbg.g_01101	Prak.g_00787
OG0000681	Prap	Prbg.g_01101	Prap.g_00841
OG0000681	Prbe	Prbg.g_01101	Prbe.g_00434
OG0000681	Prbf	Prbg.g_01101	Prbf.g_01303
OG0000681	Prbn	Prbg.g_01101	Prbn.g_01604
OG0000682	Prab	Prbg.g_01102	Prab.g_01051
OG0000682	Pran	Prbg.g_01102	Pran.g_00446
OG0000682	Prai	Prbg.g_01102	Prai.g_01029
OG0000682	Prad	Prbg.g_01102	Prad.g_00227
OG0000682	Prbd	Prbg.g_01102	Prbd.g_00223
OG0000682	Prag	Prbg.g_01102	Prag.g_00923
OG0000682	Praw	Prbg.g_01102	Praw.g_01580
OG0000682	Prae	Prbg.g_01102	Prae.g_00925
OG0000682	Praa	Prbg.g_01102	Praa.g_00924
OG0000682	Prax	Prbg.g_01102	Prax.g_00579
OG0000682	Pras	Prbg.g_01102	Pras.g_01819
OG0000682	Prau	Prbg.g_01102	Prau.g_00974
OG0000682	Prav	Prbg.g_01102	Prav.g_00516
OG0000682	Prac	Prbg.g_01102	Prac.g_01367
OG0000682	Prar	Prbg.g_01102	Prar.g_01793
OG0000682	Praq	Prbg.g_01102	Praq.g_01507
OG0000682	Prao	Prbg.g_01102	Prao.g_00862
OG0000682	Prbi	Prbg.g_01102	Prbi.g_00969
OG0000682	Pray	Prbg.g_01102	Pray.g_00470
OG0000682	Praz	Prbg.g_01102	Praz.g_01391
OG0000682	Prba	Prbg.g_01102	Prba.g_01378
OG0000682	Praj	Prbg.g_01102	Praj.g_00906
OG0000682	Prbb	Prbg.g_01102	Prbb.g_00951
OG0000682	Prbm	Prbg.g_01102	Prbm.g_00947
OG0000682	Prbc	Prbg.g_01102	Prbc.g_01996
OG0000682	Prbj	Prbg.g_01102	Prbj.g_02383
OG0000682	Prbk	Prbg.g_01102	Prbk.g_02439
OG0000682	Prbl	Prbg.g_01102	Prbl.g_02364
OG0000682	Praf	Prbg.g_01102	Praf.g_01498
OG0000682	Prah	Prbg.g_01102	Prah.g_00698
OG0000682	Syak	Prbg.g_01102	Syak.g_00402
OG0000682	Syab	Prbg.g_01102	Syab.g_01596
OG0000682	Syal	Prbg.g_01102	Syal.g_02247
OG0000682	Syaq	Prbg.g_01102	Syaq.g_02310
OG0000682	Syag	Prbg.g_01102	Syag.g_00638
OG0000682	Syat	Prbg.g_01102	Syat.g_00453
OG0000682	Syan	Prbg.g_01102	Syan.g_00719
OG0000682	Syao	Prbg.g_01102	Syao.g_00986
OG0000682	Syas	Prbg.g_01102	Syas.g_00624
OG0000682	Syap	Prbg.g_01102	Syap.g_00165
OG0000682	Syar	Prbg.g_01102	Syar.g_02611
OG0000682	Syad	Prbg.g_01102	Syad.g_01918
OG0000682	Syaj	Prbg.g_01102	Syaj.g_01056
OG0000682	Syac	Prbg.g_01102	Syac.g_01370
OG0000682	Syah	Prbg.g_01102	Syah.g_01807
OG0000682	Syae	Prbg.g_01102	Syae.g_00550
OG0000682	Syaa	Prbg.g_01102	Syaa.g_01121
OG0000682	Syaf	Prbg.g_01102	Syaf.g_02078
OG0000682	Syai	Prbg.g_01102	Syai.g_01293
OG0000682	Syam	Prbg.g_01102	Syam.g_01318
OG0000682	Pral	Prbg.g_01102	Pral.g_01781
OG0000682	Prat	Prbg.g_01102	Prat.g_00735
OG0000682	Pram	Prbg.g_01102	Pram.g_00752
OG0000682	Prbh	Prbg.g_01102	Prbh.g_00896
OG0000682	Prak	Prbg.g_01102	Prak.g_00788
OG0000682	Prap	Prbg.g_01102	Prap.g_00840
OG0000682	Prbe	Prbg.g_01102	Prbe.g_00435
OG0000682	Prbf	Prbg.g_01102	Prbf.g_01302
OG0000682	Prbn	Prbg.g_01102	Prbn.g_01603
OG0000683	Prab	Prbg.g_01103	Prab.g_01050
OG0000683	Pran	Prbg.g_01103	Pran.g_00447
OG0000683	Prai	Prbg.g_01103	Prai.g_01028
OG0000683	Prac	Prbg.g_01103	Prac.g_01366
OG0000683	Praq	Prbg.g_01103	Praq.g_01508
OG0000683	Prar	Prbg.g_01103	Prar.g_01794
OG0000683	Pray	Prbg.g_01103	Pray.g_00471
OG0000683	Praz	Prbg.g_01103	Praz.g_01390
OG0000683	Prba	Prbg.g_01103	Prba.g_01377
OG0000683	Prax	Prbg.g_01103	Prax.g_00580
OG0000683	Prad	Prbg.g_01103	Prad.g_00226
OG0000683	Pras	Prbg.g_01103	Pras.g_01820
OG0000683	Prau	Prbg.g_01103	Prau.g_00975
OG0000683	Prbd	Prbg.g_01103	Prbd.g_00224
OG0000683	Prav	Prbg.g_01103	Prav.g_00517
OG0000683	Praa	Prbg.g_01103	Praa.g_00925
OG0000683	Prag	Prbg.g_01103	Prag.g_00924
OG0000683	Praw	Prbg.g_01103	Praw.g_01579
OG0000683	Prae	Prbg.g_01103	Prae.g_00926
OG0000683	Prao	Prbg.g_01103	Prao.g_00863
OG0000683	Prbi	Prbg.g_01103	Prbi.g_00970
OG0000683	Prbm	Prbg.g_01103	Prbm.g_00948
OG0000683	Prbb	Prbg.g_01103	Prbb.g_00952
OG0000683	Prbc	Prbg.g_01103	Prbc.g_01997
OG0000683	Praj	Prbg.g_01103	Praj.g_00907
OG0000683	Prbj	Prbg.g_01103	Prbj.g_02384
OG0000683	Prbk	Prbg.g_01103	Prbk.g_02440
OG0000683	Prbl	Prbg.g_01103	Prbl.g_02363
OG0000683	Praf	Prbg.g_01103	Praf.g_01499
OG0000683	Prah	Prbg.g_01103	Prah.g_00697
OG0000683	Syas	Prbg.g_01103	Syas.g_00623
OG0000683	Syar	Prbg.g_01103	Syar.g_02612
OG0000683	Syap	Prbg.g_01103	Syap.g_00166
OG0000683	Syan	Prbg.g_01103	Syan.g_00718
OG0000683	Syao	Prbg.g_01103	Syao.g_00987
OG0000683	Syat	Prbg.g_01103	Syat.g_00454
OG0000683	Syaq	Prbg.g_01103	Syaq.g_02311
OG0000683	Syak	Prbg.g_01103	Syak.g_00403
OG0000683	Syab	Prbg.g_01103	Syab.g_01595
OG0000683	Syal	Prbg.g_01103	Syal.g_02246
OG0000683	Syag	Prbg.g_01103	Syag.g_00639
OG0000683	Syaa	Prbg.g_01103	Syaa.g_01122
OG0000683	Syac	Prbg.g_01103	Syac.g_01369
OG0000683	Syah	Prbg.g_01103	Syah.g_01806
OG0000683	Syaf	Prbg.g_01103	Syaf.g_02077
OG0000683	Syai	Prbg.g_01103	Syai.g_01294
OG0000683	Syam	Prbg.g_01103	Syam.g_01317
OG0000683	Syae	Prbg.g_01103	Syae.g_00549
OG0000683	Syad	Prbg.g_01103	Syad.g_01917
OG0000683	Syaj	Prbg.g_01103	Syaj.g_01055
OG0000683	Pral	Prbg.g_01103	Pral.g_01780
OG0000683	Prat	Prbg.g_01103	Prat.g_00736
OG0000683	Pram	Prbg.g_01103	Pram.g_00753
OG0000683	Prbh	Prbg.g_01103	Prbh.g_00897
OG0000683	Prak	Prbg.g_01103	Prak.g_00789
OG0000683	Prap	Prbg.g_01103	Prap.g_00839
OG0000683	Prbe	Prbg.g_01103	Prbe.g_00436
OG0000683	Prbf	Prbg.g_01103	Prbf.g_01301
OG0000683	Prbn	Prbg.g_01103	Prbn.g_01602
OG0000684	Prab	Prbg.g_01105	Prab.g_01048
OG0000684	Pran	Prbg.g_01105	Pran.g_00449
OG0000684	Prai	Prbg.g_01105	Prai.g_01027
OG0000684	Prag	Prbg.g_01105	Prag.g_00926
OG0000684	Praw	Prbg.g_01105	Praw.g_01577
OG0000684	Pray	Prbg.g_01105	Pray.g_00473
OG0000684	Praz	Prbg.g_01105	Praz.g_01388
OG0000684	Prba	Prbg.g_01105	Prba.g_01375
OG0000684	Prad	Prbg.g_01105	Prad.g_00224
OG0000684	Prbd	Prbg.g_01105	Prbd.g_00226
OG0000684	Prao	Prbg.g_01105	Prao.g_00864
OG0000684	Prax	Prbg.g_01105	Prax.g_00582
OG0000684	Praa	Prbg.g_01105	Praa.g_00926
OG0000684	Prae	Prbg.g_01105	Prae.g_00927
OG0000684	Prbi	Prbg.g_01105	Prbi.g_00971
OG0000684	Pras	Prbg.g_01105	Pras.g_01821
OG0000684	Prau	Prbg.g_01105	Prau.g_00977
OG0000684	Prav	Prbg.g_01105	Prav.g_00519
OG0000684	Prac	Prbg.g_01105	Prac.g_01365
OG0000684	Praq	Prbg.g_01105	Praq.g_01510
OG0000684	Prar	Prbg.g_01105	Prar.g_01795
OG0000684	Prbm	Prbg.g_01105	Prbm.g_00793
OG0000684	Praj	Prbg.g_01105	Praj.g_00748
OG0000684	Prbb	Prbg.g_01105	Prbb.g_00762
OG0000684	Prbc	Prbg.g_01105	Prbc.g_01837
OG0000684	Pral	Prbg.g_01105	Pral.g_01778
OG0000684	Prat	Prbg.g_01105	Prat.g_00738
OG0000684	Prbj	Prbg.g_01105	Prbj.g_02397
OG0000684	Prbk	Prbg.g_01105	Prbk.g_02453
OG0000684	Prbl	Prbg.g_01105	Prbl.g_02350
OG0000684	Praf	Prbg.g_01105	Praf.g_01512
OG0000684	Prah	Prbg.g_01105	Prah.g_00683
OG0000684	Syak	Prbg.g_01105	Syak.g_00409
OG0000684	Syab	Prbg.g_01105	Syab.g_01591
OG0000684	Syal	Prbg.g_01105	Syal.g_02242
OG0000684	Syag	Prbg.g_01105	Syag.g_00641
OG0000684	Syaq	Prbg.g_01105	Syaq.g_02315
OG0000684	Syaa	Prbg.g_01105	Syaa.g_01132
OG0000684	Syac	Prbg.g_01105	Syac.g_01365
OG0000684	Syah	Prbg.g_01105	Syah.g_01802
OG0000684	Syaf	Prbg.g_01105	Syaf.g_02072
OG0000684	Syai	Prbg.g_01105	Syai.g_01299
OG0000684	Syam	Prbg.g_01105	Syam.g_01312
OG0000684	Syae	Prbg.g_01105	Syae.g_00545
OG0000684	Syad	Prbg.g_01105	Syad.g_01912
OG0000684	Syaj	Prbg.g_01105	Syaj.g_01051
OG0000684	Syas	Prbg.g_01105	Syas.g_00621
OG0000684	Syat	Prbg.g_01105	Syat.g_00457
OG0000684	Syap	Prbg.g_01105	Syap.g_00169
OG0000684	Syar	Prbg.g_01105	Syar.g_02615
OG0000684	Syan	Prbg.g_01105	Syan.g_00715
OG0000684	Syao	Prbg.g_01105	Syao.g_00990
OG0000684	Pram	Prbg.g_01105	Pram.g_00754
OG0000684	Prbh	Prbg.g_01105	Prbh.g_00898
OG0000684	Prak	Prbg.g_01105	Prak.g_00791
OG0000684	Prap	Prbg.g_01105	Prap.g_00837
OG0000684	Prbe	Prbg.g_01105	Prbe.g_00438
OG0000684	Prbf	Prbg.g_01105	Prbf.g_01299
OG0000684	Prbn	Prbg.g_01105	Prbn.g_01600
OG0000685	Prac	Prbg.g_01107	Prac.g_01363
OG0000685	Praq	Prbg.g_01107	Praq.g_01512
OG0000685	Prar	Prbg.g_01107	Prar.g_01797
OG0000685	Prag	Prbg.g_01107	Prag.g_00928
OG0000685	Praw	Prbg.g_01107	Praw.g_01575
OG0000685	Prav	Prbg.g_01107	Prav.g_00521
OG0000685	Prad	Prbg.g_01107	Prad.g_00222
OG0000685	Prao	Prbg.g_01107	Prao.g_00866
OG0000685	Pray	Prbg.g_01107	Pray.g_00475
OG0000685	Prba	Prbg.g_01107	Prba.g_01373
OG0000685	Praz	Prbg.g_01107	Praz.g_01386
OG0000685	Prax	Prbg.g_01107	Prax.g_00584
OG0000685	Praa	Prbg.g_01107	Praa.g_00928
OG0000685	Prae	Prbg.g_01107	Prae.g_00929
OG0000685	Prbd	Prbg.g_01107	Prbd.g_00228
OG0000685	Pras	Prbg.g_01107	Pras.g_01823
OG0000685	Prau	Prbg.g_01107	Prau.g_00979
OG0000685	Prbi	Prbg.g_01107	Prbi.g_00973
OG0000685	Prab	Prbg.g_01107	Prab.g_01046
OG0000685	Pran	Prbg.g_01107	Pran.g_00451
OG0000685	Prai	Prbg.g_01107	Prai.g_01025
OG0000685	Prbm	Prbg.g_01107	Prbm.g_00795
OG0000685	Praj	Prbg.g_01107	Praj.g_00750
OG0000685	Prbc	Prbg.g_01107	Prbc.g_01839
OG0000685	Prbb	Prbg.g_01107	Prbb.g_00764
OG0000685	Prbj	Prbg.g_01107	Prbj.g_02395
OG0000685	Prbk	Prbg.g_01107	Prbk.g_02451
OG0000685	Prbl	Prbg.g_01107	Prbl.g_02352
OG0000685	Praf	Prbg.g_01107	Praf.g_01510
OG0000685	Prah	Prbg.g_01107	Prah.g_00685
OG0000685	Syap	Prbg.g_01107	Syap.g_00172
OG0000685	Syar	Prbg.g_01107	Syar.g_02617
OG0000685	Syas	Prbg.g_01107	Syas.g_00187
OG0000685	Syat	Prbg.g_01107	Syat.g_02571
OG0000685	Syan	Prbg.g_01107	Syan.g_00713
OG0000685	Syao	Prbg.g_01107	Syao.g_00733
OG0000685	Syae	Prbg.g_01107	Syae.g_00543
OG0000685	Syad	Prbg.g_01107	Syad.g_01910
OG0000685	Syaj	Prbg.g_01107	Syaj.g_01049
OG0000685	Syaa	Prbg.g_01107	Syaa.g_01134
OG0000685	Syaf	Prbg.g_01107	Syaf.g_02070
OG0000685	Syai	Prbg.g_01107	Syai.g_01301
OG0000685	Syam	Prbg.g_01107	Syam.g_01310
OG0000685	Syac	Prbg.g_01107	Syac.g_01363
OG0000685	Syah	Prbg.g_01107	Syah.g_01800
OG0000685	Syag	Prbg.g_01107	Syag.g_00643
OG0000685	Syak	Prbg.g_01107	Syak.g_00411
OG0000685	Syab	Prbg.g_01107	Syab.g_01589
OG0000685	Syal	Prbg.g_01107	Syal.g_02240
OG0000685	Syaq	Prbg.g_01107	Syaq.g_02317
OG0000685	Pral	Prbg.g_01107	Pral.g_01776
OG0000685	Prat	Prbg.g_01107	Prat.g_00740
OG0000685	Pram	Prbg.g_01107	Pram.g_00756
OG0000685	Prbh	Prbg.g_01107	Prbh.g_00900
OG0000685	Prak	Prbg.g_01107	Prak.g_00793
OG0000685	Prap	Prbg.g_01107	Prap.g_00835
OG0000685	Prbe	Prbg.g_01107	Prbe.g_00440
OG0000685	Prbf	Prbg.g_01107	Prbf.g_01297
OG0000685	Prbn	Prbg.g_01107	Prbn.g_01598
OG0000686	Prai	Prbg.g_01108	Prai.g_01024
OG0000686	Prab	Prbg.g_01108	Prab.g_01045
OG0000686	Pran	Prbg.g_01108	Pran.g_00452
OG0000686	Prav	Prbg.g_01108	Prav.g_00522
OG0000686	Prag	Prbg.g_01108	Prag.g_00929
OG0000686	Praw	Prbg.g_01108	Praw.g_01574
OG0000686	Prac	Prbg.g_01108	Prac.g_01362
OG0000686	Praq	Prbg.g_01108	Praq.g_01513
OG0000686	Prar	Prbg.g_01108	Prar.g_01798
OG0000686	Pras	Prbg.g_01108	Pras.g_01824
OG0000686	Prau	Prbg.g_01108	Prau.g_00980
OG0000686	Prbi	Prbg.g_01108	Prbi.g_00974
OG0000686	Prbd	Prbg.g_01108	Prbd.g_00229
OG0000686	Prao	Prbg.g_01108	Prao.g_00867
OG0000686	Prad	Prbg.g_01108	Prad.g_00221
OG0000686	Prax	Prbg.g_01108	Prax.g_00585
OG0000686	Pray	Prbg.g_01108	Pray.g_00476
OG0000686	Praz	Prbg.g_01108	Praz.g_01385
OG0000686	Prba	Prbg.g_01108	Prba.g_01372
OG0000686	Praa	Prbg.g_01108	Praa.g_00929
OG0000686	Prae	Prbg.g_01108	Prae.g_00930
OG0000686	Praj	Prbg.g_01108	Praj.g_00751
OG0000686	Prbc	Prbg.g_01108	Prbc.g_01840
OG0000686	Prbm	Prbg.g_01108	Prbm.g_00796
OG0000686	Prbb	Prbg.g_01108	Prbb.g_00765
OG0000686	Pral	Prbg.g_01108	Pral.g_01775
OG0000686	Prat	Prbg.g_01108	Prat.g_00741
OG0000686	Syab	Prbg.g_01108	Syab.g_01588
OG0000686	Syal	Prbg.g_01108	Syal.g_02239
OG0000686	Syaq	Prbg.g_01108	Syaq.g_02318
OG0000686	Syag	Prbg.g_01108	Syag.g_00644
OG0000686	Prah	Prbg.g_01108	Prah.g_00686
OG0000686	Praf	Prbg.g_01108	Praf.g_01509
OG0000686	Prbj	Prbg.g_01108	Prbj.g_02394
OG0000686	Prbk	Prbg.g_01108	Prbk.g_02450
OG0000686	Prbl	Prbg.g_01108	Prbl.g_02353
OG0000686	Syae	Prbg.g_01108	Syae.g_00542
OG0000686	Syaa	Prbg.g_01108	Syaa.g_01135
OG0000686	Syaf	Prbg.g_01108	Syaf.g_02069
OG0000686	Syai	Prbg.g_01108	Syai.g_01302
OG0000686	Syam	Prbg.g_01108	Syam.g_01309
OG0000686	Syac	Prbg.g_01108	Syac.g_01362
OG0000686	Syah	Prbg.g_01108	Syah.g_01799
OG0000686	Syad	Prbg.g_01108	Syad.g_01909
OG0000686	Syaj	Prbg.g_01108	Syaj.g_01048
OG0000686	Syar	Prbg.g_01108	Syar.g_02618
OG0000686	Syan	Prbg.g_01108	Syan.g_00712
OG0000686	Syao	Prbg.g_01108	Syao.g_00734
OG0000686	Syat	Prbg.g_01108	Syat.g_00459
OG0000686	Syap	Prbg.g_01108	Syap.g_00173
OG0000686	Syas	Prbg.g_01108	Syas.g_00619
OG0000686	Syak	Prbg.g_01108	Syak.g_00412
OG0000686	Pram	Prbg.g_01108	Pram.g_00757
OG0000686	Prbh	Prbg.g_01108	Prbh.g_00901
OG0000686	Prak	Prbg.g_01108	Prak.g_00794
OG0000686	Prap	Prbg.g_01108	Prap.g_00834
OG0000686	Prbe	Prbg.g_01108	Prbe.g_00441
OG0000686	Prbf	Prbg.g_01108	Prbf.g_01296
OG0000686	Prbn	Prbg.g_01108	Prbn.g_01597
OG0000687	Prav	Prbg.g_01109	Prav.g_00523
OG0000687	Prag	Prbg.g_01109	Prag.g_00930
OG0000687	Praw	Prbg.g_01109	Praw.g_01573
OG0000687	Prac	Prbg.g_01109	Prac.g_01361
OG0000687	Praq	Prbg.g_01109	Praq.g_01514
OG0000687	Prar	Prbg.g_01109	Prar.g_01799
OG0000687	Prax	Prbg.g_01109	Prax.g_00586
OG0000687	Pras	Prbg.g_01109	Pras.g_01825
OG0000687	Prau	Prbg.g_01109	Prau.g_00981
OG0000687	Prao	Prbg.g_01109	Prao.g_00868
OG0000687	Prae	Prbg.g_01109	Prae.g_00931
OG0000687	Praa	Prbg.g_01109	Praa.g_00930
OG0000687	Prbd	Prbg.g_01109	Prbd.g_00230
OG0000687	Pray	Prbg.g_01109	Pray.g_00477
OG0000687	Praz	Prbg.g_01109	Praz.g_01384
OG0000687	Prba	Prbg.g_01109	Prba.g_01371
OG0000687	Prad	Prbg.g_01109	Prad.g_00220
OG0000687	Prbi	Prbg.g_01109	Prbi.g_00975
OG0000687	Prab	Prbg.g_01109	Prab.g_01044
OG0000687	Pran	Prbg.g_01109	Pran.g_00453
OG0000687	Prai	Prbg.g_01109	Prai.g_01023
OG0000687	Prbm	Prbg.g_01109	Prbm.g_00797
OG0000687	Prbc	Prbg.g_01109	Prbc.g_01841
OG0000687	Praj	Prbg.g_01109	Praj.g_00752
OG0000687	Prbb	Prbg.g_01109	Prbb.g_00766
OG0000687	Pral	Prbg.g_01109	Pral.g_01774
OG0000687	Prat	Prbg.g_01109	Prat.g_00742
OG0000687	Syaa	Prbg.g_01109	Syaa.g_01136
OG0000687	Syae	Prbg.g_01109	Syae.g_00541
OG0000687	Syad	Prbg.g_01109	Syad.g_01908
OG0000687	Syaj	Prbg.g_01109	Syaj.g_01047
OG0000687	Syaf	Prbg.g_01109	Syaf.g_02068
OG0000687	Syai	Prbg.g_01109	Syai.g_01303
OG0000687	Syam	Prbg.g_01109	Syam.g_01308
OG0000687	Syac	Prbg.g_01109	Syac.g_01361
OG0000687	Syah	Prbg.g_01109	Syah.g_01798
OG0000687	Syag	Prbg.g_01109	Syag.g_00645
OG0000687	Syaq	Prbg.g_01109	Syaq.g_02319
OG0000687	Syao	Prbg.g_01109	Syao.g_00735
OG0000687	Syan	Prbg.g_01109	Syan.g_00711
OG0000687	Syar	Prbg.g_01109	Syar.g_02619
OG0000687	Syat	Prbg.g_01109	Syat.g_00460
OG0000687	Syas	Prbg.g_01109	Syas.g_00618
OG0000687	Syap	Prbg.g_01109	Syap.g_00174
OG0000687	Prah	Prbg.g_01109	Prah.g_00687
OG0000687	Prbj	Prbg.g_01109	Prbj.g_02393
OG0000687	Prbk	Prbg.g_01109	Prbk.g_02449
OG0000687	Prbl	Prbg.g_01109	Prbl.g_02354
OG0000687	Praf	Prbg.g_01109	Praf.g_01508
OG0000687	Syak	Prbg.g_01109	Syak.g_00413
OG0000687	Syab	Prbg.g_01109	Syab.g_01586
OG0000687	Syal	Prbg.g_01109	Syal.g_02237
OG0000687	Pram	Prbg.g_01109	Pram.g_00758
OG0000687	Prbh	Prbg.g_01109	Prbh.g_00902
OG0000687	Prak	Prbg.g_01109	Prak.g_00795
OG0000687	Prap	Prbg.g_01109	Prap.g_00833
OG0000687	Prbe	Prbg.g_01109	Prbe.g_00442
OG0000687	Prbf	Prbg.g_01109	Prbf.g_01295
OG0000687	Prbn	Prbg.g_01109	Prbn.g_01596
OG0000688	Prag	Prbg.g_01383	Prag.g_00933
OG0000688	Praw	Prbg.g_01383	Praw.g_01570
OG0000688	Prai	Prbg.g_01383	Prai.g_01020
OG0000688	Prab	Prbg.g_01383	Prab.g_01041
OG0000688	Pran	Prbg.g_01383	Pran.g_00456
OG0000688	Prba	Prbg.g_01383	Prba.g_01368
OG0000688	Pray	Prbg.g_01383	Pray.g_00480
OG0000688	Praz	Prbg.g_01383	Praz.g_01381
OG0000688	Prao	Prbg.g_01383	Prao.g_00871
OG0000688	Prad	Prbg.g_01383	Prad.g_00217
OG0000688	Prbi	Prbg.g_01383	Prbi.g_00978
OG0000688	Pras	Prbg.g_01383	Pras.g_01828
OG0000688	Prau	Prbg.g_01383	Prau.g_00984
OG0000688	Praq	Prbg.g_01383	Praq.g_01517
OG0000688	Prac	Prbg.g_01383	Prac.g_01358
OG0000688	Prar	Prbg.g_01383	Prar.g_01802
OG0000688	Prav	Prbg.g_01383	Prav.g_00526
OG0000688	Prax	Prbg.g_01383	Prax.g_00589
OG0000688	Prbd	Prbg.g_01383	Prbd.g_00233
OG0000688	Praa	Prbg.g_01383	Praa.g_00933
OG0000688	Prae	Prbg.g_01383	Prae.g_00934
OG0000688	Prbm	Prbg.g_01383	Prbm.g_00800
OG0000688	Prbc	Prbg.g_01383	Prbc.g_01844
OG0000688	Praj	Prbg.g_01383	Praj.g_00755
OG0000688	Prbb	Prbg.g_01383	Prbb.g_00769
OG0000688	Prbj	Prbg.g_01383	Prbj.g_02399
OG0000688	Prbk	Prbg.g_01383	Prbk.g_02455
OG0000688	Prbl	Prbg.g_01383	Prbl.g_02348
OG0000688	Praf	Prbg.g_01383	Praf.g_01515
OG0000688	Prah	Prbg.g_01383	Prah.g_00681
OG0000688	Syad	Prbg.g_01383	Syad.g_01904
OG0000688	Syaj	Prbg.g_01383	Syaj.g_01041
OG0000688	Syaa	Prbg.g_01383	Syaa.g_01140
OG0000688	Syac	Prbg.g_01383	Syac.g_01356
OG0000688	Syah	Prbg.g_01383	Syah.g_01793
OG0000688	Syae	Prbg.g_01383	Syae.g_00536
OG0000688	Syaf	Prbg.g_01383	Syaf.g_02063
OG0000688	Syai	Prbg.g_01383	Syai.g_01307
OG0000688	Syam	Prbg.g_01383	Syam.g_01304
OG0000688	Syaq	Prbg.g_01383	Syaq.g_02325
OG0000688	Syak	Prbg.g_01383	Syak.g_00418
OG0000688	Syab	Prbg.g_01383	Syab.g_01576
OG0000688	Syal	Prbg.g_01383	Syal.g_02225
OG0000688	Syag	Prbg.g_01383	Syag.g_00651
OG0000688	Syar	Prbg.g_01383	Syar.g_02624
OG0000688	Syat	Prbg.g_01383	Syat.g_00463
OG0000688	Syan	Prbg.g_01383	Syan.g_00706
OG0000688	Syao	Prbg.g_01383	Syao.g_00741
OG0000688	Syap	Prbg.g_01383	Syap.g_00178
OG0000688	Syas	Prbg.g_01383	Syas.g_00612
OG0000688	Pral	Prbg.g_01383	Pral.g_01474
OG0000688	Prat	Prbg.g_01383	Prat.g_01051
OG0000688	Pram	Prbg.g_01383	Pram.g_01036
OG0000688	Prbh	Prbg.g_01383	Prbh.g_01179
OG0000688	Prbn	Prbg.g_01383	Prbn.g_00848
OG0000688	Prak	Prbg.g_01383	Prak.g_01069
OG0000688	Prbe	Prbg.g_01383	Prbe.g_01446
OG0000688	Prap	Prbg.g_01383	Prap.g_00353
OG0000688	Prbf	Prbg.g_01383	Prbf.g_01021
OG0000689	Prbd	Prbg.g_01382	Prbd.g_00234
OG0000689	Praa	Prbg.g_01382	Praa.g_00934
OG0000689	Prag	Prbg.g_01382	Prag.g_00934
OG0000689	Praw	Prbg.g_01382	Praw.g_01569
OG0000689	Prav	Prbg.g_01382	Prav.g_00527
OG0000689	Prae	Prbg.g_01382	Prae.g_00935
OG0000689	Pray	Prbg.g_01382	Pray.g_00481
OG0000689	Praz	Prbg.g_01382	Praz.g_01380
OG0000689	Prba	Prbg.g_01382	Prba.g_01367
OG0000689	Prax	Prbg.g_01382	Prax.g_00590
OG0000689	Prac	Prbg.g_01382	Prac.g_01357
OG0000689	Praq	Prbg.g_01382	Praq.g_01518
OG0000689	Prar	Prbg.g_01382	Prar.g_01803
OG0000689	Prbi	Prbg.g_01382	Prbi.g_00979
OG0000689	Pras	Prbg.g_01382	Pras.g_01829
OG0000689	Prau	Prbg.g_01382	Prau.g_00985
OG0000689	Prad	Prbg.g_01382	Prad.g_00216
OG0000689	Prao	Prbg.g_01382	Prao.g_00872
OG0000689	Prab	Prbg.g_01382	Prab.g_01040
OG0000689	Pran	Prbg.g_01382	Pran.g_00457
OG0000689	Prai	Prbg.g_01382	Prai.g_01019
OG0000689	Prbm	Prbg.g_01382	Prbm.g_00801
OG0000689	Prbc	Prbg.g_01382	Prbc.g_01845
OG0000689	Praj	Prbg.g_01382	Praj.g_00756
OG0000689	Prbb	Prbg.g_01382	Prbb.g_00770
OG0000689	Pral	Prbg.g_01382	Pral.g_01475
OG0000689	Prat	Prbg.g_01382	Prat.g_01050
OG0000689	Syan	Prbg.g_01382	Syan.g_00704
OG0000689	Syao	Prbg.g_01382	Syao.g_00743
OG0000689	Syar	Prbg.g_01382	Syar.g_02626
OG0000689	Syat	Prbg.g_01382	Syat.g_00465
OG0000689	Syas	Prbg.g_01382	Syas.g_00610
OG0000689	Syap	Prbg.g_01382	Syap.g_00180
OG0000689	Prbj	Prbg.g_01382	Prbj.g_02400
OG0000689	Prbk	Prbg.g_01382	Prbk.g_02456
OG0000689	Prbl	Prbg.g_01382	Prbl.g_02347
OG0000689	Praf	Prbg.g_01382	Praf.g_01516
OG0000689	Prah	Prbg.g_01382	Prah.g_00680
OG0000689	Syaq	Prbg.g_01382	Syaq.g_02327
OG0000689	Syag	Prbg.g_01382	Syag.g_00653
OG0000689	Syae	Prbg.g_01382	Syae.g_00534
OG0000689	Syaa	Prbg.g_01382	Syaa.g_01142
OG0000689	Syaf	Prbg.g_01382	Syaf.g_02061
OG0000689	Syai	Prbg.g_01382	Syai.g_01309
OG0000689	Syam	Prbg.g_01382	Syam.g_01302
OG0000689	Syac	Prbg.g_01382	Syac.g_01354
OG0000689	Syah	Prbg.g_01382	Syah.g_01791
OG0000689	Syad	Prbg.g_01382	Syad.g_01902
OG0000689	Syaj	Prbg.g_01382	Syaj.g_01039
OG0000689	Syak	Prbg.g_01382	Syak.g_00421
OG0000689	Syab	Prbg.g_01382	Syab.g_01574
OG0000689	Syal	Prbg.g_01382	Syal.g_02223
OG0000689	Pram	Prbg.g_01382	Pram.g_01035
OG0000689	Prbh	Prbg.g_01382	Prbh.g_01178
OG0000689	Prak	Prbg.g_01382	Prak.g_01068
OG0000689	Prap	Prbg.g_01382	Prap.g_00352
OG0000689	Prbe	Prbg.g_01382	Prbe.g_01445
OG0000689	Prbf	Prbg.g_01382	Prbf.g_01022
OG0000689	Prbn	Prbg.g_01382	Prbn.g_00849
OG0000690	Prax	Prbg.g_01381	Prax.g_00591
OG0000690	Praa	Prbg.g_01381	Praa.g_00935
OG0000690	Prbi	Prbg.g_01381	Prbi.g_00980
OG0000690	Prbd	Prbg.g_01381	Prbd.g_00235
OG0000690	Prad	Prbg.g_01381	Prad.g_00215
OG0000690	Pras	Prbg.g_01381	Pras.g_01830
OG0000690	Prau	Prbg.g_01381	Prau.g_00986
OG0000690	Prao	Prbg.g_01381	Prao.g_00873
OG0000690	Prac	Prbg.g_01381	Prac.g_01356
OG0000690	Praq	Prbg.g_01381	Praq.g_01519
OG0000690	Prar	Prbg.g_01381	Prar.g_01804
OG0000690	Prae	Prbg.g_01381	Prae.g_00936
OG0000690	Pray	Prbg.g_01381	Pray.g_00482
OG0000690	Praz	Prbg.g_01381	Praz.g_01379
OG0000690	Prba	Prbg.g_01381	Prba.g_01366
OG0000690	Prag	Prbg.g_01381	Prag.g_00935
OG0000690	Praw	Prbg.g_01381	Praw.g_01568
OG0000690	Prav	Prbg.g_01381	Prav.g_00528
OG0000690	Prab	Prbg.g_01381	Prab.g_01039
OG0000690	Pran	Prbg.g_01381	Pran.g_00458
OG0000690	Prai	Prbg.g_01381	Prai.g_01018
OG0000690	Prbm	Prbg.g_01381	Prbm.g_00802
OG0000690	Praj	Prbg.g_01381	Praj.g_00757
OG0000690	Prbc	Prbg.g_01381	Prbc.g_01846
OG0000690	Prbb	Prbg.g_01381	Prbb.g_00771
OG0000690	Prbj	Prbg.g_01381	Prbj.g_02401
OG0000690	Prbk	Prbg.g_01381	Prbk.g_02457
OG0000690	Prbl	Prbg.g_01381	Prbl.g_02346
OG0000690	Praf	Prbg.g_01381	Praf.g_01517
OG0000690	Prah	Prbg.g_01381	Prah.g_00679
OG0000690	Syak	Prbg.g_01381	Syak.g_00422
OG0000690	Syaq	Prbg.g_01381	Syaq.g_02328
OG0000690	Syag	Prbg.g_01381	Syag.g_00654
OG0000690	Syab	Prbg.g_01381	Syab.g_01573
OG0000690	Syal	Prbg.g_01381	Syal.g_02222
OG0000690	Syas	Prbg.g_01381	Syas.g_00609
OG0000690	Syat	Prbg.g_01381	Syat.g_00466
OG0000690	Syap	Prbg.g_01381	Syap.g_00181
OG0000690	Syar	Prbg.g_01381	Syar.g_02627
OG0000690	Syan	Prbg.g_01381	Syan.g_00703
OG0000690	Syao	Prbg.g_01381	Syao.g_00744
OG0000690	Syae	Prbg.g_01381	Syae.g_00533
OG0000690	Syam	Prbg.g_01381	Syam.g_01301
OG0000690	Syai	Prbg.g_01381	Syai.g_01310
OG0000690	Syaf	Prbg.g_01381	Syaf.g_02060
OG0000690	Syaa	Prbg.g_01381	Syaa.g_01143
OG0000690	Syac	Prbg.g_01381	Syac.g_01353
OG0000690	Syah	Prbg.g_01381	Syah.g_01790
OG0000690	Syad	Prbg.g_01381	Syad.g_01901
OG0000690	Syaj	Prbg.g_01381	Syaj.g_01038
OG0000690	Pral	Prbg.g_01381	Pral.g_01476
OG0000690	Prat	Prbg.g_01381	Prat.g_01049
OG0000690	Pram	Prbg.g_01381	Pram.g_01034
OG0000690	Prbh	Prbg.g_01381	Prbh.g_01177
OG0000690	Prak	Prbg.g_01381	Prak.g_01067
OG0000690	Prap	Prbg.g_01381	Prap.g_00351
OG0000690	Prbe	Prbg.g_01381	Prbe.g_01444
OG0000690	Prbf	Prbg.g_01381	Prbf.g_01023
OG0000690	Prbn	Prbg.g_01381	Prbn.g_00850
OG0000691	Prac	Prbg.g_01380	Prac.g_01355
OG0000691	Praq	Prbg.g_01380	Praq.g_01520
OG0000691	Prar	Prbg.g_01380	Prar.g_01805
OG0000691	Pray	Prbg.g_01380	Pray.g_00483
OG0000691	Praz	Prbg.g_01380	Praz.g_01378
OG0000691	Prba	Prbg.g_01380	Prba.g_01365
OG0000691	Prae	Prbg.g_01380	Prae.g_00937
OG0000691	Prax	Prbg.g_01380	Prax.g_00592
OG0000691	Prbi	Prbg.g_01380	Prbi.g_00981
OG0000691	Prbd	Prbg.g_01380	Prbd.g_00236
OG0000691	Pras	Prbg.g_01380	Pras.g_01831
OG0000691	Prau	Prbg.g_01380	Prau.g_00987
OG0000691	Prad	Prbg.g_01380	Prad.g_00214
OG0000691	Praa	Prbg.g_01380	Praa.g_00936
OG0000691	Prao	Prbg.g_01380	Prao.g_00874
OG0000691	Prag	Prbg.g_01380	Prag.g_00936
OG0000691	Praw	Prbg.g_01380	Praw.g_01567
OG0000691	Prav	Prbg.g_01380	Prav.g_00529
OG0000691	Prab	Prbg.g_01380	Prab.g_01038
OG0000691	Pran	Prbg.g_01380	Pran.g_00459
OG0000691	Prai	Prbg.g_01380	Prai.g_01017
OG0000691	Prbm	Prbg.g_01380	Prbm.g_00803
OG0000691	Prbc	Prbg.g_01380	Prbc.g_01847
OG0000691	Praj	Prbg.g_01380	Praj.g_00758
OG0000691	Prbb	Prbg.g_01380	Prbb.g_00772
OG0000691	Prbj	Prbg.g_01380	Prbj.g_02402
OG0000691	Prbk	Prbg.g_01380	Prbk.g_02458
OG0000691	Prbl	Prbg.g_01380	Prbl.g_02345
OG0000691	Praf	Prbg.g_01380	Praf.g_01519
OG0000691	Prah	Prbg.g_01380	Prah.g_00678
OG0000691	Syak	Prbg.g_01380	Syak.g_00423
OG0000691	Syab	Prbg.g_01380	Syab.g_01572
OG0000691	Syal	Prbg.g_01380	Syal.g_02221
OG0000691	Syan	Prbg.g_01380	Syan.g_00702
OG0000691	Syao	Prbg.g_01380	Syao.g_00745
OG0000691	Syar	Prbg.g_01380	Syar.g_02628
OG0000691	Syas	Prbg.g_01380	Syas.g_00608
OG0000691	Syap	Prbg.g_01380	Syap.g_00182
OG0000691	Syat	Prbg.g_01380	Syat.g_00467
OG0000691	Syad	Prbg.g_01380	Syad.g_01900
OG0000691	Syaj	Prbg.g_01380	Syaj.g_01037
OG0000691	Syac	Prbg.g_01380	Syac.g_01352
OG0000691	Syah	Prbg.g_01380	Syah.g_01789
OG0000691	Syaf	Prbg.g_01380	Syaf.g_02059
OG0000691	Syai	Prbg.g_01380	Syai.g_01311
OG0000691	Syam	Prbg.g_01380	Syam.g_01300
OG0000691	Syaa	Prbg.g_01380	Syaa.g_01144
OG0000691	Syae	Prbg.g_01380	Syae.g_00532
OG0000691	Syag	Prbg.g_01380	Syag.g_00655
OG0000691	Syaq	Prbg.g_01380	Syaq.g_02329
OG0000691	Pral	Prbg.g_01380	Pral.g_01477
OG0000691	Prat	Prbg.g_01380	Prat.g_01048
OG0000691	Pram	Prbg.g_01380	Pram.g_01033
OG0000691	Prbh	Prbg.g_01380	Prbh.g_01176
OG0000691	Prak	Prbg.g_01380	Prak.g_01066
OG0000691	Prap	Prbg.g_01380	Prap.g_00350
OG0000691	Prbe	Prbg.g_01380	Prbe.g_01443
OG0000691	Prbf	Prbg.g_01380	Prbf.g_01024
OG0000691	Prbn	Prbg.g_01380	Prbn.g_00851
OG0000692	Prac	Prbg.g_01378	Prac.g_01353
OG0000692	Praq	Prbg.g_01378	Praq.g_01522
OG0000692	Prar	Prbg.g_01378	Prar.g_01807
OG0000692	Prao	Prbg.g_01378	Prao.g_00876
OG0000692	Pray	Prbg.g_01378	Pray.g_00485
OG0000692	Praz	Prbg.g_01378	Praz.g_01376
OG0000692	Prba	Prbg.g_01378	Prba.g_01363
OG0000692	Praa	Prbg.g_01378	Praa.g_00938
OG0000692	Prbi	Prbg.g_01378	Prbi.g_00983
OG0000692	Prae	Prbg.g_01378	Prae.g_00938
OG0000692	Prbd	Prbg.g_01378	Prbd.g_00238
OG0000692	Prax	Prbg.g_01378	Prax.g_00594
OG0000692	Pras	Prbg.g_01378	Pras.g_01833
OG0000692	Prau	Prbg.g_01378	Prau.g_00989
OG0000692	Prad	Prbg.g_01378	Prad.g_00212
OG0000692	Prag	Prbg.g_01378	Prag.g_00938
OG0000692	Praw	Prbg.g_01378	Praw.g_01565
OG0000692	Prav	Prbg.g_01378	Prav.g_00530
OG0000692	Prab	Prbg.g_01378	Prab.g_01036
OG0000692	Pran	Prbg.g_01378	Pran.g_00461
OG0000692	Prai	Prbg.g_01378	Prai.g_01015
OG0000692	Prbm	Prbg.g_01378	Prbm.g_00805
OG0000692	Prbc	Prbg.g_01378	Prbc.g_01849
OG0000692	Praj	Prbg.g_01378	Praj.g_00760
OG0000692	Prbb	Prbg.g_01378	Prbb.g_00774
OG0000692	Pral	Prbg.g_01378	Pral.g_01479
OG0000692	Prat	Prbg.g_01378	Prat.g_01046
OG0000692	Syan	Prbg.g_01378	Syan.g_00700
OG0000692	Syao	Prbg.g_01378	Syao.g_00747
OG0000692	Syar	Prbg.g_01378	Syar.g_02629
OG0000692	Syat	Prbg.g_01378	Syat.g_00469
OG0000692	Syap	Prbg.g_01378	Syap.g_00184
OG0000692	Syas	Prbg.g_01378	Syas.g_00606
OG0000692	Syad	Prbg.g_01378	Syad.g_01899
OG0000692	Syaj	Prbg.g_01378	Syaj.g_01036
OG0000692	Syae	Prbg.g_01378	Syae.g_00531
OG0000692	Syaa	Prbg.g_01378	Syaa.g_01145
OG0000692	Syam	Prbg.g_01378	Syam.g_01299
OG0000692	Syaf	Prbg.g_01378	Syaf.g_02058
OG0000692	Syai	Prbg.g_01378	Syai.g_01312
OG0000692	Syac	Prbg.g_01378	Syac.g_01351
OG0000692	Syah	Prbg.g_01378	Syah.g_01788
OG0000692	Prbj	Prbg.g_01378	Prbj.g_02403
OG0000692	Prbk	Prbg.g_01378	Prbk.g_02459
OG0000692	Prbl	Prbg.g_01378	Prbl.g_02344
OG0000692	Praf	Prbg.g_01378	Praf.g_01520
OG0000692	Prah	Prbg.g_01378	Prah.g_00677
OG0000692	Syak	Prbg.g_01378	Syak.g_00424
OG0000692	Syab	Prbg.g_01378	Syab.g_01571
OG0000692	Syal	Prbg.g_01378	Syal.g_02220
OG0000692	Syag	Prbg.g_01378	Syag.g_00656
OG0000692	Syaq	Prbg.g_01378	Syaq.g_02330
OG0000692	Pram	Prbg.g_01378	Pram.g_01031
OG0000692	Prbh	Prbg.g_01378	Prbh.g_01174
OG0000692	Prak	Prbg.g_01378	Prak.g_01064
OG0000692	Prap	Prbg.g_01378	Prap.g_00348
OG0000692	Prbe	Prbg.g_01378	Prbe.g_01441
OG0000692	Prbf	Prbg.g_01378	Prbf.g_01026
OG0000692	Prbn	Prbg.g_01378	Prbn.g_00853
OG0000693	Prac	Prbg.g_01377	Prac.g_01352
OG0000693	Praq	Prbg.g_01377	Praq.g_01523
OG0000693	Prar	Prbg.g_01377	Prar.g_01808
OG0000693	Prav	Prbg.g_01377	Prav.g_00531
OG0000693	Pray	Prbg.g_01377	Pray.g_00486
OG0000693	Praz	Prbg.g_01377	Praz.g_01375
OG0000693	Prba	Prbg.g_01377	Prba.g_01362
OG0000693	Prbi	Prbg.g_01377	Prbi.g_00984
OG0000693	Pras	Prbg.g_01377	Pras.g_01834
OG0000693	Prau	Prbg.g_01377	Prau.g_00990
OG0000693	Prao	Prbg.g_01377	Prao.g_00877
OG0000693	Prax	Prbg.g_01377	Prax.g_00595
OG0000693	Praa	Prbg.g_01377	Praa.g_00939
OG0000693	Prae	Prbg.g_01377	Prae.g_00939
OG0000693	Prbd	Prbg.g_01377	Prbd.g_00239
OG0000693	Prad	Prbg.g_01377	Prad.g_00211
OG0000693	Prag	Prbg.g_01377	Prag.g_00939
OG0000693	Praw	Prbg.g_01377	Praw.g_01564
OG0000693	Prab	Prbg.g_01377	Prab.g_01035
OG0000693	Pran	Prbg.g_01377	Pran.g_00462
OG0000693	Prai	Prbg.g_01377	Prai.g_01014
OG0000693	Prbm	Prbg.g_01377	Prbm.g_00806
OG0000693	Prbc	Prbg.g_01377	Prbc.g_01850
OG0000693	Praj	Prbg.g_01377	Praj.g_00761
OG0000693	Prbb	Prbg.g_01377	Prbb.g_00775
OG0000693	Prat	Prbg.g_01377	Prat.g_01045
OG0000693	Pral	Prbg.g_01377	Pral.g_01480
OG0000693	Prbj	Prbg.g_01377	Prbj.g_02404
OG0000693	Prbk	Prbg.g_01377	Prbk.g_02460
OG0000693	Prbl	Prbg.g_01377	Prbl.g_02343
OG0000693	Praf	Prbg.g_01377	Praf.g_01522
OG0000693	Prah	Prbg.g_01377	Prah.g_00675
OG0000693	Syak	Prbg.g_01377	Syak.g_00426
OG0000693	Syab	Prbg.g_01377	Syab.g_01569
OG0000693	Syal	Prbg.g_01377	Syal.g_02218
OG0000693	Syag	Prbg.g_01377	Syag.g_00658
OG0000693	Syaq	Prbg.g_01377	Syaq.g_02332
OG0000693	Syat	Prbg.g_01377	Syat.g_00471
OG0000693	Syan	Prbg.g_01377	Syan.g_00698
OG0000693	Syao	Prbg.g_01377	Syao.g_00748
OG0000693	Syap	Prbg.g_01377	Syap.g_00185
OG0000693	Syar	Prbg.g_01377	Syar.g_02631
OG0000693	Syas	Prbg.g_01377	Syas.g_00604
OG0000693	Syaf	Prbg.g_01377	Syaf.g_02057
OG0000693	Syai	Prbg.g_01377	Syai.g_01313
OG0000693	Syam	Prbg.g_01377	Syam.g_01298
OG0000693	Syaa	Prbg.g_01377	Syaa.g_01146
OG0000693	Syae	Prbg.g_01377	Syae.g_00529
OG0000693	Syad	Prbg.g_01377	Syad.g_01897
OG0000693	Syaj	Prbg.g_01377	Syaj.g_01034
OG0000693	Syac	Prbg.g_01377	Syac.g_01349
OG0000693	Syah	Prbg.g_01377	Syah.g_01787
OG0000693	Pram	Prbg.g_01377	Pram.g_01030
OG0000693	Prbh	Prbg.g_01377	Prbh.g_01173
OG0000693	Prak	Prbg.g_01377	Prak.g_01063
OG0000693	Prap	Prbg.g_01377	Prap.g_00347
OG0000693	Prbe	Prbg.g_01377	Prbe.g_01440
OG0000693	Prbf	Prbg.g_01377	Prbf.g_01027
OG0000693	Prbn	Prbg.g_01377	Prbn.g_00854
OG0000694	Prai	Prbg.g_01376	Prai.g_01013
OG0000694	Prab	Prbg.g_01376	Prab.g_01034
OG0000694	Pran	Prbg.g_01376	Pran.g_00463
OG0000694	Prac	Prbg.g_01376	Prac.g_01351
OG0000694	Praq	Prbg.g_01376	Praq.g_01524
OG0000694	Prar	Prbg.g_01376	Prar.g_01809
OG0000694	Prao	Prbg.g_01376	Prao.g_00878
OG0000694	Praa	Prbg.g_01376	Praa.g_00940
OG0000694	Prae	Prbg.g_01376	Prae.g_00940
OG0000694	Pras	Prbg.g_01376	Pras.g_01835
OG0000694	Prau	Prbg.g_01376	Prau.g_00991
OG0000694	Prax	Prbg.g_01376	Prax.g_00596
OG0000694	Prbd	Prbg.g_01376	Prbd.g_00240
OG0000694	Prbi	Prbg.g_01376	Prbi.g_00985
OG0000694	Prag	Prbg.g_01376	Prag.g_00940
OG0000694	Praw	Prbg.g_01376	Praw.g_01563
OG0000694	Pray	Prbg.g_01376	Pray.g_00487
OG0000694	Praz	Prbg.g_01376	Praz.g_01374
OG0000694	Prba	Prbg.g_01376	Prba.g_01361
OG0000694	Prad	Prbg.g_01376	Prad.g_00210
OG0000694	Prav	Prbg.g_01376	Prav.g_00532
OG0000694	Prbm	Prbg.g_01376	Prbm.g_00807
OG0000694	Prbc	Prbg.g_01376	Prbc.g_01851
OG0000694	Praj	Prbg.g_01376	Praj.g_00762
OG0000694	Prbb	Prbg.g_01376	Prbb.g_00776
OG0000694	Pral	Prbg.g_01376	Pral.g_01481
OG0000694	Prat	Prbg.g_01376	Prat.g_01044
OG0000694	Syac	Prbg.g_01376	Syac.g_01348
OG0000694	Syah	Prbg.g_01376	Syah.g_01786
OG0000694	Syam	Prbg.g_01376	Syam.g_01297
OG0000694	Syaf	Prbg.g_01376	Syaf.g_02056
OG0000694	Syai	Prbg.g_01376	Syai.g_01314
OG0000694	Syad	Prbg.g_01376	Syad.g_01896
OG0000694	Syaj	Prbg.g_01376	Syaj.g_01033
OG0000694	Syaa	Prbg.g_01376	Syaa.g_01147
OG0000694	Syae	Prbg.g_01376	Syae.g_00528
OG0000694	Syar	Prbg.g_01376	Syar.g_02632
OG0000694	Syap	Prbg.g_01376	Syap.g_00186
OG0000694	Syat	Prbg.g_01376	Syat.g_00472
OG0000694	Syan	Prbg.g_01376	Syan.g_00697
OG0000694	Syao	Prbg.g_01376	Syao.g_00749
OG0000694	Syas	Prbg.g_01376	Syas.g_00603
OG0000694	Syag	Prbg.g_01376	Syag.g_00659
OG0000694	Syaq	Prbg.g_01376	Syaq.g_02333
OG0000694	Prbj	Prbg.g_01376	Prbj.g_02405
OG0000694	Prbk	Prbg.g_01376	Prbk.g_02461
OG0000694	Prbl	Prbg.g_01376	Prbl.g_02342
OG0000694	Praf	Prbg.g_01376	Praf.g_01523
OG0000694	Prah	Prbg.g_01376	Prah.g_00674
OG0000694	Syab	Prbg.g_01376	Syab.g_01568
OG0000694	Syal	Prbg.g_01376	Syal.g_02217
OG0000694	Syak	Prbg.g_01376	Syak.g_00427
OG0000694	Pram	Prbg.g_01376	Pram.g_01029
OG0000694	Prbh	Prbg.g_01376	Prbh.g_01172
OG0000694	Prak	Prbg.g_01376	Prak.g_01062
OG0000694	Prap	Prbg.g_01376	Prap.g_00346
OG0000694	Prbe	Prbg.g_01376	Prbe.g_01439
OG0000694	Prbf	Prbg.g_01376	Prbf.g_01028
OG0000694	Prbn	Prbg.g_01376	Prbn.g_00855
OG0000695	Prab	Prbg.g_01264	Prab.g_01032
OG0000695	Pran	Prbg.g_01264	Pran.g_00465
OG0000695	Prai	Prbg.g_01264	Prai.g_01011
OG0000695	Prag	Prbg.g_01264	Prag.g_00942
OG0000695	Praw	Prbg.g_01264	Praw.g_01561
OG0000695	Prav	Prbg.g_01264	Prav.g_00534
OG0000695	Prac	Prbg.g_01264	Prac.g_01349
OG0000695	Praq	Prbg.g_01264	Praq.g_01526
OG0000695	Prar	Prbg.g_01264	Prar.g_01811
OG0000695	Prad	Prbg.g_01264	Prad.g_00208
OG0000695	Prao	Prbg.g_01264	Prao.g_00880
OG0000695	Pray	Prbg.g_01264	Pray.g_00489
OG0000695	Praz	Prbg.g_01264	Praz.g_01372
OG0000695	Prba	Prbg.g_01264	Prba.g_01359
OG0000695	Pras	Prbg.g_01264	Pras.g_01837
OG0000695	Prau	Prbg.g_01264	Prau.g_00993
OG0000695	Prax	Prbg.g_01264	Prax.g_00598
OG0000695	Prbi	Prbg.g_01264	Prbi.g_00987
OG0000695	Prbd	Prbg.g_01264	Prbd.g_00242
OG0000695	Praa	Prbg.g_01264	Praa.g_00942
OG0000695	Prae	Prbg.g_01264	Prae.g_00942
OG0000695	Praj	Prbg.g_01264	Praj.g_00921
OG0000695	Prbm	Prbg.g_01264	Prbm.g_00963
OG0000695	Prbc	Prbg.g_01264	Prbc.g_02011
OG0000695	Prbb	Prbg.g_01264	Prbb.g_00966
OG0000695	Syak	Prbg.g_01264	Syak.g_00540
OG0000695	Syab	Prbg.g_01264	Syab.g_01417
OG0000695	Syal	Prbg.g_01264	Syal.g_02027
OG0000695	Prbj	Prbg.g_01264	Prbj.g_02302
OG0000695	Prbk	Prbg.g_01264	Prbk.g_02358
OG0000695	Prbl	Prbg.g_01264	Prbl.g_02444
OG0000695	Praf	Prbg.g_01264	Praf.g_01425
OG0000695	Prah	Prbg.g_01264	Prah.g_00762
OG0000695	Syaq	Prbg.g_01264	Syaq.g_02446
OG0000695	Syag	Prbg.g_01264	Syag.g_00776
OG0000695	Syaa	Prbg.g_01264	Syaa.g_01395
OG0000695	Syae	Prbg.g_01264	Syae.g_00322
OG0000695	Syam	Prbg.g_01264	Syam.g_01088
OG0000695	Syai	Prbg.g_01264	Syai.g_01553
OG0000695	Syaf	Prbg.g_01264	Syaf.g_01805
OG0000695	Syac	Prbg.g_01264	Syac.g_01143
OG0000695	Syah	Prbg.g_01264	Syah.g_01586
OG0000695	Syad	Prbg.g_01264	Syad.g_01662
OG0000695	Syaj	Prbg.g_01264	Syaj.g_00791
OG0000695	Syat	Prbg.g_01264	Syat.g_00619
OG0000695	Syan	Prbg.g_01264	Syan.g_00492
OG0000695	Syao	Prbg.g_01264	Syao.g_00639
OG0000695	Syap	Prbg.g_01264	Syap.g_01729
OG0000695	Syas	Prbg.g_01264	Syas.g_00410
OG0000695	Syar	Prbg.g_01264	Syar.g_02573
OG0000695	Pral	Prbg.g_01264	Pral.g_01654
OG0000695	Prat	Prbg.g_01264	Prat.g_00869
OG0000695	Pram	Prbg.g_01264	Pram.g_00917
OG0000695	Prbh	Prbg.g_01264	Prbh.g_01060
OG0000695	Prak	Prbg.g_01264	Prak.g_00950
OG0000695	Prap	Prbg.g_01264	Prap.g_00679
OG0000695	Prbe	Prbg.g_01264	Prbe.g_01327
OG0000695	Prbf	Prbg.g_01264	Prbf.g_01140
OG0000695	Prbn	Prbg.g_01264	Prbn.g_01441
OG0000696	Prad	Prbg.g_01265	Prad.g_00207
OG0000696	Prab	Prbg.g_01265	Prab.g_01031
OG0000696	Pran	Prbg.g_01265	Pran.g_00466
OG0000696	Prai	Prbg.g_01265	Prai.g_01010
OG0000696	Prac	Prbg.g_01265	Prac.g_01348
OG0000696	Praq	Prbg.g_01265	Praq.g_01527
OG0000696	Prar	Prbg.g_01265	Prar.g_01812
OG0000696	Prav	Prbg.g_01265	Prav.g_00535
OG0000696	Prag	Prbg.g_01265	Prag.g_00943
OG0000696	Praw	Prbg.g_01265	Praw.g_01560
OG0000696	Pray	Prbg.g_01265	Pray.g_00490
OG0000696	Praz	Prbg.g_01265	Praz.g_01371
OG0000696	Prba	Prbg.g_01265	Prba.g_01358
OG0000696	Prao	Prbg.g_01265	Prao.g_00881
OG0000696	Prax	Prbg.g_01265	Prax.g_00599
OG0000696	Prbi	Prbg.g_01265	Prbi.g_00988
OG0000696	Praa	Prbg.g_01265	Praa.g_00943
OG0000696	Pras	Prbg.g_01265	Pras.g_01838
OG0000696	Prae	Prbg.g_01265	Prae.g_00943
OG0000696	Prau	Prbg.g_01265	Prau.g_00994
OG0000696	Prbd	Prbg.g_01265	Prbd.g_00243
OG0000696	Syak	Prbg.g_01265	Syak.g_00539
OG0000696	Prbb	Prbg.g_01265	Prbb.g_00967
OG0000696	Praj	Prbg.g_01265	Praj.g_00922
OG0000696	Prbm	Prbg.g_01265	Prbm.g_00964
OG0000696	Prbc	Prbg.g_01265	Prbc.g_02012
OG0000696	Pral	Prbg.g_01265	Pral.g_01653
OG0000696	Prat	Prbg.g_01265	Prat.g_00870
OG0000696	Syag	Prbg.g_01265	Syag.g_00777
OG0000696	Syaq	Prbg.g_01265	Syaq.g_02447
OG0000696	Syan	Prbg.g_01265	Syan.g_00493
OG0000696	Syao	Prbg.g_01265	Syao.g_00638
OG0000696	Syar	Prbg.g_01265	Syar.g_02572
OG0000696	Syat	Prbg.g_01265	Syat.g_00618
OG0000696	Syap	Prbg.g_01265	Syap.g_01730
OG0000696	Syas	Prbg.g_01265	Syas.g_00411
OG0000696	Syad	Prbg.g_01265	Syad.g_01663
OG0000696	Syaj	Prbg.g_01265	Syaj.g_00792
OG0000696	Syab	Prbg.g_01265	Syab.g_01416
OG0000696	Syal	Prbg.g_01265	Syal.g_02026
OG0000696	Syaa	Prbg.g_01265	Syaa.g_01394
OG0000696	Praf	Prbg.g_01265	Praf.g_01424
OG0000696	Prah	Prbg.g_01265	Prah.g_00763
OG0000696	Prbj	Prbg.g_01265	Prbj.g_02301
OG0000696	Prbk	Prbg.g_01265	Prbk.g_02357
OG0000696	Prbl	Prbg.g_01265	Prbl.g_02445
OG0000696	Syac	Prbg.g_01265	Syac.g_01144
OG0000696	Syah	Prbg.g_01265	Syah.g_01587
OG0000696	Syaf	Prbg.g_01265	Syaf.g_01806
OG0000696	Syai	Prbg.g_01265	Syai.g_01552
OG0000696	Syam	Prbg.g_01265	Syam.g_01089
OG0000696	Syae	Prbg.g_01265	Syae.g_00323
OG0000696	Pram	Prbg.g_01265	Pram.g_00918
OG0000696	Prbh	Prbg.g_01265	Prbh.g_01061
OG0000696	Prak	Prbg.g_01265	Prak.g_00951
OG0000696	Prap	Prbg.g_01265	Prap.g_00678
OG0000696	Prbe	Prbg.g_01265	Prbe.g_01328
OG0000696	Prbf	Prbg.g_01265	Prbf.g_01139
OG0000696	Prbn	Prbg.g_01265	Prbn.g_01440
OG0000697	Prae	Prbg.g_01266	Prae.g_00944
OG0000697	Prav	Prbg.g_01266	Prav.g_00536
OG0000697	Praa	Prbg.g_01266	Praa.g_00944
OG0000697	Prag	Prbg.g_01266	Prag.g_00944
OG0000697	Pras	Prbg.g_01266	Pras.g_01839
OG0000697	Prau	Prbg.g_01266	Prau.g_00995
OG0000697	Praw	Prbg.g_01266	Praw.g_01559
OG0000697	Prax	Prbg.g_01266	Prax.g_00600
OG0000697	Prbd	Prbg.g_01266	Prbd.g_00244
OG0000697	Prbi	Prbg.g_01266	Prbi.g_00989
OG0000697	Prab	Prbg.g_01266	Prab.g_01030
OG0000697	Prai	Prbg.g_01266	Prai.g_01009
OG0000697	Pran	Prbg.g_01266	Pran.g_00467
OG0000697	Prac	Prbg.g_01266	Prac.g_01347
OG0000697	Praq	Prbg.g_01266	Praq.g_01528
OG0000697	Prar	Prbg.g_01266	Prar.g_01813
OG0000697	Prad	Prbg.g_01266	Prad.g_00206
OG0000697	Prao	Prbg.g_01266	Prao.g_00882
OG0000697	Pray	Prbg.g_01266	Pray.g_00491
OG0000697	Praz	Prbg.g_01266	Praz.g_01370
OG0000697	Prba	Prbg.g_01266	Prba.g_01357
OG0000697	Pral	Prbg.g_01266	Pral.g_01652
OG0000697	Prat	Prbg.g_01266	Prat.g_00871
OG0000697	Praj	Prbg.g_01266	Praj.g_00923
OG0000697	Prbb	Prbg.g_01266	Prbb.g_00968
OG0000697	Prbm	Prbg.g_01266	Prbm.g_00965
OG0000697	Prbc	Prbg.g_01266	Prbc.g_02013
OG0000697	Syaa	Prbg.g_01266	Syaa.g_01392
OG0000697	Syag	Prbg.g_01266	Syag.g_00778
OG0000697	Praf	Prbg.g_01266	Praf.g_01422
OG0000697	Prbj	Prbg.g_01266	Prbj.g_02299
OG0000697	Prbk	Prbg.g_01266	Prbk.g_02355
OG0000697	Prbl	Prbg.g_01266	Prbl.g_02447
OG0000697	Prah	Prbg.g_01266	Prah.g_00765
OG0000697	Syaq	Prbg.g_01266	Syaq.g_02448
OG0000697	Syak	Prbg.g_01266	Syak.g_00538
OG0000697	Syab	Prbg.g_01266	Syab.g_01415
OG0000697	Syal	Prbg.g_01266	Syal.g_02025
OG0000697	Syae	Prbg.g_01266	Syae.g_00325
OG0000697	Syad	Prbg.g_01266	Syad.g_01789
OG0000697	Syaj	Prbg.g_01266	Syaj.g_00932
OG0000697	Syap	Prbg.g_01266	Syap.g_01734
OG0000697	Syas	Prbg.g_01266	Syas.g_00413
OG0000697	Syar	Prbg.g_01266	Syar.g_02570
OG0000697	Syan	Prbg.g_01266	Syan.g_00495
OG0000697	Syao	Prbg.g_01266	Syao.g_00636
OG0000697	Syat	Prbg.g_01266	Syat.g_00616
OG0000697	Syam	Prbg.g_01266	Syam.g_01091
OG0000697	Syac	Prbg.g_01266	Syac.g_01146
OG0000697	Syah	Prbg.g_01266	Syah.g_01589
OG0000697	Syaf	Prbg.g_01266	Syaf.g_01808
OG0000697	Syai	Prbg.g_01266	Syai.g_01550
OG0000697	Pram	Prbg.g_01266	Pram.g_00919
OG0000697	Prbh	Prbg.g_01266	Prbh.g_01062
OG0000697	Prak	Prbg.g_01266	Prak.g_00952
OG0000697	Prap	Prbg.g_01266	Prap.g_00677
OG0000697	Prbe	Prbg.g_01266	Prbe.g_01329
OG0000697	Prbf	Prbg.g_01266	Prbf.g_01138
OG0000697	Prbn	Prbg.g_01266	Prbn.g_01439
OG0000698	Prab	Prbg.g_01269	Prab.g_01027
OG0000698	Pran	Prbg.g_01269	Pran.g_00470
OG0000698	Prai	Prbg.g_01269	Prai.g_01006
OG0000698	Prac	Prbg.g_01269	Prac.g_01344
OG0000698	Praq	Prbg.g_01269	Praq.g_01531
OG0000698	Prar	Prbg.g_01269	Prar.g_01816
OG0000698	Prad	Prbg.g_01269	Prad.g_00203
OG0000698	Prav	Prbg.g_01269	Prav.g_00539
OG0000698	Prag	Prbg.g_01269	Prag.g_00947
OG0000698	Praw	Prbg.g_01269	Praw.g_01556
OG0000698	Prao	Prbg.g_01269	Prao.g_00885
OG0000698	Pras	Prbg.g_01269	Pras.g_01842
OG0000698	Prau	Prbg.g_01269	Prau.g_00998
OG0000698	Prax	Prbg.g_01269	Prax.g_00603
OG0000698	Prbi	Prbg.g_01269	Prbi.g_00992
OG0000698	Praa	Prbg.g_01269	Praa.g_00947
OG0000698	Prbd	Prbg.g_01269	Prbd.g_00247
OG0000698	Prae	Prbg.g_01269	Prae.g_00947
OG0000698	Pray	Prbg.g_01269	Pray.g_00494
OG0000698	Praz	Prbg.g_01269	Praz.g_01367
OG0000698	Prba	Prbg.g_01269	Prba.g_01354
OG0000698	Prbm	Prbg.g_01269	Prbm.g_00968
OG0000698	Prbb	Prbg.g_01269	Prbb.g_00971
OG0000698	Praj	Prbg.g_01269	Praj.g_00926
OG0000698	Prbc	Prbg.g_01269	Prbc.g_02016
OG0000698	Prbj	Prbg.g_01269	Prbj.g_02296
OG0000698	Prbk	Prbg.g_01269	Prbk.g_02352
OG0000698	Prbl	Prbg.g_01269	Prbl.g_02450
OG0000698	Praf	Prbg.g_01269	Praf.g_01419
OG0000698	Prah	Prbg.g_01269	Prah.g_00768
OG0000698	Syar	Prbg.g_01269	Syar.g_02567
OG0000698	Syat	Prbg.g_01269	Syat.g_00613
OG0000698	Syas	Prbg.g_01269	Syas.g_00417
OG0000698	Syap	Prbg.g_01269	Syap.g_01737
OG0000698	Syan	Prbg.g_01269	Syan.g_00498
OG0000698	Syao	Prbg.g_01269	Syao.g_00633
OG0000698	Syad	Prbg.g_01269	Syad.g_01786
OG0000698	Syaj	Prbg.g_01269	Syaj.g_00929
OG0000698	Syaa	Prbg.g_01269	Syaa.g_01389
OG0000698	Syae	Prbg.g_01269	Syae.g_00328
OG0000698	Syaf	Prbg.g_01269	Syaf.g_01811
OG0000698	Syai	Prbg.g_01269	Syai.g_01547
OG0000698	Syam	Prbg.g_01269	Syam.g_01094
OG0000698	Syac	Prbg.g_01269	Syac.g_01149
OG0000698	Syah	Prbg.g_01269	Syah.g_01592
OG0000698	Syag	Prbg.g_01269	Syag.g_00781
OG0000698	Syaq	Prbg.g_01269	Syaq.g_02451
OG0000698	Syak	Prbg.g_01269	Syak.g_00535
OG0000698	Syab	Prbg.g_01269	Syab.g_01412
OG0000698	Syal	Prbg.g_01269	Syal.g_02022
OG0000698	Pral	Prbg.g_01269	Pral.g_01649
OG0000698	Prat	Prbg.g_01269	Prat.g_00874
OG0000698	Pram	Prbg.g_01269	Pram.g_00922
OG0000698	Prbh	Prbg.g_01269	Prbh.g_01065
OG0000698	Prak	Prbg.g_01269	Prak.g_00955
OG0000698	Prap	Prbg.g_01269	Prap.g_00239
OG0000698	Prbe	Prbg.g_01269	Prbe.g_01332
OG0000698	Prbf	Prbg.g_01269	Prbf.g_01135
OG0000698	Prbn	Prbg.g_01269	Prbn.g_01436
OG0000699	Prai	Prbg.g_01270	Prai.g_01005
OG0000699	Prad	Prbg.g_01270	Prad.g_00202
OG0000699	Prac	Prbg.g_01270	Prac.g_01343
OG0000699	Praq	Prbg.g_01270	Praq.g_01532
OG0000699	Prar	Prbg.g_01270	Prar.g_01817
OG0000699	Pras	Prbg.g_01270	Pras.g_01843
OG0000699	Prau	Prbg.g_01270	Prau.g_00999
OG0000699	Prab	Prbg.g_01270	Prab.g_01026
OG0000699	Pran	Prbg.g_01270	Pran.g_00471
OG0000699	Prbi	Prbg.g_01270	Prbi.g_00993
OG0000699	Prae	Prbg.g_01270	Prae.g_00948
OG0000699	Pray	Prbg.g_01270	Pray.g_00495
OG0000699	Praz	Prbg.g_01270	Praz.g_01366
OG0000699	Prba	Prbg.g_01270	Prba.g_01353
OG0000699	Prag	Prbg.g_01270	Prag.g_00948
OG0000699	Praw	Prbg.g_01270	Praw.g_01555
OG0000699	Prav	Prbg.g_01270	Prav.g_00540
OG0000699	Prbd	Prbg.g_01270	Prbd.g_00248
OG0000699	Prao	Prbg.g_01270	Prao.g_00886
OG0000699	Praa	Prbg.g_01270	Praa.g_00948
OG0000699	Prax	Prbg.g_01270	Prax.g_00604
OG0000699	Praf	Prbg.g_01270	Praf.g_01417
OG0000699	Prah	Prbg.g_01270	Prah.g_00770
OG0000699	Prbj	Prbg.g_01270	Prbj.g_02294
OG0000699	Prbk	Prbg.g_01270	Prbk.g_02350
OG0000699	Prbl	Prbg.g_01270	Prbl.g_02452
OG0000699	Syak	Prbg.g_01270	Syak.g_00534
OG0000699	Syat	Prbg.g_01270	Syat.g_00611
OG0000699	Syap	Prbg.g_01270	Syap.g_01738
OG0000699	Syas	Prbg.g_01270	Syas.g_00419
OG0000699	Syag	Prbg.g_01270	Syag.g_00782
OG0000699	Syad	Prbg.g_01270	Syad.g_01785
OG0000699	Syaj	Prbg.g_01270	Syaj.g_00928
OG0000699	Syae	Prbg.g_01270	Syae.g_00330
OG0000699	Syaq	Prbg.g_01270	Syaq.g_02452
OG0000699	Syan	Prbg.g_01270	Syan.g_00500
OG0000699	Syao	Prbg.g_01270	Syao.g_00631
OG0000699	Syar	Prbg.g_01270	Syar.g_02566
OG0000699	Syaa	Prbg.g_01270	Syaa.g_01387
OG0000699	Syaf	Prbg.g_01270	Syaf.g_01813
OG0000699	Syai	Prbg.g_01270	Syai.g_01545
OG0000699	Syam	Prbg.g_01270	Syam.g_01096
OG0000699	Syac	Prbg.g_01270	Syac.g_01151
OG0000699	Syah	Prbg.g_01270	Syah.g_01594
OG0000699	Syab	Prbg.g_01270	Syab.g_01411
OG0000699	Syal	Prbg.g_01270	Syal.g_02021
OG0000699	Pram	Prbg.g_01270	Pram.g_00923
OG0000699	Prbh	Prbg.g_01270	Prbh.g_01066
OG0000699	Praj	Prbg.g_01270	Praj.g_00927
OG0000699	Prbb	Prbg.g_01270	Prbb.g_00972
OG0000699	Prbc	Prbg.g_01270	Prbc.g_02017
OG0000699	Prbm	Prbg.g_01270	Prbm.g_00969
OG0000699	Pral	Prbg.g_01270	Pral.g_01647
OG0000699	Prat	Prbg.g_01270	Prat.g_00876
OG0000699	Prak	Prbg.g_01270	Prak.g_00956
OG0000699	Prap	Prbg.g_01270	Prap.g_00240
OG0000699	Prbe	Prbg.g_01270	Prbe.g_01333
OG0000699	Prbf	Prbg.g_01270	Prbf.g_01134
OG0000699	Prbn	Prbg.g_01270	Prbn.g_01435
OG0000700	Prai	Prbg.g_01271	Prai.g_01004
OG0000700	Prab	Prbg.g_01271	Prab.g_01025
OG0000700	Pran	Prbg.g_01271	Pran.g_00472
OG0000700	Prag	Prbg.g_01271	Prag.g_00949
OG0000700	Praw	Prbg.g_01271	Praw.g_01554
OG0000700	Prav	Prbg.g_01271	Prav.g_00541
OG0000700	Prad	Prbg.g_01271	Prad.g_00201
OG0000700	Pras	Prbg.g_01271	Pras.g_01844
OG0000700	Prau	Prbg.g_01271	Prau.g_01000
OG0000700	Prar	Prbg.g_01271	Prar.g_01818
OG0000700	Prac	Prbg.g_01271	Prac.g_01342
OG0000700	Praq	Prbg.g_01271	Praq.g_01533
OG0000700	Prbi	Prbg.g_01271	Prbi.g_00994
OG0000700	Prbd	Prbg.g_01271	Prbd.g_00249
OG0000700	Pray	Prbg.g_01271	Pray.g_00496
OG0000700	Praz	Prbg.g_01271	Praz.g_01365
OG0000700	Prba	Prbg.g_01271	Prba.g_01352
OG0000700	Prao	Prbg.g_01271	Prao.g_00887
OG0000700	Prae	Prbg.g_01271	Prae.g_00949
OG0000700	Praa	Prbg.g_01271	Praa.g_00949
OG0000700	Prax	Prbg.g_01271	Prax.g_00605
OG0000700	Prbc	Prbg.g_01271	Prbc.g_02018
OG0000700	Praj	Prbg.g_01271	Praj.g_00928
OG0000700	Prbb	Prbg.g_01271	Prbb.g_00973
OG0000700	Prbm	Prbg.g_01271	Prbm.g_00970
OG0000700	Praf	Prbg.g_01271	Praf.g_01416
OG0000700	Prbj	Prbg.g_01271	Prbj.g_02293
OG0000700	Prbk	Prbg.g_01271	Prbk.g_02349
OG0000700	Prbl	Prbg.g_01271	Prbl.g_02453
OG0000700	Prah	Prbg.g_01271	Prah.g_00771
OG0000700	Syar	Prbg.g_01271	Syar.g_02565
OG0000700	Syap	Prbg.g_01271	Syap.g_01739
OG0000700	Syas	Prbg.g_01271	Syas.g_00420
OG0000700	Syat	Prbg.g_01271	Syat.g_00610
OG0000700	Syan	Prbg.g_01271	Syan.g_00501
OG0000700	Syao	Prbg.g_01271	Syao.g_00630
OG0000700	Syak	Prbg.g_01271	Syak.g_00533
OG0000700	Syab	Prbg.g_01271	Syab.g_01410
OG0000700	Syal	Prbg.g_01271	Syal.g_02020
OG0000700	Syag	Prbg.g_01271	Syag.g_00783
OG0000700	Syad	Prbg.g_01271	Syad.g_01784
OG0000700	Syaj	Prbg.g_01271	Syaj.g_00927
OG0000700	Syaf	Prbg.g_01271	Syaf.g_01814
OG0000700	Syai	Prbg.g_01271	Syai.g_01544
OG0000700	Syam	Prbg.g_01271	Syam.g_01097
OG0000700	Syac	Prbg.g_01271	Syac.g_01152
OG0000700	Syah	Prbg.g_01271	Syah.g_01595
OG0000700	Syaa	Prbg.g_01271	Syaa.g_01386
OG0000700	Syae	Prbg.g_01271	Syae.g_00331
OG0000700	Syaq	Prbg.g_01271	Syaq.g_02453
OG0000700	Pral	Prbg.g_01271	Pral.g_01646
OG0000700	Prat	Prbg.g_01271	Prat.g_00877
OG0000700	Pram	Prbg.g_01271	Pram.g_00924
OG0000700	Prbh	Prbg.g_01271	Prbh.g_01067
OG0000700	Prak	Prbg.g_01271	Prak.g_00957
OG0000700	Prap	Prbg.g_01271	Prap.g_00241
OG0000700	Prbe	Prbg.g_01271	Prbe.g_01334
OG0000700	Prbf	Prbg.g_01271	Prbf.g_01133
OG0000700	Prbn	Prbg.g_01271	Prbn.g_01434
OG0000701	Prai	Prbg.g_01272	Prai.g_01003
OG0000701	Prab	Prbg.g_01272	Prab.g_01024
OG0000701	Pran	Prbg.g_01272	Pran.g_00473
OG0000701	Prag	Prbg.g_01272	Prag.g_00950
OG0000701	Praw	Prbg.g_01272	Praw.g_01553
OG0000701	Prav	Prbg.g_01272	Prav.g_00542
OG0000701	Prbi	Prbg.g_01272	Prbi.g_00995
OG0000701	Prax	Prbg.g_01272	Prax.g_00606
OG0000701	Prac	Prbg.g_01272	Prac.g_01341
OG0000701	Praq	Prbg.g_01272	Praq.g_01534
OG0000701	Prar	Prbg.g_01272	Prar.g_01819
OG0000701	Pras	Prbg.g_01272	Pras.g_01845
OG0000701	Prau	Prbg.g_01272	Prau.g_01001
OG0000701	Praa	Prbg.g_01272	Praa.g_00950
OG0000701	Prao	Prbg.g_01272	Prao.g_00888
OG0000701	Prae	Prbg.g_01272	Prae.g_00950
OG0000701	Pray	Prbg.g_01272	Pray.g_00497
OG0000701	Praz	Prbg.g_01272	Praz.g_01364
OG0000701	Prba	Prbg.g_01272	Prba.g_01351
OG0000701	Prad	Prbg.g_01272	Prad.g_00200
OG0000701	Prbd	Prbg.g_01272	Prbd.g_00250
OG0000701	Syaa	Prbg.g_01272	Syaa.g_01385
OG0000701	Syae	Prbg.g_01272	Syae.g_00332
OG0000701	Syac	Prbg.g_01272	Syac.g_01153
OG0000701	Syah	Prbg.g_01272	Syah.g_01596
OG0000701	Syai	Prbg.g_01272	Syai.g_01543
OG0000701	Syaf	Prbg.g_01272	Syaf.g_01815
OG0000701	Syam	Prbg.g_01272	Syam.g_01098
OG0000701	Syad	Prbg.g_01272	Syad.g_01783
OG0000701	Syaj	Prbg.g_01272	Syaj.g_00926
OG0000701	Syab	Prbg.g_01272	Syab.g_01409
OG0000701	Syal	Prbg.g_01272	Syal.g_02019
OG0000701	Syak	Prbg.g_01272	Syak.g_00532
OG0000701	Syaq	Prbg.g_01272	Syaq.g_02454
OG0000701	Syag	Prbg.g_01272	Syag.g_00784
OG0000701	Syas	Prbg.g_01272	Syas.g_00421
OG0000701	Syar	Prbg.g_01272	Syar.g_02564
OG0000701	Syan	Prbg.g_01272	Syan.g_00502
OG0000701	Syao	Prbg.g_01272	Syao.g_00629
OG0000701	Syap	Prbg.g_01272	Syap.g_01740
OG0000701	Syat	Prbg.g_01272	Syat.g_00609
OG0000701	Prah	Prbg.g_01272	Prah.g_00772
OG0000701	Praf	Prbg.g_01272	Praf.g_01415
OG0000701	Prbj	Prbg.g_01272	Prbj.g_02292
OG0000701	Prbk	Prbg.g_01272	Prbk.g_02348
OG0000701	Prbl	Prbg.g_01272	Prbl.g_02454
OG0000701	Prbb	Prbg.g_01272	Prbb.g_00974
OG0000701	Praj	Prbg.g_01272	Praj.g_00929
OG0000701	Prbc	Prbg.g_01272	Prbc.g_02019
OG0000701	Prbm	Prbg.g_01272	Prbm.g_00971
OG0000701	Pral	Prbg.g_01272	Pral.g_01645
OG0000701	Prat	Prbg.g_01272	Prat.g_00878
OG0000701	Pram	Prbg.g_01272	Pram.g_00925
OG0000701	Prbh	Prbg.g_01272	Prbh.g_01068
OG0000701	Prak	Prbg.g_01272	Prak.g_00958
OG0000701	Prap	Prbg.g_01272	Prap.g_00242
OG0000701	Prbe	Prbg.g_01272	Prbe.g_01335
OG0000701	Prbf	Prbg.g_01272	Prbf.g_01132
OG0000701	Prbn	Prbg.g_01272	Prbn.g_01433
OG0000702	Prao	Prbg.g_01274	Prao.g_00890
OG0000702	Prae	Prbg.g_01274	Prae.g_00952
OG0000702	Prab	Prbg.g_01274	Prab.g_01022
OG0000702	Pran	Prbg.g_01274	Pran.g_00475
OG0000702	Prai	Prbg.g_01274	Prai.g_01001
OG0000702	Pras	Prbg.g_01274	Pras.g_01847
OG0000702	Prau	Prbg.g_01274	Prau.g_01003
OG0000702	Prax	Prbg.g_01274	Prax.g_00608
OG0000702	Prag	Prbg.g_01274	Prag.g_00952
OG0000702	Praw	Prbg.g_01274	Praw.g_01551
OG0000702	Pray	Prbg.g_01274	Pray.g_00499
OG0000702	Praz	Prbg.g_01274	Praz.g_01362
OG0000702	Prba	Prbg.g_01274	Prba.g_01349
OG0000702	Prbi	Prbg.g_01274	Prbi.g_00997
OG0000702	Prad	Prbg.g_01274	Prad.g_00198
OG0000702	Praa	Prbg.g_01274	Praa.g_00952
OG0000702	Prbd	Prbg.g_01274	Prbd.g_00252
OG0000702	Prac	Prbg.g_01274	Prac.g_01339
OG0000702	Praq	Prbg.g_01274	Praq.g_01536
OG0000702	Prar	Prbg.g_01274	Prar.g_01821
OG0000702	Prav	Prbg.g_01274	Prav.g_00544
OG0000702	Pram	Prbg.g_01274	Pram.g_00927
OG0000702	Prbh	Prbg.g_01274	Prbh.g_01070
OG0000702	Pral	Prbg.g_01274	Pral.g_01643
OG0000702	Prat	Prbg.g_01274	Prat.g_00880
OG0000702	Praj	Prbg.g_01274	Praj.g_00931
OG0000702	Prbb	Prbg.g_01274	Prbb.g_00976
OG0000702	Prbc	Prbg.g_01274	Prbc.g_02021
OG0000702	Prbm	Prbg.g_01274	Prbm.g_00973
OG0000702	Syag	Prbg.g_01274	Syag.g_00792
OG0000702	Praf	Prbg.g_01274	Praf.g_01408
OG0000702	Prah	Prbg.g_01274	Prah.g_00780
OG0000702	Prbj	Prbg.g_01274	Prbj.g_02284
OG0000702	Prbk	Prbg.g_01274	Prbk.g_02340
OG0000702	Prbl	Prbg.g_01274	Prbl.g_02462
OG0000702	Syaf	Prbg.g_01274	Syaf.g_01843
OG0000702	Syai	Prbg.g_01274	Syai.g_01521
OG0000702	Syam	Prbg.g_01274	Syam.g_01106
OG0000702	Syac	Prbg.g_01274	Syac.g_01161
OG0000702	Syah	Prbg.g_01274	Syah.g_01604
OG0000702	Syao	Prbg.g_01274	Syao.g_00705
OG0000702	Syas	Prbg.g_01274	Syas.g_00437
OG0000702	Syar	Prbg.g_01274	Syar.g_02559
OG0000702	Syat	Prbg.g_01274	Syat.g_00606
OG0000702	Syan	Prbg.g_01274	Syan.g_00534
OG0000702	Syap	Prbg.g_01274	Syap.g_01747
OG0000702	Syaq	Prbg.g_01274	Syaq.g_02467
OG0000702	Syak	Prbg.g_01274	Syak.g_00522
OG0000702	Syab	Prbg.g_01274	Syab.g_01401
OG0000702	Syal	Prbg.g_01274	Syal.g_02011
OG0000702	Syae	Prbg.g_01274	Syae.g_00341
OG0000702	Syad	Prbg.g_01274	Syad.g_01775
OG0000702	Syaa	Prbg.g_01274	Syaa.g_01376
OG0000702	Syaj	Prbg.g_01274	Syaj.g_00916
OG0000702	Prak	Prbg.g_01274	Prak.g_00960
OG0000702	Prap	Prbg.g_01274	Prap.g_00244
OG0000702	Prbe	Prbg.g_01274	Prbe.g_01337
OG0000702	Prbf	Prbg.g_01274	Prbf.g_01130
OG0000702	Prbn	Prbg.g_01274	Prbn.g_01431
OG0000703	Prab	Prbg.g_01275	Prab.g_01021
OG0000703	Pran	Prbg.g_01275	Pran.g_00476
OG0000703	Prai	Prbg.g_01275	Prai.g_01000
OG0000703	Prav	Prbg.g_01275	Prav.g_00545
OG0000703	Prag	Prbg.g_01275	Prag.g_00953
OG0000703	Praw	Prbg.g_01275	Praw.g_01550
OG0000703	Prac	Prbg.g_01275	Prac.g_01338
OG0000703	Praq	Prbg.g_01275	Praq.g_01537
OG0000703	Prar	Prbg.g_01275	Prar.g_01822
OG0000703	Prad	Prbg.g_01275	Prad.g_00197
OG0000703	Prbi	Prbg.g_01275	Prbi.g_00998
OG0000703	Pray	Prbg.g_01275	Pray.g_00500
OG0000703	Praz	Prbg.g_01275	Praz.g_01361
OG0000703	Prba	Prbg.g_01275	Prba.g_01348
OG0000703	Pras	Prbg.g_01275	Pras.g_01848
OG0000703	Prau	Prbg.g_01275	Prau.g_01004
OG0000703	Prao	Prbg.g_01275	Prao.g_00891
OG0000703	Prae	Prbg.g_01275	Prae.g_00953
OG0000703	Prax	Prbg.g_01275	Prax.g_00609
OG0000703	Praa	Prbg.g_01275	Praa.g_00953
OG0000703	Prbd	Prbg.g_01275	Prbd.g_00253
OG0000703	Prbb	Prbg.g_01275	Prbb.g_00977
OG0000703	Prbc	Prbg.g_01275	Prbc.g_02022
OG0000703	Praj	Prbg.g_01275	Praj.g_00932
OG0000703	Prbm	Prbg.g_01275	Prbm.g_00974
OG0000703	Prbj	Prbg.g_01275	Prbj.g_02283
OG0000703	Prbk	Prbg.g_01275	Prbk.g_02339
OG0000703	Prbl	Prbg.g_01275	Prbl.g_02463
OG0000703	Praf	Prbg.g_01275	Praf.g_01407
OG0000703	Prah	Prbg.g_01275	Prah.g_00781
OG0000703	Syab	Prbg.g_01275	Syab.g_01400
OG0000703	Syal	Prbg.g_01275	Syal.g_02010
OG0000703	Syak	Prbg.g_01275	Syak.g_00521
OG0000703	Syae	Prbg.g_01275	Syae.g_00342
OG0000703	Syac	Prbg.g_01275	Syac.g_01162
OG0000703	Syah	Prbg.g_01275	Syah.g_01605
OG0000703	Syaa	Prbg.g_01275	Syaa.g_01375
OG0000703	Syaf	Prbg.g_01275	Syaf.g_01844
OG0000703	Syai	Prbg.g_01275	Syai.g_01520
OG0000703	Syam	Prbg.g_01275	Syam.g_01107
OG0000703	Syad	Prbg.g_01275	Syad.g_01774
OG0000703	Syaj	Prbg.g_01275	Syaj.g_00915
OG0000703	Syag	Prbg.g_01275	Syag.g_00793
OG0000703	Syaq	Prbg.g_01275	Syaq.g_02468
OG0000703	Syar	Prbg.g_01275	Syar.g_02557
OG0000703	Syat	Prbg.g_01275	Syat.g_00601
OG0000703	Syao	Prbg.g_01275	Syao.g_00693
OG0000703	Syan	Prbg.g_01275	Syan.g_00546
OG0000703	Syap	Prbg.g_01275	Syap.g_01750
OG0000703	Syas	Prbg.g_01275	Syas.g_00438
OG0000703	Prat	Prbg.g_01275	Prat.g_00881
OG0000703	Pral	Prbg.g_01275	Pral.g_01642
OG0000703	Pram	Prbg.g_01275	Pram.g_00928
OG0000703	Prbh	Prbg.g_01275	Prbh.g_01071
OG0000703	Prak	Prbg.g_01275	Prak.g_00961
OG0000703	Prap	Prbg.g_01275	Prap.g_00245
OG0000703	Prbe	Prbg.g_01275	Prbe.g_01338
OG0000703	Prbf	Prbg.g_01275	Prbf.g_01129
OG0000703	Prbn	Prbg.g_01275	Prbn.g_01430
OG0000704	Prab	Prbg.g_01277	Prab.g_01020
OG0000704	Pran	Prbg.g_01277	Pran.g_00477
OG0000704	Prai	Prbg.g_01277	Prai.g_00999
OG0000704	Prac	Prbg.g_01277	Prac.g_01337
OG0000704	Praq	Prbg.g_01277	Praq.g_01538
OG0000704	Prar	Prbg.g_01277	Prar.g_01823
OG0000704	Prag	Prbg.g_01277	Prag.g_00954
OG0000704	Praw	Prbg.g_01277	Praw.g_01549
OG0000704	Prav	Prbg.g_01277	Prav.g_00546
OG0000704	Prao	Prbg.g_01277	Prao.g_00892
OG0000704	Praa	Prbg.g_01277	Praa.g_00954
OG0000704	Prbd	Prbg.g_01277	Prbd.g_00254
OG0000704	Prax	Prbg.g_01277	Prax.g_00610
OG0000704	Prae	Prbg.g_01277	Prae.g_00954
OG0000704	Prad	Prbg.g_01277	Prad.g_00196
OG0000704	Pray	Prbg.g_01277	Pray.g_00501
OG0000704	Praz	Prbg.g_01277	Praz.g_01360
OG0000704	Prba	Prbg.g_01277	Prba.g_01347
OG0000704	Prbi	Prbg.g_01277	Prbi.g_00999
OG0000704	Pras	Prbg.g_01277	Pras.g_01849
OG0000704	Prau	Prbg.g_01277	Prau.g_01005
OG0000704	Praj	Prbg.g_01277	Praj.g_00933
OG0000704	Prbb	Prbg.g_01277	Prbb.g_00978
OG0000704	Prbc	Prbg.g_01277	Prbc.g_02023
OG0000704	Prbm	Prbg.g_01277	Prbm.g_00975
OG0000704	Syaq	Prbg.g_01277	Syaq.g_02470
OG0000704	Prah	Prbg.g_01277	Prah.g_00783
OG0000704	Praf	Prbg.g_01277	Praf.g_01405
OG0000704	Prbj	Prbg.g_01277	Prbj.g_02281
OG0000704	Prbk	Prbg.g_01277	Prbk.g_02337
OG0000704	Prbl	Prbg.g_01277	Prbl.g_02465
OG0000704	Syae	Prbg.g_01277	Syae.g_00345
OG0000704	Syad	Prbg.g_01277	Syad.g_01772
OG0000704	Syaj	Prbg.g_01277	Syaj.g_00913
OG0000704	Syaa	Prbg.g_01277	Syaa.g_01373
OG0000704	Syac	Prbg.g_01277	Syac.g_01165
OG0000704	Syah	Prbg.g_01277	Syah.g_01608
OG0000704	Syaf	Prbg.g_01277	Syaf.g_01846
OG0000704	Syai	Prbg.g_01277	Syai.g_01518
OG0000704	Syam	Prbg.g_01277	Syam.g_01109
OG0000704	Syab	Prbg.g_01277	Syab.g_01398
OG0000704	Syal	Prbg.g_01277	Syal.g_02008
OG0000704	Syak	Prbg.g_01277	Syak.g_00519
OG0000704	Syag	Prbg.g_01277	Syag.g_00795
OG0000704	Syar	Prbg.g_01277	Syar.g_02555
OG0000704	Syan	Prbg.g_01277	Syan.g_00550
OG0000704	Syao	Prbg.g_01277	Syao.g_00689
OG0000704	Syat	Prbg.g_01277	Syat.g_00599
OG0000704	Syap	Prbg.g_01277	Syap.g_01753
OG0000704	Syas	Prbg.g_01277	Syas.g_00446
OG0000704	Pral	Prbg.g_01277	Pral.g_01640
OG0000704	Prat	Prbg.g_01277	Prat.g_00883
OG0000704	Pram	Prbg.g_01277	Pram.g_00930
OG0000704	Prbh	Prbg.g_01277	Prbh.g_01073
OG0000704	Prak	Prbg.g_01277	Prak.g_00963
OG0000704	Prap	Prbg.g_01277	Prap.g_00247
OG0000704	Prbe	Prbg.g_01277	Prbe.g_01340
OG0000704	Prbf	Prbg.g_01277	Prbf.g_01127
OG0000704	Prbn	Prbg.g_01277	Prbn.g_01428
OG0000705	Prab	Prbg.g_01280	Prab.g_01016
OG0000705	Pran	Prbg.g_01280	Pran.g_00481
OG0000705	Prai	Prbg.g_01280	Prai.g_00995
OG0000705	Prac	Prbg.g_01280	Prac.g_01333
OG0000705	Praq	Prbg.g_01280	Praq.g_01542
OG0000705	Prar	Prbg.g_01280	Prar.g_01827
OG0000705	Prav	Prbg.g_01280	Prav.g_00550
OG0000705	Prbi	Prbg.g_01280	Prbi.g_01003
OG0000705	Prag	Prbg.g_01280	Prag.g_00958
OG0000705	Praw	Prbg.g_01280	Praw.g_01545
OG0000705	Pray	Prbg.g_01280	Pray.g_00505
OG0000705	Praz	Prbg.g_01280	Praz.g_01356
OG0000705	Prba	Prbg.g_01280	Prba.g_01343
OG0000705	Prao	Prbg.g_01280	Prao.g_00896
OG0000705	Prae	Prbg.g_01280	Prae.g_00958
OG0000705	Pras	Prbg.g_01280	Pras.g_01853
OG0000705	Prau	Prbg.g_01280	Prau.g_01009
OG0000705	Prad	Prbg.g_01280	Prad.g_00192
OG0000705	Praa	Prbg.g_01280	Praa.g_00958
OG0000705	Prbd	Prbg.g_01280	Prbd.g_00258
OG0000705	Prax	Prbg.g_01280	Prax.g_00614
OG0000705	Prbm	Prbg.g_01280	Prbm.g_00981
OG0000705	Prbc	Prbg.g_01280	Prbc.g_02029
OG0000705	Praj	Prbg.g_01280	Praj.g_00939
OG0000705	Prbb	Prbg.g_01280	Prbb.g_00984
OG0000705	Syap	Prbg.g_01280	Syap.g_02022
OG0000705	Syan	Prbg.g_01280	Syan.g_00557
OG0000705	Syao	Prbg.g_01280	Syao.g_00682
OG0000705	Syas	Prbg.g_01280	Syas.g_00453
OG0000705	Syar	Prbg.g_01280	Syar.g_02547
OG0000705	Syat	Prbg.g_01280	Syat.g_00592
OG0000705	Prbj	Prbg.g_01280	Prbj.g_02275
OG0000705	Prbk	Prbg.g_01280	Prbk.g_02331
OG0000705	Prbl	Prbg.g_01280	Prbl.g_02471
OG0000705	Praf	Prbg.g_01280	Praf.g_01399
OG0000705	Prah	Prbg.g_01280	Prah.g_00789
OG0000705	Syag	Prbg.g_01280	Syag.g_00802
OG0000705	Syaq	Prbg.g_01280	Syaq.g_02477
OG0000705	Syak	Prbg.g_01280	Syak.g_00511
OG0000705	Syab	Prbg.g_01280	Syab.g_01391
OG0000705	Syal	Prbg.g_01280	Syal.g_01999
OG0000705	Syad	Prbg.g_01280	Syad.g_01765
OG0000705	Syaj	Prbg.g_01280	Syaj.g_00906
OG0000705	Syae	Prbg.g_01280	Syae.g_00352
OG0000705	Syac	Prbg.g_01280	Syac.g_01174
OG0000705	Syah	Prbg.g_01280	Syah.g_01614
OG0000705	Syaa	Prbg.g_01280	Syaa.g_01365
OG0000705	Syaf	Prbg.g_01280	Syaf.g_01853
OG0000705	Syai	Prbg.g_01280	Syai.g_01511
OG0000705	Syam	Prbg.g_01280	Syam.g_01116
OG0000705	Pral	Prbg.g_01280	Pral.g_01634
OG0000705	Prat	Prbg.g_01280	Prat.g_00889
OG0000705	Pram	Prbg.g_01280	Pram.g_00936
OG0000705	Prbh	Prbg.g_01280	Prbh.g_01079
OG0000705	Prak	Prbg.g_01280	Prak.g_00966
OG0000705	Prap	Prbg.g_01280	Prap.g_00250
OG0000705	Prbe	Prbg.g_01280	Prbe.g_01343
OG0000705	Prbf	Prbg.g_01280	Prbf.g_01124
OG0000705	Prbn	Prbg.g_01280	Prbn.g_01425
OG0000706	Prab	Prbg.g_01281	Prab.g_01015
OG0000706	Pran	Prbg.g_01281	Pran.g_00482
OG0000706	Prai	Prbg.g_01281	Prai.g_00994
OG0000706	Prac	Prbg.g_01281	Prac.g_01332
OG0000706	Praq	Prbg.g_01281	Praq.g_01543
OG0000706	Prar	Prbg.g_01281	Prar.g_01828
OG0000706	Prag	Prbg.g_01281	Prag.g_00959
OG0000706	Praw	Prbg.g_01281	Praw.g_01544
OG0000706	Prao	Prbg.g_01281	Prao.g_00897
OG0000706	Prbi	Prbg.g_01281	Prbi.g_01004
OG0000706	Pray	Prbg.g_01281	Pray.g_00506
OG0000706	Praz	Prbg.g_01281	Praz.g_01355
OG0000706	Prba	Prbg.g_01281	Prba.g_01342
OG0000706	Pras	Prbg.g_01281	Pras.g_01854
OG0000706	Prau	Prbg.g_01281	Prau.g_01010
OG0000706	Prbd	Prbg.g_01281	Prbd.g_00259
OG0000706	Prae	Prbg.g_01281	Prae.g_00959
OG0000706	Prax	Prbg.g_01281	Prax.g_00615
OG0000706	Praa	Prbg.g_01281	Praa.g_00959
OG0000706	Prad	Prbg.g_01281	Prad.g_00191
OG0000706	Prav	Prbg.g_01281	Prav.g_00551
OG0000706	Prbb	Prbg.g_01281	Prbb.g_00985
OG0000706	Prbm	Prbg.g_01281	Prbm.g_00982
OG0000706	Prbc	Prbg.g_01281	Prbc.g_02030
OG0000706	Praj	Prbg.g_01281	Praj.g_00940
OG0000706	Syad	Prbg.g_01281	Syad.g_01764
OG0000706	Syaj	Prbg.g_01281	Syaj.g_00905
OG0000706	Syae	Prbg.g_01281	Syae.g_00353
OG0000706	Syaa	Prbg.g_01281	Syaa.g_01364
OG0000706	Syac	Prbg.g_01281	Syac.g_01175
OG0000706	Syah	Prbg.g_01281	Syah.g_01615
OG0000706	Syai	Prbg.g_01281	Syai.g_01510
OG0000706	Syaf	Prbg.g_01281	Syaf.g_01854
OG0000706	Syam	Prbg.g_01281	Syam.g_01117
OG0000706	Praf	Prbg.g_01281	Praf.g_01398
OG0000706	Prah	Prbg.g_01281	Prah.g_00790
OG0000706	Prbj	Prbg.g_01281	Prbj.g_02274
OG0000706	Prbk	Prbg.g_01281	Prbk.g_02330
OG0000706	Prbl	Prbg.g_01281	Prbl.g_02472
OG0000706	Syan	Prbg.g_01281	Syan.g_00558
OG0000706	Syao	Prbg.g_01281	Syao.g_00681
OG0000706	Syat	Prbg.g_01281	Syat.g_00591
OG0000706	Syas	Prbg.g_01281	Syas.g_00454
OG0000706	Syap	Prbg.g_01281	Syap.g_02020
OG0000706	Syar	Prbg.g_01281	Syar.g_02546
OG0000706	Syag	Prbg.g_01281	Syag.g_00803
OG0000706	Syaq	Prbg.g_01281	Syaq.g_02478
OG0000706	Syak	Prbg.g_01281	Syak.g_00510
OG0000706	Syab	Prbg.g_01281	Syab.g_01390
OG0000706	Syal	Prbg.g_01281	Syal.g_01998
OG0000706	Pral	Prbg.g_01281	Pral.g_01633
OG0000706	Prat	Prbg.g_01281	Prat.g_00890
OG0000706	Pram	Prbg.g_01281	Pram.g_00937
OG0000706	Prbh	Prbg.g_01281	Prbh.g_01080
OG0000706	Prak	Prbg.g_01281	Prak.g_00967
OG0000706	Prap	Prbg.g_01281	Prap.g_00251
OG0000706	Prbe	Prbg.g_01281	Prbe.g_01344
OG0000706	Prbf	Prbg.g_01281	Prbf.g_01123
OG0000706	Prbn	Prbg.g_01281	Prbn.g_01424
OG0000707	Prab	Prbg.g_01282	Prab.g_01014
OG0000707	Pran	Prbg.g_01282	Pran.g_00483
OG0000707	Prai	Prbg.g_01282	Prai.g_00993
OG0000707	Prad	Prbg.g_01282	Prad.g_00190
OG0000707	Prbi	Prbg.g_01282	Prbi.g_01005
OG0000707	Pray	Prbg.g_01282	Pray.g_00507
OG0000707	Praz	Prbg.g_01282	Praz.g_01354
OG0000707	Prba	Prbg.g_01282	Prba.g_01341
OG0000707	Prac	Prbg.g_01282	Prac.g_01331
OG0000707	Praq	Prbg.g_01282	Praq.g_01544
OG0000707	Prar	Prbg.g_01282	Prar.g_01829
OG0000707	Prao	Prbg.g_01282	Prao.g_00898
OG0000707	Prag	Prbg.g_01282	Prag.g_00960
OG0000707	Praw	Prbg.g_01282	Praw.g_01543
OG0000707	Prav	Prbg.g_01282	Prav.g_00552
OG0000707	Praa	Prbg.g_01282	Praa.g_00960
OG0000707	Prae	Prbg.g_01282	Prae.g_00960
OG0000707	Pras	Prbg.g_01282	Pras.g_01855
OG0000707	Prau	Prbg.g_01282	Prau.g_01011
OG0000707	Prbd	Prbg.g_01282	Prbd.g_00260
OG0000707	Prax	Prbg.g_01282	Prax.g_00616
OG0000707	Pral	Prbg.g_01282	Pral.g_01632
OG0000707	Prat	Prbg.g_01282	Prat.g_00891
OG0000707	Prbm	Prbg.g_01282	Prbm.g_00983
OG0000707	Praj	Prbg.g_01282	Praj.g_00941
OG0000707	Prbb	Prbg.g_01282	Prbb.g_00986
OG0000707	Prbc	Prbg.g_01282	Prbc.g_02031
OG0000707	Syak	Prbg.g_01282	Syak.g_00509
OG0000707	Syab	Prbg.g_01282	Syab.g_01389
OG0000707	Syal	Prbg.g_01282	Syal.g_01997
OG0000707	Syag	Prbg.g_01282	Syag.g_00804
OG0000707	Syaq	Prbg.g_01282	Syaq.g_02479
OG0000707	Prbj	Prbg.g_01282	Prbj.g_02273
OG0000707	Prbk	Prbg.g_01282	Prbk.g_02329
OG0000707	Prbl	Prbg.g_01282	Prbl.g_02473
OG0000707	Praf	Prbg.g_01282	Praf.g_01397
OG0000707	Prah	Prbg.g_01282	Prah.g_00791
OG0000707	Syat	Prbg.g_01282	Syat.g_00590
OG0000707	Syap	Prbg.g_01282	Syap.g_02019
OG0000707	Syas	Prbg.g_01282	Syas.g_00455
OG0000707	Syar	Prbg.g_01282	Syar.g_02545
OG0000707	Syan	Prbg.g_01282	Syan.g_00559
OG0000707	Syao	Prbg.g_01282	Syao.g_00680
OG0000707	Syad	Prbg.g_01282	Syad.g_01763
OG0000707	Syaj	Prbg.g_01282	Syaj.g_00904
OG0000707	Syae	Prbg.g_01282	Syae.g_00354
OG0000707	Syaa	Prbg.g_01282	Syaa.g_01363
OG0000707	Syac	Prbg.g_01282	Syac.g_01176
OG0000707	Syah	Prbg.g_01282	Syah.g_01616
OG0000707	Syaf	Prbg.g_01282	Syaf.g_01855
OG0000707	Syai	Prbg.g_01282	Syai.g_01509
OG0000707	Syam	Prbg.g_01282	Syam.g_01118
OG0000707	Pram	Prbg.g_01282	Pram.g_00938
OG0000707	Prbh	Prbg.g_01282	Prbh.g_01081
OG0000707	Prak	Prbg.g_01282	Prak.g_00968
OG0000707	Prap	Prbg.g_01282	Prap.g_00252
OG0000707	Prbe	Prbg.g_01282	Prbe.g_01345
OG0000707	Prbf	Prbg.g_01282	Prbf.g_01122
OG0000707	Prbn	Prbg.g_01282	Prbn.g_01423
OG0000708	Prab	Prbg.g_01284	Prab.g_01013
OG0000708	Pran	Prbg.g_01284	Pran.g_00484
OG0000708	Prai	Prbg.g_01284	Prai.g_00992
OG0000708	Prac	Prbg.g_01284	Prac.g_01330
OG0000708	Praq	Prbg.g_01284	Praq.g_01545
OG0000708	Prar	Prbg.g_01284	Prar.g_01830
OG0000708	Prag	Prbg.g_01284	Prag.g_00961
OG0000708	Praw	Prbg.g_01284	Praw.g_01542
OG0000708	Prao	Prbg.g_01284	Prao.g_00899
OG0000708	Prad	Prbg.g_01284	Prad.g_00189
OG0000708	Prav	Prbg.g_01284	Prav.g_00553
OG0000708	Prax	Prbg.g_01284	Prax.g_00617
OG0000708	Praa	Prbg.g_01284	Praa.g_00961
OG0000708	Prae	Prbg.g_01284	Prae.g_00961
OG0000708	Prbd	Prbg.g_01284	Prbd.g_00261
OG0000708	Pras	Prbg.g_01284	Pras.g_01856
OG0000708	Prau	Prbg.g_01284	Prau.g_01012
OG0000708	Prbi	Prbg.g_01284	Prbi.g_01006
OG0000708	Pray	Prbg.g_01284	Pray.g_00508
OG0000708	Praz	Prbg.g_01284	Praz.g_01353
OG0000708	Prba	Prbg.g_01284	Prba.g_01340
OG0000708	Pral	Prbg.g_01284	Pral.g_01630
OG0000708	Prat	Prbg.g_01284	Prat.g_00893
OG0000708	Prbb	Prbg.g_01284	Prbb.g_00988
OG0000708	Praj	Prbg.g_01284	Praj.g_00943
OG0000708	Prbc	Prbg.g_01284	Prbc.g_02033
OG0000708	Prbm	Prbg.g_01284	Prbm.g_00985
OG0000708	Prah	Prbg.g_01284	Prah.g_00793
OG0000708	Praf	Prbg.g_01284	Praf.g_01395
OG0000708	Prbj	Prbg.g_01284	Prbj.g_02271
OG0000708	Prbk	Prbg.g_01284	Prbk.g_02327
OG0000708	Prbl	Prbg.g_01284	Prbl.g_02475
OG0000708	Syaq	Prbg.g_01284	Syaq.g_02482
OG0000708	Syak	Prbg.g_01284	Syak.g_00506
OG0000708	Syab	Prbg.g_01284	Syab.g_01386
OG0000708	Syal	Prbg.g_01284	Syal.g_01994
OG0000708	Syag	Prbg.g_01284	Syag.g_00807
OG0000708	Syaa	Prbg.g_01284	Syaa.g_01360
OG0000708	Syaf	Prbg.g_01284	Syaf.g_01858
OG0000708	Syai	Prbg.g_01284	Syai.g_01506
OG0000708	Syam	Prbg.g_01284	Syam.g_01121
OG0000708	Syae	Prbg.g_01284	Syae.g_00357
OG0000708	Syac	Prbg.g_01284	Syac.g_01179
OG0000708	Syah	Prbg.g_01284	Syah.g_01619
OG0000708	Syad	Prbg.g_01284	Syad.g_01760
OG0000708	Syaj	Prbg.g_01284	Syaj.g_00901
OG0000708	Syan	Prbg.g_01284	Syan.g_00562
OG0000708	Syas	Prbg.g_01284	Syas.g_00458
OG0000708	Syao	Prbg.g_01284	Syao.g_00677
OG0000708	Syat	Prbg.g_01284	Syat.g_00587
OG0000708	Syap	Prbg.g_01284	Syap.g_02016
OG0000708	Syar	Prbg.g_01284	Syar.g_02542
OG0000708	Pram	Prbg.g_01284	Pram.g_00940
OG0000708	Prbh	Prbg.g_01284	Prbh.g_01083
OG0000708	Prak	Prbg.g_01284	Prak.g_00970
OG0000708	Prap	Prbg.g_01284	Prap.g_00254
OG0000708	Prbe	Prbg.g_01284	Prbe.g_01347
OG0000708	Prbf	Prbg.g_01284	Prbf.g_01120
OG0000708	Prbn	Prbg.g_01284	Prbn.g_01421
OG0000709	Prab	Prbg.g_01288	Prab.g_01009
OG0000709	Pran	Prbg.g_01288	Pran.g_00488
OG0000709	Prai	Prbg.g_01288	Prai.g_00988
OG0000709	Prac	Prbg.g_01288	Prac.g_01326
OG0000709	Praq	Prbg.g_01288	Praq.g_01549
OG0000709	Prar	Prbg.g_01288	Prar.g_01834
OG0000709	Prav	Prbg.g_01288	Prav.g_00557
OG0000709	Prag	Prbg.g_01288	Prag.g_00965
OG0000709	Praw	Prbg.g_01288	Praw.g_01538
OG0000709	Pras	Prbg.g_01288	Pras.g_01860
OG0000709	Prau	Prbg.g_01288	Prau.g_01016
OG0000709	Prad	Prbg.g_01288	Prad.g_00185
OG0000709	Praa	Prbg.g_01288	Praa.g_00965
OG0000709	Prbd	Prbg.g_01288	Prbd.g_00265
OG0000709	Prae	Prbg.g_01288	Prae.g_00965
OG0000709	Pray	Prbg.g_01288	Pray.g_00512
OG0000709	Praz	Prbg.g_01288	Praz.g_01349
OG0000709	Prba	Prbg.g_01288	Prba.g_01336
OG0000709	Prbi	Prbg.g_01288	Prbi.g_01010
OG0000709	Prax	Prbg.g_01288	Prax.g_01130
OG0000709	Prao	Prbg.g_01288	Prao.g_00903
OG0000709	Prbb	Prbg.g_01288	Prbb.g_00992
OG0000709	Praj	Prbg.g_01288	Praj.g_00947
OG0000709	Prbm	Prbg.g_01288	Prbm.g_00989
OG0000709	Prbc	Prbg.g_01288	Prbc.g_02037
OG0000709	Syap	Prbg.g_01288	Syap.g_00121
OG0000709	Syag	Prbg.g_01288	Syag.g_00816
OG0000709	Syaq	Prbg.g_01288	Syaq.g_02490
OG0000709	Syak	Prbg.g_01288	Syak.g_00498
OG0000709	Syab	Prbg.g_01288	Syab.g_01378
OG0000709	Syal	Prbg.g_01288	Syal.g_01986
OG0000709	Syaa	Prbg.g_01288	Syaa.g_01351
OG0000709	Syae	Prbg.g_01288	Syae.g_00365
OG0000709	Syad	Prbg.g_01288	Syad.g_01745
OG0000709	Syaj	Prbg.g_01288	Syaj.g_00872
OG0000709	Syac	Prbg.g_01288	Syac.g_01187
OG0000709	Syah	Prbg.g_01288	Syah.g_01627
OG0000709	Syaf	Prbg.g_01288	Syaf.g_01867
OG0000709	Syai	Prbg.g_01288	Syai.g_01497
OG0000709	Syam	Prbg.g_01288	Syam.g_01131
OG0000709	Prbj	Prbg.g_01288	Prbj.g_02264
OG0000709	Prbk	Prbg.g_01288	Prbk.g_02320
OG0000709	Prbl	Prbg.g_01288	Prbl.g_02482
OG0000709	Praf	Prbg.g_01288	Praf.g_01388
OG0000709	Prah	Prbg.g_01288	Prah.g_00800
OG0000709	Syan	Prbg.g_01288	Syan.g_00570
OG0000709	Syao	Prbg.g_01288	Syao.g_00670
OG0000709	Syas	Prbg.g_01288	Syas.g_00466
OG0000709	Syar	Prbg.g_01288	Syar.g_02534
OG0000709	Syat	Prbg.g_01288	Syat.g_00573
OG0000709	Pral	Prbg.g_01288	Pral.g_01626
OG0000709	Prat	Prbg.g_01288	Prat.g_00897
OG0000709	Pram	Prbg.g_01288	Pram.g_00944
OG0000709	Prbh	Prbg.g_01288	Prbh.g_01087
OG0000709	Prak	Prbg.g_01288	Prak.g_00974
OG0000709	Prap	Prbg.g_01288	Prap.g_00258
OG0000709	Prbe	Prbg.g_01288	Prbe.g_01351
OG0000709	Prbf	Prbg.g_01288	Prbf.g_01116
OG0000709	Prbn	Prbg.g_01288	Prbn.g_01417
OG0000710	Prab	Prbg.g_01291	Prab.g_01006
OG0000710	Pran	Prbg.g_01291	Pran.g_00491
OG0000710	Prai	Prbg.g_01291	Prai.g_00985
OG0000710	Prac	Prbg.g_01291	Prac.g_01323
OG0000710	Praq	Prbg.g_01291	Praq.g_01552
OG0000710	Prar	Prbg.g_01291	Prar.g_01837
OG0000710	Prav	Prbg.g_01291	Prav.g_00560
OG0000710	Prao	Prbg.g_01291	Prao.g_00906
OG0000710	Pras	Prbg.g_01291	Pras.g_01863
OG0000710	Prau	Prbg.g_01291	Prau.g_01019
OG0000710	Prag	Prbg.g_01291	Prag.g_00968
OG0000710	Praw	Prbg.g_01291	Praw.g_01535
OG0000710	Prbi	Prbg.g_01291	Prbi.g_01013
OG0000710	Prax	Prbg.g_01291	Prax.g_01133
OG0000710	Prbd	Prbg.g_01291	Prbd.g_00268
OG0000710	Praa	Prbg.g_01291	Praa.g_00968
OG0000710	Prae	Prbg.g_01291	Prae.g_00968
OG0000710	Prad	Prbg.g_01291	Prad.g_00182
OG0000710	Pray	Prbg.g_01291	Pray.g_00515
OG0000710	Praz	Prbg.g_01291	Praz.g_01346
OG0000710	Prba	Prbg.g_01291	Prba.g_01333
OG0000710	Praj	Prbg.g_01291	Praj.g_00950
OG0000710	Prbm	Prbg.g_01291	Prbm.g_00992
OG0000710	Prbb	Prbg.g_01291	Prbb.g_00995
OG0000710	Prbc	Prbg.g_01291	Prbc.g_02040
OG0000710	Pral	Prbg.g_01291	Pral.g_01623
OG0000710	Prat	Prbg.g_01291	Prat.g_00900
OG0000710	Syag	Prbg.g_01291	Syag.g_00820
OG0000710	Syaq	Prbg.g_01291	Syaq.g_02494
OG0000710	Syak	Prbg.g_01291	Syak.g_00494
OG0000710	Syab	Prbg.g_01291	Syab.g_01367
OG0000710	Syal	Prbg.g_01291	Syal.g_01982
OG0000710	Syao	Prbg.g_01291	Syao.g_00666
OG0000710	Syas	Prbg.g_01291	Syas.g_00497
OG0000710	Syat	Prbg.g_01291	Syat.g_00567
OG0000710	Syan	Prbg.g_01291	Syan.g_00574
OG0000710	Syar	Prbg.g_01291	Syar.g_02528
OG0000710	Syad	Prbg.g_01291	Syad.g_01738
OG0000710	Syaj	Prbg.g_01291	Syaj.g_00867
OG0000710	Syam	Prbg.g_01291	Syam.g_01135
OG0000710	Syaf	Prbg.g_01291	Syaf.g_01878
OG0000710	Syai	Prbg.g_01291	Syai.g_01487
OG0000710	Syac	Prbg.g_01291	Syac.g_01191
OG0000710	Syah	Prbg.g_01291	Syah.g_01631
OG0000710	Syae	Prbg.g_01291	Syae.g_00369
OG0000710	Syaa	Prbg.g_01291	Syaa.g_01348
OG0000710	Prbj	Prbg.g_01291	Prbj.g_02260
OG0000710	Prbk	Prbg.g_01291	Prbk.g_02316
OG0000710	Prbl	Prbg.g_01291	Prbl.g_02486
OG0000710	Prah	Prbg.g_01291	Prah.g_00805
OG0000710	Praf	Prbg.g_01291	Praf.g_01383, Praf.g_01384
OG0000710	Pram	Prbg.g_01291	Pram.g_00947
OG0000710	Prbh	Prbg.g_01291	Prbh.g_01090
OG0000710	Prak	Prbg.g_01291	Prak.g_00977
OG0000710	Prap	Prbg.g_01291	Prap.g_00261
OG0000710	Prbe	Prbg.g_01291	Prbe.g_01354
OG0000710	Prbf	Prbg.g_01291	Prbf.g_01113
OG0000710	Prbn	Prbg.g_01291	Prbn.g_01414
OG0000711	Prab	Prbg.g_01309	Prab.g_00989
OG0000711	Pran	Prbg.g_01309	Pran.g_00508
OG0000711	Prai	Prbg.g_01309	Prai.g_00968
OG0000711	Prac	Prbg.g_01309	Prac.g_01307
OG0000711	Praq	Prbg.g_01309	Praq.g_01568
OG0000711	Prar	Prbg.g_01309	Prar.g_01853
OG0000711	Prav	Prbg.g_01309	Prav.g_00577
OG0000711	Prad	Prbg.g_01309	Prad.g_00165
OG0000711	Prag	Prbg.g_01309	Prag.g_00985
OG0000711	Praw	Prbg.g_01309	Praw.g_01518
OG0000711	Pray	Prbg.g_01309	Pray.g_00532
OG0000711	Praz	Prbg.g_01309	Praz.g_01329
OG0000711	Prba	Prbg.g_01309	Prba.g_01316
OG0000711	Praa	Prbg.g_01309	Praa.g_00985
OG0000711	Prao	Prbg.g_01309	Prao.g_00923
OG0000711	Pras	Prbg.g_01309	Pras.g_01881
OG0000711	Prau	Prbg.g_01309	Prau.g_01036
OG0000711	Prae	Prbg.g_01309	Prae.g_00985
OG0000711	Prbi	Prbg.g_01309	Prbi.g_01030
OG0000711	Prax	Prbg.g_01309	Prax.g_01150
OG0000711	Prbd	Prbg.g_01309	Prbd.g_00285
OG0000711	Prbb	Prbg.g_01309	Prbb.g_01010
OG0000711	Praj	Prbg.g_01309	Praj.g_00966
OG0000711	Prbm	Prbg.g_01309	Prbm.g_01007
OG0000711	Prbc	Prbg.g_01309	Prbc.g_02055
OG0000711	Praf	Prbg.g_01309	Praf.g_01360
OG0000711	Prbj	Prbg.g_01309	Prbj.g_02237
OG0000711	Prbk	Prbg.g_01309	Prbk.g_02293
OG0000711	Prbl	Prbg.g_01309	Prbl.g_02508
OG0000711	Prah	Prbg.g_01309	Prah.g_00828
OG0000711	Syaq	Prbg.g_01309	Syaq.g_02521
OG0000711	Syag	Prbg.g_01309	Syag.g_00848
OG0000711	Syak	Prbg.g_01309	Syak.g_00466
OG0000711	Syab	Prbg.g_01309	Syab.g_01340
OG0000711	Syal	Prbg.g_01309	Syal.g_01954
OG0000711	Syaa	Prbg.g_01309	Syaa.g_01320
OG0000711	Syae	Prbg.g_01309	Syae.g_00398
OG0000711	Syad	Prbg.g_01309	Syad.g_01710
OG0000711	Syaj	Prbg.g_01309	Syaj.g_00839
OG0000711	Syaf	Prbg.g_01309	Syaf.g_01908
OG0000711	Syai	Prbg.g_01309	Syai.g_01456
OG0000711	Syam	Prbg.g_01309	Syam.g_01165
OG0000711	Syac	Prbg.g_01309	Syac.g_01220
OG0000711	Syah	Prbg.g_01309	Syah.g_01661
OG0000711	Syan	Prbg.g_01309	Syan.g_00607
OG0000711	Syao	Prbg.g_01309	Syao.g_00815
OG0000711	Syar	Prbg.g_01309	Syar.g_02499
OG0000711	Syat	Prbg.g_01309	Syat.g_00539
OG0000711	Syas	Prbg.g_01309	Syas.g_00546
OG0000711	Syap	Prbg.g_01309	Syap.g_02686
OG0000711	Pral	Prbg.g_01309	Pral.g_01579
OG0000711	Prat	Prbg.g_01309	Prat.g_00916
OG0000711	Pram	Prbg.g_01309	Pram.g_00963
OG0000711	Prbh	Prbg.g_01309	Prbh.g_01106
OG0000711	Prak	Prbg.g_01309	Prak.g_00995
OG0000711	Prap	Prbg.g_01309	Prap.g_00279
OG0000711	Prbe	Prbg.g_01309	Prbe.g_01372
OG0000711	Prbf	Prbg.g_01309	Prbf.g_01095
OG0000711	Prbn	Prbg.g_01309	Prbn.g_01396
OG0000712	Praa	Prbg.g_01310	Praa.g_00987
OG0000712	Prab	Prbg.g_01310	Prab.g_00987
OG0000712	Prac	Prbg.g_01310	Prac.g_01305
OG0000712	Prad	Prbg.g_01310	Prad.g_00163
OG0000712	Prae	Prbg.g_01310	Prae.g_00987
OG0000712	Prag	Prbg.g_01310	Prag.g_00987
OG0000712	Prai	Prbg.g_01310	Prai.g_00966
OG0000712	Pran	Prbg.g_01310	Pran.g_00510
OG0000712	Prao	Prbg.g_01310	Prao.g_00925
OG0000712	Praq	Prbg.g_01310	Praq.g_01570
OG0000712	Prar	Prbg.g_01310	Prar.g_01855
OG0000712	Pras	Prbg.g_01310	Pras.g_01883
OG0000712	Prau	Prbg.g_01310	Prau.g_01038
OG0000712	Prav	Prbg.g_01310	Prav.g_00579
OG0000712	Praw	Prbg.g_01310	Praw.g_01516
OG0000712	Prax	Prbg.g_01310	Prax.g_01152
OG0000712	Prbd	Prbg.g_01310	Prbd.g_00287
OG0000712	Prbi	Prbg.g_01310	Prbi.g_01032
OG0000712	Pray	Prbg.g_01310	Pray.g_00534
OG0000712	Praz	Prbg.g_01310	Praz.g_01327
OG0000712	Prba	Prbg.g_01310	Prba.g_01314
OG0000712	Pral	Prbg.g_01310	Pral.g_01580
OG0000712	Prat	Prbg.g_01310	Prat.g_00917
OG0000712	Pram	Prbg.g_01310	Pram.g_00964
OG0000712	Prbh	Prbg.g_01310	Prbh.g_01107
OG0000712	Praj	Prbg.g_01310	Praj.g_00968
OG0000712	Prbb	Prbg.g_01310	Prbb.g_01012
OG0000712	Prbc	Prbg.g_01310	Prbc.g_02057
OG0000712	Prbm	Prbg.g_01310	Prbm.g_01009
OG0000712	Praf	Prbg.g_01310	Praf.g_01359
OG0000712	Prah	Prbg.g_01310	Prah.g_00829
OG0000712	Prbj	Prbg.g_01310	Prbj.g_02236
OG0000712	Prbk	Prbg.g_01310	Prbk.g_02292
OG0000712	Prbl	Prbg.g_01310	Prbl.g_02509
OG0000712	Syan	Prbg.g_01310	Syan.g_00609
OG0000712	Syap	Prbg.g_01310	Syap.g_02688
OG0000712	Syao	Prbg.g_01310	Syao.g_00813
OG0000712	Syaa	Prbg.g_01310	Syaa.g_01318
OG0000712	Syab	Prbg.g_01310	Syab.g_01338
OG0000712	Syac	Prbg.g_01310	Syac.g_01221
OG0000712	Syad	Prbg.g_01310	Syad.g_01708
OG0000712	Syae	Prbg.g_01310	Syae.g_00400
OG0000712	Syaf	Prbg.g_01310	Syaf.g_01910
OG0000712	Syah	Prbg.g_01310	Syah.g_01662
OG0000712	Syai	Prbg.g_01310	Syai.g_01454
OG0000712	Syaj	Prbg.g_01310	Syaj.g_00837
OG0000712	Syak	Prbg.g_01310	Syak.g_00464
OG0000712	Syal	Prbg.g_01310	Syal.g_01952
OG0000712	Syam	Prbg.g_01310	Syam.g_01167
OG0000712	Syaq	Prbg.g_01310	Syaq.g_02523
OG0000712	Syas	Prbg.g_01310	Syas.g_00548
OG0000712	Syat	Prbg.g_01310	Syat.g_00537
OG0000712	Syag	Prbg.g_01310	Syag.g_00850
OG0000712	Syar	Prbg.g_01310	Syar.g_02497
OG0000712	Prak	Prbg.g_01310	Prak.g_00996
OG0000712	Prap	Prbg.g_01310	Prap.g_00280
OG0000712	Prbe	Prbg.g_01310	Prbe.g_01373
OG0000712	Prbf	Prbg.g_01310	Prbf.g_01094
OG0000712	Prbn	Prbg.g_01310	Prbn.g_01395
OG0000713	Prao	Prbg.g_01311	Prao.g_00926
OG0000713	Prac	Prbg.g_01311	Prac.g_01304
OG0000713	Praq	Prbg.g_01311	Praq.g_01571
OG0000713	Prar	Prbg.g_01311	Prar.g_01856
OG0000713	Pray	Prbg.g_01311	Pray.g_00535
OG0000713	Praz	Prbg.g_01311	Praz.g_01326
OG0000713	Prba	Prbg.g_01311	Prba.g_01313
OG0000713	Prae	Prbg.g_01311	Prae.g_00988
OG0000713	Prbi	Prbg.g_01311	Prbi.g_01033
OG0000713	Pras	Prbg.g_01311	Pras.g_01884
OG0000713	Prau	Prbg.g_01311	Prau.g_01039
OG0000713	Prax	Prbg.g_01311	Prax.g_01153
OG0000713	Praa	Prbg.g_01311	Praa.g_00988
OG0000713	Prbd	Prbg.g_01311	Prbd.g_00288
OG0000713	Prad	Prbg.g_01311	Prad.g_00162
OG0000713	Prag	Prbg.g_01311	Prag.g_00988
OG0000713	Praw	Prbg.g_01311	Praw.g_01515
OG0000713	Prav	Prbg.g_01311	Prav.g_00580
OG0000713	Prab	Prbg.g_01311	Prab.g_00986
OG0000713	Pran	Prbg.g_01311	Pran.g_00511
OG0000713	Prai	Prbg.g_01311	Prai.g_00965
OG0000713	Prbc	Prbg.g_01311	Prbc.g_02058
OG0000713	Prbm	Prbg.g_01311	Prbm.g_01010
OG0000713	Prbb	Prbg.g_01311	Prbb.g_01013
OG0000713	Praj	Prbg.g_01311	Praj.g_00969
OG0000713	Prbj	Prbg.g_01311	Prbj.g_02235
OG0000713	Prbl	Prbg.g_01311	Prbl.g_02510
OG0000713	Prbk	Prbg.g_01311	Prbk.g_00562
OG0000713	Praf	Prbg.g_01311	Praf.g_01358
OG0000713	Prah	Prbg.g_01311	Prah.g_00830
OG0000713	Syac	Prbg.g_01311	Syac.g_01222
OG0000713	Syah	Prbg.g_01311	Syah.g_01663
OG0000713	Syam	Prbg.g_01311	Syam.g_01168
OG0000713	Syaf	Prbg.g_01311	Syaf.g_01911
OG0000713	Syai	Prbg.g_01311	Syai.g_01453
OG0000713	Syae	Prbg.g_01311	Syae.g_00401
OG0000713	Syaa	Prbg.g_01311	Syaa.g_01317
OG0000713	Syad	Prbg.g_01311	Syad.g_01707
OG0000713	Syaj	Prbg.g_01311	Syaj.g_00836
OG0000713	Syar	Prbg.g_01311	Syar.g_02496
OG0000713	Syas	Prbg.g_01311	Syas.g_00549
OG0000713	Syat	Prbg.g_01311	Syat.g_00536
OG0000713	Syap	Prbg.g_01311	Syap.g_02689
OG0000713	Syao	Prbg.g_01311	Syao.g_00812
OG0000713	Syan	Prbg.g_01311	Syan.g_00610
OG0000713	Syab	Prbg.g_01311	Syab.g_01337
OG0000713	Syal	Prbg.g_01311	Syal.g_01951
OG0000713	Syag	Prbg.g_01311	Syag.g_00851
OG0000713	Syak	Prbg.g_01311	Syak.g_00463
OG0000713	Syaq	Prbg.g_01311	Syaq.g_02524
OG0000713	Pral	Prbg.g_01311	Pral.g_01581
OG0000713	Prat	Prbg.g_01311	Prat.g_00918
OG0000713	Pram	Prbg.g_01311	Pram.g_00965
OG0000713	Prbh	Prbg.g_01311	Prbh.g_01108
OG0000713	Prak	Prbg.g_01311	Prak.g_00997
OG0000713	Prap	Prbg.g_01311	Prap.g_00281
OG0000713	Prbe	Prbg.g_01311	Prbe.g_01374
OG0000713	Prbf	Prbg.g_01311	Prbf.g_01093
OG0000713	Prbn	Prbg.g_01311	Prbn.g_01394
OG0000714	Prab	Prbg.g_01312	Prab.g_00985
OG0000714	Pran	Prbg.g_01312	Pran.g_00512
OG0000714	Prai	Prbg.g_01312	Prai.g_00964
OG0000714	Prao	Prbg.g_01312	Prao.g_00927
OG0000714	Prac	Prbg.g_01312	Prac.g_01303
OG0000714	Praq	Prbg.g_01312	Praq.g_01572
OG0000714	Prar	Prbg.g_01312	Prar.g_01857
OG0000714	Prav	Prbg.g_01312	Prav.g_00581
OG0000714	Pray	Prbg.g_01312	Pray.g_00536
OG0000714	Praz	Prbg.g_01312	Praz.g_01325
OG0000714	Prba	Prbg.g_01312	Prba.g_01312
OG0000714	Prad	Prbg.g_01312	Prad.g_00161
OG0000714	Prag	Prbg.g_01312	Prag.g_00989
OG0000714	Praw	Prbg.g_01312	Praw.g_01514
OG0000714	Prae	Prbg.g_01312	Prae.g_00989
OG0000714	Pras	Prbg.g_01312	Pras.g_01885
OG0000714	Prau	Prbg.g_01312	Prau.g_01040
OG0000714	Prbi	Prbg.g_01312	Prbi.g_01034
OG0000714	Praa	Prbg.g_01312	Praa.g_00989
OG0000714	Prax	Prbg.g_01312	Prax.g_01154
OG0000714	Prbd	Prbg.g_01312	Prbd.g_00289
OG0000714	Praj	Prbg.g_01312	Praj.g_00970
OG0000714	Prbb	Prbg.g_01312	Prbb.g_01014
OG0000714	Prbc	Prbg.g_01312	Prbc.g_02059
OG0000714	Prbm	Prbg.g_01312	Prbm.g_01011
OG0000714	Syad	Prbg.g_01312	Syad.g_01705
OG0000714	Syaj	Prbg.g_01312	Syaj.g_00834
OG0000714	Syae	Prbg.g_01312	Syae.g_00403
OG0000714	Syaa	Prbg.g_01312	Syaa.g_01315
OG0000714	Syaf	Prbg.g_01312	Syaf.g_01913
OG0000714	Syam	Prbg.g_01312	Syam.g_01170
OG0000714	Syai	Prbg.g_01312	Syai.g_01451
OG0000714	Syac	Prbg.g_01312	Syac.g_01224
OG0000714	Syah	Prbg.g_01312	Syah.g_01665
OG0000714	Syas	Prbg.g_01312	Syas.g_00551
OG0000714	Syat	Prbg.g_01312	Syat.g_00532
OG0000714	Syap	Prbg.g_01312	Syap.g_02691
OG0000714	Syan	Prbg.g_01312	Syan.g_00624
OG0000714	Syao	Prbg.g_01312	Syao.g_00810
OG0000714	Syar	Prbg.g_01312	Syar.g_02494
OG0000714	Syab	Prbg.g_01312	Syab.g_01334
OG0000714	Syal	Prbg.g_01312	Syal.g_01948
OG0000714	Syak	Prbg.g_01312	Syak.g_00629
OG0000714	Syag	Prbg.g_01312	Syag.g_00853
OG0000714	Syaq	Prbg.g_01312	Syaq.g_02527
OG0000714	Prbj	Prbg.g_01312	Prbj.g_02231
OG0000714	Prbk	Prbg.g_01312	Prbk.g_00566
OG0000714	Prbl	Prbg.g_01312	Prbl.g_02514
OG0000714	Praf	Prbg.g_01312	Praf.g_01355
OG0000714	Prah	Prbg.g_01312	Prah.g_00833
OG0000714	Pral	Prbg.g_01312	Pral.g_01582
OG0000714	Prat	Prbg.g_01312	Prat.g_00919
OG0000714	Pram	Prbg.g_01312	Pram.g_00966
OG0000714	Prbh	Prbg.g_01312	Prbh.g_01109
OG0000714	Prak	Prbg.g_01312	Prak.g_00998
OG0000714	Prap	Prbg.g_01312	Prap.g_00282
OG0000714	Prbe	Prbg.g_01312	Prbe.g_01375
OG0000714	Prbf	Prbg.g_01312	Prbf.g_01092
OG0000714	Prbn	Prbg.g_01312	Prbn.g_01393
OG0000715	Prab	Prbg.g_01314	Prab.g_00983
OG0000715	Pran	Prbg.g_01314	Pran.g_00514
OG0000715	Prav	Prbg.g_01314	Prav.g_00583
OG0000715	Prad	Prbg.g_01314	Prad.g_00159
OG0000715	Pray	Prbg.g_01314	Pray.g_00538
OG0000715	Praz	Prbg.g_01314	Praz.g_01323
OG0000715	Prba	Prbg.g_01314	Prba.g_01310
OG0000715	Prbi	Prbg.g_01314	Prbi.g_01036
OG0000715	Prax	Prbg.g_01314	Prax.g_01156
OG0000715	Praa	Prbg.g_01314	Praa.g_00991
OG0000715	Prbd	Prbg.g_01314	Prbd.g_00291
OG0000715	Prae	Prbg.g_01314	Prae.g_00991
OG0000715	Pras	Prbg.g_01314	Pras.g_01887
OG0000715	Prau	Prbg.g_01314	Prau.g_01042
OG0000715	Prag	Prbg.g_01314	Prag.g_00991
OG0000715	Praw	Prbg.g_01314	Praw.g_01512
OG0000715	Prac	Prbg.g_01314	Prac.g_01301
OG0000715	Praq	Prbg.g_01314	Praq.g_01574
OG0000715	Prar	Prbg.g_01314	Prar.g_01859
OG0000715	Prao	Prbg.g_01314	Prao.g_00929
OG0000715	Prai	Prbg.g_01314	Prai.g_00962
OG0000715	Pral	Prbg.g_01314	Pral.g_01584
OG0000715	Prat	Prbg.g_01314	Prat.g_00921
OG0000715	Praj	Prbg.g_01314	Praj.g_00972
OG0000715	Prbb	Prbg.g_01314	Prbb.g_01016
OG0000715	Prbc	Prbg.g_01314	Prbc.g_02061
OG0000715	Prbm	Prbg.g_01314	Prbm.g_01013
OG0000715	Prah	Prbg.g_01314	Prah.g_00835
OG0000715	Praf	Prbg.g_01314	Praf.g_01353
OG0000715	Prbj	Prbg.g_01314	Prbj.g_02229
OG0000715	Prbk	Prbg.g_01314	Prbk.g_00568
OG0000715	Prbl	Prbg.g_01314	Prbl.g_02516
OG0000715	Syag	Prbg.g_01314	Syag.g_00855
OG0000715	Syaq	Prbg.g_01314	Syaq.g_02529
OG0000715	Syak	Prbg.g_01314	Syak.g_00631
OG0000715	Syab	Prbg.g_01314	Syab.g_01332
OG0000715	Syal	Prbg.g_01314	Syal.g_01934
OG0000715	Syar	Prbg.g_01314	Syar.g_02492
OG0000715	Syan	Prbg.g_01314	Syan.g_00626
OG0000715	Syao	Prbg.g_01314	Syao.g_00808
OG0000715	Syas	Prbg.g_01314	Syas.g_00553
OG0000715	Syap	Prbg.g_01314	Syap.g_02693
OG0000715	Syat	Prbg.g_01314	Syat.g_00530
OG0000715	Syac	Prbg.g_01314	Syac.g_01226
OG0000715	Syah	Prbg.g_01314	Syah.g_01667
OG0000715	Syaf	Prbg.g_01314	Syaf.g_01915
OG0000715	Syai	Prbg.g_01314	Syai.g_01449
OG0000715	Syam	Prbg.g_01314	Syam.g_01172
OG0000715	Syae	Prbg.g_01314	Syae.g_00405
OG0000715	Syad	Prbg.g_01314	Syad.g_01703
OG0000715	Syaj	Prbg.g_01314	Syaj.g_00832
OG0000715	Syaa	Prbg.g_01314	Syaa.g_01313
OG0000715	Pram	Prbg.g_01314	Pram.g_00968
OG0000715	Prbh	Prbg.g_01314	Prbh.g_01111
OG0000715	Prak	Prbg.g_01314	Prak.g_01000
OG0000715	Prap	Prbg.g_01314	Prap.g_00284
OG0000715	Prbe	Prbg.g_01314	Prbe.g_01377
OG0000715	Prbf	Prbg.g_01314	Prbf.g_01090
OG0000715	Prbn	Prbg.g_01314	Prbn.g_01391
OG0000716	Prac	Prbg.g_01316	Prac.g_01299
OG0000716	Praq	Prbg.g_01316	Praq.g_01576
OG0000716	Prar	Prbg.g_01316	Prar.g_01861
OG0000716	Prad	Prbg.g_01316	Prad.g_00157
OG0000716	Prao	Prbg.g_01316	Prao.g_00931
OG0000716	Prav	Prbg.g_01316	Prav.g_00585
OG0000716	Prag	Prbg.g_01316	Prag.g_00993
OG0000716	Praw	Prbg.g_01316	Praw.g_01510
OG0000716	Prbi	Prbg.g_01316	Prbi.g_01038
OG0000716	Prax	Prbg.g_01316	Prax.g_01158
OG0000716	Praa	Prbg.g_01316	Praa.g_00993
OG0000716	Prbd	Prbg.g_01316	Prbd.g_00293
OG0000716	Prae	Prbg.g_01316	Prae.g_00993
OG0000716	Pras	Prbg.g_01316	Pras.g_01889
OG0000716	Prau	Prbg.g_01316	Prau.g_01044
OG0000716	Pray	Prbg.g_01316	Pray.g_00540
OG0000716	Praz	Prbg.g_01316	Praz.g_01321
OG0000716	Prba	Prbg.g_01316	Prba.g_01308
OG0000716	Prab	Prbg.g_01316	Prab.g_00981
OG0000716	Pran	Prbg.g_01316	Pran.g_00516
OG0000716	Prai	Prbg.g_01316	Prai.g_00960
OG0000716	Prbm	Prbg.g_01316	Prbm.g_01014
OG0000716	Praj	Prbg.g_01316	Praj.g_00973
OG0000716	Prbb	Prbg.g_01316	Prbb.g_01017
OG0000716	Prbc	Prbg.g_01316	Prbc.g_02062
OG0000716	Prbj	Prbg.g_01316	Prbj.g_02225
OG0000716	Prbk	Prbg.g_01316	Prbk.g_00572
OG0000716	Prbl	Prbg.g_01316	Prbl.g_02520
OG0000716	Praf	Prbg.g_01316	Praf.g_01349
OG0000716	Prah	Prbg.g_01316	Prah.g_00839
OG0000716	Syak	Prbg.g_01316	Syak.g_00635
OG0000716	Syan	Prbg.g_01316	Syan.g_00630
OG0000716	Syao	Prbg.g_01316	Syao.g_00804
OG0000716	Syar	Prbg.g_01316	Syar.g_02488
OG0000716	Syat	Prbg.g_01316	Syat.g_00527
OG0000716	Syap	Prbg.g_01316	Syap.g_02696
OG0000716	Syas	Prbg.g_01316	Syas.g_00556
OG0000716	Syaq	Prbg.g_01316	Syaq.g_02533
OG0000716	Syag	Prbg.g_01316	Syag.g_00859
OG0000716	Syab	Prbg.g_01316	Syab.g_01328
OG0000716	Syal	Prbg.g_01316	Syal.g_01930
OG0000716	Syaa	Prbg.g_01316	Syaa.g_01309
OG0000716	Syae	Prbg.g_01316	Syae.g_00409
OG0000716	Syac	Prbg.g_01316	Syac.g_01230
OG0000716	Syah	Prbg.g_01316	Syah.g_01671
OG0000716	Syaf	Prbg.g_01316	Syaf.g_01919
OG0000716	Syai	Prbg.g_01316	Syai.g_01445
OG0000716	Syam	Prbg.g_01316	Syam.g_01176
OG0000716	Syad	Prbg.g_01316	Syad.g_01697
OG0000716	Syaj	Prbg.g_01316	Syaj.g_00825
OG0000716	Prat	Prbg.g_01316	Prat.g_00923
OG0000716	Pral	Prbg.g_01316	Pral.g_01586
OG0000716	Pram	Prbg.g_01316	Pram.g_00970
OG0000716	Prbh	Prbg.g_01316	Prbh.g_01113
OG0000716	Prak	Prbg.g_01316	Prak.g_01002
OG0000716	Prap	Prbg.g_01316	Prap.g_00286
OG0000716	Prbe	Prbg.g_01316	Prbe.g_01379
OG0000716	Prbf	Prbg.g_01316	Prbf.g_01088
OG0000716	Prbn	Prbg.g_01316	Prbn.g_01389
OG0000717	Prab	Prbg.g_01317	Prab.g_00980
OG0000717	Pran	Prbg.g_01317	Pran.g_00517
OG0000717	Prai	Prbg.g_01317	Prai.g_00959
OG0000717	Prao	Prbg.g_01317	Prao.g_00932
OG0000717	Prad	Prbg.g_01317	Prad.g_00156
OG0000717	Prav	Prbg.g_01317	Prav.g_00586
OG0000717	Prag	Prbg.g_01317	Prag.g_00994
OG0000717	Praw	Prbg.g_01317	Praw.g_01509
OG0000717	Pray	Prbg.g_01317	Pray.g_00541
OG0000717	Praz	Prbg.g_01317	Praz.g_01320
OG0000717	Prba	Prbg.g_01317	Prba.g_01307
OG0000717	Praa	Prbg.g_01317	Praa.g_00994
OG0000717	Prae	Prbg.g_01317	Prae.g_00994
OG0000717	Prbd	Prbg.g_01317	Prbd.g_00294
OG0000717	Prax	Prbg.g_01317	Prax.g_01159
OG0000717	Prbi	Prbg.g_01317	Prbi.g_01039
OG0000717	Pras	Prbg.g_01317	Pras.g_01890
OG0000717	Prau	Prbg.g_01317	Prau.g_01045
OG0000717	Prac	Prbg.g_01317	Prac.g_01298
OG0000717	Praq	Prbg.g_01317	Praq.g_01577
OG0000717	Prar	Prbg.g_01317	Prar.g_01862
OG0000717	Prbb	Prbg.g_01317	Prbb.g_01018
OG0000717	Praj	Prbg.g_01317	Praj.g_00974
OG0000717	Prbc	Prbg.g_01317	Prbc.g_02063
OG0000717	Prbm	Prbg.g_01317	Prbm.g_01015
OG0000717	Pral	Prbg.g_01317	Pral.g_01587
OG0000717	Prat	Prbg.g_01317	Prat.g_00924
OG0000717	Prah	Prbg.g_01317	Prah.g_00840
OG0000717	Praf	Prbg.g_01317	Praf.g_01348
OG0000717	Prbj	Prbg.g_01317	Prbj.g_02224
OG0000717	Prbk	Prbg.g_01317	Prbk.g_00573
OG0000717	Prbl	Prbg.g_01317	Prbl.g_02521
OG0000717	Syak	Prbg.g_01317	Syak.g_00636
OG0000717	Syab	Prbg.g_01317	Syab.g_01327
OG0000717	Syal	Prbg.g_01317	Syal.g_01929
OG0000717	Syag	Prbg.g_01317	Syag.g_00860
OG0000717	Syad	Prbg.g_01317	Syad.g_01696
OG0000717	Syaj	Prbg.g_01317	Syaj.g_00824
OG0000717	Syae	Prbg.g_01317	Syae.g_00410
OG0000717	Syaa	Prbg.g_01317	Syaa.g_01308
OG0000717	Syac	Prbg.g_01317	Syac.g_01231
OG0000717	Syah	Prbg.g_01317	Syah.g_01672
OG0000717	Syam	Prbg.g_01317	Syam.g_01177
OG0000717	Syai	Prbg.g_01317	Syai.g_01444
OG0000717	Syaf	Prbg.g_01317	Syaf.g_01920
OG0000717	Syaq	Prbg.g_01317	Syaq.g_02534
OG0000717	Syap	Prbg.g_01317	Syap.g_02697
OG0000717	Syat	Prbg.g_01317	Syat.g_00526
OG0000717	Syas	Prbg.g_01317	Syas.g_00557
OG0000717	Syar	Prbg.g_01317	Syar.g_02487
OG0000717	Syan	Prbg.g_01317	Syan.g_00631
OG0000717	Syao	Prbg.g_01317	Syao.g_00803
OG0000717	Pram	Prbg.g_01317	Pram.g_00971
OG0000717	Prbh	Prbg.g_01317	Prbh.g_01114
OG0000717	Prak	Prbg.g_01317	Prak.g_01003
OG0000717	Prap	Prbg.g_01317	Prap.g_00287
OG0000717	Prbe	Prbg.g_01317	Prbe.g_01380
OG0000717	Prbf	Prbg.g_01317	Prbf.g_01087
OG0000717	Prbn	Prbg.g_01317	Prbn.g_01388
OG0000718	Prab	Prbg.g_01321	Prab.g_00960
OG0000718	Pran	Prbg.g_01321	Pran.g_00537
OG0000718	Prai	Prbg.g_01321	Prai.g_00948
OG0000718	Prao	Prbg.g_01321	Prao.g_00943
OG0000718	Pras	Prbg.g_01321	Pras.g_01903
OG0000718	Prau	Prbg.g_01321	Prau.g_01058
OG0000718	Prav	Prbg.g_01321	Prav.g_00902
OG0000718	Prae	Prbg.g_01321	Prae.g_01009
OG0000718	Prad	Prbg.g_01321	Prad.g_00144
OG0000718	Pray	Prbg.g_01321	Pray.g_00553
OG0000718	Praz	Prbg.g_01321	Praz.g_01308
OG0000718	Prba	Prbg.g_01321	Prba.g_01295
OG0000718	Praa	Prbg.g_01321	Praa.g_01008
OG0000718	Prax	Prbg.g_01321	Prax.g_01173
OG0000718	Prbd	Prbg.g_01321	Prbd.g_00309
OG0000718	Prbi	Prbg.g_01321	Prbi.g_01055
OG0000718	Prag	Prbg.g_01321	Prag.g_01005
OG0000718	Praw	Prbg.g_01321	Praw.g_01498
OG0000718	Prac	Prbg.g_01321	Prac.g_01287
OG0000718	Praq	Prbg.g_01321	Praq.g_01588
OG0000718	Prar	Prbg.g_01321	Prar.g_01873
OG0000718	Pral	Prbg.g_01321	Pral.g_01590
OG0000718	Praj	Prbg.g_01321	Praj.g_00991
OG0000718	Prbb	Prbg.g_01321	Prbb.g_01036
OG0000718	Prbc	Prbg.g_01321	Prbc.g_02079
OG0000718	Prbm	Prbg.g_01321	Prbm.g_01031
OG0000718	Syae	Prbg.g_01321	Syae.g_00414
OG0000718	Syad	Prbg.g_01321	Syad.g_01692
OG0000718	Syaj	Prbg.g_01321	Syaj.g_00820
OG0000718	Syak	Prbg.g_01321	Syak.g_00640
OG0000718	Syaa	Prbg.g_01321	Syaa.g_01304
OG0000718	Syaf	Prbg.g_01321	Syaf.g_01924
OG0000718	Syam	Prbg.g_01321	Syam.g_01181
OG0000718	Syai	Prbg.g_01321	Syai.g_01440
OG0000718	Syab	Prbg.g_01321	Syab.g_01323
OG0000718	Syal	Prbg.g_01321	Syal.g_01925
OG0000718	Syac	Prbg.g_01321	Syac.g_01235
OG0000718	Syah	Prbg.g_01321	Syah.g_01676
OG0000718	Prat	Prbg.g_01321	Prat.g_00929
OG0000718	Syaq	Prbg.g_01321	Syaq.g_00072
OG0000718	Syag	Prbg.g_01321	Syag.g_00864
OG0000718	Syar	Prbg.g_01321	Syar.g_02483
OG0000718	Syat	Prbg.g_01321	Syat.g_00522
OG0000718	Syan	Prbg.g_01321	Syan.g_00651
OG0000718	Syao	Prbg.g_01321	Syao.g_00794
OG0000718	Syap	Prbg.g_01321	Syap.g_02701
OG0000718	Syas	Prbg.g_01321	Syas.g_00561
OG0000718	Prbj	Prbg.g_01321	Prbj.g_02219
OG0000718	Prbk	Prbg.g_01321	Prbk.g_00578
OG0000718	Prbl	Prbg.g_01321	Prbl.g_02526
OG0000718	Praf	Prbg.g_01321	Praf.g_01343
OG0000718	Prah	Prbg.g_01321	Prah.g_00846
OG0000718	Pram	Prbg.g_01321	Pram.g_00973
OG0000718	Prbh	Prbg.g_01321	Prbh.g_01116
OG0000718	Prak	Prbg.g_01321	Prak.g_01007
OG0000718	Prap	Prbg.g_01321	Prap.g_00291
OG0000718	Prbe	Prbg.g_01321	Prbe.g_01384
OG0000718	Prbf	Prbg.g_01321	Prbf.g_01083
OG0000718	Prbn	Prbg.g_01321	Prbn.g_01384
OG0000719	Prab	Prbg.g_01323	Prab.g_00958
OG0000719	Pran	Prbg.g_01323	Pran.g_00539
OG0000719	Prai	Prbg.g_01323	Prai.g_00946
OG0000719	Prao	Prbg.g_01323	Prao.g_00945
OG0000719	Prav	Prbg.g_01323	Prav.g_00904
OG0000719	Prag	Prbg.g_01323	Prag.g_01007
OG0000719	Praw	Prbg.g_01323	Praw.g_01496
OG0000719	Pras	Prbg.g_01323	Pras.g_01905
OG0000719	Prau	Prbg.g_01323	Prau.g_01060
OG0000719	Prac	Prbg.g_01323	Prac.g_01285
OG0000719	Praq	Prbg.g_01323	Praq.g_01590
OG0000719	Prar	Prbg.g_01323	Prar.g_01875
OG0000719	Pray	Prbg.g_01323	Pray.g_00555
OG0000719	Praz	Prbg.g_01323	Praz.g_01306
OG0000719	Prba	Prbg.g_01323	Prba.g_01293
OG0000719	Prbi	Prbg.g_01323	Prbi.g_01057
OG0000719	Prad	Prbg.g_01323	Prad.g_00142
OG0000719	Praa	Prbg.g_01323	Praa.g_01010
OG0000719	Prbd	Prbg.g_01323	Prbd.g_00311
OG0000719	Prae	Prbg.g_01323	Prae.g_01011
OG0000719	Prax	Prbg.g_01323	Prax.g_01175
OG0000719	Prbm	Prbg.g_01323	Prbm.g_01032
OG0000719	Praj	Prbg.g_01323	Praj.g_00992
OG0000719	Prbb	Prbg.g_01323	Prbb.g_01037
OG0000719	Prbc	Prbg.g_01323	Prbc.g_02080
OG0000719	Prbj	Prbg.g_01323	Prbj.g_02217
OG0000719	Prbk	Prbg.g_01323	Prbk.g_00580
OG0000719	Prbl	Prbg.g_01323	Prbl.g_02528
OG0000719	Praf	Prbg.g_01323	Praf.g_01341
OG0000719	Prah	Prbg.g_01323	Prah.g_00848
OG0000719	Syag	Prbg.g_01323	Syag.g_00866
OG0000719	Syaq	Prbg.g_01323	Syaq.g_00070
OG0000719	Syak	Prbg.g_01323	Syak.g_00642
OG0000719	Syab	Prbg.g_01323	Syab.g_01321
OG0000719	Syal	Prbg.g_01323	Syal.g_01922
OG0000719	Syad	Prbg.g_01323	Syad.g_01690
OG0000719	Syaj	Prbg.g_01323	Syaj.g_00818
OG0000719	Syae	Prbg.g_01323	Syae.g_00416
OG0000719	Syaa	Prbg.g_01323	Syaa.g_01302
OG0000719	Syac	Prbg.g_01323	Syac.g_01237
OG0000719	Syah	Prbg.g_01323	Syah.g_01678
OG0000719	Syaf	Prbg.g_01323	Syaf.g_01926
OG0000719	Syai	Prbg.g_01323	Syai.g_01438
OG0000719	Syam	Prbg.g_01323	Syam.g_01183
OG0000719	Syar	Prbg.g_01323	Syar.g_01804
OG0000719	Syan	Prbg.g_01323	Syan.g_00367
OG0000719	Syao	Prbg.g_01323	Syao.g_00444
OG0000719	Syap	Prbg.g_01323	Syap.g_02767
OG0000719	Syat	Prbg.g_01323	Syat.g_00712
OG0000719	Syas	Prbg.g_01323	Syas.g_00223
OG0000719	Pral	Prbg.g_01323	Pral.g_01592
OG0000719	Prat	Prbg.g_01323	Prat.g_00931
OG0000719	Pram	Prbg.g_01323	Pram.g_00975
OG0000719	Prbh	Prbg.g_01323	Prbh.g_01118
OG0000719	Prak	Prbg.g_01323	Prak.g_01009
OG0000719	Prap	Prbg.g_01323	Prap.g_00293
OG0000719	Prbe	Prbg.g_01323	Prbe.g_01386
OG0000719	Prbf	Prbg.g_01323	Prbf.g_01081
OG0000719	Prbn	Prbg.g_01323	Prbn.g_01382
OG0000720	Prbi	Prbg.g_01335	Prbi.g_01066
OG0000720	Prao	Prbg.g_01335	Prao.g_00954
OG0000720	Pray	Prbg.g_01335	Pray.g_00564
OG0000720	Praz	Prbg.g_01335	Praz.g_01297
OG0000720	Prba	Prbg.g_01335	Prba.g_01284
OG0000720	Prax	Prbg.g_01335	Prax.g_01184
OG0000720	Praa	Prbg.g_01335	Praa.g_01019
OG0000720	Prbd	Prbg.g_01335	Prbd.g_00320
OG0000720	Prae	Prbg.g_01335	Prae.g_01020
OG0000720	Prab	Prbg.g_01335	Prab.g_00949
OG0000720	Pran	Prbg.g_01335	Pran.g_00548
OG0000720	Prai	Prbg.g_01335	Prai.g_00938
OG0000720	Prag	Prbg.g_01335	Prag.g_01016
OG0000720	Praw	Prbg.g_01335	Praw.g_01487
OG0000720	Prad	Prbg.g_01335	Prad.g_01039
OG0000720	Pras	Prbg.g_01335	Pras.g_01914
OG0000720	Prau	Prbg.g_01335	Prau.g_01069
OG0000720	Prac	Prbg.g_01335	Prac.g_01276
OG0000720	Praq	Prbg.g_01335	Praq.g_01599
OG0000720	Prar	Prbg.g_01335	Prar.g_01884
OG0000720	Prav	Prbg.g_01335	Prav.g_00913
OG0000720	Prbm	Prbg.g_01335	Prbm.g_01042
OG0000720	Praj	Prbg.g_01335	Praj.g_01002
OG0000720	Prbb	Prbg.g_01335	Prbb.g_01048
OG0000720	Prbc	Prbg.g_01335	Prbc.g_02091
OG0000720	Syas	Prbg.g_01335	Syas.g_00209
OG0000720	Syap	Prbg.g_01335	Syap.g_02780
OG0000720	Syar	Prbg.g_01335	Syar.g_01790
OG0000720	Syat	Prbg.g_01335	Syat.g_00699
OG0000720	Syao	Prbg.g_01335	Syao.g_00457
OG0000720	Syan	Prbg.g_01335	Syan.g_00354
OG0000720	Syag	Prbg.g_01335	Syag.g_00880
OG0000720	Syak	Prbg.g_01335	Syak.g_00655
OG0000720	Syab	Prbg.g_01335	Syab.g_01307
OG0000720	Syal	Prbg.g_01335	Syal.g_01908
OG0000720	Prah	Prbg.g_01335	Prah.g_00861
OG0000720	Praf	Prbg.g_01335	Praf.g_01328
OG0000720	Prbj	Prbg.g_01335	Prbj.g_02204
OG0000720	Prbk	Prbg.g_01335	Prbk.g_00593
OG0000720	Prbl	Prbg.g_01335	Prbl.g_02541
OG0000720	Syae	Prbg.g_01335	Syae.g_00429
OG0000720	Syad	Prbg.g_01335	Syad.g_01677
OG0000720	Syaj	Prbg.g_01335	Syaj.g_00805
OG0000720	Syaa	Prbg.g_01335	Syaa.g_01289
OG0000720	Syaf	Prbg.g_01335	Syaf.g_01939
OG0000720	Syai	Prbg.g_01335	Syai.g_01425
OG0000720	Syam	Prbg.g_01335	Syam.g_01197
OG0000720	Syac	Prbg.g_01335	Syac.g_01250
OG0000720	Syah	Prbg.g_01335	Syah.g_01691
OG0000720	Syaq	Prbg.g_01335	Syaq.g_00057
OG0000720	Pral	Prbg.g_01335	Pral.g_01603
OG0000720	Prat	Prbg.g_01335	Prat.g_00942
OG0000720	Pram	Prbg.g_01335	Pram.g_00986
OG0000720	Prbh	Prbg.g_01335	Prbh.g_01129
OG0000720	Prak	Prbg.g_01335	Prak.g_01021
OG0000720	Prap	Prbg.g_01335	Prap.g_00305
OG0000720	Prbe	Prbg.g_01335	Prbe.g_01398
OG0000720	Prbf	Prbg.g_01335	Prbf.g_01069
OG0000720	Prbn	Prbg.g_01335	Prbn.g_01370
OG0000721	Prab	Prbg.g_01339	Prab.g_00947
OG0000721	Pran	Prbg.g_01339	Pran.g_00550
OG0000721	Prai	Prbg.g_01339	Prai.g_00936
OG0000721	Prax	Prbg.g_01339	Prax.g_01186
OG0000721	Prae	Prbg.g_01339	Prae.g_01022
OG0000721	Prao	Prbg.g_01339	Prao.g_00956
OG0000721	Prbd	Prbg.g_01339	Prbd.g_00322
OG0000721	Prbi	Prbg.g_01339	Prbi.g_01068
OG0000721	Praa	Prbg.g_01339	Praa.g_01021
OG0000721	Praz	Prbg.g_01339	Praz.g_01294
OG0000721	Pray	Prbg.g_01339	Pray.g_00566
OG0000721	Prba	Prbg.g_01339	Prba.g_01282
OG0000721	Prad	Prbg.g_01339	Prad.g_01037
OG0000721	Prag	Prbg.g_01339	Prag.g_01018
OG0000721	Praw	Prbg.g_01339	Praw.g_01485
OG0000721	Prac	Prbg.g_01339	Prac.g_01274
OG0000721	Praq	Prbg.g_01339	Praq.g_01601
OG0000721	Prar	Prbg.g_01339	Prar.g_01886
OG0000721	Prav	Prbg.g_01339	Prav.g_00915
OG0000721	Pras	Prbg.g_01339	Pras.g_01916
OG0000721	Prau	Prbg.g_01339	Prau.g_01071
OG0000721	Prbm	Prbg.g_01339	Prbm.g_01043
OG0000721	Prbb	Prbg.g_01339	Prbb.g_01049
OG0000721	Praj	Prbg.g_01339	Praj.g_01003
OG0000721	Prbc	Prbg.g_01339	Prbc.g_02092
OG0000721	Prbj	Prbg.g_01339	Prbj.g_02203
OG0000721	Prbk	Prbg.g_01339	Prbk.g_00594
OG0000721	Prbl	Prbg.g_01339	Prbl.g_02542
OG0000721	Praf	Prbg.g_01339	Praf.g_01327
OG0000721	Prah	Prbg.g_01339	Prah.g_00862
OG0000721	Syak	Prbg.g_01339	Syak.g_00657
OG0000721	Syab	Prbg.g_01339	Syab.g_01305
OG0000721	Syal	Prbg.g_01339	Syal.g_01906
OG0000721	Syag	Prbg.g_01339	Syag.g_00882
OG0000721	Syaq	Prbg.g_01339	Syaq.g_00055
OG0000721	Syaa	Prbg.g_01339	Syaa.g_01287
OG0000721	Syai	Prbg.g_01339	Syai.g_01423
OG0000721	Syaf	Prbg.g_01339	Syaf.g_01941
OG0000721	Syam	Prbg.g_01339	Syam.g_01199
OG0000721	Syae	Prbg.g_01339	Syae.g_00431
OG0000721	Syad	Prbg.g_01339	Syad.g_01675
OG0000721	Syaj	Prbg.g_01339	Syaj.g_00803
OG0000721	Syac	Prbg.g_01339	Syac.g_01252
OG0000721	Syah	Prbg.g_01339	Syah.g_01693
OG0000721	Syar	Prbg.g_01339	Syar.g_01788
OG0000721	Syas	Prbg.g_01339	Syas.g_00207
OG0000721	Syan	Prbg.g_01339	Syan.g_00352
OG0000721	Syao	Prbg.g_01339	Syao.g_00459
OG0000721	Syap	Prbg.g_01339	Syap.g_02782
OG0000721	Syat	Prbg.g_01339	Syat.g_00697
OG0000721	Pral	Prbg.g_01339	Pral.g_01607
OG0000721	Prat	Prbg.g_01339	Prat.g_00946
OG0000721	Pram	Prbg.g_01339	Pram.g_00990
OG0000721	Prbh	Prbg.g_01339	Prbh.g_01133
OG0000721	Prak	Prbg.g_01339	Prak.g_01025
OG0000721	Prap	Prbg.g_01339	Prap.g_00309
OG0000721	Prbe	Prbg.g_01339	Prbe.g_01402
OG0000721	Prbf	Prbg.g_01339	Prbf.g_01065
OG0000721	Prbn	Prbg.g_01339	Prbn.g_01366
OG0000722	Prab	Prbg.g_01340	Prab.g_00946
OG0000722	Pran	Prbg.g_01340	Pran.g_00551
OG0000722	Prai	Prbg.g_01340	Prai.g_00935
OG0000722	Prac	Prbg.g_01340	Prac.g_01273
OG0000722	Praq	Prbg.g_01340	Praq.g_01602
OG0000722	Prar	Prbg.g_01340	Prar.g_01887
OG0000722	Pras	Prbg.g_01340	Pras.g_01917
OG0000722	Prau	Prbg.g_01340	Prau.g_01072
OG0000722	Prao	Prbg.g_01340	Prao.g_00957
OG0000722	Prax	Prbg.g_01340	Prax.g_01187
OG0000722	Prag	Prbg.g_01340	Prag.g_01019
OG0000722	Praw	Prbg.g_01340	Praw.g_01484
OG0000722	Prav	Prbg.g_01340	Prav.g_00916
OG0000722	Pray	Prbg.g_01340	Pray.g_00567
OG0000722	Praz	Prbg.g_01340	Praz.g_01293
OG0000722	Prba	Prbg.g_01340	Prba.g_01281
OG0000722	Prbd	Prbg.g_01340	Prbd.g_00323
OG0000722	Prad	Prbg.g_01340	Prad.g_01036
OG0000722	Prae	Prbg.g_01340	Prae.g_01023
OG0000722	Praa	Prbg.g_01340	Praa.g_01022
OG0000722	Prbi	Prbg.g_01340	Prbi.g_01069
OG0000722	Prbm	Prbg.g_01340	Prbm.g_01044
OG0000722	Praj	Prbg.g_01340	Praj.g_01004
OG0000722	Prbb	Prbg.g_01340	Prbb.g_01050
OG0000722	Prbc	Prbg.g_01340	Prbc.g_02093
OG0000722	Syat	Prbg.g_01340	Syat.g_00696
OG0000722	Syar	Prbg.g_01340	Syar.g_01787
OG0000722	Syap	Prbg.g_01340	Syap.g_02783
OG0000722	Syas	Prbg.g_01340	Syas.g_00206
OG0000722	Syan	Prbg.g_01340	Syan.g_00351
OG0000722	Syao	Prbg.g_01340	Syao.g_00460
OG0000722	Syae	Prbg.g_01340	Syae.g_00432
OG0000722	Syad	Prbg.g_01340	Syad.g_01674
OG0000722	Syaj	Prbg.g_01340	Syaj.g_00802
OG0000722	Syaa	Prbg.g_01340	Syaa.g_01286
OG0000722	Syac	Prbg.g_01340	Syac.g_01253
OG0000722	Syah	Prbg.g_01340	Syah.g_01694
OG0000722	Syai	Prbg.g_01340	Syai.g_01422
OG0000722	Syaf	Prbg.g_01340	Syaf.g_01942
OG0000722	Syam	Prbg.g_01340	Syam.g_01200
OG0000722	Syag	Prbg.g_01340	Syag.g_00883
OG0000722	Syaq	Prbg.g_01340	Syaq.g_00054
OG0000722	Syab	Prbg.g_01340	Syab.g_01304
OG0000722	Syal	Prbg.g_01340	Syal.g_01905
OG0000722	Syak	Prbg.g_01340	Syak.g_00658
OG0000722	Prbj	Prbg.g_01340	Prbj.g_02202
OG0000722	Prbk	Prbg.g_01340	Prbk.g_00595
OG0000722	Prbl	Prbg.g_01340	Prbl.g_02543
OG0000722	Praf	Prbg.g_01340	Praf.g_01326
OG0000722	Prah	Prbg.g_01340	Prah.g_00863
OG0000722	Pral	Prbg.g_01340	Pral.g_01608
OG0000722	Prat	Prbg.g_01340	Prat.g_00947
OG0000722	Pram	Prbg.g_01340	Pram.g_00991
OG0000722	Prbh	Prbg.g_01340	Prbh.g_01134
OG0000722	Prak	Prbg.g_01340	Prak.g_01026
OG0000722	Prap	Prbg.g_01340	Prap.g_00310
OG0000722	Prbe	Prbg.g_01340	Prbe.g_01403
OG0000722	Prbf	Prbg.g_01340	Prbf.g_01064
OG0000722	Prbn	Prbg.g_01340	Prbn.g_01365
OG0000723	Prac	Prbg.g_01344	Prac.g_01270
OG0000723	Praq	Prbg.g_01344	Praq.g_01605
OG0000723	Prar	Prbg.g_01344	Prar.g_01890
OG0000723	Prao	Prbg.g_01344	Prao.g_00960
OG0000723	Prad	Prbg.g_01344	Prad.g_01033
OG0000723	Praa	Prbg.g_01344	Praa.g_01025
OG0000723	Prbi	Prbg.g_01344	Prbi.g_01072
OG0000723	Pray	Prbg.g_01344	Pray.g_00570
OG0000723	Praz	Prbg.g_01344	Praz.g_01290
OG0000723	Prba	Prbg.g_01344	Prba.g_01278
OG0000723	Pras	Prbg.g_01344	Pras.g_01920
OG0000723	Prau	Prbg.g_01344	Prau.g_01075
OG0000723	Prae	Prbg.g_01344	Prae.g_01026
OG0000723	Prax	Prbg.g_01344	Prax.g_01190
OG0000723	Prbd	Prbg.g_01344	Prbd.g_00326
OG0000723	Prav	Prbg.g_01344	Prav.g_00919
OG0000723	Prag	Prbg.g_01344	Prag.g_01022
OG0000723	Praw	Prbg.g_01344	Praw.g_01481
OG0000723	Prab	Prbg.g_01344	Prab.g_00943
OG0000723	Pran	Prbg.g_01344	Pran.g_00554
OG0000723	Prai	Prbg.g_01344	Prai.g_00932
OG0000723	Prbm	Prbg.g_01344	Prbm.g_01048
OG0000723	Prbb	Prbg.g_01344	Prbb.g_01054
OG0000723	Praj	Prbg.g_01344	Praj.g_01008
OG0000723	Prbc	Prbg.g_01344	Prbc.g_02097
OG0000723	Prah	Prbg.g_01344	Prah.g_00867
OG0000723	Praf	Prbg.g_01344	Praf.g_01322
OG0000723	Prbj	Prbg.g_01344	Prbj.g_02198
OG0000723	Prbk	Prbg.g_01344	Prbk.g_00599
OG0000723	Prbl	Prbg.g_01344	Prbl.g_02547
OG0000723	Syap	Prbg.g_01344	Syap.g_00532
OG0000723	Syas	Prbg.g_01344	Syas.g_00196
OG0000723	Syan	Prbg.g_01344	Syan.g_00341
OG0000723	Syao	Prbg.g_01344	Syao.g_00469
OG0000723	Syar	Prbg.g_01344	Syar.g_01560
OG0000723	Syat	Prbg.g_01344	Syat.g_00686
OG0000723	Syaq	Prbg.g_01344	Syaq.g_00046
OG0000723	Syak	Prbg.g_01344	Syak.g_00790
OG0000723	Syag	Prbg.g_01344	Syag.g_00897
OG0000723	Syab	Prbg.g_01344	Syab.g_01678
OG0000723	Syal	Prbg.g_01344	Syal.g_02433
OG0000723	Syae	Prbg.g_01344	Syae.g_00445
OG0000723	Syad	Prbg.g_01344	Syad.g_01791
OG0000723	Syaj	Prbg.g_01344	Syaj.g_00934
OG0000723	Syaa	Prbg.g_01344	Syaa.g_01268
OG0000723	Syac	Prbg.g_01344	Syac.g_01261
OG0000723	Syah	Prbg.g_01344	Syah.g_01704
OG0000723	Syai	Prbg.g_01344	Syai.g_01411
OG0000723	Syam	Prbg.g_01344	Syam.g_01224
OG0000723	Syaf	Prbg.g_01344	Syaf.g_01957
OG0000723	Pral	Prbg.g_01344	Pral.g_01575
OG0000723	Prat	Prbg.g_01344	Prat.g_00951
OG0000723	Pram	Prbg.g_01344	Pram.g_00995
OG0000723	Prbh	Prbg.g_01344	Prbh.g_01138
OG0000723	Prak	Prbg.g_01344	Prak.g_01030
OG0000723	Prap	Prbg.g_01344	Prap.g_00314
OG0000723	Prbe	Prbg.g_01344	Prbe.g_01407
OG0000723	Prbf	Prbg.g_01344	Prbf.g_01060
OG0000723	Prbn	Prbg.g_01344	Prbn.g_01361
OG0000724	Prab	Prbg.g_01239	Prab.g_00934
OG0000724	Pran	Prbg.g_01239	Pran.g_00563
OG0000724	Prai	Prbg.g_01239	Prai.g_00923
OG0000724	Prac	Prbg.g_01239	Prac.g_01261
OG0000724	Praq	Prbg.g_01239	Praq.g_01614
OG0000724	Prar	Prbg.g_01239	Prar.g_01899
OG0000724	Prag	Prbg.g_01239	Prag.g_01031
OG0000724	Praw	Prbg.g_01239	Praw.g_01472
OG0000724	Pray	Prbg.g_01239	Pray.g_00579
OG0000724	Praz	Prbg.g_01239	Praz.g_01281
OG0000724	Prba	Prbg.g_01239	Prba.g_01269
OG0000724	Pras	Prbg.g_01239	Pras.g_01929
OG0000724	Prau	Prbg.g_01239	Prau.g_01084
OG0000724	Prav	Prbg.g_01239	Prav.g_00928
OG0000724	Prad	Prbg.g_01239	Prad.g_01023
OG0000724	Praa	Prbg.g_01239	Praa.g_01034
OG0000724	Prbd	Prbg.g_01239	Prbd.g_00335
OG0000724	Prae	Prbg.g_01239	Prae.g_01035
OG0000724	Prbi	Prbg.g_01239	Prbi.g_01081
OG0000724	Prao	Prbg.g_01239	Prao.g_00969
OG0000724	Prax	Prbg.g_01239	Prax.g_01199
OG0000724	Prbm	Prbg.g_01239	Prbm.g_01059
OG0000724	Prbb	Prbg.g_01239	Prbb.g_01065
OG0000724	Praj	Prbg.g_01239	Praj.g_01019
OG0000724	Prbc	Prbg.g_01239	Prbc.g_02108
OG0000724	Syaq	Prbg.g_01239	Syaq.g_02685
OG0000724	Syag	Prbg.g_01239	Syag.g_00967
OG0000724	Syak	Prbg.g_01239	Syak.g_00749
OG0000724	Syad	Prbg.g_01239	Syad.g_01284
OG0000724	Syaj	Prbg.g_01239	Syaj.g_00421
OG0000724	Syae	Prbg.g_01239	Syae.g_00799
OG0000724	Syac	Prbg.g_01239	Syac.g_00879
OG0000724	Syah	Prbg.g_01239	Syah.g_02036
OG0000724	Syaa	Prbg.g_01239	Syaa.g_00872
OG0000724	Syaf	Prbg.g_01239	Syaf.g_01418
OG0000724	Syai	Prbg.g_01239	Syai.g_02013
OG0000724	Syam	Prbg.g_01239	Syam.g_00768
OG0000724	Syab	Prbg.g_01239	Syab.g_01223
OG0000724	Syal	Prbg.g_01239	Syal.g_01829
OG0000724	Prah	Prbg.g_01239	Prah.g_00910
OG0000724	Praf	Prbg.g_01239	Praf.g_01279
OG0000724	Prbj	Prbg.g_01239	Prbj.g_01843
OG0000724	Prbk	Prbg.g_01239	Prbk.g_00061
OG0000724	Prbl	Prbg.g_01239	Prbl.g_00932
OG0000724	Syas	Prbg.g_01239	Syas.g_00999
OG0000724	Syan	Prbg.g_01239	Syan.g_00299
OG0000724	Syao	Prbg.g_01239	Syao.g_00513
OG0000724	Syar	Prbg.g_01239	Syar.g_01367, Syar.g_02120
OG0000724	Syat	Prbg.g_01239	Syat.g_00782
OG0000724	Pral	Prbg.g_01239	Pral.g_01566
OG0000724	Prat	Prbg.g_01239	Prat.g_00960
OG0000724	Pram	Prbg.g_01239	Pram.g_00893
OG0000724	Prbh	Prbg.g_01239	Prbh.g_01036
OG0000724	Prak	Prbg.g_01239	Prak.g_00925
OG0000724	Prap	Prbg.g_01239	Prap.g_00703
OG0000724	Prbe	Prbg.g_01239	Prbe.g_01302
OG0000724	Prbf	Prbg.g_01239	Prbf.g_01165
OG0000724	Prbn	Prbg.g_01239	Prbn.g_01466
OG0000725	Prab	Prbg.g_01233	Prab.g_00928
OG0000725	Pran	Prbg.g_01233	Pran.g_00569
OG0000725	Prai	Prbg.g_01233	Prai.g_00917
OG0000725	Prao	Prbg.g_01233	Prao.g_00975
OG0000725	Prac	Prbg.g_01233	Prac.g_01255
OG0000725	Praq	Prbg.g_01233	Praq.g_01620
OG0000725	Prar	Prbg.g_01233	Prar.g_01905
OG0000725	Pray	Prbg.g_01233	Pray.g_00585
OG0000725	Praz	Prbg.g_01233	Praz.g_00067
OG0000725	Prba	Prbg.g_01233	Prba.g_01263
OG0000725	Prav	Prbg.g_01233	Prav.g_00934
OG0000725	Prag	Prbg.g_01233	Prag.g_01037
OG0000725	Praw	Prbg.g_01233	Praw.g_01466
OG0000725	Prbi	Prbg.g_01233	Prbi.g_01087
OG0000725	Pras	Prbg.g_01233	Pras.g_01935
OG0000725	Prau	Prbg.g_01233	Prau.g_01090
OG0000725	Prax	Prbg.g_01233	Prax.g_01205
OG0000725	Prae	Prbg.g_01233	Prae.g_01041
OG0000725	Prad	Prbg.g_01233	Prad.g_01017
OG0000725	Prbd	Prbg.g_01233	Prbd.g_00341
OG0000725	Praa	Prbg.g_01233	Praa.g_01040
OG0000725	Prbm	Prbg.g_01233	Prbm.g_00887
OG0000725	Prbc	Prbg.g_01233	Prbc.g_01934
OG0000725	Praj	Prbg.g_01233	Praj.g_00845
OG0000725	Prbb	Prbg.g_01233	Prbb.g_00891
OG0000725	Prbj	Prbg.g_01233	Prbj.g_01836
OG0000725	Prbk	Prbg.g_01233	Prbk.g_00054
OG0000725	Prbl	Prbg.g_01233	Prbl.g_00925
OG0000725	Praf	Prbg.g_01233	Praf.g_01270
OG0000725	Prah	Prbg.g_01233	Prah.g_00919
OG0000725	Syak	Prbg.g_01233	Syak.g_00731
OG0000725	Syab	Prbg.g_01233	Syab.g_01207
OG0000725	Syal	Prbg.g_01233	Syal.g_01820
OG0000725	Syag	Prbg.g_01233	Syag.g_00978
OG0000725	Syaq	Prbg.g_01233	Syaq.g_02676
OG0000725	Syad	Prbg.g_01233	Syad.g_01293
OG0000725	Syaj	Prbg.g_01233	Syaj.g_00430
OG0000725	Syac	Prbg.g_01233	Syac.g_00887
OG0000725	Syah	Prbg.g_01233	Syah.g_02027
OG0000725	Syaf	Prbg.g_01233	Syaf.g_01445
OG0000725	Syai	Prbg.g_01233	Syai.g_02004
OG0000725	Syam	Prbg.g_01233	Syam.g_00777
OG0000725	Syaa	Prbg.g_01233	Syaa.g_00882
OG0000725	Syae	Prbg.g_01233	Syae.g_00789
OG0000725	Syan	Prbg.g_01233	Syan.g_00194
OG0000725	Syao	Prbg.g_01233	Syao.g_00385
OG0000725	Syap	Prbg.g_01233	Syap.g_01559
OG0000725	Syas	Prbg.g_01233	Syas.g_01024
OG0000725	Syar	Prbg.g_01233	Syar.g_01934
OG0000725	Syat	Prbg.g_01233	Syat.g_00810
OG0000725	Pral	Prbg.g_01233	Pral.g_01560
OG0000725	Prat	Prbg.g_01233	Prat.g_00966
OG0000725	Pram	Prbg.g_01233	Pram.g_00887
OG0000725	Prbh	Prbg.g_01233	Prbh.g_01030
OG0000725	Prak	Prbg.g_01233	Prak.g_00919
OG0000725	Prap	Prbg.g_01233	Prap.g_00709
OG0000725	Prbe	Prbg.g_01233	Prbe.g_01296
OG0000725	Prbf	Prbg.g_01233	Prbf.g_01171
OG0000725	Prbn	Prbg.g_01233	Prbn.g_01472
OG0000726	Prai	Prbg.g_01232	Prai.g_00916
OG0000726	Prab	Prbg.g_01232	Prab.g_00927
OG0000726	Pran	Prbg.g_01232	Pran.g_00570
OG0000726	Prao	Prbg.g_01232	Prao.g_00976
OG0000726	Pray	Prbg.g_01232	Pray.g_00586
OG0000726	Praz	Prbg.g_01232	Praz.g_00068
OG0000726	Prba	Prbg.g_01232	Prba.g_01262
OG0000726	Prad	Prbg.g_01232	Prad.g_01016
OG0000726	Prbi	Prbg.g_01232	Prbi.g_01088
OG0000726	Prac	Prbg.g_01232	Prac.g_01254
OG0000726	Praq	Prbg.g_01232	Praq.g_01621
OG0000726	Prar	Prbg.g_01232	Prar.g_01906
OG0000726	Prag	Prbg.g_01232	Prag.g_01038
OG0000726	Praw	Prbg.g_01232	Praw.g_01465
OG0000726	Prav	Prbg.g_01232	Prav.g_00935
OG0000726	Prae	Prbg.g_01232	Prae.g_01042
OG0000726	Praa	Prbg.g_01232	Praa.g_01041
OG0000726	Prax	Prbg.g_01232	Prax.g_01206
OG0000726	Prbd	Prbg.g_01232	Prbd.g_00342
OG0000726	Pras	Prbg.g_01232	Pras.g_01936
OG0000726	Prau	Prbg.g_01232	Prau.g_01091
OG0000726	Praj	Prbg.g_01232	Praj.g_00844
OG0000726	Prbb	Prbg.g_01232	Prbb.g_00890
OG0000726	Prbc	Prbg.g_01232	Prbc.g_01933
OG0000726	Prbm	Prbg.g_01232	Prbm.g_00886
OG0000726	Praf	Prbg.g_01232	Praf.g_01269
OG0000726	Prbj	Prbg.g_01232	Prbj.g_01835
OG0000726	Prbk	Prbg.g_01232	Prbk.g_00053
OG0000726	Prbl	Prbg.g_01232	Prbl.g_00924
OG0000726	Prah	Prbg.g_01232	Prah.g_00920
OG0000726	Syag	Prbg.g_01232	Syag.g_00979
OG0000726	Syaf	Prbg.g_01232	Syaf.g_01446
OG0000726	Syam	Prbg.g_01232	Syam.g_00778
OG0000726	Syai	Prbg.g_01232	Syai.g_02003
OG0000726	Syac	Prbg.g_01232	Syac.g_00888
OG0000726	Syah	Prbg.g_01232	Syah.g_02026
OG0000726	Syad	Prbg.g_01232	Syad.g_01294
OG0000726	Syaj	Prbg.g_01232	Syaj.g_00431
OG0000726	Syae	Prbg.g_01232	Syae.g_00788
OG0000726	Syaa	Prbg.g_01232	Syaa.g_00883
OG0000726	Syab	Prbg.g_01232	Syab.g_01206
OG0000726	Syal	Prbg.g_01232	Syal.g_01819
OG0000726	Syak	Prbg.g_01232	Syak.g_00730
OG0000726	Syaq	Prbg.g_01232	Syaq.g_02675
OG0000726	Syat	Prbg.g_01232	Syat.g_00811
OG0000726	Syap	Prbg.g_01232	Syap.g_01560
OG0000726	Syas	Prbg.g_01232	Syas.g_01025
OG0000726	Syan	Prbg.g_01232	Syan.g_00193
OG0000726	Syao	Prbg.g_01232	Syao.g_00384
OG0000726	Syar	Prbg.g_01232	Syar.g_01935
OG0000726	Pral	Prbg.g_01232	Pral.g_01559
OG0000726	Prat	Prbg.g_01232	Prat.g_00967
OG0000726	Pram	Prbg.g_01232	Pram.g_00886
OG0000726	Prbh	Prbg.g_01232	Prbh.g_01029
OG0000726	Prak	Prbg.g_01232	Prak.g_00918
OG0000726	Prap	Prbg.g_01232	Prap.g_00710
OG0000726	Prbe	Prbg.g_01232	Prbe.g_01295
OG0000726	Prbf	Prbg.g_01232	Prbf.g_01172
OG0000726	Prbn	Prbg.g_01232	Prbn.g_01473
OG0000727	Prag	Prbg.g_01231	Prag.g_01039
OG0000727	Praw	Prbg.g_01231	Praw.g_01464
OG0000727	Prav	Prbg.g_01231	Prav.g_00936
OG0000727	Prab	Prbg.g_01231	Prab.g_00926
OG0000727	Pran	Prbg.g_01231	Pran.g_00571
OG0000727	Prai	Prbg.g_01231	Prai.g_00915
OG0000727	Prac	Prbg.g_01231	Prac.g_01253
OG0000727	Praq	Prbg.g_01231	Praq.g_01622
OG0000727	Prar	Prbg.g_01231	Prar.g_01907
OG0000727	Prbi	Prbg.g_01231	Prbi.g_01089
OG0000727	Prad	Prbg.g_01231	Prad.g_01015
OG0000727	Prao	Prbg.g_01231	Prao.g_00977
OG0000727	Pray	Prbg.g_01231	Pray.g_00587
OG0000727	Praz	Prbg.g_01231	Praz.g_00069
OG0000727	Prba	Prbg.g_01231	Prba.g_01261
OG0000727	Praa	Prbg.g_01231	Praa.g_01042
OG0000727	Prax	Prbg.g_01231	Prax.g_01207
OG0000727	Prae	Prbg.g_01231	Prae.g_01043
OG0000727	Prbd	Prbg.g_01231	Prbd.g_00343
OG0000727	Pras	Prbg.g_01231	Pras.g_01937
OG0000727	Prau	Prbg.g_01231	Prau.g_01092
OG0000727	Pral	Prbg.g_01231	Pral.g_01558
OG0000727	Prat	Prbg.g_01231	Prat.g_00968
OG0000727	Prbb	Prbg.g_01231	Prbb.g_00889
OG0000727	Praj	Prbg.g_01231	Praj.g_00843
OG0000727	Prbc	Prbg.g_01231	Prbc.g_01932
OG0000727	Prbm	Prbg.g_01231	Prbm.g_00885
OG0000727	Praf	Prbg.g_01231	Praf.g_01268
OG0000727	Prah	Prbg.g_01231	Prah.g_00921
OG0000727	Prbj	Prbg.g_01231	Prbj.g_01834
OG0000727	Prbk	Prbg.g_01231	Prbk.g_00052
OG0000727	Prbl	Prbg.g_01231	Prbl.g_00923
OG0000727	Syaq	Prbg.g_01231	Syaq.g_02674
OG0000727	Syak	Prbg.g_01231	Syak.g_00729
OG0000727	Syab	Prbg.g_01231	Syab.g_01205
OG0000727	Syal	Prbg.g_01231	Syal.g_01818
OG0000727	Syan	Prbg.g_01231	Syan.g_00192
OG0000727	Syao	Prbg.g_01231	Syao.g_00383
OG0000727	Syas	Prbg.g_01231	Syas.g_01026
OG0000727	Syar	Prbg.g_01231	Syar.g_01936
OG0000727	Syap	Prbg.g_01231	Syap.g_01561
OG0000727	Syat	Prbg.g_01231	Syat.g_00812
OG0000727	Syag	Prbg.g_01231	Syag.g_00980
OG0000727	Syac	Prbg.g_01231	Syac.g_00889
OG0000727	Syah	Prbg.g_01231	Syah.g_02025
OG0000727	Syaa	Prbg.g_01231	Syaa.g_00884
OG0000727	Syae	Prbg.g_01231	Syae.g_00787
OG0000727	Syai	Prbg.g_01231	Syai.g_02002
OG0000727	Syaf	Prbg.g_01231	Syaf.g_01447
OG0000727	Syam	Prbg.g_01231	Syam.g_00779
OG0000727	Syad	Prbg.g_01231	Syad.g_01295
OG0000727	Syaj	Prbg.g_01231	Syaj.g_00432
OG0000727	Pram	Prbg.g_01231	Pram.g_00885
OG0000727	Prbh	Prbg.g_01231	Prbh.g_01028
OG0000727	Prak	Prbg.g_01231	Prak.g_00917
OG0000727	Prap	Prbg.g_01231	Prap.g_00711
OG0000727	Prbe	Prbg.g_01231	Prbe.g_01294
OG0000727	Prbf	Prbg.g_01231	Prbf.g_01173
OG0000727	Prbn	Prbg.g_01231	Prbn.g_01474
OG0000728	Prab	Prbg.g_01229	Prab.g_00924
OG0000728	Pran	Prbg.g_01229	Pran.g_00573
OG0000728	Prai	Prbg.g_01229	Prai.g_00913
OG0000728	Prao	Prbg.g_01229	Prao.g_00979
OG0000728	Pray	Prbg.g_01229	Pray.g_00589
OG0000728	Praz	Prbg.g_01229	Praz.g_00071
OG0000728	Prba	Prbg.g_01229	Prba.g_01259
OG0000728	Prag	Prbg.g_01229	Prag.g_01041
OG0000728	Praw	Prbg.g_01229	Praw.g_01462
OG0000728	Prav	Prbg.g_01229	Prav.g_00938
OG0000728	Prbi	Prbg.g_01229	Prbi.g_01091
OG0000728	Praa	Prbg.g_01229	Praa.g_01044
OG0000728	Prae	Prbg.g_01229	Prae.g_01045
OG0000728	Pras	Prbg.g_01229	Pras.g_01939
OG0000728	Prau	Prbg.g_01229	Prau.g_01094
OG0000728	Prax	Prbg.g_01229	Prax.g_01209
OG0000728	Prbd	Prbg.g_01229	Prbd.g_00345
OG0000728	Prac	Prbg.g_01229	Prac.g_01251
OG0000728	Praq	Prbg.g_01229	Praq.g_01624
OG0000728	Prar	Prbg.g_01229	Prar.g_01909
OG0000728	Prad	Prbg.g_01229	Prad.g_01013
OG0000728	Pral	Prbg.g_01229	Pral.g_01556
OG0000728	Prat	Prbg.g_01229	Prat.g_00970
OG0000728	Syas	Prbg.g_01229	Syas.g_01028
OG0000728	Syap	Prbg.g_01229	Syap.g_01564
OG0000728	Syat	Prbg.g_01229	Syat.g_00814
OG0000728	Syar	Prbg.g_01229	Syar.g_01938
OG0000728	Syan	Prbg.g_01229	Syan.g_00190
OG0000728	Syao	Prbg.g_01229	Syao.g_00381
OG0000728	Syac	Prbg.g_01229	Syac.g_00891
OG0000728	Syah	Prbg.g_01229	Syah.g_02023
OG0000728	Syaf	Prbg.g_01229	Syaf.g_01449
OG0000728	Syai	Prbg.g_01229	Syai.g_02000
OG0000728	Syam	Prbg.g_01229	Syam.g_00781
OG0000728	Syaa	Prbg.g_01229	Syaa.g_00886
OG0000728	Syae	Prbg.g_01229	Syae.g_00785
OG0000728	Syad	Prbg.g_01229	Syad.g_01297
OG0000728	Syaj	Prbg.g_01229	Syaj.g_00434
OG0000728	Syag	Prbg.g_01229	Syag.g_00982
OG0000728	Syaq	Prbg.g_01229	Syaq.g_02672
OG0000728	Prah	Prbg.g_01229	Prah.g_00922
OG0000728	Praf	Prbg.g_01229	Praf.g_01267
OG0000728	Prbj	Prbg.g_01229	Prbj.g_01833
OG0000728	Prbk	Prbg.g_01229	Prbk.g_00051
OG0000728	Prbl	Prbg.g_01229	Prbl.g_00922
OG0000728	Syak	Prbg.g_01229	Syak.g_00727
OG0000728	Syab	Prbg.g_01229	Syab.g_01203
OG0000728	Syal	Prbg.g_01229	Syal.g_01816
OG0000728	Prbm	Prbg.g_01229	Prbm.g_00883
OG0000728	Prbc	Prbg.g_01229	Prbc.g_01930
OG0000728	Praj	Prbg.g_01229	Praj.g_00841
OG0000728	Prbb	Prbg.g_01229	Prbb.g_00887
OG0000728	Pram	Prbg.g_01229	Pram.g_00883
OG0000728	Prbh	Prbg.g_01229	Prbh.g_01026
OG0000728	Prak	Prbg.g_01229	Prak.g_00915
OG0000728	Prap	Prbg.g_01229	Prap.g_00713
OG0000728	Prbe	Prbg.g_01229	Prbe.g_01292
OG0000728	Prbf	Prbg.g_01229	Prbf.g_01175
OG0000728	Prbn	Prbg.g_01229	Prbn.g_01476
OG0000729	Prab	Prbg.g_00455	Prab.g_01146
OG0000729	Pran	Prbg.g_00455	Pran.g_00133
OG0000729	Prai	Prbg.g_00455	Prai.g_01109
OG0000729	Pray	Prbg.g_00455	Pray.g_00634
OG0000729	Praz	Prbg.g_00455	Praz.g_00116
OG0000729	Prba	Prbg.g_00455	Prba.g_01214
OG0000729	Prbd	Prbg.g_00455	Prbd.g_00391
OG0000729	Prae	Prbg.g_00455	Prae.g_01092
OG0000729	Prbi	Prbg.g_00455	Prbi.g_01138
OG0000729	Prax	Prbg.g_00455	Prax.g_01256
OG0000729	Prao	Prbg.g_00455	Prao.g_01027
OG0000729	Praa	Prbg.g_00455	Praa.g_01091
OG0000729	Prad	Prbg.g_00455	Prad.g_00970
OG0000729	Prav	Prbg.g_00455	Prav.g_00263
OG0000729	Pras	Prbg.g_00455	Pras.g_01984
OG0000729	Prau	Prbg.g_00455	Prau.g_01138
OG0000729	Prac	Prbg.g_00455	Prac.g_01205
OG0000729	Praq	Prbg.g_00455	Praq.g_01669
OG0000729	Prar	Prbg.g_00455	Prar.g_01955
OG0000729	Prag	Prbg.g_00455	Prag.g_01087
OG0000729	Praw	Prbg.g_00455	Praw.g_01416
OG0000729	Praj	Prbg.g_00455	Praj.g_02022
OG0000729	Prbb	Prbg.g_00455	Prbb.g_02071
OG0000729	Prbc	Prbg.g_00455	Prbc.g_00201
OG0000729	Prbm	Prbg.g_00455	Prbm.g_02104
OG0000729	Syar	Prbg.g_00455	Syar.g_00593
OG0000729	Syap	Prbg.g_00455	Syap.g_01122
OG0000729	Syan	Prbg.g_00455	Syan.g_01885
OG0000729	Syao	Prbg.g_00455	Syao.g_02190
OG0000729	Syas	Prbg.g_00455	Syas.g_02145
OG0000729	Syat	Prbg.g_00455	Syat.g_02224
OG0000729	Syae	Prbg.g_00455	Syae.g_01819
OG0000729	Syaq	Prbg.g_00455	Syaq.g_01046
OG0000729	Syad	Prbg.g_00455	Syad.g_00331
OG0000729	Syaj	Prbg.g_00455	Syaj.g_02397
OG0000729	Syaa	Prbg.g_00455	Syaa.g_00100
OG0000729	Syac	Prbg.g_00455	Syac.g_00144
OG0000729	Syah	Prbg.g_00455	Syah.g_00263
OG0000729	Syam	Prbg.g_00455	Syam.g_00105
OG0000729	Syai	Prbg.g_00455	Syai.g_00097
OG0000729	Syaf	Prbg.g_00455	Syaf.g_00405
OG0000729	Syak	Prbg.g_00455	Syak.g_01683
OG0000729	Praf	Prbg.g_00455	Praf.g_00162
OG0000729	Prah	Prbg.g_00455	Prah.g_00133
OG0000729	Prbj	Prbg.g_00455	Prbj.g_01289
OG0000729	Prbk	Prbg.g_00455	Prbk.g_01531
OG0000729	Prbl	Prbg.g_00455	Prbl.g_02062
OG0000729	Syab	Prbg.g_00455	Syab.g_00097
OG0000729	Syal	Prbg.g_00455	Syal.g_01510
OG0000729	Syag	Prbg.g_00455	Syag.g_02376
OG0000729	Pral	Prbg.g_00455	Pral.g_01311
OG0000729	Prat	Prbg.g_00455	Prat.g_01214
OG0000729	Pram	Prbg.g_00455	Pram.g_01208
OG0000729	Prbh	Prbg.g_00455	Prbh.g_01351
OG0000729	Prak	Prbg.g_00455	Prak.g_01255
OG0000729	Prap	Prbg.g_00455	Prap.g_00539
OG0000729	Prbe	Prbg.g_00455	Prbe.g_00915
OG0000729	Prbf	Prbg.g_00455	Prbf.g_00048
OG0000729	Prbn	Prbg.g_00455	Prbn.g_01106
OG0000730	Prab	Prbg.g_01528	Prab.g_01150
OG0000730	Pran	Prbg.g_01528	Pran.g_00129
OG0000730	Prai	Prbg.g_01528	Prai.g_01113
OG0000730	Prac	Prbg.g_01528	Prac.g_01046
OG0000730	Praq	Prbg.g_01528	Praq.g_01273
OG0000730	Prar	Prbg.g_01528	Prar.g_01324
OG0000730	Prad	Prbg.g_01528	Prad.g_00635
OG0000730	Prao	Prbg.g_01528	Prao.g_01156
OG0000730	Prag	Prbg.g_01528	Prag.g_01091
OG0000730	Praw	Prbg.g_01528	Praw.g_00172
OG0000730	Prae	Prbg.g_01528	Prae.g_01096
OG0000730	Prbd	Prbg.g_01528	Prbd.g_00395
OG0000730	Prbi	Prbg.g_01528	Prbi.g_01142
OG0000730	Pray	Prbg.g_01528	Pray.g_00132
OG0000730	Praz	Prbg.g_01528	Praz.g_00060
OG0000730	Prba	Prbg.g_01528	Prba.g_00749
OG0000730	Praa	Prbg.g_01528	Praa.g_01095
OG0000730	Prax	Prbg.g_01528	Prax.g_00126
OG0000730	Prav	Prbg.g_01528	Prav.g_00004
OG0000730	Pras	Prbg.g_01528	Pras.g_01988
OG0000730	Prau	Prbg.g_01528	Prau.g_01142
OG0000730	Prbc	Prbg.g_01528	Prbc.g_01244
OG0000730	Prbb	Prbg.g_01528	Prbb.g_00392
OG0000730	Praj	Prbg.g_01528	Praj.g_00378
OG0000730	Prbm	Prbg.g_01528	Prbm.g_00398
OG0000730	Prat	Prbg.g_01528	Prat.g_01199
OG0000730	Prbj	Prbg.g_01528	Prbj.g_00343
OG0000730	Prbk	Prbg.g_01528	Prbk.g_00869
OG0000730	Prbl	Prbg.g_01528	Prbl.g_01199
OG0000730	Praf	Prbg.g_01528	Praf.g_02056
OG0000730	Prah	Prbg.g_01528	Prah.g_01942
OG0000730	Syac	Prbg.g_01528	Syac.g_02024
OG0000730	Syah	Prbg.g_01528	Syah.g_00855
OG0000730	Syan	Prbg.g_01528	Syan.g_02147
OG0000730	Syaq	Prbg.g_01528	Syaq.g_00561
OG0000730	Syao	Prbg.g_01528	Syao.g_01880
OG0000730	Syas	Prbg.g_01528	Syas.g_01544
OG0000730	Syar	Prbg.g_01528	Syar.g_01115
OG0000730	Syap	Prbg.g_01528	Syap.g_00572
OG0000730	Syat	Prbg.g_01528	Syat.g_01617
OG0000730	Syag	Prbg.g_01528	Syag.g_02840
OG0000730	Syak	Prbg.g_01528	Syak.g_01248
OG0000730	Syab	Prbg.g_01528	Syab.g_00521
OG0000730	Syal	Prbg.g_01528	Syal.g_00345
OG0000730	Syaa	Prbg.g_01528	Syaa.g_02185
OG0000730	Syae	Prbg.g_01528	Syae.g_02189
OG0000730	Syaf	Prbg.g_01528	Syaf.g_00026
OG0000730	Syai	Prbg.g_01528	Syai.g_00483
OG0000730	Syam	Prbg.g_01528	Syam.g_00454
OG0000730	Syad	Prbg.g_01528	Syad.g_00758
OG0000730	Syaj	Prbg.g_01528	Syaj.g_02802
OG0000730	Pram	Prbg.g_01528	Pram.g_01182
OG0000730	Prbh	Prbg.g_01528	Prbh.g_01325
OG0000730	Pral	Prbg.g_01528	Pral.g_01324
OG0000730	Prak	Prbg.g_01528	Prak.g_01214
OG0000730	Prap	Prbg.g_01528	Prap.g_00498
OG0000730	Prbe	Prbg.g_01528	Prbe.g_01591
OG0000730	Prbf	Prbg.g_01528	Prbf.g_00876
OG0000730	Prbn	Prbg.g_01528	Prbn.g_01147
OG0000731	Prac	Prbg.g_00123	Prac.g_01042
OG0000731	Praq	Prbg.g_00123	Praq.g_01276
OG0000731	Prar	Prbg.g_00123	Prar.g_01320
OG0000731	Prao	Prbg.g_00123	Prao.g_01152
OG0000731	Pras	Prbg.g_00123	Pras.g_01992
OG0000731	Prau	Prbg.g_00123	Prau.g_01146
OG0000731	Prag	Prbg.g_00123	Prag.g_01095
OG0000731	Praw	Prbg.g_00123	Praw.g_00176
OG0000731	Prav	Prbg.g_00123	Prav.g_00008
OG0000731	Pray	Prbg.g_00123	Pray.g_00128
OG0000731	Praz	Prbg.g_00123	Praz.g_00056
OG0000731	Prba	Prbg.g_00123	Prba.g_00745
OG0000731	Prax	Prbg.g_00123	Prax.g_00130
OG0000731	Prbd	Prbg.g_00123	Prbd.g_00399
OG0000731	Praa	Prbg.g_00123	Praa.g_01099
OG0000731	Prae	Prbg.g_00123	Prae.g_01100
OG0000731	Prbi	Prbg.g_00123	Prbi.g_01146
OG0000731	Prad	Prbg.g_00123	Prad.g_00639
OG0000731	Prab	Prbg.g_00123	Prab.g_01154
OG0000731	Pran	Prbg.g_00123	Pran.g_00125
OG0000731	Prai	Prbg.g_00123	Prai.g_01117
OG0000731	Prbm	Prbg.g_00123	Prbm.g_00406
OG0000731	Praj	Prbg.g_00123	Praj.g_00386
OG0000731	Prbb	Prbg.g_00123	Prbb.g_00400
OG0000731	Prbc	Prbg.g_00123	Prbc.g_01252
OG0000731	Prat	Prbg.g_00123	Prat.g_00354
OG0000731	Pral	Prbg.g_00123	Pral.g_00692
OG0000731	Syap	Prbg.g_00123	Syap.g_00560
OG0000731	Syan	Prbg.g_00123	Syan.g_02135
OG0000731	Syao	Prbg.g_00123	Syao.g_01868
OG0000731	Syas	Prbg.g_00123	Syas.g_01532
OG0000731	Syat	Prbg.g_00123	Syat.g_01605
OG0000731	Syar	Prbg.g_00123	Syar.g_01127
OG0000731	Syaq	Prbg.g_00123	Syaq.g_00550
OG0000731	Syag	Prbg.g_00123	Syag.g_02853
OG0000731	Syab	Prbg.g_00123	Syab.g_00531
OG0000731	Syal	Prbg.g_00123	Syal.g_00356
OG0000731	Syak	Prbg.g_00123	Syak.g_01237
OG0000731	Prbj	Prbg.g_00123	Prbj.g_00333
OG0000731	Prbk	Prbg.g_00123	Prbk.g_00879
OG0000731	Prbl	Prbg.g_00123	Prbl.g_01208
OG0000731	Praf	Prbg.g_00123	Praf.g_02047
OG0000731	Prah	Prbg.g_00123	Prah.g_01932
OG0000731	Syaa	Prbg.g_00123	Syaa.g_02173
OG0000731	Syae	Prbg.g_00123	Syae.g_02201
OG0000731	Syaf	Prbg.g_00123	Syaf.g_00014
OG0000731	Syai	Prbg.g_00123	Syai.g_00495
OG0000731	Syam	Prbg.g_00123	Syam.g_00466
OG0000731	Syac	Prbg.g_00123	Syac.g_02011
OG0000731	Syah	Prbg.g_00123	Syah.g_00867
OG0000731	Syad	Prbg.g_00123	Syad.g_00770
OG0000731	Syaj	Prbg.g_00123	Syaj.g_02814
OG0000731	Pram	Prbg.g_00123	Pram.g_00335
OG0000731	Prbh	Prbg.g_00123	Prbh.g_00432
OG0000731	Prak	Prbg.g_00123	Prak.g_00362
OG0000731	Prap	Prbg.g_00123	Prap.g_01366
OG0000731	Prbe	Prbg.g_00123	Prbe.g_01898
OG0000731	Prbf	Prbg.g_00123	Prbf.g_01684
OG0000731	Prbn	Prbg.g_00123	Prbn.g_00111
OG0000732	Prab	Prbg.g_01890	Prab.g_01164
OG0000732	Pran	Prbg.g_01890	Pran.g_00115
OG0000732	Praa	Prbg.g_01890	Praa.g_01109
OG0000732	Prao	Prbg.g_01890	Prao.g_01143
OG0000732	Prax	Prbg.g_01890	Prax.g_00140
OG0000732	Pray	Prbg.g_01890	Pray.g_00118
OG0000732	Praz	Prbg.g_01890	Praz.g_00046
OG0000732	Prba	Prbg.g_01890	Prba.g_00735
OG0000732	Prbd	Prbg.g_01890	Prbd.g_00408
OG0000732	Prbi	Prbg.g_01890	Prbi.g_01155
OG0000732	Pras	Prbg.g_01890	Pras.g_00003
OG0000732	Prau	Prbg.g_01890	Prau.g_01155
OG0000732	Prag	Prbg.g_01890	Prag.g_01102
OG0000732	Praw	Prbg.g_01890	Praw.g_00183
OG0000732	Prac	Prbg.g_01890	Prac.g_01036
OG0000732	Praq	Prbg.g_01890	Praq.g_01282
OG0000732	Prar	Prbg.g_01890	Prar.g_01314
OG0000732	Prav	Prbg.g_01890	Prav.g_00016
OG0000732	Prad	Prbg.g_01890	Prad.g_00649
OG0000732	Prae	Prbg.g_01890	Prae.g_01109
OG0000732	Prai	Prbg.g_01890	Prai.g_01126
OG0000732	Pral	Prbg.g_01890	Pral.g_00348
OG0000732	Prat	Prbg.g_01890	Prat.g_01831
OG0000732	Prbc	Prbg.g_01890	Prbc.g_00987
OG0000732	Praj	Prbg.g_01890	Praj.g_02081
OG0000732	Prbb	Prbg.g_01890	Prbb.g_02121
OG0000732	Prbm	Prbg.g_01890	Prbm.g_02166
OG0000732	Syak	Prbg.g_01890	Syak.g_01739
OG0000732	Syab	Prbg.g_01890	Syab.g_00055
OG0000732	Syal	Prbg.g_01890	Syal.g_00149
OG0000732	Syaq	Prbg.g_01890	Syaq.g_01098
OG0000732	Prbj	Prbg.g_01890	Prbj.g_01220
OG0000732	Prbk	Prbg.g_01890	Prbk.g_01601
OG0000732	Prbl	Prbg.g_01890	Prbl.g_01993
OG0000732	Praf	Prbg.g_01890	Praf.g_00055
OG0000732	Prah	Prbg.g_01890	Prah.g_00054
OG0000732	Syao	Prbg.g_01890	Syao.g_02218
OG0000732	Syan	Prbg.g_01890	Syan.g_01726
OG0000732	Syar	Prbg.g_01890	Syar.g_00522
OG0000732	Syat	Prbg.g_01890	Syat.g_02290
OG0000732	Syas	Prbg.g_01890	Syas.g_02086
OG0000732	Syap	Prbg.g_01890	Syap.g_00111, Syap.g_00976, Syap.g_01814
OG0000732	Syag	Prbg.g_01890	Syag.g_02331
OG0000732	Syaa	Prbg.g_01890	Syaa.g_00054
OG0000732	Syae	Prbg.g_01890	Syae.g_01764
OG0000732	Syad	Prbg.g_01890	Syad.g_00214
OG0000732	Syaj	Prbg.g_01890	Syaj.g_02315
OG0000732	Syaf	Prbg.g_01890	Syaf.g_00444
OG0000732	Syai	Prbg.g_01890	Syai.g_00058
OG0000732	Syam	Prbg.g_01890	Syam.g_00051
OG0000732	Syac	Prbg.g_01890	Syac.g_00051
OG0000732	Syah	Prbg.g_01890	Syah.g_00319
OG0000732	Prak	Prbg.g_01890	Prak.g_01885
OG0000732	Prap	Prbg.g_01890	Prap.g_01538
OG0000732	Prbe	Prbg.g_01890	Prbe.g_01148
OG0000732	Prbf	Prbg.g_01890	Prbf.g_00453
OG0000732	Prbn	Prbg.g_01890	Prbn.g_00954
OG0000733	Prab	Prbg.g_00750	Prab.g_01187
OG0000733	Pran	Prbg.g_00750	Pran.g_00092
OG0000733	Prai	Prbg.g_00750	Prai.g_01144
OG0000733	Prbd	Prbg.g_00750	Prbd.g_00428
OG0000733	Pras	Prbg.g_00750	Pras.g_00024
OG0000733	Prac	Prbg.g_00750	Prac.g_01017
OG0000733	Prar	Prbg.g_00750	Prar.g_01295
OG0000733	Praq	Prbg.g_00750	Praq.g_01301
OG0000733	Prbi	Prbg.g_00750	Prbi.g_01175
OG0000733	Prag	Prbg.g_00750	Prag.g_01121
OG0000733	Praw	Prbg.g_00750	Praw.g_00202
OG0000733	Prax	Prbg.g_00750	Prax.g_00162
OG0000733	Prao	Prbg.g_00750	Prao.g_01121
OG0000733	Prau	Prbg.g_00750	Prau.g_01175
OG0000733	Prae	Prbg.g_00750	Prae.g_01131
OG0000733	Prad	Prbg.g_00750	Prad.g_01988
OG0000733	Prav	Prbg.g_00750	Prav.g_00034
OG0000733	Praa	Prbg.g_00750	Praa.g_01128
OG0000733	Pray	Prbg.g_00750	Pray.g_00096
OG0000733	Praz	Prbg.g_00750	Praz.g_00024
OG0000733	Prba	Prbg.g_00750	Prba.g_00096
OG0000733	Pral	Prbg.g_00750	Pral.g_00077
OG0000733	Prat	Prbg.g_00750	Prat.g_01560
OG0000733	Praj	Prbg.g_00750	Praj.g_01833
OG0000733	Prbb	Prbg.g_00750	Prbb.g_01888
OG0000733	Prbc	Prbg.g_00750	Prbc.g_00897
OG0000733	Prbm	Prbg.g_00750	Prbm.g_01911
OG0000733	Prbj	Prbg.g_00750	Prbj.g_01997
OG0000733	Prbk	Prbg.g_00750	Prbk.g_02202
OG0000733	Prbl	Prbg.g_00750	Prbl.g_02197
OG0000733	Praf	Prbg.g_00750	Praf.g_02698
OG0000733	Prah	Prbg.g_00750	Prah.g_02532
OG0000733	Syae	Prbg.g_00750	Syae.g_01599
OG0000733	Syad	Prbg.g_00750	Syad.g_00028
OG0000733	Syaj	Prbg.g_00750	Syaj.g_02151
OG0000733	Syai	Prbg.g_00750	Syai.g_02805
OG0000733	Syaf	Prbg.g_00750	Syaf.g_00615
OG0000733	Syam	Prbg.g_00750	Syam.g_02339
OG0000733	Syaa	Prbg.g_00750	Syaa.g_02621
OG0000733	Syac	Prbg.g_00750	Syac.g_02386
OG0000733	Syah	Prbg.g_00750	Syah.g_00473
OG0000733	Syar	Prbg.g_00750	Syar.g_02234
OG0000733	Syan	Prbg.g_00750	Syan.g_01147
OG0000733	Syao	Prbg.g_00750	Syao.g_01427
OG0000733	Syat	Prbg.g_00750	Syat.g_03285
OG0000733	Syap	Prbg.g_00750	Syap.g_01971
OG0000733	Syas	Prbg.g_00750	Syas.g_00096
OG0000733	Syag	Prbg.g_00750	Syag.g_00145
OG0000733	Syaq	Prbg.g_00750	Syaq.g_01232
OG0000733	Syak	Prbg.g_00750	Syak.g_01905
OG0000733	Syab	Prbg.g_00750	Syab.g_02798
OG0000733	Syal	Prbg.g_00750	Syal.g_01105
OG0000733	Pram	Prbg.g_00750	Pram.g_01547
OG0000733	Prbh	Prbg.g_00750	Prbh.g_01867
OG0000733	Prak	Prbg.g_00750	Prak.g_01551
OG0000733	Prap	Prbg.g_00750	Prap.g_01882
OG0000733	Prbe	Prbg.g_00750	Prbe.g_00042
OG0000733	Prbf	Prbg.g_00750	Prbf.g_00787
OG0000733	Prbn	Prbg.g_00750	Prbn.g_01651
OG0000734	Praa	Prbg.g_01502	Praa.g_01145
OG0000734	Prad	Prbg.g_01502	Prad.g_01511
OG0000734	Prbd	Prbg.g_01502	Prbd.g_00453
OG0000734	Prax	Prbg.g_01502	Prax.g_00185
OG0000734	Pray	Prbg.g_01502	Pray.g_00079
OG0000734	Praz	Prbg.g_01502	Praz.g_00007
OG0000734	Prba	Prbg.g_01502	Prba.g_00079
OG0000734	Prbi	Prbg.g_01502	Prbi.g_01192
OG0000734	Prav	Prbg.g_01502	Prav.g_00050
OG0000734	Prab	Prbg.g_01502	Prab.g_01204
OG0000734	Pran	Prbg.g_01502	Pran.g_00075
OG0000734	Prai	Prbg.g_01502	Prai.g_01157
OG0000734	Pras	Prbg.g_01502	Pras.g_00041
OG0000734	Prao	Prbg.g_01502	Prao.g_01104
OG0000734	Prau	Prbg.g_01502	Prau.g_01192
OG0000734	Prae	Prbg.g_01502	Prae.g_01148
OG0000734	Prac	Prbg.g_01502	Prac.g_01000
OG0000734	Praq	Prbg.g_01502	Praq.g_01318
OG0000734	Prar	Prbg.g_01502	Prar.g_01278
OG0000734	Prag	Prbg.g_01502	Prag.g_01138
OG0000734	Praw	Prbg.g_01502	Praw.g_00219
OG0000734	Praj	Prbg.g_01502	Praj.g_01476
OG0000734	Prbb	Prbg.g_01502	Prbb.g_01533
OG0000734	Prbc	Prbg.g_01502	Prbc.g_01462
OG0000734	Prbm	Prbg.g_01502	Prbm.g_01565
OG0000734	Syar	Prbg.g_01502	Syar.g_03128
OG0000734	Syaq	Prbg.g_01502	Syaq.g_01479
OG0000734	Syak	Prbg.g_01502	Syak.g_02184
OG0000734	Syab	Prbg.g_01502	Syab.g_02508
OG0000734	Syal	Prbg.g_01502	Syal.g_00828
OG0000734	Syag	Prbg.g_01502	Syag.g_01892
OG0000734	Syae	Prbg.g_01502	Syae.g_01371
OG0000734	Syac	Prbg.g_01502	Syac.g_00388
OG0000734	Syah	Prbg.g_01502	Syah.g_02545
OG0000734	Syad	Prbg.g_01502	Syad.g_02809
OG0000734	Syaj	Prbg.g_01502	Syaj.g_01895
OG0000734	Syaa	Prbg.g_01502	Syaa.g_02388
OG0000734	Syaf	Prbg.g_01502	Syaf.g_00895
OG0000734	Syai	Prbg.g_01502	Syai.g_02548
OG0000734	Syam	Prbg.g_01502	Syam.g_02128
OG0000734	Syas	Prbg.g_01502	Syas.g_02414
OG0000734	Syap	Prbg.g_01502	Syap.g_02628
OG0000734	Syat	Prbg.g_01502	Syat.g_01579
OG0000734	Syan	Prbg.g_01502	Syan.g_02982
OG0000734	Syao	Prbg.g_01502	Syao.g_02592
OG0000734	Prbj	Prbg.g_01502	Prbj.g_00627
OG0000734	Prbk	Prbg.g_01502	Prbk.g_00004
OG0000734	Prbl	Prbg.g_01502	Prbl.g_00545
OG0000734	Praf	Prbg.g_01502	Praf.g_00233
OG0000734	Prah	Prbg.g_01502	Prah.g_01905
OG0000734	Pral	Prbg.g_01502	Pral.g_01351
OG0000734	Prat	Prbg.g_01502	Prat.g_01171
OG0000734	Pram	Prbg.g_01502	Pram.g_01156
OG0000734	Prbh	Prbg.g_01502	Prbh.g_01299
OG0000734	Prak	Prbg.g_01502	Prak.g_01188
OG0000734	Prap	Prbg.g_01502	Prap.g_00472
OG0000734	Prbe	Prbg.g_01502	Prbe.g_01565
OG0000734	Prbf	Prbg.g_01502	Prbf.g_00902
OG0000734	Prbn	Prbg.g_01502	Prbn.g_01173
OG0000735	Prai	Prbg.g_01500	Prai.g_01159
OG0000735	Prab	Prbg.g_01500	Prab.g_01206
OG0000735	Pran	Prbg.g_01500	Pran.g_00073
OG0000735	Prac	Prbg.g_01500	Prac.g_00998
OG0000735	Praq	Prbg.g_01500	Praq.g_01320
OG0000735	Prar	Prbg.g_01500	Prar.g_01276
OG0000735	Prag	Prbg.g_01500	Prag.g_01140
OG0000735	Praw	Prbg.g_01500	Praw.g_00221
OG0000735	Prao	Prbg.g_01500	Prao.g_01102
OG0000735	Prav	Prbg.g_01500	Prav.g_00052
OG0000735	Prad	Prbg.g_01500	Prad.g_01509
OG0000735	Pray	Prbg.g_01500	Pray.g_00077
OG0000735	Praz	Prbg.g_01500	Praz.g_00005
OG0000735	Prba	Prbg.g_01500	Prba.g_00077
OG0000735	Prbi	Prbg.g_01500	Prbi.g_01194
OG0000735	Prax	Prbg.g_01500	Prax.g_00187
OG0000735	Praa	Prbg.g_01500	Praa.g_01147
OG0000735	Prae	Prbg.g_01500	Prae.g_01150
OG0000735	Prbd	Prbg.g_01500	Prbd.g_00455
OG0000735	Pras	Prbg.g_01500	Pras.g_00043
OG0000735	Prau	Prbg.g_01500	Prau.g_01194
OG0000735	Prbb	Prbg.g_01500	Prbb.g_01531
OG0000735	Prbm	Prbg.g_01500	Prbm.g_01563
OG0000735	Praj	Prbg.g_01500	Praj.g_01474
OG0000735	Prbc	Prbg.g_01500	Prbc.g_01460
OG0000735	Prah	Prbg.g_01500	Prah.g_01340
OG0000735	Praf	Prbg.g_01500	Praf.g_00822
OG0000735	Prbj	Prbg.g_01500	Prbj.g_00953
OG0000735	Prbk	Prbg.g_01500	Prbk.g_01037
OG0000735	Prbl	Prbg.g_01500	Prbl.g_02066
OG0000735	Syag	Prbg.g_01500	Syag.g_01159
OG0000735	Syaq	Prbg.g_01500	Syaq.g_00266
OG0000735	Syak	Prbg.g_01500	Syak.g_00914
OG0000735	Syab	Prbg.g_01500	Syab.g_00942
OG0000735	Syal	Prbg.g_01500	Syal.g_01627
OG0000735	Syac	Prbg.g_01500	Syac.g_00750
OG0000735	Syah	Prbg.g_01500	Syah.g_02178
OG0000735	Syaf	Prbg.g_01500	Syaf.g_01273
OG0000735	Syai	Prbg.g_01500	Syai.g_02159
OG0000735	Syam	Prbg.g_01500	Syam.g_01810
OG0000735	Syaa	Prbg.g_01500	Syaa.g_00754
OG0000735	Syad	Prbg.g_01500	Syad.g_01120
OG0000735	Syaj	Prbg.g_01500	Syaj.g_00286
OG0000735	Syae	Prbg.g_01500	Syae.g_00942
OG0000735	Syan	Prbg.g_01500	Syan.g_02713
OG0000735	Syao	Prbg.g_01500	Syao.g_00140
OG0000735	Syar	Prbg.g_01500	Syar.g_01522
OG0000735	Syat	Prbg.g_01500	Syat.g_03235
OG0000735	Syap	Prbg.g_01500	Syap.g_00244
OG0000735	Syas	Prbg.g_01500	Syas.g_01201
OG0000735	Pral	Prbg.g_01500	Pral.g_01353
OG0000735	Prat	Prbg.g_01500	Prat.g_01169
OG0000735	Pram	Prbg.g_01500	Pram.g_01154
OG0000735	Prbh	Prbg.g_01500	Prbh.g_01297
OG0000735	Prak	Prbg.g_01500	Prak.g_01186
OG0000735	Prap	Prbg.g_01500	Prap.g_00470
OG0000735	Prbe	Prbg.g_01500	Prbe.g_01563
OG0000735	Prbf	Prbg.g_01500	Prbf.g_00904
OG0000735	Prbn	Prbg.g_01500	Prbn.g_01175
OG0000736	Prbi	Prbg.g_01499	Prbi.g_01195
OG0000736	Prad	Prbg.g_01499	Prad.g_01508
OG0000736	Pras	Prbg.g_01499	Pras.g_00044
OG0000736	Prau	Prbg.g_01499	Prau.g_01195
OG0000736	Prax	Prbg.g_01499	Prax.g_00188
OG0000736	Praa	Prbg.g_01499	Praa.g_01148
OG0000736	Prao	Prbg.g_01499	Prao.g_01101
OG0000736	Prae	Prbg.g_01499	Prae.g_01151
OG0000736	Pray	Prbg.g_01499	Pray.g_00076
OG0000736	Praz	Prbg.g_01499	Praz.g_00004
OG0000736	Prba	Prbg.g_01499	Prba.g_00076
OG0000736	Prbd	Prbg.g_01499	Prbd.g_00456
OG0000736	Prac	Prbg.g_01499	Prac.g_00997
OG0000736	Praq	Prbg.g_01499	Praq.g_01321
OG0000736	Prar	Prbg.g_01499	Prar.g_01275
OG0000736	Prav	Prbg.g_01499	Prav.g_00053
OG0000736	Prag	Prbg.g_01499	Prag.g_01141
OG0000736	Praw	Prbg.g_01499	Praw.g_00222
OG0000736	Prab	Prbg.g_01499	Prab.g_01207
OG0000736	Pran	Prbg.g_01499	Pran.g_00072
OG0000736	Prai	Prbg.g_01499	Prai.g_01160
OG0000736	Prbc	Prbg.g_01499	Prbc.g_01459
OG0000736	Prbb	Prbg.g_01499	Prbb.g_01530
OG0000736	Praj	Prbg.g_01499	Praj.g_01473
OG0000736	Prbm	Prbg.g_01499	Prbm.g_01562
OG0000736	Pral	Prbg.g_01499	Pral.g_01354
OG0000736	Prat	Prbg.g_01499	Prat.g_01168
OG0000736	Prbj	Prbg.g_01499	Prbj.g_00954
OG0000736	Prbk	Prbg.g_01499	Prbk.g_01036
OG0000736	Prbl	Prbg.g_01499	Prbl.g_02067
OG0000736	Praf	Prbg.g_01499	Praf.g_00823
OG0000736	Prah	Prbg.g_01499	Prah.g_01339
OG0000736	Syag	Prbg.g_01499	Syag.g_01158
OG0000736	Syaq	Prbg.g_01499	Syaq.g_00265
OG0000736	Syak	Prbg.g_01499	Syak.g_00913
OG0000736	Syab	Prbg.g_01499	Syab.g_00943
OG0000736	Syal	Prbg.g_01499	Syal.g_01628
OG0000736	Syar	Prbg.g_01499	Syar.g_01523
OG0000736	Syan	Prbg.g_01499	Syan.g_02712
OG0000736	Syao	Prbg.g_01499	Syao.g_00139
OG0000736	Syat	Prbg.g_01499	Syat.g_03236
OG0000736	Syap	Prbg.g_01499	Syap.g_00243
OG0000736	Syas	Prbg.g_01499	Syas.g_01200
OG0000736	Syae	Prbg.g_01499	Syae.g_00941
OG0000736	Syaa	Prbg.g_01499	Syaa.g_00755
OG0000736	Syad	Prbg.g_01499	Syad.g_01121
OG0000736	Syaj	Prbg.g_01499	Syaj.g_00287
OG0000736	Syac	Prbg.g_01499	Syac.g_00751
OG0000736	Syah	Prbg.g_01499	Syah.g_02177
OG0000736	Syaf	Prbg.g_01499	Syaf.g_01274
OG0000736	Syai	Prbg.g_01499	Syai.g_02158
OG0000736	Syam	Prbg.g_01499	Syam.g_01809
OG0000736	Pram	Prbg.g_01499	Pram.g_01153
OG0000736	Prbh	Prbg.g_01499	Prbh.g_01296
OG0000736	Prak	Prbg.g_01499	Prak.g_01185
OG0000736	Prap	Prbg.g_01499	Prap.g_00469
OG0000736	Prbe	Prbg.g_01499	Prbe.g_01562
OG0000736	Prbf	Prbg.g_01499	Prbf.g_00905
OG0000736	Prbn	Prbg.g_01499	Prbn.g_01176
OG0000737	Prab	Prbg.g_01498	Prab.g_01208
OG0000737	Pran	Prbg.g_01498	Pran.g_00071
OG0000737	Prai	Prbg.g_01498	Prai.g_01161
OG0000737	Prac	Prbg.g_01498	Prac.g_00996
OG0000737	Prar	Prbg.g_01498	Prar.g_01274
OG0000737	Praq	Prbg.g_01498	Praq.g_01322
OG0000737	Prag	Prbg.g_01498	Prag.g_01142
OG0000737	Praw	Prbg.g_01498	Praw.g_00223
OG0000737	Prav	Prbg.g_01498	Prav.g_00054
OG0000737	Prbd	Prbg.g_01498	Prbd.g_00457
OG0000737	Prad	Prbg.g_01498	Prad.g_01507
OG0000737	Prax	Prbg.g_01498	Prax.g_00189
OG0000737	Prbi	Prbg.g_01498	Prbi.g_01196
OG0000737	Praa	Prbg.g_01498	Praa.g_01149
OG0000737	Prae	Prbg.g_01498	Prae.g_01152
OG0000737	Pras	Prbg.g_01498	Pras.g_00045
OG0000737	Prau	Prbg.g_01498	Prau.g_01196
OG0000737	Prao	Prbg.g_01498	Prao.g_01100
OG0000737	Pray	Prbg.g_01498	Pray.g_00075
OG0000737	Praz	Prbg.g_01498	Praz.g_00003
OG0000737	Prba	Prbg.g_01498	Prba.g_00075
OG0000737	Prbc	Prbg.g_01498	Prbc.g_01458
OG0000737	Praj	Prbg.g_01498	Praj.g_01472
OG0000737	Prbm	Prbg.g_01498	Prbm.g_01561
OG0000737	Prbb	Prbg.g_01498	Prbb.g_01529
OG0000737	Prah	Prbg.g_01498	Prah.g_01338
OG0000737	Praf	Prbg.g_01498	Praf.g_00824
OG0000737	Prbj	Prbg.g_01498	Prbj.g_00955
OG0000737	Prbk	Prbg.g_01498	Prbk.g_01035
OG0000737	Prbl	Prbg.g_01498	Prbl.g_02068
OG0000737	Syak	Prbg.g_01498	Syak.g_00912
OG0000737	Syab	Prbg.g_01498	Syab.g_00944
OG0000737	Syal	Prbg.g_01498	Syal.g_01629
OG0000737	Syag	Prbg.g_01498	Syag.g_01157
OG0000737	Syaq	Prbg.g_01498	Syaq.g_00264
OG0000737	Syan	Prbg.g_01498	Syan.g_02711
OG0000737	Syao	Prbg.g_01498	Syao.g_00138
OG0000737	Syat	Prbg.g_01498	Syat.g_03237
OG0000737	Syar	Prbg.g_01498	Syar.g_01524
OG0000737	Syap	Prbg.g_01498	Syap.g_00242
OG0000737	Syas	Prbg.g_01498	Syas.g_01199
OG0000737	Syad	Prbg.g_01498	Syad.g_01122
OG0000737	Syaj	Prbg.g_01498	Syaj.g_00288
OG0000737	Syaa	Prbg.g_01498	Syaa.g_00756
OG0000737	Syac	Prbg.g_01498	Syac.g_00752
OG0000737	Syah	Prbg.g_01498	Syah.g_02176
OG0000737	Syaf	Prbg.g_01498	Syaf.g_01275
OG0000737	Syai	Prbg.g_01498	Syai.g_02157
OG0000737	Syam	Prbg.g_01498	Syam.g_01808
OG0000737	Syae	Prbg.g_01498	Syae.g_00940
OG0000737	Pral	Prbg.g_01498	Pral.g_01355
OG0000737	Prat	Prbg.g_01498	Prat.g_01167
OG0000737	Pram	Prbg.g_01498	Pram.g_01152
OG0000737	Prbh	Prbg.g_01498	Prbh.g_01295
OG0000737	Prak	Prbg.g_01498	Prak.g_01184
OG0000737	Prap	Prbg.g_01498	Prap.g_00468
OG0000737	Prbe	Prbg.g_01498	Prbe.g_01561
OG0000737	Prbf	Prbg.g_01498	Prbf.g_00906
OG0000737	Prbn	Prbg.g_01498	Prbn.g_01177
OG0000738	Prag	Prbg.g_01494	Prag.g_01146
OG0000738	Praw	Prbg.g_01494	Praw.g_00227
OG0000738	Prac	Prbg.g_01494	Prac.g_00992
OG0000738	Praq	Prbg.g_01494	Praq.g_01326
OG0000738	Prar	Prbg.g_01494	Prar.g_01270
OG0000738	Pras	Prbg.g_01494	Pras.g_00049
OG0000738	Prau	Prbg.g_01494	Prau.g_01200
OG0000738	Prav	Prbg.g_01494	Prav.g_00058
OG0000738	Prad	Prbg.g_01494	Prad.g_01503
OG0000738	Prax	Prbg.g_01494	Prax.g_00193
OG0000738	Prbd	Prbg.g_01494	Prbd.g_00461
OG0000738	Prao	Prbg.g_01494	Prao.g_01096
OG0000738	Pray	Prbg.g_01494	Pray.g_00071
OG0000738	Praz	Prbg.g_01494	Praz.g_00762
OG0000738	Prba	Prbg.g_01494	Prba.g_00071
OG0000738	Praa	Prbg.g_01494	Praa.g_01153
OG0000738	Prbi	Prbg.g_01494	Prbi.g_01200
OG0000738	Prae	Prbg.g_01494	Prae.g_01156
OG0000738	Prab	Prbg.g_01494	Prab.g_01212
OG0000738	Pran	Prbg.g_01494	Pran.g_00067
OG0000738	Prai	Prbg.g_01494	Prai.g_01165
OG0000738	Prbm	Prbg.g_01494	Prbm.g_01557
OG0000738	Prbb	Prbg.g_01494	Prbb.g_01525
OG0000738	Praj	Prbg.g_01494	Praj.g_01468
OG0000738	Prbc	Prbg.g_01494	Prbc.g_01454
OG0000738	Pral	Prbg.g_01494	Pral.g_01359
OG0000738	Prat	Prbg.g_01494	Prat.g_01163
OG0000738	Prbj	Prbg.g_01494	Prbj.g_00962
OG0000738	Prbk	Prbg.g_01494	Prbk.g_01028
OG0000738	Prbl	Prbg.g_01494	Prbl.g_02075
OG0000738	Praf	Prbg.g_01494	Praf.g_00830
OG0000738	Prah	Prbg.g_01494	Prah.g_01331
OG0000738	Syak	Prbg.g_01494	Syak.g_00907
OG0000738	Syaq	Prbg.g_01494	Syaq.g_00258
OG0000738	Syae	Prbg.g_01494	Syae.g_00935
OG0000738	Syag	Prbg.g_01494	Syag.g_01152
OG0000738	Syad	Prbg.g_01494	Syad.g_01127
OG0000738	Syaj	Prbg.g_01494	Syaj.g_00293
OG0000738	Syaa	Prbg.g_01494	Syaa.g_00761
OG0000738	Syac	Prbg.g_01494	Syac.g_00757
OG0000738	Syah	Prbg.g_01494	Syah.g_02170
OG0000738	Syaf	Prbg.g_01494	Syaf.g_01280
OG0000738	Syai	Prbg.g_01494	Syai.g_02152
OG0000738	Syam	Prbg.g_01494	Syam.g_01803
OG0000738	Syab	Prbg.g_01494	Syab.g_00949
OG0000738	Syal	Prbg.g_01494	Syal.g_01634
OG0000738	Syat	Prbg.g_01494	Syat.g_03251
OG0000738	Syap	Prbg.g_01494	Syap.g_00236
OG0000738	Syas	Prbg.g_01494	Syas.g_01193
OG0000738	Syar	Prbg.g_01494	Syar.g_01530
OG0000738	Syan	Prbg.g_01494	Syan.g_02705
OG0000738	Syao	Prbg.g_01494	Syao.g_00132
OG0000738	Pram	Prbg.g_01494	Pram.g_01148
OG0000738	Prbh	Prbg.g_01494	Prbh.g_01291
OG0000738	Prak	Prbg.g_01494	Prak.g_01180
OG0000738	Prap	Prbg.g_01494	Prap.g_00464
OG0000738	Prbe	Prbg.g_01494	Prbe.g_01557
OG0000738	Prbf	Prbg.g_01494	Prbf.g_00910
OG0000738	Prbn	Prbg.g_01494	Prbn.g_01181
OG0000739	Prab	Prbg.g_01493	Prab.g_01213
OG0000739	Pran	Prbg.g_01493	Pran.g_00066
OG0000739	Prai	Prbg.g_01493	Prai.g_01166
OG0000739	Prbi	Prbg.g_01493	Prbi.g_01201
OG0000739	Prax	Prbg.g_01493	Prax.g_00194
OG0000739	Praa	Prbg.g_01493	Praa.g_01154
OG0000739	Pray	Prbg.g_01493	Pray.g_00070
OG0000739	Praz	Prbg.g_01493	Praz.g_00761
OG0000739	Prba	Prbg.g_01493	Prba.g_00070
OG0000739	Prae	Prbg.g_01493	Prae.g_01157
OG0000739	Prao	Prbg.g_01493	Prao.g_01095
OG0000739	Prbd	Prbg.g_01493	Prbd.g_00462
OG0000739	Prad	Prbg.g_01493	Prad.g_01502
OG0000739	Pras	Prbg.g_01493	Pras.g_00050
OG0000739	Prau	Prbg.g_01493	Prau.g_01201
OG0000739	Prac	Prbg.g_01493	Prac.g_00991
OG0000739	Praq	Prbg.g_01493	Praq.g_01327
OG0000739	Prar	Prbg.g_01493	Prar.g_01269
OG0000739	Prav	Prbg.g_01493	Prav.g_00059
OG0000739	Prag	Prbg.g_01493	Prag.g_01147
OG0000739	Praw	Prbg.g_01493	Praw.g_00228
OG0000739	Praj	Prbg.g_01493	Praj.g_01467
OG0000739	Prbm	Prbg.g_01493	Prbm.g_01556
OG0000739	Prbb	Prbg.g_01493	Prbb.g_01524
OG0000739	Prbc	Prbg.g_01493	Prbc.g_01453
OG0000739	Pral	Prbg.g_01493	Pral.g_01360
OG0000739	Prat	Prbg.g_01493	Prat.g_01162
OG0000739	Syan	Prbg.g_01493	Syan.g_02704
OG0000739	Syat	Prbg.g_01493	Syat.g_03252
OG0000739	Syad	Prbg.g_01493	Syad.g_01145
OG0000739	Syae	Prbg.g_01493	Syae.g_00928
OG0000739	Prah	Prbg.g_01493	Prah.g_01329
OG0000739	Praf	Prbg.g_01493	Praf.g_00832
OG0000739	Prbj	Prbg.g_01493	Prbj.g_00964
OG0000739	Prbk	Prbg.g_01493	Prbk.g_01026
OG0000739	Prbl	Prbg.g_01493	Prbl.g_02077
OG0000739	Syac	Prbg.g_01493	Syac.g_00762
OG0000739	Syah	Prbg.g_01493	Syah.g_02165
OG0000739	Syaa	Prbg.g_01493	Syaa.g_00762
OG0000739	Syaj	Prbg.g_01493	Syaj.g_00295
OG0000739	Syaf	Prbg.g_01493	Syaf.g_01281
OG0000739	Syai	Prbg.g_01493	Syai.g_02151
OG0000739	Syam	Prbg.g_01493	Syam.g_01802
OG0000739	Syao	Prbg.g_01493	Syao.g_00131
OG0000739	Syaq	Prbg.g_01493	Syaq.g_00257
OG0000739	Syar	Prbg.g_01493	Syar.g_01531
OG0000739	Syas	Prbg.g_01493	Syas.g_01192
OG0000739	Syap	Prbg.g_01493	Syap.g_00235
OG0000739	Syab	Prbg.g_01493	Syab.g_00961
OG0000739	Syal	Prbg.g_01493	Syal.g_01645
OG0000739	Syag	Prbg.g_01493	Syag.g_01149
OG0000739	Syak	Prbg.g_01493	Syak.g_00906
OG0000739	Pram	Prbg.g_01493	Pram.g_01147
OG0000739	Prbh	Prbg.g_01493	Prbh.g_01290
OG0000739	Prak	Prbg.g_01493	Prak.g_01179
OG0000739	Prap	Prbg.g_01493	Prap.g_00463
OG0000739	Prbe	Prbg.g_01493	Prbe.g_01556
OG0000739	Prbf	Prbg.g_01493	Prbf.g_00911
OG0000739	Prbn	Prbg.g_01493	Prbn.g_01182
OG0000740	Prab	Prbg.g_01492	Prab.g_01214
OG0000740	Pran	Prbg.g_01492	Pran.g_00065
OG0000740	Prai	Prbg.g_01492	Prai.g_01167
OG0000740	Prav	Prbg.g_01492	Prav.g_00060
OG0000740	Prad	Prbg.g_01492	Prad.g_01501
OG0000740	Prag	Prbg.g_01492	Prag.g_01148
OG0000740	Praw	Prbg.g_01492	Praw.g_00229
OG0000740	Prbd	Prbg.g_01492	Prbd.g_00463
OG0000740	Prae	Prbg.g_01492	Prae.g_01158
OG0000740	Prbi	Prbg.g_01492	Prbi.g_01202
OG0000740	Praa	Prbg.g_01492	Praa.g_01155
OG0000740	Prax	Prbg.g_01492	Prax.g_00195
OG0000740	Pray	Prbg.g_01492	Pray.g_00069
OG0000740	Praz	Prbg.g_01492	Praz.g_00760
OG0000740	Prba	Prbg.g_01492	Prba.g_00069
OG0000740	Pras	Prbg.g_01492	Pras.g_00051
OG0000740	Prau	Prbg.g_01492	Prau.g_01202
OG0000740	Prac	Prbg.g_01492	Prac.g_00990
OG0000740	Praq	Prbg.g_01492	Praq.g_01328
OG0000740	Prar	Prbg.g_01492	Prar.g_01268
OG0000740	Prao	Prbg.g_01492	Prao.g_01094
OG0000740	Prbc	Prbg.g_01492	Prbc.g_01452
OG0000740	Praj	Prbg.g_01492	Praj.g_01466
OG0000740	Prbb	Prbg.g_01492	Prbb.g_01523
OG0000740	Prbm	Prbg.g_01492	Prbm.g_01555
OG0000740	Praf	Prbg.g_01492	Praf.g_00833
OG0000740	Prah	Prbg.g_01492	Prah.g_01328
OG0000740	Prbj	Prbg.g_01492	Prbj.g_00965
OG0000740	Prbk	Prbg.g_01492	Prbk.g_01025
OG0000740	Prbl	Prbg.g_01492	Prbl.g_02078
OG0000740	Syag	Prbg.g_01492	Syag.g_01148
OG0000740	Syak	Prbg.g_01492	Syak.g_00905
OG0000740	Syar	Prbg.g_01492	Syar.g_01532
OG0000740	Syat	Prbg.g_01492	Syat.g_03253
OG0000740	Syas	Prbg.g_01492	Syas.g_01191
OG0000740	Syan	Prbg.g_01492	Syan.g_02703
OG0000740	Syao	Prbg.g_01492	Syao.g_00130
OG0000740	Syap	Prbg.g_01492	Syap.g_00234
OG0000740	Syab	Prbg.g_01492	Syab.g_00962
OG0000740	Syal	Prbg.g_01492	Syal.g_01646
OG0000740	Syaq	Prbg.g_01492	Syaq.g_00256
OG0000740	Syaa	Prbg.g_01492	Syaa.g_00763
OG0000740	Syai	Prbg.g_01492	Syai.g_02150
OG0000740	Syaf	Prbg.g_01492	Syaf.g_01282
OG0000740	Syam	Prbg.g_01492	Syam.g_01801
OG0000740	Syad	Prbg.g_01492	Syad.g_01146
OG0000740	Syaj	Prbg.g_01492	Syaj.g_00296
OG0000740	Syae	Prbg.g_01492	Syae.g_00927
OG0000740	Syac	Prbg.g_01492	Syac.g_00763
OG0000740	Syah	Prbg.g_01492	Syah.g_02164
OG0000740	Pral	Prbg.g_01492	Pral.g_01361
OG0000740	Prat	Prbg.g_01492	Prat.g_01161
OG0000740	Pram	Prbg.g_01492	Pram.g_01146
OG0000740	Prbh	Prbg.g_01492	Prbh.g_01289
OG0000740	Prak	Prbg.g_01492	Prak.g_01178
OG0000740	Prap	Prbg.g_01492	Prap.g_00462
OG0000740	Prbe	Prbg.g_01492	Prbe.g_01555
OG0000740	Prbf	Prbg.g_01492	Prbf.g_00912
OG0000740	Prbn	Prbg.g_01492	Prbn.g_01183
OG0000741	Prab	Prbg.g_01490	Prab.g_01215
OG0000741	Pran	Prbg.g_01490	Pran.g_00064
OG0000741	Prai	Prbg.g_01490	Prai.g_01168
OG0000741	Prac	Prbg.g_01490	Prac.g_00989
OG0000741	Praq	Prbg.g_01490	Praq.g_01329
OG0000741	Prar	Prbg.g_01490	Prar.g_01267
OG0000741	Prad	Prbg.g_01490	Prad.g_01500
OG0000741	Pray	Prbg.g_01490	Pray.g_00068
OG0000741	Praz	Prbg.g_01490	Praz.g_00759
OG0000741	Prba	Prbg.g_01490	Prba.g_00068
OG0000741	Prae	Prbg.g_01490	Prae.g_01159
OG0000741	Pras	Prbg.g_01490	Pras.g_00052
OG0000741	Prau	Prbg.g_01490	Prau.g_01203
OG0000741	Prbd	Prbg.g_01490	Prbd.g_00464
OG0000741	Praa	Prbg.g_01490	Praa.g_01156
OG0000741	Prao	Prbg.g_01490	Prao.g_01093
OG0000741	Prbi	Prbg.g_01490	Prbi.g_01203
OG0000741	Prax	Prbg.g_01490	Prax.g_00196
OG0000741	Prav	Prbg.g_01490	Prav.g_00061
OG0000741	Prag	Prbg.g_01490	Prag.g_01149
OG0000741	Praw	Prbg.g_01490	Praw.g_00230
OG0000741	Prbm	Prbg.g_01490	Prbm.g_01553
OG0000741	Prbb	Prbg.g_01490	Prbb.g_01521
OG0000741	Praj	Prbg.g_01490	Praj.g_01464
OG0000741	Prbc	Prbg.g_01490	Prbc.g_01450
OG0000741	Prah	Prbg.g_01490	Prah.g_01325
OG0000741	Praf	Prbg.g_01490	Praf.g_00836
OG0000741	Prbj	Prbg.g_01490	Prbj.g_00968
OG0000741	Prbk	Prbg.g_01490	Prbk.g_01022
OG0000741	Prbl	Prbg.g_01490	Prbl.g_02081
OG0000741	Syar	Prbg.g_01490	Syar.g_01535
OG0000741	Syan	Prbg.g_01490	Syan.g_02700
OG0000741	Syao	Prbg.g_01490	Syao.g_00127
OG0000741	Syat	Prbg.g_01490	Syat.g_03256
OG0000741	Syap	Prbg.g_01490	Syap.g_00231
OG0000741	Syas	Prbg.g_01490	Syas.g_01188
OG0000741	Syag	Prbg.g_01490	Syag.g_01145
OG0000741	Syaq	Prbg.g_01490	Syaq.g_00253
OG0000741	Syak	Prbg.g_01490	Syak.g_00902
OG0000741	Syab	Prbg.g_01490	Syab.g_00965
OG0000741	Syal	Prbg.g_01490	Syal.g_01649
OG0000741	Syae	Prbg.g_01490	Syae.g_00924
OG0000741	Syad	Prbg.g_01490	Syad.g_01149
OG0000741	Syaj	Prbg.g_01490	Syaj.g_00299
OG0000741	Syaa	Prbg.g_01490	Syaa.g_00766
OG0000741	Syac	Prbg.g_01490	Syac.g_00766
OG0000741	Syah	Prbg.g_01490	Syah.g_02161
OG0000741	Syaf	Prbg.g_01490	Syaf.g_01285
OG0000741	Syai	Prbg.g_01490	Syai.g_02147
OG0000741	Syam	Prbg.g_01490	Syam.g_01798
OG0000741	Pral	Prbg.g_01490	Pral.g_01363
OG0000741	Prat	Prbg.g_01490	Prat.g_01159
OG0000741	Pram	Prbg.g_01490	Pram.g_01144
OG0000741	Prbh	Prbg.g_01490	Prbh.g_01287
OG0000741	Prak	Prbg.g_01490	Prak.g_01176
OG0000741	Prap	Prbg.g_01490	Prap.g_00460
OG0000741	Prbe	Prbg.g_01490	Prbe.g_01553
OG0000741	Prbf	Prbg.g_01490	Prbf.g_00914
OG0000741	Prbn	Prbg.g_01490	Prbn.g_01185
OG0000742	Prab	Prbg.g_01487	Prab.g_01218
OG0000742	Pran	Prbg.g_01487	Pran.g_00061
OG0000742	Prai	Prbg.g_01487	Prai.g_01170
OG0000742	Prag	Prbg.g_01487	Prag.g_01152
OG0000742	Praw	Prbg.g_01487	Praw.g_00233
OG0000742	Prav	Prbg.g_01487	Prav.g_00064
OG0000742	Prac	Prbg.g_01487	Prac.g_00986
OG0000742	Praq	Prbg.g_01487	Praq.g_01332
OG0000742	Prar	Prbg.g_01487	Prar.g_01264
OG0000742	Prad	Prbg.g_01487	Prad.g_01497
OG0000742	Prae	Prbg.g_01487	Prae.g_01162
OG0000742	Pray	Prbg.g_01487	Pray.g_00065
OG0000742	Praz	Prbg.g_01487	Praz.g_00756
OG0000742	Prba	Prbg.g_01487	Prba.g_00065
OG0000742	Pras	Prbg.g_01487	Pras.g_00055
OG0000742	Prau	Prbg.g_01487	Prau.g_01205
OG0000742	Prax	Prbg.g_01487	Prax.g_00199
OG0000742	Prao	Prbg.g_01487	Prao.g_01090
OG0000742	Prbi	Prbg.g_01487	Prbi.g_01206
OG0000742	Praa	Prbg.g_01487	Praa.g_01158
OG0000742	Prbd	Prbg.g_01487	Prbd.g_00467
OG0000742	Syaa	Prbg.g_01487	Syaa.g_00769
OG0000742	Syad	Prbg.g_01487	Syad.g_01151
OG0000742	Syaj	Prbg.g_01487	Syaj.g_00301
OG0000742	Syai	Prbg.g_01487	Syai.g_02145
OG0000742	Syaf	Prbg.g_01487	Syaf.g_01287
OG0000742	Syam	Prbg.g_01487	Syam.g_01796
OG0000742	Syae	Prbg.g_01487	Syae.g_00922
OG0000742	Syac	Prbg.g_01487	Syac.g_00768
OG0000742	Syah	Prbg.g_01487	Syah.g_02159
OG0000742	Syag	Prbg.g_01487	Syag.g_01142
OG0000742	Syao	Prbg.g_01487	Syao.g_00124
OG0000742	Syan	Prbg.g_01487	Syan.g_02697
OG0000742	Syap	Prbg.g_01487	Syap.g_00229
OG0000742	Syar	Prbg.g_01487	Syar.g_01538
OG0000742	Syat	Prbg.g_01487	Syat.g_03259
OG0000742	Syas	Prbg.g_01487	Syas.g_01185
OG0000742	Syaq	Prbg.g_01487	Syaq.g_00250
OG0000742	Syab	Prbg.g_01487	Syab.g_00968
OG0000742	Syal	Prbg.g_01487	Syal.g_01652
OG0000742	Syak	Prbg.g_01487	Syak.g_00899
OG0000742	Prbj	Prbg.g_01487	Prbj.g_00970
OG0000742	Prbk	Prbg.g_01487	Prbk.g_01020
OG0000742	Prbl	Prbg.g_01487	Prbl.g_02083
OG0000742	Praf	Prbg.g_01487	Praf.g_00853
OG0000742	Prah	Prbg.g_01487	Prah.g_01323
OG0000742	Prbc	Prbg.g_01487	Prbc.g_01447
OG0000742	Praj	Prbg.g_01487	Praj.g_01462
OG0000742	Prbm	Prbg.g_01487	Prbm.g_01550
OG0000742	Prbb	Prbg.g_01487	Prbb.g_01518
OG0000742	Pral	Prbg.g_01487	Pral.g_01366
OG0000742	Prat	Prbg.g_01487	Prat.g_01157
OG0000742	Pram	Prbg.g_01487	Pram.g_01141
OG0000742	Prbh	Prbg.g_01487	Prbh.g_01284
OG0000742	Prbn	Prbg.g_01487	Prbn.g_01188
OG0000742	Prak	Prbg.g_01487	Prak.g_01173
OG0000742	Prap	Prbg.g_01487	Prap.g_00457
OG0000742	Prbe	Prbg.g_01487	Prbe.g_01550
OG0000742	Prbf	Prbg.g_01487	Prbf.g_00917
OG0000743	Prai	Prbg.g_01485	Prai.g_01172
OG0000743	Prab	Prbg.g_01485	Prab.g_01220
OG0000743	Pran	Prbg.g_01485	Pran.g_00059
OG0000743	Praa	Prbg.g_01485	Praa.g_01160
OG0000743	Prac	Prbg.g_01485	Prac.g_00984
OG0000743	Prad	Prbg.g_01485	Prad.g_01495
OG0000743	Prae	Prbg.g_01485	Prae.g_01164
OG0000743	Prag	Prbg.g_01485	Prag.g_01154
OG0000743	Prao	Prbg.g_01485	Prao.g_01088
OG0000743	Praq	Prbg.g_01485	Praq.g_01334
OG0000743	Prar	Prbg.g_01485	Prar.g_01262
OG0000743	Prav	Prbg.g_01485	Prav.g_00066
OG0000743	Praw	Prbg.g_01485	Praw.g_00235
OG0000743	Prax	Prbg.g_01485	Prax.g_00201
OG0000743	Prbd	Prbg.g_01485	Prbd.g_00469
OG0000743	Prbi	Prbg.g_01485	Prbi.g_01208
OG0000743	Pras	Prbg.g_01485	Pras.g_00057
OG0000743	Prau	Prbg.g_01485	Prau.g_01207
OG0000743	Pray	Prbg.g_01485	Pray.g_00063
OG0000743	Praz	Prbg.g_01485	Praz.g_00754
OG0000743	Prba	Prbg.g_01485	Prba.g_00063
OG0000743	Praj	Prbg.g_01485	Praj.g_01460
OG0000743	Prbb	Prbg.g_01485	Prbb.g_01516
OG0000743	Prbc	Prbg.g_01485	Prbc.g_01445
OG0000743	Prbm	Prbg.g_01485	Prbm.g_01548
OG0000743	Syal	Prbg.g_01485	Syal.g_01654
OG0000743	Syab	Prbg.g_01485	Syab.g_00970
OG0000743	Syaq	Prbg.g_01485	Syaq.g_00248
OG0000743	Praf	Prbg.g_01485	Praf.g_00855
OG0000743	Prah	Prbg.g_01485	Prah.g_01321
OG0000743	Prbj	Prbg.g_01485	Prbj.g_00972
OG0000743	Prbk	Prbg.g_01485	Prbk.g_01018
OG0000743	Prbl	Prbg.g_01485	Prbl.g_02085
OG0000743	Syar	Prbg.g_01485	Syar.g_01541
OG0000743	Syat	Prbg.g_01485	Syat.g_03262
OG0000743	Syan	Prbg.g_01485	Syan.g_02694
OG0000743	Syao	Prbg.g_01485	Syao.g_00217
OG0000743	Syap	Prbg.g_01485	Syap.g_00226
OG0000743	Syas	Prbg.g_01485	Syas.g_01182
OG0000743	Syae	Prbg.g_01485	Syae.g_00920
OG0000743	Syaa	Prbg.g_01485	Syaa.g_00771
OG0000743	Syad	Prbg.g_01485	Syad.g_01153
OG0000743	Syaf	Prbg.g_01485	Syaf.g_01289
OG0000743	Syai	Prbg.g_01485	Syai.g_02143
OG0000743	Syaj	Prbg.g_01485	Syaj.g_00303
OG0000743	Syam	Prbg.g_01485	Syam.g_01794
OG0000743	Syac	Prbg.g_01485	Syac.g_00770
OG0000743	Syah	Prbg.g_01485	Syah.g_02157
OG0000743	Syag	Prbg.g_01485	Syag.g_01140
OG0000743	Syak	Prbg.g_01485	Syak.g_00897
OG0000743	Prat	Prbg.g_01485	Prat.g_01155
OG0000743	Pral	Prbg.g_01485	Pral.g_01368
OG0000743	Pram	Prbg.g_01485	Pram.g_01139
OG0000743	Prbh	Prbg.g_01485	Prbh.g_01282
OG0000743	Prak	Prbg.g_01485	Prak.g_01171
OG0000743	Prap	Prbg.g_01485	Prap.g_00455
OG0000743	Prbe	Prbg.g_01485	Prbe.g_01548
OG0000743	Prbf	Prbg.g_01485	Prbf.g_00919
OG0000743	Prbn	Prbg.g_01485	Prbn.g_01190
OG0000744	Prad	Prbg.g_01484	Prad.g_01494
OG0000744	Praa	Prbg.g_01484	Praa.g_01161
OG0000744	Prax	Prbg.g_01484	Prax.g_00202
OG0000744	Prao	Prbg.g_01484	Prao.g_01087
OG0000744	Prbi	Prbg.g_01484	Prbi.g_01209
OG0000744	Pras	Prbg.g_01484	Pras.g_00058
OG0000744	Prau	Prbg.g_01484	Prau.g_01208
OG0000744	Prae	Prbg.g_01484	Prae.g_01165
OG0000744	Prbd	Prbg.g_01484	Prbd.g_00470
OG0000744	Prag	Prbg.g_01484	Prag.g_01155
OG0000744	Praw	Prbg.g_01484	Praw.g_00236
OG0000744	Prav	Prbg.g_01484	Prav.g_00067
OG0000744	Pray	Prbg.g_01484	Pray.g_00062
OG0000744	Praz	Prbg.g_01484	Praz.g_00753
OG0000744	Prba	Prbg.g_01484	Prba.g_00062
OG0000744	Prac	Prbg.g_01484	Prac.g_00983
OG0000744	Praq	Prbg.g_01484	Praq.g_01335
OG0000744	Prar	Prbg.g_01484	Prar.g_01261
OG0000744	Prab	Prbg.g_01484	Prab.g_01221
OG0000744	Pran	Prbg.g_01484	Pran.g_00058
OG0000744	Prai	Prbg.g_01484	Prai.g_01173
OG0000744	Prbm	Prbg.g_01484	Prbm.g_01547
OG0000744	Praj	Prbg.g_01484	Praj.g_01459
OG0000744	Prbc	Prbg.g_01484	Prbc.g_01444
OG0000744	Prbb	Prbg.g_01484	Prbb.g_01515
OG0000744	Praf	Prbg.g_01484	Praf.g_00856
OG0000744	Prah	Prbg.g_01484	Prah.g_01320
OG0000744	Prbj	Prbg.g_01484	Prbj.g_00973
OG0000744	Prbk	Prbg.g_01484	Prbk.g_01017
OG0000744	Prbl	Prbg.g_01484	Prbl.g_02086
OG0000744	Syar	Prbg.g_01484	Syar.g_01542
OG0000744	Syas	Prbg.g_01484	Syas.g_01181
OG0000744	Syap	Prbg.g_01484	Syap.g_00225
OG0000744	Syan	Prbg.g_01484	Syan.g_02693
OG0000744	Syao	Prbg.g_01484	Syao.g_00216
OG0000744	Syat	Prbg.g_01484	Syat.g_03263
OG0000744	Syae	Prbg.g_01484	Syae.g_00919
OG0000744	Syad	Prbg.g_01484	Syad.g_01154
OG0000744	Syaj	Prbg.g_01484	Syaj.g_00304
OG0000744	Syak	Prbg.g_01484	Syak.g_00896
OG0000744	Syaq	Prbg.g_01484	Syaq.g_00247
OG0000744	Syaf	Prbg.g_01484	Syaf.g_01290
OG0000744	Syai	Prbg.g_01484	Syai.g_02142
OG0000744	Syam	Prbg.g_01484	Syam.g_01793
OG0000744	Syaa	Prbg.g_01484	Syaa.g_00772
OG0000744	Syac	Prbg.g_01484	Syac.g_00771
OG0000744	Syah	Prbg.g_01484	Syah.g_02156
OG0000744	Syag	Prbg.g_01484	Syag.g_01139
OG0000744	Syab	Prbg.g_01484	Syab.g_00971
OG0000744	Syal	Prbg.g_01484	Syal.g_01655
OG0000744	Pral	Prbg.g_01484	Pral.g_01369
OG0000744	Prat	Prbg.g_01484	Prat.g_01154
OG0000744	Pram	Prbg.g_01484	Pram.g_01137
OG0000744	Prbh	Prbg.g_01484	Prbh.g_01280
OG0000744	Prak	Prbg.g_01484	Prak.g_01170
OG0000744	Prap	Prbg.g_01484	Prap.g_00454
OG0000744	Prbe	Prbg.g_01484	Prbe.g_01547
OG0000744	Prbf	Prbg.g_01484	Prbf.g_00920
OG0000744	Prbn	Prbg.g_01484	Prbn.g_01191
OG0000745	Prab	Prbg.g_01483	Prab.g_01222
OG0000745	Pran	Prbg.g_01483	Pran.g_00057
OG0000745	Prai	Prbg.g_01483	Prai.g_01174
OG0000745	Prbi	Prbg.g_01483	Prbi.g_01210
OG0000745	Pras	Prbg.g_01483	Pras.g_00059
OG0000745	Prau	Prbg.g_01483	Prau.g_01209
OG0000745	Prae	Prbg.g_01483	Prae.g_01166
OG0000745	Prao	Prbg.g_01483	Prao.g_01086
OG0000745	Prbd	Prbg.g_01483	Prbd.g_00471
OG0000745	Prac	Prbg.g_01483	Prac.g_00982
OG0000745	Praq	Prbg.g_01483	Praq.g_01336
OG0000745	Prar	Prbg.g_01483	Prar.g_01260
OG0000745	Prad	Prbg.g_01483	Prad.g_01493
OG0000745	Prag	Prbg.g_01483	Prag.g_01156
OG0000745	Praw	Prbg.g_01483	Praw.g_00237
OG0000745	Pray	Prbg.g_01483	Pray.g_00060
OG0000745	Praz	Prbg.g_01483	Praz.g_00751
OG0000745	Prba	Prbg.g_01483	Prba.g_00060
OG0000745	Prav	Prbg.g_01483	Prav.g_00068
OG0000745	Praa	Prbg.g_01483	Praa.g_01162
OG0000745	Prax	Prbg.g_01483	Prax.g_00203
OG0000745	Prbm	Prbg.g_01483	Prbm.g_01545
OG0000745	Prbc	Prbg.g_01483	Prbc.g_01442
OG0000745	Praj	Prbg.g_01483	Praj.g_01458
OG0000745	Prbb	Prbg.g_01483	Prbb.g_01513
OG0000745	Prah	Prbg.g_01483	Prah.g_01318
OG0000745	Praf	Prbg.g_01483	Praf.g_00858
OG0000745	Prbj	Prbg.g_01483	Prbj.g_00846
OG0000745	Prbk	Prbg.g_01483	Prbk.g_00141
OG0000745	Prbl	Prbg.g_01483	Prbl.g_02088
OG0000745	Syar	Prbg.g_01483	Syar.g_01545
OG0000745	Syas	Prbg.g_01483	Syas.g_01178
OG0000745	Syap	Prbg.g_01483	Syap.g_00222
OG0000745	Syan	Prbg.g_01483	Syan.g_02690
OG0000745	Syao	Prbg.g_01483	Syao.g_00213
OG0000745	Syat	Prbg.g_01483	Syat.g_03266
OG0000745	Syag	Prbg.g_01483	Syag.g_01137
OG0000745	Syaq	Prbg.g_01483	Syaq.g_00245
OG0000745	Syak	Prbg.g_01483	Syak.g_00894
OG0000745	Syac	Prbg.g_01483	Syac.g_00773
OG0000745	Syah	Prbg.g_01483	Syah.g_02154
OG0000745	Syab	Prbg.g_01483	Syab.g_00973
OG0000745	Syal	Prbg.g_01483	Syal.g_01657
OG0000745	Syae	Prbg.g_01483	Syae.g_00917
OG0000745	Syaa	Prbg.g_01483	Syaa.g_00774
OG0000745	Syaf	Prbg.g_01483	Syaf.g_01293
OG0000745	Syai	Prbg.g_01483	Syai.g_02140
OG0000745	Syam	Prbg.g_01483	Syam.g_01791
OG0000745	Syaj	Prbg.g_01483	Syaj.g_00306
OG0000745	Syad	Prbg.g_01483	Syad.g_01156
OG0000745	Pral	Prbg.g_01483	Pral.g_01370
OG0000745	Prat	Prbg.g_01483	Prat.g_01153
OG0000745	Pram	Prbg.g_01483	Pram.g_01136
OG0000745	Prbh	Prbg.g_01483	Prbh.g_01279
OG0000745	Prak	Prbg.g_01483	Prak.g_01169
OG0000745	Prap	Prbg.g_01483	Prap.g_00453
OG0000745	Prbe	Prbg.g_01483	Prbe.g_01546
OG0000745	Prbf	Prbg.g_01483	Prbf.g_00921
OG0000745	Prbn	Prbg.g_01483	Prbn.g_01192
OG0000746	Prab	Prbg.g_01481	Prab.g_01224
OG0000746	Pran	Prbg.g_01481	Pran.g_00055
OG0000746	Prai	Prbg.g_01481	Prai.g_01176
OG0000746	Prad	Prbg.g_01481	Prad.g_01491
OG0000746	Prac	Prbg.g_01481	Prac.g_00980
OG0000746	Praq	Prbg.g_01481	Praq.g_01338
OG0000746	Prar	Prbg.g_01481	Prar.g_01258
OG0000746	Prag	Prbg.g_01481	Prag.g_01158
OG0000746	Praw	Prbg.g_01481	Praw.g_00239
OG0000746	Pray	Prbg.g_01481	Pray.g_00058
OG0000746	Praz	Prbg.g_01481	Praz.g_00749
OG0000746	Prba	Prbg.g_01481	Prba.g_00058
OG0000746	Prbi	Prbg.g_01481	Prbi.g_01212
OG0000746	Prae	Prbg.g_01481	Prae.g_01168
OG0000746	Prbd	Prbg.g_01481	Prbd.g_00473
OG0000746	Praa	Prbg.g_01481	Praa.g_01164
OG0000746	Prax	Prbg.g_01481	Prax.g_00205
OG0000746	Pras	Prbg.g_01481	Pras.g_00061
OG0000746	Prau	Prbg.g_01481	Prau.g_01211
OG0000746	Prao	Prbg.g_01481	Prao.g_01084
OG0000746	Prav	Prbg.g_01481	Prav.g_00070
OG0000746	Prbm	Prbg.g_01481	Prbm.g_01543
OG0000746	Prbc	Prbg.g_01481	Prbc.g_01440
OG0000746	Praj	Prbg.g_01481	Praj.g_01456
OG0000746	Prbb	Prbg.g_01481	Prbb.g_01511
OG0000746	Syan	Prbg.g_01481	Syan.g_02687
OG0000746	Syao	Prbg.g_01481	Syao.g_00210
OG0000746	Syar	Prbg.g_01481	Syar.g_01549
OG0000746	Syat	Prbg.g_01481	Syat.g_00314
OG0000746	Syap	Prbg.g_01481	Syap.g_00220
OG0000746	Syas	Prbg.g_01481	Syas.g_01176
OG0000746	Syaq	Prbg.g_01481	Syaq.g_00242
OG0000746	Syab	Prbg.g_01481	Syab.g_00975
OG0000746	Syal	Prbg.g_01481	Syal.g_01659
OG0000746	Syag	Prbg.g_01481	Syag.g_01135
OG0000746	Syak	Prbg.g_01481	Syak.g_00892
OG0000746	Prbj	Prbg.g_01481	Prbj.g_00844
OG0000746	Prbk	Prbg.g_01481	Prbk.g_00143
OG0000746	Prbl	Prbg.g_01481	Prbl.g_02090
OG0000746	Praf	Prbg.g_01481	Praf.g_00860
OG0000746	Prah	Prbg.g_01481	Prah.g_01316
OG0000746	Syad	Prbg.g_01481	Syad.g_01158
OG0000746	Syaj	Prbg.g_01481	Syaj.g_00308
OG0000746	Syaa	Prbg.g_01481	Syaa.g_00776
OG0000746	Syae	Prbg.g_01481	Syae.g_00915
OG0000746	Syac	Prbg.g_01481	Syac.g_00776
OG0000746	Syah	Prbg.g_01481	Syah.g_02151
OG0000746	Syaf	Prbg.g_01481	Syaf.g_01295
OG0000746	Syai	Prbg.g_01481	Syai.g_02138
OG0000746	Syam	Prbg.g_01481	Syam.g_01789
OG0000746	Pral	Prbg.g_01481	Pral.g_01372
OG0000746	Prat	Prbg.g_01481	Prat.g_01151
OG0000746	Pram	Prbg.g_01481	Pram.g_01134
OG0000746	Prbh	Prbg.g_01481	Prbh.g_01277
OG0000746	Prap	Prbg.g_01481	Prap.g_00451
OG0000746	Prak	Prbg.g_01481	Prak.g_01167
OG0000746	Prbe	Prbg.g_01481	Prbe.g_01544
OG0000746	Prbf	Prbg.g_01481	Prbf.g_00923
OG0000746	Prbn	Prbg.g_01481	Prbn.g_01194
OG0000747	Prab	Prbg.g_01480	Prab.g_01225
OG0000747	Pran	Prbg.g_01480	Pran.g_00054
OG0000747	Prai	Prbg.g_01480	Prai.g_01177
OG0000747	Prad	Prbg.g_01480	Prad.g_01490
OG0000747	Prav	Prbg.g_01480	Prav.g_00071
OG0000747	Prac	Prbg.g_01480	Prac.g_00979
OG0000747	Praq	Prbg.g_01480	Praq.g_01339
OG0000747	Prar	Prbg.g_01480	Prar.g_01257
OG0000747	Pras	Prbg.g_01480	Pras.g_00062
OG0000747	Prau	Prbg.g_01480	Prau.g_01212
OG0000747	Prao	Prbg.g_01480	Prao.g_01083
OG0000747	Pray	Prbg.g_01480	Pray.g_00057
OG0000747	Praz	Prbg.g_01480	Praz.g_00748
OG0000747	Prba	Prbg.g_01480	Prba.g_00057
OG0000747	Prbi	Prbg.g_01480	Prbi.g_01213
OG0000747	Prae	Prbg.g_01480	Prae.g_01169
OG0000747	Prax	Prbg.g_01480	Prax.g_00206
OG0000747	Prbd	Prbg.g_01480	Prbd.g_00474
OG0000747	Praa	Prbg.g_01480	Praa.g_01165
OG0000747	Prag	Prbg.g_01480	Prag.g_01159
OG0000747	Praw	Prbg.g_01480	Praw.g_00240
OG0000747	Prbm	Prbg.g_01480	Prbm.g_01542
OG0000747	Prbc	Prbg.g_01480	Prbc.g_01439
OG0000747	Praj	Prbg.g_01480	Praj.g_01455
OG0000747	Prbb	Prbg.g_01480	Prbb.g_01510
OG0000747	Syak	Prbg.g_01480	Syak.g_00891
OG0000747	Syab	Prbg.g_01480	Syab.g_00976
OG0000747	Syal	Prbg.g_01480	Syal.g_01660
OG0000747	Syaq	Prbg.g_01480	Syaq.g_00241
OG0000747	Syag	Prbg.g_01480	Syag.g_01134
OG0000747	Syad	Prbg.g_01480	Syad.g_01159
OG0000747	Syaj	Prbg.g_01480	Syaj.g_00309
OG0000747	Syam	Prbg.g_01480	Syam.g_01788
OG0000747	Syai	Prbg.g_01480	Syai.g_02137
OG0000747	Syaf	Prbg.g_01480	Syaf.g_01296
OG0000747	Syae	Prbg.g_01480	Syae.g_00914
OG0000747	Syac	Prbg.g_01480	Syac.g_00777
OG0000747	Syah	Prbg.g_01480	Syah.g_02150
OG0000747	Syaa	Prbg.g_01480	Syaa.g_00777
OG0000747	Syap	Prbg.g_01480	Syap.g_00219
OG0000747	Syas	Prbg.g_01480	Syas.g_01174
OG0000747	Syat	Prbg.g_01480	Syat.g_00313
OG0000747	Syar	Prbg.g_01480	Syar.g_01551
OG0000747	Syan	Prbg.g_01480	Syan.g_02685
OG0000747	Syao	Prbg.g_01480	Syao.g_00208
OG0000747	Praf	Prbg.g_01480	Praf.g_00861
OG0000747	Prbj	Prbg.g_01480	Prbj.g_00843
OG0000747	Prbk	Prbg.g_01480	Prbk.g_00144
OG0000747	Prbl	Prbg.g_01480	Prbl.g_02091
OG0000747	Prah	Prbg.g_01480	Prah.g_01315
OG0000747	Pral	Prbg.g_01480	Pral.g_01373
OG0000747	Prat	Prbg.g_01480	Prat.g_01150
OG0000747	Pram	Prbg.g_01480	Pram.g_01133
OG0000747	Prbh	Prbg.g_01480	Prbh.g_01276
OG0000747	Prak	Prbg.g_01480	Prak.g_01166
OG0000747	Prap	Prbg.g_01480	Prap.g_00450
OG0000747	Prbe	Prbg.g_01480	Prbe.g_01543
OG0000747	Prbf	Prbg.g_01480	Prbf.g_00924
OG0000747	Prbn	Prbg.g_01480	Prbn.g_01195
OG0000748	Prai	Prbg.g_01476	Prai.g_01180
OG0000748	Prab	Prbg.g_01476	Prab.g_01228
OG0000748	Pran	Prbg.g_01476	Pran.g_00051
OG0000748	Prao	Prbg.g_01476	Prao.g_01080
OG0000748	Pray	Prbg.g_01476	Pray.g_00054
OG0000748	Praz	Prbg.g_01476	Praz.g_00745
OG0000748	Prba	Prbg.g_01476	Prba.g_00054
OG0000748	Pras	Prbg.g_01476	Pras.g_00065
OG0000748	Prau	Prbg.g_01476	Prau.g_01215
OG0000748	Prbi	Prbg.g_01476	Prbi.g_01216
OG0000748	Prax	Prbg.g_01476	Prax.g_00209
OG0000748	Praa	Prbg.g_01476	Praa.g_01168
OG0000748	Prbd	Prbg.g_01476	Prbd.g_00477
OG0000748	Prav	Prbg.g_01476	Prav.g_00074
OG0000748	Prac	Prbg.g_01476	Prac.g_00976
OG0000748	Praq	Prbg.g_01476	Praq.g_01342
OG0000748	Prar	Prbg.g_01476	Prar.g_01254
OG0000748	Prag	Prbg.g_01476	Prag.g_01162
OG0000748	Praw	Prbg.g_01476	Praw.g_00243
OG0000748	Prad	Prbg.g_01476	Prad.g_01487
OG0000748	Prae	Prbg.g_01476	Prae.g_01172
OG0000748	Prbm	Prbg.g_01476	Prbm.g_01538
OG0000748	Praj	Prbg.g_01476	Praj.g_01451
OG0000748	Prbb	Prbg.g_01476	Prbb.g_01506
OG0000748	Prbc	Prbg.g_01476	Prbc.g_01435
OG0000748	Pral	Prbg.g_01476	Pral.g_01378
OG0000748	Prat	Prbg.g_01476	Prat.g_01146
OG0000748	Syat	Prbg.g_01476	Syat.g_00305
OG0000748	Syas	Prbg.g_01476	Syas.g_01146
OG0000748	Syad	Prbg.g_01476	Syad.g_01170
OG0000748	Syaj	Prbg.g_01476	Syaj.g_00319
OG0000748	Syaf	Prbg.g_01476	Syaf.g_01307
OG0000748	Syai	Prbg.g_01476	Syai.g_02125
OG0000748	Syam	Prbg.g_01476	Syam.g_01779
OG0000748	Syac	Prbg.g_01476	Syac.g_00787
OG0000748	Syah	Prbg.g_01476	Syah.g_02140
OG0000748	Syaa	Prbg.g_01476	Syaa.g_00787
OG0000748	Syae	Prbg.g_01476	Syae.g_00902
OG0000748	Syak	Prbg.g_01476	Syak.g_00875
OG0000748	Syab	Prbg.g_01476	Syab.g_00991
OG0000748	Syal	Prbg.g_01476	Syal.g_01674
OG0000748	Syag	Prbg.g_01476	Syag.g_01122
OG0000748	Syaq	Prbg.g_01476	Syaq.g_00227
OG0000748	Praf	Prbg.g_01476	Praf.g_00873
OG0000748	Prah	Prbg.g_01476	Prah.g_01304
OG0000748	Prbj	Prbg.g_01476	Prbj.g_00831
OG0000748	Prbk	Prbg.g_01476	Prbk.g_00156
OG0000748	Prbl	Prbg.g_01476	Prbl.g_02103
OG0000748	Syar	Prbg.g_01476	Syar.g_01945
OG0000748	Syap	Prbg.g_01476	Syap.g_00212
OG0000748	Syan	Prbg.g_01476	Syan.g_02669
OG0000748	Syao	Prbg.g_01476	Syao.g_00193
OG0000748	Pram	Prbg.g_01476	Pram.g_01129
OG0000748	Prbh	Prbg.g_01476	Prbh.g_01272
OG0000748	Prak	Prbg.g_01476	Prak.g_01162
OG0000748	Prap	Prbg.g_01476	Prap.g_00446
OG0000748	Prbe	Prbg.g_01476	Prbe.g_01539
OG0000748	Prbf	Prbg.g_01476	Prbf.g_00928
OG0000748	Prbn	Prbg.g_01476	Prbn.g_01199
OG0000749	Prad	Prbg.g_01475	Prad.g_01486
OG0000749	Prae	Prbg.g_01475	Prae.g_01173
OG0000749	Pray	Prbg.g_01475	Pray.g_00053
OG0000749	Praz	Prbg.g_01475	Praz.g_00744
OG0000749	Prba	Prbg.g_01475	Prba.g_00053
OG0000749	Pras	Prbg.g_01475	Pras.g_00066
OG0000749	Prau	Prbg.g_01475	Prau.g_01216
OG0000749	Praa	Prbg.g_01475	Praa.g_01169
OG0000749	Prav	Prbg.g_01475	Prav.g_00075
OG0000749	Prac	Prbg.g_01475	Prac.g_00975
OG0000749	Praq	Prbg.g_01475	Praq.g_01343
OG0000749	Prar	Prbg.g_01475	Prar.g_01253
OG0000749	Prab	Prbg.g_01475	Prab.g_01229
OG0000749	Pran	Prbg.g_01475	Pran.g_00050
OG0000749	Prai	Prbg.g_01475	Prai.g_01181
OG0000749	Prag	Prbg.g_01475	Prag.g_01163
OG0000749	Praw	Prbg.g_01475	Praw.g_00244
OG0000749	Prbi	Prbg.g_01475	Prbi.g_01217
OG0000749	Prao	Prbg.g_01475	Prao.g_01079
OG0000749	Prbd	Prbg.g_01475	Prbd.g_00478
OG0000749	Prax	Prbg.g_01475	Prax.g_00210
OG0000749	Syak	Prbg.g_01475	Syak.g_00874
OG0000749	Syab	Prbg.g_01475	Syab.g_00992
OG0000749	Syal	Prbg.g_01475	Syal.g_01675
OG0000749	Prah	Prbg.g_01475	Prah.g_01303
OG0000749	Praf	Prbg.g_01475	Praf.g_00874
OG0000749	Prbj	Prbg.g_01475	Prbj.g_00830
OG0000749	Prbk	Prbg.g_01475	Prbk.g_00157
OG0000749	Prbl	Prbg.g_01475	Prbl.g_02104
OG0000749	Syai	Prbg.g_01475	Syai.g_02123
OG0000749	Syaf	Prbg.g_01475	Syaf.g_01309
OG0000749	Syam	Prbg.g_01475	Syam.g_01776
OG0000749	Syac	Prbg.g_01475	Syac.g_00789
OG0000749	Syah	Prbg.g_01475	Syah.g_02138
OG0000749	Syae	Prbg.g_01475	Syae.g_00900
OG0000749	Syaa	Prbg.g_01475	Syaa.g_00789
OG0000749	Syad	Prbg.g_01475	Syad.g_01173
OG0000749	Syaj	Prbg.g_01475	Syaj.g_00322
OG0000749	Syag	Prbg.g_01475	Syag.g_01121
OG0000749	Syaq	Prbg.g_01475	Syaq.g_00226
OG0000749	Syar	Prbg.g_01475	Syar.g_01946
OG0000749	Syan	Prbg.g_01475	Syan.g_02668
OG0000749	Syao	Prbg.g_01475	Syao.g_00192
OG0000749	Syap	Prbg.g_01475	Syap.g_00211
OG0000749	Syas	Prbg.g_01475	Syas.g_01144
OG0000749	Syat	Prbg.g_01475	Syat.g_00303
OG0000749	Prbm	Prbg.g_01475	Prbm.g_01537
OG0000749	Prbc	Prbg.g_01475	Prbc.g_01434
OG0000749	Praj	Prbg.g_01475	Praj.g_01450
OG0000749	Prbb	Prbg.g_01475	Prbb.g_01505
OG0000749	Pral	Prbg.g_01475	Pral.g_01379
OG0000749	Prat	Prbg.g_01475	Prat.g_01145
OG0000749	Pram	Prbg.g_01475	Pram.g_01128
OG0000749	Prbh	Prbg.g_01475	Prbh.g_01271
OG0000749	Prak	Prbg.g_01475	Prak.g_01161
OG0000749	Prap	Prbg.g_01475	Prap.g_00445
OG0000749	Prbe	Prbg.g_01475	Prbe.g_01538
OG0000749	Prbf	Prbg.g_01475	Prbf.g_00929
OG0000749	Prbn	Prbg.g_01475	Prbn.g_01200
OG0000750	Prai	Prbg.g_01474	Prai.g_01182
OG0000750	Prab	Prbg.g_01474	Prab.g_01230
OG0000750	Pran	Prbg.g_01474	Pran.g_00049
OG0000750	Pray	Prbg.g_01474	Pray.g_00052
OG0000750	Praz	Prbg.g_01474	Praz.g_00743
OG0000750	Prba	Prbg.g_01474	Prba.g_00052
OG0000750	Prac	Prbg.g_01474	Prac.g_00974
OG0000750	Praq	Prbg.g_01474	Praq.g_01344
OG0000750	Prar	Prbg.g_01474	Prar.g_01252
OG0000750	Praa	Prbg.g_01474	Praa.g_01170
OG0000750	Prag	Prbg.g_01474	Prag.g_01164
OG0000750	Praw	Prbg.g_01474	Praw.g_00245
OG0000750	Prax	Prbg.g_01474	Prax.g_00211
OG0000750	Prbd	Prbg.g_01474	Prbd.g_00479
OG0000750	Prad	Prbg.g_01474	Prad.g_01485
OG0000750	Prao	Prbg.g_01474	Prao.g_01078
OG0000750	Prbi	Prbg.g_01474	Prbi.g_01218
OG0000750	Pras	Prbg.g_01474	Pras.g_00067
OG0000750	Prau	Prbg.g_01474	Prau.g_01217
OG0000750	Prae	Prbg.g_01474	Prae.g_01174
OG0000750	Prav	Prbg.g_01474	Prav.g_00076
OG0000750	Prbm	Prbg.g_01474	Prbm.g_01536
OG0000750	Praj	Prbg.g_01474	Praj.g_01449
OG0000750	Prbb	Prbg.g_01474	Prbb.g_01504
OG0000750	Prbc	Prbg.g_01474	Prbc.g_01433
OG0000750	Syab	Prbg.g_01474	Syab.g_00993
OG0000750	Syal	Prbg.g_01474	Syal.g_01676
OG0000750	Prbj	Prbg.g_01474	Prbj.g_00829
OG0000750	Prbk	Prbg.g_01474	Prbk.g_00158
OG0000750	Prbl	Prbg.g_01474	Prbl.g_02105
OG0000750	Praf	Prbg.g_01474	Praf.g_00875
OG0000750	Prah	Prbg.g_01474	Prah.g_01302
OG0000750	Syak	Prbg.g_01474	Syak.g_00873
OG0000750	Syam	Prbg.g_01474	Syam.g_01775
OG0000750	Syaf	Prbg.g_01474	Syaf.g_01310
OG0000750	Syai	Prbg.g_01474	Syai.g_02122
OG0000750	Syae	Prbg.g_01474	Syae.g_00899
OG0000750	Syaa	Prbg.g_01474	Syaa.g_00790
OG0000750	Syac	Prbg.g_01474	Syac.g_00790
OG0000750	Syah	Prbg.g_01474	Syah.g_02137
OG0000750	Syad	Prbg.g_01474	Syad.g_01174
OG0000750	Syaj	Prbg.g_01474	Syaj.g_00323
OG0000750	Syaq	Prbg.g_01474	Syaq.g_00225
OG0000750	Syag	Prbg.g_01474	Syag.g_01120
OG0000750	Syar	Prbg.g_01474	Syar.g_01947
OG0000750	Syat	Prbg.g_01474	Syat.g_00302
OG0000750	Syas	Prbg.g_01474	Syas.g_01143
OG0000750	Syap	Prbg.g_01474	Syap.g_00210
OG0000750	Syan	Prbg.g_01474	Syan.g_02667
OG0000750	Syao	Prbg.g_01474	Syao.g_00191
OG0000750	Prat	Prbg.g_01474	Prat.g_01144
OG0000750	Pral	Prbg.g_01474	Pral.g_01380
OG0000750	Pram	Prbg.g_01474	Pram.g_01127
OG0000750	Prbh	Prbg.g_01474	Prbh.g_01270
OG0000750	Prak	Prbg.g_01474	Prak.g_01160
OG0000750	Prap	Prbg.g_01474	Prap.g_00444
OG0000750	Prbe	Prbg.g_01474	Prbe.g_01537
OG0000750	Prbf	Prbg.g_01474	Prbf.g_00930
OG0000750	Prbn	Prbg.g_01474	Prbn.g_01201
OG0000751	Prab	Prbg.g_01471	Prab.g_01232
OG0000751	Pran	Prbg.g_01471	Pran.g_00047
OG0000751	Prai	Prbg.g_01471	Prai.g_01184
OG0000751	Prav	Prbg.g_01471	Prav.g_01868
OG0000751	Prac	Prbg.g_01471	Prac.g_00972
OG0000751	Praq	Prbg.g_01471	Praq.g_01346
OG0000751	Prar	Prbg.g_01471	Prar.g_01250
OG0000751	Prag	Prbg.g_01471	Prag.g_01166
OG0000751	Praw	Prbg.g_01471	Praw.g_00247
OG0000751	Prao	Prbg.g_01471	Prao.g_01076
OG0000751	Pras	Prbg.g_01471	Pras.g_00069
OG0000751	Prau	Prbg.g_01471	Prau.g_01219
OG0000751	Prad	Prbg.g_01471	Prad.g_01483
OG0000751	Prax	Prbg.g_01471	Prax.g_00213
OG0000751	Prbd	Prbg.g_01471	Prbd.g_00481
OG0000751	Praa	Prbg.g_01471	Praa.g_01172
OG0000751	Prbi	Prbg.g_01471	Prbi.g_01220
OG0000751	Prae	Prbg.g_01471	Prae.g_01176
OG0000751	Pray	Prbg.g_01471	Pray.g_00050
OG0000751	Praz	Prbg.g_01471	Praz.g_00741
OG0000751	Prba	Prbg.g_01471	Prba.g_00050
OG0000751	Prbm	Prbg.g_01471	Prbm.g_01533
OG0000751	Prbc	Prbg.g_01471	Prbc.g_01430
OG0000751	Praj	Prbg.g_01471	Praj.g_01446
OG0000751	Prbb	Prbg.g_01471	Prbb.g_01501
OG0000751	Prbj	Prbg.g_01471	Prbj.g_00305
OG0000751	Prbk	Prbg.g_01471	Prbk.g_00105
OG0000751	Prbl	Prbg.g_01471	Prbl.g_00179
OG0000751	Praf	Prbg.g_01471	Praf.g_00880
OG0000751	Prah	Prbg.g_01471	Prah.g_01297
OG0000751	Syar	Prbg.g_01471	Syar.g_01952
OG0000751	Syat	Prbg.g_01471	Syat.g_00296
OG0000751	Syan	Prbg.g_01471	Syan.g_02661
OG0000751	Syao	Prbg.g_01471	Syao.g_00185
OG0000751	Syap	Prbg.g_01471	Syap.g_00205
OG0000751	Syas	Prbg.g_01471	Syas.g_01138
OG0000751	Syae	Prbg.g_01471	Syae.g_00892
OG0000751	Syad	Prbg.g_01471	Syad.g_01182
OG0000751	Syaj	Prbg.g_01471	Syaj.g_00331
OG0000751	Syac	Prbg.g_01471	Syac.g_00797
OG0000751	Syah	Prbg.g_01471	Syah.g_02130
OG0000751	Syaf	Prbg.g_01471	Syaf.g_01317
OG0000751	Syai	Prbg.g_01471	Syai.g_02116
OG0000751	Syam	Prbg.g_01471	Syam.g_01770
OG0000751	Syaa	Prbg.g_01471	Syaa.g_00797
OG0000751	Syak	Prbg.g_01471	Syak.g_00862
OG0000751	Syab	Prbg.g_01471	Syab.g_01002
OG0000751	Syal	Prbg.g_01471	Syal.g_01688
OG0000751	Syaq	Prbg.g_01471	Syaq.g_00219
OG0000751	Syag	Prbg.g_01471	Syag.g_01114
OG0000751	Pral	Prbg.g_01471	Pral.g_01383
OG0000751	Prat	Prbg.g_01471	Prat.g_01141
OG0000751	Pram	Prbg.g_01471	Pram.g_01124
OG0000751	Prbh	Prbg.g_01471	Prbh.g_01267
OG0000751	Prak	Prbg.g_01471	Prak.g_01157
OG0000751	Prap	Prbg.g_01471	Prap.g_00441
OG0000751	Prbe	Prbg.g_01471	Prbe.g_01534
OG0000751	Prbf	Prbg.g_01471	Prbf.g_00933
OG0000751	Prbn	Prbg.g_01471	Prbn.g_01204
OG0000752	Prag	Prbg.g_01469	Prag.g_01168
OG0000752	Praw	Prbg.g_01469	Praw.g_00249
OG0000752	Prav	Prbg.g_01469	Prav.g_01866
OG0000752	Prab	Prbg.g_01469	Prab.g_01234
OG0000752	Pran	Prbg.g_01469	Pran.g_00045
OG0000752	Prai	Prbg.g_01469	Prai.g_01186
OG0000752	Prad	Prbg.g_01469	Prad.g_01481
OG0000752	Prac	Prbg.g_01469	Prac.g_00970
OG0000752	Praq	Prbg.g_01469	Praq.g_01348
OG0000752	Prar	Prbg.g_01469	Prar.g_01248
OG0000752	Pras	Prbg.g_01469	Pras.g_00071
OG0000752	Prau	Prbg.g_01469	Prau.g_01221
OG0000752	Prao	Prbg.g_01469	Prao.g_01074
OG0000752	Prae	Prbg.g_01469	Prae.g_01178
OG0000752	Praa	Prbg.g_01469	Praa.g_01174
OG0000752	Prbd	Prbg.g_01469	Prbd.g_00483
OG0000752	Pray	Prbg.g_01469	Pray.g_00048
OG0000752	Praz	Prbg.g_01469	Praz.g_00739
OG0000752	Prba	Prbg.g_01469	Prba.g_00048
OG0000752	Prax	Prbg.g_01469	Prax.g_00215
OG0000752	Prbi	Prbg.g_01469	Prbi.g_01222
OG0000752	Prbj	Prbg.g_01469	Prbj.g_00308
OG0000752	Prbk	Prbg.g_01469	Prbk.g_00103
OG0000752	Prbl	Prbg.g_01469	Prbl.g_00181
OG0000752	Praf	Prbg.g_01469	Praf.g_00882
OG0000752	Prah	Prbg.g_01469	Prah.g_01295
OG0000752	Syab	Prbg.g_01469	Syab.g_01004
OG0000752	Syal	Prbg.g_01469	Syal.g_01690
OG0000752	Syaf	Prbg.g_01469	Syaf.g_01319
OG0000752	Syai	Prbg.g_01469	Syai.g_02114
OG0000752	Syam	Prbg.g_01469	Syam.g_01768
OG0000752	Syad	Prbg.g_01469	Syad.g_01184
OG0000752	Syaj	Prbg.g_01469	Syaj.g_00333
OG0000752	Syaa	Prbg.g_01469	Syaa.g_00799
OG0000752	Syae	Prbg.g_01469	Syae.g_00890
OG0000752	Syac	Prbg.g_01469	Syac.g_00799
OG0000752	Syah	Prbg.g_01469	Syah.g_02128
OG0000752	Syag	Prbg.g_01469	Syag.g_01112
OG0000752	Syan	Prbg.g_01469	Syan.g_02659
OG0000752	Syao	Prbg.g_01469	Syao.g_00183
OG0000752	Syap	Prbg.g_01469	Syap.g_01793
OG0000752	Syat	Prbg.g_01469	Syat.g_00294
OG0000752	Syar	Prbg.g_01469	Syar.g_01954
OG0000752	Syas	Prbg.g_01469	Syas.g_01136
OG0000752	Syaq	Prbg.g_01469	Syaq.g_00217
OG0000752	Syak	Prbg.g_01469	Syak.g_00860
OG0000752	Prbm	Prbg.g_01469	Prbm.g_01531
OG0000752	Prbc	Prbg.g_01469	Prbc.g_01428
OG0000752	Praj	Prbg.g_01469	Praj.g_01444
OG0000752	Prbb	Prbg.g_01469	Prbb.g_01499
OG0000752	Pral	Prbg.g_01469	Pral.g_01385
OG0000752	Prat	Prbg.g_01469	Prat.g_01139
OG0000752	Pram	Prbg.g_01469	Pram.g_01122
OG0000752	Prbh	Prbg.g_01469	Prbh.g_01265
OG0000752	Prak	Prbg.g_01469	Prak.g_01155
OG0000752	Prap	Prbg.g_01469	Prap.g_00439
OG0000752	Prbe	Prbg.g_01469	Prbe.g_01532
OG0000752	Prbf	Prbg.g_01469	Prbf.g_00935
OG0000752	Prbn	Prbg.g_01469	Prbn.g_01206
OG0000753	Prab	Prbg.g_01467	Prab.g_01237
OG0000753	Pran	Prbg.g_01467	Pran.g_00042
OG0000753	Prai	Prbg.g_01467	Prai.g_01189
OG0000753	Pray	Prbg.g_01467	Pray.g_00045
OG0000753	Praz	Prbg.g_01467	Praz.g_00736
OG0000753	Prba	Prbg.g_01467	Prba.g_00045
OG0000753	Praa	Prbg.g_01467	Praa.g_01177
OG0000753	Prae	Prbg.g_01467	Prae.g_01181
OG0000753	Prbi	Prbg.g_01467	Prbi.g_01225
OG0000753	Prac	Prbg.g_01467	Prac.g_00967
OG0000753	Praq	Prbg.g_01467	Praq.g_01351
OG0000753	Prar	Prbg.g_01467	Prar.g_01245
OG0000753	Prag	Prbg.g_01467	Prag.g_01171
OG0000753	Praw	Prbg.g_01467	Praw.g_00252
OG0000753	Prbd	Prbg.g_01467	Prbd.g_00486
OG0000753	Prax	Prbg.g_01467	Prax.g_00218
OG0000753	Prad	Prbg.g_01467	Prad.g_01478
OG0000753	Prao	Prbg.g_01467	Prao.g_01071
OG0000753	Pras	Prbg.g_01467	Pras.g_00074
OG0000753	Prau	Prbg.g_01467	Prau.g_01224
OG0000753	Prav	Prbg.g_01467	Prav.g_01863
OG0000753	Prbm	Prbg.g_01467	Prbm.g_01529
OG0000753	Prbc	Prbg.g_01467	Prbc.g_01426
OG0000753	Praj	Prbg.g_01467	Praj.g_01442
OG0000753	Prbb	Prbg.g_01467	Prbb.g_01497
OG0000753	Prbj	Prbg.g_01467	Prbj.g_00311
OG0000753	Prbk	Prbg.g_01467	Prbk.g_00100
OG0000753	Prbl	Prbg.g_01467	Prbl.g_00184
OG0000753	Praf	Prbg.g_01467	Praf.g_00885
OG0000753	Prah	Prbg.g_01467	Prah.g_01292
OG0000753	Syar	Prbg.g_01467	Syar.g_01957
OG0000753	Syan	Prbg.g_01467	Syan.g_02656
OG0000753	Syao	Prbg.g_01467	Syao.g_00180
OG0000753	Syat	Prbg.g_01467	Syat.g_00291
OG0000753	Syas	Prbg.g_01467	Syas.g_01133
OG0000753	Syap	Prbg.g_01467	Syap.g_02775
OG0000753	Syai	Prbg.g_01467	Syai.g_02111
OG0000753	Syaf	Prbg.g_01467	Syaf.g_01322
OG0000753	Syam	Prbg.g_01467	Syam.g_01765
OG0000753	Syac	Prbg.g_01467	Syac.g_00802
OG0000753	Syah	Prbg.g_01467	Syah.g_02125
OG0000753	Syaa	Prbg.g_01467	Syaa.g_00802
OG0000753	Syae	Prbg.g_01467	Syae.g_00887
OG0000753	Syad	Prbg.g_01467	Syad.g_01187
OG0000753	Syaj	Prbg.g_01467	Syaj.g_00336
OG0000753	Syak	Prbg.g_01467	Syak.g_00857
OG0000753	Syab	Prbg.g_01467	Syab.g_01007
OG0000753	Syal	Prbg.g_01467	Syal.g_01693
OG0000753	Syaq	Prbg.g_01467	Syaq.g_00214
OG0000753	Syag	Prbg.g_01467	Syag.g_01109
OG0000753	Pral	Prbg.g_01467	Pral.g_01388
OG0000753	Prat	Prbg.g_01467	Prat.g_01136
OG0000753	Pram	Prbg.g_01467	Pram.g_01119
OG0000753	Prbh	Prbg.g_01467	Prbh.g_01262
OG0000753	Prak	Prbg.g_01467	Prak.g_01153
OG0000753	Prap	Prbg.g_01467	Prap.g_00437
OG0000753	Prbe	Prbg.g_01467	Prbe.g_01530
OG0000753	Prbf	Prbg.g_01467	Prbf.g_00937
OG0000753	Prbn	Prbg.g_01467	Prbn.g_01208
OG0000754	Prai	Prbg.g_01464	Prai.g_01192
OG0000754	Prab	Prbg.g_01464	Prab.g_01240
OG0000754	Pran	Prbg.g_01464	Pran.g_00039
OG0000754	Prax	Prbg.g_01464	Prax.g_00221
OG0000754	Prbi	Prbg.g_01464	Prbi.g_01228
OG0000754	Prae	Prbg.g_01464	Prae.g_01184
OG0000754	Praa	Prbg.g_01464	Praa.g_01180
OG0000754	Prbd	Prbg.g_01464	Prbd.g_00489
OG0000754	Pras	Prbg.g_01464	Pras.g_00077
OG0000754	Prau	Prbg.g_01464	Prau.g_01227
OG0000754	Prag	Prbg.g_01464	Prag.g_01174
OG0000754	Praw	Prbg.g_01464	Praw.g_00255
OG0000754	Prad	Prbg.g_01464	Prad.g_01475
OG0000754	Prav	Prbg.g_01464	Prav.g_01860
OG0000754	Pray	Prbg.g_01464	Pray.g_00042
OG0000754	Praz	Prbg.g_01464	Praz.g_00733
OG0000754	Prba	Prbg.g_01464	Prba.g_00042
OG0000754	Prac	Prbg.g_01464	Prac.g_00964
OG0000754	Praq	Prbg.g_01464	Praq.g_01354
OG0000754	Prar	Prbg.g_01464	Prar.g_01242
OG0000754	Prao	Prbg.g_01464	Prao.g_01068
OG0000754	Prbm	Prbg.g_01464	Prbm.g_01525
OG0000754	Praj	Prbg.g_01464	Praj.g_01438
OG0000754	Prbb	Prbg.g_01464	Prbb.g_01493
OG0000754	Prbc	Prbg.g_01464	Prbc.g_01422
OG0000754	Prah	Prbg.g_01464	Prah.g_01262
OG0000754	Praf	Prbg.g_01464	Praf.g_00914
OG0000754	Prbj	Prbg.g_01464	Prbj.g_01910
OG0000754	Prbk	Prbg.g_01464	Prbk.g_01501
OG0000754	Prbl	Prbg.g_01464	Prbl.g_01379
OG0000754	Syan	Prbg.g_01464	Syan.g_02650
OG0000754	Syao	Prbg.g_01464	Syao.g_00175
OG0000754	Syar	Prbg.g_01464	Syar.g_01963
OG0000754	Syat	Prbg.g_01464	Syat.g_00250
OG0000754	Syap	Prbg.g_01464	Syap.g_01883
OG0000754	Syas	Prbg.g_01464	Syas.g_01128
OG0000754	Syaq	Prbg.g_01464	Syaq.g_00209
OG0000754	Syak	Prbg.g_01464	Syak.g_00852
OG0000754	Syac	Prbg.g_01464	Syac.g_01471
OG0000754	Syah	Prbg.g_01464	Syah.g_01431
OG0000754	Syae	Prbg.g_01464	Syae.g_00641
OG0000754	Syaa	Prbg.g_01464	Syaa.g_01025
OG0000754	Syad	Prbg.g_01464	Syad.g_01516
OG0000754	Syaj	Prbg.g_01464	Syaj.g_00643
OG0000754	Syai	Prbg.g_01464	Syai.g_01750
OG0000754	Syaf	Prbg.g_01464	Syaf.g_01611
OG0000754	Syam	Prbg.g_01464	Syam.g_00910
OG0000754	Syab	Prbg.g_01464	Syab.g_01012
OG0000754	Syal	Prbg.g_01464	Syal.g_01698
OG0000754	Syag	Prbg.g_01464	Syag.g_01103
OG0000754	Pral	Prbg.g_01464	Pral.g_01391
OG0000754	Prat	Prbg.g_01464	Prat.g_01134
OG0000754	Pram	Prbg.g_01464	Pram.g_01117
OG0000754	Prbh	Prbg.g_01464	Prbh.g_01260
OG0000754	Prbn	Prbg.g_01464	Prbn.g_01211
OG0000754	Prak	Prbg.g_01464	Prak.g_01150
OG0000754	Prap	Prbg.g_01464	Prap.g_00434
OG0000754	Prbe	Prbg.g_01464	Prbe.g_01527
OG0000754	Prbf	Prbg.g_01464	Prbf.g_00940
OG0000755	Prab	Prbg.g_01458	Prab.g_01243
OG0000755	Pran	Prbg.g_01458	Pran.g_00036
OG0000755	Prai	Prbg.g_01458	Prai.g_01196
OG0000755	Prag	Prbg.g_01458	Prag.g_01177
OG0000755	Praw	Prbg.g_01458	Praw.g_00258
OG0000755	Pray	Prbg.g_01458	Pray.g_00039
OG0000755	Praz	Prbg.g_01458	Praz.g_00730
OG0000755	Prba	Prbg.g_01458	Prba.g_00039
OG0000755	Prac	Prbg.g_01458	Prac.g_00961
OG0000755	Praq	Prbg.g_01458	Praq.g_01357
OG0000755	Prar	Prbg.g_01458	Prar.g_01239
OG0000755	Prao	Prbg.g_01458	Prao.g_01065
OG0000755	Prav	Prbg.g_01458	Prav.g_01857
OG0000755	Prad	Prbg.g_01458	Prad.g_01472
OG0000755	Pras	Prbg.g_01458	Pras.g_00080
OG0000755	Prau	Prbg.g_01458	Prau.g_01230
OG0000755	Prbd	Prbg.g_01458	Prbd.g_00492
OG0000755	Praa	Prbg.g_01458	Praa.g_01183
OG0000755	Prax	Prbg.g_01458	Prax.g_00224
OG0000755	Prae	Prbg.g_01458	Prae.g_01187
OG0000755	Prbi	Prbg.g_01458	Prbi.g_01231
OG0000755	Prbj	Prbg.g_01458	Prbj.g_00002
OG0000755	Prbk	Prbg.g_01458	Prbk.g_00139
OG0000755	Prbl	Prbg.g_01458	Prbl.g_01120
OG0000755	Praf	Prbg.g_01458	Praf.g_00921
OG0000755	Prah	Prbg.g_01458	Prah.g_01255
OG0000755	Syar	Prbg.g_01458	Syar.g_01974
OG0000755	Syan	Prbg.g_01458	Syan.g_02641
OG0000755	Syao	Prbg.g_01458	Syao.g_00021
OG0000755	Syap	Prbg.g_01458	Syap.g_01893
OG0000755	Syas	Prbg.g_01458	Syas.g_01117
OG0000755	Syat	Prbg.g_01458	Syat.g_00217
OG0000755	Syac	Prbg.g_01458	Syac.g_01479
OG0000755	Syah	Prbg.g_01458	Syah.g_01423
OG0000755	Syaf	Prbg.g_01458	Syaf.g_01599
OG0000755	Syai	Prbg.g_01458	Syai.g_01760
OG0000755	Syam	Prbg.g_01458	Syam.g_00900
OG0000755	Syad	Prbg.g_01458	Syad.g_01504
OG0000755	Syaj	Prbg.g_01458	Syaj.g_00631
OG0000755	Syaa	Prbg.g_01458	Syaa.g_01005
OG0000755	Syae	Prbg.g_01458	Syae.g_00651
OG0000755	Syaq	Prbg.g_01458	Syaq.g_00198
OG0000755	Syag	Prbg.g_01458	Syag.g_01092
OG0000755	Syab	Prbg.g_01458	Syab.g_01021
OG0000755	Syal	Prbg.g_01458	Syal.g_01707
OG0000755	Syak	Prbg.g_01458	Syak.g_00841
OG0000755	Prbm	Prbg.g_01458	Prbm.g_01520
OG0000755	Prbc	Prbg.g_01458	Prbc.g_01418
OG0000755	Praj	Prbg.g_01458	Praj.g_01434
OG0000755	Prbb	Prbg.g_01458	Prbb.g_01488
OG0000755	Pral	Prbg.g_01458	Pral.g_01399
OG0000755	Prat	Prbg.g_01458	Prat.g_01128
OG0000755	Pram	Prbg.g_01458	Pram.g_01111
OG0000755	Prbh	Prbg.g_01458	Prbh.g_01254
OG0000755	Prak	Prbg.g_01458	Prak.g_01144
OG0000755	Prap	Prbg.g_01458	Prap.g_00428
OG0000755	Prbe	Prbg.g_01458	Prbe.g_01521
OG0000755	Prbf	Prbg.g_01458	Prbf.g_00946
OG0000755	Prbn	Prbg.g_01458	Prbn.g_00390
OG0000756	Prab	Prbg.g_01457	Prab.g_01244
OG0000756	Pran	Prbg.g_01457	Pran.g_00035
OG0000756	Prai	Prbg.g_01457	Prai.g_01197
OG0000756	Prao	Prbg.g_01457	Prao.g_01064
OG0000756	Prav	Prbg.g_01457	Prav.g_01856
OG0000756	Prac	Prbg.g_01457	Prac.g_00960
OG0000756	Praq	Prbg.g_01457	Praq.g_01358
OG0000756	Prar	Prbg.g_01457	Prar.g_01238
OG0000756	Prad	Prbg.g_01457	Prad.g_01470, Prad.g_01471
OG0000756	Pray	Prbg.g_01457	Pray.g_00038
OG0000756	Praz	Prbg.g_01457	Praz.g_00729
OG0000756	Prba	Prbg.g_01457	Prba.g_00038
OG0000756	Prag	Prbg.g_01457	Prag.g_01178
OG0000756	Praw	Prbg.g_01457	Praw.g_00259
OG0000756	Pras	Prbg.g_01457	Pras.g_00081
OG0000756	Prau	Prbg.g_01457	Prau.g_01231
OG0000756	Prbi	Prbg.g_01457	Prbi.g_01232
OG0000756	Prbd	Prbg.g_01457	Prbd.g_00493
OG0000756	Prae	Prbg.g_01457	Prae.g_01188
OG0000756	Praa	Prbg.g_01457	Praa.g_01184
OG0000756	Prax	Prbg.g_01457	Prax.g_00225
OG0000756	Prbm	Prbg.g_01457	Prbm.g_01519
OG0000756	Prbc	Prbg.g_01457	Prbc.g_01417
OG0000756	Praj	Prbg.g_01457	Praj.g_01433
OG0000756	Prbb	Prbg.g_01457	Prbb.g_01487
OG0000756	Syac	Prbg.g_01457	Syac.g_01480
OG0000756	Syah	Prbg.g_01457	Syah.g_01422
OG0000756	Syad	Prbg.g_01457	Syad.g_01498
OG0000756	Syaj	Prbg.g_01457	Syaj.g_00625
OG0000756	Syaf	Prbg.g_01457	Syaf.g_01598
OG0000756	Syai	Prbg.g_01457	Syai.g_01761
OG0000756	Syam	Prbg.g_01457	Syam.g_00899
OG0000756	Syae	Prbg.g_01457	Syae.g_00652
OG0000756	Syaa	Prbg.g_01457	Syaa.g_01004
OG0000756	Syao	Prbg.g_01457	Syao.g_00229
OG0000756	Syas	Prbg.g_01457	Syas.g_01116
OG0000756	Syat	Prbg.g_01457	Syat.g_00216
OG0000756	Syan	Prbg.g_01457	Syan.g_02640
OG0000756	Syar	Prbg.g_01457	Syar.g_01975
OG0000756	Syak	Prbg.g_01457	Syak.g_00840
OG0000756	Syab	Prbg.g_01457	Syab.g_01022
OG0000756	Syal	Prbg.g_01457	Syal.g_01708
OG0000756	Syag	Prbg.g_01457	Syag.g_01091
OG0000756	Syaq	Prbg.g_01457	Syaq.g_00197
OG0000756	Prbj	Prbg.g_01457	Prbj.g_00003
OG0000756	Prbk	Prbg.g_01457	Prbk.g_00138
OG0000756	Prbl	Prbg.g_01457	Prbl.g_01119
OG0000756	Praf	Prbg.g_01457	Praf.g_00922
OG0000756	Prah	Prbg.g_01457	Prah.g_01254
OG0000756	Pral	Prbg.g_01457	Pral.g_01400
OG0000756	Prat	Prbg.g_01457	Prat.g_01127
OG0000756	Pram	Prbg.g_01457	Pram.g_01110
OG0000756	Prbh	Prbg.g_01457	Prbh.g_01253
OG0000756	Prak	Prbg.g_01457	Prak.g_01143
OG0000756	Prap	Prbg.g_01457	Prap.g_00427
OG0000756	Prbe	Prbg.g_01457	Prbe.g_01520
OG0000756	Prbf	Prbg.g_01457	Prbf.g_00947
OG0000756	Prbn	Prbg.g_01457	Prbn.g_00391
OG0000757	Prao	Prbg.g_01450	Prao.g_01058
OG0000757	Prag	Prbg.g_01450	Prag.g_01184
OG0000757	Praw	Prbg.g_01450	Praw.g_00265
OG0000757	Prad	Prbg.g_01450	Prad.g_01464
OG0000757	Prav	Prbg.g_01450	Prav.g_01850
OG0000757	Pray	Prbg.g_01450	Pray.g_00032
OG0000757	Praz	Prbg.g_01450	Praz.g_00723
OG0000757	Prba	Prbg.g_01450	Prba.g_00032
OG0000757	Prac	Prbg.g_01450	Prac.g_00954
OG0000757	Praq	Prbg.g_01450	Praq.g_01364
OG0000757	Prar	Prbg.g_01450	Prar.g_01232
OG0000757	Prae	Prbg.g_01450	Prae.g_01194
OG0000757	Prax	Prbg.g_01450	Prax.g_00231
OG0000757	Prbd	Prbg.g_01450	Prbd.g_00499
OG0000757	Prbi	Prbg.g_01450	Prbi.g_01238
OG0000757	Praa	Prbg.g_01450	Praa.g_01190
OG0000757	Pras	Prbg.g_01450	Pras.g_00087
OG0000757	Prau	Prbg.g_01450	Prau.g_01237
OG0000757	Prab	Prbg.g_01450	Prab.g_01250
OG0000757	Pran	Prbg.g_01450	Pran.g_00029
OG0000757	Prai	Prbg.g_01450	Prai.g_01204
OG0000757	Prbm	Prbg.g_01450	Prbm.g_01512
OG0000757	Prbb	Prbg.g_01450	Prbb.g_01480
OG0000757	Praj	Prbg.g_01450	Praj.g_01426
OG0000757	Prbc	Prbg.g_01450	Prbc.g_01410
OG0000757	Prah	Prbg.g_01450	Prah.g_01247
OG0000757	Praf	Prbg.g_01450	Praf.g_00929
OG0000757	Prbj	Prbg.g_01450	Prbj.g_00010
OG0000757	Prbk	Prbg.g_01450	Prbk.g_00131
OG0000757	Prbl	Prbg.g_01450	Prbl.g_01112
OG0000757	Syad	Prbg.g_01450	Syad.g_01487
OG0000757	Syaj	Prbg.g_01450	Syaj.g_00614
OG0000757	Syaa	Prbg.g_01450	Syaa.g_00996
OG0000757	Syae	Prbg.g_01450	Syae.g_00661
OG0000757	Syac	Prbg.g_01450	Syac.g_01492
OG0000757	Syah	Prbg.g_01450	Syah.g_01415
OG0000757	Syaf	Prbg.g_01450	Syaf.g_01590
OG0000757	Syai	Prbg.g_01450	Syai.g_01769
OG0000757	Syam	Prbg.g_01450	Syam.g_00891
OG0000757	Syag	Prbg.g_01450	Syag.g_01084
OG0000757	Syak	Prbg.g_01450	Syak.g_00833
OG0000757	Syab	Prbg.g_01450	Syab.g_01029
OG0000757	Syal	Prbg.g_01450	Syal.g_01715
OG0000757	Syaq	Prbg.g_01450	Syaq.g_00190
OG0000757	Syar	Prbg.g_01450	Syar.g_01984
OG0000757	Syat	Prbg.g_01450	Syat.g_00205
OG0000757	Syan	Prbg.g_01450	Syan.g_02623
OG0000757	Syao	Prbg.g_01450	Syao.g_00252
OG0000757	Syap	Prbg.g_01450	Syap.g_00427
OG0000757	Syas	Prbg.g_01450	Syas.g_01108
OG0000757	Pral	Prbg.g_01450	Pral.g_01406
OG0000757	Prat	Prbg.g_01450	Prat.g_01121
OG0000757	Pram	Prbg.g_01450	Pram.g_01103
OG0000757	Prbh	Prbg.g_01450	Prbh.g_01246
OG0000757	Prak	Prbg.g_01450	Prak.g_01136
OG0000757	Prap	Prbg.g_01450	Prap.g_00420
OG0000757	Prbe	Prbg.g_01450	Prbe.g_01513
OG0000757	Prbf	Prbg.g_01450	Prbf.g_00954
OG0000757	Prbn	Prbg.g_01450	Prbn.g_00398
OG0000758	Prab	Prbg.g_01449	Prab.g_01251
OG0000758	Pran	Prbg.g_01449	Pran.g_00028
OG0000758	Prai	Prbg.g_01449	Prai.g_01205
OG0000758	Prac	Prbg.g_01449	Prac.g_00953
OG0000758	Praq	Prbg.g_01449	Praq.g_01365
OG0000758	Prar	Prbg.g_01449	Prar.g_01231
OG0000758	Prag	Prbg.g_01449	Prag.g_01185
OG0000758	Praw	Prbg.g_01449	Praw.g_00266
OG0000758	Prav	Prbg.g_01449	Prav.g_01849
OG0000758	Praa	Prbg.g_01449	Praa.g_01191
OG0000758	Prbi	Prbg.g_01449	Prbi.g_01239
OG0000758	Pras	Prbg.g_01449	Pras.g_00088
OG0000758	Prau	Prbg.g_01449	Prau.g_01238
OG0000758	Prad	Prbg.g_01449	Prad.g_01463
OG0000758	Prae	Prbg.g_01449	Prae.g_01195
OG0000758	Prax	Prbg.g_01449	Prax.g_00232
OG0000758	Prbd	Prbg.g_01449	Prbd.g_00500
OG0000758	Pray	Prbg.g_01449	Pray.g_00031
OG0000758	Praz	Prbg.g_01449	Praz.g_00722
OG0000758	Prba	Prbg.g_01449	Prba.g_00031
OG0000758	Prao	Prbg.g_01449	Prao.g_01057
OG0000758	Syat	Prbg.g_01449	Syat.g_00204
OG0000758	Syap	Prbg.g_01449	Syap.g_00428
OG0000758	Syas	Prbg.g_01449	Syas.g_01107
OG0000758	Syar	Prbg.g_01449	Syar.g_01985
OG0000758	Syan	Prbg.g_01449	Syan.g_02622
OG0000758	Syao	Prbg.g_01449	Syao.g_00251
OG0000758	Syad	Prbg.g_01449	Syad.g_01486
OG0000758	Syaj	Prbg.g_01449	Syaj.g_00613
OG0000758	Syaa	Prbg.g_01449	Syaa.g_00995
OG0000758	Syac	Prbg.g_01449	Syac.g_01493
OG0000758	Syah	Prbg.g_01449	Syah.g_01414
OG0000758	Syaf	Prbg.g_01449	Syaf.g_01589
OG0000758	Syai	Prbg.g_01449	Syai.g_01770
OG0000758	Syam	Prbg.g_01449	Syam.g_00890
OG0000758	Syae	Prbg.g_01449	Syae.g_00662
OG0000758	Syak	Prbg.g_01449	Syak.g_00832
OG0000758	Syab	Prbg.g_01449	Syab.g_01030
OG0000758	Syal	Prbg.g_01449	Syal.g_01716
OG0000758	Syag	Prbg.g_01449	Syag.g_01083
OG0000758	Syaq	Prbg.g_01449	Syaq.g_00189
OG0000758	Praf	Prbg.g_01449	Praf.g_00930
OG0000758	Prah	Prbg.g_01449	Prah.g_01246
OG0000758	Prbj	Prbg.g_01449	Prbj.g_00011
OG0000758	Prbk	Prbg.g_01449	Prbk.g_00130
OG0000758	Prbl	Prbg.g_01449	Prbl.g_01111
OG0000758	Prbc	Prbg.g_01449	Prbc.g_01409
OG0000758	Praj	Prbg.g_01449	Praj.g_01425
OG0000758	Prbm	Prbg.g_01449	Prbm.g_01511
OG0000758	Prbb	Prbg.g_01449	Prbb.g_01479
OG0000758	Pral	Prbg.g_01449	Pral.g_01407
OG0000758	Prat	Prbg.g_01449	Prat.g_01120
OG0000758	Pram	Prbg.g_01449	Pram.g_01102
OG0000758	Prbh	Prbg.g_01449	Prbh.g_01245
OG0000758	Prak	Prbg.g_01449	Prak.g_01135
OG0000758	Prap	Prbg.g_01449	Prap.g_00419
OG0000758	Prbe	Prbg.g_01449	Prbe.g_01512
OG0000758	Prbf	Prbg.g_01449	Prbf.g_00955
OG0000758	Prbn	Prbg.g_01449	Prbn.g_00399
OG0000759	Prab	Prbg.g_01448	Prab.g_01252
OG0000759	Pran	Prbg.g_01448	Pran.g_00027
OG0000759	Prao	Prbg.g_01448	Prao.g_01056
OG0000759	Prav	Prbg.g_01448	Prav.g_01848
OG0000759	Prag	Prbg.g_01448	Prag.g_01186
OG0000759	Praw	Prbg.g_01448	Praw.g_00267
OG0000759	Pras	Prbg.g_01448	Pras.g_00089
OG0000759	Prau	Prbg.g_01448	Prau.g_01239
OG0000759	Prae	Prbg.g_01448	Prae.g_01196
OG0000759	Prax	Prbg.g_01448	Prax.g_00233
OG0000759	Pray	Prbg.g_01448	Pray.g_00030
OG0000759	Praz	Prbg.g_01448	Praz.g_00721
OG0000759	Prba	Prbg.g_01448	Prba.g_00030
OG0000759	Prad	Prbg.g_01448	Prad.g_01462
OG0000759	Prbd	Prbg.g_01448	Prbd.g_00501
OG0000759	Praa	Prbg.g_01448	Praa.g_01192
OG0000759	Prbi	Prbg.g_01448	Prbi.g_01240
OG0000759	Prac	Prbg.g_01448	Prac.g_00952
OG0000759	Praq	Prbg.g_01448	Praq.g_01366
OG0000759	Prar	Prbg.g_01448	Prar.g_01230
OG0000759	Prai	Prbg.g_01448	Prai.g_01206
OG0000759	Prbm	Prbg.g_01448	Prbm.g_01510
OG0000759	Praj	Prbg.g_01448	Praj.g_01424
OG0000759	Prbc	Prbg.g_01448	Prbc.g_01408
OG0000759	Prbb	Prbg.g_01448	Prbb.g_01478
OG0000759	Pral	Prbg.g_01448	Pral.g_01408
OG0000759	Prat	Prbg.g_01448	Prat.g_01119
OG0000759	Prah	Prbg.g_01448	Prah.g_01245
OG0000759	Praf	Prbg.g_01448	Praf.g_00931
OG0000759	Prbj	Prbg.g_01448	Prbj.g_00012
OG0000759	Prbk	Prbg.g_01448	Prbk.g_00129
OG0000759	Prbl	Prbg.g_01448	Prbl.g_01110
OG0000759	Syar	Prbg.g_01448	Syar.g_01986
OG0000759	Syan	Prbg.g_01448	Syan.g_02621
OG0000759	Syao	Prbg.g_01448	Syao.g_00250
OG0000759	Syas	Prbg.g_01448	Syas.g_01106
OG0000759	Syap	Prbg.g_01448	Syap.g_00429
OG0000759	Syat	Prbg.g_01448	Syat.g_00203
OG0000759	Syak	Prbg.g_01448	Syak.g_00831
OG0000759	Syaq	Prbg.g_01448	Syaq.g_00188
OG0000759	Syag	Prbg.g_01448	Syag.g_01082
OG0000759	Syab	Prbg.g_01448	Syab.g_01031
OG0000759	Syal	Prbg.g_01448	Syal.g_01717
OG0000759	Syaf	Prbg.g_01448	Syaf.g_01588
OG0000759	Syai	Prbg.g_01448	Syai.g_01771
OG0000759	Syam	Prbg.g_01448	Syam.g_00889
OG0000759	Syad	Prbg.g_01448	Syad.g_01485
OG0000759	Syaj	Prbg.g_01448	Syaj.g_00612
OG0000759	Syaa	Prbg.g_01448	Syaa.g_00994
OG0000759	Syac	Prbg.g_01448	Syac.g_01494
OG0000759	Syah	Prbg.g_01448	Syah.g_01413
OG0000759	Syae	Prbg.g_01448	Syae.g_00663
OG0000759	Pram	Prbg.g_01448	Pram.g_01101
OG0000759	Prbh	Prbg.g_01448	Prbh.g_01244
OG0000759	Prak	Prbg.g_01448	Prak.g_01134
OG0000759	Prap	Prbg.g_01448	Prap.g_00418
OG0000759	Prbe	Prbg.g_01448	Prbe.g_01511
OG0000759	Prbf	Prbg.g_01448	Prbf.g_00956
OG0000759	Prbn	Prbg.g_01448	Prbn.g_00400
OG0000760	Prai	Prbg.g_01447	Prai.g_01207
OG0000760	Prab	Prbg.g_01447	Prab.g_01253
OG0000760	Pran	Prbg.g_01447	Pran.g_00026
OG0000760	Prao	Prbg.g_01447	Prao.g_01055
OG0000760	Praa	Prbg.g_01447	Praa.g_01193
OG0000760	Prav	Prbg.g_01447	Prav.g_01847
OG0000760	Prac	Prbg.g_01447	Prac.g_00951
OG0000760	Praq	Prbg.g_01447	Praq.g_01367
OG0000760	Prar	Prbg.g_01447	Prar.g_01229
OG0000760	Prbi	Prbg.g_01447	Prbi.g_01241
OG0000760	Prae	Prbg.g_01447	Prae.g_01197
OG0000760	Prag	Prbg.g_01447	Prag.g_01187
OG0000760	Praw	Prbg.g_01447	Praw.g_00268
OG0000760	Prbd	Prbg.g_01447	Prbd.g_00502
OG0000760	Prad	Prbg.g_01447	Prad.g_01461
OG0000760	Pras	Prbg.g_01447	Pras.g_00090
OG0000760	Prau	Prbg.g_01447	Prau.g_01240
OG0000760	Pray	Prbg.g_01447	Pray.g_00029
OG0000760	Praz	Prbg.g_01447	Praz.g_00720
OG0000760	Prba	Prbg.g_01447	Prba.g_00029
OG0000760	Prax	Prbg.g_01447	Prax.g_00234
OG0000760	Pral	Prbg.g_01447	Pral.g_01409
OG0000760	Prat	Prbg.g_01447	Prat.g_01118
OG0000760	Prbm	Prbg.g_01447	Prbm.g_01509
OG0000760	Praj	Prbg.g_01447	Praj.g_01423
OG0000760	Prbc	Prbg.g_01447	Prbc.g_01407
OG0000760	Prbb	Prbg.g_01447	Prbb.g_01477
OG0000760	Prbj	Prbg.g_01447	Prbj.g_00013
OG0000760	Prbk	Prbg.g_01447	Prbk.g_00128
OG0000760	Prbl	Prbg.g_01447	Prbl.g_01109
OG0000760	Praf	Prbg.g_01447	Praf.g_00932
OG0000760	Prah	Prbg.g_01447	Prah.g_01244
OG0000760	Syan	Prbg.g_01447	Syan.g_02620
OG0000760	Syao	Prbg.g_01447	Syao.g_00249
OG0000760	Syar	Prbg.g_01447	Syar.g_01987
OG0000760	Syat	Prbg.g_01447	Syat.g_00202
OG0000760	Syap	Prbg.g_01447	Syap.g_00430
OG0000760	Syas	Prbg.g_01447	Syas.g_01105
OG0000760	Syac	Prbg.g_01447	Syac.g_01495
OG0000760	Syah	Prbg.g_01447	Syah.g_01412
OG0000760	Syae	Prbg.g_01447	Syae.g_00664
OG0000760	Syaf	Prbg.g_01447	Syaf.g_01587
OG0000760	Syai	Prbg.g_01447	Syai.g_01772
OG0000760	Syam	Prbg.g_01447	Syam.g_00888
OG0000760	Syaa	Prbg.g_01447	Syaa.g_00993
OG0000760	Syad	Prbg.g_01447	Syad.g_01484
OG0000760	Syaj	Prbg.g_01447	Syaj.g_00611
OG0000760	Syag	Prbg.g_01447	Syag.g_01081
OG0000760	Syaq	Prbg.g_01447	Syaq.g_00187
OG0000760	Syak	Prbg.g_01447	Syak.g_00830
OG0000760	Syab	Prbg.g_01447	Syab.g_01032
OG0000760	Syal	Prbg.g_01447	Syal.g_01718
OG0000760	Pram	Prbg.g_01447	Pram.g_01100
OG0000760	Prbh	Prbg.g_01447	Prbh.g_01243
OG0000760	Prak	Prbg.g_01447	Prak.g_01133
OG0000760	Prap	Prbg.g_01447	Prap.g_00417
OG0000760	Prbe	Prbg.g_01447	Prbe.g_01510
OG0000760	Prbf	Prbg.g_01447	Prbf.g_00957
OG0000760	Prbn	Prbg.g_01447	Prbn.g_00401
OG0000761	Prab	Prbg.g_01446	Prab.g_01254
OG0000761	Pran	Prbg.g_01446	Pran.g_00025
OG0000761	Prai	Prbg.g_01446	Prai.g_01208
OG0000761	Prac	Prbg.g_01446	Prac.g_00950
OG0000761	Praq	Prbg.g_01446	Praq.g_01368
OG0000761	Prar	Prbg.g_01446	Prar.g_01228
OG0000761	Prao	Prbg.g_01446	Prao.g_01054
OG0000761	Pray	Prbg.g_01446	Pray.g_00028
OG0000761	Praz	Prbg.g_01446	Praz.g_00719
OG0000761	Prba	Prbg.g_01446	Prba.g_00028
OG0000761	Prav	Prbg.g_01446	Prav.g_01846
OG0000761	Pras	Prbg.g_01446	Pras.g_00091
OG0000761	Prau	Prbg.g_01446	Prau.g_01241
OG0000761	Praa	Prbg.g_01446	Praa.g_01194
OG0000761	Prae	Prbg.g_01446	Prae.g_01198
OG0000761	Prax	Prbg.g_01446	Prax.g_00235
OG0000761	Prad	Prbg.g_01446	Prad.g_01460
OG0000761	Prbi	Prbg.g_01446	Prbi.g_01242
OG0000761	Prag	Prbg.g_01446	Prag.g_01188
OG0000761	Praw	Prbg.g_01446	Praw.g_00269
OG0000761	Prbd	Prbg.g_01446	Prbd.g_00503
OG0000761	Praj	Prbg.g_01446	Praj.g_01422
OG0000761	Prbc	Prbg.g_01446	Prbc.g_01406
OG0000761	Prbb	Prbg.g_01446	Prbb.g_01476
OG0000761	Prbm	Prbg.g_01446	Prbm.g_01508
OG0000761	Prah	Prbg.g_01446	Prah.g_01243
OG0000761	Praf	Prbg.g_01446	Praf.g_00933
OG0000761	Prbj	Prbg.g_01446	Prbj.g_00014
OG0000761	Prbk	Prbg.g_01446	Prbk.g_00127
OG0000761	Prbl	Prbg.g_01446	Prbl.g_01108
OG0000761	Syas	Prbg.g_01446	Syas.g_01104
OG0000761	Syat	Prbg.g_01446	Syat.g_00201
OG0000761	Syar	Prbg.g_01446	Syar.g_01988
OG0000761	Syap	Prbg.g_01446	Syap.g_00431
OG0000761	Syan	Prbg.g_01446	Syan.g_02619
OG0000761	Syao	Prbg.g_01446	Syao.g_00248
OG0000761	Syak	Prbg.g_01446	Syak.g_00829
OG0000761	Syag	Prbg.g_01446	Syag.g_01080
OG0000761	Syaq	Prbg.g_01446	Syaq.g_00186
OG0000761	Syab	Prbg.g_01446	Syab.g_01034
OG0000761	Syal	Prbg.g_01446	Syal.g_01719
OG0000761	Syaa	Prbg.g_01446	Syaa.g_00992
OG0000761	Syac	Prbg.g_01446	Syac.g_01496
OG0000761	Syah	Prbg.g_01446	Syah.g_01411
OG0000761	Syae	Prbg.g_01446	Syae.g_00668
OG0000761	Syaf	Prbg.g_01446	Syaf.g_01586
OG0000761	Syai	Prbg.g_01446	Syai.g_01775
OG0000761	Syam	Prbg.g_01446	Syam.g_00886
OG0000761	Syad	Prbg.g_01446	Syad.g_01480
OG0000761	Syaj	Prbg.g_01446	Syaj.g_00609
OG0000761	Pral	Prbg.g_01446	Pral.g_01410
OG0000761	Prat	Prbg.g_01446	Prat.g_01117
OG0000761	Pram	Prbg.g_01446	Pram.g_01099
OG0000761	Prbh	Prbg.g_01446	Prbh.g_01242
OG0000761	Prak	Prbg.g_01446	Prak.g_01132
OG0000761	Prap	Prbg.g_01446	Prap.g_00416
OG0000761	Prbe	Prbg.g_01446	Prbe.g_01509
OG0000761	Prbf	Prbg.g_01446	Prbf.g_00958
OG0000761	Prbn	Prbg.g_01446	Prbn.g_00402
OG0000762	Prax	Prbg.g_01445	Prax.g_00236
OG0000762	Pray	Prbg.g_01445	Pray.g_00027
OG0000762	Praz	Prbg.g_01445	Praz.g_00718
OG0000762	Prba	Prbg.g_01445	Prba.g_00027
OG0000762	Prac	Prbg.g_01445	Prac.g_00949
OG0000762	Praq	Prbg.g_01445	Praq.g_01369
OG0000762	Prar	Prbg.g_01445	Prar.g_01227
OG0000762	Prab	Prbg.g_01445	Prab.g_01255
OG0000762	Pran	Prbg.g_01445	Pran.g_00024
OG0000762	Prai	Prbg.g_01445	Prai.g_01209
OG0000762	Prbi	Prbg.g_01445	Prbi.g_01243
OG0000762	Pras	Prbg.g_01445	Pras.g_00092
OG0000762	Prau	Prbg.g_01445	Prau.g_01242
OG0000762	Prad	Prbg.g_01445	Prad.g_01459
OG0000762	Prae	Prbg.g_01445	Prae.g_01199
OG0000762	Prag	Prbg.g_01445	Prag.g_01189
OG0000762	Praw	Prbg.g_01445	Praw.g_00270
OG0000762	Prao	Prbg.g_01445	Prao.g_01053
OG0000762	Prbd	Prbg.g_01445	Prbd.g_00504
OG0000762	Praa	Prbg.g_01445	Praa.g_01195
OG0000762	Prav	Prbg.g_01445	Prav.g_01845
OG0000762	Prbj	Prbg.g_01445	Prbj.g_01908
OG0000762	Prbk	Prbg.g_01445	Prbk.g_01503
OG0000762	Prbl	Prbg.g_01445	Prbl.g_01377
OG0000762	Praf	Prbg.g_01445	Praf.g_00913
OG0000762	Prah	Prbg.g_01445	Prah.g_01263
OG0000762	Syar	Prbg.g_01445	Syar.g_01992
OG0000762	Syat	Prbg.g_01445	Syat.g_00199
OG0000762	Syap	Prbg.g_01445	Syap.g_00434
OG0000762	Syas	Prbg.g_01445	Syas.g_01102
OG0000762	Syan	Prbg.g_01445	Syan.g_02617
OG0000762	Syao	Prbg.g_01445	Syao.g_00246
OG0000762	Syaq	Prbg.g_01445	Syaq.g_00183
OG0000762	Syag	Prbg.g_01445	Syag.g_01078
OG0000762	Syac	Prbg.g_01445	Syac.g_01498
OG0000762	Syah	Prbg.g_01445	Syah.g_01409
OG0000762	Syaa	Prbg.g_01445	Syaa.g_00988
OG0000762	Syai	Prbg.g_01445	Syai.g_01777
OG0000762	Syaf	Prbg.g_01445	Syaf.g_01584
OG0000762	Syam	Prbg.g_01445	Syam.g_00884
OG0000762	Syab	Prbg.g_01445	Syab.g_01036
OG0000762	Syal	Prbg.g_01445	Syal.g_01721
OG0000762	Syak	Prbg.g_01445	Syak.g_00827
OG0000762	Syae	Prbg.g_01445	Syae.g_00672
OG0000762	Syad	Prbg.g_01445	Syad.g_01474
OG0000762	Syaj	Prbg.g_01445	Syaj.g_00603
OG0000762	Prbm	Prbg.g_01445	Prbm.g_01507
OG0000762	Praj	Prbg.g_01445	Praj.g_01421
OG0000762	Prbb	Prbg.g_01445	Prbb.g_01475
OG0000762	Prbc	Prbg.g_01445	Prbc.g_01405
OG0000762	Pral	Prbg.g_01445	Pral.g_01411
OG0000762	Prat	Prbg.g_01445	Prat.g_01116
OG0000762	Pram	Prbg.g_01445	Pram.g_01098
OG0000762	Prbh	Prbg.g_01445	Prbh.g_01241
OG0000762	Prak	Prbg.g_01445	Prak.g_01131
OG0000762	Prap	Prbg.g_01445	Prap.g_00415
OG0000762	Prbe	Prbg.g_01445	Prbe.g_01508
OG0000762	Prbf	Prbg.g_01445	Prbf.g_00959
OG0000762	Prbn	Prbg.g_01445	Prbn.g_00403
OG0000763	Prai	Prbg.g_01443	Prai.g_01211
OG0000763	Prab	Prbg.g_01443	Prab.g_01257
OG0000763	Pran	Prbg.g_01443	Pran.g_00022
OG0000763	Prac	Prbg.g_01443	Prac.g_00947
OG0000763	Praq	Prbg.g_01443	Praq.g_01371
OG0000763	Prar	Prbg.g_01443	Prar.g_01225
OG0000763	Praa	Prbg.g_01443	Praa.g_01197
OG0000763	Pray	Prbg.g_01443	Pray.g_00025
OG0000763	Praz	Prbg.g_01443	Praz.g_00716
OG0000763	Pras	Prbg.g_01443	Pras.g_00094
OG0000763	Prau	Prbg.g_01443	Prau.g_01244
OG0000763	Prax	Prbg.g_01443	Prax.g_00238
OG0000763	Prba	Prbg.g_01443	Prba.g_00025
OG0000763	Prag	Prbg.g_01443	Prag.g_01191
OG0000763	Praw	Prbg.g_01443	Praw.g_00272
OG0000763	Prbi	Prbg.g_01443	Prbi.g_01245
OG0000763	Prae	Prbg.g_01443	Prae.g_01201
OG0000763	Prbd	Prbg.g_01443	Prbd.g_00506
OG0000763	Prav	Prbg.g_01443	Prav.g_01843
OG0000763	Prad	Prbg.g_01443	Prad.g_01457
OG0000763	Prao	Prbg.g_01443	Prao.g_01051
OG0000763	Praj	Prbg.g_01443	Praj.g_01419
OG0000763	Prbb	Prbg.g_01443	Prbb.g_01473
OG0000763	Prbc	Prbg.g_01443	Prbc.g_01403
OG0000763	Prbm	Prbg.g_01443	Prbm.g_01505
OG0000763	Prah	Prbg.g_01443	Prah.g_01265
OG0000763	Praf	Prbg.g_01443	Praf.g_00911
OG0000763	Prbj	Prbg.g_01443	Prbj.g_01906
OG0000763	Prbk	Prbg.g_01443	Prbk.g_01505
OG0000763	Prbl	Prbg.g_01443	Prbl.g_01375
OG0000763	Syag	Prbg.g_01443	Syag.g_01076
OG0000763	Syaq	Prbg.g_01443	Syaq.g_00181
OG0000763	Syab	Prbg.g_01443	Syab.g_01038
OG0000763	Syal	Prbg.g_01443	Syal.g_01723
OG0000763	Syak	Prbg.g_01443	Syak.g_00825
OG0000763	Syac	Prbg.g_01443	Syac.g_01500
OG0000763	Syah	Prbg.g_01443	Syah.g_01407
OG0000763	Syae	Prbg.g_01443	Syae.g_00676
OG0000763	Syaa	Prbg.g_01443	Syaa.g_00986
OG0000763	Syaf	Prbg.g_01443	Syaf.g_01582
OG0000763	Syai	Prbg.g_01443	Syai.g_01779
OG0000763	Syam	Prbg.g_01443	Syam.g_00882
OG0000763	Syad	Prbg.g_01443	Syad.g_01468
OG0000763	Syaj	Prbg.g_01443	Syaj.g_00597
OG0000763	Syar	Prbg.g_01443	Syar.g_01699
OG0000763	Syat	Prbg.g_01443	Syat.g_00924
OG0000763	Syap	Prbg.g_01443	Syap.g_02624
OG0000763	Syas	Prbg.g_01443	Syas.g_01091
OG0000763	Syan	Prbg.g_01443	Syan.g_02615
OG0000763	Syao	Prbg.g_01443	Syao.g_00242
OG0000763	Prat	Prbg.g_01443	Prat.g_01114
OG0000763	Pral	Prbg.g_01443	Pral.g_01413
OG0000763	Pram	Prbg.g_01443	Pram.g_01096
OG0000763	Prbh	Prbg.g_01443	Prbh.g_01239
OG0000763	Prak	Prbg.g_01443	Prak.g_01129
OG0000763	Prap	Prbg.g_01443	Prap.g_00413
OG0000763	Prbe	Prbg.g_01443	Prbe.g_01506
OG0000763	Prbf	Prbg.g_01443	Prbf.g_00961
OG0000763	Prbn	Prbg.g_01443	Prbn.g_00405
OG0000764	Prai	Prbg.g_01442	Prai.g_01212
OG0000764	Prab	Prbg.g_01442	Prab.g_01258
OG0000764	Pran	Prbg.g_01442	Pran.g_00021
OG0000764	Praa	Prbg.g_01442	Praa.g_01198
OG0000764	Prac	Prbg.g_01442	Prac.g_00946
OG0000764	Praq	Prbg.g_01442	Praq.g_01372
OG0000764	Prar	Prbg.g_01442	Prar.g_01224
OG0000764	Prao	Prbg.g_01442	Prao.g_01050
OG0000764	Prae	Prbg.g_01442	Prae.g_01202
OG0000764	Prbd	Prbg.g_01442	Prbd.g_00507
OG0000764	Pras	Prbg.g_01442	Pras.g_00095
OG0000764	Pray	Prbg.g_01442	Pray.g_00024
OG0000764	Praz	Prbg.g_01442	Praz.g_00715
OG0000764	Prba	Prbg.g_01442	Prba.g_00024
OG0000764	Prau	Prbg.g_01442	Prau.g_01245
OG0000764	Prag	Prbg.g_01442	Prag.g_01192
OG0000764	Praw	Prbg.g_01442	Praw.g_00273
OG0000764	Prax	Prbg.g_01442	Prax.g_00239
OG0000764	Prav	Prbg.g_01442	Prav.g_01842
OG0000764	Prad	Prbg.g_01442	Prad.g_01456
OG0000764	Prbi	Prbg.g_01442	Prbi.g_01246
OG0000764	Pral	Prbg.g_01442	Pral.g_01414
OG0000764	Prat	Prbg.g_01442	Prat.g_01113
OG0000764	Prbm	Prbg.g_01442	Prbm.g_01504
OG0000764	Praj	Prbg.g_01442	Praj.g_01418
OG0000764	Prbb	Prbg.g_01442	Prbb.g_01472
OG0000764	Prbc	Prbg.g_01442	Prbc.g_01402
OG0000764	Prbj	Prbg.g_01442	Prbj.g_01905
OG0000764	Prbk	Prbg.g_01442	Prbk.g_01506
OG0000764	Prbl	Prbg.g_01442	Prbl.g_01374
OG0000764	Praf	Prbg.g_01442	Praf.g_00910
OG0000764	Prah	Prbg.g_01442	Prah.g_01266
OG0000764	Syap	Prbg.g_01442	Syap.g_02623
OG0000764	Syas	Prbg.g_01442	Syas.g_01090
OG0000764	Syat	Prbg.g_01442	Syat.g_00923
OG0000764	Syan	Prbg.g_01442	Syan.g_02614
OG0000764	Syao	Prbg.g_01442	Syao.g_00241
OG0000764	Syar	Prbg.g_01442	Syar.g_01700
OG0000764	Syag	Prbg.g_01442	Syag.g_01075
OG0000764	Syak	Prbg.g_01442	Syak.g_00824
OG0000764	Syab	Prbg.g_01442	Syab.g_01039
OG0000764	Syal	Prbg.g_01442	Syal.g_01724
OG0000764	Syaq	Prbg.g_01442	Syaq.g_00180
OG0000764	Syae	Prbg.g_01442	Syae.g_00677
OG0000764	Syad	Prbg.g_01442	Syad.g_01467
OG0000764	Syaj	Prbg.g_01442	Syaj.g_00596
OG0000764	Syaa	Prbg.g_01442	Syaa.g_00985
OG0000764	Syaf	Prbg.g_01442	Syaf.g_01581
OG0000764	Syai	Prbg.g_01442	Syai.g_01780
OG0000764	Syam	Prbg.g_01442	Syam.g_00881
OG0000764	Syac	Prbg.g_01442	Syac.g_01501
OG0000764	Syah	Prbg.g_01442	Syah.g_01406
OG0000764	Pram	Prbg.g_01442	Pram.g_01095
OG0000764	Prbh	Prbg.g_01442	Prbh.g_01238
OG0000764	Prak	Prbg.g_01442	Prak.g_01128
OG0000764	Prap	Prbg.g_01442	Prap.g_00412
OG0000764	Prbe	Prbg.g_01442	Prbe.g_01505
OG0000764	Prbf	Prbg.g_01442	Prbf.g_00962
OG0000764	Prbn	Prbg.g_01442	Prbn.g_00406
OG0000765	Prab	Prbg.g_01434	Prab.g_01267
OG0000765	Pran	Prbg.g_01434	Pran.g_00012
OG0000765	Prai	Prbg.g_01434	Prai.g_01221
OG0000765	Pray	Prbg.g_01434	Pray.g_00015
OG0000765	Praz	Prbg.g_01434	Praz.g_00706
OG0000765	Prba	Prbg.g_01434	Prba.g_00015
OG0000765	Prao	Prbg.g_01434	Prao.g_01041
OG0000765	Prac	Prbg.g_01434	Prac.g_00937
OG0000765	Praq	Prbg.g_01434	Praq.g_01381
OG0000765	Prar	Prbg.g_01434	Prar.g_01215
OG0000765	Prad	Prbg.g_01434	Prad.g_01447
OG0000765	Prag	Prbg.g_01434	Prag.g_01201
OG0000765	Praw	Prbg.g_01434	Praw.g_00282
OG0000765	Prae	Prbg.g_01434	Prae.g_01211
OG0000765	Pras	Prbg.g_01434	Pras.g_00105
OG0000765	Prau	Prbg.g_01434	Prau.g_01254
OG0000765	Prax	Prbg.g_01434	Prax.g_00248
OG0000765	Praa	Prbg.g_01434	Praa.g_01207
OG0000765	Prbi	Prbg.g_01434	Prbi.g_01255
OG0000765	Prbd	Prbg.g_01434	Prbd.g_00516
OG0000765	Prav	Prbg.g_01434	Prav.g_01833
OG0000765	Prbm	Prbg.g_01434	Prbm.g_01496
OG0000765	Prbb	Prbg.g_01434	Prbb.g_01463
OG0000765	Praj	Prbg.g_01434	Praj.g_01409
OG0000765	Prbc	Prbg.g_01434	Prbc.g_01394
OG0000765	Prbj	Prbg.g_01434	Prbj.g_02163
OG0000765	Prbk	Prbg.g_01434	Prbk.g_00178
OG0000765	Prbl	Prbg.g_01434	Prbl.g_02590
OG0000765	Praf	Prbg.g_01434	Praf.g_00895
OG0000765	Prah	Prbg.g_01434	Prah.g_01282
OG0000765	Syab	Prbg.g_01434	Syab.g_01154
OG0000765	Syal	Prbg.g_01434	Syal.g_01768
OG0000765	Syak	Prbg.g_01434	Syak.g_00669
OG0000765	Syae	Prbg.g_01434	Syae.g_00695
OG0000765	Syaa	Prbg.g_01434	Syaa.g_00968
OG0000765	Syaf	Prbg.g_01434	Syaf.g_01564
OG0000765	Syai	Prbg.g_01434	Syai.g_01797
OG0000765	Syam	Prbg.g_01434	Syam.g_00864
OG0000765	Syac	Prbg.g_01434	Syac.g_01515
OG0000765	Syah	Prbg.g_01434	Syah.g_01392
OG0000765	Syad	Prbg.g_01434	Syad.g_01447
OG0000765	Syaj	Prbg.g_01434	Syaj.g_00577
OG0000765	Syag	Prbg.g_01434	Syag.g_01056
OG0000765	Syat	Prbg.g_01434	Syat.g_00897
OG0000765	Syas	Prbg.g_01434	Syas.g_01076
OG0000765	Syaq	Prbg.g_01434	Syaq.g_00157
OG0000765	Syan	Prbg.g_01434	Syan.g_02587
OG0000765	Syao	Prbg.g_01434	Syao.g_00267
OG0000765	Syap	Prbg.g_01434	Syap.g_02440
OG0000765	Syar	Prbg.g_01434	Syar.g_01718
OG0000765	Pral	Prbg.g_01434	Pral.g_01423
OG0000765	Prat	Prbg.g_01434	Prat.g_01104
OG0000765	Pram	Prbg.g_01434	Pram.g_01087
OG0000765	Prbh	Prbg.g_01434	Prbh.g_01230
OG0000765	Prak	Prbg.g_01434	Prak.g_01120
OG0000765	Prap	Prbg.g_01434	Prap.g_00404
OG0000765	Prbe	Prbg.g_01434	Prbe.g_01497
OG0000765	Prbf	Prbg.g_01434	Prbf.g_00970
OG0000765	Prbn	Prbg.g_01434	Prbn.g_00414
OG0000766	Prab	Prbg.g_01433	Prab.g_01268
OG0000766	Pran	Prbg.g_01433	Pran.g_00011
OG0000766	Prai	Prbg.g_01433	Prai.g_01222
OG0000766	Prao	Prbg.g_01433	Prao.g_01040
OG0000766	Prag	Prbg.g_01433	Prag.g_01202
OG0000766	Praw	Prbg.g_01433	Praw.g_00283
OG0000766	Prbd	Prbg.g_01433	Prbd.g_00517
OG0000766	Prax	Prbg.g_01433	Prax.g_00249
OG0000766	Praa	Prbg.g_01433	Praa.g_01208
OG0000766	Prae	Prbg.g_01433	Prae.g_01212
OG0000766	Prbi	Prbg.g_01433	Prbi.g_01256
OG0000766	Pras	Prbg.g_01433	Pras.g_00106
OG0000766	Prau	Prbg.g_01433	Prau.g_01255
OG0000766	Prav	Prbg.g_01433	Prav.g_01832
OG0000766	Prad	Prbg.g_01433	Prad.g_01446
OG0000766	Prac	Prbg.g_01433	Prac.g_00936
OG0000766	Praq	Prbg.g_01433	Praq.g_01382
OG0000766	Prar	Prbg.g_01433	Prar.g_01214
OG0000766	Pray	Prbg.g_01433	Pray.g_00014
OG0000766	Praz	Prbg.g_01433	Praz.g_00705
OG0000766	Prba	Prbg.g_01433	Prba.g_00014
OG0000766	Prbc	Prbg.g_01433	Prbc.g_01393
OG0000766	Prbm	Prbg.g_01433	Prbm.g_01495
OG0000766	Prbb	Prbg.g_01433	Prbb.g_01462
OG0000766	Praj	Prbg.g_01433	Praj.g_01408
OG0000766	Prbj	Prbg.g_01433	Prbj.g_02164
OG0000766	Prbk	Prbg.g_01433	Prbk.g_00177
OG0000766	Prbl	Prbg.g_01433	Prbl.g_02591
OG0000766	Praf	Prbg.g_01433	Praf.g_00894
OG0000766	Prah	Prbg.g_01433	Prah.g_01283
OG0000766	Syar	Prbg.g_01433	Syar.g_01719
OG0000766	Syap	Prbg.g_01433	Syap.g_02439
OG0000766	Syas	Prbg.g_01433	Syas.g_01075
OG0000766	Syat	Prbg.g_01433	Syat.g_00896
OG0000766	Syan	Prbg.g_01433	Syan.g_02586
OG0000766	Syao	Prbg.g_01433	Syao.g_00266
OG0000766	Syag	Prbg.g_01433	Syag.g_01055
OG0000766	Syaq	Prbg.g_01433	Syaq.g_00156
OG0000766	Syab	Prbg.g_01433	Syab.g_01153
OG0000766	Syal	Prbg.g_01433	Syal.g_01767
OG0000766	Syak	Prbg.g_01433	Syak.g_00670
OG0000766	Syac	Prbg.g_01433	Syac.g_01516
OG0000766	Syah	Prbg.g_01433	Syah.g_01391
OG0000766	Syaa	Prbg.g_01433	Syaa.g_00967
OG0000766	Syad	Prbg.g_01433	Syad.g_01446
OG0000766	Syaj	Prbg.g_01433	Syaj.g_00576
OG0000766	Syae	Prbg.g_01433	Syae.g_00696
OG0000766	Syai	Prbg.g_01433	Syai.g_01798
OG0000766	Syaf	Prbg.g_01433	Syaf.g_01563
OG0000766	Syam	Prbg.g_01433	Syam.g_00863
OG0000766	Pral	Prbg.g_01433	Pral.g_01424
OG0000766	Prat	Prbg.g_01433	Prat.g_01103
OG0000766	Pram	Prbg.g_01433	Pram.g_01086
OG0000766	Prbh	Prbg.g_01433	Prbh.g_01229
OG0000766	Prak	Prbg.g_01433	Prak.g_01119
OG0000766	Prap	Prbg.g_01433	Prap.g_00403
OG0000766	Prbe	Prbg.g_01433	Prbe.g_01496
OG0000766	Prbf	Prbg.g_01433	Prbf.g_00971
OG0000766	Prbn	Prbg.g_01433	Prbn.g_00415
OG0000767	Prac	Prbg.g_01431	Prac.g_00934
OG0000767	Praq	Prbg.g_01431	Praq.g_01384
OG0000767	Prar	Prbg.g_01431	Prar.g_01212
OG0000767	Pray	Prbg.g_01431	Pray.g_00012
OG0000767	Praz	Prbg.g_01431	Praz.g_00703
OG0000767	Prba	Prbg.g_01431	Prba.g_00012
OG0000767	Prab	Prbg.g_01431	Prab.g_01270
OG0000767	Pran	Prbg.g_01431	Pran.g_00009
OG0000767	Prai	Prbg.g_01431	Prai.g_01224
OG0000767	Prag	Prbg.g_01431	Prag.g_01204
OG0000767	Praw	Prbg.g_01431	Praw.g_00285
OG0000767	Prad	Prbg.g_01431	Prad.g_01444
OG0000767	Prbi	Prbg.g_01431	Prbi.g_01258
OG0000767	Prav	Prbg.g_01431	Prav.g_01830
OG0000767	Prau	Prbg.g_01431	Prau.g_01257
OG0000767	Pras	Prbg.g_01431	Pras.g_00108
OG0000767	Prax	Prbg.g_01431	Prax.g_00251
OG0000767	Prao	Prbg.g_01431	Prao.g_01038
OG0000767	Praa	Prbg.g_01431	Praa.g_01210
OG0000767	Prbd	Prbg.g_01431	Prbd.g_00519
OG0000767	Prae	Prbg.g_01431	Prae.g_01214
OG0000767	Prbm	Prbg.g_01431	Prbm.g_01494
OG0000767	Praj	Prbg.g_01431	Praj.g_01407
OG0000767	Prbb	Prbg.g_01431	Prbb.g_01461
OG0000767	Prbc	Prbg.g_01431	Prbc.g_01392
OG0000767	Pral	Prbg.g_01431	Pral.g_01426
OG0000767	Prat	Prbg.g_01431	Prat.g_01101
OG0000767	Praf	Prbg.g_01431	Praf.g_00892
OG0000767	Prah	Prbg.g_01431	Prah.g_01285
OG0000767	Prbj	Prbg.g_01431	Prbj.g_02166
OG0000767	Prbk	Prbg.g_01431	Prbk.g_00175
OG0000767	Prbl	Prbg.g_01431	Prbl.g_02593
OG0000767	Syak	Prbg.g_01431	Syak.g_00672
OG0000767	Syag	Prbg.g_01431	Syag.g_01053
OG0000767	Syaq	Prbg.g_01431	Syaq.g_00154
OG0000767	Syab	Prbg.g_01431	Syab.g_01151
OG0000767	Syal	Prbg.g_01431	Syal.g_01765
OG0000767	Syas	Prbg.g_01431	Syas.g_01073
OG0000767	Syar	Prbg.g_01431	Syar.g_01721
OG0000767	Syat	Prbg.g_01431	Syat.g_00894
OG0000767	Syap	Prbg.g_01431	Syap.g_02437
OG0000767	Syan	Prbg.g_01431	Syan.g_02584
OG0000767	Syao	Prbg.g_01431	Syao.g_00264
OG0000767	Syaf	Prbg.g_01431	Syaf.g_01561
OG0000767	Syai	Prbg.g_01431	Syai.g_01800
OG0000767	Syam	Prbg.g_01431	Syam.g_00861
OG0000767	Syaa	Prbg.g_01431	Syaa.g_00965
OG0000767	Syac	Prbg.g_01431	Syac.g_01518
OG0000767	Syah	Prbg.g_01431	Syah.g_01389
OG0000767	Syae	Prbg.g_01431	Syae.g_00698
OG0000767	Syad	Prbg.g_01431	Syad.g_01444
OG0000767	Syaj	Prbg.g_01431	Syaj.g_00574
OG0000767	Pram	Prbg.g_01431	Pram.g_01084
OG0000767	Prbh	Prbg.g_01431	Prbh.g_01227
OG0000767	Prak	Prbg.g_01431	Prak.g_01117
OG0000767	Prap	Prbg.g_01431	Prap.g_00401
OG0000767	Prbe	Prbg.g_01431	Prbe.g_01494
OG0000767	Prbf	Prbg.g_01431	Prbf.g_00973
OG0000767	Prbn	Prbg.g_01431	Prbn.g_00417
OG0000768	Prab	Prbg.g_01430	Prab.g_01271
OG0000768	Pran	Prbg.g_01430	Pran.g_00008
OG0000768	Prai	Prbg.g_01430	Prai.g_01225
OG0000768	Prac	Prbg.g_01430	Prac.g_00933
OG0000768	Praq	Prbg.g_01430	Praq.g_01385
OG0000768	Prar	Prbg.g_01430	Prar.g_01211
OG0000768	Pray	Prbg.g_01430	Pray.g_00011
OG0000768	Praz	Prbg.g_01430	Praz.g_00702
OG0000768	Prba	Prbg.g_01430	Prba.g_00011
OG0000768	Prbi	Prbg.g_01430	Prbi.g_01259
OG0000768	Prax	Prbg.g_01430	Prax.g_00252
OG0000768	Prbd	Prbg.g_01430	Prbd.g_00520
OG0000768	Pras	Prbg.g_01430	Pras.g_00109
OG0000768	Prau	Prbg.g_01430	Prau.g_01258
OG0000768	Praa	Prbg.g_01430	Praa.g_01211
OG0000768	Prae	Prbg.g_01430	Prae.g_01215
OG0000768	Prav	Prbg.g_01430	Prav.g_01829
OG0000768	Prag	Prbg.g_01430	Prag.g_01205
OG0000768	Praw	Prbg.g_01430	Praw.g_00286
OG0000768	Prad	Prbg.g_01430	Prad.g_01443
OG0000768	Prao	Prbg.g_01430	Prao.g_01037
OG0000768	Praj	Prbg.g_01430	Praj.g_01406
OG0000768	Prbb	Prbg.g_01430	Prbb.g_01460
OG0000768	Prbc	Prbg.g_01430	Prbc.g_01391
OG0000768	Prbm	Prbg.g_01430	Prbm.g_01493
OG0000768	Pral	Prbg.g_01430	Pral.g_01427
OG0000768	Praf	Prbg.g_01430	Praf.g_00891
OG0000768	Prah	Prbg.g_01430	Prah.g_01286
OG0000768	Prbj	Prbg.g_01430	Prbj.g_02167
OG0000768	Prbk	Prbg.g_01430	Prbk.g_00174
OG0000768	Prbl	Prbg.g_01430	Prbl.g_02594
OG0000768	Syaq	Prbg.g_01430	Syaq.g_00153
OG0000768	Syag	Prbg.g_01430	Syag.g_01052
OG0000768	Syak	Prbg.g_01430	Syak.g_00673
OG0000768	Syab	Prbg.g_01430	Syab.g_01150
OG0000768	Syal	Prbg.g_01430	Syal.g_01764
OG0000768	Syac	Prbg.g_01430	Syac.g_01519
OG0000768	Syah	Prbg.g_01430	Syah.g_01388
OG0000768	Syao	Prbg.g_01430	Syao.g_00263
OG0000768	Syan	Prbg.g_01430	Syan.g_02583
OG0000768	Syar	Prbg.g_01430	Syar.g_01722
OG0000768	Syas	Prbg.g_01430	Syas.g_01072
OG0000768	Syat	Prbg.g_01430	Syat.g_00893
OG0000768	Syap	Prbg.g_01430	Syap.g_02436
OG0000768	Syaa	Prbg.g_01430	Syaa.g_00964
OG0000768	Syae	Prbg.g_01430	Syae.g_00699
OG0000768	Syai	Prbg.g_01430	Syai.g_01801
OG0000768	Syaf	Prbg.g_01430	Syaf.g_01560
OG0000768	Syam	Prbg.g_01430	Syam.g_00860
OG0000768	Syad	Prbg.g_01430	Syad.g_01443
OG0000768	Syaj	Prbg.g_01430	Syaj.g_00573
OG0000768	Prat	Prbg.g_01430	Prat.g_01100
OG0000768	Pram	Prbg.g_01430	Pram.g_01083
OG0000768	Prbh	Prbg.g_01430	Prbh.g_01226
OG0000768	Prak	Prbg.g_01430	Prak.g_01116
OG0000768	Prap	Prbg.g_01430	Prap.g_00400
OG0000768	Prbe	Prbg.g_01430	Prbe.g_01493
OG0000768	Prbf	Prbg.g_01430	Prbf.g_00974
OG0000768	Prbn	Prbg.g_01430	Prbn.g_00418
OG0000769	Prab	Prbg.g_01428	Prab.g_01273
OG0000769	Pran	Prbg.g_01428	Pran.g_00006
OG0000769	Prai	Prbg.g_01428	Prai.g_01227
OG0000769	Prbi	Prbg.g_01428	Prbi.g_01261
OG0000769	Pray	Prbg.g_01428	Pray.g_00009
OG0000769	Praz	Prbg.g_01428	Praz.g_00700
OG0000769	Prba	Prbg.g_01428	Prba.g_00009
OG0000769	Prac	Prbg.g_01428	Prac.g_00931
OG0000769	Praq	Prbg.g_01428	Praq.g_01387
OG0000769	Prar	Prbg.g_01428	Prar.g_01209
OG0000769	Prag	Prbg.g_01428	Prag.g_01207
OG0000769	Praw	Prbg.g_01428	Praw.g_00288
OG0000769	Prao	Prbg.g_01428	Prao.g_01035
OG0000769	Prad	Prbg.g_01428	Prad.g_01441
OG0000769	Prav	Prbg.g_01428	Prav.g_01827
OG0000769	Pras	Prbg.g_01428	Pras.g_00111
OG0000769	Prau	Prbg.g_01428	Prau.g_01260
OG0000769	Prae	Prbg.g_01428	Prae.g_01217
OG0000769	Praa	Prbg.g_01428	Praa.g_01213
OG0000769	Prax	Prbg.g_01428	Prax.g_00254
OG0000769	Prbd	Prbg.g_01428	Prbd.g_00522
OG0000769	Prbm	Prbg.g_01428	Prbm.g_01491
OG0000769	Prbb	Prbg.g_01428	Prbb.g_01458
OG0000769	Praj	Prbg.g_01428	Praj.g_01404
OG0000769	Prbc	Prbg.g_01428	Prbc.g_01389
OG0000769	Praf	Prbg.g_01428	Praf.g_00887
OG0000769	Prah	Prbg.g_01428	Prah.g_01290
OG0000769	Prbj	Prbg.g_01428	Prbj.g_00313
OG0000769	Prbk	Prbg.g_01428	Prbk.g_00098
OG0000769	Prbl	Prbg.g_01428	Prbl.g_00186
OG0000769	Syas	Prbg.g_01428	Syas.g_01070
OG0000769	Syap	Prbg.g_01428	Syap.g_02434
OG0000769	Syat	Prbg.g_01428	Syat.g_00891
OG0000769	Syar	Prbg.g_01428	Syar.g_01724
OG0000769	Syan	Prbg.g_01428	Syan.g_02581
OG0000769	Syao	Prbg.g_01428	Syao.g_00261
OG0000769	Syak	Prbg.g_01428	Syak.g_00675
OG0000769	Syab	Prbg.g_01428	Syab.g_01148
OG0000769	Syal	Prbg.g_01428	Syal.g_01762
OG0000769	Syaf	Prbg.g_01428	Syaf.g_01558
OG0000769	Syai	Prbg.g_01428	Syai.g_01803
OG0000769	Syam	Prbg.g_01428	Syam.g_00858
OG0000769	Syae	Prbg.g_01428	Syae.g_00701
OG0000769	Syac	Prbg.g_01428	Syac.g_01521
OG0000769	Syah	Prbg.g_01428	Syah.g_01386
OG0000769	Syaa	Prbg.g_01428	Syaa.g_00962
OG0000769	Syad	Prbg.g_01428	Syad.g_01441
OG0000769	Syaj	Prbg.g_01428	Syaj.g_00571
OG0000769	Syag	Prbg.g_01428	Syag.g_01047
OG0000769	Syaq	Prbg.g_01428	Syaq.g_00151
OG0000769	Pral	Prbg.g_01428	Pral.g_01429
OG0000769	Prat	Prbg.g_01428	Prat.g_01098
OG0000769	Pram	Prbg.g_01428	Pram.g_01081
OG0000769	Prbh	Prbg.g_01428	Prbh.g_01224
OG0000769	Prap	Prbg.g_01428	Prap.g_00398
OG0000769	Prbe	Prbg.g_01428	Prbe.g_01491
OG0000769	Prbf	Prbg.g_01428	Prbf.g_00976
OG0000769	Prbn	Prbg.g_01428	Prbn.g_00420
OG0000769	Prak	Prbg.g_01428	Prak.g_01114
OG0000770	Prag	Prbg.g_00351	Prag.g_01209
OG0000770	Praw	Prbg.g_00351	Praw.g_00290
OG0000770	Prav	Prbg.g_00351	Prav.g_01825
OG0000770	Prad	Prbg.g_00351	Prad.g_01439
OG0000770	Prax	Prbg.g_00351	Prax.g_00256
OG0000770	Prbd	Prbg.g_00351	Prbd.g_00524
OG0000770	Praa	Prbg.g_00351	Praa.g_01215
OG0000770	Prae	Prbg.g_00351	Prae.g_01219
OG0000770	Prao	Prbg.g_00351	Prao.g_01033
OG0000770	Prbi	Prbg.g_00351	Prbi.g_01263
OG0000770	Pras	Prbg.g_00351	Pras.g_00113
OG0000770	Prau	Prbg.g_00351	Prau.g_01262
OG0000770	Prac	Prbg.g_00351	Prac.g_00929
OG0000770	Praq	Prbg.g_00351	Praq.g_01389
OG0000770	Prar	Prbg.g_00351	Prar.g_01207
OG0000770	Pray	Prbg.g_00351	Pray.g_00007
OG0000770	Praz	Prbg.g_00351	Praz.g_00698
OG0000770	Prba	Prbg.g_00351	Prba.g_00007
OG0000770	Prai	Prbg.g_00351	Prai.g_01229
OG0000770	Prab	Prbg.g_00351	Prab.g_01275
OG0000770	Pran	Prbg.g_00351	Pran.g_00004
OG0000770	Prbm	Prbg.g_00351	Prbm.g_01490
OG0000770	Prbb	Prbg.g_00351	Prbb.g_01457
OG0000770	Praj	Prbg.g_00351	Praj.g_01403
OG0000770	Prbc	Prbg.g_00351	Prbc.g_01388
OG0000770	Prbj	Prbg.g_00351	Prbj.g_00019
OG0000770	Prbk	Prbg.g_00351	Prbk.g_00122
OG0000770	Prbl	Prbg.g_00351	Prbl.g_01103
OG0000770	Praf	Prbg.g_00351	Praf.g_00937
OG0000770	Prah	Prbg.g_00351	Prah.g_01239
OG0000770	Syat	Prbg.g_00351	Syat.g_00886
OG0000770	Syap	Prbg.g_00351	Syap.g_02431
OG0000770	Syas	Prbg.g_00351	Syas.g_01067
OG0000770	Syao	Prbg.g_00351	Syao.g_00257
OG0000770	Syan	Prbg.g_00351	Syan.g_02561
OG0000770	Syaq	Prbg.g_00351	Syaq.g_00148
OG0000770	Syak	Prbg.g_00351	Syak.g_00678
OG0000770	Syag	Prbg.g_00351	Syag.g_01043
OG0000770	Syab	Prbg.g_00351	Syab.g_01145
OG0000770	Syal	Prbg.g_00351	Syal.g_01758
OG0000770	Syar	Prbg.g_00351	Syar.g_01727
OG0000770	Syad	Prbg.g_00351	Syad.g_01437
OG0000770	Syaj	Prbg.g_00351	Syaj.g_00567
OG0000770	Syae	Prbg.g_00351	Syae.g_00704
OG0000770	Syac	Prbg.g_00351	Syac.g_01524
OG0000770	Syah	Prbg.g_00351	Syah.g_01383
OG0000770	Syaa	Prbg.g_00351	Syaa.g_00959
OG0000770	Syai	Prbg.g_00351	Syai.g_01822
OG0000770	Syaf	Prbg.g_00351	Syaf.g_01553
OG0000770	Syam	Prbg.g_00351	Syam.g_00855
OG0000770	Prat	Prbg.g_00351	Prat.g_00594
OG0000770	Pral	Prbg.g_00351	Pral.g_00456
OG0000770	Pram	Prbg.g_00351	Pram.g_00570
OG0000770	Prbh	Prbg.g_00351	Prbh.g_01451
OG0000770	Prak	Prbg.g_00351	Prak.g_00593
OG0000770	Prap	Prbg.g_00351	Prap.g_01136
OG0000770	Prbe	Prbg.g_00351	Prbe.g_00502
OG0000770	Prbf	Prbg.g_00351	Prbf.g_01914
OG0000770	Prbn	Prbg.g_00351	Prbn.g_00483
OG0000771	Pram	Prbg.g_00687	Pram.g_01254
OG0000771	Prbh	Prbg.g_00687	Prbh.g_01397
OG0000771	Prat	Prbg.g_00687	Prat.g_01509
OG0000771	Prad	Prbg.g_00687	Prad.g_00076
OG0000771	Prbm	Prbg.g_00687	Prbm.g_01054
OG0000771	Prbb	Prbg.g_00687	Prbb.g_01060
OG0000771	Praj	Prbg.g_00687	Praj.g_01014
OG0000771	Prbc	Prbg.g_00687	Prbc.g_02103
OG0000771	Syaa	Prbg.g_00687	Syaa.g_00866
OG0000771	Syae	Prbg.g_00687	Syae.g_00805
OG0000771	Syad	Prbg.g_00687	Syad.g_01278
OG0000771	Syaj	Prbg.g_00687	Syaj.g_00415
OG0000771	Syac	Prbg.g_00687	Syac.g_00873
OG0000771	Syah	Prbg.g_00687	Syah.g_02042
OG0000771	Syaf	Prbg.g_00687	Syaf.g_01411
OG0000771	Syai	Prbg.g_00687	Syai.g_02019
OG0000771	Syam	Prbg.g_00687	Syam.g_00762
OG0000771	Syan	Prbg.g_00687	Syan.g_00305
OG0000771	Syao	Prbg.g_00687	Syao.g_00506
OG0000771	Syas	Prbg.g_00687	Syas.g_00993
OG0000771	Syar	Prbg.g_00687	Syar.g_01373
OG0000771	Syat	Prbg.g_00687	Syat.g_00788
OG0000771	Syak	Prbg.g_00687	Syak.g_00755
OG0000771	Syab	Prbg.g_00687	Syab.g_01229
OG0000771	Syal	Prbg.g_00687	Syal.g_01835
OG0000771	Syaq	Prbg.g_00687	Syaq.g_02691
OG0000771	Syag	Prbg.g_00687	Syag.g_00959
OG0000771	Praf	Prbg.g_00687	Praf.g_01285
OG0000771	Prah	Prbg.g_00687	Prah.g_00905
OG0000771	Prbj	Prbg.g_00687	Prbj.g_01848
OG0000771	Prbk	Prbg.g_00687	Prbk.g_00066
OG0000771	Prbl	Prbg.g_00687	Prbl.g_00937
OG0000771	Prab	Prbg.g_00687	Prab.g_01284
OG0000771	Pran	Prbg.g_00687	Pran.g_00918
OG0000771	Prag	Prbg.g_00687	Prag.g_01219
OG0000771	Praw	Prbg.g_00687	Praw.g_00904
OG0000771	Pral	Prbg.g_00687	Pral.g_01064
OG0000771	Praa	Prbg.g_00687	Praa.g_01224
OG0000771	Prbd	Prbg.g_00687	Prbd.g_01921
OG0000771	Prav	Prbg.g_00687	Prav.g_02003
OG0000771	Pray	Prbg.g_00687	Pray.g_00250
OG0000771	Praz	Prbg.g_00687	Praz.g_01936
OG0000771	Prba	Prbg.g_00687	Prba.g_01084
OG0000771	Prai	Prbg.g_00687	Prai.g_01238
OG0000771	Prbi	Prbg.g_00687	Prbi.g_01277
OG0000771	Prao	Prbg.g_00687	Prao.g_00014
OG0000771	Pras	Prbg.g_00687	Pras.g_00122
OG0000771	Prau	Prbg.g_00687	Prau.g_01271
OG0000771	Prae	Prbg.g_00687	Prae.g_01434
OG0000771	Prac	Prbg.g_00687	Prac.g_00448
OG0000771	Praq	Prbg.g_00687	Praq.g_00257
OG0000771	Prar	Prbg.g_00687	Prar.g_00376
OG0000771	Prax	Prbg.g_00687	Prax.g_01789
OG0000771	Prak	Prbg.g_00687	Prak.g_01487
OG0000771	Prap	Prbg.g_00687	Prap.g_00217
OG0000771	Prbe	Prbg.g_00687	Prbe.g_00215
OG0000771	Prbf	Prbg.g_00687	Prbf.g_00253
OG0000771	Prbn	Prbg.g_00687	Prbn.g_00886
OG0000772	Prac	Prbg.g_01576	Prac.g_00154
OG0000772	Praq	Prbg.g_01576	Praq.g_00112
OG0000772	Prar	Prbg.g_01576	Prar.g_00976
OG0000772	Pras	Prbg.g_01576	Pras.g_00178
OG0000772	Prau	Prbg.g_01576	Prau.g_01346
OG0000772	Prao	Prbg.g_01576	Prao.g_01305
OG0000772	Prag	Prbg.g_01576	Prag.g_01328
OG0000772	Praw	Prbg.g_01576	Praw.g_00954
OG0000772	Prav	Prbg.g_01576	Prav.g_01409
OG0000772	Prbi	Prbg.g_01576	Prbi.g_01363
OG0000772	Prad	Prbg.g_01576	Prad.g_00341
OG0000772	Prax	Prbg.g_01576	Prax.g_01928
OG0000772	Praa	Prbg.g_01576	Praa.g_01290
OG0000772	Pray	Prbg.g_01576	Pray.g_01895
OG0000772	Praz	Prbg.g_01576	Praz.g_01205
OG0000772	Prba	Prbg.g_01576	Prba.g_01167
OG0000772	Prae	Prbg.g_01576	Prae.g_01293
OG0000772	Prbd	Prbg.g_01576	Prbd.g_01858
OG0000772	Prab	Prbg.g_01576	Prab.g_01303
OG0000772	Pran	Prbg.g_01576	Pran.g_00899
OG0000772	Prai	Prbg.g_01576	Prai.g_01310
OG0000772	Praj	Prbg.g_01576	Praj.g_01246
OG0000772	Prbc	Prbg.g_01576	Prbc.g_01320
OG0000772	Prbb	Prbg.g_01576	Prbb.g_01291
OG0000772	Prbm	Prbg.g_01576	Prbm.g_01356
OG0000772	Syas	Prbg.g_01576	Syas.g_01461
OG0000772	Prah	Prbg.g_01576	Prah.g_01610
OG0000772	Praf	Prbg.g_01576	Praf.g_00548
OG0000772	Prbj	Prbg.g_01576	Prbj.g_01679
OG0000772	Prbk	Prbg.g_01576	Prbk.g_02011
OG0000772	Prbl	Prbg.g_01576	Prbl.g_00461
OG0000772	Syac	Prbg.g_01576	Syac.g_01569
OG0000772	Syah	Prbg.g_01576	Syah.g_01351
OG0000772	Syab	Prbg.g_01576	Syab.g_00957
OG0000772	Syal	Prbg.g_01576	Syal.g_01641
OG0000772	Syar	Prbg.g_01576	Syar.g_00746
OG0000772	Syap	Prbg.g_01576	Syap.g_02295
OG0000772	Syat	Prbg.g_01576	Syat.g_01768
OG0000772	Syan	Prbg.g_01576	Syan.g_00436
OG0000772	Syao	Prbg.g_01576	Syao.g_01523
OG0000772	Syaq	Prbg.g_01576	Syaq.g_01887
OG0000772	Syak	Prbg.g_01576	Syak.g_02048
OG0000772	Syaa	Prbg.g_01576	Syaa.g_01526
OG0000772	Syad	Prbg.g_01576	Syad.g_02078
OG0000772	Syaj	Prbg.g_01576	Syaj.g_01208
OG0000772	Syae	Prbg.g_01576	Syae.g_00168
OG0000772	Syaf	Prbg.g_01576	Syaf.g_01705
OG0000772	Syai	Prbg.g_01576	Syai.g_01639
OG0000772	Syam	Prbg.g_01576	Syam.g_01005
OG0000772	Syag	Prbg.g_01576	Syag.g_02043
OG0000772	Pral	Prbg.g_01576	Pral.g_01893
OG0000772	Prat	Prbg.g_01576	Prat.g_00626
OG0000772	Pram	Prbg.g_01576	Pram.g_01569
OG0000772	Prbh	Prbg.g_01576	Prbh.g_01845
OG0000772	Prak	Prbg.g_01576	Prak.g_01571
OG0000772	Prap	Prbg.g_01576	Prap.g_01853
OG0000772	Prbe	Prbg.g_01576	Prbe.g_01128
OG0000772	Prbf	Prbg.g_01576	Prbf.g_00767
OG0000772	Prbn	Prbg.g_01576	Prbn.g_01671
OG0000773	Prab	Prbg.g_00468	Prab.g_01317
OG0000773	Pran	Prbg.g_00468	Pran.g_00885
OG0000773	Prai	Prbg.g_00468	Prai.g_01325
OG0000773	Prac	Prbg.g_00468	Prac.g_00166
OG0000773	Praq	Prbg.g_00468	Praq.g_00124
OG0000773	Prar	Prbg.g_00468	Prar.g_00964
OG0000773	Prbd	Prbg.g_00468	Prbd.g_01810
OG0000773	Prav	Prbg.g_00468	Prav.g_01429
OG0000773	Prag	Prbg.g_00468	Prag.g_01344
OG0000773	Praw	Prbg.g_00468	Praw.g_00970
OG0000773	Prad	Prbg.g_00468	Prad.g_00361
OG0000773	Prae	Prbg.g_00468	Prae.g_01319
OG0000773	Pras	Prbg.g_00468	Pras.g_00199
OG0000773	Prau	Prbg.g_00468	Prau.g_01361
OG0000773	Prax	Prbg.g_00468	Prax.g_01908
OG0000773	Praa	Prbg.g_00468	Praa.g_01309
OG0000773	Pray	Prbg.g_00468	Pray.g_01879
OG0000773	Praz	Prbg.g_00468	Praz.g_01189
OG0000773	Prba	Prbg.g_00468	Prba.g_01183
OG0000773	Prao	Prbg.g_00468	Prao.g_01285
OG0000773	Prbi	Prbg.g_00468	Prbi.g_01382
OG0000773	Prbc	Prbg.g_00468	Prbc.g_00557
OG0000773	Prbm	Prbg.g_00468	Prbm.g_01602
OG0000773	Praj	Prbg.g_00468	Praj.g_01519
OG0000773	Prbb	Prbg.g_00468	Prbb.g_01577
OG0000773	Prbj	Prbg.g_00468	Prbj.g_00161
OG0000773	Prbk	Prbg.g_00468	Prbk.g_00162
OG0000773	Prbl	Prbg.g_00468	Prbl.g_00113
OG0000773	Praf	Prbg.g_00468	Praf.g_00808
OG0000773	Prah	Prbg.g_00468	Prah.g_01351
OG0000773	Syak	Prbg.g_00468	Syak.g_00921
OG0000773	Syaq	Prbg.g_00468	Syaq.g_00283
OG0000773	Syag	Prbg.g_00468	Syag.g_01168
OG0000773	Syab	Prbg.g_00468	Syab.g_00931
OG0000773	Syal	Prbg.g_00468	Syal.g_01618
OG0000773	Syae	Prbg.g_00468	Syae.g_00947
OG0000773	Syad	Prbg.g_00468	Syad.g_01114
OG0000773	Syaj	Prbg.g_00468	Syaj.g_00280
OG0000773	Syaa	Prbg.g_00468	Syaa.g_00749
OG0000773	Syaf	Prbg.g_00468	Syaf.g_01268
OG0000773	Syai	Prbg.g_00468	Syai.g_02164
OG0000773	Syam	Prbg.g_00468	Syam.g_01816
OG0000773	Syac	Prbg.g_00468	Syac.g_00741
OG0000773	Syah	Prbg.g_00468	Syah.g_02187
OG0000773	Syar	Prbg.g_00468	Syar.g_02694
OG0000773	Syas	Prbg.g_00468	Syas.g_00002
OG0000773	Syan	Prbg.g_00468	Syan.g_01199
OG0000773	Syao	Prbg.g_00468	Syao.g_01447
OG0000773	Syat	Prbg.g_00468	Syat.g_01114
OG0000773	Syap	Prbg.g_00468	Syap.g_00885
OG0000773	Pral	Prbg.g_00468	Pral.g_01290
OG0000773	Prat	Prbg.g_00468	Prat.g_01240
OG0000773	Pram	Prbg.g_00468	Pram.g_01221
OG0000773	Prbh	Prbg.g_00468	Prbh.g_01364
OG0000773	Prak	Prbg.g_00468	Prak.g_01268
OG0000773	Prap	Prbg.g_00468	Prap.g_00552
OG0000773	Prbe	Prbg.g_00468	Prbe.g_00902
OG0000773	Prbf	Prbg.g_00468	Prbf.g_00035
OG0000773	Prbn	Prbg.g_00468	Prbn.g_01093
OG0000774	Prab	Prbg.g_00470	Prab.g_01319
OG0000774	Pran	Prbg.g_00470	Pran.g_00883
OG0000774	Prai	Prbg.g_00470	Prai.g_01327
OG0000774	Pras	Prbg.g_00470	Pras.g_00201
OG0000774	Prau	Prbg.g_00470	Prau.g_01363
OG0000774	Prac	Prbg.g_00470	Prac.g_00168
OG0000774	Prar	Prbg.g_00470	Prar.g_00962
OG0000774	Praq	Prbg.g_00470	Praq.g_00126
OG0000774	Prag	Prbg.g_00470	Prag.g_01346
OG0000774	Praw	Prbg.g_00470	Praw.g_00972
OG0000774	Prax	Prbg.g_00470	Prax.g_01906
OG0000774	Prav	Prbg.g_00470	Prav.g_01431
OG0000774	Praa	Prbg.g_00470	Praa.g_01311
OG0000774	Prao	Prbg.g_00470	Prao.g_01283
OG0000774	Prbd	Prbg.g_00470	Prbd.g_01808
OG0000774	Prad	Prbg.g_00470	Prad.g_00363
OG0000774	Prae	Prbg.g_00470	Prae.g_01321
OG0000774	Prbi	Prbg.g_00470	Prbi.g_01384
OG0000774	Pray	Prbg.g_00470	Pray.g_01877
OG0000774	Praz	Prbg.g_00470	Praz.g_01187
OG0000774	Prba	Prbg.g_00470	Prba.g_01185
OG0000774	Prbm	Prbg.g_00470	Prbm.g_01605
OG0000774	Praj	Prbg.g_00470	Praj.g_01522
OG0000774	Prbb	Prbg.g_00470	Prbb.g_01580
OG0000774	Prbc	Prbg.g_00470	Prbc.g_00560
OG0000774	Prbj	Prbg.g_00470	Prbj.g_01719
OG0000774	Prbk	Prbg.g_00470	Prbk.g_01192
OG0000774	Prbl	Prbg.g_00470	Prbl.g_01713
OG0000774	Praf	Prbg.g_00470	Praf.g_00804
OG0000774	Prah	Prbg.g_00470	Prah.g_01355
OG0000774	Syad	Prbg.g_00470	Syad.g_02396
OG0000774	Syaj	Prbg.g_00470	Syaj.g_01502
OG0000774	Syan	Prbg.g_00470	Syan.g_01205
OG0000774	Syao	Prbg.g_00470	Syao.g_01442
OG0000774	Syap	Prbg.g_00470	Syap.g_01473
OG0000774	Syas	Prbg.g_00470	Syas.g_02862
OG0000774	Syat	Prbg.g_00470	Syat.g_01146
OG0000774	Syar	Prbg.g_00470	Syar.g_02771
OG0000774	Syae	Prbg.g_00470	Syae.g_00951
OG0000774	Syaa	Prbg.g_00470	Syaa.g_00745
OG0000774	Syaf	Prbg.g_00470	Syaf.g_01263
OG0000774	Syai	Prbg.g_00470	Syai.g_02168
OG0000774	Syam	Prbg.g_00470	Syam.g_01820
OG0000774	Syag	Prbg.g_00470	Syag.g_01182
OG0000774	Syab	Prbg.g_00470	Syab.g_00924
OG0000774	Syal	Prbg.g_00470	Syal.g_01610
OG0000774	Syac	Prbg.g_00470	Syac.g_00737
OG0000774	Syah	Prbg.g_00470	Syah.g_02191
OG0000774	Syak	Prbg.g_00470	Syak.g_00926
OG0000774	Syaq	Prbg.g_00470	Syaq.g_00288
OG0000774	Pral	Prbg.g_00470	Pral.g_01288
OG0000774	Prat	Prbg.g_00470	Prat.g_01242
OG0000774	Pram	Prbg.g_00470	Pram.g_01223
OG0000774	Prbh	Prbg.g_00470	Prbh.g_01366
OG0000774	Prak	Prbg.g_00470	Prak.g_01270
OG0000774	Prap	Prbg.g_00470	Prap.g_00554
OG0000774	Prbe	Prbg.g_00470	Prbe.g_00900
OG0000774	Prbf	Prbg.g_00470	Prbf.g_00033
OG0000774	Prbn	Prbg.g_00470	Prbn.g_01091
OG0000775	Prac	Prbg.g_00472	Prac.g_00170
OG0000775	Praq	Prbg.g_00472	Praq.g_00128
OG0000775	Prar	Prbg.g_00472	Prar.g_00960
OG0000775	Pras	Prbg.g_00472	Pras.g_00204
OG0000775	Prau	Prbg.g_00472	Prau.g_01366
OG0000775	Prav	Prbg.g_00472	Prav.g_01433
OG0000775	Prbi	Prbg.g_00472	Prbi.g_01386
OG0000775	Praa	Prbg.g_00472	Praa.g_01313
OG0000775	Prax	Prbg.g_00472	Prax.g_01904
OG0000775	Pray	Prbg.g_00472	Pray.g_01875
OG0000775	Praz	Prbg.g_00472	Praz.g_01185
OG0000775	Prba	Prbg.g_00472	Prba.g_01187
OG0000775	Prad	Prbg.g_00472	Prad.g_00365
OG0000775	Prao	Prbg.g_00472	Prao.g_01281
OG0000775	Prae	Prbg.g_00472	Prae.g_01324
OG0000775	Prbd	Prbg.g_00472	Prbd.g_01806
OG0000775	Prag	Prbg.g_00472	Prag.g_01350
OG0000775	Praw	Prbg.g_00472	Praw.g_00976
OG0000775	Prai	Prbg.g_00472	Prai.g_01330
OG0000775	Prab	Prbg.g_00472	Prab.g_01321
OG0000775	Pran	Prbg.g_00472	Pran.g_00881
OG0000775	Prbm	Prbg.g_00472	Prbm.g_01606
OG0000775	Prbb	Prbg.g_00472	Prbb.g_01581
OG0000775	Praj	Prbg.g_00472	Praj.g_01523
OG0000775	Prbc	Prbg.g_00472	Prbc.g_00561
OG0000775	Praf	Prbg.g_00472	Praf.g_00802
OG0000775	Prbj	Prbg.g_00472	Prbj.g_01721
OG0000775	Prbk	Prbg.g_00472	Prbk.g_01190
OG0000775	Prbl	Prbg.g_00472	Prbl.g_01715
OG0000775	Prah	Prbg.g_00472	Prah.g_01357
OG0000775	Syas	Prbg.g_00472	Syas.g_02860
OG0000775	Syan	Prbg.g_00472	Syan.g_01207
OG0000775	Syao	Prbg.g_00472	Syao.g_01440
OG0000775	Syap	Prbg.g_00472	Syap.g_01475
OG0000775	Syar	Prbg.g_00472	Syar.g_02773
OG0000775	Syat	Prbg.g_00472	Syat.g_01148
OG0000775	Syag	Prbg.g_00472	Syag.g_01185
OG0000775	Syaa	Prbg.g_00472	Syaa.g_00742
OG0000775	Syae	Prbg.g_00472	Syae.g_00954
OG0000775	Syak	Prbg.g_00472	Syak.g_00929
OG0000775	Syaq	Prbg.g_00472	Syaq.g_00290
OG0000775	Syab	Prbg.g_00472	Syab.g_00922
OG0000775	Syal	Prbg.g_00472	Syal.g_01608
OG0000775	Syaf	Prbg.g_00472	Syaf.g_01261
OG0000775	Syai	Prbg.g_00472	Syai.g_02172
OG0000775	Syam	Prbg.g_00472	Syam.g_01823
OG0000775	Syac	Prbg.g_00472	Syac.g_00735
OG0000775	Syah	Prbg.g_00472	Syah.g_02193
OG0000775	Syad	Prbg.g_00472	Syad.g_02398
OG0000775	Syaj	Prbg.g_00472	Syaj.g_01504
OG0000775	Pral	Prbg.g_00472	Pral.g_01286
OG0000775	Prat	Prbg.g_00472	Prat.g_01244
OG0000775	Pram	Prbg.g_00472	Pram.g_01225
OG0000775	Prbh	Prbg.g_00472	Prbh.g_01368
OG0000775	Prak	Prbg.g_00472	Prak.g_01272
OG0000775	Prap	Prbg.g_00472	Prap.g_00556
OG0000775	Prbe	Prbg.g_00472	Prbe.g_00898
OG0000775	Prbf	Prbg.g_00472	Prbf.g_00031
OG0000775	Prbn	Prbg.g_00472	Prbn.g_01089
OG0000776	Prab	Prbg.g_00473	Prab.g_01322
OG0000776	Pran	Prbg.g_00473	Pran.g_00880
OG0000776	Prai	Prbg.g_00473	Prai.g_01331
OG0000776	Prag	Prbg.g_00473	Prag.g_01351
OG0000776	Praw	Prbg.g_00473	Praw.g_00977
OG0000776	Prad	Prbg.g_00473	Prad.g_00366
OG0000776	Prac	Prbg.g_00473	Prac.g_00171
OG0000776	Praq	Prbg.g_00473	Praq.g_00129
OG0000776	Prar	Prbg.g_00473	Prar.g_00959
OG0000776	Prav	Prbg.g_00473	Prav.g_01434
OG0000776	Pras	Prbg.g_00473	Pras.g_00205
OG0000776	Prau	Prbg.g_00473	Prau.g_01367
OG0000776	Prao	Prbg.g_00473	Prao.g_01280
OG0000776	Prbi	Prbg.g_00473	Prbi.g_01387
OG0000776	Praa	Prbg.g_00473	Praa.g_01314
OG0000776	Prae	Prbg.g_00473	Prae.g_01325
OG0000776	Pray	Prbg.g_00473	Pray.g_01874
OG0000776	Praz	Prbg.g_00473	Praz.g_01184
OG0000776	Prba	Prbg.g_00473	Prba.g_01188
OG0000776	Prax	Prbg.g_00473	Prax.g_01903
OG0000776	Prbd	Prbg.g_00473	Prbd.g_01805
OG0000776	Praf	Prbg.g_00473	Praf.g_00801
OG0000776	Prbj	Prbg.g_00473	Prbj.g_01722
OG0000776	Prbk	Prbg.g_00473	Prbk.g_01189
OG0000776	Prbl	Prbg.g_00473	Prbl.g_01716
OG0000776	Prah	Prbg.g_00473	Prah.g_01358
OG0000776	Syaq	Prbg.g_00473	Syaq.g_00291
OG0000776	Syab	Prbg.g_00473	Syab.g_00921
OG0000776	Syal	Prbg.g_00473	Syal.g_01607
OG0000776	Syaf	Prbg.g_00473	Syaf.g_01260
OG0000776	Syai	Prbg.g_00473	Syai.g_02173
OG0000776	Syam	Prbg.g_00473	Syam.g_01824
OG0000776	Syae	Prbg.g_00473	Syae.g_00955
OG0000776	Syaa	Prbg.g_00473	Syaa.g_00741
OG0000776	Syad	Prbg.g_00473	Syad.g_02399
OG0000776	Syaj	Prbg.g_00473	Syaj.g_01505
OG0000776	Syag	Prbg.g_00473	Syag.g_01186
OG0000776	Syac	Prbg.g_00473	Syac.g_00734
OG0000776	Syah	Prbg.g_00473	Syah.g_02194
OG0000776	Syak	Prbg.g_00473	Syak.g_00930
OG0000776	Syar	Prbg.g_00473	Syar.g_01755
OG0000776	Syap	Prbg.g_00473	Syap.g_01476
OG0000776	Syat	Prbg.g_00473	Syat.g_01149
OG0000776	Syan	Prbg.g_00473	Syan.g_01208
OG0000776	Syao	Prbg.g_00473	Syao.g_01439
OG0000776	Syas	Prbg.g_00473	Syas.g_02859
OG0000776	Prbm	Prbg.g_00473	Prbm.g_01607
OG0000776	Prbc	Prbg.g_00473	Prbc.g_00562
OG0000776	Praj	Prbg.g_00473	Praj.g_01524
OG0000776	Prbb	Prbg.g_00473	Prbb.g_01582
OG0000776	Pral	Prbg.g_00473	Pral.g_01285
OG0000776	Prat	Prbg.g_00473	Prat.g_01245
OG0000776	Pram	Prbg.g_00473	Pram.g_01226
OG0000776	Prbh	Prbg.g_00473	Prbh.g_01369
OG0000776	Prak	Prbg.g_00473	Prak.g_01273
OG0000776	Prap	Prbg.g_00473	Prap.g_00557
OG0000776	Prbe	Prbg.g_00473	Prbe.g_00897
OG0000776	Prbf	Prbg.g_00473	Prbf.g_00030
OG0000776	Prbn	Prbg.g_00473	Prbn.g_01088
OG0000777	Prab	Prbg.g_00474	Prab.g_01323
OG0000777	Pran	Prbg.g_00474	Pran.g_00879
OG0000777	Prai	Prbg.g_00474	Prai.g_01332
OG0000777	Prav	Prbg.g_00474	Prav.g_01435
OG0000777	Prag	Prbg.g_00474	Prag.g_01352
OG0000777	Praw	Prbg.g_00474	Praw.g_00978
OG0000777	Pras	Prbg.g_00474	Pras.g_00206
OG0000777	Prau	Prbg.g_00474	Prau.g_01368
OG0000777	Prac	Prbg.g_00474	Prac.g_00172
OG0000777	Prae	Prbg.g_00474	Prae.g_01326
OG0000777	Praq	Prbg.g_00474	Praq.g_00130
OG0000777	Prar	Prbg.g_00474	Prar.g_00958
OG0000777	Prax	Prbg.g_00474	Prax.g_01902
OG0000777	Pray	Prbg.g_00474	Pray.g_01873
OG0000777	Praz	Prbg.g_00474	Praz.g_01183
OG0000777	Prba	Prbg.g_00474	Prba.g_01189
OG0000777	Prbi	Prbg.g_00474	Prbi.g_01388
OG0000777	Prao	Prbg.g_00474	Prao.g_01279
OG0000777	Prbd	Prbg.g_00474	Prbd.g_01804
OG0000777	Praa	Prbg.g_00474	Praa.g_01315
OG0000777	Prad	Prbg.g_00474	Prad.g_00631
OG0000777	Syac	Prbg.g_00474	Syac.g_00733
OG0000777	Syah	Prbg.g_00474	Syah.g_02195
OG0000777	Syak	Prbg.g_00474	Syak.g_00931
OG0000777	Syaa	Prbg.g_00474	Syaa.g_00740
OG0000777	Syaf	Prbg.g_00474	Syaf.g_01259
OG0000777	Syai	Prbg.g_00474	Syai.g_02174
OG0000777	Syam	Prbg.g_00474	Syam.g_01825
OG0000777	Syae	Prbg.g_00474	Syae.g_00956
OG0000777	Syaj	Prbg.g_00474	Syaj.g_01506
OG0000777	Syad	Prbg.g_00474	Syad.g_02400
OG0000777	Syag	Prbg.g_00474	Syag.g_01187
OG0000777	Syap	Prbg.g_00474	Syap.g_01478
OG0000777	Syar	Prbg.g_00474	Syar.g_01754
OG0000777	Syan	Prbg.g_00474	Syan.g_01209
OG0000777	Syao	Prbg.g_00474	Syao.g_01438
OG0000777	Syas	Prbg.g_00474	Syas.g_02858
OG0000777	Syat	Prbg.g_00474	Syat.g_01150
OG0000777	Syab	Prbg.g_00474	Syab.g_00920
OG0000777	Syal	Prbg.g_00474	Syal.g_01606
OG0000777	Syaq	Prbg.g_00474	Syaq.g_00292
OG0000777	Pral	Prbg.g_00474	Pral.g_01284
OG0000777	Prat	Prbg.g_00474	Prat.g_01246
OG0000777	Praf	Prbg.g_00474	Praf.g_00800
OG0000777	Prah	Prbg.g_00474	Prah.g_01359
OG0000777	Prbj	Prbg.g_00474	Prbj.g_01723
OG0000777	Prbk	Prbg.g_00474	Prbk.g_01188
OG0000777	Prbl	Prbg.g_00474	Prbl.g_01717
OG0000777	Praj	Prbg.g_00474	Praj.g_01525
OG0000777	Prbb	Prbg.g_00474	Prbb.g_01583
OG0000777	Prbc	Prbg.g_00474	Prbc.g_00563
OG0000777	Prbm	Prbg.g_00474	Prbm.g_01608
OG0000777	Pram	Prbg.g_00474	Pram.g_01227
OG0000777	Prbh	Prbg.g_00474	Prbh.g_01370
OG0000777	Prak	Prbg.g_00474	Prak.g_01274
OG0000777	Prap	Prbg.g_00474	Prap.g_00558
OG0000777	Prbe	Prbg.g_00474	Prbe.g_00896
OG0000777	Prbf	Prbg.g_00474	Prbf.g_00029
OG0000777	Prbn	Prbg.g_00474	Prbn.g_01087
OG0000778	Prab	Prbg.g_00475	Prab.g_01324
OG0000778	Pran	Prbg.g_00475	Pran.g_00878
OG0000778	Prai	Prbg.g_00475	Prai.g_01333
OG0000778	Prac	Prbg.g_00475	Prac.g_00173
OG0000778	Praq	Prbg.g_00475	Praq.g_00131
OG0000778	Prar	Prbg.g_00475	Prar.g_00957
OG0000778	Pras	Prbg.g_00475	Pras.g_00207
OG0000778	Prau	Prbg.g_00475	Prau.g_01369
OG0000778	Prav	Prbg.g_00475	Prav.g_01436
OG0000778	Prag	Prbg.g_00475	Prag.g_01353
OG0000778	Praw	Prbg.g_00475	Praw.g_00979
OG0000778	Prao	Prbg.g_00475	Prao.g_01278
OG0000778	Prad	Prbg.g_00475	Prad.g_00630
OG0000778	Prae	Prbg.g_00475	Prae.g_01327
OG0000778	Prax	Prbg.g_00475	Prax.g_01901
OG0000778	Prbd	Prbg.g_00475	Prbd.g_01803
OG0000778	Prbi	Prbg.g_00475	Prbi.g_01389
OG0000778	Praa	Prbg.g_00475	Praa.g_01316
OG0000778	Pray	Prbg.g_00475	Pray.g_01872
OG0000778	Praz	Prbg.g_00475	Praz.g_01182
OG0000778	Prba	Prbg.g_00475	Prba.g_01190
OG0000778	Prbm	Prbg.g_00475	Prbm.g_01609
OG0000778	Praj	Prbg.g_00475	Praj.g_01526
OG0000778	Prbb	Prbg.g_00475	Prbb.g_01584
OG0000778	Prbc	Prbg.g_00475	Prbc.g_00564
OG0000778	Syar	Prbg.g_00475	Syar.g_01753
OG0000778	Syan	Prbg.g_00475	Syan.g_01210
OG0000778	Syao	Prbg.g_00475	Syao.g_01437
OG0000778	Syas	Prbg.g_00475	Syas.g_02857
OG0000778	Syap	Prbg.g_00475	Syap.g_01479
OG0000778	Syat	Prbg.g_00475	Syat.g_01151
OG0000778	Syag	Prbg.g_00475	Syag.g_01188
OG0000778	Syaq	Prbg.g_00475	Syaq.g_00293
OG0000778	Syak	Prbg.g_00475	Syak.g_00932
OG0000778	Syab	Prbg.g_00475	Syab.g_00919
OG0000778	Syal	Prbg.g_00475	Syal.g_01605
OG0000778	Syae	Prbg.g_00475	Syae.g_00957
OG0000778	Syac	Prbg.g_00475	Syac.g_00732
OG0000778	Syah	Prbg.g_00475	Syah.g_02196
OG0000778	Syaa	Prbg.g_00475	Syaa.g_00739
OG0000778	Syaf	Prbg.g_00475	Syaf.g_01258
OG0000778	Syam	Prbg.g_00475	Syam.g_01826
OG0000778	Syai	Prbg.g_00475	Syai.g_02175
OG0000778	Syad	Prbg.g_00475	Syad.g_02401
OG0000778	Syaj	Prbg.g_00475	Syaj.g_01507
OG0000778	Prah	Prbg.g_00475	Prah.g_01360
OG0000778	Praf	Prbg.g_00475	Praf.g_00799
OG0000778	Prbj	Prbg.g_00475	Prbj.g_01724
OG0000778	Prbk	Prbg.g_00475	Prbk.g_01187
OG0000778	Prbl	Prbg.g_00475	Prbl.g_01718
OG0000778	Pral	Prbg.g_00475	Pral.g_01283
OG0000778	Prat	Prbg.g_00475	Prat.g_01247
OG0000778	Pram	Prbg.g_00475	Pram.g_01228
OG0000778	Prbh	Prbg.g_00475	Prbh.g_01371
OG0000778	Prak	Prbg.g_00475	Prak.g_01275
OG0000778	Prap	Prbg.g_00475	Prap.g_00559
OG0000778	Prbe	Prbg.g_00475	Prbe.g_00895
OG0000778	Prbf	Prbg.g_00475	Prbf.g_00028
OG0000778	Prbn	Prbg.g_00475	Prbn.g_01086
OG0000779	Prab	Prbg.g_00479	Prab.g_01328
OG0000779	Pran	Prbg.g_00479	Pran.g_00874
OG0000779	Prai	Prbg.g_00479	Prai.g_01337
OG0000779	Prac	Prbg.g_00479	Prac.g_00177
OG0000779	Praq	Prbg.g_00479	Praq.g_00135
OG0000779	Prar	Prbg.g_00479	Prar.g_00953
OG0000779	Prag	Prbg.g_00479	Prag.g_01357
OG0000779	Praw	Prbg.g_00479	Praw.g_00983
OG0000779	Pras	Prbg.g_00479	Pras.g_00211
OG0000779	Prau	Prbg.g_00479	Prau.g_01373
OG0000779	Prad	Prbg.g_00479	Prad.g_00626
OG0000779	Prao	Prbg.g_00479	Prao.g_01274
OG0000779	Praa	Prbg.g_00479	Praa.g_01320
OG0000779	Prav	Prbg.g_00479	Prav.g_01440
OG0000779	Pray	Prbg.g_00479	Pray.g_01868
OG0000779	Praz	Prbg.g_00479	Praz.g_01178
OG0000779	Prba	Prbg.g_00479	Prba.g_01194
OG0000779	Prae	Prbg.g_00479	Prae.g_01331
OG0000779	Prax	Prbg.g_00479	Prax.g_01897
OG0000779	Prbd	Prbg.g_00479	Prbd.g_01799
OG0000779	Prbi	Prbg.g_00479	Prbi.g_01393
OG0000779	Pral	Prbg.g_00479	Pral.g_01279
OG0000779	Prat	Prbg.g_00479	Prat.g_01251
OG0000779	Praf	Prbg.g_00479	Praf.g_00794
OG0000779	Prbj	Prbg.g_00479	Prbj.g_01729
OG0000779	Prbk	Prbg.g_00479	Prbk.g_01182
OG0000779	Prbl	Prbg.g_00479	Prbl.g_01723
OG0000779	Syad	Prbg.g_00479	Syad.g_02407
OG0000779	Syaj	Prbg.g_00479	Syaj.g_01513
OG0000779	Prah	Prbg.g_00479	Prah.g_01365
OG0000779	Syaa	Prbg.g_00479	Syaa.g_00733
OG0000779	Syab	Prbg.g_00479	Syab.g_00913
OG0000779	Syac	Prbg.g_00479	Syac.g_00727
OG0000779	Syae	Prbg.g_00479	Syae.g_00963
OG0000779	Syaf	Prbg.g_00479	Syaf.g_01252
OG0000779	Syag	Prbg.g_00479	Syag.g_01194
OG0000779	Syah	Prbg.g_00479	Syah.g_02201
OG0000779	Syai	Prbg.g_00479	Syai.g_02181
OG0000779	Syak	Prbg.g_00479	Syak.g_00938
OG0000779	Syal	Prbg.g_00479	Syal.g_01599
OG0000779	Syam	Prbg.g_00479	Syam.g_01832
OG0000779	Syaq	Prbg.g_00479	Syaq.g_00299
OG0000779	Syan	Prbg.g_00479	Syan.g_01215
OG0000779	Syao	Prbg.g_00479	Syao.g_01469
OG0000779	Syap	Prbg.g_00479	Syap.g_01494
OG0000779	Syat	Prbg.g_00479	Syat.g_01154
OG0000779	Syas	Prbg.g_00479	Syas.g_02852
OG0000779	Syar	Prbg.g_00479	Syar.g_02779
OG0000779	Prbm	Prbg.g_00479	Prbm.g_01613
OG0000779	Praj	Prbg.g_00479	Praj.g_01530
OG0000779	Prbc	Prbg.g_00479	Prbc.g_00568
OG0000779	Prbb	Prbg.g_00479	Prbb.g_01588
OG0000779	Pram	Prbg.g_00479	Pram.g_01232
OG0000779	Prbh	Prbg.g_00479	Prbh.g_01375
OG0000779	Prak	Prbg.g_00479	Prak.g_01279
OG0000779	Prap	Prbg.g_00479	Prap.g_00563
OG0000779	Prbe	Prbg.g_00479	Prbe.g_00891
OG0000779	Prbf	Prbg.g_00479	Prbf.g_00024
OG0000779	Prbn	Prbg.g_00479	Prbn.g_01082
OG0000780	Prab	Prbg.g_00480	Prab.g_01329
OG0000780	Pran	Prbg.g_00480	Pran.g_00873
OG0000780	Prai	Prbg.g_00480	Prai.g_01338
OG0000780	Prac	Prbg.g_00480	Prac.g_00178
OG0000780	Praq	Prbg.g_00480	Praq.g_00136
OG0000780	Prar	Prbg.g_00480	Prar.g_00952
OG0000780	Prbi	Prbg.g_00480	Prbi.g_01394
OG0000780	Prag	Prbg.g_00480	Prag.g_01358
OG0000780	Praw	Prbg.g_00480	Praw.g_00984
OG0000780	Pray	Prbg.g_00480	Pray.g_01867
OG0000780	Praz	Prbg.g_00480	Praz.g_01177
OG0000780	Prba	Prbg.g_00480	Prba.g_01195
OG0000780	Prav	Prbg.g_00480	Prav.g_01441
OG0000780	Prae	Prbg.g_00480	Prae.g_01332
OG0000780	Prax	Prbg.g_00480	Prax.g_01896
OG0000780	Prad	Prbg.g_00480	Prad.g_00625
OG0000780	Prau	Prbg.g_00480	Prau.g_01374
OG0000780	Praa	Prbg.g_00480	Praa.g_01321
OG0000780	Prao	Prbg.g_00480	Prao.g_01273
OG0000780	Pras	Prbg.g_00480	Pras.g_00212
OG0000780	Prbd	Prbg.g_00480	Prbd.g_01798
OG0000780	Syap	Prbg.g_00480	Syap.g_01496
OG0000780	Syan	Prbg.g_00480	Syan.g_01218
OG0000780	Syao	Prbg.g_00480	Syao.g_01456
OG0000780	Syar	Prbg.g_00480	Syar.g_02781
OG0000780	Syas	Prbg.g_00480	Syas.g_02847
OG0000780	Syat	Prbg.g_00480	Syat.g_01157
OG0000780	Prbj	Prbg.g_00480	Prbj.g_01732
OG0000780	Prbk	Prbg.g_00480	Prbk.g_01179
OG0000780	Prbl	Prbg.g_00480	Prbl.g_01726
OG0000780	Praf	Prbg.g_00480	Praf.g_00791
OG0000780	Prah	Prbg.g_00480	Prah.g_01368
OG0000780	Syad	Prbg.g_00480	Syad.g_02411
OG0000780	Syaj	Prbg.g_00480	Syaj.g_01517
OG0000780	Syaa	Prbg.g_00480	Syaa.g_00730
OG0000780	Syaf	Prbg.g_00480	Syaf.g_01249
OG0000780	Syam	Prbg.g_00480	Syam.g_01835
OG0000780	Syai	Prbg.g_00480	Syai.g_02184
OG0000780	Syac	Prbg.g_00480	Syac.g_00723
OG0000780	Syah	Prbg.g_00480	Syah.g_02205
OG0000780	Syae	Prbg.g_00480	Syae.g_00967
OG0000780	Syaq	Prbg.g_00480	Syaq.g_00304
OG0000780	Syab	Prbg.g_00480	Syab.g_00908
OG0000780	Syal	Prbg.g_00480	Syal.g_01594
OG0000780	Syag	Prbg.g_00480	Syag.g_01217
OG0000780	Syak	Prbg.g_00480	Syak.g_00942
OG0000780	Prat	Prbg.g_00480	Prat.g_01252
OG0000780	Pral	Prbg.g_00480	Pral.g_01278
OG0000780	Prbb	Prbg.g_00480	Prbb.g_01589
OG0000780	Praj	Prbg.g_00480	Praj.g_01531
OG0000780	Prbm	Prbg.g_00480	Prbm.g_01614
OG0000780	Prbc	Prbg.g_00480	Prbc.g_00569
OG0000780	Pram	Prbg.g_00480	Pram.g_01233
OG0000780	Prbh	Prbg.g_00480	Prbh.g_01376
OG0000780	Prak	Prbg.g_00480	Prak.g_01280
OG0000780	Prap	Prbg.g_00480	Prap.g_00564
OG0000780	Prbe	Prbg.g_00480	Prbe.g_00890
OG0000780	Prbf	Prbg.g_00480	Prbf.g_00023
OG0000780	Prbn	Prbg.g_00480	Prbn.g_01081
OG0000781	Prab	Prbg.g_00484	Prab.g_01332
OG0000781	Pran	Prbg.g_00484	Pran.g_00870
OG0000781	Prai	Prbg.g_00484	Prai.g_01341
OG0000781	Prag	Prbg.g_00484	Prag.g_01361
OG0000781	Praw	Prbg.g_00484	Praw.g_00987
OG0000781	Prac	Prbg.g_00484	Prac.g_00181
OG0000781	Praq	Prbg.g_00484	Praq.g_00139
OG0000781	Prar	Prbg.g_00484	Prar.g_00949
OG0000781	Prav	Prbg.g_00484	Prav.g_01444
OG0000781	Pras	Prbg.g_00484	Pras.g_00214
OG0000781	Prau	Prbg.g_00484	Prau.g_01377
OG0000781	Prae	Prbg.g_00484	Prae.g_01335
OG0000781	Prbi	Prbg.g_00484	Prbi.g_01397
OG0000781	Pray	Prbg.g_00484	Pray.g_01864
OG0000781	Praz	Prbg.g_00484	Praz.g_01174
OG0000781	Prba	Prbg.g_00484	Prba.g_01198
OG0000781	Praa	Prbg.g_00484	Praa.g_01324
OG0000781	Prax	Prbg.g_00484	Prax.g_01893
OG0000781	Prao	Prbg.g_00484	Prao.g_01270
OG0000781	Prbd	Prbg.g_00484	Prbd.g_01795
OG0000781	Prad	Prbg.g_00484	Prad.g_00622
OG0000781	Praj	Prbg.g_00484	Praj.g_01534
OG0000781	Prbm	Prbg.g_00484	Prbm.g_01616
OG0000781	Prbb	Prbg.g_00484	Prbb.g_01592
OG0000781	Prbc	Prbg.g_00484	Prbc.g_00571
OG0000781	Syag	Prbg.g_00484	Syag.g_01221
OG0000781	Syaq	Prbg.g_00484	Syaq.g_00308
OG0000781	Syae	Prbg.g_00484	Syae.g_00971
OG0000781	Syad	Prbg.g_00484	Syad.g_02415
OG0000781	Syaj	Prbg.g_00484	Syaj.g_01521
OG0000781	Syac	Prbg.g_00484	Syac.g_00719
OG0000781	Syah	Prbg.g_00484	Syah.g_02209
OG0000781	Syaa	Prbg.g_00484	Syaa.g_00726
OG0000781	Syaf	Prbg.g_00484	Syaf.g_01245
OG0000781	Syai	Prbg.g_00484	Syai.g_02188
OG0000781	Syam	Prbg.g_00484	Syam.g_01839
OG0000781	Syan	Prbg.g_00484	Syan.g_01222
OG0000781	Syao	Prbg.g_00484	Syao.g_01452
OG0000781	Syar	Prbg.g_00484	Syar.g_02785
OG0000781	Syat	Prbg.g_00484	Syat.g_01161
OG0000781	Syap	Prbg.g_00484	Syap.g_02609
OG0000781	Syas	Prbg.g_00484	Syas.g_02842
OG0000781	Syak	Prbg.g_00484	Syak.g_00946
OG0000781	Syab	Prbg.g_00484	Syab.g_00904
OG0000781	Syal	Prbg.g_00484	Syal.g_01590
OG0000781	Prbj	Prbg.g_00484	Prbj.g_01736
OG0000781	Prbk	Prbg.g_00484	Prbk.g_01175
OG0000781	Prbl	Prbg.g_00484	Prbl.g_01730
OG0000781	Praf	Prbg.g_00484	Praf.g_00787
OG0000781	Prah	Prbg.g_00484	Prah.g_01372
OG0000781	Pral	Prbg.g_00484	Pral.g_01275
OG0000781	Prat	Prbg.g_00484	Prat.g_01255
OG0000781	Pram	Prbg.g_00484	Pram.g_01236
OG0000781	Prbh	Prbg.g_00484	Prbh.g_01379
OG0000781	Prak	Prbg.g_00484	Prak.g_01284
OG0000781	Prap	Prbg.g_00484	Prap.g_00568
OG0000781	Prbe	Prbg.g_00484	Prbe.g_00886
OG0000781	Prbf	Prbg.g_00484	Prbf.g_00019
OG0000781	Prbn	Prbg.g_00484	Prbn.g_01077
OG0000782	Pray	Prbg.g_00485	Pray.g_01863
OG0000782	Praz	Prbg.g_00485	Praz.g_01173
OG0000782	Prba	Prbg.g_00485	Prba.g_01199
OG0000782	Praa	Prbg.g_00485	Praa.g_01325
OG0000782	Prae	Prbg.g_00485	Prae.g_01336
OG0000782	Prax	Prbg.g_00485	Prax.g_01892
OG0000782	Prbd	Prbg.g_00485	Prbd.g_01794
OG0000782	Prbi	Prbg.g_00485	Prbi.g_01398
OG0000782	Prac	Prbg.g_00485	Prac.g_00182
OG0000782	Prad	Prbg.g_00485	Prad.g_00621
OG0000782	Prao	Prbg.g_00485	Prao.g_01269
OG0000782	Praq	Prbg.g_00485	Praq.g_00140
OG0000782	Prar	Prbg.g_00485	Prar.g_00948
OG0000782	Prau	Prbg.g_00485	Prau.g_01378
OG0000782	Prav	Prbg.g_00485	Prav.g_01445
OG0000782	Prag	Prbg.g_00485	Prag.g_01362
OG0000782	Praw	Prbg.g_00485	Praw.g_00988
OG0000782	Pras	Prbg.g_00485	Pras.g_00216
OG0000782	Prab	Prbg.g_00485	Prab.g_01333
OG0000782	Pran	Prbg.g_00485	Pran.g_00869
OG0000782	Prai	Prbg.g_00485	Prai.g_01342
OG0000782	Praj	Prbg.g_00485	Praj.g_01535
OG0000782	Prbb	Prbg.g_00485	Prbb.g_01593
OG0000782	Prbc	Prbg.g_00485	Prbc.g_00572
OG0000782	Prbm	Prbg.g_00485	Prbm.g_01617
OG0000782	Syap	Prbg.g_00485	Syap.g_02611
OG0000782	Syas	Prbg.g_00485	Syas.g_02841
OG0000782	Syar	Prbg.g_00485	Syar.g_02786
OG0000782	Syan	Prbg.g_00485	Syan.g_01223
OG0000782	Syao	Prbg.g_00485	Syao.g_01451
OG0000782	Syat	Prbg.g_00485	Syat.g_01162
OG0000782	Syag	Prbg.g_00485	Syag.g_01222
OG0000782	Syak	Prbg.g_00485	Syak.g_00947
OG0000782	Syab	Prbg.g_00485	Syab.g_00903
OG0000782	Syal	Prbg.g_00485	Syal.g_01589
OG0000782	Syaq	Prbg.g_00485	Syaq.g_00309
OG0000782	Praf	Prbg.g_00485	Praf.g_00786
OG0000782	Prbj	Prbg.g_00485	Prbj.g_01737
OG0000782	Prbk	Prbg.g_00485	Prbk.g_01174
OG0000782	Prbl	Prbg.g_00485	Prbl.g_01731
OG0000782	Prah	Prbg.g_00485	Prah.g_01373
OG0000782	Syad	Prbg.g_00485	Syad.g_02416
OG0000782	Syaj	Prbg.g_00485	Syaj.g_01522
OG0000782	Syae	Prbg.g_00485	Syae.g_00972
OG0000782	Syaf	Prbg.g_00485	Syaf.g_01244
OG0000782	Syam	Prbg.g_00485	Syam.g_01840
OG0000782	Syai	Prbg.g_00485	Syai.g_02189
OG0000782	Syaa	Prbg.g_00485	Syaa.g_00725
OG0000782	Syac	Prbg.g_00485	Syac.g_00718
OG0000782	Syah	Prbg.g_00485	Syah.g_02210
OG0000782	Pram	Prbg.g_00485	Pram.g_01237
OG0000782	Prbh	Prbg.g_00485	Prbh.g_01380
OG0000782	Pral	Prbg.g_00485	Pral.g_01274
OG0000782	Prat	Prbg.g_00485	Prat.g_01256
OG0000782	Prak	Prbg.g_00485	Prak.g_01285
OG0000782	Prap	Prbg.g_00485	Prap.g_00569
OG0000782	Prbe	Prbg.g_00485	Prbe.g_00885
OG0000782	Prbf	Prbg.g_00485	Prbf.g_00018
OG0000782	Prbn	Prbg.g_00485	Prbn.g_01076
OG0000783	Prab	Prbg.g_00486	Prab.g_01334
OG0000783	Pran	Prbg.g_00486	Pran.g_00868
OG0000783	Prai	Prbg.g_00486	Prai.g_01343
OG0000783	Prao	Prbg.g_00486	Prao.g_01268
OG0000783	Prac	Prbg.g_00486	Prac.g_00183
OG0000783	Prar	Prbg.g_00486	Prar.g_00947
OG0000783	Praq	Prbg.g_00486	Praq.g_00141
OG0000783	Pray	Prbg.g_00486	Pray.g_01862
OG0000783	Praz	Prbg.g_00486	Praz.g_01172
OG0000783	Prba	Prbg.g_00486	Prba.g_01200
OG0000783	Praa	Prbg.g_00486	Praa.g_01326
OG0000783	Prbd	Prbg.g_00486	Prbd.g_01793
OG0000783	Prax	Prbg.g_00486	Prax.g_01891
OG0000783	Prae	Prbg.g_00486	Prae.g_01337
OG0000783	Prbi	Prbg.g_00486	Prbi.g_01399
OG0000783	Pras	Prbg.g_00486	Pras.g_00217
OG0000783	Prau	Prbg.g_00486	Prau.g_01379
OG0000783	Prag	Prbg.g_00486	Prag.g_01363
OG0000783	Praw	Prbg.g_00486	Praw.g_00989
OG0000783	Prav	Prbg.g_00486	Prav.g_01446
OG0000783	Prad	Prbg.g_00486	Prad.g_00620
OG0000783	Prbm	Prbg.g_00486	Prbm.g_01618
OG0000783	Prbc	Prbg.g_00486	Prbc.g_00573
OG0000783	Praj	Prbg.g_00486	Praj.g_01536
OG0000783	Prbb	Prbg.g_00486	Prbb.g_01594
OG0000783	Pral	Prbg.g_00486	Pral.g_01273
OG0000783	Prat	Prbg.g_00486	Prat.g_01257
OG0000783	Prbj	Prbg.g_00486	Prbj.g_01738
OG0000783	Prbk	Prbg.g_00486	Prbk.g_01173
OG0000783	Prbl	Prbg.g_00486	Prbl.g_01732
OG0000783	Praf	Prbg.g_00486	Praf.g_00785
OG0000783	Prah	Prbg.g_00486	Prah.g_01374
OG0000783	Syad	Prbg.g_00486	Syad.g_02418
OG0000783	Syaj	Prbg.g_00486	Syaj.g_01524
OG0000783	Syaf	Prbg.g_00486	Syaf.g_01243
OG0000783	Syai	Prbg.g_00486	Syai.g_02190
OG0000783	Syam	Prbg.g_00486	Syam.g_01841
OG0000783	Syac	Prbg.g_00486	Syac.g_00717
OG0000783	Syah	Prbg.g_00486	Syah.g_02211
OG0000783	Syaa	Prbg.g_00486	Syaa.g_00724
OG0000783	Syae	Prbg.g_00486	Syae.g_00973
OG0000783	Syas	Prbg.g_00486	Syas.g_02840
OG0000783	Syar	Prbg.g_00486	Syar.g_02787
OG0000783	Syan	Prbg.g_00486	Syan.g_01224
OG0000783	Syao	Prbg.g_00486	Syao.g_01450
OG0000783	Syat	Prbg.g_00486	Syat.g_01163
OG0000783	Syap	Prbg.g_00486	Syap.g_02612
OG0000783	Syag	Prbg.g_00486	Syag.g_01223
OG0000783	Syaq	Prbg.g_00486	Syaq.g_00310
OG0000783	Syak	Prbg.g_00486	Syak.g_00948
OG0000783	Syab	Prbg.g_00486	Syab.g_00902
OG0000783	Syal	Prbg.g_00486	Syal.g_01588
OG0000783	Pram	Prbg.g_00486	Pram.g_01238
OG0000783	Prbh	Prbg.g_00486	Prbh.g_01381
OG0000783	Prak	Prbg.g_00486	Prak.g_01286
OG0000783	Prap	Prbg.g_00486	Prap.g_00570
OG0000783	Prbe	Prbg.g_00486	Prbe.g_00884
OG0000783	Prbf	Prbg.g_00486	Prbf.g_00017
OG0000783	Prbn	Prbg.g_00486	Prbn.g_01075
OG0000784	Prab	Prbg.g_00487	Prab.g_01335
OG0000784	Pran	Prbg.g_00487	Pran.g_00867
OG0000784	Prai	Prbg.g_00487	Prai.g_01344
OG0000784	Prad	Prbg.g_00487	Prad.g_00619
OG0000784	Prac	Prbg.g_00487	Prac.g_00184
OG0000784	Praq	Prbg.g_00487	Praq.g_00142
OG0000784	Prar	Prbg.g_00487	Prar.g_00946
OG0000784	Prau	Prbg.g_00487	Prau.g_01380
OG0000784	Pras	Prbg.g_00487	Pras.g_00218
OG0000784	Prag	Prbg.g_00487	Prag.g_01364
OG0000784	Praw	Prbg.g_00487	Praw.g_00990
OG0000784	Prav	Prbg.g_00487	Prav.g_01447
OG0000784	Prae	Prbg.g_00487	Prae.g_01338
OG0000784	Prbi	Prbg.g_00487	Prbi.g_01400
OG0000784	Praa	Prbg.g_00487	Praa.g_01327
OG0000784	Prax	Prbg.g_00487	Prax.g_01890
OG0000784	Pray	Prbg.g_00487	Pray.g_01861
OG0000784	Praz	Prbg.g_00487	Praz.g_01171
OG0000784	Prba	Prbg.g_00487	Prba.g_01201
OG0000784	Prbd	Prbg.g_00487	Prbd.g_01792
OG0000784	Prao	Prbg.g_00487	Prao.g_01267
OG0000784	Prbj	Prbg.g_00487	Prbj.g_01739
OG0000784	Prbk	Prbg.g_00487	Prbk.g_01172
OG0000784	Prbl	Prbg.g_00487	Prbl.g_01733
OG0000784	Praf	Prbg.g_00487	Praf.g_00784
OG0000784	Prah	Prbg.g_00487	Prah.g_01375
OG0000784	Syag	Prbg.g_00487	Syag.g_01224
OG0000784	Syaq	Prbg.g_00487	Syaq.g_00311
OG0000784	Syak	Prbg.g_00487	Syak.g_00949
OG0000784	Syab	Prbg.g_00487	Syab.g_00901
OG0000784	Syal	Prbg.g_00487	Syal.g_01587
OG0000784	Syaa	Prbg.g_00487	Syaa.g_00723
OG0000784	Syaf	Prbg.g_00487	Syaf.g_01242
OG0000784	Syai	Prbg.g_00487	Syai.g_02191
OG0000784	Syam	Prbg.g_00487	Syam.g_01842
OG0000784	Syad	Prbg.g_00487	Syad.g_02419
OG0000784	Syaj	Prbg.g_00487	Syaj.g_01525
OG0000784	Syae	Prbg.g_00487	Syae.g_00974
OG0000784	Syac	Prbg.g_00487	Syac.g_00716
OG0000784	Syah	Prbg.g_00487	Syah.g_02212
OG0000784	Syan	Prbg.g_00487	Syan.g_01225
OG0000784	Syao	Prbg.g_00487	Syao.g_01449
OG0000784	Syar	Prbg.g_00487	Syar.g_02788
OG0000784	Syas	Prbg.g_00487	Syas.g_02839
OG0000784	Syap	Prbg.g_00487	Syap.g_02613
OG0000784	Syat	Prbg.g_00487	Syat.g_01164
OG0000784	Praj	Prbg.g_00487	Praj.g_01537
OG0000784	Prbb	Prbg.g_00487	Prbb.g_01595
OG0000784	Prbm	Prbg.g_00487	Prbm.g_01619
OG0000784	Prbc	Prbg.g_00487	Prbc.g_00574
OG0000784	Pral	Prbg.g_00487	Pral.g_01272
OG0000784	Prat	Prbg.g_00487	Prat.g_01258
OG0000784	Pram	Prbg.g_00487	Pram.g_01239
OG0000784	Prbh	Prbg.g_00487	Prbh.g_01382
OG0000784	Prak	Prbg.g_00487	Prak.g_01287
OG0000784	Prap	Prbg.g_00487	Prap.g_00571
OG0000784	Prbe	Prbg.g_00487	Prbe.g_00883
OG0000784	Prbf	Prbg.g_00487	Prbf.g_00016
OG0000784	Prbn	Prbg.g_00487	Prbn.g_01074
OG0000785	Praa	Prbg.g_00489	Praa.g_01329
OG0000785	Prae	Prbg.g_00489	Prae.g_01340
OG0000785	Prax	Prbg.g_00489	Prax.g_01888
OG0000785	Prbd	Prbg.g_00489	Prbd.g_01790
OG0000785	Prbi	Prbg.g_00489	Prbi.g_01402
OG0000785	Pras	Prbg.g_00489	Pras.g_00220
OG0000785	Prau	Prbg.g_00489	Prau.g_01382
OG0000785	Prag	Prbg.g_00489	Prag.g_01366
OG0000785	Praw	Prbg.g_00489	Praw.g_00992
OG0000785	Prav	Prbg.g_00489	Prav.g_01449
OG0000785	Prac	Prbg.g_00489	Prac.g_00186
OG0000785	Praq	Prbg.g_00489	Praq.g_00144
OG0000785	Prar	Prbg.g_00489	Prar.g_00944
OG0000785	Prai	Prbg.g_00489	Prai.g_01346
OG0000785	Prao	Prbg.g_00489	Prao.g_01265
OG0000785	Prab	Prbg.g_00489	Prab.g_01337
OG0000785	Pran	Prbg.g_00489	Pran.g_00865
OG0000785	Prad	Prbg.g_00489	Prad.g_00617
OG0000785	Pray	Prbg.g_00489	Pray.g_01859
OG0000785	Praz	Prbg.g_00489	Praz.g_01169
OG0000785	Prba	Prbg.g_00489	Prba.g_01203
OG0000785	Prbc	Prbg.g_00489	Prbc.g_00576
OG0000785	Praj	Prbg.g_00489	Praj.g_01539
OG0000785	Prbb	Prbg.g_00489	Prbb.g_01597
OG0000785	Prbm	Prbg.g_00489	Prbm.g_01621
OG0000785	Prbj	Prbg.g_00489	Prbj.g_01741
OG0000785	Prbk	Prbg.g_00489	Prbk.g_01170
OG0000785	Prbl	Prbg.g_00489	Prbl.g_01735
OG0000785	Praf	Prbg.g_00489	Praf.g_00782
OG0000785	Prah	Prbg.g_00489	Prah.g_01377
OG0000785	Syat	Prbg.g_00489	Syat.g_01166
OG0000785	Syap	Prbg.g_00489	Syap.g_02281
OG0000785	Syas	Prbg.g_00489	Syas.g_02837
OG0000785	Syar	Prbg.g_00489	Syar.g_02791
OG0000785	Syal	Prbg.g_00489	Syal.g_01585
OG0000785	Syak	Prbg.g_00489	Syak.g_00951
OG0000785	Syan	Prbg.g_00489	Syan.g_01228
OG0000785	Syao	Prbg.g_00489	Syao.g_01481
OG0000785	Syaq	Prbg.g_00489	Syaq.g_00313
OG0000785	Syag	Prbg.g_00489	Syag.g_01226
OG0000785	Syab	Prbg.g_00489	Syab.g_00899
OG0000785	Syad	Prbg.g_00489	Syad.g_02421
OG0000785	Syaj	Prbg.g_00489	Syaj.g_01526
OG0000785	Syae	Prbg.g_00489	Syae.g_00976
OG0000785	Syaf	Prbg.g_00489	Syaf.g_01240
OG0000785	Syaa	Prbg.g_00489	Syaa.g_00721
OG0000785	Syai	Prbg.g_00489	Syai.g_02193
OG0000785	Syam	Prbg.g_00489	Syam.g_01844
OG0000785	Syac	Prbg.g_00489	Syac.g_00714
OG0000785	Syah	Prbg.g_00489	Syah.g_02214
OG0000785	Pral	Prbg.g_00489	Pral.g_01270
OG0000785	Prat	Prbg.g_00489	Prat.g_01260
OG0000785	Pram	Prbg.g_00489	Pram.g_01241
OG0000785	Prbh	Prbg.g_00489	Prbh.g_01384
OG0000785	Prap	Prbg.g_00489	Prap.g_00573
OG0000785	Prak	Prbg.g_00489	Prak.g_01289
OG0000785	Prbe	Prbg.g_00489	Prbe.g_00881
OG0000785	Prbf	Prbg.g_00489	Prbf.g_00014
OG0000785	Prbn	Prbg.g_00489	Prbn.g_01072
OG0000786	Prai	Prbg.g_00492	Prai.g_01348
OG0000786	Prab	Prbg.g_00492	Prab.g_01339
OG0000786	Pran	Prbg.g_00492	Pran.g_00863
OG0000786	Praa	Prbg.g_00492	Praa.g_01331
OG0000786	Prag	Prbg.g_00492	Prag.g_01368
OG0000786	Praw	Prbg.g_00492	Praw.g_00994
OG0000786	Prav	Prbg.g_00492	Prav.g_01451
OG0000786	Prad	Prbg.g_00492	Prad.g_00615
OG0000786	Pray	Prbg.g_00492	Pray.g_01857
OG0000786	Praz	Prbg.g_00492	Praz.g_01167
OG0000786	Prba	Prbg.g_00492	Prba.g_01205
OG0000786	Prbi	Prbg.g_00492	Prbi.g_01404
OG0000786	Prbd	Prbg.g_00492	Prbd.g_01788
OG0000786	Prac	Prbg.g_00492	Prac.g_00188
OG0000786	Praq	Prbg.g_00492	Praq.g_00146
OG0000786	Prar	Prbg.g_00492	Prar.g_00942
OG0000786	Pras	Prbg.g_00492	Pras.g_00223
OG0000786	Prau	Prbg.g_00492	Prau.g_01384
OG0000786	Prae	Prbg.g_00492	Prae.g_01342
OG0000786	Prax	Prbg.g_00492	Prax.g_01886
OG0000786	Prao	Prbg.g_00492	Prao.g_01263
OG0000786	Prbm	Prbg.g_00492	Prbm.g_01624
OG0000786	Prbc	Prbg.g_00492	Prbc.g_00579
OG0000786	Praj	Prbg.g_00492	Praj.g_01542
OG0000786	Prbb	Prbg.g_00492	Prbb.g_01600
OG0000786	Pral	Prbg.g_00492	Pral.g_01267
OG0000786	Prat	Prbg.g_00492	Prat.g_01263
OG0000786	Prbj	Prbg.g_00492	Prbj.g_01744
OG0000786	Prbk	Prbg.g_00492	Prbk.g_01167
OG0000786	Prbl	Prbg.g_00492	Prbl.g_01738
OG0000786	Praf	Prbg.g_00492	Praf.g_00777
OG0000786	Prah	Prbg.g_00492	Prah.g_01380
OG0000786	Syak	Prbg.g_00492	Syak.g_00956
OG0000786	Syag	Prbg.g_00492	Syag.g_01235
OG0000786	Syao	Prbg.g_00492	Syao.g_01473
OG0000786	Syan	Prbg.g_00492	Syan.g_01243
OG0000786	Syaq	Prbg.g_00492	Syaq.g_00328
OG0000786	Syal	Prbg.g_00492	Syal.g_01579
OG0000786	Syac	Prbg.g_00492	Syac.g_01730
OG0000786	Syah	Prbg.g_00492	Syah.g_01171
OG0000786	Syad	Prbg.g_00492	Syad.g_01101
OG0000786	Syaj	Prbg.g_00492	Syaj.g_00265
OG0000786	Syam	Prbg.g_00492	Syam.g_01700
OG0000786	Syai	Prbg.g_00492	Syai.g_00816
OG0000786	Syaf	Prbg.g_00492	Syaf.g_02546
OG0000786	Syaa	Prbg.g_00492	Syaa.g_01875
OG0000786	Syae	Prbg.g_00492	Syae.g_02477
OG0000786	Syas	Prbg.g_00492	Syas.g_02833
OG0000786	Syat	Prbg.g_00492	Syat.g_01170
OG0000786	Syar	Prbg.g_00492	Syar.g_02795
OG0000786	Syap	Prbg.g_00492	Syap.g_02287
OG0000786	Syab	Prbg.g_00492	Syab.g_00895
OG0000786	Pram	Prbg.g_00492	Pram.g_01244
OG0000786	Prbh	Prbg.g_00492	Prbh.g_01387
OG0000786	Prak	Prbg.g_00492	Prak.g_01292
OG0000786	Prap	Prbg.g_00492	Prap.g_00576
OG0000786	Prbe	Prbg.g_00492	Prbe.g_00878
OG0000786	Prbf	Prbg.g_00492	Prbf.g_00011
OG0000786	Prbn	Prbg.g_00492	Prbn.g_01069
OG0000787	Prac	Prbg.g_00493	Prac.g_00189
OG0000787	Praq	Prbg.g_00493	Praq.g_00147
OG0000787	Prar	Prbg.g_00493	Prar.g_00941
OG0000787	Pras	Prbg.g_00493	Pras.g_00224
OG0000787	Prau	Prbg.g_00493	Prau.g_01385
OG0000787	Prax	Prbg.g_00493	Prax.g_01885
OG0000787	Prae	Prbg.g_00493	Prae.g_01343
OG0000787	Prbd	Prbg.g_00493	Prbd.g_01787
OG0000787	Prab	Prbg.g_00493	Prab.g_01340
OG0000787	Pran	Prbg.g_00493	Pran.g_00862
OG0000787	Prag	Prbg.g_00493	Prag.g_01369
OG0000787	Praw	Prbg.g_00493	Praw.g_00995
OG0000787	Pray	Prbg.g_00493	Pray.g_01856
OG0000787	Praz	Prbg.g_00493	Praz.g_01166
OG0000787	Prba	Prbg.g_00493	Prba.g_01206
OG0000787	Prav	Prbg.g_00493	Prav.g_01452
OG0000787	Prbi	Prbg.g_00493	Prbi.g_01405
OG0000787	Prao	Prbg.g_00493	Prao.g_01262
OG0000787	Prad	Prbg.g_00493	Prad.g_00614
OG0000787	Praa	Prbg.g_00493	Praa.g_01332
OG0000787	Prai	Prbg.g_00493	Prai.g_01349
OG0000787	Pram	Prbg.g_00493	Pram.g_01245
OG0000787	Prbh	Prbg.g_00493	Prbh.g_01388
OG0000787	Pral	Prbg.g_00493	Pral.g_01266
OG0000787	Prat	Prbg.g_00493	Prat.g_01264
OG0000787	Prbc	Prbg.g_00493	Prbc.g_00580
OG0000787	Praj	Prbg.g_00493	Praj.g_01543
OG0000787	Prbm	Prbg.g_00493	Prbm.g_01625
OG0000787	Prbb	Prbg.g_00493	Prbb.g_01601
OG0000787	Prah	Prbg.g_00493	Prah.g_01381
OG0000787	Praf	Prbg.g_00493	Praf.g_00776
OG0000787	Prbj	Prbg.g_00493	Prbj.g_01745
OG0000787	Prbk	Prbg.g_00493	Prbk.g_01166
OG0000787	Prbl	Prbg.g_00493	Prbl.g_01739
OG0000787	Syag	Prbg.g_00493	Syag.g_01236
OG0000787	Syak	Prbg.g_00493	Syak.g_00957
OG0000787	Syab	Prbg.g_00493	Syab.g_00894
OG0000787	Syal	Prbg.g_00493	Syal.g_01578
OG0000787	Syac	Prbg.g_00493	Syac.g_01731
OG0000787	Syah	Prbg.g_00493	Syah.g_01170
OG0000787	Syae	Prbg.g_00493	Syae.g_02476
OG0000787	Syaa	Prbg.g_00493	Syaa.g_01876
OG0000787	Syad	Prbg.g_00493	Syad.g_01100
OG0000787	Syaj	Prbg.g_00493	Syaj.g_00264
OG0000787	Syaf	Prbg.g_00493	Syaf.g_02547
OG0000787	Syai	Prbg.g_00493	Syai.g_00815
OG0000787	Syam	Prbg.g_00493	Syam.g_01701
OG0000787	Syao	Prbg.g_00493	Syao.g_01472
OG0000787	Syan	Prbg.g_00493	Syan.g_01244
OG0000787	Syaq	Prbg.g_00493	Syaq.g_00329
OG0000787	Syar	Prbg.g_00493	Syar.g_02796
OG0000787	Syap	Prbg.g_00493	Syap.g_02288
OG0000787	Syat	Prbg.g_00493	Syat.g_01171
OG0000787	Syas	Prbg.g_00493	Syas.g_02832
OG0000787	Prak	Prbg.g_00493	Prak.g_01293
OG0000787	Prap	Prbg.g_00493	Prap.g_00577
OG0000787	Prbe	Prbg.g_00493	Prbe.g_00877
OG0000787	Prbf	Prbg.g_00493	Prbf.g_00010
OG0000787	Prbn	Prbg.g_00493	Prbn.g_01068
OG0000788	Prai	Prbg.g_00218	Prai.g_01358
OG0000788	Prac	Prbg.g_00218	Prac.g_00204
OG0000788	Praq	Prbg.g_00218	Praq.g_00162
OG0000788	Prar	Prbg.g_00218	Prar.g_00924
OG0000788	Prad	Prbg.g_00218	Prad.g_00607
OG0000788	Pray	Prbg.g_00218	Pray.g_01842
OG0000788	Praz	Prbg.g_00218	Praz.g_01152
OG0000788	Prba	Prbg.g_00218	Prba.g_00209
OG0000788	Prag	Prbg.g_00218	Prag.g_01376
OG0000788	Praw	Prbg.g_00218	Praw.g_01002
OG0000788	Prav	Prbg.g_00218	Prav.g_01460
OG0000788	Prab	Prbg.g_00218	Prab.g_01348
OG0000788	Pran	Prbg.g_00218	Pran.g_00853
OG0000788	Prbi	Prbg.g_00218	Prbi.g_01426
OG0000788	Praa	Prbg.g_00218	Praa.g_01353
OG0000788	Prbd	Prbg.g_00218	Prbd.g_01777
OG0000788	Prax	Prbg.g_00218	Prax.g_01876
OG0000788	Prae	Prbg.g_00218	Prae.g_01355
OG0000788	Pras	Prbg.g_00218	Pras.g_00237
OG0000788	Prau	Prbg.g_00218	Prau.g_01396
OG0000788	Prao	Prbg.g_00218	Prao.g_01252
OG0000788	Syad	Prbg.g_00218	Syad.g_02139
OG0000788	Syaj	Prbg.g_00218	Syaj.g_01270
OG0000788	Syac	Prbg.g_00218	Syac.g_00992
OG0000788	Syah	Prbg.g_00218	Syah.g_01922
OG0000788	Syae	Prbg.g_00218	Syae.g_00087
OG0000788	Syai	Prbg.g_00218	Syai.g_01117
OG0000788	Syaf	Prbg.g_00218	Syaf.g_02297
OG0000788	Syam	Prbg.g_00218	Syam.g_01455
OG0000788	Syaa	Prbg.g_00218	Syaa.g_01620
OG0000788	Syak	Prbg.g_00218	Syak.g_00048
OG0000788	Syaq	Prbg.g_00218	Syaq.g_02099
OG0000788	Syas	Prbg.g_00218	Syas.g_00782
OG0000788	Syap	Prbg.g_00218	Syap.g_01932
OG0000788	Syan	Prbg.g_00218	Syan.g_00843
OG0000788	Syao	Prbg.g_00218	Syao.g_00870
OG0000788	Syat	Prbg.g_00218	Syat.g_00087
OG0000788	Syar	Prbg.g_00218	Syar.g_02331
OG0000788	Syab	Prbg.g_00218	Syab.g_01857
OG0000788	Syal	Prbg.g_00218	Syal.g_02619
OG0000788	Syag	Prbg.g_00218	Syag.g_00427
OG0000788	Pral	Prbg.g_00218	Pral.g_00440
OG0000788	Prbm	Prbg.g_00218	Prbm.g_00777
OG0000788	Prbb	Prbg.g_00218	Prbb.g_00746
OG0000788	Praj	Prbg.g_00218	Praj.g_00732
OG0000788	Prbc	Prbg.g_00218	Prbc.g_01820
OG0000788	Prbj	Prbg.g_00218	Prbj.g_00094
OG0000788	Prbk	Prbg.g_00218	Prbk.g_00334
OG0000788	Prbl	Prbg.g_00218	Prbl.g_00658
OG0000788	Praf	Prbg.g_00218	Praf.g_01996
OG0000788	Prah	Prbg.g_00218	Prah.g_00224
OG0000788	Prat	Prbg.g_00218	Prat.g_01471
OG0000788	Pram	Prbg.g_00218	Pram.g_01271
OG0000788	Prbh	Prbg.g_00218	Prbh.g_00206
OG0000788	Prak	Prbg.g_00218	Prak.g_00460
OG0000788	Prap	Prbg.g_00218	Prap.g_01268
OG0000788	Prbe	Prbg.g_00218	Prbe.g_00634
OG0000788	Prbf	Prbg.g_00218	Prbf.g_01782
OG0000788	Prbn	Prbg.g_00218	Prbn.g_00615
OG0000789	Prac	Prbg.g_00690	Prac.g_00207
OG0000789	Praq	Prbg.g_00690	Praq.g_00165
OG0000789	Prar	Prbg.g_00690	Prar.g_00921
OG0000789	Prao	Prbg.g_00690	Prao.g_01249
OG0000789	Prad	Prbg.g_00690	Prad.g_00604
OG0000789	Prag	Prbg.g_00690	Prag.g_01379
OG0000789	Praw	Prbg.g_00690	Praw.g_01006
OG0000789	Pray	Prbg.g_00690	Pray.g_01839
OG0000789	Praz	Prbg.g_00690	Praz.g_01149
OG0000789	Prba	Prbg.g_00690	Prba.g_00206
OG0000789	Pras	Prbg.g_00690	Pras.g_00240
OG0000789	Prau	Prbg.g_00690	Prau.g_01399
OG0000789	Prae	Prbg.g_00690	Prae.g_01358
OG0000789	Praa	Prbg.g_00690	Praa.g_01356
OG0000789	Prax	Prbg.g_00690	Prax.g_01873
OG0000789	Prbd	Prbg.g_00690	Prbd.g_01774
OG0000789	Prbi	Prbg.g_00690	Prbi.g_01429
OG0000789	Prav	Prbg.g_00690	Prav.g_01463
OG0000789	Prab	Prbg.g_00690	Prab.g_01351
OG0000789	Pran	Prbg.g_00690	Pran.g_00850
OG0000789	Prai	Prbg.g_00690	Prai.g_01360
OG0000789	Prbm	Prbg.g_00690	Prbm.g_01051
OG0000789	Praj	Prbg.g_00690	Praj.g_01011
OG0000789	Prbc	Prbg.g_00690	Prbc.g_02100
OG0000789	Prbb	Prbg.g_00690	Prbb.g_01057
OG0000789	Pral	Prbg.g_00690	Pral.g_01060
OG0000789	Prat	Prbg.g_00690	Prat.g_01455
OG0000789	Syan	Prbg.g_00690	Syan.g_00075
OG0000789	Syao	Prbg.g_00690	Syao.g_00623
OG0000789	Syag	Prbg.g_00690	Syag.g_00453
OG0000789	Prah	Prbg.g_00690	Prah.g_01183
OG0000789	Praf	Prbg.g_00690	Praf.g_01001
OG0000789	Prbj	Prbg.g_00690	Prbj.g_00687
OG0000789	Prbk	Prbg.g_00690	Prbk.g_01691
OG0000789	Prbl	Prbg.g_00690	Prbl.g_01695
OG0000789	Syab	Prbg.g_00690	Syab.g_01835
OG0000789	Syal	Prbg.g_00690	Syal.g_02598
OG0000789	Syac	Prbg.g_00690	Syac.g_01111
OG0000789	Syah	Prbg.g_00690	Syah.g_01556
OG0000789	Syaf	Prbg.g_00690	Syaf.g_01750
OG0000789	Syai	Prbg.g_00690	Syai.g_01596
OG0000789	Syam	Prbg.g_00690	Syam.g_01044
OG0000789	Syad	Prbg.g_00690	Syad.g_01982
OG0000789	Syaj	Prbg.g_00690	Syaj.g_01121
OG0000789	Syaa	Prbg.g_00690	Syaa.g_01434
OG0000789	Syae	Prbg.g_00690	Syae.g_00281
OG0000789	Syak	Prbg.g_00690	Syak.g_00085
OG0000789	Syaq	Prbg.g_00690	Syaq.g_02123
OG0000789	Syar	Prbg.g_00690	Syar.g_02040
OG0000789	Syas	Prbg.g_00690	Syas.g_01507
OG0000789	Syap	Prbg.g_00690	Syap.g_00372
OG0000789	Syat	Prbg.g_00690	Syat.g_00845
OG0000789	Pram	Prbg.g_00690	Pram.g_01281
OG0000789	Prbh	Prbg.g_00690	Prbh.g_00196
OG0000789	Prak	Prbg.g_00690	Prak.g_01490
OG0000789	Prap	Prbg.g_00690	Prap.g_00220
OG0000789	Prbe	Prbg.g_00690	Prbe.g_00212
OG0000789	Prbf	Prbg.g_00690	Prbf.g_00256
OG0000789	Prbn	Prbg.g_00690	Prbn.g_00883
OG0000790	Prai	Prbg.g_00534	Prai.g_01375
OG0000790	Prab	Prbg.g_00534	Prab.g_01365
OG0000790	Pran	Prbg.g_00534	Pran.g_00836
OG0000790	Prad	Prbg.g_00534	Prad.g_00589
OG0000790	Pras	Prbg.g_00534	Pras.g_00255
OG0000790	Prau	Prbg.g_00534	Prau.g_01414
OG0000790	Prbi	Prbg.g_00534	Prbi.g_01444
OG0000790	Prae	Prbg.g_00534	Prae.g_01373
OG0000790	Praa	Prbg.g_00534	Praa.g_01371
OG0000790	Prax	Prbg.g_00534	Prax.g_01858
OG0000790	Prbd	Prbg.g_00534	Prbd.g_01759
OG0000790	Prav	Prbg.g_00534	Prav.g_01478
OG0000790	Prao	Prbg.g_00534	Prao.g_01234
OG0000790	Prag	Prbg.g_00534	Prag.g_01394
OG0000790	Praw	Prbg.g_00534	Praw.g_01021
OG0000790	Prac	Prbg.g_00534	Prac.g_00222
OG0000790	Praq	Prbg.g_00534	Praq.g_00182
OG0000790	Prar	Prbg.g_00534	Prar.g_00906
OG0000790	Pray	Prbg.g_00534	Pray.g_01824
OG0000790	Praz	Prbg.g_00534	Praz.g_01134
OG0000790	Prba	Prbg.g_00534	Prba.g_00191
OG0000790	Praj	Prbg.g_00534	Praj.g_01580
OG0000790	Prbb	Prbg.g_00534	Prbb.g_01644
OG0000790	Prbm	Prbg.g_00534	Prbm.g_01665
OG0000790	Prbc	Prbg.g_00534	Prbc.g_00662
OG0000790	Syad	Prbg.g_00534	Syad.g_00886
OG0000790	Syaj	Prbg.g_00534	Syaj.g_00054
OG0000790	Syae	Prbg.g_00534	Syae.g_02294
OG0000790	Syac	Prbg.g_00534	Syac.g_01921
OG0000790	Syah	Prbg.g_00534	Syah.g_00981
OG0000790	Syaa	Prbg.g_00534	Syaa.g_02064
OG0000790	Syaf	Prbg.g_00534	Syaf.g_02738
OG0000790	Syai	Prbg.g_00534	Syai.g_00623
OG0000790	Syam	Prbg.g_00534	Syam.g_00570
OG0000790	Syar	Prbg.g_00534	Syar.g_01456
OG0000790	Syan	Prbg.g_00534	Syan.g_02778
OG0000790	Syao	Prbg.g_00534	Syao.g_00041, Syao.g_00315
OG0000790	Syas	Prbg.g_00534	Syas.g_01266
OG0000790	Syat	Prbg.g_00534	Syat.g_01300
OG0000790	Syab	Prbg.g_00534	Syab.g_02082
OG0000790	Syal	Prbg.g_00534	Syal.g_02883
OG0000790	Prbj	Prbg.g_00534	Prbj.g_01643
OG0000790	Prbk	Prbg.g_00534	Prbk.g_02048
OG0000790	Prbl	Prbg.g_00534	Prbl.g_00498
OG0000790	Praf	Prbg.g_00534	Praf.g_00579
OG0000790	Prah	Prbg.g_00534	Prah.g_01580
OG0000790	Syak	Prbg.g_00534	Syak.g_02560
OG0000790	Syag	Prbg.g_00534	Syag.g_01542
OG0000790	Syaq	Prbg.g_00534	Syaq.g_01758
OG0000790	Pral	Prbg.g_00534	Pral.g_01217
OG0000790	Prat	Prbg.g_00534	Prat.g_01296
OG0000790	Pram	Prbg.g_00534	Pram.g_01463
OG0000790	Prbh	Prbg.g_00534	Prbh.g_00014
OG0000790	Prak	Prbg.g_00534	Prak.g_01334
OG0000790	Prap	Prbg.g_00534	Prap.g_00064
OG0000790	Prbe	Prbg.g_00534	Prbe.g_00368
OG0000790	Prbf	Prbg.g_00534	Prbf.g_00100
OG0000790	Prbn	Prbg.g_00534	Prbn.g_00155
OG0000791	Prab	Prbg.g_00536	Prab.g_01367
OG0000791	Pran	Prbg.g_00536	Pran.g_00834
OG0000791	Prai	Prbg.g_00536	Prai.g_01377
OG0000791	Prad	Prbg.g_00536	Prad.g_00587
OG0000791	Prag	Prbg.g_00536	Prag.g_01396
OG0000791	Praw	Prbg.g_00536	Praw.g_01023
OG0000791	Prao	Prbg.g_00536	Prao.g_01232
OG0000791	Prav	Prbg.g_00536	Prav.g_01480
OG0000791	Pray	Prbg.g_00536	Pray.g_01822
OG0000791	Praz	Prbg.g_00536	Praz.g_01132
OG0000791	Prba	Prbg.g_00536	Prba.g_00189
OG0000791	Prac	Prbg.g_00536	Prac.g_00224
OG0000791	Praq	Prbg.g_00536	Praq.g_00184
OG0000791	Prar	Prbg.g_00536	Prar.g_00904
OG0000791	Praa	Prbg.g_00536	Praa.g_01373
OG0000791	Prae	Prbg.g_00536	Prae.g_01375
OG0000791	Prbd	Prbg.g_00536	Prbd.g_01757
OG0000791	Pras	Prbg.g_00536	Pras.g_00257
OG0000791	Prau	Prbg.g_00536	Prau.g_01416
OG0000791	Prbi	Prbg.g_00536	Prbi.g_01446
OG0000791	Prax	Prbg.g_00536	Prax.g_01856
OG0000791	Prbm	Prbg.g_00536	Prbm.g_01667
OG0000791	Prbb	Prbg.g_00536	Prbb.g_01646
OG0000791	Praj	Prbg.g_00536	Praj.g_01582
OG0000791	Prbc	Prbg.g_00536	Prbc.g_00664
OG0000791	Prbj	Prbg.g_00536	Prbj.g_01645
OG0000791	Prbk	Prbg.g_00536	Prbk.g_02046
OG0000791	Prbl	Prbg.g_00536	Prbl.g_00496
OG0000791	Praf	Prbg.g_00536	Praf.g_00577
OG0000791	Prah	Prbg.g_00536	Prah.g_01582
OG0000791	Syak	Prbg.g_00536	Syak.g_02558
OG0000791	Syab	Prbg.g_00536	Syab.g_02080
OG0000791	Syal	Prbg.g_00536	Syal.g_02882
OG0000791	Syam	Prbg.g_00536	Syam.g_00568
OG0000791	Syai	Prbg.g_00536	Syai.g_00621
OG0000791	Syaf	Prbg.g_00536	Syaf.g_02740
OG0000791	Syac	Prbg.g_00536	Syac.g_01922
OG0000791	Syah	Prbg.g_00536	Syah.g_00980
OG0000791	Syad	Prbg.g_00536	Syad.g_00885
OG0000791	Syaj	Prbg.g_00536	Syaj.g_00053
OG0000791	Syaa	Prbg.g_00536	Syaa.g_02066
OG0000791	Syae	Prbg.g_00536	Syae.g_02292
OG0000791	Syag	Prbg.g_00536	Syag.g_01544
OG0000791	Syaq	Prbg.g_00536	Syaq.g_01756
OG0000791	Syat	Prbg.g_00536	Syat.g_01302
OG0000791	Syap	Prbg.g_00536	Syap.g_02520
OG0000791	Syas	Prbg.g_00536	Syas.g_01268
OG0000791	Syar	Prbg.g_00536	Syar.g_01454
OG0000791	Syan	Prbg.g_00536	Syan.g_02780
OG0000791	Syao	Prbg.g_00536	Syao.g_00043
OG0000791	Pram	Prbg.g_00536	Pram.g_01461
OG0000791	Prbh	Prbg.g_00536	Prbh.g_00016
OG0000791	Pral	Prbg.g_00536	Pral.g_01215
OG0000791	Prat	Prbg.g_00536	Prat.g_01298
OG0000791	Prak	Prbg.g_00536	Prak.g_01336
OG0000791	Prap	Prbg.g_00536	Prap.g_00066
OG0000791	Prbe	Prbg.g_00536	Prbe.g_00366
OG0000791	Prbf	Prbg.g_00536	Prbf.g_00102
OG0000791	Prbn	Prbg.g_00536	Prbn.g_00157
OG0000792	Prbi	Prbg.g_00537	Prbi.g_01447
OG0000792	Prae	Prbg.g_00537	Prae.g_01376
OG0000792	Prag	Prbg.g_00537	Prag.g_01397
OG0000792	Praw	Prbg.g_00537	Praw.g_01024
OG0000792	Prav	Prbg.g_00537	Prav.g_01481
OG0000792	Prad	Prbg.g_00537	Prad.g_00586
OG0000792	Prab	Prbg.g_00537	Prab.g_01368
OG0000792	Pran	Prbg.g_00537	Pran.g_00833
OG0000792	Prai	Prbg.g_00537	Prai.g_01378
OG0000792	Prac	Prbg.g_00537	Prac.g_00225
OG0000792	Praq	Prbg.g_00537	Praq.g_00185
OG0000792	Prar	Prbg.g_00537	Prar.g_00903
OG0000792	Prao	Prbg.g_00537	Prao.g_01231
OG0000792	Pray	Prbg.g_00537	Pray.g_01821
OG0000792	Praz	Prbg.g_00537	Praz.g_01131
OG0000792	Prba	Prbg.g_00537	Prba.g_00188
OG0000792	Prbd	Prbg.g_00537	Prbd.g_01756
OG0000792	Pras	Prbg.g_00537	Pras.g_00258
OG0000792	Prau	Prbg.g_00537	Prau.g_01417
OG0000792	Praa	Prbg.g_00537	Praa.g_01374
OG0000792	Prax	Prbg.g_00537	Prax.g_01855
OG0000792	Praj	Prbg.g_00537	Praj.g_01583
OG0000792	Prbb	Prbg.g_00537	Prbb.g_01647
OG0000792	Prbc	Prbg.g_00537	Prbc.g_00665
OG0000792	Prbm	Prbg.g_00537	Prbm.g_01668
OG0000792	Praf	Prbg.g_00537	Praf.g_00576
OG0000792	Prah	Prbg.g_00537	Prah.g_01583
OG0000792	Prbj	Prbg.g_00537	Prbj.g_01646
OG0000792	Prbk	Prbg.g_00537	Prbk.g_02045
OG0000792	Prbl	Prbg.g_00537	Prbl.g_00495
OG0000792	Syae	Prbg.g_00537	Syae.g_02291
OG0000792	Syad	Prbg.g_00537	Syad.g_00884
OG0000792	Syaj	Prbg.g_00537	Syaj.g_00052
OG0000792	Syaa	Prbg.g_00537	Syaa.g_02067
OG0000792	Syac	Prbg.g_00537	Syac.g_01923
OG0000792	Syah	Prbg.g_00537	Syah.g_00979
OG0000792	Syaf	Prbg.g_00537	Syaf.g_02741
OG0000792	Syai	Prbg.g_00537	Syai.g_00620
OG0000792	Syam	Prbg.g_00537	Syam.g_00567
OG0000792	Syaq	Prbg.g_00537	Syaq.g_01755
OG0000792	Syak	Prbg.g_00537	Syak.g_02557
OG0000792	Syab	Prbg.g_00537	Syab.g_02079
OG0000792	Syal	Prbg.g_00537	Syal.g_02881
OG0000792	Syag	Prbg.g_00537	Syag.g_01545
OG0000792	Syas	Prbg.g_00537	Syas.g_01269
OG0000792	Syap	Prbg.g_00537	Syap.g_02519
OG0000792	Syan	Prbg.g_00537	Syan.g_02781
OG0000792	Syao	Prbg.g_00537	Syao.g_00044
OG0000792	Syat	Prbg.g_00537	Syat.g_01303
OG0000792	Syar	Prbg.g_00537	Syar.g_01453
OG0000792	Pral	Prbg.g_00537	Pral.g_01214
OG0000792	Prat	Prbg.g_00537	Prat.g_01299
OG0000792	Pram	Prbg.g_00537	Pram.g_01460
OG0000792	Prbh	Prbg.g_00537	Prbh.g_00017
OG0000792	Prak	Prbg.g_00537	Prak.g_01337
OG0000792	Prap	Prbg.g_00537	Prap.g_00067
OG0000792	Prbe	Prbg.g_00537	Prbe.g_00365
OG0000792	Prbf	Prbg.g_00537	Prbf.g_00103
OG0000792	Prbn	Prbg.g_00537	Prbn.g_00158
OG0000793	Prab	Prbg.g_00540	Prab.g_01371
OG0000793	Pran	Prbg.g_00540	Pran.g_00830
OG0000793	Prai	Prbg.g_00540	Prai.g_01381
OG0000793	Prbd	Prbg.g_00540	Prbd.g_01753
OG0000793	Prav	Prbg.g_00540	Prav.g_01484
OG0000793	Prao	Prbg.g_00540	Prao.g_01228
OG0000793	Pray	Prbg.g_00540	Pray.g_01818
OG0000793	Praz	Prbg.g_00540	Praz.g_01128
OG0000793	Prba	Prbg.g_00540	Prba.g_00185
OG0000793	Pras	Prbg.g_00540	Pras.g_00261
OG0000793	Prau	Prbg.g_00540	Prau.g_01420
OG0000793	Praa	Prbg.g_00540	Praa.g_01377
OG0000793	Prae	Prbg.g_00540	Prae.g_01379
OG0000793	Prag	Prbg.g_00540	Prag.g_01400
OG0000793	Praw	Prbg.g_00540	Praw.g_01027
OG0000793	Prac	Prbg.g_00540	Prac.g_00228
OG0000793	Praq	Prbg.g_00540	Praq.g_00188
OG0000793	Prar	Prbg.g_00540	Prar.g_00900
OG0000793	Prax	Prbg.g_00540	Prax.g_01852
OG0000793	Prad	Prbg.g_00540	Prad.g_00583
OG0000793	Prbi	Prbg.g_00540	Prbi.g_01450
OG0000793	Prbc	Prbg.g_00540	Prbc.g_00668
OG0000793	Prbb	Prbg.g_00540	Prbb.g_01650
OG0000793	Prbm	Prbg.g_00540	Prbm.g_01671
OG0000793	Praj	Prbg.g_00540	Praj.g_01586
OG0000793	Syar	Prbg.g_00540	Syar.g_01243
OG0000793	Syan	Prbg.g_00540	Syan.g_02879
OG0000793	Syao	Prbg.g_00540	Syao.g_02700
OG0000793	Syap	Prbg.g_00540	Syap.g_02141
OG0000793	Syas	Prbg.g_00540	Syas.g_01359
OG0000793	Syat	Prbg.g_00540	Syat.g_01412
OG0000793	Syab	Prbg.g_00540	Syab.g_02074
OG0000793	Syal	Prbg.g_00540	Syal.g_02876
OG0000793	Syak	Prbg.g_00540	Syak.g_02552
OG0000793	Syaq	Prbg.g_00540	Syaq.g_01750
OG0000793	Prbj	Prbg.g_00540	Prbj.g_01650
OG0000793	Prbk	Prbg.g_00540	Prbk.g_02041
OG0000793	Prbl	Prbg.g_00540	Prbl.g_00491
OG0000793	Praf	Prbg.g_00540	Praf.g_00572
OG0000793	Prah	Prbg.g_00540	Prah.g_01587
OG0000793	Syad	Prbg.g_00540	Syad.g_00879
OG0000793	Syaj	Prbg.g_00540	Syaj.g_00047
OG0000793	Syaa	Prbg.g_00540	Syaa.g_02072
OG0000793	Syae	Prbg.g_00540	Syae.g_02286
OG0000793	Syai	Prbg.g_00540	Syai.g_00615
OG0000793	Syaf	Prbg.g_00540	Syaf.g_02746
OG0000793	Syam	Prbg.g_00540	Syam.g_00562
OG0000793	Syac	Prbg.g_00540	Syac.g_01928
OG0000793	Syah	Prbg.g_00540	Syah.g_00974
OG0000793	Syag	Prbg.g_00540	Syag.g_01550
OG0000793	Pral	Prbg.g_00540	Pral.g_01211
OG0000793	Prat	Prbg.g_00540	Prat.g_01302
OG0000793	Pram	Prbg.g_00540	Pram.g_01456
OG0000793	Prbh	Prbg.g_00540	Prbh.g_00021
OG0000793	Prak	Prbg.g_00540	Prak.g_01340
OG0000793	Prap	Prbg.g_00540	Prap.g_00070
OG0000793	Prbe	Prbg.g_00540	Prbe.g_00362
OG0000793	Prbf	Prbg.g_00540	Prbf.g_00106
OG0000793	Prbn	Prbg.g_00540	Prbn.g_00161
OG0000794	Prai	Prbg.g_00541	Prai.g_01382
OG0000794	Prab	Prbg.g_00541	Prab.g_01372
OG0000794	Pran	Prbg.g_00541	Pran.g_00829
OG0000794	Prao	Prbg.g_00541	Prao.g_01227
OG0000794	Prbd	Prbg.g_00541	Prbd.g_01752
OG0000794	Prag	Prbg.g_00541	Prag.g_01401
OG0000794	Praw	Prbg.g_00541	Praw.g_01028
OG0000794	Prav	Prbg.g_00541	Prav.g_01485
OG0000794	Prac	Prbg.g_00541	Prac.g_00229
OG0000794	Praq	Prbg.g_00541	Praq.g_00189
OG0000794	Prar	Prbg.g_00541	Prar.g_00899
OG0000794	Prae	Prbg.g_00541	Prae.g_01380
OG0000794	Praa	Prbg.g_00541	Praa.g_01378
OG0000794	Pray	Prbg.g_00541	Pray.g_01817
OG0000794	Praz	Prbg.g_00541	Praz.g_01127
OG0000794	Prba	Prbg.g_00541	Prba.g_00184
OG0000794	Pras	Prbg.g_00541	Pras.g_00262
OG0000794	Prau	Prbg.g_00541	Prau.g_01421
OG0000794	Prax	Prbg.g_00541	Prax.g_01851
OG0000794	Prad	Prbg.g_00541	Prad.g_00582
OG0000794	Prbi	Prbg.g_00541	Prbi.g_01451
OG0000794	Prbm	Prbg.g_00541	Prbm.g_01672
OG0000794	Prbc	Prbg.g_00541	Prbc.g_00669
OG0000794	Praj	Prbg.g_00541	Praj.g_01587
OG0000794	Prbb	Prbg.g_00541	Prbb.g_01651
OG0000794	Prbj	Prbg.g_00541	Prbj.g_01651
OG0000794	Prbk	Prbg.g_00541	Prbk.g_02040
OG0000794	Prbl	Prbg.g_00541	Prbl.g_00490
OG0000794	Praf	Prbg.g_00541	Praf.g_00571
OG0000794	Prah	Prbg.g_00541	Prah.g_01588
OG0000794	Syag	Prbg.g_00541	Syag.g_01551
OG0000794	Syaq	Prbg.g_00541	Syaq.g_01749
OG0000794	Syak	Prbg.g_00541	Syak.g_02551
OG0000794	Syab	Prbg.g_00541	Syab.g_02073
OG0000794	Syal	Prbg.g_00541	Syal.g_02875
OG0000794	Syam	Prbg.g_00541	Syam.g_00561
OG0000794	Syaf	Prbg.g_00541	Syaf.g_02747
OG0000794	Syai	Prbg.g_00541	Syai.g_00614
OG0000794	Syac	Prbg.g_00541	Syac.g_01929
OG0000794	Syah	Prbg.g_00541	Syah.g_00973
OG0000794	Syaa	Prbg.g_00541	Syaa.g_02073
OG0000794	Syae	Prbg.g_00541	Syae.g_02285
OG0000794	Syad	Prbg.g_00541	Syad.g_00878
OG0000794	Syaj	Prbg.g_00541	Syaj.g_00046
OG0000794	Syas	Prbg.g_00541	Syas.g_01361
OG0000794	Syar	Prbg.g_00541	Syar.g_01242
OG0000794	Syap	Prbg.g_00541	Syap.g_02200
OG0000794	Syat	Prbg.g_00541	Syat.g_01414
OG0000794	Syan	Prbg.g_00541	Syan.g_02881
OG0000794	Syao	Prbg.g_00541	Syao.g_02703
OG0000794	Pral	Prbg.g_00541	Pral.g_01210
OG0000794	Prat	Prbg.g_00541	Prat.g_01303
OG0000794	Pram	Prbg.g_00541	Pram.g_01455
OG0000794	Prbh	Prbg.g_00541	Prbh.g_00022
OG0000794	Prak	Prbg.g_00541	Prak.g_01341
OG0000794	Prap	Prbg.g_00541	Prap.g_00071
OG0000794	Prbe	Prbg.g_00541	Prbe.g_00361
OG0000794	Prbf	Prbg.g_00541	Prbf.g_00107
OG0000794	Prbn	Prbg.g_00541	Prbn.g_00162
OG0000795	Prao	Prbg.g_00542	Prao.g_01226
OG0000795	Prax	Prbg.g_00542	Prax.g_01850
OG0000795	Prad	Prbg.g_00542	Prad.g_00581
OG0000795	Prau	Prbg.g_00542	Prau.g_01422
OG0000795	Prbd	Prbg.g_00542	Prbd.g_01751
OG0000795	Prbi	Prbg.g_00542	Prbi.g_01452
OG0000795	Prac	Prbg.g_00542	Prac.g_00230
OG0000795	Praq	Prbg.g_00542	Praq.g_00190
OG0000795	Prar	Prbg.g_00542	Prar.g_00898
OG0000795	Prae	Prbg.g_00542	Prae.g_01381
OG0000795	Pras	Prbg.g_00542	Pras.g_00263
OG0000795	Prav	Prbg.g_00542	Prav.g_01486
OG0000795	Prab	Prbg.g_00542	Prab.g_01373
OG0000795	Pran	Prbg.g_00542	Pran.g_00828
OG0000795	Prai	Prbg.g_00542	Prai.g_01383
OG0000795	Praa	Prbg.g_00542	Praa.g_01379
OG0000795	Pray	Prbg.g_00542	Pray.g_01816
OG0000795	Praz	Prbg.g_00542	Praz.g_01126
OG0000795	Prba	Prbg.g_00542	Prba.g_00183
OG0000795	Prag	Prbg.g_00542	Prag.g_01402
OG0000795	Praw	Prbg.g_00542	Praw.g_01029
OG0000795	Prbm	Prbg.g_00542	Prbm.g_01673
OG0000795	Praj	Prbg.g_00542	Praj.g_01588
OG0000795	Prbb	Prbg.g_00542	Prbb.g_01652
OG0000795	Prbc	Prbg.g_00542	Prbc.g_00670
OG0000795	Syad	Prbg.g_00542	Syad.g_00877
OG0000795	Syaj	Prbg.g_00542	Syaj.g_00045
OG0000795	Syag	Prbg.g_00542	Syag.g_01552
OG0000795	Syab	Prbg.g_00542	Syab.g_02072
OG0000795	Syal	Prbg.g_00542	Syal.g_02874
OG0000795	Syaf	Prbg.g_00542	Syaf.g_02748
OG0000795	Syai	Prbg.g_00542	Syai.g_00613
OG0000795	Syam	Prbg.g_00542	Syam.g_00560
OG0000795	Syan	Prbg.g_00542	Syan.g_02882
OG0000795	Syao	Prbg.g_00542	Syao.g_02704
OG0000795	Syar	Prbg.g_00542	Syar.g_01240
OG0000795	Syat	Prbg.g_00542	Syat.g_01416
OG0000795	Syas	Prbg.g_00542	Syas.g_01363
OG0000795	Syap	Prbg.g_00542	Syap.g_02199
OG0000795	Syak	Prbg.g_00542	Syak.g_02550
OG0000795	Praf	Prbg.g_00542	Praf.g_00570
OG0000795	Prah	Prbg.g_00542	Prah.g_01589
OG0000795	Prbj	Prbg.g_00542	Prbj.g_01652
OG0000795	Prbk	Prbg.g_00542	Prbk.g_02039
OG0000795	Prbl	Prbg.g_00542	Prbl.g_00489
OG0000795	Syaq	Prbg.g_00542	Syaq.g_01748
OG0000795	Syac	Prbg.g_00542	Syac.g_01930
OG0000795	Syah	Prbg.g_00542	Syah.g_00972
OG0000795	Syae	Prbg.g_00542	Syae.g_02284
OG0000795	Syaa	Prbg.g_00542	Syaa.g_02074
OG0000795	Pram	Prbg.g_00542	Pram.g_01454
OG0000795	Prbh	Prbg.g_00542	Prbh.g_00023
OG0000795	Prat	Prbg.g_00542	Prat.g_01304
OG0000795	Pral	Prbg.g_00542	Pral.g_01209
OG0000795	Prak	Prbg.g_00542	Prak.g_01342
OG0000795	Prap	Prbg.g_00542	Prap.g_00072
OG0000795	Prbe	Prbg.g_00542	Prbe.g_00360
OG0000795	Prbf	Prbg.g_00542	Prbf.g_00108
OG0000795	Prbn	Prbg.g_00542	Prbn.g_00163
OG0000796	Prab	Prbg.g_00546	Prab.g_01377
OG0000796	Pran	Prbg.g_00546	Pran.g_00824
OG0000796	Prac	Prbg.g_00546	Prac.g_00234
OG0000796	Praq	Prbg.g_00546	Praq.g_00194
OG0000796	Prar	Prbg.g_00546	Prar.g_00894
OG0000796	Prax	Prbg.g_00546	Prax.g_01846
OG0000796	Prae	Prbg.g_00546	Prae.g_01385
OG0000796	Prau	Prbg.g_00546	Prau.g_01426
OG0000796	Praa	Prbg.g_00546	Praa.g_01383
OG0000796	Pras	Prbg.g_00546	Pras.g_00267
OG0000796	Prag	Prbg.g_00546	Prag.g_01406
OG0000796	Praw	Prbg.g_00546	Praw.g_01033
OG0000796	Prbd	Prbg.g_00546	Prbd.g_01747
OG0000796	Prbi	Prbg.g_00546	Prbi.g_01456
OG0000796	Prav	Prbg.g_00546	Prav.g_01490
OG0000796	Prai	Prbg.g_00546	Prai.g_01387
OG0000796	Pray	Prbg.g_00546	Pray.g_01812
OG0000796	Praz	Prbg.g_00546	Praz.g_01122
OG0000796	Prba	Prbg.g_00546	Prba.g_00179
OG0000796	Prad	Prbg.g_00546	Prad.g_00577
OG0000796	Prao	Prbg.g_00546	Prao.g_01222
OG0000796	Prbm	Prbg.g_00546	Prbm.g_01677
OG0000796	Praj	Prbg.g_00546	Praj.g_01592
OG0000796	Prbb	Prbg.g_00546	Prbb.g_01656
OG0000796	Prbc	Prbg.g_00546	Prbc.g_00674
OG0000796	Syak	Prbg.g_00546	Syak.g_02547
OG0000796	Syab	Prbg.g_00546	Syab.g_02068
OG0000796	Syal	Prbg.g_00546	Syal.g_02870
OG0000796	Syac	Prbg.g_00546	Syac.g_01934
OG0000796	Syah	Prbg.g_00546	Syah.g_00968
OG0000796	Syaf	Prbg.g_00546	Syaf.g_02752
OG0000796	Syai	Prbg.g_00546	Syai.g_00609
OG0000796	Syam	Prbg.g_00546	Syam.g_00556
OG0000796	Syad	Prbg.g_00546	Syad.g_00871
OG0000796	Syaj	Prbg.g_00546	Syaj.g_00039
OG0000796	Syaa	Prbg.g_00546	Syaa.g_02078
OG0000796	Syae	Prbg.g_00546	Syae.g_02280
OG0000796	Praf	Prbg.g_00546	Praf.g_00566
OG0000796	Prah	Prbg.g_00546	Prah.g_01593
OG0000796	Prbj	Prbg.g_00546	Prbj.g_01656
OG0000796	Prbk	Prbg.g_00546	Prbk.g_02035
OG0000796	Prbl	Prbg.g_00546	Prbl.g_00485
OG0000796	Syar	Prbg.g_00546	Syar.g_01236
OG0000796	Syan	Prbg.g_00546	Syan.g_02886
OG0000796	Syao	Prbg.g_00546	Syao.g_02708
OG0000796	Syat	Prbg.g_00546	Syat.g_01422
OG0000796	Syap	Prbg.g_00546	Syap.g_02448
OG0000796	Syas	Prbg.g_00546	Syas.g_01368
OG0000796	Syag	Prbg.g_00546	Syag.g_01556
OG0000796	Syaq	Prbg.g_00546	Syaq.g_01744
OG0000796	Pral	Prbg.g_00546	Pral.g_01205
OG0000796	Prat	Prbg.g_00546	Prat.g_01308
OG0000796	Pram	Prbg.g_00546	Pram.g_01450
OG0000796	Prbh	Prbg.g_00546	Prbh.g_00027
OG0000796	Prak	Prbg.g_00546	Prak.g_01346
OG0000796	Prap	Prbg.g_00546	Prap.g_00076
OG0000796	Prbe	Prbg.g_00546	Prbe.g_00356
OG0000796	Prbf	Prbg.g_00546	Prbf.g_00112
OG0000796	Prbn	Prbg.g_00546	Prbn.g_00167
OG0000797	Prao	Prbg.g_00547	Prao.g_01221
OG0000797	Prab	Prbg.g_00547	Prab.g_01378
OG0000797	Pran	Prbg.g_00547	Pran.g_00823
OG0000797	Prag	Prbg.g_00547	Prag.g_01407
OG0000797	Praw	Prbg.g_00547	Praw.g_01034
OG0000797	Prav	Prbg.g_00547	Prav.g_01491
OG0000797	Prbd	Prbg.g_00547	Prbd.g_01746
OG0000797	Prbi	Prbg.g_00547	Prbi.g_01457
OG0000797	Pray	Prbg.g_00547	Pray.g_01811
OG0000797	Praz	Prbg.g_00547	Praz.g_01121
OG0000797	Prba	Prbg.g_00547	Prba.g_00178
OG0000797	Prau	Prbg.g_00547	Prau.g_01427
OG0000797	Praa	Prbg.g_00547	Praa.g_01384
OG0000797	Pras	Prbg.g_00547	Pras.g_00268
OG0000797	Prad	Prbg.g_00547	Prad.g_00576
OG0000797	Prae	Prbg.g_00547	Prae.g_01386
OG0000797	Prai	Prbg.g_00547	Prai.g_01388
OG0000797	Prac	Prbg.g_00547	Prac.g_00235
OG0000797	Praq	Prbg.g_00547	Praq.g_00195
OG0000797	Prar	Prbg.g_00547	Prar.g_00893
OG0000797	Prax	Prbg.g_00547	Prax.g_01845
OG0000797	Prbm	Prbg.g_00547	Prbm.g_01678
OG0000797	Prbc	Prbg.g_00547	Prbc.g_00675
OG0000797	Praj	Prbg.g_00547	Praj.g_01593
OG0000797	Prbb	Prbg.g_00547	Prbb.g_01657
OG0000797	Prbj	Prbg.g_00547	Prbj.g_01657
OG0000797	Prbk	Prbg.g_00547	Prbk.g_02034
OG0000797	Prbl	Prbg.g_00547	Prbl.g_00484
OG0000797	Praf	Prbg.g_00547	Praf.g_00565
OG0000797	Prah	Prbg.g_00547	Prah.g_01594
OG0000797	Syaf	Prbg.g_00547	Syaf.g_02753
OG0000797	Syai	Prbg.g_00547	Syai.g_00608
OG0000797	Syam	Prbg.g_00547	Syam.g_00555
OG0000797	Syaa	Prbg.g_00547	Syaa.g_02079
OG0000797	Syac	Prbg.g_00547	Syac.g_01935
OG0000797	Syah	Prbg.g_00547	Syah.g_00967
OG0000797	Syae	Prbg.g_00547	Syae.g_02279
OG0000797	Syad	Prbg.g_00547	Syad.g_00870
OG0000797	Syaj	Prbg.g_00547	Syaj.g_00038
OG0000797	Syak	Prbg.g_00547	Syak.g_02546
OG0000797	Syab	Prbg.g_00547	Syab.g_02067
OG0000797	Syal	Prbg.g_00547	Syal.g_02869
OG0000797	Syag	Prbg.g_00547	Syag.g_01557
OG0000797	Syaq	Prbg.g_00547	Syaq.g_01743
OG0000797	Syan	Prbg.g_00547	Syan.g_02888
OG0000797	Syao	Prbg.g_00547	Syao.g_02709
OG0000797	Syar	Prbg.g_00547	Syar.g_01235
OG0000797	Syat	Prbg.g_00547	Syat.g_01423
OG0000797	Syap	Prbg.g_00547	Syap.g_02449
OG0000797	Syas	Prbg.g_00547	Syas.g_01369
OG0000797	Pral	Prbg.g_00547	Pral.g_01204
OG0000797	Prat	Prbg.g_00547	Prat.g_01309
OG0000797	Pram	Prbg.g_00547	Pram.g_01449
OG0000797	Prbh	Prbg.g_00547	Prbh.g_00028
OG0000797	Prak	Prbg.g_00547	Prak.g_01347
OG0000797	Prap	Prbg.g_00547	Prap.g_00077
OG0000797	Prbe	Prbg.g_00547	Prbe.g_00355
OG0000797	Prbf	Prbg.g_00547	Prbf.g_00113
OG0000797	Prbn	Prbg.g_00547	Prbn.g_00168
OG0000798	Prab	Prbg.g_00038	Prab.g_01411
OG0000798	Pran	Prbg.g_00038	Pran.g_00789
OG0000798	Prag	Prbg.g_00038	Prag.g_01430
OG0000798	Praw	Prbg.g_00038	Praw.g_01057
OG0000798	Prax	Prbg.g_00038	Prax.g_01819
OG0000798	Prac	Prbg.g_00038	Prac.g_00262
OG0000798	Praq	Prbg.g_00038	Praq.g_00222
OG0000798	Prar	Prbg.g_00038	Prar.g_00866
OG0000798	Prae	Prbg.g_00038	Prae.g_01420
OG0000798	Pray	Prbg.g_00038	Pray.g_01799
OG0000798	Praz	Prbg.g_00038	Praz.g_01109
OG0000798	Prba	Prbg.g_00038	Prba.g_00166
OG0000798	Praa	Prbg.g_00038	Praa.g_01412
OG0000798	Prai	Prbg.g_00038	Prai.g_01395
OG0000798	Prav	Prbg.g_00038	Prav.g_01556
OG0000798	Prbb	Prbg.g_00038	Prbb.g_00858
OG0000798	Syap	Prbg.g_00038	Syap.g_01269
OG0000798	Syar	Prbg.g_00038	Syar.g_02701
OG0000798	Syat	Prbg.g_00038	Syat.g_01214
OG0000798	Syas	Prbg.g_00038	Syas.g_02134
OG0000798	Syal	Prbg.g_00038	Syal.g_01372
OG0000798	Syaa	Prbg.g_00038	Syaa.g_00494
OG0000798	Syae	Prbg.g_00038	Syae.g_01205
OG0000798	Pram	Prbg.g_00038	Pram.g_01415
OG0000798	Prbh	Prbg.g_00038	Prbh.g_00062
OG0000798	Prak	Prbg.g_00038	Prak.g_00696
OG0000798	Prap	Prbg.g_00038	Prap.g_00004
OG0000798	Prbe	Prbg.g_00038	Prbe.g_00087
OG0000798	Prbf	Prbg.g_00038	Prbf.g_00312
OG0000798	Prbn	Prbg.g_00038	Prbn.g_01055
OG0000799	Prag	Prbg.g_00574	Prag.g_01470
OG0000799	Praw	Prbg.g_00574	Praw.g_01101
OG0000799	Prae	Prbg.g_00574	Prae.g_01441
OG0000799	Prai	Prbg.g_00574	Prai.g_01445
OG0000799	Prac	Prbg.g_00574	Prac.g_00429
OG0000799	Praq	Prbg.g_00574	Praq.g_00276
OG0000799	Prar	Prbg.g_00574	Prar.g_00357
OG0000799	Prax	Prbg.g_00574	Prax.g_01751
OG0000799	Prav	Prbg.g_00574	Prav.g_01560
OG0000799	Prao	Prbg.g_00574	Prao.g_01379
OG0000799	Prau	Prbg.g_00574	Prau.g_01510
OG0000799	Praa	Prbg.g_00574	Praa.g_01458
OG0000799	Pras	Prbg.g_00574	Pras.g_00332
OG0000799	Prbd	Prbg.g_00574	Prbd.g_01707
OG0000799	Prab	Prbg.g_00574	Prab.g_01448
OG0000799	Pran	Prbg.g_00574	Pran.g_00751
OG0000799	Pray	Prbg.g_00574	Pray.g_01740
OG0000799	Praz	Prbg.g_00574	Praz.g_01059
OG0000799	Prba	Prbg.g_00574	Prba.g_00115
OG0000799	Prad	Prbg.g_00574	Prad.g_00533
OG0000799	Prbi	Prbg.g_00574	Prbi.g_01571
OG0000799	Pram	Prbg.g_00574	Pram.g_01398
OG0000799	Prbh	Prbg.g_00574	Prbh.g_00079
OG0000799	Prbm	Prbg.g_00574	Prbm.g_01691
OG0000799	Praj	Prbg.g_00574	Praj.g_01613
OG0000799	Prbc	Prbg.g_00574	Prbc.g_00690
OG0000799	Prbb	Prbg.g_00574	Prbb.g_01668
OG0000799	Syao	Prbg.g_00574	Syao.g_01525
OG0000799	Syan	Prbg.g_00574	Syan.g_01310
OG0000799	Syap	Prbg.g_00574	Syap.g_02488
OG0000799	Syar	Prbg.g_00574	Syar.g_02844
OG0000799	Syat	Prbg.g_00574	Syat.g_01256
OG0000799	Syas	Prbg.g_00574	Syas.g_02789
OG0000799	Syab	Prbg.g_00574	Syab.g_00826
OG0000799	Syal	Prbg.g_00574	Syal.g_01547
OG0000799	Syac	Prbg.g_00574	Syac.g_01602
OG0000799	Syah	Prbg.g_00574	Syah.g_01326
OG0000799	Syaf	Prbg.g_00574	Syaf.g_02380
OG0000799	Syai	Prbg.g_00574	Syai.g_00996
OG0000799	Syam	Prbg.g_00574	Syam.g_01585
OG0000799	Syaa	Prbg.g_00574	Syaa.g_01743
OG0000799	Syae	Prbg.g_00574	Syae.g_00010
OG0000799	Syak	Prbg.g_00574	Syak.g_00981
OG0000799	Syad	Prbg.g_00574	Syad.g_02243
OG0000799	Syaj	Prbg.g_00574	Syaj.g_01352
OG0000799	Praf	Prbg.g_00574	Praf.g_01765
OG0000799	Prah	Prbg.g_00574	Prah.g_00435
OG0000799	Prbj	Prbg.g_00574	Prbj.g_01304
OG0000799	Prbk	Prbg.g_00574	Prbk.g_01929
OG0000799	Prbl	Prbg.g_00574	Prbl.g_00152
OG0000799	Syag	Prbg.g_00574	Syag.g_01278
OG0000799	Syaq	Prbg.g_00574	Syaq.g_00341
OG0000799	Prat	Prbg.g_00574	Prat.g_01333
OG0000799	Pral	Prbg.g_00574	Pral.g_01184
OG0000799	Prak	Prbg.g_00574	Prak.g_01374
OG0000799	Prap	Prbg.g_00574	Prap.g_00104
OG0000799	Prbe	Prbg.g_00574	Prbe.g_00328
OG0000799	Prbf	Prbg.g_00574	Prbf.g_00140
OG0000799	Prbn	Prbg.g_00574	Prbn.g_00195
OG0000800	Prae	Prbg.g_00575	Prae.g_01442
OG0000800	Prab	Prbg.g_00575	Prab.g_01449
OG0000800	Pran	Prbg.g_00575	Pran.g_00750
OG0000800	Prai	Prbg.g_00575	Prai.g_01446
OG0000800	Prao	Prbg.g_00575	Prao.g_01380
OG0000800	Prav	Prbg.g_00575	Prav.g_01561
OG0000800	Prac	Prbg.g_00575	Prac.g_00428
OG0000800	Praq	Prbg.g_00575	Praq.g_00277
OG0000800	Prar	Prbg.g_00575	Prar.g_00356
OG0000800	Prag	Prbg.g_00575	Prag.g_01471
OG0000800	Praw	Prbg.g_00575	Praw.g_01100
OG0000800	Prbd	Prbg.g_00575	Prbd.g_01706
OG0000800	Pras	Prbg.g_00575	Pras.g_00333
OG0000800	Praa	Prbg.g_00575	Praa.g_01459
OG0000800	Prau	Prbg.g_00575	Prau.g_01511
OG0000800	Prad	Prbg.g_00575	Prad.g_00532
OG0000800	Prbi	Prbg.g_00575	Prbi.g_01572
OG0000800	Pray	Prbg.g_00575	Pray.g_01739
OG0000800	Praz	Prbg.g_00575	Praz.g_01058
OG0000800	Prba	Prbg.g_00575	Prba.g_00114
OG0000800	Prax	Prbg.g_00575	Prax.g_01750
OG0000800	Prbm	Prbg.g_00575	Prbm.g_01692
OG0000800	Prbb	Prbg.g_00575	Prbb.g_01669
OG0000800	Praj	Prbg.g_00575	Praj.g_01614
OG0000800	Prbc	Prbg.g_00575	Prbc.g_00691
OG0000800	Pral	Prbg.g_00575	Pral.g_01183
OG0000800	Prat	Prbg.g_00575	Prat.g_01334
OG0000800	Syat	Prbg.g_00575	Syat.g_01255
OG0000800	Syar	Prbg.g_00575	Syar.g_02843
OG0000800	Syan	Prbg.g_00575	Syan.g_01308
OG0000800	Syao	Prbg.g_00575	Syao.g_01526
OG0000800	Syap	Prbg.g_00575	Syap.g_02487
OG0000800	Syas	Prbg.g_00575	Syas.g_02790
OG0000800	Prah	Prbg.g_00575	Prah.g_00434
OG0000800	Praf	Prbg.g_00575	Praf.g_01766
OG0000800	Prbj	Prbg.g_00575	Prbj.g_01303
OG0000800	Prbk	Prbg.g_00575	Prbk.g_01930
OG0000800	Prbl	Prbg.g_00575	Prbl.g_00153
OG0000800	Syaa	Prbg.g_00575	Syaa.g_01747
OG0000800	Syai	Prbg.g_00575	Syai.g_00993
OG0000800	Syaf	Prbg.g_00575	Syaf.g_02383
OG0000800	Syam	Prbg.g_00575	Syam.g_01588
OG0000800	Syac	Prbg.g_00575	Syac.g_01603
OG0000800	Syah	Prbg.g_00575	Syah.g_01325
OG0000800	Syae	Prbg.g_00575	Syae.g_00009
OG0000800	Syad	Prbg.g_00575	Syad.g_02245
OG0000800	Syaj	Prbg.g_00575	Syaj.g_01354
OG0000800	Syab	Prbg.g_00575	Syab.g_00821
OG0000800	Syal	Prbg.g_00575	Syal.g_01542
OG0000800	Syaq	Prbg.g_00575	Syaq.g_00342
OG0000800	Syag	Prbg.g_00575	Syag.g_01280
OG0000800	Syak	Prbg.g_00575	Syak.g_00989
OG0000800	Pram	Prbg.g_00575	Pram.g_01397
OG0000800	Prbh	Prbg.g_00575	Prbh.g_00080
OG0000800	Prak	Prbg.g_00575	Prak.g_01375
OG0000800	Prap	Prbg.g_00575	Prap.g_00105
OG0000800	Prbe	Prbg.g_00575	Prbe.g_00327
OG0000800	Prbf	Prbg.g_00575	Prbf.g_00141
OG0000800	Prbn	Prbg.g_00575	Prbn.g_00196
OG0000801	Pray	Prbg.g_00576	Pray.g_01738
OG0000801	Praz	Prbg.g_00576	Praz.g_01057
OG0000801	Prba	Prbg.g_00576	Prba.g_00113
OG0000801	Prax	Prbg.g_00576	Prax.g_01749
OG0000801	Pras	Prbg.g_00576	Pras.g_00334
OG0000801	Prau	Prbg.g_00576	Prau.g_01512
OG0000801	Prae	Prbg.g_00576	Prae.g_01443
OG0000801	Prao	Prbg.g_00576	Prao.g_01381
OG0000801	Prbd	Prbg.g_00576	Prbd.g_01705
OG0000801	Prab	Prbg.g_00576	Prab.g_01450
OG0000801	Pran	Prbg.g_00576	Pran.g_00749
OG0000801	Prai	Prbg.g_00576	Prai.g_01447
OG0000801	Prbi	Prbg.g_00576	Prbi.g_01573
OG0000801	Prad	Prbg.g_00576	Prad.g_00531
OG0000801	Prag	Prbg.g_00576	Prag.g_01472
OG0000801	Praw	Prbg.g_00576	Praw.g_01099
OG0000801	Praa	Prbg.g_00576	Praa.g_01460
OG0000801	Prac	Prbg.g_00576	Prac.g_00427
OG0000801	Praq	Prbg.g_00576	Praq.g_00278
OG0000801	Prar	Prbg.g_00576	Prar.g_00355
OG0000801	Prav	Prbg.g_00576	Prav.g_01562
OG0000801	Prbb	Prbg.g_00576	Prbb.g_01670
OG0000801	Prbm	Prbg.g_00576	Prbm.g_01693
OG0000801	Prbc	Prbg.g_00576	Prbc.g_00692
OG0000801	Praj	Prbg.g_00576	Praj.g_01615
OG0000801	Prah	Prbg.g_00576	Prah.g_00433
OG0000801	Praf	Prbg.g_00576	Praf.g_01767
OG0000801	Prbj	Prbg.g_00576	Prbj.g_01302
OG0000801	Prbk	Prbg.g_00576	Prbk.g_01931
OG0000801	Prbl	Prbg.g_00576	Prbl.g_00154
OG0000801	Syak	Prbg.g_00576	Syak.g_00990
OG0000801	Syab	Prbg.g_00576	Syab.g_00820
OG0000801	Syal	Prbg.g_00576	Syal.g_01541
OG0000801	Syag	Prbg.g_00576	Syag.g_01285
OG0000801	Syaq	Prbg.g_00576	Syaq.g_00343
OG0000801	Syac	Prbg.g_00576	Syac.g_01604
OG0000801	Syah	Prbg.g_00576	Syah.g_01324
OG0000801	Syaf	Prbg.g_00576	Syaf.g_02384
OG0000801	Syai	Prbg.g_00576	Syai.g_00992
OG0000801	Syam	Prbg.g_00576	Syam.g_01589
OG0000801	Syae	Prbg.g_00576	Syae.g_00008
OG0000801	Syaa	Prbg.g_00576	Syaa.g_01748
OG0000801	Syad	Prbg.g_00576	Syad.g_02246
OG0000801	Syaj	Prbg.g_00576	Syaj.g_01355
OG0000801	Syar	Prbg.g_00576	Syar.g_02842
OG0000801	Syat	Prbg.g_00576	Syat.g_01253
OG0000801	Syap	Prbg.g_00576	Syap.g_02486
OG0000801	Syas	Prbg.g_00576	Syas.g_02791
OG0000801	Syan	Prbg.g_00576	Syan.g_01307
OG0000801	Syao	Prbg.g_00576	Syao.g_01527
OG0000801	Pral	Prbg.g_00576	Pral.g_01182
OG0000801	Prat	Prbg.g_00576	Prat.g_01335
OG0000801	Pram	Prbg.g_00576	Pram.g_01396
OG0000801	Prbh	Prbg.g_00576	Prbh.g_00081
OG0000801	Prak	Prbg.g_00576	Prak.g_01376
OG0000801	Prap	Prbg.g_00576	Prap.g_00106
OG0000801	Prbe	Prbg.g_00576	Prbe.g_00326
OG0000801	Prbf	Prbg.g_00576	Prbf.g_00142
OG0000801	Prbn	Prbg.g_00576	Prbn.g_00197
OG0000802	Prag	Prbg.g_00578	Prag.g_01474
OG0000802	Praw	Prbg.g_00578	Praw.g_01097
OG0000802	Prab	Prbg.g_00578	Prab.g_01452
OG0000802	Pran	Prbg.g_00578	Pran.g_00747
OG0000802	Prai	Prbg.g_00578	Prai.g_01449
OG0000802	Prac	Prbg.g_00578	Prac.g_00425
OG0000802	Praq	Prbg.g_00578	Praq.g_00280
OG0000802	Prar	Prbg.g_00578	Prar.g_00353
OG0000802	Prbi	Prbg.g_00578	Prbi.g_01575
OG0000802	Prao	Prbg.g_00578	Prao.g_01383
OG0000802	Prav	Prbg.g_00578	Prav.g_01564
OG0000802	Prae	Prbg.g_00578	Prae.g_01445
OG0000802	Pray	Prbg.g_00578	Pray.g_01736
OG0000802	Praz	Prbg.g_00578	Praz.g_01055
OG0000802	Prba	Prbg.g_00578	Prba.g_00111
OG0000802	Prax	Prbg.g_00578	Prax.g_01747
OG0000802	Pras	Prbg.g_00578	Pras.g_00336
OG0000802	Praa	Prbg.g_00578	Praa.g_01462
OG0000802	Prau	Prbg.g_00578	Prau.g_01514
OG0000802	Prad	Prbg.g_00578	Prad.g_00529
OG0000802	Prbd	Prbg.g_00578	Prbd.g_01703
OG0000802	Prbb	Prbg.g_00578	Prbb.g_01672
OG0000802	Praj	Prbg.g_00578	Praj.g_01617
OG0000802	Prbc	Prbg.g_00578	Prbc.g_00694
OG0000802	Prbm	Prbg.g_00578	Prbm.g_01695
OG0000802	Syap	Prbg.g_00578	Syap.g_02659
OG0000802	Syar	Prbg.g_00578	Syar.g_02825
OG0000802	Syat	Prbg.g_00578	Syat.g_01245
OG0000802	Syas	Prbg.g_00578	Syas.g_02797
OG0000802	Syan	Prbg.g_00578	Syan.g_01303
OG0000802	Syao	Prbg.g_00578	Syao.g_01531
OG0000802	Prah	Prbg.g_00578	Prah.g_00427
OG0000802	Prbj	Prbg.g_00578	Prbj.g_01293
OG0000802	Prbk	Prbg.g_00578	Prbk.g_01938
OG0000802	Prbl	Prbg.g_00578	Prbl.g_00161
OG0000802	Praf	Prbg.g_00578	Praf.g_01773
OG0000802	Syaa	Prbg.g_00578	Syaa.g_01753
OG0000802	Syab	Prbg.g_00578	Syab.g_00816
OG0000802	Syal	Prbg.g_00578	Syal.g_01536
OG0000802	Syak	Prbg.g_00578	Syak.g_00995
OG0000802	Syag	Prbg.g_00578	Syag.g_01293
OG0000802	Syaq	Prbg.g_00578	Syaq.g_00350
OG0000802	Syad	Prbg.g_00578	Syad.g_02251
OG0000802	Syaj	Prbg.g_00578	Syaj.g_01359
OG0000802	Syae	Prbg.g_00578	Syae.g_02686
OG0000802	Syac	Prbg.g_00578	Syac.g_01608
OG0000802	Syah	Prbg.g_00578	Syah.g_01320
OG0000802	Syaf	Prbg.g_00578	Syaf.g_02388
OG0000802	Syai	Prbg.g_00578	Syai.g_00988
OG0000802	Syam	Prbg.g_00578	Syam.g_01592
OG0000802	Pral	Prbg.g_00578	Pral.g_01180
OG0000802	Prat	Prbg.g_00578	Prat.g_01337
OG0000802	Pram	Prbg.g_00578	Pram.g_01394
OG0000802	Prbh	Prbg.g_00578	Prbh.g_00083
OG0000802	Prak	Prbg.g_00578	Prak.g_01378
OG0000802	Prap	Prbg.g_00578	Prap.g_00108
OG0000802	Prbe	Prbg.g_00578	Prbe.g_00324
OG0000802	Prbf	Prbg.g_00578	Prbf.g_00144
OG0000802	Prbn	Prbg.g_00578	Prbn.g_00199
OG0000803	Prab	Prbg.g_00580	Prab.g_01454
OG0000803	Pran	Prbg.g_00580	Pran.g_00745
OG0000803	Prai	Prbg.g_00580	Prai.g_01451
OG0000803	Prag	Prbg.g_00580	Prag.g_01476
OG0000803	Praw	Prbg.g_00580	Praw.g_01095
OG0000803	Prad	Prbg.g_00580	Prad.g_00527
OG0000803	Praa	Prbg.g_00580	Praa.g_01464
OG0000803	Prax	Prbg.g_00580	Prax.g_01745
OG0000803	Prbd	Prbg.g_00580	Prbd.g_01701
OG0000803	Prau	Prbg.g_00580	Prau.g_01516
OG0000803	Pras	Prbg.g_00580	Pras.g_00338
OG0000803	Prae	Prbg.g_00580	Prae.g_01447
OG0000803	Prbi	Prbg.g_00580	Prbi.g_01577
OG0000803	Pray	Prbg.g_00580	Pray.g_01734
OG0000803	Praz	Prbg.g_00580	Praz.g_01053
OG0000803	Prba	Prbg.g_00580	Prba.g_00109
OG0000803	Prac	Prbg.g_00580	Prac.g_00423
OG0000803	Praq	Prbg.g_00580	Praq.g_00282
OG0000803	Prar	Prbg.g_00580	Prar.g_00351
OG0000803	Prao	Prbg.g_00580	Prao.g_01385
OG0000803	Prav	Prbg.g_00580	Prav.g_01566
OG0000803	Prbm	Prbg.g_00580	Prbm.g_01697
OG0000803	Prbb	Prbg.g_00580	Prbb.g_01674
OG0000803	Praj	Prbg.g_00580	Praj.g_01619
OG0000803	Prbc	Prbg.g_00580	Prbc.g_00696
OG0000803	Pral	Prbg.g_00580	Pral.g_01178
OG0000803	Prat	Prbg.g_00580	Prat.g_01339
OG0000803	Prbj	Prbg.g_00580	Prbj.g_01041
OG0000803	Prbk	Prbg.g_00580	Prbk.g_00244
OG0000803	Prbl	Prbg.g_00580	Prbl.g_00257
OG0000803	Prah	Prbg.g_00580	Prah.g_00423
OG0000803	Praf	Prbg.g_00580	Praf.g_01779
OG0000803	Syae	Prbg.g_00580	Syae.g_02680
OG0000803	Syan	Prbg.g_00580	Syan.g_01294
OG0000803	Syao	Prbg.g_00580	Syao.g_01534
OG0000803	Syap	Prbg.g_00580	Syap.g_02109
OG0000803	Syas	Prbg.g_00580	Syas.g_02800
OG0000803	Syar	Prbg.g_00580	Syar.g_02822
OG0000803	Syat	Prbg.g_00580	Syat.g_01241
OG0000803	Syaq	Prbg.g_00580	Syaq.g_00353
OG0000803	Syak	Prbg.g_00580	Syak.g_01021
OG0000803	Syag	Prbg.g_00580	Syag.g_01321
OG0000803	Syab	Prbg.g_00580	Syab.g_00806
OG0000803	Syal	Prbg.g_00580	Syal.g_00040
OG0000803	Syad	Prbg.g_00580	Syad.g_02255
OG0000803	Syaj	Prbg.g_00580	Syaj.g_01363
OG0000803	Syaa	Prbg.g_00580	Syaa.g_01758
OG0000803	Syac	Prbg.g_00580	Syac.g_01613
OG0000803	Syah	Prbg.g_00580	Syah.g_01315
OG0000803	Syaf	Prbg.g_00580	Syaf.g_02393
OG0000803	Syai	Prbg.g_00580	Syai.g_00983
OG0000803	Syam	Prbg.g_00580	Syam.g_01597
OG0000803	Pram	Prbg.g_00580	Pram.g_01392
OG0000803	Prbh	Prbg.g_00580	Prbh.g_00085
OG0000803	Prak	Prbg.g_00580	Prak.g_01380
OG0000803	Prap	Prbg.g_00580	Prap.g_00110
OG0000803	Prbe	Prbg.g_00580	Prbe.g_00322
OG0000803	Prbf	Prbg.g_00580	Prbf.g_00146
OG0000803	Prbn	Prbg.g_00580	Prbn.g_00201
OG0000804	Prab	Prbg.g_00581	Prab.g_01455
OG0000804	Pran	Prbg.g_00581	Pran.g_00744
OG0000804	Prai	Prbg.g_00581	Prai.g_01452
OG0000804	Prav	Prbg.g_00581	Prav.g_01567
OG0000804	Prbi	Prbg.g_00581	Prbi.g_01578
OG0000804	Prag	Prbg.g_00581	Prag.g_01477
OG0000804	Praw	Prbg.g_00581	Praw.g_01094
OG0000804	Prao	Prbg.g_00581	Prao.g_01386
OG0000804	Prac	Prbg.g_00581	Prac.g_00422
OG0000804	Praq	Prbg.g_00581	Praq.g_00283
OG0000804	Prar	Prbg.g_00581	Prar.g_00350
OG0000804	Pras	Prbg.g_00581	Pras.g_00339
OG0000804	Prae	Prbg.g_00581	Prae.g_01448
OG0000804	Pray	Prbg.g_00581	Pray.g_01733
OG0000804	Praz	Prbg.g_00581	Praz.g_01052
OG0000804	Prba	Prbg.g_00581	Prba.g_00108
OG0000804	Prad	Prbg.g_00581	Prad.g_00526
OG0000804	Prau	Prbg.g_00581	Prau.g_01517
OG0000804	Prbd	Prbg.g_00581	Prbd.g_01700
OG0000804	Praa	Prbg.g_00581	Praa.g_01465
OG0000804	Prax	Prbg.g_00581	Prax.g_01744
OG0000804	Prbm	Prbg.g_00581	Prbm.g_01698
OG0000804	Praj	Prbg.g_00581	Praj.g_01620
OG0000804	Prbb	Prbg.g_00581	Prbb.g_01675
OG0000804	Prbc	Prbg.g_00581	Prbc.g_00697
OG0000804	Syag	Prbg.g_00581	Syag.g_01438
OG0000804	Syak	Prbg.g_00581	Syak.g_01026
OG0000804	Syaq	Prbg.g_00581	Syaq.g_00358
OG0000804	Syab	Prbg.g_00581	Syab.g_00802
OG0000804	Syal	Prbg.g_00581	Syal.g_00036
OG0000804	Syad	Prbg.g_00581	Syad.g_02260
OG0000804	Syaj	Prbg.g_00581	Syaj.g_01366
OG0000804	Syai	Prbg.g_00581	Syai.g_00980
OG0000804	Syaf	Prbg.g_00581	Syaf.g_02396
OG0000804	Syam	Prbg.g_00581	Syam.g_01600
OG0000804	Syaa	Prbg.g_00581	Syaa.g_01761
OG0000804	Syae	Prbg.g_00581	Syae.g_02677
OG0000804	Syac	Prbg.g_00581	Syac.g_01616
OG0000804	Syah	Prbg.g_00581	Syah.g_01312
OG0000804	Prbj	Prbg.g_00581	Prbj.g_01043
OG0000804	Prbk	Prbg.g_00581	Prbk.g_00246
OG0000804	Prbl	Prbg.g_00581	Prbl.g_00255
OG0000804	Praf	Prbg.g_00581	Praf.g_01781
OG0000804	Prah	Prbg.g_00581	Prah.g_00421
OG0000804	Syan	Prbg.g_00581	Syan.g_01291
OG0000804	Syao	Prbg.g_00581	Syao.g_01537
OG0000804	Syap	Prbg.g_00581	Syap.g_02113
OG0000804	Syat	Prbg.g_00581	Syat.g_01238
OG0000804	Syas	Prbg.g_00581	Syas.g_02803
OG0000804	Syar	Prbg.g_00581	Syar.g_02819
OG0000804	Pral	Prbg.g_00581	Pral.g_01177
OG0000804	Prat	Prbg.g_00581	Prat.g_01340
OG0000804	Pram	Prbg.g_00581	Pram.g_01391
OG0000804	Prbh	Prbg.g_00581	Prbh.g_00086
OG0000804	Prak	Prbg.g_00581	Prak.g_01381
OG0000804	Prap	Prbg.g_00581	Prap.g_00111
OG0000804	Prbe	Prbg.g_00581	Prbe.g_00321
OG0000804	Prbf	Prbg.g_00581	Prbf.g_00147
OG0000804	Prbn	Prbg.g_00581	Prbn.g_00202
OG0000805	Prab	Prbg.g_00583	Prab.g_01457
OG0000805	Pran	Prbg.g_00583	Pran.g_00742
OG0000805	Prai	Prbg.g_00583	Prai.g_01454
OG0000805	Prag	Prbg.g_00583	Prag.g_01479
OG0000805	Praw	Prbg.g_00583	Praw.g_01092
OG0000805	Prav	Prbg.g_00583	Prav.g_01569
OG0000805	Prao	Prbg.g_00583	Prao.g_01388
OG0000805	Prad	Prbg.g_00583	Prad.g_00524
OG0000805	Pray	Prbg.g_00583	Pray.g_01731
OG0000805	Praz	Prbg.g_00583	Praz.g_01050
OG0000805	Prba	Prbg.g_00583	Prba.g_00106
OG0000805	Prac	Prbg.g_00583	Prac.g_00420
OG0000805	Praq	Prbg.g_00583	Praq.g_00285
OG0000805	Prar	Prbg.g_00583	Prar.g_00348
OG0000805	Prbi	Prbg.g_00583	Prbi.g_01580
OG0000805	Praa	Prbg.g_00583	Praa.g_01467
OG0000805	Prbd	Prbg.g_00583	Prbd.g_01698
OG0000805	Prax	Prbg.g_00583	Prax.g_01742
OG0000805	Prau	Prbg.g_00583	Prau.g_01519
OG0000805	Pras	Prbg.g_00583	Pras.g_00341
OG0000805	Prae	Prbg.g_00583	Prae.g_01450
OG0000805	Prbm	Prbg.g_00583	Prbm.g_01700
OG0000805	Prbb	Prbg.g_00583	Prbb.g_01677
OG0000805	Praj	Prbg.g_00583	Praj.g_01622
OG0000805	Prbc	Prbg.g_00583	Prbc.g_00699
OG0000805	Pral	Prbg.g_00583	Pral.g_01175
OG0000805	Prat	Prbg.g_00583	Prat.g_01342
OG0000805	Prbj	Prbg.g_00583	Prbj.g_01045
OG0000805	Prbk	Prbg.g_00583	Prbk.g_00248
OG0000805	Prbl	Prbg.g_00583	Prbl.g_00253
OG0000805	Prah	Prbg.g_00583	Prah.g_00419
OG0000805	Praf	Prbg.g_00583	Praf.g_01783
OG0000805	Syab	Prbg.g_00583	Syab.g_00792
OG0000805	Syal	Prbg.g_00583	Syal.g_00030
OG0000805	Syaq	Prbg.g_00583	Syaq.g_00360
OG0000805	Syag	Prbg.g_00583	Syag.g_01433
OG0000805	Syak	Prbg.g_00583	Syak.g_01029
OG0000805	Syac	Prbg.g_00583	Syac.g_01620
OG0000805	Syah	Prbg.g_00583	Syah.g_01303
OG0000805	Syaf	Prbg.g_00583	Syaf.g_02398
OG0000805	Syai	Prbg.g_00583	Syai.g_00965
OG0000805	Syam	Prbg.g_00583	Syam.g_01602
OG0000805	Syae	Prbg.g_00583	Syae.g_02663
OG0000805	Syaa	Prbg.g_00583	Syaa.g_01763
OG0000805	Syad	Prbg.g_00583	Syad.g_02266
OG0000805	Syaj	Prbg.g_00583	Syaj.g_01369
OG0000805	Syar	Prbg.g_00583	Syar.g_02817
OG0000805	Syap	Prbg.g_00583	Syap.g_02115
OG0000805	Syas	Prbg.g_00583	Syas.g_02805
OG0000805	Syan	Prbg.g_00583	Syan.g_01289
OG0000805	Syao	Prbg.g_00583	Syao.g_01502
OG0000805	Syat	Prbg.g_00583	Syat.g_01236
OG0000805	Pram	Prbg.g_00583	Pram.g_01389
OG0000805	Prbh	Prbg.g_00583	Prbh.g_00088
OG0000805	Prak	Prbg.g_00583	Prak.g_01383
OG0000805	Prap	Prbg.g_00583	Prap.g_00113
OG0000805	Prbe	Prbg.g_00583	Prbe.g_00319
OG0000805	Prbf	Prbg.g_00583	Prbf.g_00149
OG0000805	Prbn	Prbg.g_00583	Prbn.g_00204
OG0000806	Prab	Prbg.g_00585	Prab.g_01459
OG0000806	Pran	Prbg.g_00585	Pran.g_00740
OG0000806	Prai	Prbg.g_00585	Prai.g_01456
OG0000806	Prag	Prbg.g_00585	Prag.g_01481
OG0000806	Praw	Prbg.g_00585	Praw.g_01090
OG0000806	Prac	Prbg.g_00585	Prac.g_00418
OG0000806	Praq	Prbg.g_00585	Praq.g_00287
OG0000806	Prar	Prbg.g_00585	Prar.g_00346
OG0000806	Praa	Prbg.g_00585	Praa.g_01469
OG0000806	Prau	Prbg.g_00585	Prau.g_01521
OG0000806	Pras	Prbg.g_00585	Pras.g_00343
OG0000806	Prbd	Prbg.g_00585	Prbd.g_01696
OG0000806	Prae	Prbg.g_00585	Prae.g_01452
OG0000806	Prax	Prbg.g_00585	Prax.g_01740
OG0000806	Prao	Prbg.g_00585	Prao.g_01390
OG0000806	Prbi	Prbg.g_00585	Prbi.g_01582
OG0000806	Prav	Prbg.g_00585	Prav.g_01571
OG0000806	Prad	Prbg.g_00585	Prad.g_00522
OG0000806	Pray	Prbg.g_00585	Pray.g_01729
OG0000806	Praz	Prbg.g_00585	Praz.g_01048
OG0000806	Prba	Prbg.g_00585	Prba.g_00720
OG0000806	Praj	Prbg.g_00585	Praj.g_01624
OG0000806	Prbb	Prbg.g_00585	Prbb.g_01679
OG0000806	Prbm	Prbg.g_00585	Prbm.g_01702
OG0000806	Prbc	Prbg.g_00585	Prbc.g_00701
OG0000806	Prbj	Prbg.g_00585	Prbj.g_01047
OG0000806	Prbk	Prbg.g_00585	Prbk.g_00250
OG0000806	Prbl	Prbg.g_00585	Prbl.g_00251
OG0000806	Praf	Prbg.g_00585	Praf.g_01785
OG0000806	Prah	Prbg.g_00585	Prah.g_00417
OG0000806	Syan	Prbg.g_00585	Syan.g_01287
OG0000806	Syao	Prbg.g_00585	Syao.g_01504
OG0000806	Syas	Prbg.g_00585	Syas.g_02807
OG0000806	Syar	Prbg.g_00585	Syar.g_02815
OG0000806	Syap	Prbg.g_00585	Syap.g_02117
OG0000806	Syat	Prbg.g_00585	Syat.g_01234
OG0000806	Syad	Prbg.g_00585	Syad.g_02267
OG0000806	Syaj	Prbg.g_00585	Syaj.g_01370
OG0000806	Syac	Prbg.g_00585	Syac.g_01622
OG0000806	Syah	Prbg.g_00585	Syah.g_01301
OG0000806	Syai	Prbg.g_00585	Syai.g_00963
OG0000806	Syaf	Prbg.g_00585	Syaf.g_02405
OG0000806	Syam	Prbg.g_00585	Syam.g_01604
OG0000806	Syaa	Prbg.g_00585	Syaa.g_01765
OG0000806	Syae	Prbg.g_00585	Syae.g_02661
OG0000806	Syak	Prbg.g_00585	Syak.g_01031
OG0000806	Syab	Prbg.g_00585	Syab.g_00790
OG0000806	Syal	Prbg.g_00585	Syal.g_00028
OG0000806	Syag	Prbg.g_00585	Syag.g_01429
OG0000806	Syaq	Prbg.g_00585	Syaq.g_00362
OG0000806	Pral	Prbg.g_00585	Pral.g_01173
OG0000806	Prat	Prbg.g_00585	Prat.g_01344
OG0000806	Pram	Prbg.g_00585	Pram.g_01387
OG0000806	Prbh	Prbg.g_00585	Prbh.g_00090
OG0000806	Prak	Prbg.g_00585	Prak.g_01385
OG0000806	Prap	Prbg.g_00585	Prap.g_00115
OG0000806	Prbe	Prbg.g_00585	Prbe.g_00317
OG0000806	Prbf	Prbg.g_00585	Prbf.g_00151
OG0000806	Prbn	Prbg.g_00585	Prbn.g_00206
OG0000807	Prab	Prbg.g_00586	Prab.g_01460
OG0000807	Pran	Prbg.g_00586	Pran.g_00739
OG0000807	Prai	Prbg.g_00586	Prai.g_01457
OG0000807	Prag	Prbg.g_00586	Prag.g_01482
OG0000807	Praw	Prbg.g_00586	Praw.g_01089
OG0000807	Prav	Prbg.g_00586	Prav.g_01572
OG0000807	Prao	Prbg.g_00586	Prao.g_01391
OG0000807	Pray	Prbg.g_00586	Pray.g_01728
OG0000807	Praz	Prbg.g_00586	Praz.g_01047
OG0000807	Prba	Prbg.g_00586	Prba.g_00719
OG0000807	Prad	Prbg.g_00586	Prad.g_00521
OG0000807	Prac	Prbg.g_00586	Prac.g_00417
OG0000807	Prar	Prbg.g_00586	Prar.g_00345
OG0000807	Praq	Prbg.g_00586	Praq.g_00288
OG0000807	Prbi	Prbg.g_00586	Prbi.g_01583
OG0000807	Prae	Prbg.g_00586	Prae.g_01453
OG0000807	Pras	Prbg.g_00586	Pras.g_00344
OG0000807	Prau	Prbg.g_00586	Prau.g_01522
OG0000807	Prax	Prbg.g_00586	Prax.g_01739
OG0000807	Praa	Prbg.g_00586	Praa.g_01470
OG0000807	Prbd	Prbg.g_00586	Prbd.g_01695
OG0000807	Prbm	Prbg.g_00586	Prbm.g_01703
OG0000807	Praj	Prbg.g_00586	Praj.g_01625
OG0000807	Prbb	Prbg.g_00586	Prbb.g_01680
OG0000807	Prbc	Prbg.g_00586	Prbc.g_00702
OG0000807	Prat	Prbg.g_00586	Prat.g_01345
OG0000807	Prah	Prbg.g_00586	Prah.g_00415
OG0000807	Praf	Prbg.g_00586	Praf.g_01787
OG0000807	Prbj	Prbg.g_00586	Prbj.g_01049
OG0000807	Prbk	Prbg.g_00586	Prbk.g_00252
OG0000807	Prbl	Prbg.g_00586	Prbl.g_00249
OG0000807	Syar	Prbg.g_00586	Syar.g_02814
OG0000807	Syan	Prbg.g_00586	Syan.g_01286
OG0000807	Syao	Prbg.g_00586	Syao.g_01506
OG0000807	Syap	Prbg.g_00586	Syap.g_02118
OG0000807	Syas	Prbg.g_00586	Syas.g_02808
OG0000807	Syat	Prbg.g_00586	Syat.g_01233
OG0000807	Syaq	Prbg.g_00586	Syaq.g_00364
OG0000807	Syag	Prbg.g_00586	Syag.g_01428
OG0000807	Syak	Prbg.g_00586	Syak.g_01033
OG0000807	Syab	Prbg.g_00586	Syab.g_00788
OG0000807	Syal	Prbg.g_00586	Syal.g_00026
OG0000807	Syad	Prbg.g_00586	Syad.g_02269
OG0000807	Syaj	Prbg.g_00586	Syaj.g_01372
OG0000807	Syac	Prbg.g_00586	Syac.g_01624
OG0000807	Syah	Prbg.g_00586	Syah.g_01299
OG0000807	Syaa	Prbg.g_00586	Syaa.g_01767
OG0000807	Syaf	Prbg.g_00586	Syaf.g_02406
OG0000807	Syam	Prbg.g_00586	Syam.g_01606
OG0000807	Syai	Prbg.g_00586	Syai.g_00961
OG0000807	Syae	Prbg.g_00586	Syae.g_02659
OG0000807	Pral	Prbg.g_00586	Pral.g_01172
OG0000807	Pram	Prbg.g_00586	Pram.g_01386
OG0000807	Prbh	Prbg.g_00586	Prbh.g_00091
OG0000807	Prak	Prbg.g_00586	Prak.g_01386
OG0000807	Prap	Prbg.g_00586	Prap.g_00116
OG0000807	Prbe	Prbg.g_00586	Prbe.g_00316
OG0000807	Prbf	Prbg.g_00586	Prbf.g_00152
OG0000807	Prbn	Prbg.g_00586	Prbn.g_00207
OG0000808	Prab	Prbg.g_00587	Prab.g_01461
OG0000808	Pran	Prbg.g_00587	Pran.g_00738
OG0000808	Prai	Prbg.g_00587	Prai.g_01458
OG0000808	Prao	Prbg.g_00587	Prao.g_01392
OG0000808	Prag	Prbg.g_00587	Prag.g_01483
OG0000808	Praw	Prbg.g_00587	Praw.g_01088
OG0000808	Prav	Prbg.g_00587	Prav.g_01573
OG0000808	Pray	Prbg.g_00587	Pray.g_01727
OG0000808	Praz	Prbg.g_00587	Praz.g_01046
OG0000808	Prba	Prbg.g_00587	Prba.g_00718
OG0000808	Prbd	Prbg.g_00587	Prbd.g_01694
OG0000808	Praa	Prbg.g_00587	Praa.g_01471
OG0000808	Prau	Prbg.g_00587	Prau.g_01523
OG0000808	Prae	Prbg.g_00587	Prae.g_01454
OG0000808	Prax	Prbg.g_00587	Prax.g_01738
OG0000808	Prac	Prbg.g_00587	Prac.g_00416
OG0000808	Praq	Prbg.g_00587	Praq.g_00289
OG0000808	Prar	Prbg.g_00587	Prar.g_00344
OG0000808	Pras	Prbg.g_00587	Pras.g_00345
OG0000808	Prad	Prbg.g_00587	Prad.g_00520
OG0000808	Prbi	Prbg.g_00587	Prbi.g_01584
OG0000808	Praj	Prbg.g_00587	Praj.g_01626
OG0000808	Prbm	Prbg.g_00587	Prbm.g_01704
OG0000808	Prbb	Prbg.g_00587	Prbb.g_01681
OG0000808	Prbc	Prbg.g_00587	Prbc.g_00703
OG0000808	Syak	Prbg.g_00587	Syak.g_01034
OG0000808	Syab	Prbg.g_00587	Syab.g_00783
OG0000808	Syal	Prbg.g_00587	Syal.g_00025
OG0000808	Praf	Prbg.g_00587	Praf.g_01788
OG0000808	Prah	Prbg.g_00587	Prah.g_00414
OG0000808	Prbj	Prbg.g_00587	Prbj.g_01050
OG0000808	Prbk	Prbg.g_00587	Prbk.g_00253
OG0000808	Prbl	Prbg.g_00587	Prbl.g_00248
OG0000808	Syag	Prbg.g_00587	Syag.g_01427
OG0000808	Syaq	Prbg.g_00587	Syaq.g_00365
OG0000808	Pral	Prbg.g_00587	Pral.g_01171
OG0000808	Syad	Prbg.g_00587	Syad.g_02270
OG0000808	Syaj	Prbg.g_00587	Syaj.g_01373
OG0000808	Syae	Prbg.g_00587	Syae.g_02658
OG0000808	Syac	Prbg.g_00587	Syac.g_01625
OG0000808	Syah	Prbg.g_00587	Syah.g_01298
OG0000808	Syaa	Prbg.g_00587	Syaa.g_01768
OG0000808	Syai	Prbg.g_00587	Syai.g_00960
OG0000808	Syaf	Prbg.g_00587	Syaf.g_02407
OG0000808	Syam	Prbg.g_00587	Syam.g_01607
OG0000808	Prat	Prbg.g_00587	Prat.g_01346
OG0000808	Syan	Prbg.g_00587	Syan.g_01285
OG0000808	Syao	Prbg.g_00587	Syao.g_01507
OG0000808	Syar	Prbg.g_00587	Syar.g_02813
OG0000808	Syap	Prbg.g_00587	Syap.g_02119
OG0000808	Syas	Prbg.g_00587	Syas.g_02809
OG0000808	Syat	Prbg.g_00587	Syat.g_01232
OG0000808	Pram	Prbg.g_00587	Pram.g_01385
OG0000808	Prbh	Prbg.g_00587	Prbh.g_00092
OG0000808	Prak	Prbg.g_00587	Prak.g_01387
OG0000808	Prap	Prbg.g_00587	Prap.g_00117
OG0000808	Prbe	Prbg.g_00587	Prbe.g_00315
OG0000808	Prbf	Prbg.g_00587	Prbf.g_00153
OG0000808	Prbn	Prbg.g_00587	Prbn.g_00208
OG0000809	Prab	Prbg.g_00589	Prab.g_01464
OG0000809	Pran	Prbg.g_00589	Pran.g_00735
OG0000809	Prai	Prbg.g_00589	Prai.g_01461
OG0000809	Prao	Prbg.g_00589	Prao.g_01395
OG0000809	Prbi	Prbg.g_00589	Prbi.g_01587
OG0000809	Prad	Prbg.g_00589	Prad.g_00517
OG0000809	Prac	Prbg.g_00589	Prac.g_00413
OG0000809	Praq	Prbg.g_00589	Praq.g_00292
OG0000809	Prar	Prbg.g_00589	Prar.g_00341
OG0000809	Pras	Prbg.g_00589	Pras.g_00348
OG0000809	Pray	Prbg.g_00589	Pray.g_01724
OG0000809	Praz	Prbg.g_00589	Praz.g_01043
OG0000809	Prba	Prbg.g_00589	Prba.g_00715
OG0000809	Prau	Prbg.g_00589	Prau.g_01526
OG0000809	Prax	Prbg.g_00589	Prax.g_01735
OG0000809	Prae	Prbg.g_00589	Prae.g_01457
OG0000809	Praa	Prbg.g_00589	Praa.g_01474
OG0000809	Prbd	Prbg.g_00589	Prbd.g_01691
OG0000809	Prag	Prbg.g_00589	Prag.g_01486
OG0000809	Praw	Prbg.g_00589	Praw.g_01085
OG0000809	Prav	Prbg.g_00589	Prav.g_01576
OG0000809	Pral	Prbg.g_00589	Pral.g_01167
OG0000809	Prat	Prbg.g_00589	Prat.g_01350
OG0000809	Prbm	Prbg.g_00589	Prbm.g_01708
OG0000809	Praj	Prbg.g_00589	Praj.g_01630
OG0000809	Prbb	Prbg.g_00589	Prbb.g_01684
OG0000809	Prbc	Prbg.g_00589	Prbc.g_00707
OG0000809	Syan	Prbg.g_00589	Syan.g_01281
OG0000809	Prbj	Prbg.g_00589	Prbj.g_01054
OG0000809	Prbk	Prbg.g_00589	Prbk.g_00257
OG0000809	Prbl	Prbg.g_00589	Prbl.g_00244
OG0000809	Praf	Prbg.g_00589	Praf.g_01792
OG0000809	Prah	Prbg.g_00589	Prah.g_00410
OG0000809	Syab	Prbg.g_00589	Syab.g_00780
OG0000809	Syal	Prbg.g_00589	Syal.g_00022
OG0000809	Syag	Prbg.g_00589	Syag.g_01423
OG0000809	Syaq	Prbg.g_00589	Syaq.g_00369
OG0000809	Syak	Prbg.g_00589	Syak.g_01038
OG0000809	Syai	Prbg.g_00589	Syai.g_00957
OG0000809	Syaf	Prbg.g_00589	Syaf.g_02410
OG0000809	Syam	Prbg.g_00589	Syam.g_01610
OG0000809	Syaa	Prbg.g_00589	Syaa.g_01771
OG0000809	Syac	Prbg.g_00589	Syac.g_01628
OG0000809	Syah	Prbg.g_00589	Syah.g_01295
OG0000809	Syae	Prbg.g_00589	Syae.g_02655
OG0000809	Syad	Prbg.g_00589	Syad.g_02273
OG0000809	Syaj	Prbg.g_00589	Syaj.g_01376
OG0000809	Syat	Prbg.g_00589	Syat.g_01229
OG0000809	Syar	Prbg.g_00589	Syar.g_02811
OG0000809	Syao	Prbg.g_00589	Syao.g_01511
OG0000809	Syap	Prbg.g_00589	Syap.g_02122
OG0000809	Syas	Prbg.g_00589	Syas.g_02811
OG0000809	Pram	Prbg.g_00589	Pram.g_01383
OG0000809	Prbh	Prbg.g_00589	Prbh.g_00094
OG0000809	Prak	Prbg.g_00589	Prak.g_01389
OG0000809	Prap	Prbg.g_00589	Prap.g_00119
OG0000809	Prbe	Prbg.g_00589	Prbe.g_00313
OG0000809	Prbf	Prbg.g_00589	Prbf.g_00155
OG0000809	Prbn	Prbg.g_00589	Prbn.g_00210
OG0000810	Prag	Prbg.g_00590	Prag.g_01487
OG0000810	Praw	Prbg.g_00590	Praw.g_01084
OG0000810	Prab	Prbg.g_00590	Prab.g_01465
OG0000810	Pran	Prbg.g_00590	Pran.g_00734
OG0000810	Prai	Prbg.g_00590	Prai.g_01462
OG0000810	Prbi	Prbg.g_00590	Prbi.g_01588
OG0000810	Prao	Prbg.g_00590	Prao.g_01396
OG0000810	Praa	Prbg.g_00590	Praa.g_01475
OG0000810	Pray	Prbg.g_00590	Pray.g_01723
OG0000810	Praz	Prbg.g_00590	Praz.g_01042
OG0000810	Prba	Prbg.g_00590	Prba.g_00714
OG0000810	Prae	Prbg.g_00590	Prae.g_01458
OG0000810	Prbd	Prbg.g_00590	Prbd.g_01690
OG0000810	Prax	Prbg.g_00590	Prax.g_01734
OG0000810	Prav	Prbg.g_00590	Prav.g_01577
OG0000810	Prac	Prbg.g_00590	Prac.g_00412
OG0000810	Praq	Prbg.g_00590	Praq.g_00293
OG0000810	Prar	Prbg.g_00590	Prar.g_00340
OG0000810	Pras	Prbg.g_00590	Pras.g_00349
OG0000810	Prau	Prbg.g_00590	Prau.g_01527
OG0000810	Prad	Prbg.g_00590	Prad.g_00516
OG0000810	Prbb	Prbg.g_00590	Prbb.g_01685
OG0000810	Praj	Prbg.g_00590	Praj.g_01631
OG0000810	Prbm	Prbg.g_00590	Prbm.g_01709
OG0000810	Prbc	Prbg.g_00590	Prbc.g_00708
OG0000810	Syag	Prbg.g_00590	Syag.g_01422
OG0000810	Syat	Prbg.g_00590	Syat.g_01228
OG0000810	Syap	Prbg.g_00590	Syap.g_02124
OG0000810	Praf	Prbg.g_00590	Praf.g_01793
OG0000810	Prah	Prbg.g_00590	Prah.g_00409
OG0000810	Prbj	Prbg.g_00590	Prbj.g_01055
OG0000810	Prbk	Prbg.g_00590	Prbk.g_00258
OG0000810	Prbl	Prbg.g_00590	Prbl.g_00243
OG0000810	Syaq	Prbg.g_00590	Syaq.g_00370
OG0000810	Syab	Prbg.g_00590	Syab.g_00779
OG0000810	Syal	Prbg.g_00590	Syal.g_00021
OG0000810	Syak	Prbg.g_00590	Syak.g_01039
OG0000810	Syaf	Prbg.g_00590	Syaf.g_02411
OG0000810	Syai	Prbg.g_00590	Syai.g_00956
OG0000810	Syam	Prbg.g_00590	Syam.g_01611
OG0000810	Syan	Prbg.g_00590	Syan.g_01280
OG0000810	Syao	Prbg.g_00590	Syao.g_01482
OG0000810	Syas	Prbg.g_00590	Syas.g_02813
OG0000810	Syaa	Prbg.g_00590	Syaa.g_01772
OG0000810	Syae	Prbg.g_00590	Syae.g_02654
OG0000810	Syac	Prbg.g_00590	Syac.g_01629
OG0000810	Syah	Prbg.g_00590	Syah.g_01294
OG0000810	Syad	Prbg.g_00590	Syad.g_02274
OG0000810	Syaj	Prbg.g_00590	Syaj.g_01377
OG0000810	Syar	Prbg.g_00590	Syar.g_02810
OG0000810	Pral	Prbg.g_00590	Pral.g_01166
OG0000810	Prat	Prbg.g_00590	Prat.g_01351
OG0000810	Pram	Prbg.g_00590	Pram.g_01382
OG0000810	Prbh	Prbg.g_00590	Prbh.g_00095
OG0000810	Prak	Prbg.g_00590	Prak.g_01390
OG0000810	Prap	Prbg.g_00590	Prap.g_00120
OG0000810	Prbe	Prbg.g_00590	Prbe.g_00312
OG0000810	Prbf	Prbg.g_00590	Prbf.g_00156
OG0000810	Prbn	Prbg.g_00590	Prbn.g_00211
OG0000811	Prac	Prbg.g_00594	Prac.g_00408
OG0000811	Praq	Prbg.g_00594	Praq.g_00297
OG0000811	Prar	Prbg.g_00594	Prar.g_00336
OG0000811	Prab	Prbg.g_00594	Prab.g_01469
OG0000811	Pran	Prbg.g_00594	Pran.g_00730
OG0000811	Prai	Prbg.g_00594	Prai.g_01466
OG0000811	Prao	Prbg.g_00594	Prao.g_01400
OG0000811	Pras	Prbg.g_00594	Pras.g_00353
OG0000811	Prau	Prbg.g_00594	Prau.g_01534
OG0000811	Prax	Prbg.g_00594	Prax.g_01725
OG0000811	Prbi	Prbg.g_00594	Prbi.g_01594
OG0000811	Pray	Prbg.g_00594	Pray.g_01719
OG0000811	Praz	Prbg.g_00594	Praz.g_01038
OG0000811	Prba	Prbg.g_00594	Prba.g_00710
OG0000811	Prag	Prbg.g_00594	Prag.g_01493
OG0000811	Praw	Prbg.g_00594	Praw.g_01077
OG0000811	Praa	Prbg.g_00594	Praa.g_01479
OG0000811	Prae	Prbg.g_00594	Prae.g_01462
OG0000811	Prav	Prbg.g_00594	Prav.g_01581
OG0000811	Prbd	Prbg.g_00594	Prbd.g_01686
OG0000811	Prad	Prbg.g_00594	Prad.g_00512
OG0000811	Pral	Prbg.g_00594	Pral.g_01158
OG0000811	Prat	Prbg.g_00594	Prat.g_01356
OG0000811	Praj	Prbg.g_00594	Praj.g_01635
OG0000811	Prbb	Prbg.g_00594	Prbb.g_01689
OG0000811	Prbm	Prbg.g_00594	Prbm.g_01713
OG0000811	Prbc	Prbg.g_00594	Prbc.g_00712
OG0000811	Syag	Prbg.g_00594	Syag.g_01413
OG0000811	Syaq	Prbg.g_00594	Syaq.g_00378
OG0000811	Syak	Prbg.g_00594	Syak.g_01045
OG0000811	Syal	Prbg.g_00594	Syal.g_00380
OG0000811	Syab	Prbg.g_00594	Syab.g_00770
OG0000811	Prbj	Prbg.g_00594	Prbj.g_01067
OG0000811	Prbk	Prbg.g_00594	Prbk.g_00270
OG0000811	Prbl	Prbg.g_00594	Prbl.g_00231
OG0000811	Praf	Prbg.g_00594	Praf.g_01801
OG0000811	Prah	Prbg.g_00594	Prah.g_00403
OG0000811	Syac	Prbg.g_00594	Syac.g_01637
OG0000811	Syah	Prbg.g_00594	Syah.g_01286
OG0000811	Syad	Prbg.g_00594	Syad.g_02283
OG0000811	Syaj	Prbg.g_00594	Syaj.g_01385
OG0000811	Syaa	Prbg.g_00594	Syaa.g_01778
OG0000811	Syaf	Prbg.g_00594	Syaf.g_02420
OG0000811	Syai	Prbg.g_00594	Syai.g_00950
OG0000811	Syam	Prbg.g_00594	Syam.g_01616
OG0000811	Syae	Prbg.g_00594	Syae.g_02648
OG0000811	Syat	Prbg.g_00594	Syat.g_01186
OG0000811	Syas	Prbg.g_00594	Syas.g_02822
OG0000811	Syar	Prbg.g_00594	Syar.g_02805
OG0000811	Syan	Prbg.g_00594	Syan.g_01272
OG0000811	Syao	Prbg.g_00594	Syao.g_01490
OG0000811	Syap	Prbg.g_00594	Syap.g_02472
OG0000811	Pram	Prbg.g_00594	Pram.g_01375
OG0000811	Prbh	Prbg.g_00594	Prbh.g_00102
OG0000811	Prak	Prbg.g_00594	Prak.g_01394
OG0000811	Prap	Prbg.g_00594	Prap.g_00124
OG0000811	Prbe	Prbg.g_00594	Prbe.g_00308
OG0000811	Prbf	Prbg.g_00594	Prbf.g_00160
OG0000811	Prbn	Prbg.g_00594	Prbn.g_00215
OG0000812	Prab	Prbg.g_00596	Prab.g_01471
OG0000812	Pran	Prbg.g_00596	Pran.g_00728
OG0000812	Prai	Prbg.g_00596	Prai.g_01468
OG0000812	Prac	Prbg.g_00596	Prac.g_00406
OG0000812	Praq	Prbg.g_00596	Praq.g_00299
OG0000812	Prar	Prbg.g_00596	Prar.g_00842
OG0000812	Prao	Prbg.g_00596	Prao.g_01402
OG0000812	Prad	Prbg.g_00596	Prad.g_00510
OG0000812	Prav	Prbg.g_00596	Prav.g_01583
OG0000812	Prbi	Prbg.g_00596	Prbi.g_01596
OG0000812	Pras	Prbg.g_00596	Pras.g_00355
OG0000812	Prau	Prbg.g_00596	Prau.g_01536
OG0000812	Prae	Prbg.g_00596	Prae.g_01464
OG0000812	Prax	Prbg.g_00596	Prax.g_01723
OG0000812	Praa	Prbg.g_00596	Praa.g_01481
OG0000812	Prbd	Prbg.g_00596	Prbd.g_01684
OG0000812	Prag	Prbg.g_00596	Prag.g_01495
OG0000812	Praw	Prbg.g_00596	Praw.g_01075
OG0000812	Pray	Prbg.g_00596	Pray.g_01717
OG0000812	Praz	Prbg.g_00596	Praz.g_01036
OG0000812	Prba	Prbg.g_00596	Prba.g_00708
OG0000812	Prbm	Prbg.g_00596	Prbm.g_01715
OG0000812	Praj	Prbg.g_00596	Praj.g_01637
OG0000812	Prbc	Prbg.g_00596	Prbc.g_00714
OG0000812	Prbb	Prbg.g_00596	Prbb.g_01691
OG0000812	Pram	Prbg.g_00596	Pram.g_01373
OG0000812	Prbh	Prbg.g_00596	Prbh.g_00104
OG0000812	Syab	Prbg.g_00596	Syab.g_00768
OG0000812	Syal	Prbg.g_00596	Syal.g_00382
OG0000812	Syag	Prbg.g_00596	Syag.g_01411
OG0000812	Syaq	Prbg.g_00596	Syaq.g_00380
OG0000812	Syak	Prbg.g_00596	Syak.g_01047
OG0000812	Syaa	Prbg.g_00596	Syaa.g_01780
OG0000812	Syae	Prbg.g_00596	Syae.g_02646
OG0000812	Syan	Prbg.g_00596	Syan.g_01270
OG0000812	Syao	Prbg.g_00596	Syao.g_01492
OG0000812	Syap	Prbg.g_00596	Syap.g_02474
OG0000812	Syas	Prbg.g_00596	Syas.g_02824
OG0000812	Syac	Prbg.g_00596	Syac.g_01639
OG0000812	Syah	Prbg.g_00596	Syah.g_01284
OG0000812	Syam	Prbg.g_00596	Syam.g_01618
OG0000812	Syad	Prbg.g_00596	Syad.g_02285
OG0000812	Syaj	Prbg.g_00596	Syaj.g_01387
OG0000812	Syai	Prbg.g_00596	Syai.g_00948
OG0000812	Syaf	Prbg.g_00596	Syaf.g_02422
OG0000812	Praf	Prbg.g_00596	Praf.g_01803
OG0000812	Prbj	Prbg.g_00596	Prbj.g_01069
OG0000812	Prbk	Prbg.g_00596	Prbk.g_00272
OG0000812	Prbl	Prbg.g_00596	Prbl.g_00229
OG0000812	Prah	Prbg.g_00596	Prah.g_00401
OG0000812	Syar	Prbg.g_00596	Syar.g_02803
OG0000812	Syat	Prbg.g_00596	Syat.g_01182
OG0000812	Prat	Prbg.g_00596	Prat.g_01358
OG0000812	Pral	Prbg.g_00596	Pral.g_01156
OG0000812	Prak	Prbg.g_00596	Prak.g_01396
OG0000812	Prap	Prbg.g_00596	Prap.g_00126
OG0000812	Prbe	Prbg.g_00596	Prbe.g_00306
OG0000812	Prbf	Prbg.g_00596	Prbf.g_00162
OG0000812	Prbn	Prbg.g_00596	Prbn.g_00217
OG0000813	Prao	Prbg.g_00597	Prao.g_01403
OG0000813	Prad	Prbg.g_00597	Prad.g_00509
OG0000813	Prbi	Prbg.g_00597	Prbi.g_01597
OG0000813	Prax	Prbg.g_00597	Prax.g_01722
OG0000813	Pray	Prbg.g_00597	Pray.g_01716
OG0000813	Praz	Prbg.g_00597	Praz.g_01035
OG0000813	Prba	Prbg.g_00597	Prba.g_00707
OG0000813	Prae	Prbg.g_00597	Prae.g_01465
OG0000813	Praa	Prbg.g_00597	Praa.g_01482
OG0000813	Prbd	Prbg.g_00597	Prbd.g_01683
OG0000813	Prav	Prbg.g_00597	Prav.g_01584
OG0000813	Pras	Prbg.g_00597	Pras.g_00356
OG0000813	Prau	Prbg.g_00597	Prau.g_01537
OG0000813	Prag	Prbg.g_00597	Prag.g_01496
OG0000813	Praw	Prbg.g_00597	Praw.g_00343
OG0000813	Prac	Prbg.g_00597	Prac.g_00405
OG0000813	Praq	Prbg.g_00597	Praq.g_00300
OG0000813	Prar	Prbg.g_00597	Prar.g_00841
OG0000813	Prab	Prbg.g_00597	Prab.g_01472
OG0000813	Pran	Prbg.g_00597	Pran.g_00727
OG0000813	Prai	Prbg.g_00597	Prai.g_01469
OG0000813	Prbc	Prbg.g_00597	Prbc.g_00715
OG0000813	Prbb	Prbg.g_00597	Prbb.g_01692
OG0000813	Praj	Prbg.g_00597	Praj.g_01638
OG0000813	Prbm	Prbg.g_00597	Prbm.g_01716
OG0000813	Prah	Prbg.g_00597	Prah.g_00400
OG0000813	Praf	Prbg.g_00597	Praf.g_01804
OG0000813	Prbj	Prbg.g_00597	Prbj.g_01070
OG0000813	Prbk	Prbg.g_00597	Prbk.g_00273
OG0000813	Prbl	Prbg.g_00597	Prbl.g_00228
OG0000813	Syas	Prbg.g_00597	Syas.g_02825
OG0000813	Syap	Prbg.g_00597	Syap.g_02475
OG0000813	Syan	Prbg.g_00597	Syan.g_01269
OG0000813	Syao	Prbg.g_00597	Syao.g_01493
OG0000813	Syar	Prbg.g_00597	Syar.g_02802
OG0000813	Syat	Prbg.g_00597	Syat.g_01181
OG0000813	Syac	Prbg.g_00597	Syac.g_01640
OG0000813	Syah	Prbg.g_00597	Syah.g_01283
OG0000813	Syab	Prbg.g_00597	Syab.g_00767
OG0000813	Syal	Prbg.g_00597	Syal.g_00383
OG0000813	Syag	Prbg.g_00597	Syag.g_01410
OG0000813	Syaq	Prbg.g_00597	Syaq.g_00381
OG0000813	Syak	Prbg.g_00597	Syak.g_01048
OG0000813	Syaa	Prbg.g_00597	Syaa.g_01781
OG0000813	Syae	Prbg.g_00597	Syae.g_02645
OG0000813	Syad	Prbg.g_00597	Syad.g_02286
OG0000813	Syaj	Prbg.g_00597	Syaj.g_01388
OG0000813	Syaf	Prbg.g_00597	Syaf.g_02423
OG0000813	Syai	Prbg.g_00597	Syai.g_00947
OG0000813	Syam	Prbg.g_00597	Syam.g_01619
OG0000813	Pral	Prbg.g_00597	Pral.g_01155
OG0000813	Prat	Prbg.g_00597	Prat.g_01359
OG0000813	Pram	Prbg.g_00597	Pram.g_01372
OG0000813	Prbh	Prbg.g_00597	Prbh.g_00105
OG0000813	Prak	Prbg.g_00597	Prak.g_01397
OG0000813	Prap	Prbg.g_00597	Prap.g_00127
OG0000813	Prbe	Prbg.g_00597	Prbe.g_00305
OG0000813	Prbf	Prbg.g_00597	Prbf.g_00163
OG0000813	Prbn	Prbg.g_00597	Prbn.g_00218
OG0000814	Prab	Prbg.g_00599	Prab.g_01474
OG0000814	Pran	Prbg.g_00599	Pran.g_00725
OG0000814	Prai	Prbg.g_00599	Prai.g_01471
OG0000814	Prac	Prbg.g_00599	Prac.g_00403
OG0000814	Praq	Prbg.g_00599	Praq.g_00302
OG0000814	Prar	Prbg.g_00599	Prar.g_00839
OG0000814	Prav	Prbg.g_00599	Prav.g_01586
OG0000814	Prad	Prbg.g_00599	Prad.g_00507
OG0000814	Prao	Prbg.g_00599	Prao.g_01405
OG0000814	Prbi	Prbg.g_00599	Prbi.g_01599
OG0000814	Prae	Prbg.g_00599	Prae.g_01467
OG0000814	Prax	Prbg.g_00599	Prax.g_01720
OG0000814	Praa	Prbg.g_00599	Praa.g_01484
OG0000814	Prbd	Prbg.g_00599	Prbd.g_01681
OG0000814	Pray	Prbg.g_00599	Pray.g_01714
OG0000814	Praz	Prbg.g_00599	Praz.g_01033
OG0000814	Prba	Prbg.g_00599	Prba.g_00705
OG0000814	Prag	Prbg.g_00599	Prag.g_01498
OG0000814	Praw	Prbg.g_00599	Praw.g_00345
OG0000814	Pras	Prbg.g_00599	Pras.g_00358
OG0000814	Prau	Prbg.g_00599	Prau.g_01539
OG0000814	Praj	Prbg.g_00599	Praj.g_01640
OG0000814	Prbm	Prbg.g_00599	Prbm.g_01718
OG0000814	Prbc	Prbg.g_00599	Prbc.g_00717
OG0000814	Prbb	Prbg.g_00599	Prbb.g_01694
OG0000814	Syar	Prbg.g_00599	Syar.g_02800
OG0000814	Syan	Prbg.g_00599	Syan.g_01267
OG0000814	Syao	Prbg.g_00599	Syao.g_01495
OG0000814	Syat	Prbg.g_00599	Syat.g_01179
OG0000814	Syap	Prbg.g_00599	Syap.g_02753
OG0000814	Syas	Prbg.g_00599	Syas.g_02827
OG0000814	Prah	Prbg.g_00599	Prah.g_00398
OG0000814	Praf	Prbg.g_00599	Praf.g_01806
OG0000814	Prbj	Prbg.g_00599	Prbj.g_01072
OG0000814	Prbk	Prbg.g_00599	Prbk.g_00275
OG0000814	Prbl	Prbg.g_00599	Prbl.g_00226
OG0000814	Syac	Prbg.g_00599	Syac.g_01642
OG0000814	Syah	Prbg.g_00599	Syah.g_01281
OG0000814	Syaa	Prbg.g_00599	Syaa.g_01783
OG0000814	Syai	Prbg.g_00599	Syai.g_00945
OG0000814	Syaf	Prbg.g_00599	Syaf.g_02425
OG0000814	Syam	Prbg.g_00599	Syam.g_01621
OG0000814	Syae	Prbg.g_00599	Syae.g_02643
OG0000814	Syad	Prbg.g_00599	Syad.g_02288
OG0000814	Syaj	Prbg.g_00599	Syaj.g_01390
OG0000814	Syak	Prbg.g_00599	Syak.g_01051
OG0000814	Syab	Prbg.g_00599	Syab.g_00765
OG0000814	Syal	Prbg.g_00599	Syal.g_00385
OG0000814	Syaq	Prbg.g_00599	Syaq.g_00383
OG0000814	Syag	Prbg.g_00599	Syag.g_01408
OG0000814	Pral	Prbg.g_00599	Pral.g_01153
OG0000814	Prat	Prbg.g_00599	Prat.g_01361
OG0000814	Pram	Prbg.g_00599	Pram.g_01370
OG0000814	Prbh	Prbg.g_00599	Prbh.g_00107
OG0000814	Prak	Prbg.g_00599	Prak.g_01399
OG0000814	Prap	Prbg.g_00599	Prap.g_00129
OG0000814	Prbe	Prbg.g_00599	Prbe.g_00303
OG0000814	Prbf	Prbg.g_00599	Prbf.g_00165
OG0000814	Prbn	Prbg.g_00599	Prbn.g_00220
OG0000815	Prab	Prbg.g_00600	Prab.g_01475
OG0000815	Pran	Prbg.g_00600	Pran.g_00724
OG0000815	Prai	Prbg.g_00600	Prai.g_01472
OG0000815	Prav	Prbg.g_00600	Prav.g_01587
OG0000815	Prad	Prbg.g_00600	Prad.g_00506
OG0000815	Pray	Prbg.g_00600	Pray.g_01713
OG0000815	Praz	Prbg.g_00600	Praz.g_01032
OG0000815	Prba	Prbg.g_00600	Prba.g_00704
OG0000815	Prac	Prbg.g_00600	Prac.g_00402
OG0000815	Praq	Prbg.g_00600	Praq.g_00303
OG0000815	Prar	Prbg.g_00600	Prar.g_00838
OG0000815	Prao	Prbg.g_00600	Prao.g_01406
OG0000815	Prag	Prbg.g_00600	Prag.g_01499
OG0000815	Praw	Prbg.g_00600	Praw.g_00346
OG0000815	Prax	Prbg.g_00600	Prax.g_01719
OG0000815	Prbd	Prbg.g_00600	Prbd.g_01680
OG0000815	Prbi	Prbg.g_00600	Prbi.g_01600
OG0000815	Pras	Prbg.g_00600	Pras.g_00359
OG0000815	Prau	Prbg.g_00600	Prau.g_01540
OG0000815	Praa	Prbg.g_00600	Praa.g_01485
OG0000815	Prae	Prbg.g_00600	Prae.g_01468
OG0000815	Praj	Prbg.g_00600	Praj.g_01641
OG0000815	Prbb	Prbg.g_00600	Prbb.g_01695
OG0000815	Prbc	Prbg.g_00600	Prbc.g_00718
OG0000815	Prbm	Prbg.g_00600	Prbm.g_01719
OG0000815	Prbj	Prbg.g_00600	Prbj.g_01073
OG0000815	Prbk	Prbg.g_00600	Prbk.g_00276
OG0000815	Prbl	Prbg.g_00600	Prbl.g_00225
OG0000815	Praf	Prbg.g_00600	Praf.g_01807
OG0000815	Prah	Prbg.g_00600	Prah.g_00397
OG0000815	Syac	Prbg.g_00600	Syac.g_01643
OG0000815	Syah	Prbg.g_00600	Syah.g_01280
OG0000815	Syaf	Prbg.g_00600	Syaf.g_02426
OG0000815	Syam	Prbg.g_00600	Syam.g_01622
OG0000815	Syai	Prbg.g_00600	Syai.g_00944
OG0000815	Syaa	Prbg.g_00600	Syaa.g_01784
OG0000815	Syad	Prbg.g_00600	Syad.g_02289
OG0000815	Syaj	Prbg.g_00600	Syaj.g_01391
OG0000815	Syae	Prbg.g_00600	Syae.g_02642
OG0000815	Syaq	Prbg.g_00600	Syaq.g_00384
OG0000815	Syag	Prbg.g_00600	Syag.g_01407
OG0000815	Syak	Prbg.g_00600	Syak.g_01053
OG0000815	Syab	Prbg.g_00600	Syab.g_00760
OG0000815	Syal	Prbg.g_00600	Syal.g_00391
OG0000815	Syap	Prbg.g_00600	Syap.g_02752
OG0000815	Syar	Prbg.g_00600	Syar.g_02799
OG0000815	Syan	Prbg.g_00600	Syan.g_01249
OG0000815	Syao	Prbg.g_00600	Syao.g_01499
OG0000815	Syas	Prbg.g_00600	Syas.g_02829
OG0000815	Syat	Prbg.g_00600	Syat.g_01177
OG0000815	Pral	Prbg.g_00600	Pral.g_01152
OG0000815	Prat	Prbg.g_00600	Prat.g_01362
OG0000815	Pram	Prbg.g_00600	Pram.g_01369
OG0000815	Prbh	Prbg.g_00600	Prbh.g_00108
OG0000815	Prak	Prbg.g_00600	Prak.g_01400
OG0000815	Prap	Prbg.g_00600	Prap.g_00130
OG0000815	Prbe	Prbg.g_00600	Prbe.g_00302
OG0000815	Prbf	Prbg.g_00600	Prbf.g_00166
OG0000815	Prbn	Prbg.g_00600	Prbn.g_00221
OG0000816	Prab	Prbg.g_00602	Prab.g_01477
OG0000816	Pran	Prbg.g_00602	Pran.g_00722
OG0000816	Prai	Prbg.g_00602	Prai.g_01474
OG0000816	Prac	Prbg.g_00602	Prac.g_00400
OG0000816	Praq	Prbg.g_00602	Praq.g_00305
OG0000816	Prar	Prbg.g_00602	Prar.g_00836
OG0000816	Prag	Prbg.g_00602	Prag.g_01501
OG0000816	Praw	Prbg.g_00602	Praw.g_00348
OG0000816	Prae	Prbg.g_00602	Prae.g_01470
OG0000816	Pray	Prbg.g_00602	Pray.g_01711
OG0000816	Praz	Prbg.g_00602	Praz.g_01030
OG0000816	Prba	Prbg.g_00602	Prba.g_00702
OG0000816	Prad	Prbg.g_00602	Prad.g_00504
OG0000816	Prax	Prbg.g_00602	Prax.g_01717
OG0000816	Prbd	Prbg.g_00602	Prbd.g_01678
OG0000816	Prbi	Prbg.g_00602	Prbi.g_01602
OG0000816	Praa	Prbg.g_00602	Praa.g_01487
OG0000816	Prav	Prbg.g_00602	Prav.g_01589
OG0000816	Pras	Prbg.g_00602	Pras.g_00361
OG0000816	Prau	Prbg.g_00602	Prau.g_01542
OG0000816	Prao	Prbg.g_00602	Prao.g_01408
OG0000816	Prbc	Prbg.g_00602	Prbc.g_00720
OG0000816	Praj	Prbg.g_00602	Praj.g_01643
OG0000816	Prbm	Prbg.g_00602	Prbm.g_01721
OG0000816	Prbb	Prbg.g_00602	Prbb.g_01697
OG0000816	Praf	Prbg.g_00602	Praf.g_01809
OG0000816	Prah	Prbg.g_00602	Prah.g_00395
OG0000816	Prbj	Prbg.g_00602	Prbj.g_01075
OG0000816	Prbk	Prbg.g_00602	Prbk.g_00278
OG0000816	Prbl	Prbg.g_00602	Prbl.g_00223
OG0000816	Syag	Prbg.g_00602	Syag.g_01405
OG0000816	Syat	Prbg.g_00602	Syat.g_01175
OG0000816	Syar	Prbg.g_00602	Syar.g_02797
OG0000816	Syao	Prbg.g_00602	Syao.g_01471
OG0000816	Syap	Prbg.g_00602	Syap.g_02289
OG0000816	Syan	Prbg.g_00602	Syan.g_01247
OG0000816	Syaq	Prbg.g_00602	Syaq.g_00386
OG0000816	Syas	Prbg.g_00602	Syas.g_02831
OG0000816	Syak	Prbg.g_00602	Syak.g_01055
OG0000816	Syab	Prbg.g_00602	Syab.g_00758
OG0000816	Syal	Prbg.g_00602	Syal.g_00393
OG0000816	Syae	Prbg.g_00602	Syae.g_02641
OG0000816	Syam	Prbg.g_00602	Syam.g_01624
OG0000816	Syaf	Prbg.g_00602	Syaf.g_02428
OG0000816	Syai	Prbg.g_00602	Syai.g_00942
OG0000816	Syac	Prbg.g_00602	Syac.g_01645
OG0000816	Syah	Prbg.g_00602	Syah.g_01279
OG0000816	Syaa	Prbg.g_00602	Syaa.g_01785
OG0000816	Syad	Prbg.g_00602	Syad.g_02290
OG0000816	Syaj	Prbg.g_00602	Syaj.g_01392
OG0000816	Pral	Prbg.g_00602	Pral.g_01150
OG0000816	Prat	Prbg.g_00602	Prat.g_01364
OG0000816	Pram	Prbg.g_00602	Pram.g_01367
OG0000816	Prbh	Prbg.g_00602	Prbh.g_00110
OG0000816	Prak	Prbg.g_00602	Prak.g_01402
OG0000816	Prap	Prbg.g_00602	Prap.g_00132
OG0000816	Prbe	Prbg.g_00602	Prbe.g_00300
OG0000816	Prbf	Prbg.g_00602	Prbf.g_00168
OG0000816	Prbn	Prbg.g_00602	Prbn.g_00223
OG0000817	Prab	Prbg.g_00603	Prab.g_01478
OG0000817	Pran	Prbg.g_00603	Pran.g_00721
OG0000817	Prai	Prbg.g_00603	Prai.g_01475
OG0000817	Prag	Prbg.g_00603	Prag.g_01502
OG0000817	Praw	Prbg.g_00603	Praw.g_00349
OG0000817	Prao	Prbg.g_00603	Prao.g_01409
OG0000817	Pray	Prbg.g_00603	Pray.g_01710
OG0000817	Praz	Prbg.g_00603	Praz.g_01029
OG0000817	Prba	Prbg.g_00603	Prba.g_00701
OG0000817	Prac	Prbg.g_00603	Prac.g_00399
OG0000817	Praq	Prbg.g_00603	Praq.g_00306
OG0000817	Prar	Prbg.g_00603	Prar.g_00835
OG0000817	Pras	Prbg.g_00603	Pras.g_00362
OG0000817	Prau	Prbg.g_00603	Prau.g_01543
OG0000817	Prbd	Prbg.g_00603	Prbd.g_01677
OG0000817	Prad	Prbg.g_00603	Prad.g_00503
OG0000817	Prax	Prbg.g_00603	Prax.g_01716
OG0000817	Prav	Prbg.g_00603	Prav.g_01590
OG0000817	Prae	Prbg.g_00603	Prae.g_01471
OG0000817	Prbi	Prbg.g_00603	Prbi.g_01603
OG0000817	Praa	Prbg.g_00603	Praa.g_01488
OG0000817	Prbc	Prbg.g_00603	Prbc.g_00721
OG0000817	Prbm	Prbg.g_00603	Prbm.g_01722
OG0000817	Prbb	Prbg.g_00603	Prbb.g_01698
OG0000817	Praj	Prbg.g_00603	Praj.g_01644
OG0000817	Prbj	Prbg.g_00603	Prbj.g_01076
OG0000817	Prbk	Prbg.g_00603	Prbk.g_00279
OG0000817	Prbl	Prbg.g_00603	Prbl.g_00222
OG0000817	Praf	Prbg.g_00603	Praf.g_01810
OG0000817	Prah	Prbg.g_00603	Prah.g_00394
OG0000817	Syag	Prbg.g_00603	Syag.g_01404
OG0000817	Syaq	Prbg.g_00603	Syaq.g_00387
OG0000817	Syak	Prbg.g_00603	Syak.g_01056
OG0000817	Syab	Prbg.g_00603	Syab.g_00757
OG0000817	Syal	Prbg.g_00603	Syal.g_00394
OG0000817	Syas	Prbg.g_00603	Syas.g_02753
OG0000817	Syap	Prbg.g_00603	Syap.g_02527
OG0000817	Syar	Prbg.g_00603	Syar.g_02861
OG0000817	Syat	Prbg.g_00603	Syat.g_01279
OG0000817	Syan	Prbg.g_00603	Syan.g_01328
OG0000817	Syao	Prbg.g_00603	Syao.g_01519
OG0000817	Syae	Prbg.g_00603	Syae.g_02640
OG0000817	Syaa	Prbg.g_00603	Syaa.g_01786
OG0000817	Syam	Prbg.g_00603	Syam.g_01625
OG0000817	Syaf	Prbg.g_00603	Syaf.g_02429
OG0000817	Syai	Prbg.g_00603	Syai.g_00941
OG0000817	Syac	Prbg.g_00603	Syac.g_01646
OG0000817	Syah	Prbg.g_00603	Syah.g_01278
OG0000817	Syad	Prbg.g_00603	Syad.g_02291
OG0000817	Syaj	Prbg.g_00603	Syaj.g_01393
OG0000817	Pral	Prbg.g_00603	Pral.g_01149
OG0000817	Prat	Prbg.g_00603	Prat.g_01365
OG0000817	Pram	Prbg.g_00603	Pram.g_01366
OG0000817	Prbh	Prbg.g_00603	Prbh.g_00111
OG0000817	Prap	Prbg.g_00603	Prap.g_00133
OG0000817	Prak	Prbg.g_00603	Prak.g_01403
OG0000817	Prbe	Prbg.g_00603	Prbe.g_00299
OG0000817	Prbf	Prbg.g_00603	Prbf.g_00169
OG0000817	Prbn	Prbg.g_00603	Prbn.g_00224
OG0000818	Prab	Prbg.g_00608	Prab.g_01483
OG0000818	Pran	Prbg.g_00608	Pran.g_00716
OG0000818	Prai	Prbg.g_00608	Prai.g_01480
OG0000818	Prac	Prbg.g_00608	Prac.g_00394
OG0000818	Praq	Prbg.g_00608	Praq.g_00311
OG0000818	Prar	Prbg.g_00608	Prar.g_00830
OG0000818	Prad	Prbg.g_00608	Prad.g_00498
OG0000818	Prag	Prbg.g_00608	Prag.g_01507
OG0000818	Praw	Prbg.g_00608	Praw.g_00354
OG0000818	Prao	Prbg.g_00608	Prao.g_01414
OG0000818	Prbi	Prbg.g_00608	Prbi.g_01608
OG0000818	Praa	Prbg.g_00608	Praa.g_01493
OG0000818	Prae	Prbg.g_00608	Prae.g_01476
OG0000818	Pray	Prbg.g_00608	Pray.g_01705
OG0000818	Praz	Prbg.g_00608	Praz.g_01024
OG0000818	Prba	Prbg.g_00608	Prba.g_00696
OG0000818	Prbd	Prbg.g_00608	Prbd.g_01672
OG0000818	Prax	Prbg.g_00608	Prax.g_01711
OG0000818	Prav	Prbg.g_00608	Prav.g_01595
OG0000818	Pras	Prbg.g_00608	Pras.g_00367
OG0000818	Prau	Prbg.g_00608	Prau.g_01548
OG0000818	Pram	Prbg.g_00608	Pram.g_01361
OG0000818	Prbh	Prbg.g_00608	Prbh.g_00116
OG0000818	Pral	Prbg.g_00608	Pral.g_01144
OG0000818	Prat	Prbg.g_00608	Prat.g_01370
OG0000818	Prbm	Prbg.g_00608	Prbm.g_01726
OG0000818	Praj	Prbg.g_00608	Praj.g_01648
OG0000818	Prbc	Prbg.g_00608	Prbc.g_00725
OG0000818	Prbb	Prbg.g_00608	Prbb.g_01702
OG0000818	Syar	Prbg.g_00608	Syar.g_01418
OG0000818	Syat	Prbg.g_00608	Syat.g_01325
OG0000818	Syas	Prbg.g_00608	Syas.g_01282
OG0000818	Syap	Prbg.g_00608	Syap.g_02001
OG0000818	Syan	Prbg.g_00608	Syan.g_02807
OG0000818	Syao	Prbg.g_00608	Syao.g_00062
OG0000818	Syad	Prbg.g_00608	Syad.g_02297
OG0000818	Syaj	Prbg.g_00608	Syaj.g_01399
OG0000818	Syaf	Prbg.g_00608	Syaf.g_02442
OG0000818	Syai	Prbg.g_00608	Syai.g_00935
OG0000818	Syam	Prbg.g_00608	Syam.g_01631
OG0000818	Syaa	Prbg.g_00608	Syaa.g_01792
OG0000818	Syae	Prbg.g_00608	Syae.g_02634
OG0000818	Syac	Prbg.g_00608	Syac.g_01652
OG0000818	Syah	Prbg.g_00608	Syah.g_01272
OG0000818	Prbj	Prbg.g_00608	Prbj.g_00631
OG0000818	Prbk	Prbg.g_00608	Prbk.g_01237
OG0000818	Prbl	Prbg.g_00608	Prbl.g_00684
OG0000818	Praf	Prbg.g_00608	Praf.g_01822
OG0000818	Prah	Prbg.g_00608	Prah.g_00386
OG0000818	Syak	Prbg.g_00608	Syak.g_01060
OG0000818	Syag	Prbg.g_00608	Syag.g_01400
OG0000818	Syaq	Prbg.g_00608	Syaq.g_00392
OG0000818	Syab	Prbg.g_00608	Syab.g_00751
OG0000818	Syal	Prbg.g_00608	Syal.g_00401
OG0000818	Prak	Prbg.g_00608	Prak.g_01408
OG0000818	Prap	Prbg.g_00608	Prap.g_00138
OG0000818	Prbe	Prbg.g_00608	Prbe.g_00294
OG0000818	Prbf	Prbg.g_00608	Prbf.g_00174
OG0000818	Prbn	Prbg.g_00608	Prbn.g_00229
OG0000819	Prac	Prbg.g_00609	Prac.g_00393
OG0000819	Praq	Prbg.g_00609	Praq.g_00312
OG0000819	Prar	Prbg.g_00609	Prar.g_00829
OG0000819	Prag	Prbg.g_00609	Prag.g_01508
OG0000819	Praw	Prbg.g_00609	Praw.g_00355
OG0000819	Prav	Prbg.g_00609	Prav.g_01596
OG0000819	Prae	Prbg.g_00609	Prae.g_01477
OG0000819	Praa	Prbg.g_00609	Praa.g_01494
OG0000819	Prbi	Prbg.g_00609	Prbi.g_01609
OG0000819	Prax	Prbg.g_00609	Prax.g_01710
OG0000819	Pray	Prbg.g_00609	Pray.g_01704
OG0000819	Praz	Prbg.g_00609	Praz.g_01023
OG0000819	Prba	Prbg.g_00609	Prba.g_00695
OG0000819	Prbd	Prbg.g_00609	Prbd.g_01671
OG0000819	Pras	Prbg.g_00609	Pras.g_00368
OG0000819	Prau	Prbg.g_00609	Prau.g_01549
OG0000819	Prao	Prbg.g_00609	Prao.g_01415
OG0000819	Prad	Prbg.g_00609	Prad.g_00497
OG0000819	Prab	Prbg.g_00609	Prab.g_01484
OG0000819	Pran	Prbg.g_00609	Pran.g_00715
OG0000819	Prai	Prbg.g_00609	Prai.g_01481
OG0000819	Prbb	Prbg.g_00609	Prbb.g_01703
OG0000819	Prbm	Prbg.g_00609	Prbm.g_01727
OG0000819	Praj	Prbg.g_00609	Praj.g_01649
OG0000819	Prbc	Prbg.g_00609	Prbc.g_00726
OG0000819	Prbj	Prbg.g_00609	Prbj.g_00632
OG0000819	Prbk	Prbg.g_00609	Prbk.g_01236
OG0000819	Prbl	Prbg.g_00609	Prbl.g_00685
OG0000819	Praf	Prbg.g_00609	Praf.g_01823
OG0000819	Prah	Prbg.g_00609	Prah.g_00385
OG0000819	Syag	Prbg.g_00609	Syag.g_01399
OG0000819	Syaq	Prbg.g_00609	Syaq.g_00393
OG0000819	Syab	Prbg.g_00609	Syab.g_00750
OG0000819	Syal	Prbg.g_00609	Syal.g_00402
OG0000819	Syak	Prbg.g_00609	Syak.g_01064
OG0000819	Syan	Prbg.g_00609	Syan.g_02808
OG0000819	Syao	Prbg.g_00609	Syao.g_00063
OG0000819	Syap	Prbg.g_00609	Syap.g_02002
OG0000819	Syas	Prbg.g_00609	Syas.g_01283
OG0000819	Syar	Prbg.g_00609	Syar.g_01417
OG0000819	Syat	Prbg.g_00609	Syat.g_01326
OG0000819	Syae	Prbg.g_00609	Syae.g_02633
OG0000819	Syaa	Prbg.g_00609	Syaa.g_01793
OG0000819	Syam	Prbg.g_00609	Syam.g_01632
OG0000819	Syai	Prbg.g_00609	Syai.g_00934
OG0000819	Syaf	Prbg.g_00609	Syaf.g_02443
OG0000819	Syac	Prbg.g_00609	Syac.g_01653
OG0000819	Syah	Prbg.g_00609	Syah.g_01271
OG0000819	Syad	Prbg.g_00609	Syad.g_02298
OG0000819	Syaj	Prbg.g_00609	Syaj.g_01400
OG0000819	Pral	Prbg.g_00609	Pral.g_01143
OG0000819	Prat	Prbg.g_00609	Prat.g_01371
OG0000819	Pram	Prbg.g_00609	Pram.g_01360
OG0000819	Prbh	Prbg.g_00609	Prbh.g_00117
OG0000819	Prak	Prbg.g_00609	Prak.g_01409
OG0000819	Prap	Prbg.g_00609	Prap.g_00139
OG0000819	Prbe	Prbg.g_00609	Prbe.g_00293
OG0000819	Prbf	Prbg.g_00609	Prbf.g_00175
OG0000819	Prbn	Prbg.g_00609	Prbn.g_00230
OG0000820	Prab	Prbg.g_00610	Prab.g_01485
OG0000820	Pran	Prbg.g_00610	Pran.g_00714
OG0000820	Prai	Prbg.g_00610	Prai.g_01482
OG0000820	Prad	Prbg.g_00610	Prad.g_00496
OG0000820	Prao	Prbg.g_00610	Prao.g_01416
OG0000820	Prae	Prbg.g_00610	Prae.g_01478
OG0000820	Prbi	Prbg.g_00610	Prbi.g_01610
OG0000820	Prag	Prbg.g_00610	Prag.g_01509
OG0000820	Praw	Prbg.g_00610	Praw.g_00356
OG0000820	Prav	Prbg.g_00610	Prav.g_01597
OG0000820	Pras	Prbg.g_00610	Pras.g_00369
OG0000820	Prau	Prbg.g_00610	Prau.g_01550
OG0000820	Prax	Prbg.g_00610	Prax.g_01709
OG0000820	Prbd	Prbg.g_00610	Prbd.g_01670
OG0000820	Pray	Prbg.g_00610	Pray.g_01703
OG0000820	Praz	Prbg.g_00610	Praz.g_01022
OG0000820	Prba	Prbg.g_00610	Prba.g_00694
OG0000820	Praa	Prbg.g_00610	Praa.g_01495
OG0000820	Prac	Prbg.g_00610	Prac.g_00392
OG0000820	Praq	Prbg.g_00610	Praq.g_00313
OG0000820	Prar	Prbg.g_00610	Prar.g_00828
OG0000820	Prbb	Prbg.g_00610	Prbb.g_01704
OG0000820	Praj	Prbg.g_00610	Praj.g_01650
OG0000820	Prbm	Prbg.g_00610	Prbm.g_01728
OG0000820	Prbc	Prbg.g_00610	Prbc.g_00727
OG0000820	Pram	Prbg.g_00610	Pram.g_01359
OG0000820	Prbh	Prbg.g_00610	Prbh.g_00118
OG0000820	Pral	Prbg.g_00610	Pral.g_01142
OG0000820	Prat	Prbg.g_00610	Prat.g_01372
OG0000820	Prbj	Prbg.g_00610	Prbj.g_00633
OG0000820	Prbk	Prbg.g_00610	Prbk.g_01235
OG0000820	Prbl	Prbg.g_00610	Prbl.g_00686
OG0000820	Praf	Prbg.g_00610	Praf.g_01824
OG0000820	Prah	Prbg.g_00610	Prah.g_00384
OG0000820	Syad	Prbg.g_00610	Syad.g_02299
OG0000820	Syaj	Prbg.g_00610	Syaj.g_01401
OG0000820	Syae	Prbg.g_00610	Syae.g_02632
OG0000820	Syac	Prbg.g_00610	Syac.g_01654
OG0000820	Syah	Prbg.g_00610	Syah.g_01270
OG0000820	Syaa	Prbg.g_00610	Syaa.g_01794
OG0000820	Syaf	Prbg.g_00610	Syaf.g_02444
OG0000820	Syai	Prbg.g_00610	Syai.g_00933
OG0000820	Syam	Prbg.g_00610	Syam.g_01633
OG0000820	Syag	Prbg.g_00610	Syag.g_01398
OG0000820	Syat	Prbg.g_00610	Syat.g_01327
OG0000820	Syar	Prbg.g_00610	Syar.g_01416
OG0000820	Syan	Prbg.g_00610	Syan.g_02809
OG0000820	Syao	Prbg.g_00610	Syao.g_00064
OG0000820	Syap	Prbg.g_00610	Syap.g_02003
OG0000820	Syas	Prbg.g_00610	Syas.g_01284
OG0000820	Syaq	Prbg.g_00610	Syaq.g_00394
OG0000820	Syak	Prbg.g_00610	Syak.g_01065
OG0000820	Syab	Prbg.g_00610	Syab.g_00749
OG0000820	Syal	Prbg.g_00610	Syal.g_00403
OG0000820	Prak	Prbg.g_00610	Prak.g_01410
OG0000820	Prap	Prbg.g_00610	Prap.g_00140
OG0000820	Prbe	Prbg.g_00610	Prbe.g_00292
OG0000820	Prbf	Prbg.g_00610	Prbf.g_00176
OG0000820	Prbn	Prbg.g_00610	Prbn.g_00231
OG0000821	Praa	Prbg.g_00614	Praa.g_01499
OG0000821	Prbi	Prbg.g_00614	Prbi.g_01613
OG0000821	Prao	Prbg.g_00614	Prao.g_01419
OG0000821	Prbd	Prbg.g_00614	Prbd.g_01666
OG0000821	Prav	Prbg.g_00614	Prav.g_01601
OG0000821	Prae	Prbg.g_00614	Prae.g_01482
OG0000821	Prax	Prbg.g_00614	Prax.g_01705
OG0000821	Pray	Prbg.g_00614	Pray.g_01699
OG0000821	Praz	Prbg.g_00614	Praz.g_01018
OG0000821	Prba	Prbg.g_00614	Prba.g_00690
OG0000821	Pras	Prbg.g_00614	Pras.g_00373
OG0000821	Prau	Prbg.g_00614	Prau.g_01554
OG0000821	Prag	Prbg.g_00614	Prag.g_01512
OG0000821	Praw	Prbg.g_00614	Praw.g_00359
OG0000821	Prad	Prbg.g_00614	Prad.g_00491
OG0000821	Prac	Prbg.g_00614	Prac.g_00388
OG0000821	Praq	Prbg.g_00614	Praq.g_00317
OG0000821	Prar	Prbg.g_00614	Prar.g_00824
OG0000821	Prai	Prbg.g_00614	Prai.g_01485
OG0000821	Prab	Prbg.g_00614	Prab.g_01489
OG0000821	Pran	Prbg.g_00614	Pran.g_00710
OG0000821	Prbc	Prbg.g_00614	Prbc.g_00730
OG0000821	Prbm	Prbg.g_00614	Prbm.g_01731
OG0000821	Prbb	Prbg.g_00614	Prbb.g_01707
OG0000821	Praj	Prbg.g_00614	Praj.g_01653
OG0000821	Prah	Prbg.g_00614	Prah.g_00379
OG0000821	Praf	Prbg.g_00614	Praf.g_01831
OG0000821	Prbj	Prbg.g_00614	Prbj.g_00640
OG0000821	Prbk	Prbg.g_00614	Prbk.g_01228
OG0000821	Prbl	Prbg.g_00614	Prbl.g_00693
OG0000821	Syaf	Prbg.g_00614	Syaf.g_02450
OG0000821	Syai	Prbg.g_00614	Syai.g_00916
OG0000821	Syam	Prbg.g_00614	Syam.g_01639
OG0000821	Syad	Prbg.g_00614	Syad.g_02305
OG0000821	Syaj	Prbg.g_00614	Syaj.g_01412
OG0000821	Syaa	Prbg.g_00614	Syaa.g_01800
OG0000821	Syae	Prbg.g_00614	Syae.g_02626
OG0000821	Syar	Prbg.g_00614	Syar.g_01410
OG0000821	Syap	Prbg.g_00614	Syap.g_02009
OG0000821	Syas	Prbg.g_00614	Syas.g_01289
OG0000821	Syat	Prbg.g_00614	Syat.g_01333
OG0000821	Syan	Prbg.g_00614	Syan.g_02815
OG0000821	Syao	Prbg.g_00614	Syao.g_00070
OG0000821	Syag	Prbg.g_00614	Syag.g_01388
OG0000821	Syaq	Prbg.g_00614	Syaq.g_00400
OG0000821	Syak	Prbg.g_00614	Syak.g_01071
OG0000821	Syac	Prbg.g_00614	Syac.g_01659
OG0000821	Syah	Prbg.g_00614	Syah.g_01265
OG0000821	Syab	Prbg.g_00614	Syab.g_00743
OG0000821	Syal	Prbg.g_00614	Syal.g_00409
OG0000821	Pral	Prbg.g_00614	Pral.g_01137
OG0000821	Prat	Prbg.g_00614	Prat.g_01378
OG0000821	Pram	Prbg.g_00614	Pram.g_01355
OG0000821	Prbh	Prbg.g_00614	Prbh.g_00122
OG0000821	Prak	Prbg.g_00614	Prak.g_01414
OG0000821	Prap	Prbg.g_00614	Prap.g_00144
OG0000821	Prbe	Prbg.g_00614	Prbe.g_00288
OG0000821	Prbf	Prbg.g_00614	Prbf.g_00180
OG0000821	Prbn	Prbg.g_00614	Prbn.g_00235
OG0000822	Prab	Prbg.g_00615	Prab.g_01490
OG0000822	Pran	Prbg.g_00615	Pran.g_00709
OG0000822	Prai	Prbg.g_00615	Prai.g_01486
OG0000822	Pras	Prbg.g_00615	Pras.g_00374
OG0000822	Prau	Prbg.g_00615	Prau.g_01555
OG0000822	Prac	Prbg.g_00615	Prac.g_00387
OG0000822	Praq	Prbg.g_00615	Praq.g_00318
OG0000822	Prar	Prbg.g_00615	Prar.g_00823
OG0000822	Prag	Prbg.g_00615	Prag.g_01513
OG0000822	Praw	Prbg.g_00615	Praw.g_00360
OG0000822	Prad	Prbg.g_00615	Prad.g_00490
OG0000822	Prao	Prbg.g_00615	Prao.g_01420
OG0000822	Pray	Prbg.g_00615	Pray.g_01698
OG0000822	Praz	Prbg.g_00615	Praz.g_01017
OG0000822	Prba	Prbg.g_00615	Prba.g_00689
OG0000822	Prae	Prbg.g_00615	Prae.g_01483
OG0000822	Praa	Prbg.g_00615	Praa.g_01500
OG0000822	Prax	Prbg.g_00615	Prax.g_01704
OG0000822	Prbd	Prbg.g_00615	Prbd.g_01665
OG0000822	Prav	Prbg.g_00615	Prav.g_01602
OG0000822	Prbi	Prbg.g_00615	Prbi.g_01614
OG0000822	Pral	Prbg.g_00615	Pral.g_01136
OG0000822	Prat	Prbg.g_00615	Prat.g_01379
OG0000822	Prbc	Prbg.g_00615	Prbc.g_00731
OG0000822	Prbm	Prbg.g_00615	Prbm.g_01732
OG0000822	Praj	Prbg.g_00615	Praj.g_01654
OG0000822	Prbb	Prbg.g_00615	Prbb.g_01708
OG0000822	Prah	Prbg.g_00615	Prah.g_00376
OG0000822	Praf	Prbg.g_00615	Praf.g_01833
OG0000822	Prbj	Prbg.g_00615	Prbj.g_00642
OG0000822	Prbk	Prbg.g_00615	Prbk.g_01226
OG0000822	Prbl	Prbg.g_00615	Prbl.g_00695
OG0000822	Syag	Prbg.g_00615	Syag.g_01386
OG0000822	Syaq	Prbg.g_00615	Syaq.g_00402
OG0000822	Syab	Prbg.g_00615	Syab.g_00741
OG0000822	Syal	Prbg.g_00615	Syal.g_00411
OG0000822	Syak	Prbg.g_00615	Syak.g_01073
OG0000822	Syat	Prbg.g_00615	Syat.g_01335
OG0000822	Syap	Prbg.g_00615	Syap.g_02011
OG0000822	Syas	Prbg.g_00615	Syas.g_01291
OG0000822	Syar	Prbg.g_00615	Syar.g_01408
OG0000822	Syan	Prbg.g_00615	Syan.g_02817
OG0000822	Syao	Prbg.g_00615	Syao.g_00072
OG0000822	Syaa	Prbg.g_00615	Syaa.g_01802
OG0000822	Syae	Prbg.g_00615	Syae.g_02624
OG0000822	Syad	Prbg.g_00615	Syad.g_02307
OG0000822	Syaj	Prbg.g_00615	Syaj.g_01414
OG0000822	Syac	Prbg.g_00615	Syac.g_01661
OG0000822	Syah	Prbg.g_00615	Syah.g_01263
OG0000822	Syaf	Prbg.g_00615	Syaf.g_02452
OG0000822	Syai	Prbg.g_00615	Syai.g_00914
OG0000822	Syam	Prbg.g_00615	Syam.g_01641
OG0000822	Pram	Prbg.g_00615	Pram.g_01354
OG0000822	Prbh	Prbg.g_00615	Prbh.g_00123
OG0000822	Prak	Prbg.g_00615	Prak.g_01415
OG0000822	Prap	Prbg.g_00615	Prap.g_00145
OG0000822	Prbe	Prbg.g_00615	Prbe.g_00287
OG0000822	Prbf	Prbg.g_00615	Prbf.g_00181
OG0000822	Prbn	Prbg.g_00615	Prbn.g_00236
OG0000823	Prac	Prbg.g_00616	Prac.g_00386
OG0000823	Praq	Prbg.g_00616	Praq.g_00319
OG0000823	Prar	Prbg.g_00616	Prar.g_00822
OG0000823	Prab	Prbg.g_00616	Prab.g_01491
OG0000823	Pran	Prbg.g_00616	Pran.g_00708
OG0000823	Prai	Prbg.g_00616	Prai.g_01487
OG0000823	Prag	Prbg.g_00616	Prag.g_01514
OG0000823	Praw	Prbg.g_00616	Praw.g_00361
OG0000823	Prad	Prbg.g_00616	Prad.g_00489
OG0000823	Prao	Prbg.g_00616	Prao.g_01421
OG0000823	Prbd	Prbg.g_00616	Prbd.g_01664
OG0000823	Praa	Prbg.g_00616	Praa.g_01501
OG0000823	Prax	Prbg.g_00616	Prax.g_01703
OG0000823	Pray	Prbg.g_00616	Pray.g_01697
OG0000823	Praz	Prbg.g_00616	Praz.g_01016
OG0000823	Prba	Prbg.g_00616	Prba.g_00688
OG0000823	Prae	Prbg.g_00616	Prae.g_01484
OG0000823	Prav	Prbg.g_00616	Prav.g_01603
OG0000823	Prbi	Prbg.g_00616	Prbi.g_01615
OG0000823	Pras	Prbg.g_00616	Pras.g_00375
OG0000823	Prau	Prbg.g_00616	Prau.g_01556
OG0000823	Praj	Prbg.g_00616	Praj.g_01655
OG0000823	Prbb	Prbg.g_00616	Prbb.g_01709
OG0000823	Prbm	Prbg.g_00616	Prbm.g_01733
OG0000823	Prbc	Prbg.g_00616	Prbc.g_00732
OG0000823	Prbj	Prbg.g_00616	Prbj.g_00643
OG0000823	Prbk	Prbg.g_00616	Prbk.g_01225
OG0000823	Prbl	Prbg.g_00616	Prbl.g_00696
OG0000823	Praf	Prbg.g_00616	Praf.g_01834
OG0000823	Prah	Prbg.g_00616	Prah.g_00374
OG0000823	Syak	Prbg.g_00616	Syak.g_01074
OG0000823	Syab	Prbg.g_00616	Syab.g_00740
OG0000823	Syal	Prbg.g_00616	Syal.g_00412
OG0000823	Syan	Prbg.g_00616	Syan.g_02818
OG0000823	Syao	Prbg.g_00616	Syao.g_00073
OG0000823	Syaa	Prbg.g_00616	Syaa.g_01803
OG0000823	Syac	Prbg.g_00616	Syac.g_01662
OG0000823	Syah	Prbg.g_00616	Syah.g_01262
OG0000823	Syar	Prbg.g_00616	Syar.g_00017, Syar.g_01407
OG0000823	Syaf	Prbg.g_00616	Syaf.g_02453
OG0000823	Syai	Prbg.g_00616	Syai.g_00913
OG0000823	Syam	Prbg.g_00616	Syam.g_01642
OG0000823	Syas	Prbg.g_00616	Syas.g_01292
OG0000823	Syat	Prbg.g_00616	Syat.g_01336
OG0000823	Syae	Prbg.g_00616	Syae.g_02623
OG0000823	Syad	Prbg.g_00616	Syad.g_02308
OG0000823	Syaj	Prbg.g_00616	Syaj.g_01415
OG0000823	Syaq	Prbg.g_00616	Syaq.g_00403
OG0000823	Syag	Prbg.g_00616	Syag.g_01385
OG0000823	Pral	Prbg.g_00616	Pral.g_01135
OG0000823	Prat	Prbg.g_00616	Prat.g_01380
OG0000823	Pram	Prbg.g_00616	Pram.g_01353
OG0000823	Prbh	Prbg.g_00616	Prbh.g_00124
OG0000823	Prak	Prbg.g_00616	Prak.g_01416
OG0000823	Prap	Prbg.g_00616	Prap.g_00146
OG0000823	Prbe	Prbg.g_00616	Prbe.g_00286
OG0000823	Prbf	Prbg.g_00616	Prbf.g_00182
OG0000823	Prbn	Prbg.g_00616	Prbn.g_00237
OG0000824	Prab	Prbg.g_00619	Prab.g_01494
OG0000824	Pran	Prbg.g_00619	Pran.g_00705
OG0000824	Prai	Prbg.g_00619	Prai.g_01490
OG0000824	Pras	Prbg.g_00619	Pras.g_00378
OG0000824	Prau	Prbg.g_00619	Prau.g_01559
OG0000824	Prbi	Prbg.g_00619	Prbi.g_01618
OG0000824	Prav	Prbg.g_00619	Prav.g_01606
OG0000824	Pray	Prbg.g_00619	Pray.g_01694
OG0000824	Praz	Prbg.g_00619	Praz.g_01013
OG0000824	Prba	Prbg.g_00619	Prba.g_00685
OG0000824	Prae	Prbg.g_00619	Prae.g_01487
OG0000824	Prbd	Prbg.g_00619	Prbd.g_01661
OG0000824	Prax	Prbg.g_00619	Prax.g_01700
OG0000824	Praa	Prbg.g_00619	Praa.g_01504
OG0000824	Prad	Prbg.g_00619	Prad.g_00486
OG0000824	Prac	Prbg.g_00619	Prac.g_00383
OG0000824	Praq	Prbg.g_00619	Praq.g_00322
OG0000824	Prar	Prbg.g_00619	Prar.g_00819
OG0000824	Prao	Prbg.g_00619	Prao.g_01424
OG0000824	Prag	Prbg.g_00619	Prag.g_01517
OG0000824	Praw	Prbg.g_00619	Praw.g_00364
OG0000824	Prbb	Prbg.g_00619	Prbb.g_01712
OG0000824	Prbc	Prbg.g_00619	Prbc.g_00735
OG0000824	Praj	Prbg.g_00619	Praj.g_01658
OG0000824	Prbm	Prbg.g_00619	Prbm.g_01736
OG0000824	Pral	Prbg.g_00619	Pral.g_01132
OG0000824	Prat	Prbg.g_00619	Prat.g_01383
OG0000824	Prbj	Prbg.g_00619	Prbj.g_00647
OG0000824	Prbk	Prbg.g_00619	Prbk.g_01221
OG0000824	Prbl	Prbg.g_00619	Prbl.g_00700
OG0000824	Praf	Prbg.g_00619	Praf.g_01838
OG0000824	Prah	Prbg.g_00619	Prah.g_00370
OG0000824	Syak	Prbg.g_00619	Syak.g_01080
OG0000824	Syab	Prbg.g_00619	Syab.g_00735
OG0000824	Syal	Prbg.g_00619	Syal.g_00417
OG0000824	Syad	Prbg.g_00619	Syad.g_02314
OG0000824	Syaj	Prbg.g_00619	Syaj.g_01421
OG0000824	Syae	Prbg.g_00619	Syae.g_02617
OG0000824	Syaa	Prbg.g_00619	Syaa.g_01807
OG0000824	Syac	Prbg.g_00619	Syac.g_01666
OG0000824	Syah	Prbg.g_00619	Syah.g_01258
OG0000824	Syaf	Prbg.g_00619	Syaf.g_02459
OG0000824	Syai	Prbg.g_00619	Syai.g_00907
OG0000824	Syam	Prbg.g_00619	Syam.g_01648
OG0000824	Syar	Prbg.g_00619	Syar.g_01402
OG0000824	Syat	Prbg.g_00619	Syat.g_01342
OG0000824	Syan	Prbg.g_00619	Syan.g_02824
OG0000824	Syao	Prbg.g_00619	Syao.g_00079
OG0000824	Syap	Prbg.g_00619	Syap.g_00008
OG0000824	Syas	Prbg.g_00619	Syas.g_01297
OG0000824	Syag	Prbg.g_00619	Syag.g_01379
OG0000824	Syaq	Prbg.g_00619	Syaq.g_00409
OG0000824	Pram	Prbg.g_00619	Pram.g_01350
OG0000824	Prbh	Prbg.g_00619	Prbh.g_00127
OG0000824	Prak	Prbg.g_00619	Prak.g_01419
OG0000824	Prap	Prbg.g_00619	Prap.g_00149
OG0000824	Prbe	Prbg.g_00619	Prbe.g_00283
OG0000824	Prbf	Prbg.g_00619	Prbf.g_00185
OG0000824	Prbn	Prbg.g_00619	Prbn.g_00240
OG0000825	Prac	Prbg.g_00620	Prac.g_00382
OG0000825	Praq	Prbg.g_00620	Praq.g_00323
OG0000825	Prar	Prbg.g_00620	Prar.g_00818
OG0000825	Pray	Prbg.g_00620	Pray.g_01693
OG0000825	Praz	Prbg.g_00620	Praz.g_01012
OG0000825	Prba	Prbg.g_00620	Prba.g_00684
OG0000825	Prad	Prbg.g_00620	Prad.g_00485
OG0000825	Praa	Prbg.g_00620	Praa.g_01505
OG0000825	Prbd	Prbg.g_00620	Prbd.g_01660
OG0000825	Prae	Prbg.g_00620	Prae.g_01488
OG0000825	Prax	Prbg.g_00620	Prax.g_01699
OG0000825	Prbi	Prbg.g_00620	Prbi.g_01619
OG0000825	Prag	Prbg.g_00620	Prag.g_01518
OG0000825	Praw	Prbg.g_00620	Praw.g_00365
OG0000825	Prav	Prbg.g_00620	Prav.g_01607
OG0000825	Prab	Prbg.g_00620	Prab.g_01495
OG0000825	Pran	Prbg.g_00620	Pran.g_00704
OG0000825	Prai	Prbg.g_00620	Prai.g_01491
OG0000825	Prao	Prbg.g_00620	Prao.g_01425
OG0000825	Pras	Prbg.g_00620	Pras.g_00379
OG0000825	Prau	Prbg.g_00620	Prau.g_01560
OG0000825	Praf	Prbg.g_00620	Praf.g_01839
OG0000825	Prah	Prbg.g_00620	Prah.g_00369
OG0000825	Prbj	Prbg.g_00620	Prbj.g_00648
OG0000825	Prbk	Prbg.g_00620	Prbk.g_01220
OG0000825	Prbl	Prbg.g_00620	Prbl.g_00701
OG0000825	Syae	Prbg.g_00620	Syae.g_02616
OG0000825	Syaf	Prbg.g_00620	Syaf.g_02460
OG0000825	Syai	Prbg.g_00620	Syai.g_00906
OG0000825	Syam	Prbg.g_00620	Syam.g_01649
OG0000825	Syac	Prbg.g_00620	Syac.g_01667
OG0000825	Syah	Prbg.g_00620	Syah.g_01257
OG0000825	Syaa	Prbg.g_00620	Syaa.g_01808
OG0000825	Syad	Prbg.g_00620	Syad.g_02315
OG0000825	Syaj	Prbg.g_00620	Syaj.g_01422
OG0000825	Syar	Prbg.g_00620	Syar.g_01401
OG0000825	Syat	Prbg.g_00620	Syat.g_01343
OG0000825	Syan	Prbg.g_00620	Syan.g_02825
OG0000825	Syao	Prbg.g_00620	Syao.g_00080
OG0000825	Syap	Prbg.g_00620	Syap.g_00009
OG0000825	Syas	Prbg.g_00620	Syas.g_01298
OG0000825	Syab	Prbg.g_00620	Syab.g_00734
OG0000825	Syal	Prbg.g_00620	Syal.g_00418
OG0000825	Syak	Prbg.g_00620	Syak.g_01081
OG0000825	Syag	Prbg.g_00620	Syag.g_01378
OG0000825	Syaq	Prbg.g_00620	Syaq.g_00410
OG0000825	Praj	Prbg.g_00620	Praj.g_01659
OG0000825	Prbb	Prbg.g_00620	Prbb.g_01713
OG0000825	Prbc	Prbg.g_00620	Prbc.g_00736
OG0000825	Prbm	Prbg.g_00620	Prbm.g_01737
OG0000825	Pram	Prbg.g_00620	Pram.g_01349
OG0000825	Prbh	Prbg.g_00620	Prbh.g_00128
OG0000825	Pral	Prbg.g_00620	Pral.g_01131
OG0000825	Prat	Prbg.g_00620	Prat.g_01384
OG0000825	Prak	Prbg.g_00620	Prak.g_01420
OG0000825	Prap	Prbg.g_00620	Prap.g_00150
OG0000825	Prbe	Prbg.g_00620	Prbe.g_00282
OG0000825	Prbf	Prbg.g_00620	Prbf.g_00186
OG0000825	Prbn	Prbg.g_00620	Prbn.g_00241
OG0000826	Prao	Prbg.g_00621	Prao.g_01426
OG0000826	Pras	Prbg.g_00621	Pras.g_00380
OG0000826	Prau	Prbg.g_00621	Prau.g_01561
OG0000826	Pray	Prbg.g_00621	Pray.g_01692
OG0000826	Praz	Prbg.g_00621	Praz.g_01011
OG0000826	Prba	Prbg.g_00621	Prba.g_00683
OG0000826	Prac	Prbg.g_00621	Prac.g_00381
OG0000826	Praq	Prbg.g_00621	Praq.g_00324
OG0000826	Prar	Prbg.g_00621	Prar.g_00817
OG0000826	Prad	Prbg.g_00621	Prad.g_00484
OG0000826	Prax	Prbg.g_00621	Prax.g_01698
OG0000826	Prae	Prbg.g_00621	Prae.g_01489
OG0000826	Praa	Prbg.g_00621	Praa.g_01506
OG0000826	Prbi	Prbg.g_00621	Prbi.g_01620
OG0000826	Prbd	Prbg.g_00621	Prbd.g_01659
OG0000826	Prav	Prbg.g_00621	Prav.g_01608
OG0000826	Prag	Prbg.g_00621	Prag.g_01519
OG0000826	Praw	Prbg.g_00621	Praw.g_00366
OG0000826	Prab	Prbg.g_00621	Prab.g_01496
OG0000826	Pran	Prbg.g_00621	Pran.g_00703
OG0000826	Prai	Prbg.g_00621	Prai.g_01492
OG0000826	Prbm	Prbg.g_00621	Prbm.g_01738
OG0000826	Praj	Prbg.g_00621	Praj.g_01660
OG0000826	Prbb	Prbg.g_00621	Prbb.g_01714
OG0000826	Prbc	Prbg.g_00621	Prbc.g_00737
OG0000826	Pral	Prbg.g_00621	Pral.g_01130
OG0000826	Prat	Prbg.g_00621	Prat.g_01385
OG0000826	Syak	Prbg.g_00621	Syak.g_01082
OG0000826	Syag	Prbg.g_00621	Syag.g_01377
OG0000826	Syaq	Prbg.g_00621	Syaq.g_00411
OG0000826	Syaf	Prbg.g_00621	Syaf.g_02461
OG0000826	Syai	Prbg.g_00621	Syai.g_00905
OG0000826	Syam	Prbg.g_00621	Syam.g_01650
OG0000826	Syac	Prbg.g_00621	Syac.g_01668
OG0000826	Syah	Prbg.g_00621	Syah.g_01256
OG0000826	Syad	Prbg.g_00621	Syad.g_02316
OG0000826	Syaj	Prbg.g_00621	Syaj.g_01423
OG0000826	Syaa	Prbg.g_00621	Syaa.g_01809
OG0000826	Syae	Prbg.g_00621	Syae.g_02615
OG0000826	Syan	Prbg.g_00621	Syan.g_02826
OG0000826	Syao	Prbg.g_00621	Syao.g_00081
OG0000826	Syap	Prbg.g_00621	Syap.g_00010
OG0000826	Syas	Prbg.g_00621	Syas.g_01299
OG0000826	Syat	Prbg.g_00621	Syat.g_01344
OG0000826	Syar	Prbg.g_00621	Syar.g_01400
OG0000826	Syab	Prbg.g_00621	Syab.g_00733
OG0000826	Syal	Prbg.g_00621	Syal.g_00419
OG0000826	Prah	Prbg.g_00621	Prah.g_00368
OG0000826	Praf	Prbg.g_00621	Praf.g_01840
OG0000826	Prbj	Prbg.g_00621	Prbj.g_00649
OG0000826	Prbk	Prbg.g_00621	Prbk.g_01219
OG0000826	Prbl	Prbg.g_00621	Prbl.g_00702
OG0000826	Pram	Prbg.g_00621	Pram.g_01348
OG0000826	Prbh	Prbg.g_00621	Prbh.g_00129
OG0000826	Prak	Prbg.g_00621	Prak.g_01421
OG0000826	Prap	Prbg.g_00621	Prap.g_00151
OG0000826	Prbe	Prbg.g_00621	Prbe.g_00281
OG0000826	Prbf	Prbg.g_00621	Prbf.g_00187
OG0000826	Prbn	Prbg.g_00621	Prbn.g_00242
OG0000827	Pray	Prbg.g_00622	Pray.g_01691
OG0000827	Praz	Prbg.g_00622	Praz.g_01010
OG0000827	Prba	Prbg.g_00622	Prba.g_00682
OG0000827	Praa	Prbg.g_00622	Praa.g_01507
OG0000827	Prax	Prbg.g_00622	Prax.g_01697
OG0000827	Prae	Prbg.g_00622	Prae.g_01490
OG0000827	Prbd	Prbg.g_00622	Prbd.g_01658
OG0000827	Pras	Prbg.g_00622	Pras.g_00381
OG0000827	Prau	Prbg.g_00622	Prau.g_01562
OG0000827	Prad	Prbg.g_00622	Prad.g_00483
OG0000827	Prag	Prbg.g_00622	Prag.g_01520
OG0000827	Praw	Prbg.g_00622	Praw.g_00367
OG0000827	Prai	Prbg.g_00622	Prai.g_01493
OG0000827	Prbi	Prbg.g_00622	Prbi.g_01621
OG0000827	Prac	Prbg.g_00622	Prac.g_00380
OG0000827	Praq	Prbg.g_00622	Praq.g_00325
OG0000827	Prar	Prbg.g_00622	Prar.g_00816
OG0000827	Prao	Prbg.g_00622	Prao.g_01427
OG0000827	Prab	Prbg.g_00622	Prab.g_01497
OG0000827	Pran	Prbg.g_00622	Pran.g_00702
OG0000827	Prav	Prbg.g_00622	Prav.g_01609
OG0000827	Prbm	Prbg.g_00622	Prbm.g_01739
OG0000827	Praj	Prbg.g_00622	Praj.g_01661
OG0000827	Prbb	Prbg.g_00622	Prbb.g_01715
OG0000827	Prbc	Prbg.g_00622	Prbc.g_00738
OG0000827	Praf	Prbg.g_00622	Praf.g_01841
OG0000827	Prah	Prbg.g_00622	Prah.g_00367
OG0000827	Prbj	Prbg.g_00622	Prbj.g_00650
OG0000827	Prbk	Prbg.g_00622	Prbk.g_01218
OG0000827	Prbl	Prbg.g_00622	Prbl.g_00703
OG0000827	Syan	Prbg.g_00622	Syan.g_02827
OG0000827	Syao	Prbg.g_00622	Syao.g_00082
OG0000827	Syar	Prbg.g_00622	Syar.g_01399
OG0000827	Syat	Prbg.g_00622	Syat.g_01345
OG0000827	Syap	Prbg.g_00622	Syap.g_00011
OG0000827	Syas	Prbg.g_00622	Syas.g_01300
OG0000827	Syag	Prbg.g_00622	Syag.g_01376
OG0000827	Syaq	Prbg.g_00622	Syaq.g_00412
OG0000827	Syaa	Prbg.g_00622	Syaa.g_01810
OG0000827	Syad	Prbg.g_00622	Syad.g_02317
OG0000827	Syaj	Prbg.g_00622	Syaj.g_01424
OG0000827	Syae	Prbg.g_00622	Syae.g_02614
OG0000827	Syaf	Prbg.g_00622	Syaf.g_02462
OG0000827	Syai	Prbg.g_00622	Syai.g_00904
OG0000827	Syam	Prbg.g_00622	Syam.g_01651
OG0000827	Syac	Prbg.g_00622	Syac.g_01669
OG0000827	Syah	Prbg.g_00622	Syah.g_01254
OG0000827	Syak	Prbg.g_00622	Syak.g_01083
OG0000827	Syab	Prbg.g_00622	Syab.g_00732
OG0000827	Syal	Prbg.g_00622	Syal.g_00420
OG0000827	Pral	Prbg.g_00622	Pral.g_01129
OG0000827	Prat	Prbg.g_00622	Prat.g_01386
OG0000827	Pram	Prbg.g_00622	Pram.g_01347
OG0000827	Prbh	Prbg.g_00622	Prbh.g_00130
OG0000827	Prak	Prbg.g_00622	Prak.g_01422
OG0000827	Prap	Prbg.g_00622	Prap.g_00152
OG0000827	Prbe	Prbg.g_00622	Prbe.g_00280
OG0000827	Prbf	Prbg.g_00622	Prbf.g_00188
OG0000827	Prbn	Prbg.g_00622	Prbn.g_00243
OG0000828	Prab	Prbg.g_00625	Prab.g_01500
OG0000828	Pran	Prbg.g_00625	Pran.g_00699
OG0000828	Prai	Prbg.g_00625	Prai.g_01496
OG0000828	Prae	Prbg.g_00625	Prae.g_01493
OG0000828	Pras	Prbg.g_00625	Pras.g_00385
OG0000828	Prau	Prbg.g_00625	Prau.g_01565
OG0000828	Prax	Prbg.g_00625	Prax.g_01694
OG0000828	Prbd	Prbg.g_00625	Prbd.g_01655
OG0000828	Prad	Prbg.g_00625	Prad.g_00480
OG0000828	Prao	Prbg.g_00625	Prao.g_01430
OG0000828	Prag	Prbg.g_00625	Prag.g_01524
OG0000828	Praw	Prbg.g_00625	Praw.g_00371
OG0000828	Prav	Prbg.g_00625	Prav.g_01612
OG0000828	Prac	Prbg.g_00625	Prac.g_00377
OG0000828	Praq	Prbg.g_00625	Praq.g_00328
OG0000828	Prar	Prbg.g_00625	Prar.g_00813
OG0000828	Pray	Prbg.g_00625	Pray.g_01688
OG0000828	Praz	Prbg.g_00625	Praz.g_01007
OG0000828	Prba	Prbg.g_00625	Prba.g_00679
OG0000828	Praa	Prbg.g_00625	Praa.g_01510
OG0000828	Prbi	Prbg.g_00625	Prbi.g_01624
OG0000828	Syan	Prbg.g_00625	Syan.g_02830
OG0000828	Syao	Prbg.g_00625	Syao.g_00085
OG0000828	Syar	Prbg.g_00625	Syar.g_01396
OG0000828	Syap	Prbg.g_00625	Syap.g_00014
OG0000828	Syas	Prbg.g_00625	Syas.g_01303
OG0000828	Syat	Prbg.g_00625	Syat.g_01348
OG0000828	Syaq	Prbg.g_00625	Syaq.g_00415
OG0000828	Syad	Prbg.g_00625	Syad.g_02320
OG0000828	Syaj	Prbg.g_00625	Syaj.g_01427
OG0000828	Syai	Prbg.g_00625	Syai.g_00900
OG0000828	Syaf	Prbg.g_00625	Syaf.g_02465
OG0000828	Syam	Prbg.g_00625	Syam.g_01655
OG0000828	Syac	Prbg.g_00625	Syac.g_01672
OG0000828	Syah	Prbg.g_00625	Syah.g_01251
OG0000828	Syaa	Prbg.g_00625	Syaa.g_01813
OG0000828	Syae	Prbg.g_00625	Syae.g_02612
OG0000828	Syab	Prbg.g_00625	Syab.g_00729
OG0000828	Syal	Prbg.g_00625	Syal.g_00423
OG0000828	Syag	Prbg.g_00625	Syag.g_01373
OG0000828	Syak	Prbg.g_00625	Syak.g_01086
OG0000828	Prbj	Prbg.g_00625	Prbj.g_00653
OG0000828	Prbk	Prbg.g_00625	Prbk.g_01215
OG0000828	Prbl	Prbg.g_00625	Prbl.g_00706
OG0000828	Praf	Prbg.g_00625	Praf.g_01844
OG0000828	Prah	Prbg.g_00625	Prah.g_00364
OG0000828	Praj	Prbg.g_00625	Praj.g_01664
OG0000828	Prbb	Prbg.g_00625	Prbb.g_01718
OG0000828	Prbm	Prbg.g_00625	Prbm.g_01742
OG0000828	Prbc	Prbg.g_00625	Prbc.g_00741
OG0000828	Pral	Prbg.g_00625	Pral.g_01126
OG0000828	Prat	Prbg.g_00625	Prat.g_01389
OG0000828	Pram	Prbg.g_00625	Pram.g_01344
OG0000828	Prbh	Prbg.g_00625	Prbh.g_00133
OG0000828	Prak	Prbg.g_00625	Prak.g_01425
OG0000828	Prap	Prbg.g_00625	Prap.g_00155
OG0000828	Prbe	Prbg.g_00625	Prbe.g_00277
OG0000828	Prbf	Prbg.g_00625	Prbf.g_00191
OG0000828	Prbn	Prbg.g_00625	Prbn.g_00246
OG0000829	Prav	Prbg.g_00626	Prav.g_01613
OG0000829	Prab	Prbg.g_00626	Prab.g_01501
OG0000829	Pran	Prbg.g_00626	Pran.g_00698
OG0000829	Prai	Prbg.g_00626	Prai.g_01497
OG0000829	Prac	Prbg.g_00626	Prac.g_00376
OG0000829	Praq	Prbg.g_00626	Praq.g_00329
OG0000829	Prar	Prbg.g_00626	Prar.g_00812
OG0000829	Prae	Prbg.g_00626	Prae.g_01494
OG0000829	Prad	Prbg.g_00626	Prad.g_00479
OG0000829	Prax	Prbg.g_00626	Prax.g_01693
OG0000829	Prao	Prbg.g_00626	Prao.g_01431
OG0000829	Pras	Prbg.g_00626	Pras.g_00386
OG0000829	Prau	Prbg.g_00626	Prau.g_01566
OG0000829	Prbi	Prbg.g_00626	Prbi.g_01625
OG0000829	Praa	Prbg.g_00626	Praa.g_01511
OG0000829	Prag	Prbg.g_00626	Prag.g_01525
OG0000829	Praw	Prbg.g_00626	Praw.g_00372
OG0000829	Prbd	Prbg.g_00626	Prbd.g_01654
OG0000829	Pray	Prbg.g_00626	Pray.g_01687
OG0000829	Praz	Prbg.g_00626	Praz.g_01006
OG0000829	Prba	Prbg.g_00626	Prba.g_00678
OG0000829	Syag	Prbg.g_00626	Syag.g_01372
OG0000829	Pral	Prbg.g_00626	Pral.g_01125
OG0000829	Prat	Prbg.g_00626	Prat.g_01390
OG0000829	Syat	Prbg.g_00626	Syat.g_01349
OG0000829	Syap	Prbg.g_00626	Syap.g_00015
OG0000829	Syas	Prbg.g_00626	Syas.g_01304
OG0000829	Syan	Prbg.g_00626	Syan.g_02831
OG0000829	Syao	Prbg.g_00626	Syao.g_00086
OG0000829	Syar	Prbg.g_00626	Syar.g_01395
OG0000829	Syaa	Prbg.g_00626	Syaa.g_01814
OG0000829	Syac	Prbg.g_00626	Syac.g_01673
OG0000829	Syah	Prbg.g_00626	Syah.g_01250
OG0000829	Syae	Prbg.g_00626	Syae.g_02611
OG0000829	Syad	Prbg.g_00626	Syad.g_02321
OG0000829	Syaj	Prbg.g_00626	Syaj.g_01428
OG0000829	Syam	Prbg.g_00626	Syam.g_01656
OG0000829	Syaf	Prbg.g_00626	Syaf.g_02466
OG0000829	Syai	Prbg.g_00626	Syai.g_00899
OG0000829	Syak	Prbg.g_00626	Syak.g_01087
OG0000829	Syaq	Prbg.g_00626	Syaq.g_00416
OG0000829	Syab	Prbg.g_00626	Syab.g_00728
OG0000829	Syal	Prbg.g_00626	Syal.g_00424
OG0000829	Praf	Prbg.g_00626	Praf.g_01845
OG0000829	Prah	Prbg.g_00626	Prah.g_00363
OG0000829	Prbj	Prbg.g_00626	Prbj.g_00654
OG0000829	Prbk	Prbg.g_00626	Prbk.g_01214
OG0000829	Prbl	Prbg.g_00626	Prbl.g_00707
OG0000829	Praj	Prbg.g_00626	Praj.g_01665
OG0000829	Prbc	Prbg.g_00626	Prbc.g_00742
OG0000829	Prbb	Prbg.g_00626	Prbb.g_01719
OG0000829	Prbm	Prbg.g_00626	Prbm.g_01743
OG0000829	Pram	Prbg.g_00626	Pram.g_01343
OG0000829	Prbh	Prbg.g_00626	Prbh.g_00134
OG0000829	Prak	Prbg.g_00626	Prak.g_01426
OG0000829	Prap	Prbg.g_00626	Prap.g_00156
OG0000829	Prbe	Prbg.g_00626	Prbe.g_00276
OG0000829	Prbf	Prbg.g_00626	Prbf.g_00192
OG0000829	Prbn	Prbg.g_00626	Prbn.g_00247
OG0000830	Prab	Prbg.g_00627	Prab.g_01502
OG0000830	Pran	Prbg.g_00627	Pran.g_00697
OG0000830	Prai	Prbg.g_00627	Prai.g_01498
OG0000830	Pray	Prbg.g_00627	Pray.g_01686
OG0000830	Praz	Prbg.g_00627	Praz.g_01005
OG0000830	Prba	Prbg.g_00627	Prba.g_00677
OG0000830	Prao	Prbg.g_00627	Prao.g_01432
OG0000830	Prac	Prbg.g_00627	Prac.g_00375
OG0000830	Praq	Prbg.g_00627	Praq.g_00330
OG0000830	Prar	Prbg.g_00627	Prar.g_00811
OG0000830	Praa	Prbg.g_00627	Praa.g_01512
OG0000830	Prad	Prbg.g_00627	Prad.g_00478
OG0000830	Prae	Prbg.g_00627	Prae.g_01495
OG0000830	Prag	Prbg.g_00627	Prag.g_01526
OG0000830	Pras	Prbg.g_00627	Pras.g_00387
OG0000830	Prau	Prbg.g_00627	Prau.g_01567
OG0000830	Praw	Prbg.g_00627	Praw.g_00373
OG0000830	Prax	Prbg.g_00627	Prax.g_01692
OG0000830	Prbi	Prbg.g_00627	Prbi.g_01626
OG0000830	Prav	Prbg.g_00627	Prav.g_01614
OG0000830	Prbd	Prbg.g_00627	Prbd.g_01653
OG0000830	Syap	Prbg.g_00627	Syap.g_00016
OG0000830	Syas	Prbg.g_00627	Syas.g_01305
OG0000830	Syan	Prbg.g_00627	Syan.g_02832
OG0000830	Syao	Prbg.g_00627	Syao.g_00087
OG0000830	Syar	Prbg.g_00627	Syar.g_01394
OG0000830	Syat	Prbg.g_00627	Syat.g_01350
OG0000830	Pram	Prbg.g_00627	Pram.g_01342
OG0000830	Prbh	Prbg.g_00627	Prbh.g_00135
OG0000830	Syaq	Prbg.g_00627	Syaq.g_00417
OG0000830	Syab	Prbg.g_00627	Syab.g_00727
OG0000830	Syal	Prbg.g_00627	Syal.g_00425
OG0000830	Syag	Prbg.g_00627	Syag.g_01371
OG0000830	Syak	Prbg.g_00627	Syak.g_01088
OG0000830	Syad	Prbg.g_00627	Syad.g_02322
OG0000830	Syaj	Prbg.g_00627	Syaj.g_01429
OG0000830	Syae	Prbg.g_00627	Syae.g_02610
OG0000830	Syam	Prbg.g_00627	Syam.g_01657
OG0000830	Syaa	Prbg.g_00627	Syaa.g_01815
OG0000830	Syaf	Prbg.g_00627	Syaf.g_02467
OG0000830	Syai	Prbg.g_00627	Syai.g_00898
OG0000830	Syac	Prbg.g_00627	Syac.g_01674
OG0000830	Syah	Prbg.g_00627	Syah.g_01249
OG0000830	Prbm	Prbg.g_00627	Prbm.g_01744
OG0000830	Praj	Prbg.g_00627	Praj.g_01666
OG0000830	Prbb	Prbg.g_00627	Prbb.g_01720
OG0000830	Prbc	Prbg.g_00627	Prbc.g_00743
OG0000830	Praf	Prbg.g_00627	Praf.g_01846
OG0000830	Prbj	Prbg.g_00627	Prbj.g_00655
OG0000830	Prbk	Prbg.g_00627	Prbk.g_01213
OG0000830	Prbl	Prbg.g_00627	Prbl.g_00708
OG0000830	Prah	Prbg.g_00627	Prah.g_00362
OG0000830	Pral	Prbg.g_00627	Pral.g_01124
OG0000830	Prat	Prbg.g_00627	Prat.g_01391
OG0000830	Prak	Prbg.g_00627	Prak.g_01427
OG0000830	Prap	Prbg.g_00627	Prap.g_00157
OG0000830	Prbe	Prbg.g_00627	Prbe.g_00275
OG0000830	Prbf	Prbg.g_00627	Prbf.g_00193
OG0000830	Prbn	Prbg.g_00627	Prbn.g_00248
OG0000831	Prab	Prbg.g_00629	Prab.g_01504
OG0000831	Pran	Prbg.g_00629	Pran.g_00695
OG0000831	Prac	Prbg.g_00629	Prac.g_00373
OG0000831	Praq	Prbg.g_00629	Praq.g_00332
OG0000831	Prar	Prbg.g_00629	Prar.g_00809
OG0000831	Praa	Prbg.g_00629	Praa.g_01514
OG0000831	Prao	Prbg.g_00629	Prao.g_01434
OG0000831	Prax	Prbg.g_00629	Prax.g_01690
OG0000831	Prae	Prbg.g_00629	Prae.g_01497
OG0000831	Pras	Prbg.g_00629	Pras.g_00389
OG0000831	Prau	Prbg.g_00629	Prau.g_01569
OG0000831	Prbd	Prbg.g_00629	Prbd.g_01651
OG0000831	Prbi	Prbg.g_00629	Prbi.g_01628
OG0000831	Pray	Prbg.g_00629	Pray.g_01684
OG0000831	Praz	Prbg.g_00629	Praz.g_01003
OG0000831	Prba	Prbg.g_00629	Prba.g_00350
OG0000831	Prag	Prbg.g_00629	Prag.g_01528
OG0000831	Praw	Prbg.g_00629	Praw.g_00375
OG0000831	Prav	Prbg.g_00629	Prav.g_01616
OG0000831	Prad	Prbg.g_00629	Prad.g_00476
OG0000831	Prai	Prbg.g_00629	Prai.g_01500
OG0000831	Prbb	Prbg.g_00629	Prbb.g_01722
OG0000831	Prbm	Prbg.g_00629	Prbm.g_01746
OG0000831	Praj	Prbg.g_00629	Praj.g_01668
OG0000831	Prbc	Prbg.g_00629	Prbc.g_00745
OG0000831	Pral	Prbg.g_00629	Pral.g_01122
OG0000831	Prat	Prbg.g_00629	Prat.g_01393
OG0000831	Syac	Prbg.g_00629	Syac.g_01676
OG0000831	Syah	Prbg.g_00629	Syah.g_01247
OG0000831	Syaa	Prbg.g_00629	Syaa.g_01817
OG0000831	Syaf	Prbg.g_00629	Syaf.g_02470
OG0000831	Syai	Prbg.g_00629	Syai.g_00896
OG0000831	Syam	Prbg.g_00629	Syam.g_01659
OG0000831	Syag	Prbg.g_00629	Syag.g_01367
OG0000831	Syan	Prbg.g_00629	Syan.g_02834
OG0000831	Syap	Prbg.g_00629	Syap.g_00019
OG0000831	Syas	Prbg.g_00629	Syas.g_01308
OG0000831	Syar	Prbg.g_00629	Syar.g_01391
OG0000831	Syat	Prbg.g_00629	Syat.g_01353
OG0000831	Syao	Prbg.g_00629	Syao.g_00089
OG0000831	Syaq	Prbg.g_00629	Syaq.g_00419
OG0000831	Syak	Prbg.g_00629	Syak.g_01091
OG0000831	Syab	Prbg.g_00629	Syab.g_00725
OG0000831	Syal	Prbg.g_00629	Syal.g_00427
OG0000831	Syae	Prbg.g_00629	Syae.g_02608
OG0000831	Prbj	Prbg.g_00629	Prbj.g_00657
OG0000831	Prbk	Prbg.g_00629	Prbk.g_01211
OG0000831	Prbl	Prbg.g_00629	Prbl.g_00710
OG0000831	Praf	Prbg.g_00629	Praf.g_01849
OG0000831	Prah	Prbg.g_00629	Prah.g_00360
OG0000831	Syad	Prbg.g_00629	Syad.g_02325
OG0000831	Syaj	Prbg.g_00629	Syaj.g_01431
OG0000831	Pram	Prbg.g_00629	Pram.g_01340
OG0000831	Prbh	Prbg.g_00629	Prbh.g_00137
OG0000831	Prak	Prbg.g_00629	Prak.g_01429
OG0000831	Prap	Prbg.g_00629	Prap.g_00159
OG0000831	Prbe	Prbg.g_00629	Prbe.g_00273
OG0000831	Prbf	Prbg.g_00629	Prbf.g_00195
OG0000831	Prbn	Prbg.g_00629	Prbn.g_00250
OG0000832	Praw	Prbg.g_00639	Praw.g_00381
OG0000832	Praa	Prbg.g_00639	Praa.g_01520
OG0000832	Prae	Prbg.g_00639	Prae.g_01503
OG0000832	Pras	Prbg.g_00639	Pras.g_00395
OG0000832	Prau	Prbg.g_00639	Prau.g_01575
OG0000832	Prax	Prbg.g_00639	Prax.g_01684
OG0000832	Prbd	Prbg.g_00639	Prbd.g_01645
OG0000832	Prbi	Prbg.g_00639	Prbi.g_01634
OG0000832	Prab	Prbg.g_00639	Prab.g_01510
OG0000832	Prac	Prbg.g_00639	Prac.g_00367
OG0000832	Prad	Prbg.g_00639	Prad.g_00470
OG0000832	Prag	Prbg.g_00639	Prag.g_01534
OG0000832	Prai	Prbg.g_00639	Prai.g_01505
OG0000832	Pran	Prbg.g_00639	Pran.g_00689
OG0000832	Prao	Prbg.g_00639	Prao.g_01440
OG0000832	Praq	Prbg.g_00639	Praq.g_00338
OG0000832	Prar	Prbg.g_00639	Prar.g_00803
OG0000832	Prav	Prbg.g_00639	Prav.g_01622
OG0000832	Pray	Prbg.g_00639	Pray.g_01678
OG0000832	Praz	Prbg.g_00639	Praz.g_00997
OG0000832	Prba	Prbg.g_00639	Prba.g_00344
OG0000832	Praj	Prbg.g_00639	Praj.g_01678
OG0000832	Prbb	Prbg.g_00639	Prbb.g_01732
OG0000832	Prbc	Prbg.g_00639	Prbc.g_00755
OG0000832	Prbm	Prbg.g_00639	Prbm.g_01756
OG0000832	Syaa	Prbg.g_00639	Syaa.g_00627
OG0000832	Syae	Prbg.g_00639	Syae.g_01081
OG0000832	Syac	Prbg.g_00639	Syac.g_00623
OG0000832	Syaf	Prbg.g_00639	Syaf.g_01109
OG0000832	Syah	Prbg.g_00639	Syah.g_02311
OG0000832	Syai	Prbg.g_00639	Syai.g_02296
OG0000832	Syam	Prbg.g_00639	Syam.g_01923
OG0000832	Syad	Prbg.g_00639	Syad.g_02538
OG0000832	Syaj	Prbg.g_00639	Syaj.g_01635
OG0000832	Praf	Prbg.g_00639	Praf.g_00542
OG0000832	Prah	Prbg.g_00639	Prah.g_01615
OG0000832	Prbj	Prbg.g_00639	Prbj.g_01684
OG0000832	Prbk	Prbg.g_00639	Prbk.g_02006
OG0000832	Prbl	Prbg.g_00639	Prbl.g_00456
OG0000832	Syab	Prbg.g_00639	Syab.g_02169
OG0000832	Syal	Prbg.g_00639	Syal.g_02967
OG0000832	Syag	Prbg.g_00639	Syag.g_01614
OG0000832	Syak	Prbg.g_00639	Syak.g_02482
OG0000832	Syaq	Prbg.g_00639	Syaq.g_01737
OG0000832	Syas	Prbg.g_00639	Syas.g_01476
OG0000832	Syan	Prbg.g_00639	Syan.g_02408
OG0000832	Syao	Prbg.g_00639	Syao.g_01696
OG0000832	Syap	Prbg.g_00639	Syap.g_00752
OG0000832	Syar	Prbg.g_00639	Syar.g_01213
OG0000832	Syat	Prbg.g_00639	Syat.g_02982
OG0000832	Pral	Prbg.g_00639	Pral.g_01110
OG0000832	Prat	Prbg.g_00639	Prat.g_01405
OG0000832	Prak	Prbg.g_00639	Prak.g_01439
OG0000832	Pram	Prbg.g_00639	Pram.g_01330
OG0000832	Prap	Prbg.g_00639	Prap.g_00169
OG0000832	Prbe	Prbg.g_00639	Prbe.g_00263
OG0000832	Prbf	Prbg.g_00639	Prbf.g_00205
OG0000832	Prbh	Prbg.g_00639	Prbh.g_00147
OG0000832	Prbn	Prbg.g_00639	Prbn.g_00260
OG0000833	Prac	Prbg.g_00648	Prac.g_00359
OG0000833	Praq	Prbg.g_00648	Praq.g_00346
OG0000833	Prar	Prbg.g_00648	Prar.g_00795
OG0000833	Prag	Prbg.g_00648	Prag.g_01542
OG0000833	Praw	Prbg.g_00648	Praw.g_00389
OG0000833	Prad	Prbg.g_00648	Prad.g_00462
OG0000833	Prao	Prbg.g_00648	Prao.g_01448
OG0000833	Prbi	Prbg.g_00648	Prbi.g_01642
OG0000833	Pray	Prbg.g_00648	Pray.g_01670
OG0000833	Praz	Prbg.g_00648	Praz.g_00989
OG0000833	Prba	Prbg.g_00648	Prba.g_00336
OG0000833	Prae	Prbg.g_00648	Prae.g_01511
OG0000833	Praa	Prbg.g_00648	Praa.g_01528
OG0000833	Prav	Prbg.g_00648	Prav.g_01630
OG0000833	Prax	Prbg.g_00648	Prax.g_01676
OG0000833	Pras	Prbg.g_00648	Pras.g_00405
OG0000833	Prau	Prbg.g_00648	Prau.g_01583
OG0000833	Prbd	Prbg.g_00648	Prbd.g_01637
OG0000833	Prab	Prbg.g_00648	Prab.g_01518
OG0000833	Pran	Prbg.g_00648	Pran.g_00681
OG0000833	Prai	Prbg.g_00648	Prai.g_01514
OG0000833	Prbm	Prbg.g_00648	Prbm.g_01764
OG0000833	Prbc	Prbg.g_00648	Prbc.g_00763
OG0000833	Praj	Prbg.g_00648	Praj.g_01686
OG0000833	Prbb	Prbg.g_00648	Prbb.g_01740
OG0000833	Pral	Prbg.g_00648	Pral.g_01101
OG0000833	Prat	Prbg.g_00648	Prat.g_01414
OG0000833	Prbj	Prbg.g_00648	Prbj.g_01692
OG0000833	Prbk	Prbg.g_00648	Prbk.g_01998
OG0000833	Prbl	Prbg.g_00648	Prbl.g_00448
OG0000833	Praf	Prbg.g_00648	Praf.g_00534
OG0000833	Prah	Prbg.g_00648	Prah.g_01623
OG0000833	Syap	Prbg.g_00648	Syap.g_00021
OG0000833	Syan	Prbg.g_00648	Syan.g_01343
OG0000833	Syas	Prbg.g_00648	Syas.g_02738
OG0000833	Syar	Prbg.g_00648	Syar.g_02877
OG0000833	Syat	Prbg.g_00648	Syat.g_03072
OG0000833	Syaq	Prbg.g_00648	Syaq.g_01725
OG0000833	Syao	Prbg.g_00648	Syao.g_01612
OG0000833	Syaa	Prbg.g_00648	Syaa.g_00611
OG0000833	Syak	Prbg.g_00648	Syak.g_02473
OG0000833	Syad	Prbg.g_00648	Syad.g_02550
OG0000833	Syaj	Prbg.g_00648	Syaj.g_01647
OG0000833	Syah	Prbg.g_00648	Syah.g_02322
OG0000833	Syab	Prbg.g_00648	Syab.g_02178
OG0000833	Syal	Prbg.g_00648	Syal.g_02976
OG0000833	Syag	Prbg.g_00648	Syag.g_01628
OG0000833	Syam	Prbg.g_00648	Syam.g_01932
OG0000833	Syaf	Prbg.g_00648	Syaf.g_01100
OG0000833	Syai	Prbg.g_00648	Syai.g_02305
OG0000833	Syac	Prbg.g_00648	Syac.g_00613
OG0000833	Syae	Prbg.g_00648	Syae.g_01106
OG0000833	Pram	Prbg.g_00648	Pram.g_01321
OG0000833	Prbh	Prbg.g_00648	Prbh.g_00156
OG0000833	Prak	Prbg.g_00648	Prak.g_01448
OG0000833	Prap	Prbg.g_00648	Prap.g_00178
OG0000833	Prbe	Prbg.g_00648	Prbe.g_00254
OG0000833	Prbf	Prbg.g_00648	Prbf.g_00214
OG0000833	Prbn	Prbg.g_00648	Prbn.g_00269
OG0000834	Prab	Prbg.g_00649	Prab.g_01519
OG0000834	Pran	Prbg.g_00649	Pran.g_00680
OG0000834	Prai	Prbg.g_00649	Prai.g_01515
OG0000834	Prac	Prbg.g_00649	Prac.g_00358
OG0000834	Praq	Prbg.g_00649	Praq.g_00347
OG0000834	Prar	Prbg.g_00649	Prar.g_00794
OG0000834	Prag	Prbg.g_00649	Prag.g_01543
OG0000834	Praw	Prbg.g_00649	Praw.g_00390
OG0000834	Prao	Prbg.g_00649	Prao.g_01449
OG0000834	Praa	Prbg.g_00649	Praa.g_01529
OG0000834	Prax	Prbg.g_00649	Prax.g_01675
OG0000834	Prbd	Prbg.g_00649	Prbd.g_01636
OG0000834	Pras	Prbg.g_00649	Pras.g_00406
OG0000834	Prau	Prbg.g_00649	Prau.g_01584
OG0000834	Prbi	Prbg.g_00649	Prbi.g_01643
OG0000834	Prae	Prbg.g_00649	Prae.g_01512
OG0000834	Pray	Prbg.g_00649	Pray.g_01669
OG0000834	Praz	Prbg.g_00649	Praz.g_00988
OG0000834	Prba	Prbg.g_00649	Prba.g_00335
OG0000834	Prav	Prbg.g_00649	Prav.g_01631
OG0000834	Prad	Prbg.g_00649	Prad.g_00461
OG0000834	Praj	Prbg.g_00649	Praj.g_01687
OG0000834	Prbm	Prbg.g_00649	Prbm.g_01765
OG0000834	Prbb	Prbg.g_00649	Prbb.g_01741
OG0000834	Prbc	Prbg.g_00649	Prbc.g_00764
OG0000834	Pral	Prbg.g_00649	Pral.g_01100
OG0000834	Prat	Prbg.g_00649	Prat.g_01415
OG0000834	Prbj	Prbg.g_00649	Prbj.g_01693
OG0000834	Prbk	Prbg.g_00649	Prbk.g_01997
OG0000834	Prbl	Prbg.g_00649	Prbl.g_00447
OG0000834	Praf	Prbg.g_00649	Praf.g_00533
OG0000834	Prah	Prbg.g_00649	Prah.g_01624
OG0000834	Syap	Prbg.g_00649	Syap.g_00023
OG0000834	Syan	Prbg.g_00649	Syan.g_01345
OG0000834	Syao	Prbg.g_00649	Syao.g_01610
OG0000834	Syat	Prbg.g_00649	Syat.g_03073
OG0000834	Syas	Prbg.g_00649	Syas.g_02737
OG0000834	Syar	Prbg.g_00649	Syar.g_02878
OG0000834	Syab	Prbg.g_00649	Syab.g_02181
OG0000834	Syal	Prbg.g_00649	Syal.g_02979
OG0000834	Syag	Prbg.g_00649	Syag.g_01632
OG0000834	Syaq	Prbg.g_00649	Syaq.g_01724
OG0000834	Syak	Prbg.g_00649	Syak.g_02470
OG0000834	Syac	Prbg.g_00649	Syac.g_00610
OG0000834	Syah	Prbg.g_00649	Syah.g_02324
OG0000834	Syae	Prbg.g_00649	Syae.g_01108
OG0000834	Syad	Prbg.g_00649	Syad.g_02552
OG0000834	Syaj	Prbg.g_00649	Syaj.g_01649
OG0000834	Syaa	Prbg.g_00649	Syaa.g_00608
OG0000834	Syaf	Prbg.g_00649	Syaf.g_01098
OG0000834	Syai	Prbg.g_00649	Syai.g_02307
OG0000834	Syam	Prbg.g_00649	Syam.g_01933
OG0000834	Pram	Prbg.g_00649	Pram.g_01320
OG0000834	Prbh	Prbg.g_00649	Prbh.g_00157
OG0000834	Prak	Prbg.g_00649	Prak.g_01449
OG0000834	Prap	Prbg.g_00649	Prap.g_00179
OG0000834	Prbe	Prbg.g_00649	Prbe.g_00253
OG0000834	Prbf	Prbg.g_00649	Prbf.g_00215
OG0000834	Prbn	Prbg.g_00649	Prbn.g_00270
OG0000835	Prai	Prbg.g_00650	Prai.g_01516
OG0000835	Prab	Prbg.g_00650	Prab.g_01520
OG0000835	Pran	Prbg.g_00650	Pran.g_00679
OG0000835	Praa	Prbg.g_00650	Praa.g_01530
OG0000835	Prac	Prbg.g_00650	Prac.g_00357
OG0000835	Prad	Prbg.g_00650	Prad.g_00460
OG0000835	Prae	Prbg.g_00650	Prae.g_01513
OG0000835	Praq	Prbg.g_00650	Praq.g_00348
OG0000835	Prar	Prbg.g_00650	Prar.g_00793
OG0000835	Pras	Prbg.g_00650	Pras.g_00407
OG0000835	Prau	Prbg.g_00650	Prau.g_01585
OG0000835	Prav	Prbg.g_00650	Prav.g_01632
OG0000835	Prax	Prbg.g_00650	Prax.g_01674
OG0000835	Prbd	Prbg.g_00650	Prbd.g_01635
OG0000835	Prbi	Prbg.g_00650	Prbi.g_01644
OG0000835	Pray	Prbg.g_00650	Pray.g_01668
OG0000835	Praz	Prbg.g_00650	Praz.g_00987
OG0000835	Prba	Prbg.g_00650	Prba.g_00334
OG0000835	Prag	Prbg.g_00650	Prag.g_01544
OG0000835	Praw	Prbg.g_00650	Praw.g_00391
OG0000835	Prao	Prbg.g_00650	Prao.g_01450
OG0000835	Prbm	Prbg.g_00650	Prbm.g_01766
OG0000835	Praj	Prbg.g_00650	Praj.g_01688
OG0000835	Prbb	Prbg.g_00650	Prbb.g_01742
OG0000835	Prbc	Prbg.g_00650	Prbc.g_00765
OG0000835	Praf	Prbg.g_00650	Praf.g_00532
OG0000835	Prah	Prbg.g_00650	Prah.g_01625
OG0000835	Prbj	Prbg.g_00650	Prbj.g_01694
OG0000835	Prbk	Prbg.g_00650	Prbk.g_01996
OG0000835	Prbl	Prbg.g_00650	Prbl.g_00446
OG0000835	Syar	Prbg.g_00650	Syar.g_02879
OG0000835	Syan	Prbg.g_00650	Syan.g_01346
OG0000835	Syao	Prbg.g_00650	Syao.g_01609
OG0000835	Syat	Prbg.g_00650	Syat.g_03075
OG0000835	Syap	Prbg.g_00650	Syap.g_00024
OG0000835	Syas	Prbg.g_00650	Syas.g_02736
OG0000835	Syag	Prbg.g_00650	Syag.g_01633
OG0000835	Syab	Prbg.g_00650	Syab.g_02182
OG0000835	Syal	Prbg.g_00650	Syal.g_02980
OG0000835	Syaq	Prbg.g_00650	Syaq.g_01723
OG0000835	Syak	Prbg.g_00650	Syak.g_02469
OG0000835	Syae	Prbg.g_00650	Syae.g_01109
OG0000835	Syac	Prbg.g_00650	Syac.g_00609
OG0000835	Syah	Prbg.g_00650	Syah.g_02325
OG0000835	Syaa	Prbg.g_00650	Syaa.g_00607
OG0000835	Syad	Prbg.g_00650	Syad.g_02553
OG0000835	Syaj	Prbg.g_00650	Syaj.g_01650
OG0000835	Syaf	Prbg.g_00650	Syaf.g_01097
OG0000835	Syai	Prbg.g_00650	Syai.g_02308
OG0000835	Syam	Prbg.g_00650	Syam.g_01934
OG0000835	Pral	Prbg.g_00650	Pral.g_01099
OG0000835	Prat	Prbg.g_00650	Prat.g_01416
OG0000835	Pram	Prbg.g_00650	Pram.g_01319
OG0000835	Prbh	Prbg.g_00650	Prbh.g_00158
OG0000835	Prak	Prbg.g_00650	Prak.g_01450
OG0000835	Prap	Prbg.g_00650	Prap.g_00180
OG0000835	Prbe	Prbg.g_00650	Prbe.g_00252
OG0000835	Prbf	Prbg.g_00650	Prbf.g_00216
OG0000835	Prbn	Prbg.g_00650	Prbn.g_00271
OG0000836	Prab	Prbg.g_00651	Prab.g_01521
OG0000836	Pran	Prbg.g_00651	Pran.g_00678
OG0000836	Prai	Prbg.g_00651	Prai.g_01517
OG0000836	Prac	Prbg.g_00651	Prac.g_00356
OG0000836	Praq	Prbg.g_00651	Praq.g_00349
OG0000836	Prar	Prbg.g_00651	Prar.g_00792
OG0000836	Prad	Prbg.g_00651	Prad.g_00459
OG0000836	Prag	Prbg.g_00651	Prag.g_01545
OG0000836	Praw	Prbg.g_00651	Praw.g_00392
OG0000836	Prao	Prbg.g_00651	Prao.g_01451
OG0000836	Prax	Prbg.g_00651	Prax.g_01673
OG0000836	Pray	Prbg.g_00651	Pray.g_01667
OG0000836	Praz	Prbg.g_00651	Praz.g_00986
OG0000836	Prba	Prbg.g_00651	Prba.g_00333
OG0000836	Prbi	Prbg.g_00651	Prbi.g_01645
OG0000836	Praa	Prbg.g_00651	Praa.g_01531
OG0000836	Prae	Prbg.g_00651	Prae.g_01514
OG0000836	Pras	Prbg.g_00651	Pras.g_00408
OG0000836	Prau	Prbg.g_00651	Prau.g_01586
OG0000836	Prav	Prbg.g_00651	Prav.g_01633
OG0000836	Prbd	Prbg.g_00651	Prbd.g_01634
OG0000836	Prbm	Prbg.g_00651	Prbm.g_01768
OG0000836	Prbb	Prbg.g_00651	Prbb.g_01744
OG0000836	Praj	Prbg.g_00651	Praj.g_01690
OG0000836	Prbc	Prbg.g_00651	Prbc.g_00766
OG0000836	Pral	Prbg.g_00651	Pral.g_01098
OG0000836	Prat	Prbg.g_00651	Prat.g_01417
OG0000836	Prbj	Prbg.g_00651	Prbj.g_01696
OG0000836	Prbk	Prbg.g_00651	Prbk.g_01994
OG0000836	Prbl	Prbg.g_00651	Prbl.g_00444
OG0000836	Praf	Prbg.g_00651	Praf.g_00530
OG0000836	Prah	Prbg.g_00651	Prah.g_01627
OG0000836	Syag	Prbg.g_00651	Syag.g_01637
OG0000836	Syak	Prbg.g_00651	Syak.g_02466
OG0000836	Syab	Prbg.g_00651	Syab.g_02185
OG0000836	Syal	Prbg.g_00651	Syal.g_02983
OG0000836	Syaq	Prbg.g_00651	Syaq.g_01720
OG0000836	Syaf	Prbg.g_00651	Syaf.g_01093
OG0000836	Syam	Prbg.g_00651	Syam.g_01937
OG0000836	Syai	Prbg.g_00651	Syai.g_02312
OG0000836	Syae	Prbg.g_00651	Syae.g_01113
OG0000836	Syaa	Prbg.g_00651	Syaa.g_00603
OG0000836	Syac	Prbg.g_00651	Syac.g_00605
OG0000836	Syah	Prbg.g_00651	Syah.g_02329
OG0000836	Syad	Prbg.g_00651	Syad.g_02557
OG0000836	Syaj	Prbg.g_00651	Syaj.g_01654
OG0000836	Syat	Prbg.g_00651	Syat.g_03078
OG0000836	Syap	Prbg.g_00651	Syap.g_00026
OG0000836	Syar	Prbg.g_00651	Syar.g_02881
OG0000836	Syas	Prbg.g_00651	Syas.g_02732
OG0000836	Syan	Prbg.g_00651	Syan.g_01349
OG0000836	Syao	Prbg.g_00651	Syao.g_01606
OG0000836	Pram	Prbg.g_00651	Pram.g_01318
OG0000836	Prbh	Prbg.g_00651	Prbh.g_00159
OG0000836	Prak	Prbg.g_00651	Prak.g_01451
OG0000836	Prap	Prbg.g_00651	Prap.g_00181
OG0000836	Prbe	Prbg.g_00651	Prbe.g_00251
OG0000836	Prbf	Prbg.g_00651	Prbf.g_00217
OG0000836	Prbn	Prbg.g_00651	Prbn.g_00272
OG0000837	Prab	Prbg.g_00652	Prab.g_01522
OG0000837	Pran	Prbg.g_00652	Pran.g_00677
OG0000837	Prai	Prbg.g_00652	Prai.g_01518
OG0000837	Prac	Prbg.g_00652	Prac.g_00355
OG0000837	Praq	Prbg.g_00652	Praq.g_00350
OG0000837	Prar	Prbg.g_00652	Prar.g_00791
OG0000837	Prad	Prbg.g_00652	Prad.g_00458
OG0000837	Pray	Prbg.g_00652	Pray.g_01666
OG0000837	Praz	Prbg.g_00652	Praz.g_00985
OG0000837	Prba	Prbg.g_00652	Prba.g_00332
OG0000837	Prag	Prbg.g_00652	Prag.g_01546
OG0000837	Praw	Prbg.g_00652	Praw.g_00393
OG0000837	Prbi	Prbg.g_00652	Prbi.g_01646
OG0000837	Prao	Prbg.g_00652	Prao.g_01452
OG0000837	Praa	Prbg.g_00652	Praa.g_01532
OG0000837	Prax	Prbg.g_00652	Prax.g_01672
OG0000837	Prbd	Prbg.g_00652	Prbd.g_01633
OG0000837	Prae	Prbg.g_00652	Prae.g_01515
OG0000837	Pras	Prbg.g_00652	Pras.g_00409
OG0000837	Prau	Prbg.g_00652	Prau.g_01587
OG0000837	Prav	Prbg.g_00652	Prav.g_01634
OG0000837	Prbm	Prbg.g_00652	Prbm.g_01769
OG0000837	Prbb	Prbg.g_00652	Prbb.g_01745
OG0000837	Praj	Prbg.g_00652	Praj.g_01691
OG0000837	Prbc	Prbg.g_00652	Prbc.g_00767
OG0000837	Pral	Prbg.g_00652	Pral.g_01097
OG0000837	Prat	Prbg.g_00652	Prat.g_01418
OG0000837	Prbj	Prbg.g_00652	Prbj.g_01697
OG0000837	Prbk	Prbg.g_00652	Prbk.g_01993
OG0000837	Prbl	Prbg.g_00652	Prbl.g_00443
OG0000837	Praf	Prbg.g_00652	Praf.g_00529
OG0000837	Prah	Prbg.g_00652	Prah.g_01628
OG0000837	Syag	Prbg.g_00652	Syag.g_01638
OG0000837	Syaq	Prbg.g_00652	Syaq.g_01719
OG0000837	Syak	Prbg.g_00652	Syak.g_02465
OG0000837	Syab	Prbg.g_00652	Syab.g_02186
OG0000837	Syal	Prbg.g_00652	Syal.g_02984
OG0000837	Syac	Prbg.g_00652	Syac.g_00604
OG0000837	Syah	Prbg.g_00652	Syah.g_02330
OG0000837	Syaf	Prbg.g_00652	Syaf.g_01091
OG0000837	Syai	Prbg.g_00652	Syai.g_02313
OG0000837	Syam	Prbg.g_00652	Syam.g_01938
OG0000837	Syae	Prbg.g_00652	Syae.g_01115
OG0000837	Syaa	Prbg.g_00652	Syaa.g_00601
OG0000837	Syad	Prbg.g_00652	Syad.g_02561
OG0000837	Syaj	Prbg.g_00652	Syaj.g_01661
OG0000837	Syan	Prbg.g_00652	Syan.g_01351
OG0000837	Syao	Prbg.g_00652	Syao.g_01605
OG0000837	Syas	Prbg.g_00652	Syas.g_02731
OG0000837	Syap	Prbg.g_00652	Syap.g_00027
OG0000837	Syat	Prbg.g_00652	Syat.g_03079
OG0000837	Syar	Prbg.g_00652	Syar.g_02882
OG0000837	Pram	Prbg.g_00652	Pram.g_01317
OG0000837	Prbh	Prbg.g_00652	Prbh.g_00160
OG0000837	Prak	Prbg.g_00652	Prak.g_01452
OG0000837	Prap	Prbg.g_00652	Prap.g_00182
OG0000837	Prbe	Prbg.g_00652	Prbe.g_00250
OG0000837	Prbf	Prbg.g_00652	Prbf.g_00218
OG0000837	Prbn	Prbg.g_00652	Prbn.g_00273
OG0000838	Prag	Prbg.g_00654	Prag.g_01548
OG0000838	Praw	Prbg.g_00654	Praw.g_00395
OG0000838	Prao	Prbg.g_00654	Prao.g_01454
OG0000838	Prae	Prbg.g_00654	Prae.g_01517
OG0000838	Prbd	Prbg.g_00654	Prbd.g_01631
OG0000838	Prax	Prbg.g_00654	Prax.g_01670
OG0000838	Prbi	Prbg.g_00654	Prbi.g_01648
OG0000838	Praa	Prbg.g_00654	Praa.g_01534
OG0000838	Pras	Prbg.g_00654	Pras.g_00411
OG0000838	Prau	Prbg.g_00654	Prau.g_01589
OG0000838	Prav	Prbg.g_00654	Prav.g_01636
OG0000838	Prad	Prbg.g_00654	Prad.g_00456
OG0000838	Pray	Prbg.g_00654	Pray.g_01664
OG0000838	Praz	Prbg.g_00654	Praz.g_00983
OG0000838	Prba	Prbg.g_00654	Prba.g_00330
OG0000838	Prab	Prbg.g_00654	Prab.g_01524
OG0000838	Pran	Prbg.g_00654	Pran.g_00675
OG0000838	Prai	Prbg.g_00654	Prai.g_01520
OG0000838	Prac	Prbg.g_00654	Prac.g_00353
OG0000838	Praq	Prbg.g_00654	Praq.g_00352
OG0000838	Prar	Prbg.g_00654	Prar.g_00789
OG0000838	Praj	Prbg.g_00654	Praj.g_01693
OG0000838	Prbm	Prbg.g_00654	Prbm.g_01771
OG0000838	Prbc	Prbg.g_00654	Prbc.g_00769
OG0000838	Prbb	Prbg.g_00654	Prbb.g_01747
OG0000838	Praf	Prbg.g_00654	Praf.g_00525
OG0000838	Prah	Prbg.g_00654	Prah.g_01632
OG0000838	Prbj	Prbg.g_00654	Prbj.g_01700
OG0000838	Prbk	Prbg.g_00654	Prbk.g_01990
OG0000838	Prbl	Prbg.g_00654	Prbl.g_00440
OG0000838	Syaa	Prbg.g_00654	Syaa.g_00597
OG0000838	Syaf	Prbg.g_00654	Syaf.g_01087
OG0000838	Syai	Prbg.g_00654	Syai.g_02323
OG0000838	Syam	Prbg.g_00654	Syam.g_01946
OG0000838	Syac	Prbg.g_00654	Syac.g_00600
OG0000838	Syah	Prbg.g_00654	Syah.g_02334
OG0000838	Syae	Prbg.g_00654	Syae.g_01119
OG0000838	Syad	Prbg.g_00654	Syad.g_02565
OG0000838	Syaj	Prbg.g_00654	Syaj.g_01665
OG0000838	Syak	Prbg.g_00654	Syak.g_02461
OG0000838	Syab	Prbg.g_00654	Syab.g_02190
OG0000838	Syal	Prbg.g_00654	Syal.g_02988
OG0000838	Syag	Prbg.g_00654	Syag.g_01642
OG0000838	Syaq	Prbg.g_00654	Syaq.g_01715
OG0000838	Syan	Prbg.g_00654	Syan.g_01355
OG0000838	Syao	Prbg.g_00654	Syao.g_01601
OG0000838	Syar	Prbg.g_00654	Syar.g_02886
OG0000838	Syat	Prbg.g_00654	Syat.g_03083
OG0000838	Syap	Prbg.g_00654	Syap.g_00031
OG0000838	Syas	Prbg.g_00654	Syas.g_02727
OG0000838	Pral	Prbg.g_00654	Pral.g_01094
OG0000838	Prat	Prbg.g_00654	Prat.g_01421
OG0000838	Pram	Prbg.g_00654	Pram.g_01314
OG0000838	Prbh	Prbg.g_00654	Prbh.g_00163
OG0000838	Prak	Prbg.g_00654	Prak.g_01454
OG0000838	Prap	Prbg.g_00654	Prap.g_00184
OG0000838	Prbe	Prbg.g_00654	Prbe.g_00248
OG0000838	Prbf	Prbg.g_00654	Prbf.g_00220
OG0000838	Prbn	Prbg.g_00654	Prbn.g_00275
OG0000839	Prab	Prbg.g_00655	Prab.g_01525
OG0000839	Pran	Prbg.g_00655	Pran.g_00674
OG0000839	Prai	Prbg.g_00655	Prai.g_01521
OG0000839	Prao	Prbg.g_00655	Prao.g_01455
OG0000839	Pray	Prbg.g_00655	Pray.g_01663
OG0000839	Praz	Prbg.g_00655	Praz.g_00982
OG0000839	Prba	Prbg.g_00655	Prba.g_00329
OG0000839	Praa	Prbg.g_00655	Praa.g_01535
OG0000839	Prad	Prbg.g_00655	Prad.g_00455
OG0000839	Prag	Prbg.g_00655	Prag.g_01549
OG0000839	Praw	Prbg.g_00655	Praw.g_00396
OG0000839	Prav	Prbg.g_00655	Prav.g_01637
OG0000839	Prac	Prbg.g_00655	Prac.g_00352
OG0000839	Praq	Prbg.g_00655	Praq.g_00353
OG0000839	Prar	Prbg.g_00655	Prar.g_00788
OG0000839	Prbi	Prbg.g_00655	Prbi.g_01649
OG0000839	Prax	Prbg.g_00655	Prax.g_01669
OG0000839	Prbd	Prbg.g_00655	Prbd.g_01630
OG0000839	Prae	Prbg.g_00655	Prae.g_01518
OG0000839	Pras	Prbg.g_00655	Pras.g_00412
OG0000839	Prau	Prbg.g_00655	Prau.g_01590
OG0000839	Prbb	Prbg.g_00655	Prbb.g_01748
OG0000839	Prbc	Prbg.g_00655	Prbc.g_00770
OG0000839	Praj	Prbg.g_00655	Praj.g_01694
OG0000839	Prbm	Prbg.g_00655	Prbm.g_01772
OG0000839	Syar	Prbg.g_00655	Syar.g_02887
OG0000839	Syat	Prbg.g_00655	Syat.g_03084
OG0000839	Syan	Prbg.g_00655	Syan.g_01356
OG0000839	Syao	Prbg.g_00655	Syao.g_01600
OG0000839	Syap	Prbg.g_00655	Syap.g_00032
OG0000839	Syas	Prbg.g_00655	Syas.g_02726
OG0000839	Prbj	Prbg.g_00655	Prbj.g_01701
OG0000839	Prbk	Prbg.g_00655	Prbk.g_01989
OG0000839	Prbl	Prbg.g_00655	Prbl.g_00439
OG0000839	Praf	Prbg.g_00655	Praf.g_00524
OG0000839	Prah	Prbg.g_00655	Prah.g_01633
OG0000839	Syak	Prbg.g_00655	Syak.g_02460
OG0000839	Syab	Prbg.g_00655	Syab.g_02191
OG0000839	Syal	Prbg.g_00655	Syal.g_02989
OG0000839	Syaq	Prbg.g_00655	Syaq.g_01714
OG0000839	Syag	Prbg.g_00655	Syag.g_01643
OG0000839	Syae	Prbg.g_00655	Syae.g_01120
OG0000839	Syad	Prbg.g_00655	Syad.g_02566
OG0000839	Syaj	Prbg.g_00655	Syaj.g_01666
OG0000839	Syaa	Prbg.g_00655	Syaa.g_00596
OG0000839	Syac	Prbg.g_00655	Syac.g_00599
OG0000839	Syah	Prbg.g_00655	Syah.g_02335
OG0000839	Syaf	Prbg.g_00655	Syaf.g_01086
OG0000839	Syai	Prbg.g_00655	Syai.g_02324
OG0000839	Syam	Prbg.g_00655	Syam.g_01947
OG0000839	Pral	Prbg.g_00655	Pral.g_01093
OG0000839	Prat	Prbg.g_00655	Prat.g_01422
OG0000839	Pram	Prbg.g_00655	Pram.g_01313
OG0000839	Prbh	Prbg.g_00655	Prbh.g_00164
OG0000839	Prak	Prbg.g_00655	Prak.g_01455
OG0000839	Prap	Prbg.g_00655	Prap.g_00185
OG0000839	Prbe	Prbg.g_00655	Prbe.g_00247
OG0000839	Prbf	Prbg.g_00655	Prbf.g_00221
OG0000839	Prbn	Prbg.g_00655	Prbn.g_00276
OG0000840	Prab	Prbg.g_00656	Prab.g_01526
OG0000840	Pran	Prbg.g_00656	Pran.g_00673
OG0000840	Prai	Prbg.g_00656	Prai.g_01522
OG0000840	Prao	Prbg.g_00656	Prao.g_01456
OG0000840	Praa	Prbg.g_00656	Praa.g_01536
OG0000840	Prav	Prbg.g_00656	Prav.g_01638
OG0000840	Prbi	Prbg.g_00656	Prbi.g_01650
OG0000840	Pray	Prbg.g_00656	Pray.g_01662
OG0000840	Praz	Prbg.g_00656	Praz.g_00981
OG0000840	Prba	Prbg.g_00656	Prba.g_00328
OG0000840	Prbd	Prbg.g_00656	Prbd.g_01629
OG0000840	Pras	Prbg.g_00656	Pras.g_00413
OG0000840	Prau	Prbg.g_00656	Prau.g_01591
OG0000840	Prad	Prbg.g_00656	Prad.g_00454
OG0000840	Prax	Prbg.g_00656	Prax.g_01668
OG0000840	Prae	Prbg.g_00656	Prae.g_01519
OG0000840	Prac	Prbg.g_00656	Prac.g_00351
OG0000840	Praq	Prbg.g_00656	Praq.g_00354
OG0000840	Prar	Prbg.g_00656	Prar.g_00787
OG0000840	Prag	Prbg.g_00656	Prag.g_01550
OG0000840	Praw	Prbg.g_00656	Praw.g_00397
OG0000840	Syak	Prbg.g_00656	Syak.g_02459
OG0000840	Syal	Prbg.g_00656	Syal.g_02990
OG0000840	Syab	Prbg.g_00656	Syab.g_02192
OG0000840	Syar	Prbg.g_00656	Syar.g_02888
OG0000840	Syat	Prbg.g_00656	Syat.g_03085
OG0000840	Syag	Prbg.g_00656	Syag.g_01644
OG0000840	Syaq	Prbg.g_00656	Syaq.g_01713
OG0000840	Syao	Prbg.g_00656	Syao.g_01599
OG0000840	Syan	Prbg.g_00656	Syan.g_01357
OG0000840	Syaa	Prbg.g_00656	Syaa.g_00595
OG0000840	Syae	Prbg.g_00656	Syae.g_01121
OG0000840	Syac	Prbg.g_00656	Syac.g_00598
OG0000840	Syah	Prbg.g_00656	Syah.g_02336
OG0000840	Syad	Prbg.g_00656	Syad.g_02567
OG0000840	Syaj	Prbg.g_00656	Syaj.g_01667
OG0000840	Syai	Prbg.g_00656	Syai.g_02325
OG0000840	Syaf	Prbg.g_00656	Syaf.g_01085
OG0000840	Syam	Prbg.g_00656	Syam.g_01948
OG0000840	Syas	Prbg.g_00656	Syas.g_02725
OG0000840	Syap	Prbg.g_00656	Syap.g_00033
OG0000840	Praf	Prbg.g_00656	Praf.g_00523
OG0000840	Prah	Prbg.g_00656	Prah.g_01634
OG0000840	Prbl	Prbg.g_00656	Prbl.g_00438
OG0000840	Prbj	Prbg.g_00656	Prbj.g_01702
OG0000840	Prbk	Prbg.g_00656	Prbk.g_01988
OG0000840	Prbm	Prbg.g_00656	Prbm.g_01773
OG0000840	Praj	Prbg.g_00656	Praj.g_01695
OG0000840	Prbb	Prbg.g_00656	Prbb.g_01749
OG0000840	Prbc	Prbg.g_00656	Prbc.g_00771
OG0000840	Pral	Prbg.g_00656	Pral.g_01092
OG0000840	Prat	Prbg.g_00656	Prat.g_01423
OG0000840	Pram	Prbg.g_00656	Pram.g_01312
OG0000840	Prbh	Prbg.g_00656	Prbh.g_00165
OG0000840	Prak	Prbg.g_00656	Prak.g_01456
OG0000840	Prap	Prbg.g_00656	Prap.g_00186
OG0000840	Prbe	Prbg.g_00656	Prbe.g_00246
OG0000840	Prbf	Prbg.g_00656	Prbf.g_00222
OG0000840	Prbn	Prbg.g_00656	Prbn.g_00277
OG0000841	Prab	Prbg.g_00657	Prab.g_01527
OG0000841	Pran	Prbg.g_00657	Pran.g_00672
OG0000841	Prai	Prbg.g_00657	Prai.g_01523
OG0000841	Prac	Prbg.g_00657	Prac.g_00350
OG0000841	Praq	Prbg.g_00657	Praq.g_00355
OG0000841	Prar	Prbg.g_00657	Prar.g_00786
OG0000841	Prao	Prbg.g_00657	Prao.g_01457
OG0000841	Prag	Prbg.g_00657	Prag.g_01551
OG0000841	Praw	Prbg.g_00657	Praw.g_00398
OG0000841	Prad	Prbg.g_00657	Prad.g_00453
OG0000841	Pray	Prbg.g_00657	Pray.g_01661
OG0000841	Praz	Prbg.g_00657	Praz.g_00980
OG0000841	Prba	Prbg.g_00657	Prba.g_00327
OG0000841	Prav	Prbg.g_00657	Prav.g_01639
OG0000841	Prbi	Prbg.g_00657	Prbi.g_01651
OG0000841	Praa	Prbg.g_00657	Praa.g_01537
OG0000841	Prae	Prbg.g_00657	Prae.g_01520
OG0000841	Prax	Prbg.g_00657	Prax.g_01667
OG0000841	Prbd	Prbg.g_00657	Prbd.g_01628
OG0000841	Pras	Prbg.g_00657	Pras.g_00414
OG0000841	Prau	Prbg.g_00657	Prau.g_01592
OG0000841	Praj	Prbg.g_00657	Praj.g_01696
OG0000841	Prbb	Prbg.g_00657	Prbb.g_01750
OG0000841	Prbm	Prbg.g_00657	Prbm.g_01774
OG0000841	Prbc	Prbg.g_00657	Prbc.g_00772
OG0000841	Prbj	Prbg.g_00657	Prbj.g_01703
OG0000841	Prbk	Prbg.g_00657	Prbk.g_01987
OG0000841	Prbl	Prbg.g_00657	Prbl.g_00437
OG0000841	Praf	Prbg.g_00657	Praf.g_00522
OG0000841	Prah	Prbg.g_00657	Prah.g_01635
OG0000841	Syaf	Prbg.g_00657	Syaf.g_01084
OG0000841	Syai	Prbg.g_00657	Syai.g_02326
OG0000841	Syam	Prbg.g_00657	Syam.g_01949
OG0000841	Syad	Prbg.g_00657	Syad.g_02568
OG0000841	Syaj	Prbg.g_00657	Syaj.g_01668
OG0000841	Syae	Prbg.g_00657	Syae.g_01122
OG0000841	Syaa	Prbg.g_00657	Syaa.g_00594
OG0000841	Syac	Prbg.g_00657	Syac.g_00597
OG0000841	Syah	Prbg.g_00657	Syah.g_02337
OG0000841	Syaq	Prbg.g_00657	Syaq.g_01712
OG0000841	Syab	Prbg.g_00657	Syab.g_02193
OG0000841	Syal	Prbg.g_00657	Syal.g_02991
OG0000841	Syar	Prbg.g_00657	Syar.g_02889
OG0000841	Syan	Prbg.g_00657	Syan.g_01358
OG0000841	Syao	Prbg.g_00657	Syao.g_01598
OG0000841	Syat	Prbg.g_00657	Syat.g_03086
OG0000841	Syap	Prbg.g_00657	Syap.g_00034
OG0000841	Syas	Prbg.g_00657	Syas.g_02724
OG0000841	Syag	Prbg.g_00657	Syag.g_01645
OG0000841	Syak	Prbg.g_00657	Syak.g_02458
OG0000841	Pral	Prbg.g_00657	Pral.g_01091
OG0000841	Prat	Prbg.g_00657	Prat.g_01424
OG0000841	Pram	Prbg.g_00657	Pram.g_01311
OG0000841	Prbh	Prbg.g_00657	Prbh.g_00166
OG0000841	Prak	Prbg.g_00657	Prak.g_01457
OG0000841	Prap	Prbg.g_00657	Prap.g_00187
OG0000841	Prbe	Prbg.g_00657	Prbe.g_00245
OG0000841	Prbf	Prbg.g_00657	Prbf.g_00223
OG0000841	Prbn	Prbg.g_00657	Prbn.g_00278
OG0000842	Prab	Prbg.g_00658	Prab.g_01528
OG0000842	Pran	Prbg.g_00658	Pran.g_00671
OG0000842	Prai	Prbg.g_00658	Prai.g_01524
OG0000842	Pray	Prbg.g_00658	Pray.g_01660
OG0000842	Praz	Prbg.g_00658	Praz.g_00979
OG0000842	Prba	Prbg.g_00658	Prba.g_00326
OG0000842	Prao	Prbg.g_00658	Prao.g_01458
OG0000842	Prac	Prbg.g_00658	Prac.g_00349
OG0000842	Praq	Prbg.g_00658	Praq.g_00356
OG0000842	Prar	Prbg.g_00658	Prar.g_00785
OG0000842	Prag	Prbg.g_00658	Prag.g_01552
OG0000842	Praw	Prbg.g_00658	Praw.g_00399
OG0000842	Prav	Prbg.g_00658	Prav.g_01640
OG0000842	Prad	Prbg.g_00658	Prad.g_00452
OG0000842	Praa	Prbg.g_00658	Praa.g_01538
OG0000842	Prae	Prbg.g_00658	Prae.g_01521
OG0000842	Prax	Prbg.g_00658	Prax.g_01666
OG0000842	Prbd	Prbg.g_00658	Prbd.g_01627
OG0000842	Prbi	Prbg.g_00658	Prbi.g_01652
OG0000842	Pras	Prbg.g_00658	Pras.g_00415
OG0000842	Prau	Prbg.g_00658	Prau.g_01593
OG0000842	Prbm	Prbg.g_00658	Prbm.g_01775
OG0000842	Prbb	Prbg.g_00658	Prbb.g_01751
OG0000842	Praj	Prbg.g_00658	Praj.g_01697
OG0000842	Prbc	Prbg.g_00658	Prbc.g_00773
OG0000842	Syar	Prbg.g_00658	Syar.g_02890
OG0000842	Syat	Prbg.g_00658	Syat.g_03087
OG0000842	Syap	Prbg.g_00658	Syap.g_00035
OG0000842	Syas	Prbg.g_00658	Syas.g_02723
OG0000842	Syan	Prbg.g_00658	Syan.g_01359
OG0000842	Syao	Prbg.g_00658	Syao.g_01597
OG0000842	Prah	Prbg.g_00658	Prah.g_01636
OG0000842	Praf	Prbg.g_00658	Praf.g_00521
OG0000842	Prbj	Prbg.g_00658	Prbj.g_01704
OG0000842	Prbk	Prbg.g_00658	Prbk.g_01986
OG0000842	Prbl	Prbg.g_00658	Prbl.g_00436
OG0000842	Syad	Prbg.g_00658	Syad.g_02569
OG0000842	Syaj	Prbg.g_00658	Syaj.g_01669
OG0000842	Syae	Prbg.g_00658	Syae.g_01123
OG0000842	Syaa	Prbg.g_00658	Syaa.g_00593
OG0000842	Syaf	Prbg.g_00658	Syaf.g_01083
OG0000842	Syam	Prbg.g_00658	Syam.g_01950
OG0000842	Syai	Prbg.g_00658	Syai.g_02327
OG0000842	Syac	Prbg.g_00658	Syac.g_00596
OG0000842	Syah	Prbg.g_00658	Syah.g_02338
OG0000842	Syab	Prbg.g_00658	Syab.g_02194
OG0000842	Syal	Prbg.g_00658	Syal.g_02992
OG0000842	Syak	Prbg.g_00658	Syak.g_02457
OG0000842	Syag	Prbg.g_00658	Syag.g_01646
OG0000842	Syaq	Prbg.g_00658	Syaq.g_01711
OG0000842	Pral	Prbg.g_00658	Pral.g_01090
OG0000842	Prat	Prbg.g_00658	Prat.g_01425
OG0000842	Pram	Prbg.g_00658	Pram.g_01310
OG0000842	Prbh	Prbg.g_00658	Prbh.g_00167
OG0000842	Prak	Prbg.g_00658	Prak.g_01458
OG0000842	Prap	Prbg.g_00658	Prap.g_00188
OG0000842	Prbe	Prbg.g_00658	Prbe.g_00244
OG0000842	Prbf	Prbg.g_00658	Prbf.g_00224
OG0000842	Prbn	Prbg.g_00658	Prbn.g_00279
OG0000843	Prab	Prbg.g_00659	Prab.g_01529
OG0000843	Pran	Prbg.g_00659	Pran.g_00670
OG0000843	Prai	Prbg.g_00659	Prai.g_01525
OG0000843	Prao	Prbg.g_00659	Prao.g_01459
OG0000843	Prac	Prbg.g_00659	Prac.g_00348
OG0000843	Praq	Prbg.g_00659	Praq.g_00357
OG0000843	Prar	Prbg.g_00659	Prar.g_00784
OG0000843	Prad	Prbg.g_00659	Prad.g_00451
OG0000843	Praa	Prbg.g_00659	Praa.g_01539
OG0000843	Prbd	Prbg.g_00659	Prbd.g_01626
OG0000843	Pras	Prbg.g_00659	Pras.g_00416
OG0000843	Prau	Prbg.g_00659	Prau.g_01594
OG0000843	Prbi	Prbg.g_00659	Prbi.g_01653
OG0000843	Prae	Prbg.g_00659	Prae.g_01522
OG0000843	Prax	Prbg.g_00659	Prax.g_01665
OG0000843	Pray	Prbg.g_00659	Pray.g_01659
OG0000843	Praz	Prbg.g_00659	Praz.g_00978
OG0000843	Prba	Prbg.g_00659	Prba.g_00325
OG0000843	Prag	Prbg.g_00659	Prag.g_01553
OG0000843	Praw	Prbg.g_00659	Praw.g_00400
OG0000843	Prav	Prbg.g_00659	Prav.g_01641
OG0000843	Prbb	Prbg.g_00659	Prbb.g_01752
OG0000843	Prbm	Prbg.g_00659	Prbm.g_01776
OG0000843	Praj	Prbg.g_00659	Praj.g_01698
OG0000843	Prbc	Prbg.g_00659	Prbc.g_00774
OG0000843	Prbj	Prbg.g_00659	Prbj.g_01705
OG0000843	Prbk	Prbg.g_00659	Prbk.g_01985
OG0000843	Prbl	Prbg.g_00659	Prbl.g_00435
OG0000843	Praf	Prbg.g_00659	Praf.g_00520
OG0000843	Prah	Prbg.g_00659	Prah.g_01637
OG0000843	Syan	Prbg.g_00659	Syan.g_01360
OG0000843	Syao	Prbg.g_00659	Syao.g_01596
OG0000843	Syap	Prbg.g_00659	Syap.g_00036
OG0000843	Syas	Prbg.g_00659	Syas.g_02722
OG0000843	Syar	Prbg.g_00659	Syar.g_02891
OG0000843	Syat	Prbg.g_00659	Syat.g_03088
OG0000843	Syag	Prbg.g_00659	Syag.g_01647
OG0000843	Syaq	Prbg.g_00659	Syaq.g_01710
OG0000843	Syak	Prbg.g_00659	Syak.g_02456
OG0000843	Syab	Prbg.g_00659	Syab.g_02195
OG0000843	Syal	Prbg.g_00659	Syal.g_02993
OG0000843	Syae	Prbg.g_00659	Syae.g_01124
OG0000843	Syac	Prbg.g_00659	Syac.g_00595
OG0000843	Syah	Prbg.g_00659	Syah.g_02339
OG0000843	Syam	Prbg.g_00659	Syam.g_01951
OG0000843	Syaf	Prbg.g_00659	Syaf.g_01082
OG0000843	Syai	Prbg.g_00659	Syai.g_02328
OG0000843	Syaa	Prbg.g_00659	Syaa.g_00592
OG0000843	Syad	Prbg.g_00659	Syad.g_02570
OG0000843	Syaj	Prbg.g_00659	Syaj.g_01670
OG0000843	Pral	Prbg.g_00659	Pral.g_01089
OG0000843	Prat	Prbg.g_00659	Prat.g_01426
OG0000843	Pram	Prbg.g_00659	Pram.g_01309
OG0000843	Prbh	Prbg.g_00659	Prbh.g_00168
OG0000843	Prak	Prbg.g_00659	Prak.g_01459
OG0000843	Prap	Prbg.g_00659	Prap.g_00189
OG0000843	Prbe	Prbg.g_00659	Prbe.g_00243
OG0000843	Prbf	Prbg.g_00659	Prbf.g_00225
OG0000843	Prbn	Prbg.g_00659	Prbn.g_00280
OG0000844	Prab	Prbg.g_00660	Prab.g_01530
OG0000844	Pran	Prbg.g_00660	Pran.g_00669
OG0000844	Prai	Prbg.g_00660	Prai.g_01526
OG0000844	Prao	Prbg.g_00660	Prao.g_01460
OG0000844	Pray	Prbg.g_00660	Pray.g_01658
OG0000844	Praz	Prbg.g_00660	Praz.g_00977
OG0000844	Prba	Prbg.g_00660	Prba.g_00324
OG0000844	Prag	Prbg.g_00660	Prag.g_01554
OG0000844	Praw	Prbg.g_00660	Praw.g_00401
OG0000844	Prav	Prbg.g_00660	Prav.g_01642
OG0000844	Prac	Prbg.g_00660	Prac.g_00347
OG0000844	Praq	Prbg.g_00660	Praq.g_00358
OG0000844	Prar	Prbg.g_00660	Prar.g_00783
OG0000844	Pras	Prbg.g_00660	Pras.g_00417
OG0000844	Prau	Prbg.g_00660	Prau.g_01595
OG0000844	Prax	Prbg.g_00660	Prax.g_01664
OG0000844	Praa	Prbg.g_00660	Praa.g_01541
OG0000844	Prbd	Prbg.g_00660	Prbd.g_01625
OG0000844	Prbi	Prbg.g_00660	Prbi.g_01654
OG0000844	Prae	Prbg.g_00660	Prae.g_01523
OG0000844	Prad	Prbg.g_00660	Prad.g_00450
OG0000844	Prbm	Prbg.g_00660	Prbm.g_01777
OG0000844	Prbb	Prbg.g_00660	Prbb.g_01753
OG0000844	Praj	Prbg.g_00660	Praj.g_01699
OG0000844	Prbc	Prbg.g_00660	Prbc.g_00775
OG0000844	Pral	Prbg.g_00660	Pral.g_01088
OG0000844	Prat	Prbg.g_00660	Prat.g_01427
OG0000844	Prbj	Prbg.g_00660	Prbj.g_01707
OG0000844	Prbk	Prbg.g_00660	Prbk.g_01983
OG0000844	Prbl	Prbg.g_00660	Prbl.g_00433
OG0000844	Praf	Prbg.g_00660	Praf.g_00518
OG0000844	Prah	Prbg.g_00660	Prah.g_01639
OG0000844	Syag	Prbg.g_00660	Syag.g_01649
OG0000844	Syaq	Prbg.g_00660	Syaq.g_01708
OG0000844	Syar	Prbg.g_00660	Syar.g_02893
OG0000844	Syat	Prbg.g_00660	Syat.g_03090
OG0000844	Syas	Prbg.g_00660	Syas.g_02720
OG0000844	Syap	Prbg.g_00660	Syap.g_00039
OG0000844	Syan	Prbg.g_00660	Syan.g_01362
OG0000844	Syao	Prbg.g_00660	Syao.g_01594
OG0000844	Syaa	Prbg.g_00660	Syaa.g_00590
OG0000844	Syac	Prbg.g_00660	Syac.g_00593
OG0000844	Syah	Prbg.g_00660	Syah.g_02341
OG0000844	Syam	Prbg.g_00660	Syam.g_01953
OG0000844	Syai	Prbg.g_00660	Syai.g_02330
OG0000844	Syaf	Prbg.g_00660	Syaf.g_01080
OG0000844	Syae	Prbg.g_00660	Syae.g_01125
OG0000844	Syad	Prbg.g_00660	Syad.g_02577
OG0000844	Syaj	Prbg.g_00660	Syaj.g_01680
OG0000844	Syak	Prbg.g_00660	Syak.g_02454
OG0000844	Syab	Prbg.g_00660	Syab.g_02197
OG0000844	Syal	Prbg.g_00660	Syal.g_02995
OG0000844	Pram	Prbg.g_00660	Pram.g_01308
OG0000844	Prbh	Prbg.g_00660	Prbh.g_00169
OG0000844	Prak	Prbg.g_00660	Prak.g_01460
OG0000844	Prap	Prbg.g_00660	Prap.g_00190
OG0000844	Prbe	Prbg.g_00660	Prbe.g_00242
OG0000844	Prbf	Prbg.g_00660	Prbf.g_00226
OG0000844	Prbn	Prbg.g_00660	Prbn.g_00281
OG0000845	Prab	Prbg.g_00661	Prab.g_01531
OG0000845	Pran	Prbg.g_00661	Pran.g_00668
OG0000845	Prai	Prbg.g_00661	Prai.g_01527
OG0000845	Pray	Prbg.g_00661	Pray.g_01657
OG0000845	Praz	Prbg.g_00661	Praz.g_00976
OG0000845	Prba	Prbg.g_00661	Prba.g_00323
OG0000845	Prao	Prbg.g_00661	Prao.g_01461
OG0000845	Prav	Prbg.g_00661	Prav.g_01643
OG0000845	Prac	Prbg.g_00661	Prac.g_00346
OG0000845	Praq	Prbg.g_00661	Praq.g_00359
OG0000845	Prar	Prbg.g_00661	Prar.g_00782
OG0000845	Prag	Prbg.g_00661	Prag.g_01555
OG0000845	Praw	Prbg.g_00661	Praw.g_00402
OG0000845	Prad	Prbg.g_00661	Prad.g_00449
OG0000845	Praa	Prbg.g_00661	Praa.g_01542
OG0000845	Prbi	Prbg.g_00661	Prbi.g_01655
OG0000845	Pras	Prbg.g_00661	Pras.g_00418
OG0000845	Prau	Prbg.g_00661	Prau.g_01596
OG0000845	Prbd	Prbg.g_00661	Prbd.g_01624
OG0000845	Prae	Prbg.g_00661	Prae.g_01524
OG0000845	Prax	Prbg.g_00661	Prax.g_01663
OG0000845	Praf	Prbg.g_00661	Praf.g_00517
OG0000845	Prbj	Prbg.g_00661	Prbj.g_01708
OG0000845	Prbk	Prbg.g_00661	Prbk.g_01982
OG0000845	Prbl	Prbg.g_00661	Prbl.g_00432
OG0000845	Prah	Prbg.g_00661	Prah.g_01640
OG0000845	Syat	Prbg.g_00661	Syat.g_03091
OG0000845	Syap	Prbg.g_00661	Syap.g_00040
OG0000845	Syas	Prbg.g_00661	Syas.g_02719
OG0000845	Syar	Prbg.g_00661	Syar.g_02894
OG0000845	Syan	Prbg.g_00661	Syan.g_01363
OG0000845	Syao	Prbg.g_00661	Syao.g_01593
OG0000845	Syag	Prbg.g_00661	Syag.g_01650
OG0000845	Syaf	Prbg.g_00661	Syaf.g_01079
OG0000845	Syai	Prbg.g_00661	Syai.g_02331
OG0000845	Syam	Prbg.g_00661	Syam.g_01954
OG0000845	Syac	Prbg.g_00661	Syac.g_00592
OG0000845	Syah	Prbg.g_00661	Syah.g_02342
OG0000845	Syad	Prbg.g_00661	Syad.g_02578
OG0000845	Syaj	Prbg.g_00661	Syaj.g_01681
OG0000845	Syaa	Prbg.g_00661	Syaa.g_00589
OG0000845	Syae	Prbg.g_00661	Syae.g_01126
OG0000845	Syaq	Prbg.g_00661	Syaq.g_01707
OG0000845	Syak	Prbg.g_00661	Syak.g_02453
OG0000845	Syab	Prbg.g_00661	Syab.g_02198
OG0000845	Syal	Prbg.g_00661	Syal.g_02996
OG0000845	Prbm	Prbg.g_00661	Prbm.g_01778
OG0000845	Prbb	Prbg.g_00661	Prbb.g_01754
OG0000845	Praj	Prbg.g_00661	Praj.g_01700
OG0000845	Prbc	Prbg.g_00661	Prbc.g_00776
OG0000845	Pral	Prbg.g_00661	Pral.g_01087
OG0000845	Prat	Prbg.g_00661	Prat.g_01428
OG0000845	Pram	Prbg.g_00661	Pram.g_01307
OG0000845	Prbh	Prbg.g_00661	Prbh.g_00170
OG0000845	Prbe	Prbg.g_00661	Prbe.g_00241
OG0000845	Prak	Prbg.g_00661	Prak.g_01461
OG0000845	Prbn	Prbg.g_00661	Prbn.g_00282
OG0000845	Prap	Prbg.g_00661	Prap.g_00191
OG0000845	Prbf	Prbg.g_00661	Prbf.g_00227
OG0000846	Prai	Prbg.g_00662	Prai.g_01528
OG0000846	Prab	Prbg.g_00662	Prab.g_01532
OG0000846	Pran	Prbg.g_00662	Pran.g_00667
OG0000846	Pray	Prbg.g_00662	Pray.g_01656
OG0000846	Praz	Prbg.g_00662	Praz.g_00975
OG0000846	Prba	Prbg.g_00662	Prba.g_00322
OG0000846	Prag	Prbg.g_00662	Prag.g_01556
OG0000846	Praw	Prbg.g_00662	Praw.g_00403
OG0000846	Prac	Prbg.g_00662	Prac.g_00345
OG0000846	Praq	Prbg.g_00662	Praq.g_00360
OG0000846	Prar	Prbg.g_00662	Prar.g_00781
OG0000846	Prav	Prbg.g_00662	Prav.g_01644
OG0000846	Prao	Prbg.g_00662	Prao.g_01462
OG0000846	Prad	Prbg.g_00662	Prad.g_00448
OG0000846	Prbi	Prbg.g_00662	Prbi.g_01656
OG0000846	Praa	Prbg.g_00662	Praa.g_01543
OG0000846	Prae	Prbg.g_00662	Prae.g_01525
OG0000846	Prbd	Prbg.g_00662	Prbd.g_01623
OG0000846	Prax	Prbg.g_00662	Prax.g_01662
OG0000846	Pras	Prbg.g_00662	Pras.g_00419
OG0000846	Prau	Prbg.g_00662	Prau.g_01597
OG0000846	Prbj	Prbg.g_00662	Prbj.g_01709
OG0000846	Prbk	Prbg.g_00662	Prbk.g_01981
OG0000846	Prbl	Prbg.g_00662	Prbl.g_00431
OG0000846	Praf	Prbg.g_00662	Praf.g_00516
OG0000846	Prah	Prbg.g_00662	Prah.g_01641
OG0000846	Syad	Prbg.g_00662	Syad.g_02579
OG0000846	Syaj	Prbg.g_00662	Syaj.g_01682
OG0000846	Syaa	Prbg.g_00662	Syaa.g_00588
OG0000846	Syae	Prbg.g_00662	Syae.g_01127
OG0000846	Syaf	Prbg.g_00662	Syaf.g_01078
OG0000846	Syai	Prbg.g_00662	Syai.g_02332
OG0000846	Syam	Prbg.g_00662	Syam.g_01955
OG0000846	Syac	Prbg.g_00662	Syac.g_00591
OG0000846	Syah	Prbg.g_00662	Syah.g_02343
OG0000846	Syab	Prbg.g_00662	Syab.g_02199
OG0000846	Syal	Prbg.g_00662	Syal.g_02997
OG0000846	Syag	Prbg.g_00662	Syag.g_01651
OG0000846	Syak	Prbg.g_00662	Syak.g_02452
OG0000846	Syaq	Prbg.g_00662	Syaq.g_01706
OG0000846	Syar	Prbg.g_00662	Syar.g_02895
OG0000846	Syan	Prbg.g_00662	Syan.g_01364
OG0000846	Syao	Prbg.g_00662	Syao.g_01592
OG0000846	Syat	Prbg.g_00662	Syat.g_03092
OG0000846	Syap	Prbg.g_00662	Syap.g_00042
OG0000846	Syas	Prbg.g_00662	Syas.g_02718
OG0000846	Pral	Prbg.g_00662	Pral.g_01086
OG0000846	Prat	Prbg.g_00662	Prat.g_01429
OG0000846	Praj	Prbg.g_00662	Praj.g_01701
OG0000846	Prbc	Prbg.g_00662	Prbc.g_00777
OG0000846	Prbb	Prbg.g_00662	Prbb.g_01755
OG0000846	Prbm	Prbg.g_00662	Prbm.g_01779
OG0000846	Pram	Prbg.g_00662	Pram.g_01306
OG0000846	Prbh	Prbg.g_00662	Prbh.g_00171
OG0000846	Prbn	Prbg.g_00662	Prbn.g_00283
OG0000846	Prak	Prbg.g_00662	Prak.g_01462
OG0000846	Prap	Prbg.g_00662	Prap.g_00192
OG0000846	Prbe	Prbg.g_00662	Prbe.g_00240
OG0000846	Prbf	Prbg.g_00662	Prbf.g_00228
OG0000847	Prab	Prbg.g_00663	Prab.g_01533
OG0000847	Pran	Prbg.g_00663	Pran.g_00666
OG0000847	Prai	Prbg.g_00663	Prai.g_01529
OG0000847	Pray	Prbg.g_00663	Pray.g_01655
OG0000847	Praz	Prbg.g_00663	Praz.g_00974
OG0000847	Prba	Prbg.g_00663	Prba.g_00321
OG0000847	Prad	Prbg.g_00663	Prad.g_00447
OG0000847	Prag	Prbg.g_00663	Prag.g_01557
OG0000847	Prao	Prbg.g_00663	Prao.g_01463
OG0000847	Praw	Prbg.g_00663	Praw.g_00404
OG0000847	Prav	Prbg.g_00663	Prav.g_01645
OG0000847	Prac	Prbg.g_00663	Prac.g_00344
OG0000847	Prar	Prbg.g_00663	Prar.g_00780
OG0000847	Praq	Prbg.g_00663	Praq.g_00361
OG0000847	Prae	Prbg.g_00663	Prae.g_01526
OG0000847	Praa	Prbg.g_00663	Praa.g_01544
OG0000847	Pras	Prbg.g_00663	Pras.g_00420
OG0000847	Prau	Prbg.g_00663	Prau.g_01598
OG0000847	Prax	Prbg.g_00663	Prax.g_01661
OG0000847	Prbd	Prbg.g_00663	Prbd.g_01622
OG0000847	Prbi	Prbg.g_00663	Prbi.g_01657
OG0000847	Pram	Prbg.g_00663	Pram.g_01305
OG0000847	Prbh	Prbg.g_00663	Prbh.g_00172
OG0000847	Prbb	Prbg.g_00663	Prbb.g_01756
OG0000847	Prbm	Prbg.g_00663	Prbm.g_01780
OG0000847	Prbc	Prbg.g_00663	Prbc.g_00778
OG0000847	Praj	Prbg.g_00663	Praj.g_01702
OG0000847	Prbj	Prbg.g_00663	Prbj.g_01710
OG0000847	Prbk	Prbg.g_00663	Prbk.g_01980
OG0000847	Prbl	Prbg.g_00663	Prbl.g_00430
OG0000847	Praf	Prbg.g_00663	Praf.g_00515
OG0000847	Prah	Prbg.g_00663	Prah.g_01642
OG0000847	Syag	Prbg.g_00663	Syag.g_01652
OG0000847	Syab	Prbg.g_00663	Syab.g_02200
OG0000847	Syal	Prbg.g_00663	Syal.g_02998
OG0000847	Syak	Prbg.g_00663	Syak.g_02451
OG0000847	Syaq	Prbg.g_00663	Syaq.g_01705
OG0000847	Syae	Prbg.g_00663	Syae.g_01128
OG0000847	Syaa	Prbg.g_00663	Syaa.g_00587
OG0000847	Syaj	Prbg.g_00663	Syaj.g_01683
OG0000847	Syad	Prbg.g_00663	Syad.g_02580
OG0000847	Syaf	Prbg.g_00663	Syaf.g_01077
OG0000847	Syai	Prbg.g_00663	Syai.g_02333
OG0000847	Syam	Prbg.g_00663	Syam.g_01956
OG0000847	Syap	Prbg.g_00663	Syap.g_00043
OG0000847	Syan	Prbg.g_00663	Syan.g_01365
OG0000847	Syao	Prbg.g_00663	Syao.g_01591
OG0000847	Syac	Prbg.g_00663	Syac.g_00590
OG0000847	Syah	Prbg.g_00663	Syah.g_02344
OG0000847	Syat	Prbg.g_00663	Syat.g_03093
OG0000847	Syas	Prbg.g_00663	Syas.g_02717
OG0000847	Syar	Prbg.g_00663	Syar.g_02896
OG0000847	Pral	Prbg.g_00663	Pral.g_01085
OG0000847	Prat	Prbg.g_00663	Prat.g_01430
OG0000847	Prak	Prbg.g_00663	Prak.g_01463
OG0000847	Prap	Prbg.g_00663	Prap.g_00193
OG0000847	Prbe	Prbg.g_00663	Prbe.g_00239
OG0000847	Prbf	Prbg.g_00663	Prbf.g_00229
OG0000847	Prbn	Prbg.g_00663	Prbn.g_00284
OG0000848	Prab	Prbg.g_00664	Prab.g_01534
OG0000848	Pran	Prbg.g_00664	Pran.g_00665
OG0000848	Prai	Prbg.g_00664	Prai.g_01530
OG0000848	Prao	Prbg.g_00664	Prao.g_01464
OG0000848	Praa	Prbg.g_00664	Praa.g_01545
OG0000848	Pras	Prbg.g_00664	Pras.g_00421
OG0000848	Prau	Prbg.g_00664	Prau.g_01599
OG0000848	Prac	Prbg.g_00664	Prac.g_00343
OG0000848	Praq	Prbg.g_00664	Praq.g_00362
OG0000848	Prar	Prbg.g_00664	Prar.g_00779
OG0000848	Prav	Prbg.g_00664	Prav.g_01646
OG0000848	Prag	Prbg.g_00664	Prag.g_01558
OG0000848	Praw	Prbg.g_00664	Praw.g_00405
OG0000848	Prad	Prbg.g_00664	Prad.g_00446
OG0000848	Prbi	Prbg.g_00664	Prbi.g_01658
OG0000848	Prae	Prbg.g_00664	Prae.g_01527
OG0000848	Prbd	Prbg.g_00664	Prbd.g_01621
OG0000848	Prax	Prbg.g_00664	Prax.g_01660
OG0000848	Pray	Prbg.g_00664	Pray.g_01654
OG0000848	Praz	Prbg.g_00664	Praz.g_00973
OG0000848	Prba	Prbg.g_00664	Prba.g_00320
OG0000848	Pram	Prbg.g_00664	Pram.g_01304
OG0000848	Prbh	Prbg.g_00664	Prbh.g_00173
OG0000848	Prat	Prbg.g_00664	Prat.g_01431
OG0000848	Pral	Prbg.g_00664	Pral.g_01084
OG0000848	Syan	Prbg.g_00664	Syan.g_01367
OG0000848	Syao	Prbg.g_00664	Syao.g_01589
OG0000848	Syar	Prbg.g_00664	Syar.g_02898
OG0000848	Syap	Prbg.g_00664	Syap.g_00045
OG0000848	Syas	Prbg.g_00664	Syas.g_02715
OG0000848	Syat	Prbg.g_00664	Syat.g_03095
OG0000848	Syak	Prbg.g_00664	Syak.g_02449
OG0000848	Syab	Prbg.g_00664	Syab.g_02202
OG0000848	Syal	Prbg.g_00664	Syal.g_03000
OG0000848	Prbm	Prbg.g_00664	Prbm.g_01781
OG0000848	Prbc	Prbg.g_00664	Prbc.g_00779
OG0000848	Praj	Prbg.g_00664	Praj.g_01703
OG0000848	Prbb	Prbg.g_00664	Prbb.g_01757
OG0000848	Praf	Prbg.g_00664	Praf.g_00513
OG0000848	Prbj	Prbg.g_00664	Prbj.g_01711
OG0000848	Prbk	Prbg.g_00664	Prbk.g_01979
OG0000848	Prbl	Prbg.g_00664	Prbl.g_00429
OG0000848	Prah	Prbg.g_00664	Prah.g_01643
OG0000848	Syae	Prbg.g_00664	Syae.g_01130
OG0000848	Syaj	Prbg.g_00664	Syaj.g_01685
OG0000848	Syad	Prbg.g_00664	Syad.g_02582
OG0000848	Syac	Prbg.g_00664	Syac.g_00588
OG0000848	Syah	Prbg.g_00664	Syah.g_02346
OG0000848	Syaa	Prbg.g_00664	Syaa.g_00585
OG0000848	Syaf	Prbg.g_00664	Syaf.g_01075
OG0000848	Syai	Prbg.g_00664	Syai.g_02335
OG0000848	Syam	Prbg.g_00664	Syam.g_01958
OG0000848	Syaq	Prbg.g_00664	Syaq.g_01703
OG0000848	Syag	Prbg.g_00664	Syag.g_01654
OG0000848	Prak	Prbg.g_00664	Prak.g_01464
OG0000848	Prap	Prbg.g_00664	Prap.g_00194
OG0000848	Prbe	Prbg.g_00664	Prbe.g_00238
OG0000848	Prbf	Prbg.g_00664	Prbf.g_00230
OG0000848	Prbn	Prbg.g_00664	Prbn.g_00285
OG0000849	Pras	Prbg.g_00665	Pras.g_00422
OG0000849	Prag	Prbg.g_00665	Prag.g_01559
OG0000849	Praw	Prbg.g_00665	Praw.g_00406
OG0000849	Pray	Prbg.g_00665	Pray.g_01653
OG0000849	Praz	Prbg.g_00665	Praz.g_00972
OG0000849	Prba	Prbg.g_00665	Prba.g_00319
OG0000849	Prab	Prbg.g_00665	Prab.g_01535
OG0000849	Pran	Prbg.g_00665	Pran.g_00664
OG0000849	Prai	Prbg.g_00665	Prai.g_01531
OG0000849	Prad	Prbg.g_00665	Prad.g_00445
OG0000849	Praa	Prbg.g_00665	Praa.g_01546
OG0000849	Prao	Prbg.g_00665	Prao.g_01465
OG0000849	Prax	Prbg.g_00665	Prax.g_01659
OG0000849	Prbi	Prbg.g_00665	Prbi.g_01659
OG0000849	Prac	Prbg.g_00665	Prac.g_00342
OG0000849	Prae	Prbg.g_00665	Prae.g_01528
OG0000849	Prau	Prbg.g_00665	Prau.g_01600
OG0000849	Prav	Prbg.g_00665	Prav.g_01647
OG0000849	Prbd	Prbg.g_00665	Prbd.g_01620
OG0000849	Praq	Prbg.g_00665	Praq.g_00363
OG0000849	Prar	Prbg.g_00665	Prar.g_00778
OG0000849	Prbc	Prbg.g_00665	Prbc.g_00780
OG0000849	Praj	Prbg.g_00665	Praj.g_01704
OG0000849	Prbb	Prbg.g_00665	Prbb.g_01758
OG0000849	Prbm	Prbg.g_00665	Prbm.g_01782
OG0000849	Pram	Prbg.g_00665	Pram.g_01303
OG0000849	Prbh	Prbg.g_00665	Prbh.g_00174
OG0000849	Pral	Prbg.g_00665	Pral.g_01083
OG0000849	Syar	Prbg.g_00665	Syar.g_02899
OG0000849	Syat	Prbg.g_00665	Syat.g_03096
OG0000849	Syas	Prbg.g_00665	Syas.g_02714
OG0000849	Syan	Prbg.g_00665	Syan.g_01368
OG0000849	Syao	Prbg.g_00665	Syao.g_01588
OG0000849	Syap	Prbg.g_00665	Syap.g_00046
OG0000849	Prat	Prbg.g_00665	Prat.g_01432
OG0000849	Praf	Prbg.g_00665	Praf.g_00512
OG0000849	Prbj	Prbg.g_00665	Prbj.g_01712
OG0000849	Prbk	Prbg.g_00665	Prbk.g_01978
OG0000849	Prbl	Prbg.g_00665	Prbl.g_00428
OG0000849	Prah	Prbg.g_00665	Prah.g_01644
OG0000849	Syag	Prbg.g_00665	Syag.g_01655
OG0000849	Syaq	Prbg.g_00665	Syaq.g_01702
OG0000849	Syak	Prbg.g_00665	Syak.g_02448
OG0000849	Syab	Prbg.g_00665	Syab.g_02203
OG0000849	Syal	Prbg.g_00665	Syal.g_03001
OG0000849	Syad	Prbg.g_00665	Syad.g_02583
OG0000849	Syaj	Prbg.g_00665	Syaj.g_01686
OG0000849	Syac	Prbg.g_00665	Syac.g_00587
OG0000849	Syah	Prbg.g_00665	Syah.g_02347
OG0000849	Syaf	Prbg.g_00665	Syaf.g_01074
OG0000849	Syaa	Prbg.g_00665	Syaa.g_00584
OG0000849	Syai	Prbg.g_00665	Syai.g_02336
OG0000849	Syam	Prbg.g_00665	Syam.g_01959
OG0000849	Syae	Prbg.g_00665	Syae.g_01131
OG0000849	Prak	Prbg.g_00665	Prak.g_01465
OG0000849	Prap	Prbg.g_00665	Prap.g_00195
OG0000849	Prbe	Prbg.g_00665	Prbe.g_00237
OG0000849	Prbf	Prbg.g_00665	Prbf.g_00231
OG0000849	Prbn	Prbg.g_00665	Prbn.g_00286
OG0000850	Prag	Prbg.g_00667	Prag.g_01561
OG0000850	Praw	Prbg.g_00667	Praw.g_00408
OG0000850	Prax	Prbg.g_00667	Prax.g_01657
OG0000850	Prae	Prbg.g_00667	Prae.g_01530
OG0000850	Prbd	Prbg.g_00667	Prbd.g_01617
OG0000850	Prbi	Prbg.g_00667	Prbi.g_01661
OG0000850	Praa	Prbg.g_00667	Praa.g_01548
OG0000850	Prao	Prbg.g_00667	Prao.g_01467
OG0000850	Prad	Prbg.g_00667	Prad.g_00443
OG0000850	Pray	Prbg.g_00667	Pray.g_01651
OG0000850	Praz	Prbg.g_00667	Praz.g_00970
OG0000850	Prba	Prbg.g_00667	Prba.g_00317
OG0000850	Pras	Prbg.g_00667	Pras.g_00424
OG0000850	Prau	Prbg.g_00667	Prau.g_01602
OG0000850	Prav	Prbg.g_00667	Prav.g_01649
OG0000850	Prac	Prbg.g_00667	Prac.g_00340
OG0000850	Praq	Prbg.g_00667	Praq.g_00365
OG0000850	Prar	Prbg.g_00667	Prar.g_00776
OG0000850	Prai	Prbg.g_00667	Prai.g_01533
OG0000850	Prab	Prbg.g_00667	Prab.g_01537
OG0000850	Pran	Prbg.g_00667	Pran.g_00662
OG0000850	Prbm	Prbg.g_00667	Prbm.g_01784
OG0000850	Prbc	Prbg.g_00667	Prbc.g_00782
OG0000850	Praj	Prbg.g_00667	Praj.g_01706
OG0000850	Prbb	Prbg.g_00667	Prbb.g_01760
OG0000850	Pral	Prbg.g_00667	Pral.g_01081
OG0000850	Prat	Prbg.g_00667	Prat.g_01434
OG0000850	Prah	Prbg.g_00667	Prah.g_01645
OG0000850	Praf	Prbg.g_00667	Praf.g_00511
OG0000850	Prbj	Prbg.g_00667	Prbj.g_01713
OG0000850	Prbk	Prbg.g_00667	Prbk.g_01977
OG0000850	Prbl	Prbg.g_00667	Prbl.g_00427
OG0000850	Syan	Prbg.g_00667	Syan.g_01371
OG0000850	Syao	Prbg.g_00667	Syao.g_01585
OG0000850	Syar	Prbg.g_00667	Syar.g_02902
OG0000850	Syas	Prbg.g_00667	Syas.g_02711
OG0000850	Syap	Prbg.g_00667	Syap.g_00310
OG0000850	Syat	Prbg.g_00667	Syat.g_03098
OG0000850	Syak	Prbg.g_00667	Syak.g_02445
OG0000850	Syab	Prbg.g_00667	Syab.g_02212
OG0000850	Syal	Prbg.g_00667	Syal.g_03008
OG0000850	Syag	Prbg.g_00667	Syag.g_01657
OG0000850	Syaq	Prbg.g_00667	Syaq.g_01699
OG0000850	Syaj	Prbg.g_00667	Syaj.g_01689
OG0000850	Syad	Prbg.g_00667	Syad.g_02586
OG0000850	Syaf	Prbg.g_00667	Syaf.g_01072
OG0000850	Syai	Prbg.g_00667	Syai.g_02339
OG0000850	Syam	Prbg.g_00667	Syam.g_01961
OG0000850	Syaa	Prbg.g_00667	Syaa.g_00582
OG0000850	Syae	Prbg.g_00667	Syae.g_01133
OG0000850	Syac	Prbg.g_00667	Syac.g_00585
OG0000850	Syah	Prbg.g_00667	Syah.g_02349
OG0000850	Pram	Prbg.g_00667	Pram.g_01301
OG0000850	Prbh	Prbg.g_00667	Prbh.g_00176
OG0000850	Prak	Prbg.g_00667	Prak.g_01467
OG0000850	Prap	Prbg.g_00667	Prap.g_00197
OG0000850	Prbe	Prbg.g_00667	Prbe.g_00235
OG0000850	Prbf	Prbg.g_00667	Prbf.g_00233
OG0000850	Prbn	Prbg.g_00667	Prbn.g_00288
OG0000851	Prao	Prbg.g_00668	Prao.g_01468
OG0000851	Prav	Prbg.g_00668	Prav.g_01650
OG0000851	Prac	Prbg.g_00668	Prac.g_00339
OG0000851	Praq	Prbg.g_00668	Praq.g_00366
OG0000851	Prar	Prbg.g_00668	Prar.g_00775
OG0000851	Pras	Prbg.g_00668	Pras.g_00425
OG0000851	Prau	Prbg.g_00668	Prau.g_01603
OG0000851	Prab	Prbg.g_00668	Prab.g_01538
OG0000851	Pran	Prbg.g_00668	Pran.g_00661
OG0000851	Prai	Prbg.g_00668	Prai.g_01534
OG0000851	Prad	Prbg.g_00668	Prad.g_00442
OG0000851	Prag	Prbg.g_00668	Prag.g_01562
OG0000851	Praw	Prbg.g_00668	Praw.g_00409
OG0000851	Pray	Prbg.g_00668	Pray.g_01650
OG0000851	Praz	Prbg.g_00668	Praz.g_00969
OG0000851	Prba	Prbg.g_00668	Prba.g_00316
OG0000851	Prax	Prbg.g_00668	Prax.g_01656
OG0000851	Praa	Prbg.g_00668	Praa.g_01549
OG0000851	Prbi	Prbg.g_00668	Prbi.g_01662
OG0000851	Prae	Prbg.g_00668	Prae.g_01531
OG0000851	Prbd	Prbg.g_00668	Prbd.g_01616
OG0000851	Prbm	Prbg.g_00668	Prbm.g_01785
OG0000851	Prbc	Prbg.g_00668	Prbc.g_00783
OG0000851	Praj	Prbg.g_00668	Praj.g_01707
OG0000851	Prbb	Prbg.g_00668	Prbb.g_01761
OG0000851	Pral	Prbg.g_00668	Pral.g_01080
OG0000851	Prat	Prbg.g_00668	Prat.g_01435
OG0000851	Prbj	Prbg.g_00668	Prbj.g_00888
OG0000851	Prbk	Prbg.g_00668	Prbk.g_00937
OG0000851	Prbl	Prbg.g_00668	Prbl.g_00423
OG0000851	Praf	Prbg.g_00668	Praf.g_00508
OG0000851	Prah	Prbg.g_00668	Prah.g_01648
OG0000851	Syan	Prbg.g_00668	Syan.g_01374
OG0000851	Syao	Prbg.g_00668	Syao.g_01582
OG0000851	Syar	Prbg.g_00668	Syar.g_02905
OG0000851	Syat	Prbg.g_00668	Syat.g_03101
OG0000851	Syap	Prbg.g_00668	Syap.g_01214
OG0000851	Syas	Prbg.g_00668	Syas.g_02708
OG0000851	Syac	Prbg.g_00668	Syac.g_00573
OG0000851	Syah	Prbg.g_00668	Syah.g_02359
OG0000851	Syaf	Prbg.g_00668	Syaf.g_01061
OG0000851	Syai	Prbg.g_00668	Syai.g_02352
OG0000851	Syam	Prbg.g_00668	Syam.g_01966
OG0000851	Syad	Prbg.g_00668	Syad.g_02592
OG0000851	Syaj	Prbg.g_00668	Syaj.g_01694
OG0000851	Syaa	Prbg.g_00668	Syaa.g_00577
OG0000851	Syae	Prbg.g_00668	Syae.g_01139
OG0000851	Syag	Prbg.g_00668	Syag.g_01663
OG0000851	Syaq	Prbg.g_00668	Syaq.g_01696
OG0000851	Syak	Prbg.g_00668	Syak.g_02440
OG0000851	Syab	Prbg.g_00668	Syab.g_02226
OG0000851	Syal	Prbg.g_00668	Syal.g_00561
OG0000851	Pram	Prbg.g_00668	Pram.g_01300
OG0000851	Prbh	Prbg.g_00668	Prbh.g_00177
OG0000851	Prak	Prbg.g_00668	Prak.g_01468
OG0000851	Prap	Prbg.g_00668	Prap.g_00198
OG0000851	Prbe	Prbg.g_00668	Prbe.g_00234
OG0000851	Prbf	Prbg.g_00668	Prbf.g_00234
OG0000851	Prbn	Prbg.g_00668	Prbn.g_00289
OG0000852	Prab	Prbg.g_00669	Prab.g_01539
OG0000852	Pran	Prbg.g_00669	Pran.g_00660
OG0000852	Prai	Prbg.g_00669	Prai.g_01535
OG0000852	Prav	Prbg.g_00669	Prav.g_01651
OG0000852	Pray	Prbg.g_00669	Pray.g_01649
OG0000852	Praz	Prbg.g_00669	Praz.g_00968
OG0000852	Prba	Prbg.g_00669	Prba.g_00315
OG0000852	Prao	Prbg.g_00669	Prao.g_01469
OG0000852	Praa	Prbg.g_00669	Praa.g_01550
OG0000852	Pras	Prbg.g_00669	Pras.g_00426
OG0000852	Prau	Prbg.g_00669	Prau.g_01604
OG0000852	Prax	Prbg.g_00669	Prax.g_01655
OG0000852	Prad	Prbg.g_00669	Prad.g_00441
OG0000852	Prag	Prbg.g_00669	Prag.g_01563
OG0000852	Praw	Prbg.g_00669	Praw.g_00410
OG0000852	Prae	Prbg.g_00669	Prae.g_01532
OG0000852	Prbd	Prbg.g_00669	Prbd.g_01615
OG0000852	Prbi	Prbg.g_00669	Prbi.g_01663
OG0000852	Prac	Prbg.g_00669	Prac.g_00338
OG0000852	Praq	Prbg.g_00669	Praq.g_00367
OG0000852	Prar	Prbg.g_00669	Prar.g_00774
OG0000852	Praj	Prbg.g_00669	Praj.g_01708
OG0000852	Prbb	Prbg.g_00669	Prbb.g_01762
OG0000852	Prbc	Prbg.g_00669	Prbc.g_00784
OG0000852	Prbm	Prbg.g_00669	Prbm.g_01786
OG0000852	Pral	Prbg.g_00669	Pral.g_01079
OG0000852	Prat	Prbg.g_00669	Prat.g_01436
OG0000852	Syas	Prbg.g_00669	Syas.g_02707
OG0000852	Syan	Prbg.g_00669	Syan.g_01375
OG0000852	Syat	Prbg.g_00669	Syat.g_03102
OG0000852	Syar	Prbg.g_00669	Syar.g_02906
OG0000852	Syao	Prbg.g_00669	Syao.g_01581
OG0000852	Syap	Prbg.g_00669	Syap.g_01215
OG0000852	Prbj	Prbg.g_00669	Prbj.g_00887
OG0000852	Prbk	Prbg.g_00669	Prbk.g_00936
OG0000852	Prbl	Prbg.g_00669	Prbl.g_00422
OG0000852	Praf	Prbg.g_00669	Praf.g_00507
OG0000852	Prah	Prbg.g_00669	Prah.g_01649
OG0000852	Syac	Prbg.g_00669	Syac.g_00572
OG0000852	Syah	Prbg.g_00669	Syah.g_02360
OG0000852	Syaf	Prbg.g_00669	Syaf.g_01060
OG0000852	Syai	Prbg.g_00669	Syai.g_02353
OG0000852	Syam	Prbg.g_00669	Syam.g_01967
OG0000852	Syae	Prbg.g_00669	Syae.g_01140
OG0000852	Syaa	Prbg.g_00669	Syaa.g_00576
OG0000852	Syad	Prbg.g_00669	Syad.g_02593
OG0000852	Syaj	Prbg.g_00669	Syaj.g_01695
OG0000852	Syag	Prbg.g_00669	Syag.g_01664
OG0000852	Syaq	Prbg.g_00669	Syaq.g_01695
OG0000852	Syak	Prbg.g_00669	Syak.g_02439
OG0000852	Syab	Prbg.g_00669	Syab.g_02227
OG0000852	Syal	Prbg.g_00669	Syal.g_00562
OG0000852	Pram	Prbg.g_00669	Pram.g_01299
OG0000852	Prbh	Prbg.g_00669	Prbh.g_00178
OG0000852	Prak	Prbg.g_00669	Prak.g_01469
OG0000852	Prap	Prbg.g_00669	Prap.g_00199
OG0000852	Prbe	Prbg.g_00669	Prbe.g_00233
OG0000852	Prbf	Prbg.g_00669	Prbf.g_00235
OG0000852	Prbn	Prbg.g_00669	Prbn.g_00904
OG0000853	Prab	Prbg.g_00675	Prab.g_01543
OG0000853	Pran	Prbg.g_00675	Pran.g_00656
OG0000853	Prai	Prbg.g_00675	Prai.g_01539
OG0000853	Pray	Prbg.g_00675	Pray.g_01645
OG0000853	Praz	Prbg.g_00675	Praz.g_00964
OG0000853	Prba	Prbg.g_00675	Prba.g_00311
OG0000853	Prav	Prbg.g_00675	Prav.g_01655
OG0000853	Prag	Prbg.g_00675	Prag.g_01567
OG0000853	Praw	Prbg.g_00675	Praw.g_00414
OG0000853	Prac	Prbg.g_00675	Prac.g_00334
OG0000853	Praq	Prbg.g_00675	Praq.g_00371
OG0000853	Prar	Prbg.g_00675	Prar.g_00770
OG0000853	Pras	Prbg.g_00675	Pras.g_00430
OG0000853	Prau	Prbg.g_00675	Prau.g_01608
OG0000853	Prbi	Prbg.g_00675	Prbi.g_01667
OG0000853	Prad	Prbg.g_00675	Prad.g_00437
OG0000853	Prax	Prbg.g_00675	Prax.g_01651
OG0000853	Prae	Prbg.g_00675	Prae.g_01536
OG0000853	Prbd	Prbg.g_00675	Prbd.g_01611
OG0000853	Praa	Prbg.g_00675	Praa.g_01554
OG0000853	Prao	Prbg.g_00675	Prao.g_01473
OG0000853	Pral	Prbg.g_00675	Pral.g_01074
OG0000853	Prat	Prbg.g_00675	Prat.g_01441
OG0000853	Prbm	Prbg.g_00675	Prbm.g_01791
OG0000853	Prbc	Prbg.g_00675	Prbc.g_00789
OG0000853	Praj	Prbg.g_00675	Praj.g_01713
OG0000853	Prbb	Prbg.g_00675	Prbb.g_01767
OG0000853	Prah	Prbg.g_00675	Prah.g_01653
OG0000853	Praf	Prbg.g_00675	Praf.g_00502
OG0000853	Prbj	Prbg.g_00675	Prbj.g_00882
OG0000853	Prbk	Prbg.g_00675	Prbk.g_00932
OG0000853	Prbl	Prbg.g_00675	Prbl.g_00418
OG0000853	Syac	Prbg.g_00675	Syac.g_00568
OG0000853	Syah	Prbg.g_00675	Syah.g_02364
OG0000853	Syaa	Prbg.g_00675	Syaa.g_00572
OG0000853	Syai	Prbg.g_00675	Syai.g_02357
OG0000853	Syaf	Prbg.g_00675	Syaf.g_01056
OG0000853	Syam	Prbg.g_00675	Syam.g_01971
OG0000853	Syae	Prbg.g_00675	Syae.g_01144
OG0000853	Syad	Prbg.g_00675	Syad.g_02597
OG0000853	Syaj	Prbg.g_00675	Syaj.g_01699
OG0000853	Syas	Prbg.g_00675	Syas.g_02703
OG0000853	Syap	Prbg.g_00675	Syap.g_01219
OG0000853	Syan	Prbg.g_00675	Syan.g_01379
OG0000853	Syao	Prbg.g_00675	Syao.g_01577
OG0000853	Syar	Prbg.g_00675	Syar.g_02910
OG0000853	Syat	Prbg.g_00675	Syat.g_03106
OG0000853	Syak	Prbg.g_00675	Syak.g_02435
OG0000853	Syab	Prbg.g_00675	Syab.g_02233
OG0000853	Syal	Prbg.g_00675	Syal.g_00566
OG0000853	Syaq	Prbg.g_00675	Syaq.g_01691
OG0000853	Syag	Prbg.g_00675	Syag.g_01668
OG0000853	Pram	Prbg.g_00675	Pram.g_01294
OG0000853	Prbh	Prbg.g_00675	Prbh.g_00183
OG0000853	Prak	Prbg.g_00675	Prak.g_01475
OG0000853	Prap	Prbg.g_00675	Prap.g_00205
OG0000853	Prbe	Prbg.g_00675	Prbe.g_00227
OG0000853	Prbf	Prbg.g_00675	Prbf.g_00241
OG0000853	Prbn	Prbg.g_00675	Prbn.g_00898
OG0000854	Prag	Prbg.g_00677	Prag.g_01569
OG0000854	Praw	Prbg.g_00677	Praw.g_00416
OG0000854	Prab	Prbg.g_00677	Prab.g_01545
OG0000854	Pran	Prbg.g_00677	Pran.g_00654
OG0000854	Prai	Prbg.g_00677	Prai.g_01541
OG0000854	Prav	Prbg.g_00677	Prav.g_01657
OG0000854	Prae	Prbg.g_00677	Prae.g_01538
OG0000854	Prbd	Prbg.g_00677	Prbd.g_01609
OG0000854	Prax	Prbg.g_00677	Prax.g_01649
OG0000854	Prac	Prbg.g_00677	Prac.g_00332
OG0000854	Praq	Prbg.g_00677	Praq.g_00373
OG0000854	Prar	Prbg.g_00677	Prar.g_00768
OG0000854	Pras	Prbg.g_00677	Pras.g_00432
OG0000854	Prau	Prbg.g_00677	Prau.g_01610
OG0000854	Prad	Prbg.g_00677	Prad.g_00435
OG0000854	Praa	Prbg.g_00677	Praa.g_01556
OG0000854	Pray	Prbg.g_00677	Pray.g_01643
OG0000854	Praz	Prbg.g_00677	Praz.g_00962
OG0000854	Prba	Prbg.g_00677	Prba.g_00309
OG0000854	Prbi	Prbg.g_00677	Prbi.g_01669
OG0000854	Prao	Prbg.g_00677	Prao.g_01475
OG0000854	Prbj	Prbg.g_00677	Prbj.g_00880
OG0000854	Prbk	Prbg.g_00677	Prbk.g_00930
OG0000854	Prbl	Prbg.g_00677	Prbl.g_00416
OG0000854	Praf	Prbg.g_00677	Praf.g_00500
OG0000854	Prah	Prbg.g_00677	Prah.g_01655
OG0000854	Syad	Prbg.g_00677	Syad.g_02606
OG0000854	Syaj	Prbg.g_00677	Syaj.g_01701
OG0000854	Syae	Prbg.g_00677	Syae.g_01146
OG0000854	Syac	Prbg.g_00677	Syac.g_00566
OG0000854	Syah	Prbg.g_00677	Syah.g_02366
OG0000854	Syaa	Prbg.g_00677	Syaa.g_00570
OG0000854	Syaf	Prbg.g_00677	Syaf.g_01054
OG0000854	Syai	Prbg.g_00677	Syai.g_02359
OG0000854	Syam	Prbg.g_00677	Syam.g_01973
OG0000854	Syag	Prbg.g_00677	Syag.g_01670
OG0000854	Syaq	Prbg.g_00677	Syaq.g_01689
OG0000854	Syak	Prbg.g_00677	Syak.g_02433
OG0000854	Syab	Prbg.g_00677	Syab.g_02235
OG0000854	Syal	Prbg.g_00677	Syal.g_00568
OG0000854	Syas	Prbg.g_00677	Syas.g_02701
OG0000854	Syan	Prbg.g_00677	Syan.g_01381
OG0000854	Syao	Prbg.g_00677	Syao.g_01575
OG0000854	Syat	Prbg.g_00677	Syat.g_03108
OG0000854	Syap	Prbg.g_00677	Syap.g_01222
OG0000854	Syar	Prbg.g_00677	Syar.g_02912
OG0000854	Praj	Prbg.g_00677	Praj.g_01715
OG0000854	Prbm	Prbg.g_00677	Prbm.g_01793
OG0000854	Prbb	Prbg.g_00677	Prbb.g_01769
OG0000854	Prbc	Prbg.g_00677	Prbc.g_00791
OG0000854	Pral	Prbg.g_00677	Pral.g_01072
OG0000854	Prat	Prbg.g_00677	Prat.g_01443
OG0000854	Pram	Prbg.g_00677	Pram.g_01292
OG0000854	Prbh	Prbg.g_00677	Prbh.g_00185
OG0000854	Prak	Prbg.g_00677	Prak.g_01477
OG0000854	Prap	Prbg.g_00677	Prap.g_00207
OG0000854	Prbe	Prbg.g_00677	Prbe.g_00225
OG0000854	Prbf	Prbg.g_00677	Prbf.g_00243
OG0000854	Prbn	Prbg.g_00677	Prbn.g_00896
OG0000855	Prav	Prbg.g_00678	Prav.g_01658
OG0000855	Prab	Prbg.g_00678	Prab.g_01546
OG0000855	Pran	Prbg.g_00678	Pran.g_00653
OG0000855	Prai	Prbg.g_00678	Prai.g_01542
OG0000855	Prag	Prbg.g_00678	Prag.g_01570
OG0000855	Praw	Prbg.g_00678	Praw.g_00417
OG0000855	Pras	Prbg.g_00678	Pras.g_00433
OG0000855	Prau	Prbg.g_00678	Prau.g_01611
OG0000855	Prad	Prbg.g_00678	Prad.g_00434
OG0000855	Prae	Prbg.g_00678	Prae.g_01539
OG0000855	Prbd	Prbg.g_00678	Prbd.g_01608
OG0000855	Prax	Prbg.g_00678	Prax.g_01648
OG0000855	Praa	Prbg.g_00678	Praa.g_01557
OG0000855	Pray	Prbg.g_00678	Pray.g_01642
OG0000855	Praz	Prbg.g_00678	Praz.g_00961
OG0000855	Prba	Prbg.g_00678	Prba.g_00308
OG0000855	Prao	Prbg.g_00678	Prao.g_01476
OG0000855	Prbi	Prbg.g_00678	Prbi.g_01670
OG0000855	Prac	Prbg.g_00678	Prac.g_00331
OG0000855	Praq	Prbg.g_00678	Praq.g_00374
OG0000855	Prar	Prbg.g_00678	Prar.g_00767
OG0000855	Prbm	Prbg.g_00678	Prbm.g_01794
OG0000855	Praj	Prbg.g_00678	Praj.g_01716
OG0000855	Prbb	Prbg.g_00678	Prbb.g_01770
OG0000855	Prbc	Prbg.g_00678	Prbc.g_00792
OG0000855	Pral	Prbg.g_00678	Pral.g_01071
OG0000855	Prat	Prbg.g_00678	Prat.g_01444
OG0000855	Syap	Prbg.g_00678	Syap.g_01223
OG0000855	Syas	Prbg.g_00678	Syas.g_02700
OG0000855	Syat	Prbg.g_00678	Syat.g_03109
OG0000855	Syar	Prbg.g_00678	Syar.g_02913
OG0000855	Syan	Prbg.g_00678	Syan.g_01382
OG0000855	Syao	Prbg.g_00678	Syao.g_01574
OG0000855	Syag	Prbg.g_00678	Syag.g_01671
OG0000855	Prbj	Prbg.g_00678	Prbj.g_00879
OG0000855	Prbk	Prbg.g_00678	Prbk.g_00929
OG0000855	Prbl	Prbg.g_00678	Prbl.g_00415
OG0000855	Praf	Prbg.g_00678	Praf.g_00499
OG0000855	Prah	Prbg.g_00678	Prah.g_01656
OG0000855	Syaq	Prbg.g_00678	Syaq.g_01688
OG0000855	Syak	Prbg.g_00678	Syak.g_02432
OG0000855	Syab	Prbg.g_00678	Syab.g_02236
OG0000855	Syal	Prbg.g_00678	Syal.g_00569
OG0000855	Syaa	Prbg.g_00678	Syaa.g_00569
OG0000855	Syac	Prbg.g_00678	Syac.g_00565
OG0000855	Syah	Prbg.g_00678	Syah.g_02367
OG0000855	Syam	Prbg.g_00678	Syam.g_01974
OG0000855	Syaf	Prbg.g_00678	Syaf.g_01053
OG0000855	Syai	Prbg.g_00678	Syai.g_02360
OG0000855	Syae	Prbg.g_00678	Syae.g_01147
OG0000855	Syad	Prbg.g_00678	Syad.g_02607
OG0000855	Syaj	Prbg.g_00678	Syaj.g_01702
OG0000855	Pram	Prbg.g_00678	Pram.g_01291
OG0000855	Prbh	Prbg.g_00678	Prbh.g_00186
OG0000855	Prak	Prbg.g_00678	Prak.g_01478
OG0000855	Prap	Prbg.g_00678	Prap.g_00208
OG0000855	Prbe	Prbg.g_00678	Prbe.g_00224
OG0000855	Prbf	Prbg.g_00678	Prbf.g_00244
OG0000855	Prbn	Prbg.g_00678	Prbn.g_00895
OG0000856	Prbi	Prbg.g_00348	Prbi.g_01685
OG0000856	Prac	Prbg.g_00348	Prac.g_00317
OG0000856	Praq	Prbg.g_00348	Praq.g_00001
OG0000856	Prar	Prbg.g_00348	Prar.g_00753
OG0000856	Praa	Prbg.g_00348	Praa.g_01572
OG0000856	Pras	Prbg.g_00348	Pras.g_00448
OG0000856	Prad	Prbg.g_00348	Prad.g_00419
OG0000856	Prax	Prbg.g_00348	Prax.g_01633
OG0000856	Pray	Prbg.g_00348	Pray.g_01627
OG0000856	Praz	Prbg.g_00348	Praz.g_00946
OG0000856	Prba	Prbg.g_00348	Prba.g_00293
OG0000856	Prae	Prbg.g_00348	Prae.g_01554
OG0000856	Prbd	Prbg.g_00348	Prbd.g_01593
OG0000856	Prau	Prbg.g_00348	Prau.g_01626
OG0000856	Prag	Prbg.g_00348	Prag.g_01583
OG0000856	Praw	Prbg.g_00348	Praw.g_00430
OG0000856	Prav	Prbg.g_00348	Prav.g_01671
OG0000856	Prao	Prbg.g_00348	Prao.g_01491
OG0000856	Prab	Prbg.g_00348	Prab.g_01563
OG0000856	Pran	Prbg.g_00348	Pran.g_00636
OG0000856	Prai	Prbg.g_00348	Prai.g_01558
OG0000856	Pral	Prbg.g_00348	Pral.g_01058
OG0000856	Prat	Prbg.g_00348	Prat.g_01457
OG0000856	Prbb	Prbg.g_00348	Prbb.g_01659
OG0000856	Prbc	Prbg.g_00348	Prbc.g_00677
OG0000856	Prbm	Prbg.g_00348	Prbm.g_01685
OG0000856	Praj	Prbg.g_00348	Praj.g_01599
OG0000856	Prah	Prbg.g_00348	Prah.g_00515
OG0000856	Praf	Prbg.g_00348	Praf.g_01677
OG0000856	Prbj	Prbg.g_00348	Prbj.g_02561
OG0000856	Prbk	Prbg.g_00348	Prbk.g_02619
OG0000856	Prbl	Prbg.g_00348	Prbl.g_01627
OG0000856	Syar	Prbg.g_00348	Syar.g_02243
OG0000856	Syat	Prbg.g_00348	Syat.g_03305
OG0000856	Syap	Prbg.g_00348	Syap.g_01286
OG0000856	Syas	Prbg.g_00348	Syas.g_00103
OG0000856	Syan	Prbg.g_00348	Syan.g_01136
OG0000856	Syao	Prbg.g_00348	Syao.g_01327
OG0000856	Syag	Prbg.g_00348	Syag.g_00386
OG0000856	Syak	Prbg.g_00348	Syak.g_00021
OG0000856	Syaq	Prbg.g_00348	Syaq.g_02069
OG0000856	Syab	Prbg.g_00348	Syab.g_01889
OG0000856	Syal	Prbg.g_00348	Syal.g_02704
OG0000856	Syac	Prbg.g_00348	Syac.g_00964
OG0000856	Syah	Prbg.g_00348	Syah.g_01951
OG0000856	Syaj	Prbg.g_00348	Syaj.g_01296
OG0000856	Syad	Prbg.g_00348	Syad.g_02166
OG0000856	Syae	Prbg.g_00348	Syae.g_00059
OG0000856	Syaa	Prbg.g_00348	Syaa.g_01650
OG0000856	Syaf	Prbg.g_00348	Syaf.g_02328
OG0000856	Syai	Prbg.g_00348	Syai.g_01078
OG0000856	Syam	Prbg.g_00348	Syam.g_01483
OG0000856	Pram	Prbg.g_00348	Pram.g_00567
OG0000856	Prbh	Prbg.g_00348	Prbh.g_01454
OG0000856	Prak	Prbg.g_00348	Prak.g_00590
OG0000856	Prap	Prbg.g_00348	Prap.g_01139
OG0000856	Prbe	Prbg.g_00348	Prbe.g_00505
OG0000856	Prbf	Prbg.g_00348	Prbf.g_01911
OG0000856	Prbn	Prbg.g_00348	Prbn.g_00486
OG0000857	Prai	Prbg.g_01174	Prai.g_01597
OG0000857	Prbi	Prbg.g_01174	Prbi.g_01711
OG0000857	Prax	Prbg.g_01174	Prax.g_01605
OG0000857	Prbd	Prbg.g_01174	Prbd.g_01566
OG0000857	Prae	Prbg.g_01174	Prae.g_01582
OG0000857	Praa	Prbg.g_01174	Praa.g_01600
OG0000857	Pras	Prbg.g_01174	Pras.g_00473
OG0000857	Prau	Prbg.g_01174	Prau.g_01652
OG0000857	Prab	Prbg.g_01174	Prab.g_01601
OG0000857	Pran	Prbg.g_01174	Pran.g_00598
OG0000857	Prao	Prbg.g_01174	Prao.g_01519
OG0000857	Prad	Prbg.g_01174	Prad.g_00388
OG0000857	Prac	Prbg.g_01174	Prac.g_00288
OG0000857	Praq	Prbg.g_01174	Praq.g_00030
OG0000857	Prar	Prbg.g_01174	Prar.g_00725
OG0000857	Prag	Prbg.g_01174	Prag.g_01611
OG0000857	Praw	Prbg.g_01174	Praw.g_00458
OG0000857	Prav	Prbg.g_01174	Prav.g_01699
OG0000857	Pray	Prbg.g_01174	Pray.g_01600
OG0000857	Praz	Prbg.g_01174	Praz.g_00918
OG0000857	Prba	Prbg.g_01174	Prba.g_00266
OG0000857	Praj	Prbg.g_01174	Praj.g_00785
OG0000857	Prbc	Prbg.g_01174	Prbc.g_01874
OG0000857	Prbb	Prbg.g_01174	Prbb.g_00799
OG0000857	Prbm	Prbg.g_01174	Prbm.g_00830
OG0000857	Pral	Prbg.g_01174	Pral.g_01503
OG0000857	Prat	Prbg.g_01174	Prat.g_01022
OG0000857	Prbj	Prbg.g_01174	Prbj.g_02429
OG0000857	Prbk	Prbg.g_01174	Prbk.g_02485
OG0000857	Prbl	Prbg.g_01174	Prbl.g_02318
OG0000857	Praf	Prbg.g_01174	Praf.g_01546
OG0000857	Prah	Prbg.g_01174	Prah.g_00651
OG0000857	Syab	Prbg.g_01174	Syab.g_01290
OG0000857	Syal	Prbg.g_01174	Syal.g_01882
OG0000857	Syak	Prbg.g_01174	Syak.g_00451
OG0000857	Syag	Prbg.g_01174	Syag.g_00684
OG0000857	Syaq	Prbg.g_01174	Syaq.g_02357
OG0000857	Syad	Prbg.g_01174	Syad.g_01871
OG0000857	Syaj	Prbg.g_01174	Syaj.g_01005
OG0000857	Syam	Prbg.g_01174	Syam.g_01273
OG0000857	Syaf	Prbg.g_01174	Syaf.g_02031
OG0000857	Syai	Prbg.g_01174	Syai.g_01356
OG0000857	Syap	Prbg.g_01174	Syap.g_02722
OG0000857	Syas	Prbg.g_01174	Syas.g_00579
OG0000857	Syar	Prbg.g_01174	Syar.g_02656
OG0000857	Syat	Prbg.g_01174	Syat.g_00500
OG0000857	Syan	Prbg.g_01174	Syan.g_00672
OG0000857	Syao	Prbg.g_01174	Syao.g_00774
OG0000857	Syae	Prbg.g_01174	Syae.g_00503
OG0000857	Syaa	Prbg.g_01174	Syaa.g_01188
OG0000857	Syac	Prbg.g_01174	Syac.g_01323
OG0000857	Syah	Prbg.g_01174	Syah.g_01761
OG0000857	Pram	Prbg.g_01174	Pram.g_00824
OG0000857	Prbh	Prbg.g_01174	Prbh.g_00968
OG0000857	Prak	Prbg.g_01174	Prak.g_00860
OG0000857	Prap	Prbg.g_01174	Prap.g_00768
OG0000857	Prbe	Prbg.g_01174	Prbe.g_01237
OG0000857	Prbf	Prbg.g_01174	Prbf.g_01230
OG0000857	Prbn	Prbg.g_01174	Prbn.g_01531
OG0000858	Prab	Prbg.g_01643	Prab.g_01663
OG0000858	Pran	Prbg.g_01643	Pran.g_00964
OG0000858	Prai	Prbg.g_01643	Prai.g_01632
OG0000858	Prao	Prbg.g_01643	Prao.g_01546
OG0000858	Prae	Prbg.g_01643	Prae.g_01617
OG0000858	Prax	Prbg.g_01643	Prax.g_01565
OG0000858	Prbi	Prbg.g_01643	Prbi.g_01781
OG0000858	Pras	Prbg.g_01643	Pras.g_00544
OG0000858	Prau	Prbg.g_01643	Prau.g_01726
OG0000858	Praa	Prbg.g_01643	Praa.g_01629
OG0000858	Prbd	Prbg.g_01643	Prbd.g_01531
OG0000858	Prav	Prbg.g_01643	Prav.g_01755
OG0000858	Prag	Prbg.g_01643	Prag.g_01663
OG0000858	Praw	Prbg.g_01643	Praw.g_00509
OG0000858	Prac	Prbg.g_01643	Prac.g_00631
OG0000858	Praq	Prbg.g_01643	Praq.g_01953
OG0000858	Prar	Prbg.g_01643	Prar.g_01149
OG0000858	Prad	Prbg.g_01643	Prad.g_00947
OG0000858	Pray	Prbg.g_01643	Pray.g_01565
OG0000858	Praz	Prbg.g_01643	Praz.g_00883
OG0000858	Prba	Prbg.g_01643	Prba.g_00232
OG0000858	Prat	Prbg.g_01643	Prat.g_01585
OG0000858	Pral	Prbg.g_01643	Pral.g_00100
OG0000858	Prbm	Prbg.g_01643	Prbm.g_01835
OG0000858	Prbb	Prbg.g_01643	Prbb.g_01817
OG0000858	Praj	Prbg.g_01643	Praj.g_01763
OG0000858	Prbc	Prbg.g_01643	Prbc.g_00827
OG0000858	Praf	Prbg.g_01643	Praf.g_00490
OG0000858	Prbj	Prbg.g_01643	Prbj.g_00868
OG0000858	Prbk	Prbg.g_01643	Prbk.g_00918
OG0000858	Prbl	Prbg.g_01643	Prbl.g_00404
OG0000858	Prah	Prbg.g_01643	Prah.g_01667
OG0000858	Syak	Prbg.g_01643	Syak.g_02426
OG0000858	Syan	Prbg.g_01643	Syan.g_01389
OG0000858	Syao	Prbg.g_01643	Syao.g_01567
OG0000858	Syar	Prbg.g_01643	Syar.g_02920
OG0000858	Syat	Prbg.g_01643	Syat.g_03114
OG0000858	Syap	Prbg.g_01643	Syap.g_00612
OG0000858	Syas	Prbg.g_01643	Syas.g_02693
OG0000858	Syaq	Prbg.g_01643	Syaq.g_01682
OG0000858	Syad	Prbg.g_01643	Syad.g_02613
OG0000858	Syaj	Prbg.g_01643	Syaj.g_01708
OG0000858	Syag	Prbg.g_01643	Syag.g_01677
OG0000858	Syab	Prbg.g_01643	Syab.g_02244
OG0000858	Syal	Prbg.g_01643	Syal.g_00576
OG0000858	Syaf	Prbg.g_01643	Syaf.g_01047
OG0000858	Syai	Prbg.g_01643	Syai.g_02366
OG0000858	Syam	Prbg.g_01643	Syam.g_01980
OG0000858	Syae	Prbg.g_01643	Syae.g_01153
OG0000858	Syaa	Prbg.g_01643	Syaa.g_00563
OG0000858	Syac	Prbg.g_01643	Syac.g_00559
OG0000858	Syah	Prbg.g_01643	Syah.g_02373
OG0000858	Pram	Prbg.g_01643	Pram.g_01625
OG0000858	Prbh	Prbg.g_01643	Prbh.g_01789
OG0000858	Prak	Prbg.g_01643	Prak.g_01638
OG0000858	Prap	Prbg.g_01643	Prap.g_01786
OG0000858	Prbe	Prbg.g_01643	Prbe.g_00992
OG0000858	Prbf	Prbg.g_01643	Prbf.g_00700
OG0000858	Prbn	Prbg.g_01643	Prbn.g_01738
OG0000859	Prac	Prbg.g_01644	Prac.g_00630
OG0000859	Praq	Prbg.g_01644	Praq.g_01952
OG0000859	Prar	Prbg.g_01644	Prar.g_01148
OG0000859	Prab	Prbg.g_01644	Prab.g_01664
OG0000859	Pran	Prbg.g_01644	Pran.g_00965
OG0000859	Prai	Prbg.g_01644	Prai.g_01633
OG0000859	Prag	Prbg.g_01644	Prag.g_01664
OG0000859	Praw	Prbg.g_01644	Praw.g_00510
OG0000859	Pras	Prbg.g_01644	Pras.g_00545
OG0000859	Prau	Prbg.g_01644	Prau.g_01727
OG0000859	Prax	Prbg.g_01644	Prax.g_01564
OG0000859	Prbi	Prbg.g_01644	Prbi.g_01782
OG0000859	Prbd	Prbg.g_01644	Prbd.g_01530
OG0000859	Praa	Prbg.g_01644	Praa.g_01630
OG0000859	Prad	Prbg.g_01644	Prad.g_00946
OG0000859	Pray	Prbg.g_01644	Pray.g_01564
OG0000859	Praz	Prbg.g_01644	Praz.g_00882
OG0000859	Prba	Prbg.g_01644	Prba.g_00231
OG0000859	Prae	Prbg.g_01644	Prae.g_01618
OG0000859	Prav	Prbg.g_01644	Prav.g_01756
OG0000859	Prao	Prbg.g_01644	Prao.g_01547
OG0000859	Prbm	Prbg.g_01644	Prbm.g_01836
OG0000859	Prbc	Prbg.g_01644	Prbc.g_00828
OG0000859	Praj	Prbg.g_01644	Praj.g_01764
OG0000859	Prbb	Prbg.g_01644	Prbb.g_01818
OG0000859	Syat	Prbg.g_01644	Syat.g_03115
OG0000859	Syap	Prbg.g_01644	Syap.g_00613
OG0000859	Syar	Prbg.g_01644	Syar.g_02921
OG0000859	Syan	Prbg.g_01644	Syan.g_01390
OG0000859	Syao	Prbg.g_01644	Syao.g_01566
OG0000859	Syas	Prbg.g_01644	Syas.g_02692
OG0000859	Pral	Prbg.g_01644	Pral.g_00101
OG0000859	Syad	Prbg.g_01644	Syad.g_02614
OG0000859	Syaj	Prbg.g_01644	Syaj.g_01709
OG0000859	Syaa	Prbg.g_01644	Syaa.g_00562
OG0000859	Syac	Prbg.g_01644	Syac.g_00558
OG0000859	Syah	Prbg.g_01644	Syah.g_02374
OG0000859	Syaq	Prbg.g_01644	Syaq.g_01681
OG0000859	Syae	Prbg.g_01644	Syae.g_01154
OG0000859	Syab	Prbg.g_01644	Syab.g_02245
OG0000859	Syal	Prbg.g_01644	Syal.g_00577
OG0000859	Syag	Prbg.g_01644	Syag.g_01678
OG0000859	Syai	Prbg.g_01644	Syai.g_02367
OG0000859	Syaf	Prbg.g_01644	Syaf.g_01046
OG0000859	Syak	Prbg.g_01644	Syak.g_02425
OG0000859	Prah	Prbg.g_01644	Prah.g_01668
OG0000859	Praf	Prbg.g_01644	Praf.g_00489
OG0000859	Prbj	Prbg.g_01644	Prbj.g_00867
OG0000859	Prbk	Prbg.g_01644	Prbk.g_00917
OG0000859	Prbl	Prbg.g_01644	Prbl.g_00403
OG0000859	Syam	Prbg.g_01644	Syam.g_01981
OG0000859	Prat	Prbg.g_01644	Prat.g_01586
OG0000859	Pram	Prbg.g_01644	Pram.g_01626
OG0000859	Prbh	Prbg.g_01644	Prbh.g_01788
OG0000859	Prak	Prbg.g_01644	Prak.g_01639
OG0000859	Prap	Prbg.g_01644	Prap.g_01785
OG0000859	Prbe	Prbg.g_01644	Prbe.g_00991
OG0000859	Prbf	Prbg.g_01644	Prbf.g_00699
OG0000859	Prbn	Prbg.g_01644	Prbn.g_01739
OG0000860	Prab	Prbg.g_01652	Prab.g_01671
OG0000860	Pran	Prbg.g_01652	Pran.g_00972
OG0000860	Prai	Prbg.g_01652	Prai.g_01640
OG0000860	Prav	Prbg.g_01652	Prav.g_01763
OG0000860	Prag	Prbg.g_01652	Prag.g_01671
OG0000860	Praw	Prbg.g_01652	Praw.g_00517
OG0000860	Prad	Prbg.g_01652	Prad.g_00939
OG0000860	Prao	Prbg.g_01652	Prao.g_01554
OG0000860	Prac	Prbg.g_01652	Prac.g_00623
OG0000860	Praq	Prbg.g_01652	Praq.g_00495
OG0000860	Prar	Prbg.g_01652	Prar.g_01141
OG0000860	Pras	Prbg.g_01652	Pras.g_00552
OG0000860	Prau	Prbg.g_01652	Prau.g_01734
OG0000860	Praa	Prbg.g_01652	Praa.g_01637
OG0000860	Prbi	Prbg.g_01652	Prbi.g_01789
OG0000860	Prae	Prbg.g_01652	Prae.g_01625
OG0000860	Prax	Prbg.g_01652	Prax.g_01557
OG0000860	Pray	Prbg.g_01652	Pray.g_01557
OG0000860	Praz	Prbg.g_01652	Praz.g_00875
OG0000860	Prba	Prbg.g_01652	Prba.g_00618
OG0000860	Prbd	Prbg.g_01652	Prbd.g_01523
OG0000860	Prah	Prbg.g_01652	Prah.g_01678
OG0000860	Praf	Prbg.g_01652	Praf.g_00478
OG0000860	Prbj	Prbg.g_01652	Prbj.g_00855
OG0000860	Prbk	Prbg.g_01652	Prbk.g_00905
OG0000860	Prbl	Prbg.g_01652	Prbl.g_00392
OG0000860	Syap	Prbg.g_01652	Syap.g_00623
OG0000860	Syas	Prbg.g_01652	Syas.g_02679
OG0000860	Syan	Prbg.g_01652	Syan.g_01402
OG0000860	Syao	Prbg.g_01652	Syao.g_01552
OG0000860	Syat	Prbg.g_01652	Syat.g_03126
OG0000860	Syar	Prbg.g_01652	Syar.g_02931
OG0000860	Syaq	Prbg.g_01652	Syaq.g_01671
OG0000860	Syae	Prbg.g_01652	Syae.g_01165
OG0000860	Syad	Prbg.g_01652	Syad.g_02625
OG0000860	Syaj	Prbg.g_01652	Syaj.g_01723
OG0000860	Syac	Prbg.g_01652	Syac.g_00542
OG0000860	Syah	Prbg.g_01652	Syah.g_02386
OG0000860	Syaa	Prbg.g_01652	Syaa.g_00549
OG0000860	Syam	Prbg.g_01652	Syam.g_01992
OG0000860	Syaf	Prbg.g_01652	Syaf.g_01031
OG0000860	Syai	Prbg.g_01652	Syai.g_02380
OG0000860	Syab	Prbg.g_01652	Syab.g_02258
OG0000860	Syal	Prbg.g_01652	Syal.g_00589
OG0000860	Syag	Prbg.g_01652	Syag.g_01689
OG0000860	Syak	Prbg.g_01652	Syak.g_02414
OG0000860	Praj	Prbg.g_01652	Praj.g_01770
OG0000860	Prbb	Prbg.g_01652	Prbb.g_01825
OG0000860	Prbc	Prbg.g_01652	Prbc.g_00834
OG0000860	Prbm	Prbg.g_01652	Prbm.g_01843
OG0000860	Pral	Prbg.g_01652	Pral.g_00109
OG0000860	Prat	Prbg.g_01652	Prat.g_01594
OG0000860	Pram	Prbg.g_01652	Pram.g_01634
OG0000860	Prbh	Prbg.g_01652	Prbh.g_01780
OG0000860	Prbn	Prbg.g_01652	Prbn.g_01747
OG0000860	Prak	Prbg.g_01652	Prak.g_01647
OG0000860	Prap	Prbg.g_01652	Prap.g_01777
OG0000860	Prbe	Prbg.g_01652	Prbe.g_00983
OG0000860	Prbf	Prbg.g_01652	Prbf.g_00691
OG0000861	Prab	Prbg.g_01653	Prab.g_01672
OG0000861	Pran	Prbg.g_01653	Pran.g_00973
OG0000861	Prai	Prbg.g_01653	Prai.g_01641
OG0000861	Prbd	Prbg.g_01653	Prbd.g_01522
OG0000861	Prae	Prbg.g_01653	Prae.g_01626
OG0000861	Pras	Prbg.g_01653	Pras.g_00553
OG0000861	Prau	Prbg.g_01653	Prau.g_01735
OG0000861	Prbi	Prbg.g_01653	Prbi.g_01790
OG0000861	Praa	Prbg.g_01653	Praa.g_01638
OG0000861	Prad	Prbg.g_01653	Prad.g_00938
OG0000861	Prax	Prbg.g_01653	Prax.g_01556
OG0000861	Prac	Prbg.g_01653	Prac.g_00622
OG0000861	Praq	Prbg.g_01653	Praq.g_00494
OG0000861	Prar	Prbg.g_01653	Prar.g_01140
OG0000861	Prao	Prbg.g_01653	Prao.g_01555
OG0000861	Prav	Prbg.g_01653	Prav.g_01764
OG0000861	Prag	Prbg.g_01653	Prag.g_01672
OG0000861	Praw	Prbg.g_01653	Praw.g_00518
OG0000861	Pray	Prbg.g_01653	Pray.g_01556
OG0000861	Praz	Prbg.g_01653	Praz.g_00874
OG0000861	Prba	Prbg.g_01653	Prba.g_00617
OG0000861	Syaa	Prbg.g_01653	Syaa.g_00548
OG0000861	Syac	Prbg.g_01653	Syac.g_00541
OG0000861	Syah	Prbg.g_01653	Syah.g_02387
OG0000861	Syai	Prbg.g_01653	Syai.g_02381
OG0000861	Syaf	Prbg.g_01653	Syaf.g_01030
OG0000861	Syam	Prbg.g_01653	Syam.g_01993
OG0000861	Syae	Prbg.g_01653	Syae.g_01166
OG0000861	Syad	Prbg.g_01653	Syad.g_02626
OG0000861	Syaj	Prbg.g_01653	Syaj.g_01724
OG0000861	Syak	Prbg.g_01653	Syak.g_02413
OG0000861	Syag	Prbg.g_01653	Syag.g_01690
OG0000861	Syab	Prbg.g_01653	Syab.g_02259
OG0000861	Syal	Prbg.g_01653	Syal.g_00590
OG0000861	Syaq	Prbg.g_01653	Syaq.g_01670
OG0000861	Syan	Prbg.g_01653	Syan.g_01403
OG0000861	Syao	Prbg.g_01653	Syao.g_01551
OG0000861	Syat	Prbg.g_01653	Syat.g_03127
OG0000861	Syap	Prbg.g_01653	Syap.g_02789
OG0000861	Syas	Prbg.g_01653	Syas.g_02678
OG0000861	Syar	Prbg.g_01653	Syar.g_02932
OG0000861	Praf	Prbg.g_01653	Praf.g_00477
OG0000861	Prah	Prbg.g_01653	Prah.g_01679
OG0000861	Prbj	Prbg.g_01653	Prbj.g_00854
OG0000861	Prbk	Prbg.g_01653	Prbk.g_00904
OG0000861	Prbl	Prbg.g_01653	Prbl.g_00391
OG0000861	Prat	Prbg.g_01653	Prat.g_01595
OG0000861	Pral	Prbg.g_01653	Pral.g_00110
OG0000861	Prbb	Prbg.g_01653	Prbb.g_01826
OG0000861	Praj	Prbg.g_01653	Praj.g_01771
OG0000861	Prbm	Prbg.g_01653	Prbm.g_01844
OG0000861	Prbc	Prbg.g_01653	Prbc.g_00835
OG0000861	Pram	Prbg.g_01653	Pram.g_01635
OG0000861	Prbh	Prbg.g_01653	Prbh.g_01779
OG0000861	Prak	Prbg.g_01653	Prak.g_01648
OG0000861	Prap	Prbg.g_01653	Prap.g_01776
OG0000861	Prbe	Prbg.g_01653	Prbe.g_00982
OG0000861	Prbf	Prbg.g_01653	Prbf.g_00690
OG0000861	Prbn	Prbg.g_01653	Prbn.g_01748
OG0000862	Prab	Prbg.g_01654	Prab.g_01673
OG0000862	Pran	Prbg.g_01654	Pran.g_00974
OG0000862	Prai	Prbg.g_01654	Prai.g_01642
OG0000862	Prax	Prbg.g_01654	Prax.g_01555
OG0000862	Prac	Prbg.g_01654	Prac.g_00621
OG0000862	Praq	Prbg.g_01654	Praq.g_00493
OG0000862	Prar	Prbg.g_01654	Prar.g_01139
OG0000862	Prao	Prbg.g_01654	Prao.g_01556
OG0000862	Prad	Prbg.g_01654	Prad.g_00937
OG0000862	Prae	Prbg.g_01654	Prae.g_01627
OG0000862	Prag	Prbg.g_01654	Prag.g_01673
OG0000862	Praw	Prbg.g_01654	Praw.g_00519
OG0000862	Prav	Prbg.g_01654	Prav.g_01765
OG0000862	Praa	Prbg.g_01654	Praa.g_01639
OG0000862	Prbi	Prbg.g_01654	Prbi.g_01791
OG0000862	Pray	Prbg.g_01654	Pray.g_01555
OG0000862	Praz	Prbg.g_01654	Praz.g_00873
OG0000862	Prba	Prbg.g_01654	Prba.g_00616
OG0000862	Prbd	Prbg.g_01654	Prbd.g_01521
OG0000862	Pras	Prbg.g_01654	Pras.g_00554
OG0000862	Prau	Prbg.g_01654	Prau.g_01736
OG0000862	Prbm	Prbg.g_01654	Prbm.g_01845
OG0000862	Prbb	Prbg.g_01654	Prbb.g_01827
OG0000862	Prbc	Prbg.g_01654	Prbc.g_00836
OG0000862	Praj	Prbg.g_01654	Praj.g_01772
OG0000862	Syag	Prbg.g_01654	Syag.g_01693
OG0000862	Syak	Prbg.g_01654	Syak.g_02412
OG0000862	Syaq	Prbg.g_01654	Syaq.g_01668
OG0000862	Syab	Prbg.g_01654	Syab.g_02261
OG0000862	Syal	Prbg.g_01654	Syal.g_00591
OG0000862	Prah	Prbg.g_01654	Prah.g_01681
OG0000862	Praf	Prbg.g_01654	Praf.g_00475
OG0000862	Prbj	Prbg.g_01654	Prbj.g_00852
OG0000862	Prbk	Prbg.g_01654	Prbk.g_00902
OG0000862	Prbl	Prbg.g_01654	Prbl.g_00389
OG0000862	Syas	Prbg.g_01654	Syas.g_02677
OG0000862	Syar	Prbg.g_01654	Syar.g_02942
OG0000862	Syap	Prbg.g_01654	Syap.g_01789
OG0000862	Syan	Prbg.g_01654	Syan.g_01412
OG0000862	Syao	Prbg.g_01654	Syao.g_01542
OG0000862	Syat	Prbg.g_01654	Syat.g_03136
OG0000862	Syac	Prbg.g_01654	Syac.g_00540
OG0000862	Syah	Prbg.g_01654	Syah.g_02389
OG0000862	Syaa	Prbg.g_01654	Syaa.g_00547
OG0000862	Syam	Prbg.g_01654	Syam.g_01994
OG0000862	Syaf	Prbg.g_01654	Syaf.g_01029
OG0000862	Syai	Prbg.g_01654	Syai.g_02382
OG0000862	Syae	Prbg.g_01654	Syae.g_01167
OG0000862	Syad	Prbg.g_01654	Syad.g_02628
OG0000862	Syaj	Prbg.g_01654	Syaj.g_01725
OG0000862	Pral	Prbg.g_01654	Pral.g_00111
OG0000862	Prat	Prbg.g_01654	Prat.g_01596
OG0000862	Pram	Prbg.g_01654	Pram.g_01636
OG0000862	Prbh	Prbg.g_01654	Prbh.g_01778
OG0000862	Prak	Prbg.g_01654	Prak.g_01649
OG0000862	Prap	Prbg.g_01654	Prap.g_01775
OG0000862	Prbe	Prbg.g_01654	Prbe.g_00981
OG0000862	Prbf	Prbg.g_01654	Prbf.g_00689
OG0000862	Prbn	Prbg.g_01654	Prbn.g_01749
OG0000863	Prab	Prbg.g_01656	Prab.g_01675
OG0000863	Pran	Prbg.g_01656	Pran.g_00976
OG0000863	Prai	Prbg.g_01656	Prai.g_01644
OG0000863	Prao	Prbg.g_01656	Prao.g_01558
OG0000863	Prad	Prbg.g_01656	Prad.g_00935
OG0000863	Prax	Prbg.g_01656	Prax.g_01553
OG0000863	Prbi	Prbg.g_01656	Prbi.g_01793
OG0000863	Pras	Prbg.g_01656	Pras.g_00556
OG0000863	Prau	Prbg.g_01656	Prau.g_01738
OG0000863	Pray	Prbg.g_01656	Pray.g_01553
OG0000863	Praz	Prbg.g_01656	Praz.g_00871
OG0000863	Prba	Prbg.g_01656	Prba.g_00614
OG0000863	Prbd	Prbg.g_01656	Prbd.g_01519
OG0000863	Praa	Prbg.g_01656	Praa.g_01641
OG0000863	Prae	Prbg.g_01656	Prae.g_01629
OG0000863	Prag	Prbg.g_01656	Prag.g_01675
OG0000863	Praw	Prbg.g_01656	Praw.g_00521
OG0000863	Prav	Prbg.g_01656	Prav.g_01767
OG0000863	Prac	Prbg.g_01656	Prac.g_00619
OG0000863	Praq	Prbg.g_01656	Praq.g_00491
OG0000863	Prar	Prbg.g_01656	Prar.g_01137
OG0000863	Prbm	Prbg.g_01656	Prbm.g_01846
OG0000863	Praj	Prbg.g_01656	Praj.g_01773
OG0000863	Prbb	Prbg.g_01656	Prbb.g_01828
OG0000863	Prbc	Prbg.g_01656	Prbc.g_00837
OG0000863	Pral	Prbg.g_01656	Pral.g_00113
OG0000863	Prat	Prbg.g_01656	Prat.g_01598
OG0000863	Prbj	Prbg.g_01656	Prbj.g_00495
OG0000863	Prbk	Prbg.g_01656	Prbk.g_01451
OG0000863	Prbl	Prbg.g_01656	Prbl.g_00385
OG0000863	Praf	Prbg.g_01656	Praf.g_00472
OG0000863	Prah	Prbg.g_01656	Prah.g_01685
OG0000863	Syas	Prbg.g_01656	Syas.g_02675
OG0000863	Syap	Prbg.g_01656	Syap.g_01784
OG0000863	Syad	Prbg.g_01656	Syad.g_02631
OG0000863	Syaj	Prbg.g_01656	Syaj.g_01728
OG0000863	Syaa	Prbg.g_01656	Syaa.g_00543
OG0000863	Syac	Prbg.g_01656	Syac.g_00538
OG0000863	Syah	Prbg.g_01656	Syah.g_02391
OG0000863	Syaf	Prbg.g_01656	Syaf.g_01026
OG0000863	Syai	Prbg.g_01656	Syai.g_02385
OG0000863	Syam	Prbg.g_01656	Syam.g_01996
OG0000863	Syae	Prbg.g_01656	Syae.g_01170
OG0000863	Syag	Prbg.g_01656	Syag.g_01695
OG0000863	Syak	Prbg.g_01656	Syak.g_02409
OG0000863	Syaq	Prbg.g_01656	Syaq.g_01665
OG0000863	Syab	Prbg.g_01656	Syab.g_02265
OG0000863	Syal	Prbg.g_01656	Syal.g_00594
OG0000863	Syan	Prbg.g_01656	Syan.g_01414
OG0000863	Syao	Prbg.g_01656	Syao.g_01540
OG0000863	Syat	Prbg.g_01656	Syat.g_03138
OG0000863	Syar	Prbg.g_01656	Syar.g_02944
OG0000863	Pram	Prbg.g_01656	Pram.g_01638
OG0000863	Prbh	Prbg.g_01656	Prbh.g_01776
OG0000863	Prak	Prbg.g_01656	Prak.g_01651
OG0000863	Prap	Prbg.g_01656	Prap.g_01773
OG0000863	Prbe	Prbg.g_01656	Prbe.g_00979
OG0000863	Prbf	Prbg.g_01656	Prbf.g_00687
OG0000863	Prbn	Prbg.g_01656	Prbn.g_01751
OG0000864	Prab	Prbg.g_01657	Prab.g_01676
OG0000864	Pran	Prbg.g_01657	Pran.g_00977
OG0000864	Prai	Prbg.g_01657	Prai.g_01645
OG0000864	Prac	Prbg.g_01657	Prac.g_00618
OG0000864	Prar	Prbg.g_01657	Prar.g_01136
OG0000864	Praq	Prbg.g_01657	Praq.g_00490
OG0000864	Prad	Prbg.g_01657	Prad.g_00934
OG0000864	Praa	Prbg.g_01657	Praa.g_01642
OG0000864	Prae	Prbg.g_01657	Prae.g_01630
OG0000864	Prbd	Prbg.g_01657	Prbd.g_01518
OG0000864	Prax	Prbg.g_01657	Prax.g_01552
OG0000864	Pray	Prbg.g_01657	Pray.g_01552
OG0000864	Praz	Prbg.g_01657	Praz.g_00870
OG0000864	Prba	Prbg.g_01657	Prba.g_00613
OG0000864	Prao	Prbg.g_01657	Prao.g_01559
OG0000864	Prag	Prbg.g_01657	Prag.g_01676
OG0000864	Praw	Prbg.g_01657	Praw.g_00522
OG0000864	Prav	Prbg.g_01657	Prav.g_01768
OG0000864	Prbi	Prbg.g_01657	Prbi.g_01794
OG0000864	Pras	Prbg.g_01657	Pras.g_00557
OG0000864	Prau	Prbg.g_01657	Prau.g_01739
OG0000864	Syan	Prbg.g_01657	Syan.g_00969
OG0000864	Syao	Prbg.g_01657	Syao.g_01017
OG0000864	Prbj	Prbg.g_01657	Prbj.g_00494
OG0000864	Prbk	Prbg.g_01657	Prbk.g_01450
OG0000864	Prbl	Prbg.g_01657	Prbl.g_00383
OG0000864	Prah	Prbg.g_01657	Prah.g_01687
OG0000864	Praf	Prbg.g_01657	Praf.g_00471
OG0000864	Syap	Prbg.g_01657	Syap.g_01783
OG0000864	Syas	Prbg.g_01657	Syas.g_02674
OG0000864	Syar	Prbg.g_01657	Syar.g_02945
OG0000864	Syat	Prbg.g_01657	Syat.g_03139
OG0000864	Syam	Prbg.g_01657	Syam.g_01997
OG0000864	Syai	Prbg.g_01657	Syai.g_02386
OG0000864	Syaf	Prbg.g_01657	Syaf.g_01025
OG0000864	Syac	Prbg.g_01657	Syac.g_00537
OG0000864	Syah	Prbg.g_01657	Syah.g_02392
OG0000864	Syaa	Prbg.g_01657	Syaa.g_00542
OG0000864	Syae	Prbg.g_01657	Syae.g_01171
OG0000864	Syad	Prbg.g_01657	Syad.g_02632
OG0000864	Syaj	Prbg.g_01657	Syaj.g_01729
OG0000864	Syak	Prbg.g_01657	Syak.g_02408
OG0000864	Syab	Prbg.g_01657	Syab.g_02266
OG0000864	Syal	Prbg.g_01657	Syal.g_00595
OG0000864	Syag	Prbg.g_01657	Syag.g_01696
OG0000864	Syaq	Prbg.g_01657	Syaq.g_01664
OG0000864	Prbb	Prbg.g_01657	Prbb.g_01829
OG0000864	Prbm	Prbg.g_01657	Prbm.g_01847
OG0000864	Praj	Prbg.g_01657	Praj.g_01774
OG0000864	Prbc	Prbg.g_01657	Prbc.g_00838
OG0000864	Pral	Prbg.g_01657	Pral.g_00114
OG0000864	Prat	Prbg.g_01657	Prat.g_01599
OG0000864	Pram	Prbg.g_01657	Pram.g_01639
OG0000864	Prbh	Prbg.g_01657	Prbh.g_01775
OG0000864	Prak	Prbg.g_01657	Prak.g_01652
OG0000864	Prap	Prbg.g_01657	Prap.g_01772
OG0000864	Prbe	Prbg.g_01657	Prbe.g_00978
OG0000864	Prbf	Prbg.g_01657	Prbf.g_00686
OG0000864	Prbn	Prbg.g_01657	Prbn.g_01752
OG0000865	Prab	Prbg.g_01658	Prab.g_01677
OG0000865	Pran	Prbg.g_01658	Pran.g_00978
OG0000865	Prai	Prbg.g_01658	Prai.g_01646
OG0000865	Prao	Prbg.g_01658	Prao.g_01560
OG0000865	Prbi	Prbg.g_01658	Prbi.g_01795
OG0000865	Prae	Prbg.g_01658	Prae.g_01631
OG0000865	Prbd	Prbg.g_01658	Prbd.g_01517
OG0000865	Pray	Prbg.g_01658	Pray.g_01551
OG0000865	Praz	Prbg.g_01658	Praz.g_00869
OG0000865	Prba	Prbg.g_01658	Prba.g_00612
OG0000865	Prad	Prbg.g_01658	Prad.g_00933
OG0000865	Prax	Prbg.g_01658	Prax.g_01551
OG0000865	Praa	Prbg.g_01658	Praa.g_01643
OG0000865	Pras	Prbg.g_01658	Pras.g_00558
OG0000865	Prau	Prbg.g_01658	Prau.g_01740
OG0000865	Prag	Prbg.g_01658	Prag.g_01677
OG0000865	Praw	Prbg.g_01658	Praw.g_00523
OG0000865	Prav	Prbg.g_01658	Prav.g_01769
OG0000865	Prac	Prbg.g_01658	Prac.g_00617
OG0000865	Praq	Prbg.g_01658	Praq.g_00489
OG0000865	Prar	Prbg.g_01658	Prar.g_01135
OG0000865	Prbm	Prbg.g_01658	Prbm.g_01848
OG0000865	Praj	Prbg.g_01658	Praj.g_01775
OG0000865	Prbb	Prbg.g_01658	Prbb.g_01830
OG0000865	Prbc	Prbg.g_01658	Prbc.g_00839
OG0000865	Pral	Prbg.g_01658	Pral.g_00115
OG0000865	Prat	Prbg.g_01658	Prat.g_01600
OG0000865	Prah	Prbg.g_01658	Prah.g_01688
OG0000865	Praf	Prbg.g_01658	Praf.g_00470
OG0000865	Prbj	Prbg.g_01658	Prbj.g_00493
OG0000865	Prbk	Prbg.g_01658	Prbk.g_01449
OG0000865	Prbl	Prbg.g_01658	Prbl.g_00382
OG0000865	Syak	Prbg.g_01658	Syak.g_02407
OG0000865	Syab	Prbg.g_01658	Syab.g_02267
OG0000865	Syal	Prbg.g_01658	Syal.g_00596
OG0000865	Syaq	Prbg.g_01658	Syaq.g_01663
OG0000865	Syag	Prbg.g_01658	Syag.g_01697
OG0000865	Syae	Prbg.g_01658	Syae.g_01172
OG0000865	Syac	Prbg.g_01658	Syac.g_00533
OG0000865	Syah	Prbg.g_01658	Syah.g_02396
OG0000865	Syaf	Prbg.g_01658	Syaf.g_01024
OG0000865	Syai	Prbg.g_01658	Syai.g_02387
OG0000865	Syam	Prbg.g_01658	Syam.g_01998
OG0000865	Syaa	Prbg.g_01658	Syaa.g_00541
OG0000865	Syad	Prbg.g_01658	Syad.g_02633
OG0000865	Syaj	Prbg.g_01658	Syaj.g_01730
OG0000865	Syas	Prbg.g_01658	Syas.g_02673
OG0000865	Syat	Prbg.g_01658	Syat.g_03140
OG0000865	Syan	Prbg.g_01658	Syan.g_01415
OG0000865	Syar	Prbg.g_01658	Syar.g_02946
OG0000865	Syap	Prbg.g_01658	Syap.g_01781, Syap.g_01782
OG0000865	Pram	Prbg.g_01658	Pram.g_01640
OG0000865	Prbh	Prbg.g_01658	Prbh.g_01774
OG0000865	Prak	Prbg.g_01658	Prak.g_01653
OG0000865	Prap	Prbg.g_01658	Prap.g_01771
OG0000865	Prbe	Prbg.g_01658	Prbe.g_00977
OG0000865	Prbf	Prbg.g_01658	Prbf.g_00685
OG0000865	Prbn	Prbg.g_01658	Prbn.g_01753
OG0000866	Prai	Prbg.g_01659	Prai.g_01647
OG0000866	Prab	Prbg.g_01659	Prab.g_01678
OG0000866	Pran	Prbg.g_01659	Pran.g_00979
OG0000866	Prac	Prbg.g_01659	Prac.g_00616
OG0000866	Praq	Prbg.g_01659	Praq.g_00488
OG0000866	Prar	Prbg.g_01659	Prar.g_01134
OG0000866	Pray	Prbg.g_01659	Pray.g_01550
OG0000866	Praz	Prbg.g_01659	Praz.g_00868
OG0000866	Prba	Prbg.g_01659	Prba.g_00611
OG0000866	Prbi	Prbg.g_01659	Prbi.g_01796
OG0000866	Prad	Prbg.g_01659	Prad.g_00932
OG0000866	Prax	Prbg.g_01659	Prax.g_01550
OG0000866	Prao	Prbg.g_01659	Prao.g_01561
OG0000866	Pras	Prbg.g_01659	Pras.g_00559
OG0000866	Prau	Prbg.g_01659	Prau.g_01741
OG0000866	Praa	Prbg.g_01659	Praa.g_01644
OG0000866	Prae	Prbg.g_01659	Prae.g_01632
OG0000866	Prbd	Prbg.g_01659	Prbd.g_01516
OG0000866	Prav	Prbg.g_01659	Prav.g_01770
OG0000866	Prag	Prbg.g_01659	Prag.g_01678
OG0000866	Praw	Prbg.g_01659	Praw.g_00524
OG0000866	Pral	Prbg.g_01659	Pral.g_00116
OG0000866	Prat	Prbg.g_01659	Prat.g_01601
OG0000866	Prbm	Prbg.g_01659	Prbm.g_01849
OG0000866	Praj	Prbg.g_01659	Praj.g_01776
OG0000866	Prbc	Prbg.g_01659	Prbc.g_00840
OG0000866	Prbb	Prbg.g_01659	Prbb.g_01831
OG0000866	Syag	Prbg.g_01659	Syag.g_01698
OG0000866	Syaq	Prbg.g_01659	Syaq.g_01662
OG0000866	Syak	Prbg.g_01659	Syak.g_02406
OG0000866	Syab	Prbg.g_01659	Syab.g_02268
OG0000866	Syal	Prbg.g_01659	Syal.g_00597
OG0000866	Syat	Prbg.g_01659	Syat.g_03141
OG0000866	Syar	Prbg.g_01659	Syar.g_02947
OG0000866	Prah	Prbg.g_01659	Prah.g_01689
OG0000866	Praf	Prbg.g_01659	Praf.g_00469
OG0000866	Prbj	Prbg.g_01659	Prbj.g_00492
OG0000866	Prbk	Prbg.g_01659	Prbk.g_01448
OG0000866	Prbl	Prbg.g_01659	Prbl.g_00381
OG0000866	Syap	Prbg.g_01659	Syap.g_01780
OG0000866	Syas	Prbg.g_01659	Syas.g_02672
OG0000866	Syan	Prbg.g_01659	Syan.g_01416
OG0000866	Syao	Prbg.g_01659	Syao.g_01686
OG0000866	Syae	Prbg.g_01659	Syae.g_01173
OG0000866	Syaa	Prbg.g_01659	Syaa.g_00540
OG0000866	Syac	Prbg.g_01659	Syac.g_00532
OG0000866	Syah	Prbg.g_01659	Syah.g_02397
OG0000866	Syam	Prbg.g_01659	Syam.g_01999
OG0000866	Syai	Prbg.g_01659	Syai.g_02388
OG0000866	Syaf	Prbg.g_01659	Syaf.g_01023
OG0000866	Syad	Prbg.g_01659	Syad.g_02634
OG0000866	Syaj	Prbg.g_01659	Syaj.g_01731
OG0000866	Pram	Prbg.g_01659	Pram.g_01641
OG0000866	Prbh	Prbg.g_01659	Prbh.g_01773
OG0000866	Prak	Prbg.g_01659	Prak.g_01654
OG0000866	Prap	Prbg.g_01659	Prap.g_01770
OG0000866	Prbe	Prbg.g_01659	Prbe.g_00976
OG0000866	Prbf	Prbg.g_01659	Prbf.g_00684
OG0000866	Prbn	Prbg.g_01659	Prbn.g_01754
OG0000867	Prab	Prbg.g_01660	Prab.g_01679
OG0000867	Pran	Prbg.g_01660	Pran.g_00980
OG0000867	Prai	Prbg.g_01660	Prai.g_01648
OG0000867	Pray	Prbg.g_01660	Pray.g_01549
OG0000867	Praz	Prbg.g_01660	Praz.g_00867
OG0000867	Prba	Prbg.g_01660	Prba.g_00610
OG0000867	Prao	Prbg.g_01660	Prao.g_01562
OG0000867	Prad	Prbg.g_01660	Prad.g_00931
OG0000867	Prbi	Prbg.g_01660	Prbi.g_01797
OG0000867	Prag	Prbg.g_01660	Prag.g_01679
OG0000867	Praw	Prbg.g_01660	Praw.g_00525
OG0000867	Prax	Prbg.g_01660	Prax.g_01549
OG0000867	Praa	Prbg.g_01660	Praa.g_01645
OG0000867	Prae	Prbg.g_01660	Prae.g_01633
OG0000867	Prbd	Prbg.g_01660	Prbd.g_01515
OG0000867	Prav	Prbg.g_01660	Prav.g_01771
OG0000867	Prac	Prbg.g_01660	Prac.g_00615
OG0000867	Praq	Prbg.g_01660	Praq.g_00487
OG0000867	Prar	Prbg.g_01660	Prar.g_01133
OG0000867	Pras	Prbg.g_01660	Pras.g_00560
OG0000867	Prau	Prbg.g_01660	Prau.g_01742
OG0000867	Prbm	Prbg.g_01660	Prbm.g_01850
OG0000867	Praj	Prbg.g_01660	Praj.g_01777
OG0000867	Prbb	Prbg.g_01660	Prbb.g_01832
OG0000867	Prbc	Prbg.g_01660	Prbc.g_00841
OG0000867	Praf	Prbg.g_01660	Praf.g_00468
OG0000867	Prbj	Prbg.g_01660	Prbj.g_00491
OG0000867	Prbk	Prbg.g_01660	Prbk.g_01447
OG0000867	Prbl	Prbg.g_01660	Prbl.g_00380
OG0000867	Prah	Prbg.g_01660	Prah.g_01690
OG0000867	Syak	Prbg.g_01660	Syak.g_02405
OG0000867	Syab	Prbg.g_01660	Syab.g_02269
OG0000867	Syal	Prbg.g_01660	Syal.g_00598
OG0000867	Syag	Prbg.g_01660	Syag.g_01699
OG0000867	Syaq	Prbg.g_01660	Syaq.g_01661
OG0000867	Syad	Prbg.g_01660	Syad.g_02635
OG0000867	Syaj	Prbg.g_01660	Syaj.g_01732
OG0000867	Syaa	Prbg.g_01660	Syaa.g_00539
OG0000867	Syae	Prbg.g_01660	Syae.g_01174
OG0000867	Syac	Prbg.g_01660	Syac.g_00531
OG0000867	Syah	Prbg.g_01660	Syah.g_02398
OG0000867	Syaf	Prbg.g_01660	Syaf.g_01022
OG0000867	Syai	Prbg.g_01660	Syai.g_02389
OG0000867	Syam	Prbg.g_01660	Syam.g_02000
OG0000867	Syap	Prbg.g_01660	Syap.g_01779
OG0000867	Syas	Prbg.g_01660	Syas.g_02671
OG0000867	Syat	Prbg.g_01660	Syat.g_03142
OG0000867	Syar	Prbg.g_01660	Syar.g_02948
OG0000867	Syan	Prbg.g_01660	Syan.g_01417
OG0000867	Syao	Prbg.g_01660	Syao.g_01685
OG0000867	Pral	Prbg.g_01660	Pral.g_00117
OG0000867	Prat	Prbg.g_01660	Prat.g_01602
OG0000867	Pram	Prbg.g_01660	Pram.g_01642
OG0000867	Prbh	Prbg.g_01660	Prbh.g_01772
OG0000867	Prak	Prbg.g_01660	Prak.g_01655
OG0000867	Prap	Prbg.g_01660	Prap.g_01769
OG0000867	Prbe	Prbg.g_01660	Prbe.g_00975
OG0000867	Prbf	Prbg.g_01660	Prbf.g_00683
OG0000867	Prbn	Prbg.g_01660	Prbn.g_01755
OG0000868	Prax	Prbg.g_01662	Prax.g_01548
OG0000868	Pras	Prbg.g_01662	Pras.g_00561
OG0000868	Prau	Prbg.g_01662	Prau.g_01743
OG0000868	Prae	Prbg.g_01662	Prae.g_01634
OG0000868	Praa	Prbg.g_01662	Praa.g_01646
OG0000868	Prbi	Prbg.g_01662	Prbi.g_01798
OG0000868	Prad	Prbg.g_01662	Prad.g_00930
OG0000868	Pray	Prbg.g_01662	Pray.g_01548
OG0000868	Praz	Prbg.g_01662	Praz.g_00866
OG0000868	Prba	Prbg.g_01662	Prba.g_00609
OG0000868	Prao	Prbg.g_01662	Prao.g_01563
OG0000868	Prbd	Prbg.g_01662	Prbd.g_01514
OG0000868	Prac	Prbg.g_01662	Prac.g_00614
OG0000868	Praq	Prbg.g_01662	Praq.g_00486
OG0000868	Prar	Prbg.g_01662	Prar.g_01132
OG0000868	Prav	Prbg.g_01662	Prav.g_01772
OG0000868	Prag	Prbg.g_01662	Prag.g_01680
OG0000868	Praw	Prbg.g_01662	Praw.g_00526
OG0000868	Prab	Prbg.g_01662	Prab.g_01680
OG0000868	Pran	Prbg.g_01662	Pran.g_00981
OG0000868	Prai	Prbg.g_01662	Prai.g_01649
OG0000868	Prbm	Prbg.g_01662	Prbm.g_01851
OG0000868	Prbb	Prbg.g_01662	Prbb.g_01833
OG0000868	Praj	Prbg.g_01662	Praj.g_01778
OG0000868	Prbc	Prbg.g_01662	Prbc.g_00842
OG0000868	Syap	Prbg.g_01662	Syap.g_01775
OG0000868	Syar	Prbg.g_01662	Syar.g_02950
OG0000868	Syat	Prbg.g_01662	Syat.g_03067
OG0000868	Syan	Prbg.g_01662	Syan.g_01421
OG0000868	Syas	Prbg.g_01662	Syas.g_02667
OG0000868	Syao	Prbg.g_01662	Syao.g_01682
OG0000868	Syaa	Prbg.g_01662	Syaa.g_00536
OG0000868	Prbj	Prbg.g_01662	Prbj.g_00489
OG0000868	Prbk	Prbg.g_01662	Prbk.g_01445
OG0000868	Prbl	Prbg.g_01662	Prbl.g_00378
OG0000868	Praf	Prbg.g_01662	Praf.g_00466
OG0000868	Prah	Prbg.g_01662	Prah.g_01692
OG0000868	Syac	Prbg.g_01662	Syac.g_00529
OG0000868	Syah	Prbg.g_01662	Syah.g_02401
OG0000868	Syae	Prbg.g_01662	Syae.g_01177
OG0000868	Syad	Prbg.g_01662	Syad.g_02637
OG0000868	Syaj	Prbg.g_01662	Syaj.g_01734
OG0000868	Syaf	Prbg.g_01662	Syaf.g_01019
OG0000868	Syai	Prbg.g_01662	Syai.g_02392
OG0000868	Syam	Prbg.g_01662	Syam.g_02003
OG0000868	Syak	Prbg.g_01662	Syak.g_02402
OG0000868	Syab	Prbg.g_01662	Syab.g_02287
OG0000868	Syal	Prbg.g_01662	Syal.g_00604
OG0000868	Syag	Prbg.g_01662	Syag.g_01707
OG0000868	Syaq	Prbg.g_01662	Syaq.g_01659
OG0000868	Pral	Prbg.g_01662	Pral.g_00119
OG0000868	Prat	Prbg.g_01662	Prat.g_01603
OG0000868	Pram	Prbg.g_01662	Pram.g_01644
OG0000868	Prbh	Prbg.g_01662	Prbh.g_01770
OG0000868	Prak	Prbg.g_01662	Prak.g_01657
OG0000868	Prap	Prbg.g_01662	Prap.g_01767
OG0000868	Prbe	Prbg.g_01662	Prbe.g_00973
OG0000868	Prbf	Prbg.g_01662	Prbf.g_00681
OG0000868	Prbn	Prbg.g_01662	Prbn.g_01757
OG0000869	Prac	Prbg.g_01665	Prac.g_00610
OG0000869	Praq	Prbg.g_01665	Praq.g_00482
OG0000869	Prar	Prbg.g_01665	Prar.g_01128
OG0000869	Prag	Prbg.g_01665	Prag.g_01684
OG0000869	Praw	Prbg.g_01665	Praw.g_00530
OG0000869	Prab	Prbg.g_01665	Prab.g_01684
OG0000869	Pran	Prbg.g_01665	Pran.g_00985
OG0000869	Prai	Prbg.g_01665	Prai.g_01653
OG0000869	Prav	Prbg.g_01665	Prav.g_01776
OG0000869	Pras	Prbg.g_01665	Pras.g_00565
OG0000869	Prau	Prbg.g_01665	Prau.g_01747
OG0000869	Prax	Prbg.g_01665	Prax.g_01544
OG0000869	Prae	Prbg.g_01665	Prae.g_01638
OG0000869	Prao	Prbg.g_01665	Prao.g_01567
OG0000869	Pray	Prbg.g_01665	Pray.g_01544
OG0000869	Praz	Prbg.g_01665	Praz.g_00862
OG0000869	Prba	Prbg.g_01665	Prba.g_00605
OG0000869	Prbi	Prbg.g_01665	Prbi.g_01802
OG0000869	Prad	Prbg.g_01665	Prad.g_00926
OG0000869	Praa	Prbg.g_01665	Praa.g_01650
OG0000869	Prbd	Prbg.g_01665	Prbd.g_01510
OG0000869	Prbm	Prbg.g_01665	Prbm.g_01854
OG0000869	Praj	Prbg.g_01665	Praj.g_01781
OG0000869	Prbb	Prbg.g_01665	Prbb.g_01836
OG0000869	Prbc	Prbg.g_01665	Prbc.g_00845
OG0000869	Praf	Prbg.g_01665	Praf.g_00463
OG0000869	Prbj	Prbg.g_01665	Prbj.g_00486
OG0000869	Prbk	Prbg.g_01665	Prbk.g_01442
OG0000869	Prbl	Prbg.g_01665	Prbl.g_00375
OG0000869	Prah	Prbg.g_01665	Prah.g_01695
OG0000869	Syad	Prbg.g_01665	Syad.g_02643
OG0000869	Syaj	Prbg.g_01665	Syaj.g_01742
OG0000869	Syac	Prbg.g_01665	Syac.g_00524
OG0000869	Syah	Prbg.g_01665	Syah.g_02406
OG0000869	Syae	Prbg.g_01665	Syae.g_01182
OG0000869	Syaa	Prbg.g_01665	Syaa.g_00531
OG0000869	Syaf	Prbg.g_01665	Syaf.g_01014
OG0000869	Syam	Prbg.g_01665	Syam.g_02007
OG0000869	Syai	Prbg.g_01665	Syai.g_02396
OG0000869	Syag	Prbg.g_01665	Syag.g_01711
OG0000869	Syaq	Prbg.g_01665	Syaq.g_01656
OG0000869	Syak	Prbg.g_01665	Syak.g_02398
OG0000869	Syab	Prbg.g_01665	Syab.g_02292
OG0000869	Syal	Prbg.g_01665	Syal.g_00609
OG0000869	Syan	Prbg.g_01665	Syan.g_01426
OG0000869	Syap	Prbg.g_01665	Syap.g_01770
OG0000869	Syas	Prbg.g_01665	Syas.g_02662
OG0000869	Syao	Prbg.g_01665	Syao.g_01677
OG0000869	Syar	Prbg.g_01665	Syar.g_02955
OG0000869	Syat	Prbg.g_01665	Syat.g_03054
OG0000869	Pral	Prbg.g_01665	Pral.g_00122
OG0000869	Prat	Prbg.g_01665	Prat.g_01606
OG0000869	Pram	Prbg.g_01665	Pram.g_01647
OG0000869	Prbh	Prbg.g_01665	Prbh.g_01767
OG0000869	Prak	Prbg.g_01665	Prak.g_01660
OG0000869	Prap	Prbg.g_01665	Prap.g_01764
OG0000869	Prbe	Prbg.g_01665	Prbe.g_00970
OG0000869	Prbf	Prbg.g_01665	Prbf.g_00678
OG0000869	Prbn	Prbg.g_01665	Prbn.g_01760
OG0000870	Prac	Prbg.g_01670	Prac.g_00605
OG0000870	Prar	Prbg.g_01670	Prar.g_01123
OG0000870	Praq	Prbg.g_01670	Praq.g_00477
OG0000870	Prag	Prbg.g_01670	Prag.g_01689
OG0000870	Praw	Prbg.g_01670	Praw.g_00535
OG0000870	Prau	Prbg.g_01670	Prau.g_01752
OG0000870	Prab	Prbg.g_01670	Prab.g_01689
OG0000870	Pran	Prbg.g_01670	Pran.g_00990
OG0000870	Prai	Prbg.g_01670	Prai.g_01658
OG0000870	Praa	Prbg.g_01670	Praa.g_01655
OG0000870	Pras	Prbg.g_01670	Pras.g_00570
OG0000870	Prad	Prbg.g_01670	Prad.g_00921
OG0000870	Prae	Prbg.g_01670	Prae.g_01643
OG0000870	Prav	Prbg.g_01670	Prav.g_01781
OG0000870	Prax	Prbg.g_01670	Prax.g_01539
OG0000870	Pray	Prbg.g_01670	Pray.g_01539
OG0000870	Praz	Prbg.g_01670	Praz.g_00857
OG0000870	Prba	Prbg.g_01670	Prba.g_00600
OG0000870	Prbd	Prbg.g_01670	Prbd.g_01505
OG0000870	Prbi	Prbg.g_01670	Prbi.g_01807
OG0000870	Prao	Prbg.g_01670	Prao.g_01572
OG0000870	Praj	Prbg.g_01670	Praj.g_01786
OG0000870	Prbb	Prbg.g_01670	Prbb.g_01841
OG0000870	Prbc	Prbg.g_01670	Prbc.g_00850
OG0000870	Prbm	Prbg.g_01670	Prbm.g_01859
OG0000870	Prbj	Prbg.g_01670	Prbj.g_00481
OG0000870	Prbk	Prbg.g_01670	Prbk.g_01437
OG0000870	Prbl	Prbg.g_01670	Prbl.g_00370
OG0000870	Praf	Prbg.g_01670	Praf.g_00458
OG0000870	Prah	Prbg.g_01670	Prah.g_01700
OG0000870	Syar	Prbg.g_01670	Syar.g_02960
OG0000870	Syat	Prbg.g_01670	Syat.g_03049
OG0000870	Syan	Prbg.g_01670	Syan.g_01431
OG0000870	Syas	Prbg.g_01670	Syas.g_02657
OG0000870	Syak	Prbg.g_01670	Syak.g_02393
OG0000870	Syaq	Prbg.g_01670	Syaq.g_01651
OG0000870	Syao	Prbg.g_01670	Syao.g_01672
OG0000870	Syap	Prbg.g_01670	Syap.g_01401
OG0000870	Syac	Prbg.g_01670	Syac.g_00519
OG0000870	Syah	Prbg.g_01670	Syah.g_02411
OG0000870	Syad	Prbg.g_01670	Syad.g_02648
OG0000870	Syaj	Prbg.g_01670	Syaj.g_01747
OG0000870	Syaf	Prbg.g_01670	Syaf.g_01009
OG0000870	Syai	Prbg.g_01670	Syai.g_02401
OG0000870	Syam	Prbg.g_01670	Syam.g_02012
OG0000870	Syaa	Prbg.g_01670	Syaa.g_00526
OG0000870	Syae	Prbg.g_01670	Syae.g_01187
OG0000870	Syag	Prbg.g_01670	Syag.g_01716
OG0000870	Syab	Prbg.g_01670	Syab.g_02297
OG0000870	Syal	Prbg.g_01670	Syal.g_00614
OG0000870	Pral	Prbg.g_01670	Pral.g_00127
OG0000870	Prat	Prbg.g_01670	Prat.g_01611
OG0000870	Pram	Prbg.g_01670	Pram.g_01652
OG0000870	Prbh	Prbg.g_01670	Prbh.g_01762
OG0000870	Prak	Prbg.g_01670	Prak.g_01665
OG0000870	Prap	Prbg.g_01670	Prap.g_01759
OG0000870	Prbe	Prbg.g_01670	Prbe.g_00965
OG0000870	Prbf	Prbg.g_01670	Prbf.g_00673
OG0000870	Prbn	Prbg.g_01670	Prbn.g_01765
OG0000871	Prac	Prbg.g_01671	Prac.g_00604
OG0000871	Praq	Prbg.g_01671	Praq.g_00476
OG0000871	Prar	Prbg.g_01671	Prar.g_01122
OG0000871	Prab	Prbg.g_01671	Prab.g_01690
OG0000871	Pran	Prbg.g_01671	Pran.g_00991
OG0000871	Prai	Prbg.g_01671	Prai.g_01659
OG0000871	Prav	Prbg.g_01671	Prav.g_01782
OG0000871	Prao	Prbg.g_01671	Prao.g_01573
OG0000871	Prax	Prbg.g_01671	Prax.g_01538
OG0000871	Pras	Prbg.g_01671	Pras.g_00571
OG0000871	Prau	Prbg.g_01671	Prau.g_01753
OG0000871	Pray	Prbg.g_01671	Pray.g_01538
OG0000871	Praz	Prbg.g_01671	Praz.g_00856
OG0000871	Prba	Prbg.g_01671	Prba.g_00599
OG0000871	Prae	Prbg.g_01671	Prae.g_01644
OG0000871	Prbi	Prbg.g_01671	Prbi.g_01808
OG0000871	Prad	Prbg.g_01671	Prad.g_00920
OG0000871	Prbd	Prbg.g_01671	Prbd.g_01504
OG0000871	Praa	Prbg.g_01671	Praa.g_01656
OG0000871	Prag	Prbg.g_01671	Prag.g_01690
OG0000871	Praw	Prbg.g_01671	Praw.g_00536
OG0000871	Praj	Prbg.g_01671	Praj.g_01787
OG0000871	Prbb	Prbg.g_01671	Prbb.g_01842
OG0000871	Prbc	Prbg.g_01671	Prbc.g_00851
OG0000871	Prbm	Prbg.g_01671	Prbm.g_01860
OG0000871	Prbj	Prbg.g_01671	Prbj.g_00480
OG0000871	Prbk	Prbg.g_01671	Prbk.g_01436
OG0000871	Prbl	Prbg.g_01671	Prbl.g_00369
OG0000871	Praf	Prbg.g_01671	Praf.g_00457
OG0000871	Prah	Prbg.g_01671	Prah.g_01701
OG0000871	Syan	Prbg.g_01671	Syan.g_01432
OG0000871	Syad	Prbg.g_01671	Syad.g_02649
OG0000871	Syaj	Prbg.g_01671	Syaj.g_01748
OG0000871	Syae	Prbg.g_01671	Syae.g_01188
OG0000871	Syaf	Prbg.g_01671	Syaf.g_01008
OG0000871	Syam	Prbg.g_01671	Syam.g_02013
OG0000871	Syaa	Prbg.g_01671	Syaa.g_00525
OG0000871	Syai	Prbg.g_01671	Syai.g_02402
OG0000871	Syac	Prbg.g_01671	Syac.g_00518
OG0000871	Syah	Prbg.g_01671	Syah.g_02412
OG0000871	Syab	Prbg.g_01671	Syab.g_02298
OG0000871	Syal	Prbg.g_01671	Syal.g_00615
OG0000871	Syag	Prbg.g_01671	Syag.g_01717
OG0000871	Syaq	Prbg.g_01671	Syaq.g_01650
OG0000871	Syak	Prbg.g_01671	Syak.g_02392
OG0000871	Syas	Prbg.g_01671	Syas.g_02656
OG0000871	Syat	Prbg.g_01671	Syat.g_03048
OG0000871	Syar	Prbg.g_01671	Syar.g_02961
OG0000871	Syap	Prbg.g_01671	Syap.g_01400
OG0000871	Syao	Prbg.g_01671	Syao.g_01671
OG0000871	Pral	Prbg.g_01671	Pral.g_00128
OG0000871	Prat	Prbg.g_01671	Prat.g_01612
OG0000871	Pram	Prbg.g_01671	Pram.g_01653
OG0000871	Prbh	Prbg.g_01671	Prbh.g_01761
OG0000871	Prak	Prbg.g_01671	Prak.g_01666
OG0000871	Prap	Prbg.g_01671	Prap.g_01758
OG0000871	Prbe	Prbg.g_01671	Prbe.g_00964
OG0000871	Prbf	Prbg.g_01671	Prbf.g_00672
OG0000871	Prbn	Prbg.g_01671	Prbn.g_01766
OG0000872	Prac	Prbg.g_01672	Prac.g_00603
OG0000872	Praq	Prbg.g_01672	Praq.g_00475
OG0000872	Prar	Prbg.g_01672	Prar.g_01121
OG0000872	Praa	Prbg.g_01672	Praa.g_01657
OG0000872	Prax	Prbg.g_01672	Prax.g_01537
OG0000872	Prav	Prbg.g_01672	Prav.g_01783
OG0000872	Prad	Prbg.g_01672	Prad.g_00919
OG0000872	Pras	Prbg.g_01672	Pras.g_00572
OG0000872	Prau	Prbg.g_01672	Prau.g_01754
OG0000872	Prbi	Prbg.g_01672	Prbi.g_01809
OG0000872	Prbd	Prbg.g_01672	Prbd.g_01503
OG0000872	Pray	Prbg.g_01672	Pray.g_01537
OG0000872	Praz	Prbg.g_01672	Praz.g_00855
OG0000872	Prba	Prbg.g_01672	Prba.g_00598
OG0000872	Prae	Prbg.g_01672	Prae.g_01645
OG0000872	Prag	Prbg.g_01672	Prag.g_01691
OG0000872	Praw	Prbg.g_01672	Praw.g_00537
OG0000872	Prao	Prbg.g_01672	Prao.g_01574
OG0000872	Prab	Prbg.g_01672	Prab.g_01691
OG0000872	Pran	Prbg.g_01672	Pran.g_00992
OG0000872	Prai	Prbg.g_01672	Prai.g_01660
OG0000872	Prbm	Prbg.g_01672	Prbm.g_01861
OG0000872	Prbb	Prbg.g_01672	Prbb.g_01843
OG0000872	Praj	Prbg.g_01672	Praj.g_01788
OG0000872	Prbc	Prbg.g_01672	Prbc.g_00852
OG0000872	Syat	Prbg.g_01672	Syat.g_03042
OG0000872	Syap	Prbg.g_01672	Syap.g_01394
OG0000872	Syas	Prbg.g_01672	Syas.g_02650
OG0000872	Syan	Prbg.g_01672	Syan.g_01438
OG0000872	Syao	Prbg.g_01672	Syao.g_01665
OG0000872	Syar	Prbg.g_01672	Syar.g_02967
OG0000872	Prbj	Prbg.g_01672	Prbj.g_00478
OG0000872	Prbk	Prbg.g_01672	Prbk.g_01434
OG0000872	Prbl	Prbg.g_01672	Prbl.g_00367
OG0000872	Praf	Prbg.g_01672	Praf.g_00455
OG0000872	Prah	Prbg.g_01672	Prah.g_01703
OG0000872	Syak	Prbg.g_01672	Syak.g_02386
OG0000872	Syab	Prbg.g_01672	Syab.g_02305
OG0000872	Syal	Prbg.g_01672	Syal.g_00621
OG0000872	Syag	Prbg.g_01672	Syag.g_01723
OG0000872	Syaq	Prbg.g_01672	Syaq.g_01644
OG0000872	Syad	Prbg.g_01672	Syad.g_02657
OG0000872	Syaj	Prbg.g_01672	Syaj.g_01756
OG0000872	Syaa	Prbg.g_01672	Syaa.g_00511
OG0000872	Syae	Prbg.g_01672	Syae.g_01196
OG0000872	Syac	Prbg.g_01672	Syac.g_00510
OG0000872	Syah	Prbg.g_01672	Syah.g_02421
OG0000872	Syaf	Prbg.g_01672	Syaf.g_01001
OG0000872	Syai	Prbg.g_01672	Syai.g_02409
OG0000872	Syam	Prbg.g_01672	Syam.g_02021
OG0000872	Prat	Prbg.g_01672	Prat.g_01613
OG0000872	Pral	Prbg.g_01672	Pral.g_00129
OG0000872	Pram	Prbg.g_01672	Pram.g_01654
OG0000872	Prbh	Prbg.g_01672	Prbh.g_01760
OG0000872	Prak	Prbg.g_01672	Prak.g_01667
OG0000872	Prap	Prbg.g_01672	Prap.g_01757
OG0000872	Prbe	Prbg.g_01672	Prbe.g_00963
OG0000872	Prbf	Prbg.g_01672	Prbf.g_00671
OG0000872	Prbn	Prbg.g_01672	Prbn.g_01767
OG0000873	Prac	Prbg.g_01675	Prac.g_00600
OG0000873	Praq	Prbg.g_01675	Praq.g_00472
OG0000873	Prar	Prbg.g_01675	Prar.g_01965
OG0000873	Prae	Prbg.g_01675	Prae.g_01648
OG0000873	Prag	Prbg.g_01675	Prag.g_01694
OG0000873	Praw	Prbg.g_01675	Praw.g_00540
OG0000873	Prax	Prbg.g_01675	Prax.g_01534
OG0000873	Prbi	Prbg.g_01675	Prbi.g_01812
OG0000873	Pray	Prbg.g_01675	Pray.g_01534
OG0000873	Praz	Prbg.g_01675	Praz.g_00852
OG0000873	Prba	Prbg.g_01675	Prba.g_00595
OG0000873	Prbd	Prbg.g_01675	Prbd.g_01500
OG0000873	Praa	Prbg.g_01675	Praa.g_01660
OG0000873	Prad	Prbg.g_01675	Prad.g_00916
OG0000873	Prav	Prbg.g_01675	Prav.g_01786
OG0000873	Prao	Prbg.g_01675	Prao.g_01577
OG0000873	Pras	Prbg.g_01675	Pras.g_00575
OG0000873	Prau	Prbg.g_01675	Prau.g_01757
OG0000873	Prab	Prbg.g_01675	Prab.g_01694
OG0000873	Pran	Prbg.g_01675	Pran.g_00995
OG0000873	Prai	Prbg.g_01675	Prai.g_01663
OG0000873	Pral	Prbg.g_01675	Pral.g_00132
OG0000873	Prbm	Prbg.g_01675	Prbm.g_01864
OG0000873	Praj	Prbg.g_01675	Praj.g_01791
OG0000873	Prbc	Prbg.g_01675	Prbc.g_00855
OG0000873	Prbb	Prbg.g_01675	Prbb.g_01846
OG0000873	Prat	Prbg.g_01675	Prat.g_01616
OG0000873	Praf	Prbg.g_01675	Praf.g_00452
OG0000873	Prbj	Prbg.g_01675	Prbj.g_00475
OG0000873	Prbk	Prbg.g_01675	Prbk.g_01431
OG0000873	Prbl	Prbg.g_01675	Prbl.g_00364
OG0000873	Prah	Prbg.g_01675	Prah.g_01707
OG0000873	Syar	Prbg.g_01675	Syar.g_02970
OG0000873	Syat	Prbg.g_01675	Syat.g_03039
OG0000873	Syac	Prbg.g_01675	Syac.g_00507
OG0000873	Syah	Prbg.g_01675	Syah.g_02424
OG0000873	Syap	Prbg.g_01675	Syap.g_01390
OG0000873	Syao	Prbg.g_01675	Syao.g_01662
OG0000873	Syan	Prbg.g_01675	Syan.g_01441
OG0000873	Syas	Prbg.g_01675	Syas.g_02647
OG0000873	Syag	Prbg.g_01675	Syag.g_01726
OG0000873	Syab	Prbg.g_01675	Syab.g_02308
OG0000873	Syal	Prbg.g_01675	Syal.g_00624
OG0000873	Syak	Prbg.g_01675	Syak.g_02383
OG0000873	Syaq	Prbg.g_01675	Syaq.g_01641
OG0000873	Syad	Prbg.g_01675	Syad.g_02660
OG0000873	Syaj	Prbg.g_01675	Syaj.g_01759
OG0000873	Syae	Prbg.g_01675	Syae.g_01199
OG0000873	Syaa	Prbg.g_01675	Syaa.g_00497
OG0000873	Syam	Prbg.g_01675	Syam.g_02024
OG0000873	Syaf	Prbg.g_01675	Syaf.g_00998
OG0000873	Syai	Prbg.g_01675	Syai.g_02412
OG0000873	Pram	Prbg.g_01675	Pram.g_01657
OG0000873	Prbh	Prbg.g_01675	Prbh.g_01757
OG0000873	Prak	Prbg.g_01675	Prak.g_01670
OG0000873	Prap	Prbg.g_01675	Prap.g_01753
OG0000873	Prbe	Prbg.g_01675	Prbe.g_00960
OG0000873	Prbf	Prbg.g_01675	Prbf.g_00668
OG0000873	Prbn	Prbg.g_01675	Prbn.g_01771
OG0000874	Prab	Prbg.g_01678	Prab.g_01697
OG0000874	Pran	Prbg.g_01678	Pran.g_00998
OG0000874	Prai	Prbg.g_01678	Prai.g_01666
OG0000874	Prac	Prbg.g_01678	Prac.g_00597
OG0000874	Praq	Prbg.g_01678	Praq.g_00469
OG0000874	Prar	Prbg.g_01678	Prar.g_01968
OG0000874	Prae	Prbg.g_01678	Prae.g_01651
OG0000874	Praa	Prbg.g_01678	Praa.g_01663
OG0000874	Prao	Prbg.g_01678	Prao.g_01580
OG0000874	Prbi	Prbg.g_01678	Prbi.g_01815
OG0000874	Prax	Prbg.g_01678	Prax.g_01531
OG0000874	Prbd	Prbg.g_01678	Prbd.g_01497
OG0000874	Pray	Prbg.g_01678	Pray.g_01531
OG0000874	Praz	Prbg.g_01678	Praz.g_00849
OG0000874	Prba	Prbg.g_01678	Prba.g_00592
OG0000874	Prad	Prbg.g_01678	Prad.g_00913
OG0000874	Pras	Prbg.g_01678	Pras.g_00578
OG0000874	Prau	Prbg.g_01678	Prau.g_01760
OG0000874	Prag	Prbg.g_01678	Prag.g_01697
OG0000874	Praw	Prbg.g_01678	Praw.g_00543
OG0000874	Prav	Prbg.g_01678	Prav.g_01789
OG0000874	Prbm	Prbg.g_01678	Prbm.g_01867
OG0000874	Prbc	Prbg.g_01678	Prbc.g_00858
OG0000874	Praj	Prbg.g_01678	Praj.g_01794
OG0000874	Prbb	Prbg.g_01678	Prbb.g_01849
OG0000874	Prbj	Prbg.g_01678	Prbj.g_00471
OG0000874	Prbk	Prbg.g_01678	Prbk.g_01427
OG0000874	Prbl	Prbg.g_01678	Prbl.g_00360
OG0000874	Praf	Prbg.g_01678	Praf.g_00448
OG0000874	Prah	Prbg.g_01678	Prah.g_01711
OG0000874	Syaq	Prbg.g_01678	Syaq.g_01637
OG0000874	Syad	Prbg.g_01678	Syad.g_02655
OG0000874	Syaj	Prbg.g_01678	Syaj.g_01754
OG0000874	Syaa	Prbg.g_01678	Syaa.g_00519
OG0000874	Syaf	Prbg.g_01678	Syaf.g_01002
OG0000874	Syai	Prbg.g_01678	Syai.g_02408
OG0000874	Syam	Prbg.g_01678	Syam.g_02019
OG0000874	Syac	Prbg.g_01678	Syac.g_00512
OG0000874	Syah	Prbg.g_01678	Syah.g_02420
OG0000874	Syae	Prbg.g_01678	Syae.g_01194
OG0000874	Syan	Prbg.g_01678	Syan.g_01443
OG0000874	Syao	Prbg.g_01678	Syao.g_01660
OG0000874	Syap	Prbg.g_01678	Syap.g_01388
OG0000874	Syas	Prbg.g_01678	Syas.g_02645
OG0000874	Syat	Prbg.g_01678	Syat.g_03037
OG0000874	Syar	Prbg.g_01678	Syar.g_02974
OG0000874	Syag	Prbg.g_01678	Syag.g_01729
OG0000874	Syab	Prbg.g_01678	Syab.g_02311
OG0000874	Syal	Prbg.g_01678	Syal.g_00627
OG0000874	Syak	Prbg.g_01678	Syak.g_02379
OG0000874	Pral	Prbg.g_01678	Pral.g_00135
OG0000874	Prat	Prbg.g_01678	Prat.g_01619
OG0000874	Pram	Prbg.g_01678	Pram.g_01660
OG0000874	Prbh	Prbg.g_01678	Prbh.g_01754
OG0000874	Prak	Prbg.g_01678	Prak.g_01673
OG0000874	Prap	Prbg.g_01678	Prap.g_01750
OG0000874	Prbe	Prbg.g_01678	Prbe.g_00957
OG0000874	Prbf	Prbg.g_01678	Prbf.g_00665
OG0000874	Prbn	Prbg.g_01678	Prbn.g_01774
OG0000875	Prab	Prbg.g_01679	Prab.g_01698
OG0000875	Pran	Prbg.g_01679	Pran.g_00999
OG0000875	Prai	Prbg.g_01679	Prai.g_01667
OG0000875	Prao	Prbg.g_01679	Prao.g_01581
OG0000875	Prae	Prbg.g_01679	Prae.g_01652
OG0000875	Prax	Prbg.g_01679	Prax.g_01530
OG0000875	Prbd	Prbg.g_01679	Prbd.g_01496
OG0000875	Prbi	Prbg.g_01679	Prbi.g_01816
OG0000875	Pras	Prbg.g_01679	Pras.g_00579
OG0000875	Prau	Prbg.g_01679	Prau.g_01761
OG0000875	Prag	Prbg.g_01679	Prag.g_01698
OG0000875	Praw	Prbg.g_01679	Praw.g_00544
OG0000875	Praa	Prbg.g_01679	Praa.g_01665
OG0000875	Prac	Prbg.g_01679	Prac.g_00596
OG0000875	Praq	Prbg.g_01679	Praq.g_00468
OG0000875	Prar	Prbg.g_01679	Prar.g_01969
OG0000875	Prad	Prbg.g_01679	Prad.g_00912
OG0000875	Prav	Prbg.g_01679	Prav.g_01790
OG0000875	Pray	Prbg.g_01679	Pray.g_01530
OG0000875	Praz	Prbg.g_01679	Praz.g_00848
OG0000875	Prba	Prbg.g_01679	Prba.g_00591
OG0000875	Prbm	Prbg.g_01679	Prbm.g_01869
OG0000875	Prbb	Prbg.g_01679	Prbb.g_01851
OG0000875	Praj	Prbg.g_01679	Praj.g_01796
OG0000875	Prbc	Prbg.g_01679	Prbc.g_00860
OG0000875	Prbj	Prbg.g_01679	Prbj.g_00470
OG0000875	Prbk	Prbg.g_01679	Prbk.g_01426
OG0000875	Prbl	Prbg.g_01679	Prbl.g_00359
OG0000875	Praf	Prbg.g_01679	Praf.g_00447
OG0000875	Prah	Prbg.g_01679	Prah.g_01713
OG0000875	Syaa	Prbg.g_01679	Syaa.g_00438
OG0000875	Syam	Prbg.g_01679	Syam.g_02026
OG0000875	Syaf	Prbg.g_01679	Syaf.g_00996
OG0000875	Syai	Prbg.g_01679	Syai.g_02416
OG0000875	Syad	Prbg.g_01679	Syad.g_02662
OG0000875	Syaj	Prbg.g_01679	Syaj.g_01762
OG0000875	Syac	Prbg.g_01679	Syac.g_00505
OG0000875	Syah	Prbg.g_01679	Syah.g_02426
OG0000875	Syae	Prbg.g_01679	Syae.g_01244
OG0000875	Syar	Prbg.g_01679	Syar.g_02975
OG0000875	Syat	Prbg.g_01679	Syat.g_03035
OG0000875	Syap	Prbg.g_01679	Syap.g_01386
OG0000875	Syas	Prbg.g_01679	Syas.g_02644
OG0000875	Syan	Prbg.g_01679	Syan.g_01445
OG0000875	Syao	Prbg.g_01679	Syao.g_01658
OG0000875	Syab	Prbg.g_01679	Syab.g_02313
OG0000875	Syal	Prbg.g_01679	Syal.g_00629
OG0000875	Syag	Prbg.g_01679	Syag.g_01731
OG0000875	Syak	Prbg.g_01679	Syak.g_02377
OG0000875	Syaq	Prbg.g_01679	Syaq.g_01633
OG0000875	Pral	Prbg.g_01679	Pral.g_00136
OG0000875	Prat	Prbg.g_01679	Prat.g_01621
OG0000875	Pram	Prbg.g_01679	Pram.g_01662
OG0000875	Prbh	Prbg.g_01679	Prbh.g_01752
OG0000875	Prak	Prbg.g_01679	Prak.g_01674
OG0000875	Prap	Prbg.g_01679	Prap.g_01749
OG0000875	Prbe	Prbg.g_01679	Prbe.g_00956
OG0000875	Prbf	Prbg.g_01679	Prbf.g_00664
OG0000875	Prbn	Prbg.g_01679	Prbn.g_01775
OG0000876	Prab	Prbg.g_01680	Prab.g_01699
OG0000876	Pran	Prbg.g_01680	Pran.g_01000
OG0000876	Prai	Prbg.g_01680	Prai.g_01668
OG0000876	Prao	Prbg.g_01680	Prao.g_01582
OG0000876	Pras	Prbg.g_01680	Pras.g_00580
OG0000876	Prae	Prbg.g_01680	Prae.g_01653
OG0000876	Prag	Prbg.g_01680	Prag.g_01699
OG0000876	Praw	Prbg.g_01680	Praw.g_00545
OG0000876	Prau	Prbg.g_01680	Prau.g_01762
OG0000876	Prax	Prbg.g_01680	Prax.g_01529
OG0000876	Prbi	Prbg.g_01680	Prbi.g_01817
OG0000876	Praa	Prbg.g_01680	Praa.g_01666
OG0000876	Pray	Prbg.g_01680	Pray.g_01529
OG0000876	Praz	Prbg.g_01680	Praz.g_00847
OG0000876	Prba	Prbg.g_01680	Prba.g_00590
OG0000876	Prac	Prbg.g_01680	Prac.g_00595
OG0000876	Praq	Prbg.g_01680	Praq.g_00467
OG0000876	Prar	Prbg.g_01680	Prar.g_01970
OG0000876	Prav	Prbg.g_01680	Prav.g_01791
OG0000876	Prad	Prbg.g_01680	Prad.g_00911
OG0000876	Prbd	Prbg.g_01680	Prbd.g_01495
OG0000876	Prbm	Prbg.g_01680	Prbm.g_01870
OG0000876	Praj	Prbg.g_01680	Praj.g_01797
OG0000876	Prbb	Prbg.g_01680	Prbb.g_01852
OG0000876	Prbc	Prbg.g_01680	Prbc.g_00861
OG0000876	Pral	Prbg.g_01680	Pral.g_00137
OG0000876	Prat	Prbg.g_01680	Prat.g_01622
OG0000876	Syai	Prbg.g_01680	Syai.g_02243
OG0000876	Syaf	Prbg.g_01680	Syaf.g_01198
OG0000876	Syam	Prbg.g_01680	Syam.g_01877
OG0000876	Syac	Prbg.g_01680	Syac.g_00675
OG0000876	Syah	Prbg.g_01680	Syah.g_02250
OG0000876	Syaa	Prbg.g_01680	Syaa.g_00682
OG0000876	Syae	Prbg.g_01680	Syae.g_01020
OG0000876	Syad	Prbg.g_01680	Syad.g_03003
OG0000876	Syaj	Prbg.g_01680	Syaj.g_02084
OG0000876	Syan	Prbg.g_01680	Syan.g_00391
OG0000876	Syao	Prbg.g_01680	Syao.g_00536
OG0000876	Syap	Prbg.g_01680	Syap.g_00822
OG0000876	Syas	Prbg.g_01680	Syas.g_00280
OG0000876	Syar	Prbg.g_01680	Syar.g_01828
OG0000876	Syat	Prbg.g_01680	Syat.g_00745
OG0000876	Syab	Prbg.g_01680	Syab.g_02315
OG0000876	Syal	Prbg.g_01680	Syal.g_00631
OG0000876	Syak	Prbg.g_01680	Syak.g_02375
OG0000876	Syag	Prbg.g_01680	Syag.g_01732
OG0000876	Syaq	Prbg.g_01680	Syaq.g_01631
OG0000876	Prbj	Prbg.g_01680	Prbj.g_00469
OG0000876	Prbk	Prbg.g_01680	Prbk.g_01425
OG0000876	Prbl	Prbg.g_01680	Prbl.g_00358
OG0000876	Praf	Prbg.g_01680	Praf.g_00446
OG0000876	Prah	Prbg.g_01680	Prah.g_01714
OG0000876	Pram	Prbg.g_01680	Pram.g_01663
OG0000876	Prbh	Prbg.g_01680	Prbh.g_01751
OG0000876	Prak	Prbg.g_01680	Prak.g_01675
OG0000876	Prap	Prbg.g_01680	Prap.g_01748
OG0000876	Prbe	Prbg.g_01680	Prbe.g_00955
OG0000876	Prbf	Prbg.g_01680	Prbf.g_00663
OG0000876	Prbn	Prbg.g_01680	Prbn.g_01776
OG0000877	Prab	Prbg.g_01682	Prab.g_01701
OG0000877	Pran	Prbg.g_01682	Pran.g_01002
OG0000877	Prai	Prbg.g_01682	Prai.g_01670
OG0000877	Prad	Prbg.g_01682	Prad.g_00909
OG0000877	Prac	Prbg.g_01682	Prac.g_00593
OG0000877	Praq	Prbg.g_01682	Praq.g_00465
OG0000877	Prar	Prbg.g_01682	Prar.g_01963
OG0000877	Prav	Prbg.g_01682	Prav.g_01793
OG0000877	Pras	Prbg.g_01682	Pras.g_00582
OG0000877	Prax	Prbg.g_01682	Prax.g_01527
OG0000877	Praa	Prbg.g_01682	Praa.g_01668
OG0000877	Prae	Prbg.g_01682	Prae.g_01655
OG0000877	Prau	Prbg.g_01682	Prau.g_01764
OG0000877	Prbd	Prbg.g_01682	Prbd.g_01493
OG0000877	Prbi	Prbg.g_01682	Prbi.g_01819
OG0000877	Pray	Prbg.g_01682	Pray.g_01527
OG0000877	Praz	Prbg.g_01682	Praz.g_00845
OG0000877	Prba	Prbg.g_01682	Prba.g_00588
OG0000877	Prao	Prbg.g_01682	Prao.g_01584
OG0000877	Prag	Prbg.g_01682	Prag.g_01701
OG0000877	Praw	Prbg.g_01682	Praw.g_00547
OG0000877	Prbb	Prbg.g_01682	Prbb.g_01854
OG0000877	Praj	Prbg.g_01682	Praj.g_01799
OG0000877	Prbm	Prbg.g_01682	Prbm.g_01872
OG0000877	Prbc	Prbg.g_01682	Prbc.g_00863
OG0000877	Prbj	Prbg.g_01682	Prbj.g_00466
OG0000877	Prbk	Prbg.g_01682	Prbk.g_01422
OG0000877	Prbl	Prbg.g_01682	Prbl.g_00355
OG0000877	Praf	Prbg.g_01682	Praf.g_00443
OG0000877	Prah	Prbg.g_01682	Prah.g_01717
OG0000877	Syae	Prbg.g_01682	Syae.g_01025
OG0000877	Syad	Prbg.g_01682	Syad.g_02480
OG0000877	Syaj	Prbg.g_01682	Syaj.g_01586
OG0000877	Syaf	Prbg.g_01682	Syaf.g_01188
OG0000877	Syam	Prbg.g_01682	Syam.g_01882
OG0000877	Syai	Prbg.g_01682	Syai.g_02250
OG0000877	Syac	Prbg.g_01682	Syac.g_00671
OG0000877	Syah	Prbg.g_01682	Syah.g_02254
OG0000877	Syaa	Prbg.g_01682	Syaa.g_00679
OG0000877	Syan	Prbg.g_01682	Syan.g_01449
OG0000877	Syao	Prbg.g_01682	Syao.g_01654
OG0000877	Syas	Prbg.g_01682	Syas.g_02603
OG0000877	Syap	Prbg.g_01682	Syap.g_01380
OG0000877	Syat	Prbg.g_01682	Syat.g_03024
OG0000877	Syar	Prbg.g_01682	Syar.g_02977
OG0000877	Syab	Prbg.g_01682	Syab.g_02317
OG0000877	Syal	Prbg.g_01682	Syal.g_00633
OG0000877	Syag	Prbg.g_01682	Syag.g_01734
OG0000877	Syak	Prbg.g_01682	Syak.g_02372
OG0000877	Syaq	Prbg.g_01682	Syaq.g_01628
OG0000877	Pral	Prbg.g_01682	Pral.g_00139
OG0000877	Prat	Prbg.g_01682	Prat.g_01624
OG0000877	Pram	Prbg.g_01682	Pram.g_01665
OG0000877	Prbh	Prbg.g_01682	Prbh.g_01749
OG0000877	Prak	Prbg.g_01682	Prak.g_01677
OG0000877	Prap	Prbg.g_01682	Prap.g_01746
OG0000877	Prbe	Prbg.g_01682	Prbe.g_00953
OG0000877	Prbf	Prbg.g_01682	Prbf.g_00661
OG0000877	Prbn	Prbg.g_01682	Prbn.g_01778
OG0000878	Prab	Prbg.g_01683	Prab.g_01702
OG0000878	Pran	Prbg.g_01683	Pran.g_01003
OG0000878	Prai	Prbg.g_01683	Prai.g_01671
OG0000878	Pras	Prbg.g_01683	Pras.g_00583
OG0000878	Prav	Prbg.g_01683	Prav.g_01794
OG0000878	Prac	Prbg.g_01683	Prac.g_00592
OG0000878	Praq	Prbg.g_01683	Praq.g_00464
OG0000878	Prar	Prbg.g_01683	Prar.g_01962
OG0000878	Prao	Prbg.g_01683	Prao.g_01585
OG0000878	Prae	Prbg.g_01683	Prae.g_01656
OG0000878	Pray	Prbg.g_01683	Pray.g_01526
OG0000878	Praz	Prbg.g_01683	Praz.g_00844
OG0000878	Prba	Prbg.g_01683	Prba.g_00587
OG0000878	Prau	Prbg.g_01683	Prau.g_01765
OG0000878	Prbi	Prbg.g_01683	Prbi.g_01820
OG0000878	Prag	Prbg.g_01683	Prag.g_01702
OG0000878	Praw	Prbg.g_01683	Praw.g_00548
OG0000878	Prad	Prbg.g_01683	Prad.g_00908
OG0000878	Praa	Prbg.g_01683	Praa.g_01669
OG0000878	Prbd	Prbg.g_01683	Prbd.g_01492
OG0000878	Prax	Prbg.g_01683	Prax.g_01526
OG0000878	Prbm	Prbg.g_01683	Prbm.g_01873
OG0000878	Prbc	Prbg.g_01683	Prbc.g_00864
OG0000878	Praj	Prbg.g_01683	Praj.g_01800
OG0000878	Prbb	Prbg.g_01683	Prbb.g_01855
OG0000878	Praf	Prbg.g_01683	Praf.g_00442
OG0000878	Prbj	Prbg.g_01683	Prbj.g_00465
OG0000878	Prbk	Prbg.g_01683	Prbk.g_01421
OG0000878	Prbl	Prbg.g_01683	Prbl.g_00354
OG0000878	Prah	Prbg.g_01683	Prah.g_01718
OG0000878	Syag	Prbg.g_01683	Syag.g_01735
OG0000878	Syab	Prbg.g_01683	Syab.g_02318
OG0000878	Syal	Prbg.g_01683	Syal.g_00634
OG0000878	Syaq	Prbg.g_01683	Syaq.g_01627
OG0000878	Syak	Prbg.g_01683	Syak.g_02371
OG0000878	Syar	Prbg.g_01683	Syar.g_02978
OG0000878	Syat	Prbg.g_01683	Syat.g_03023
OG0000878	Syan	Prbg.g_01683	Syan.g_01450
OG0000878	Syao	Prbg.g_01683	Syao.g_01653
OG0000878	Syap	Prbg.g_01683	Syap.g_01378
OG0000878	Syas	Prbg.g_01683	Syas.g_02602
OG0000878	Syad	Prbg.g_01683	Syad.g_02481
OG0000878	Syaj	Prbg.g_01683	Syaj.g_01587
OG0000878	Syae	Prbg.g_01683	Syae.g_01026
OG0000878	Syaa	Prbg.g_01683	Syaa.g_00678
OG0000878	Syac	Prbg.g_01683	Syac.g_00670
OG0000878	Syah	Prbg.g_01683	Syah.g_02255
OG0000878	Syam	Prbg.g_01683	Syam.g_01883
OG0000878	Syai	Prbg.g_01683	Syai.g_02251
OG0000878	Syaf	Prbg.g_01683	Syaf.g_01187
OG0000878	Pral	Prbg.g_01683	Pral.g_00140
OG0000878	Prat	Prbg.g_01683	Prat.g_01625
OG0000878	Pram	Prbg.g_01683	Pram.g_01666
OG0000878	Prbh	Prbg.g_01683	Prbh.g_01748
OG0000878	Prak	Prbg.g_01683	Prak.g_01678
OG0000878	Prap	Prbg.g_01683	Prap.g_01745
OG0000878	Prbe	Prbg.g_01683	Prbe.g_00952
OG0000878	Prbf	Prbg.g_01683	Prbf.g_00660
OG0000878	Prbn	Prbg.g_01683	Prbn.g_01779
OG0000879	Prab	Prbg.g_01684	Prab.g_01703
OG0000879	Pran	Prbg.g_01684	Pran.g_01004
OG0000879	Prai	Prbg.g_01684	Prai.g_01672
OG0000879	Prag	Prbg.g_01684	Prag.g_01703
OG0000879	Praw	Prbg.g_01684	Praw.g_00549
OG0000879	Prad	Prbg.g_01684	Prad.g_00907
OG0000879	Prac	Prbg.g_01684	Prac.g_00591
OG0000879	Praq	Prbg.g_01684	Praq.g_00463
OG0000879	Prar	Prbg.g_01684	Prar.g_01961
OG0000879	Prav	Prbg.g_01684	Prav.g_01795
OG0000879	Praa	Prbg.g_01684	Praa.g_01670
OG0000879	Prao	Prbg.g_01684	Prao.g_01586
OG0000879	Pras	Prbg.g_01684	Pras.g_00584
OG0000879	Prax	Prbg.g_01684	Prax.g_01525
OG0000879	Prae	Prbg.g_01684	Prae.g_01657
OG0000879	Prbd	Prbg.g_01684	Prbd.g_01491
OG0000879	Pray	Prbg.g_01684	Pray.g_01525
OG0000879	Praz	Prbg.g_01684	Praz.g_00843
OG0000879	Prba	Prbg.g_01684	Prba.g_00586
OG0000879	Prau	Prbg.g_01684	Prau.g_01766
OG0000879	Prbi	Prbg.g_01684	Prbi.g_01821
OG0000879	Prbm	Prbg.g_01684	Prbm.g_01874
OG0000879	Prbb	Prbg.g_01684	Prbb.g_01856
OG0000879	Praj	Prbg.g_01684	Praj.g_01801
OG0000879	Prbc	Prbg.g_01684	Prbc.g_00865
OG0000879	Pral	Prbg.g_01684	Pral.g_00141
OG0000879	Prat	Prbg.g_01684	Prat.g_01626
OG0000879	Prah	Prbg.g_01684	Prah.g_01719
OG0000879	Praf	Prbg.g_01684	Praf.g_00441
OG0000879	Prbj	Prbg.g_01684	Prbj.g_00464
OG0000879	Prbk	Prbg.g_01684	Prbk.g_01420
OG0000879	Prbl	Prbg.g_01684	Prbl.g_00353
OG0000879	Syae	Prbg.g_01684	Syae.g_01027
OG0000879	Syaf	Prbg.g_01684	Syaf.g_01186
OG0000879	Syai	Prbg.g_01684	Syai.g_02252
OG0000879	Syam	Prbg.g_01684	Syam.g_01884
OG0000879	Syac	Prbg.g_01684	Syac.g_00669
OG0000879	Syah	Prbg.g_01684	Syah.g_02256
OG0000879	Syaa	Prbg.g_01684	Syaa.g_00677
OG0000879	Syad	Prbg.g_01684	Syad.g_02482
OG0000879	Syaj	Prbg.g_01684	Syaj.g_01588
OG0000879	Syag	Prbg.g_01684	Syag.g_02356
OG0000879	Syar	Prbg.g_01684	Syar.g_02979
OG0000879	Syan	Prbg.g_01684	Syan.g_01451
OG0000879	Syao	Prbg.g_01684	Syao.g_01652
OG0000879	Syat	Prbg.g_01684	Syat.g_03022
OG0000879	Syap	Prbg.g_01684	Syap.g_01377
OG0000879	Syas	Prbg.g_01684	Syas.g_02601
OG0000879	Syaq	Prbg.g_01684	Syaq.g_01626
OG0000879	Syak	Prbg.g_01684	Syak.g_02370
OG0000879	Syab	Prbg.g_01684	Syab.g_02319
OG0000879	Syal	Prbg.g_01684	Syal.g_00635
OG0000879	Pram	Prbg.g_01684	Pram.g_01667
OG0000879	Prbh	Prbg.g_01684	Prbh.g_01747
OG0000879	Prak	Prbg.g_01684	Prak.g_01679
OG0000879	Prap	Prbg.g_01684	Prap.g_01744
OG0000879	Prbe	Prbg.g_01684	Prbe.g_00951
OG0000879	Prbf	Prbg.g_01684	Prbf.g_00659
OG0000879	Prbn	Prbg.g_01684	Prbn.g_01780
OG0000880	Prab	Prbg.g_01685	Prab.g_01704
OG0000880	Pran	Prbg.g_01685	Pran.g_01005
OG0000880	Prai	Prbg.g_01685	Prai.g_01673
OG0000880	Prad	Prbg.g_01685	Prad.g_00906
OG0000880	Prac	Prbg.g_01685	Prac.g_00590
OG0000880	Praq	Prbg.g_01685	Praq.g_00462
OG0000880	Prar	Prbg.g_01685	Prar.g_01960
OG0000880	Prae	Prbg.g_01685	Prae.g_01658
OG0000880	Pray	Prbg.g_01685	Pray.g_01524
OG0000880	Praz	Prbg.g_01685	Praz.g_00842
OG0000880	Prba	Prbg.g_01685	Prba.g_00585
OG0000880	Prbd	Prbg.g_01685	Prbd.g_01490
OG0000880	Prau	Prbg.g_01685	Prau.g_01767
OG0000880	Prbi	Prbg.g_01685	Prbi.g_01822
OG0000880	Prao	Prbg.g_01685	Prao.g_01587
OG0000880	Praa	Prbg.g_01685	Praa.g_01671
OG0000880	Pras	Prbg.g_01685	Pras.g_00585
OG0000880	Prax	Prbg.g_01685	Prax.g_01524
OG0000880	Prav	Prbg.g_01685	Prav.g_01796
OG0000880	Prag	Prbg.g_01685	Prag.g_01704
OG0000880	Praw	Prbg.g_01685	Praw.g_00550
OG0000880	Pral	Prbg.g_01685	Pral.g_00142
OG0000880	Prat	Prbg.g_01685	Prat.g_01627
OG0000880	Prbj	Prbg.g_01685	Prbj.g_00463
OG0000880	Prbk	Prbg.g_01685	Prbk.g_01419
OG0000880	Prbl	Prbg.g_01685	Prbl.g_00352
OG0000880	Praf	Prbg.g_01685	Praf.g_00440
OG0000880	Prah	Prbg.g_01685	Prah.g_01720
OG0000880	Syaq	Prbg.g_01685	Syaq.g_01625
OG0000880	Syag	Prbg.g_01685	Syag.g_01736
OG0000880	Syab	Prbg.g_01685	Syab.g_02320
OG0000880	Syal	Prbg.g_01685	Syal.g_00636
OG0000880	Syak	Prbg.g_01685	Syak.g_02369
OG0000880	Syad	Prbg.g_01685	Syad.g_02483
OG0000880	Syaj	Prbg.g_01685	Syaj.g_01589
OG0000880	Syaf	Prbg.g_01685	Syaf.g_01185
OG0000880	Syai	Prbg.g_01685	Syai.g_02253
OG0000880	Syam	Prbg.g_01685	Syam.g_01885
OG0000880	Syaa	Prbg.g_01685	Syaa.g_00676
OG0000880	Syac	Prbg.g_01685	Syac.g_00668
OG0000880	Syah	Prbg.g_01685	Syah.g_02257
OG0000880	Syae	Prbg.g_01685	Syae.g_01028
OG0000880	Syat	Prbg.g_01685	Syat.g_03021
OG0000880	Syar	Prbg.g_01685	Syar.g_02980
OG0000880	Syan	Prbg.g_01685	Syan.g_01452
OG0000880	Syao	Prbg.g_01685	Syao.g_01651
OG0000880	Syas	Prbg.g_01685	Syas.g_02600
OG0000880	Syap	Prbg.g_01685	Syap.g_01376
OG0000880	Prbm	Prbg.g_01685	Prbm.g_01875
OG0000880	Prbb	Prbg.g_01685	Prbb.g_01857
OG0000880	Praj	Prbg.g_01685	Praj.g_01802
OG0000880	Prbc	Prbg.g_01685	Prbc.g_00866
OG0000880	Pram	Prbg.g_01685	Pram.g_01668
OG0000880	Prbh	Prbg.g_01685	Prbh.g_01746
OG0000880	Prak	Prbg.g_01685	Prak.g_01680
OG0000880	Prap	Prbg.g_01685	Prap.g_01743
OG0000880	Prbe	Prbg.g_01685	Prbe.g_00950
OG0000880	Prbf	Prbg.g_01685	Prbf.g_00658
OG0000880	Prbn	Prbg.g_01685	Prbn.g_01781
OG0000881	Prab	Prbg.g_01689	Prab.g_01708
OG0000881	Pran	Prbg.g_01689	Pran.g_01009
OG0000881	Prai	Prbg.g_01689	Prai.g_01677
OG0000881	Prad	Prbg.g_01689	Prad.g_00902
OG0000881	Pray	Prbg.g_01689	Pray.g_01520
OG0000881	Praz	Prbg.g_01689	Praz.g_00838
OG0000881	Prba	Prbg.g_01689	Prba.g_00581
OG0000881	Prao	Prbg.g_01689	Prao.g_01591
OG0000881	Prbd	Prbg.g_01689	Prbd.g_01486
OG0000881	Prav	Prbg.g_01689	Prav.g_01800
OG0000881	Prag	Prbg.g_01689	Prag.g_01708
OG0000881	Praw	Prbg.g_01689	Praw.g_00554
OG0000881	Pras	Prbg.g_01689	Pras.g_00589
OG0000881	Prau	Prbg.g_01689	Prau.g_01771
OG0000881	Praa	Prbg.g_01689	Praa.g_01675
OG0000881	Prae	Prbg.g_01689	Prae.g_01662
OG0000881	Prax	Prbg.g_01689	Prax.g_01520
OG0000881	Prbi	Prbg.g_01689	Prbi.g_01826
OG0000881	Prac	Prbg.g_01689	Prac.g_00586
OG0000881	Praq	Prbg.g_01689	Praq.g_00458
OG0000881	Prar	Prbg.g_01689	Prar.g_00595, Prar.g_01956
OG0000881	Prbc	Prbg.g_01689	Prbc.g_00869
OG0000881	Prbm	Prbg.g_01689	Prbm.g_01878
OG0000881	Prbb	Prbg.g_01689	Prbb.g_01860
OG0000881	Praj	Prbg.g_01689	Praj.g_01805
OG0000881	Pral	Prbg.g_01689	Pral.g_00146
OG0000881	Prat	Prbg.g_01689	Prat.g_01631
OG0000881	Syad	Prbg.g_01689	Syad.g_02489
OG0000881	Syaj	Prbg.g_01689	Syaj.g_01595
OG0000881	Syab	Prbg.g_01689	Syab.g_02325
OG0000881	Syal	Prbg.g_01689	Syal.g_00641
OG0000881	Syag	Prbg.g_01689	Syag.g_01741
OG0000881	Syan	Prbg.g_01689	Syan.g_01457
OG0000881	Syao	Prbg.g_01689	Syao.g_01647
OG0000881	Syas	Prbg.g_01689	Syas.g_02596
OG0000881	Syar	Prbg.g_01689	Syar.g_02984
OG0000881	Syat	Prbg.g_01689	Syat.g_03016
OG0000881	Syaq	Prbg.g_01689	Syaq.g_01621
OG0000881	Syak	Prbg.g_01689	Syak.g_02363
OG0000881	Syae	Prbg.g_01689	Syae.g_01034
OG0000881	Prbj	Prbg.g_01689	Prbj.g_00458
OG0000881	Prbk	Prbg.g_01689	Prbk.g_01414
OG0000881	Prbl	Prbg.g_01689	Prbl.g_00347
OG0000881	Praf	Prbg.g_01689	Praf.g_00434
OG0000881	Prah	Prbg.g_01689	Prah.g_01728
OG0000881	Syaa	Prbg.g_01689	Syaa.g_00671
OG0000881	Syaf	Prbg.g_01689	Syaf.g_01179
OG0000881	Syai	Prbg.g_01689	Syai.g_02257
OG0000881	Syam	Prbg.g_01689	Syam.g_01891
OG0000881	Syac	Prbg.g_01689	Syac.g_00664
OG0000881	Syah	Prbg.g_01689	Syah.g_02262
OG0000881	Pram	Prbg.g_01689	Pram.g_01672
OG0000881	Prbh	Prbg.g_01689	Prbh.g_01742
OG0000881	Prak	Prbg.g_01689	Prak.g_01684
OG0000881	Prap	Prbg.g_01689	Prap.g_01739
OG0000881	Prbe	Prbg.g_01689	Prbe.g_00946
OG0000881	Prbf	Prbg.g_01689	Prbf.g_00654
OG0000881	Prbn	Prbg.g_01689	Prbn.g_01785
OG0000882	Prab	Prbg.g_01694	Prab.g_01713
OG0000882	Pran	Prbg.g_01694	Pran.g_01014
OG0000882	Prai	Prbg.g_01694	Prai.g_01682
OG0000882	Prao	Prbg.g_01694	Prao.g_01596
OG0000882	Prav	Prbg.g_01694	Prav.g_01805
OG0000882	Praa	Prbg.g_01694	Praa.g_01680
OG0000882	Pras	Prbg.g_01694	Pras.g_00594
OG0000882	Prau	Prbg.g_01694	Prau.g_01776
OG0000882	Prae	Prbg.g_01694	Prae.g_01667
OG0000882	Prbi	Prbg.g_01694	Prbi.g_01831
OG0000882	Prad	Prbg.g_01694	Prad.g_00897
OG0000882	Prag	Prbg.g_01694	Prag.g_01713
OG0000882	Praw	Prbg.g_01694	Praw.g_00559
OG0000882	Prax	Prbg.g_01694	Prax.g_01515
OG0000882	Prbd	Prbg.g_01694	Prbd.g_01481
OG0000882	Pray	Prbg.g_01694	Pray.g_01515
OG0000882	Praz	Prbg.g_01694	Praz.g_00833
OG0000882	Prba	Prbg.g_01694	Prba.g_00576
OG0000882	Prac	Prbg.g_01694	Prac.g_00581
OG0000882	Praq	Prbg.g_01694	Praq.g_00453
OG0000882	Prar	Prbg.g_01694	Prar.g_00600
OG0000882	Prbb	Prbg.g_01694	Prbb.g_01865
OG0000882	Praj	Prbg.g_01694	Praj.g_01810
OG0000882	Prbm	Prbg.g_01694	Prbm.g_01883
OG0000882	Prbc	Prbg.g_01694	Prbc.g_00874
OG0000882	Syar	Prbg.g_01694	Syar.g_02989
OG0000882	Syat	Prbg.g_01694	Syat.g_03011
OG0000882	Syap	Prbg.g_01694	Syap.g_01516
OG0000882	Syas	Prbg.g_01694	Syas.g_02591
OG0000882	Syan	Prbg.g_01694	Syan.g_01462
OG0000882	Syao	Prbg.g_01694	Syao.g_01642
OG0000882	Syag	Prbg.g_01694	Syag.g_01746
OG0000882	Syaq	Prbg.g_01694	Syaq.g_01616
OG0000882	Syak	Prbg.g_01694	Syak.g_02358
OG0000882	Syab	Prbg.g_01694	Syab.g_02330
OG0000882	Syal	Prbg.g_01694	Syal.g_00646
OG0000882	Prbj	Prbg.g_01694	Prbj.g_00453
OG0000882	Prbk	Prbg.g_01694	Prbk.g_01409
OG0000882	Prbl	Prbg.g_01694	Prbl.g_00342
OG0000882	Praf	Prbg.g_01694	Praf.g_00429
OG0000882	Prah	Prbg.g_01694	Prah.g_01733
OG0000882	Syaa	Prbg.g_01694	Syaa.g_00666
OG0000882	Syae	Prbg.g_01694	Syae.g_01039
OG0000882	Syaf	Prbg.g_01694	Syaf.g_01174
OG0000882	Syai	Prbg.g_01694	Syai.g_02262
OG0000882	Syam	Prbg.g_01694	Syam.g_01896
OG0000882	Syac	Prbg.g_01694	Syac.g_00659
OG0000882	Syah	Prbg.g_01694	Syah.g_02267
OG0000882	Syad	Prbg.g_01694	Syad.g_02494
OG0000882	Syaj	Prbg.g_01694	Syaj.g_01599
OG0000882	Pral	Prbg.g_01694	Pral.g_00151
OG0000882	Prat	Prbg.g_01694	Prat.g_01636
OG0000882	Pram	Prbg.g_01694	Pram.g_01677
OG0000882	Prbh	Prbg.g_01694	Prbh.g_01737
OG0000882	Prak	Prbg.g_01694	Prak.g_01689
OG0000882	Prap	Prbg.g_01694	Prap.g_01734
OG0000882	Prbe	Prbg.g_01694	Prbe.g_00941
OG0000882	Prbf	Prbg.g_01694	Prbf.g_00649
OG0000882	Prbn	Prbg.g_01694	Prbn.g_01790
OG0000883	Prab	Prbg.g_01696	Prab.g_01714
OG0000883	Pran	Prbg.g_01696	Pran.g_01015
OG0000883	Prai	Prbg.g_01696	Prai.g_01683
OG0000883	Prbd	Prbg.g_01696	Prbd.g_01479
OG0000883	Praa	Prbg.g_01696	Praa.g_01682
OG0000883	Prax	Prbg.g_01696	Prax.g_01513
OG0000883	Prae	Prbg.g_01696	Prae.g_01668
OG0000883	Prbi	Prbg.g_01696	Prbi.g_01832
OG0000883	Pras	Prbg.g_01696	Pras.g_00596
OG0000883	Prau	Prbg.g_01696	Prau.g_01777
OG0000883	Prav	Prbg.g_01696	Prav.g_01807
OG0000883	Pray	Prbg.g_01696	Pray.g_01513
OG0000883	Praz	Prbg.g_01696	Praz.g_00831
OG0000883	Prba	Prbg.g_01696	Prba.g_00574
OG0000883	Prao	Prbg.g_01696	Prao.g_01597
OG0000883	Prad	Prbg.g_01696	Prad.g_00895
OG0000883	Prag	Prbg.g_01696	Prag.g_01715
OG0000883	Praw	Prbg.g_01696	Praw.g_00561
OG0000883	Prac	Prbg.g_01696	Prac.g_00580
OG0000883	Praq	Prbg.g_01696	Praq.g_00452
OG0000883	Prar	Prbg.g_01696	Prar.g_00601
OG0000883	Prbb	Prbg.g_01696	Prbb.g_01867
OG0000883	Prbm	Prbg.g_01696	Prbm.g_01885
OG0000883	Praj	Prbg.g_01696	Praj.g_01812
OG0000883	Prbc	Prbg.g_01696	Prbc.g_00876
OG0000883	Syat	Prbg.g_01696	Syat.g_03007
OG0000883	Syar	Prbg.g_01696	Syar.g_02992
OG0000883	Syap	Prbg.g_01696	Syap.g_01511
OG0000883	Syas	Prbg.g_01696	Syas.g_02586
OG0000883	Syan	Prbg.g_01696	Syan.g_01464
OG0000883	Syao	Prbg.g_01696	Syao.g_01638
OG0000883	Prbj	Prbg.g_01696	Prbj.g_00451
OG0000883	Prbk	Prbg.g_01696	Prbk.g_01407
OG0000883	Prbl	Prbg.g_01696	Prbl.g_00340
OG0000883	Praf	Prbg.g_01696	Praf.g_00427
OG0000883	Prah	Prbg.g_01696	Prah.g_01736
OG0000883	Syag	Prbg.g_01696	Syag.g_01749
OG0000883	Syaq	Prbg.g_01696	Syaq.g_01613
OG0000883	Syak	Prbg.g_01696	Syak.g_02355
OG0000883	Syab	Prbg.g_01696	Syab.g_02332
OG0000883	Syal	Prbg.g_01696	Syal.g_00648
OG0000883	Syae	Prbg.g_01696	Syae.g_01041
OG0000883	Syac	Prbg.g_01696	Syac.g_00656
OG0000883	Syah	Prbg.g_01696	Syah.g_02270
OG0000883	Syai	Prbg.g_01696	Syai.g_02264
OG0000883	Syaf	Prbg.g_01696	Syaf.g_01172
OG0000883	Syam	Prbg.g_01696	Syam.g_01898
OG0000883	Syaa	Prbg.g_01696	Syaa.g_00661
OG0000883	Syad	Prbg.g_01696	Syad.g_02497
OG0000883	Syaj	Prbg.g_01696	Syaj.g_01601
OG0000883	Pral	Prbg.g_01696	Pral.g_00154
OG0000883	Prat	Prbg.g_01696	Prat.g_01639
OG0000883	Pram	Prbg.g_01696	Pram.g_01679
OG0000883	Prbh	Prbg.g_01696	Prbh.g_01735
OG0000883	Prak	Prbg.g_01696	Prak.g_01691
OG0000883	Prap	Prbg.g_01696	Prap.g_01732
OG0000883	Prbe	Prbg.g_01696	Prbe.g_00939
OG0000883	Prbf	Prbg.g_01696	Prbf.g_00647
OG0000883	Prbn	Prbg.g_01696	Prbn.g_01792
OG0000884	Prab	Prbg.g_01698	Prab.g_01716
OG0000884	Pran	Prbg.g_01698	Pran.g_01017
OG0000884	Prai	Prbg.g_01698	Prai.g_01685
OG0000884	Prao	Prbg.g_01698	Prao.g_01599
OG0000884	Prad	Prbg.g_01698	Prad.g_00893
OG0000884	Prac	Prbg.g_01698	Prac.g_00578
OG0000884	Praq	Prbg.g_01698	Praq.g_00450
OG0000884	Prar	Prbg.g_01698	Prar.g_00603
OG0000884	Pray	Prbg.g_01698	Pray.g_01512
OG0000884	Praz	Prbg.g_01698	Praz.g_00830
OG0000884	Prba	Prbg.g_01698	Prba.g_00573
OG0000884	Prav	Prbg.g_01698	Prav.g_01809
OG0000884	Prag	Prbg.g_01698	Prag.g_01717
OG0000884	Praw	Prbg.g_01698	Praw.g_00563
OG0000884	Prbi	Prbg.g_01698	Prbi.g_01834
OG0000884	Pras	Prbg.g_01698	Pras.g_00598
OG0000884	Prau	Prbg.g_01698	Prau.g_01779
OG0000884	Prax	Prbg.g_01698	Prax.g_01511
OG0000884	Prbd	Prbg.g_01698	Prbd.g_01477
OG0000884	Praa	Prbg.g_01698	Praa.g_01684
OG0000884	Prae	Prbg.g_01698	Prae.g_01670
OG0000884	Pral	Prbg.g_01698	Pral.g_00156
OG0000884	Prat	Prbg.g_01698	Prat.g_01641
OG0000884	Prbm	Prbg.g_01698	Prbm.g_01887
OG0000884	Prbc	Prbg.g_01698	Prbc.g_00878
OG0000884	Prbb	Prbg.g_01698	Prbb.g_01869
OG0000884	Praj	Prbg.g_01698	Praj.g_01814
OG0000884	Prbj	Prbg.g_01698	Prbj.g_00449
OG0000884	Prbk	Prbg.g_01698	Prbk.g_01405
OG0000884	Prbl	Prbg.g_01698	Prbl.g_00338
OG0000884	Praf	Prbg.g_01698	Praf.g_00425
OG0000884	Prah	Prbg.g_01698	Prah.g_01738
OG0000884	Syat	Prbg.g_01698	Syat.g_03005
OG0000884	Syap	Prbg.g_01698	Syap.g_01509
OG0000884	Syas	Prbg.g_01698	Syas.g_02584
OG0000884	Syar	Prbg.g_01698	Syar.g_02994
OG0000884	Syan	Prbg.g_01698	Syan.g_01466
OG0000884	Syao	Prbg.g_01698	Syao.g_01636
OG0000884	Syaq	Prbg.g_01698	Syaq.g_01611
OG0000884	Syag	Prbg.g_01698	Syag.g_01751
OG0000884	Syak	Prbg.g_01698	Syak.g_02353
OG0000884	Syab	Prbg.g_01698	Syab.g_02334
OG0000884	Syal	Prbg.g_01698	Syal.g_00650
OG0000884	Syad	Prbg.g_01698	Syad.g_02499
OG0000884	Syaj	Prbg.g_01698	Syaj.g_01603
OG0000884	Syaa	Prbg.g_01698	Syaa.g_00659
OG0000884	Syam	Prbg.g_01698	Syam.g_01900
OG0000884	Syai	Prbg.g_01698	Syai.g_02266
OG0000884	Syaf	Prbg.g_01698	Syaf.g_01170
OG0000884	Syac	Prbg.g_01698	Syac.g_00654
OG0000884	Syah	Prbg.g_01698	Syah.g_02272
OG0000884	Syae	Prbg.g_01698	Syae.g_01043
OG0000884	Pram	Prbg.g_01698	Pram.g_01681
OG0000884	Prbh	Prbg.g_01698	Prbh.g_01733
OG0000884	Prak	Prbg.g_01698	Prak.g_01693
OG0000884	Prap	Prbg.g_01698	Prap.g_01730
OG0000884	Prbe	Prbg.g_01698	Prbe.g_00937
OG0000884	Prbf	Prbg.g_01698	Prbf.g_00645
OG0000884	Prbn	Prbg.g_01698	Prbn.g_01794
OG0000885	Prab	Prbg.g_01699	Prab.g_01717
OG0000885	Pran	Prbg.g_01699	Pran.g_01018
OG0000885	Prai	Prbg.g_01699	Prai.g_01686
OG0000885	Prao	Prbg.g_01699	Prao.g_01600
OG0000885	Prad	Prbg.g_01699	Prad.g_00892
OG0000885	Prag	Prbg.g_01699	Prag.g_01718
OG0000885	Praw	Prbg.g_01699	Praw.g_00564
OG0000885	Prav	Prbg.g_01699	Prav.g_01810
OG0000885	Pray	Prbg.g_01699	Pray.g_01511
OG0000885	Praz	Prbg.g_01699	Praz.g_00829
OG0000885	Prba	Prbg.g_01699	Prba.g_00572
OG0000885	Prac	Prbg.g_01699	Prac.g_00577
OG0000885	Prar	Prbg.g_01699	Prar.g_00604
OG0000885	Praq	Prbg.g_01699	Praq.g_00449
OG0000885	Prbd	Prbg.g_01699	Prbd.g_01476
OG0000885	Prae	Prbg.g_01699	Prae.g_01671
OG0000885	Pras	Prbg.g_01699	Pras.g_00599
OG0000885	Prau	Prbg.g_01699	Prau.g_01780
OG0000885	Prbi	Prbg.g_01699	Prbi.g_01835
OG0000885	Praa	Prbg.g_01699	Praa.g_01685
OG0000885	Prax	Prbg.g_01699	Prax.g_01510
OG0000885	Prbc	Prbg.g_01699	Prbc.g_00879
OG0000885	Prbb	Prbg.g_01699	Prbb.g_01870
OG0000885	Prbm	Prbg.g_01699	Prbm.g_01888
OG0000885	Praj	Prbg.g_01699	Praj.g_01815
OG0000885	Prah	Prbg.g_01699	Prah.g_01739
OG0000885	Praf	Prbg.g_01699	Praf.g_00424
OG0000885	Prbj	Prbg.g_01699	Prbj.g_00448
OG0000885	Prbk	Prbg.g_01699	Prbk.g_01404
OG0000885	Prbl	Prbg.g_01699	Prbl.g_00337
OG0000885	Syar	Prbg.g_01699	Syar.g_02995
OG0000885	Syan	Prbg.g_01699	Syan.g_01467
OG0000885	Syao	Prbg.g_01699	Syao.g_01635
OG0000885	Syat	Prbg.g_01699	Syat.g_03004
OG0000885	Syap	Prbg.g_01699	Syap.g_01508
OG0000885	Syas	Prbg.g_01699	Syas.g_02583
OG0000885	Syak	Prbg.g_01699	Syak.g_02352
OG0000885	Syaq	Prbg.g_01699	Syaq.g_01610
OG0000885	Syab	Prbg.g_01699	Syab.g_02335
OG0000885	Syal	Prbg.g_01699	Syal.g_00651
OG0000885	Syag	Prbg.g_01699	Syag.g_01752
OG0000885	Syai	Prbg.g_01699	Syai.g_02267
OG0000885	Syaf	Prbg.g_01699	Syaf.g_01169
OG0000885	Syam	Prbg.g_01699	Syam.g_01901
OG0000885	Syaa	Prbg.g_01699	Syaa.g_00658
OG0000885	Syae	Prbg.g_01699	Syae.g_01044
OG0000885	Syad	Prbg.g_01699	Syad.g_02500
OG0000885	Syaj	Prbg.g_01699	Syaj.g_01604
OG0000885	Syac	Prbg.g_01699	Syac.g_00653
OG0000885	Syah	Prbg.g_01699	Syah.g_02273
OG0000885	Pral	Prbg.g_01699	Pral.g_00157
OG0000885	Prat	Prbg.g_01699	Prat.g_01642
OG0000885	Pram	Prbg.g_01699	Pram.g_01682
OG0000885	Prbh	Prbg.g_01699	Prbh.g_01732
OG0000885	Prak	Prbg.g_01699	Prak.g_01694
OG0000885	Prap	Prbg.g_01699	Prap.g_01729
OG0000885	Prbe	Prbg.g_01699	Prbe.g_00936
OG0000885	Prbf	Prbg.g_01699	Prbf.g_00644
OG0000885	Prbn	Prbg.g_01699	Prbn.g_01795
OG0000886	Prab	Prbg.g_01700	Prab.g_01718
OG0000886	Pran	Prbg.g_01700	Pran.g_01019
OG0000886	Prai	Prbg.g_01700	Prai.g_01687
OG0000886	Prav	Prbg.g_01700	Prav.g_01811
OG0000886	Prac	Prbg.g_01700	Prac.g_00576
OG0000886	Praq	Prbg.g_01700	Praq.g_00448
OG0000886	Prar	Prbg.g_01700	Prar.g_00605
OG0000886	Prad	Prbg.g_01700	Prad.g_00891
OG0000886	Prag	Prbg.g_01700	Prag.g_01719
OG0000886	Praw	Prbg.g_01700	Praw.g_00565
OG0000886	Prao	Prbg.g_01700	Prao.g_01601
OG0000886	Pray	Prbg.g_01700	Pray.g_01510
OG0000886	Praz	Prbg.g_01700	Praz.g_00828
OG0000886	Prba	Prbg.g_01700	Prba.g_00571
OG0000886	Prae	Prbg.g_01700	Prae.g_01672
OG0000886	Praa	Prbg.g_01700	Praa.g_01686
OG0000886	Prax	Prbg.g_01700	Prax.g_01509
OG0000886	Prbd	Prbg.g_01700	Prbd.g_01475
OG0000886	Prbi	Prbg.g_01700	Prbi.g_01836
OG0000886	Pras	Prbg.g_01700	Pras.g_00600
OG0000886	Prau	Prbg.g_01700	Prau.g_01781
OG0000886	Prbm	Prbg.g_01700	Prbm.g_01889
OG0000886	Praj	Prbg.g_01700	Praj.g_01816
OG0000886	Prbb	Prbg.g_01700	Prbb.g_01871
OG0000886	Prbc	Prbg.g_01700	Prbc.g_00880
OG0000886	Syac	Prbg.g_01700	Syac.g_00652
OG0000886	Syah	Prbg.g_01700	Syah.g_02274
OG0000886	Syam	Prbg.g_01700	Syam.g_01902
OG0000886	Syaf	Prbg.g_01700	Syaf.g_01168
OG0000886	Syai	Prbg.g_01700	Syai.g_02268
OG0000886	Syae	Prbg.g_01700	Syae.g_01045
OG0000886	Syaa	Prbg.g_01700	Syaa.g_00657
OG0000886	Syad	Prbg.g_01700	Syad.g_02501
OG0000886	Syaj	Prbg.g_01700	Syaj.g_01605
OG0000886	Syaq	Prbg.g_01700	Syaq.g_01609
OG0000886	Syag	Prbg.g_01700	Syag.g_01753
OG0000886	Syab	Prbg.g_01700	Syab.g_02336
OG0000886	Syal	Prbg.g_01700	Syal.g_00652
OG0000886	Syak	Prbg.g_01700	Syak.g_02351
OG0000886	Syar	Prbg.g_01700	Syar.g_02996
OG0000886	Syap	Prbg.g_01700	Syap.g_01507
OG0000886	Syas	Prbg.g_01700	Syas.g_02582
OG0000886	Syan	Prbg.g_01700	Syan.g_01468
OG0000886	Syao	Prbg.g_01700	Syao.g_01634
OG0000886	Syat	Prbg.g_01700	Syat.g_03003
OG0000886	Prah	Prbg.g_01700	Prah.g_01740
OG0000886	Praf	Prbg.g_01700	Praf.g_00423
OG0000886	Prbj	Prbg.g_01700	Prbj.g_00447
OG0000886	Prbk	Prbg.g_01700	Prbk.g_01403
OG0000886	Prbl	Prbg.g_01700	Prbl.g_00336
OG0000886	Pral	Prbg.g_01700	Pral.g_00158
OG0000886	Prat	Prbg.g_01700	Prat.g_01643
OG0000886	Pram	Prbg.g_01700	Pram.g_01683
OG0000886	Prbh	Prbg.g_01700	Prbh.g_01731
OG0000886	Prak	Prbg.g_01700	Prak.g_01695
OG0000886	Prap	Prbg.g_01700	Prap.g_01728
OG0000886	Prbe	Prbg.g_01700	Prbe.g_00935
OG0000886	Prbf	Prbg.g_01700	Prbf.g_00643
OG0000886	Prbn	Prbg.g_01700	Prbn.g_01796
OG0000887	Pray	Prbg.g_01701	Pray.g_01509
OG0000887	Praz	Prbg.g_01701	Praz.g_00827
OG0000887	Prba	Prbg.g_01701	Prba.g_00570
OG0000887	Prav	Prbg.g_01701	Prav.g_01812
OG0000887	Prac	Prbg.g_01701	Prac.g_00575
OG0000887	Praq	Prbg.g_01701	Praq.g_00447
OG0000887	Prar	Prbg.g_01701	Prar.g_00606
OG0000887	Prbi	Prbg.g_01701	Prbi.g_01837
OG0000887	Pras	Prbg.g_01701	Pras.g_00601
OG0000887	Prau	Prbg.g_01701	Prau.g_01782
OG0000887	Praa	Prbg.g_01701	Praa.g_01687
OG0000887	Prae	Prbg.g_01701	Prae.g_01673
OG0000887	Prax	Prbg.g_01701	Prax.g_01508
OG0000887	Prbd	Prbg.g_01701	Prbd.g_01474
OG0000887	Prag	Prbg.g_01701	Prag.g_01720
OG0000887	Praw	Prbg.g_01701	Praw.g_00566
OG0000887	Prad	Prbg.g_01701	Prad.g_00890
OG0000887	Prao	Prbg.g_01701	Prao.g_01602
OG0000887	Prab	Prbg.g_01701	Prab.g_01719
OG0000887	Pran	Prbg.g_01701	Pran.g_01020
OG0000887	Prai	Prbg.g_01701	Prai.g_01688
OG0000887	Prbm	Prbg.g_01701	Prbm.g_01890
OG0000887	Praj	Prbg.g_01701	Praj.g_01817
OG0000887	Prbb	Prbg.g_01701	Prbb.g_01872
OG0000887	Prbc	Prbg.g_01701	Prbc.g_00881
OG0000887	Pral	Prbg.g_01701	Pral.g_00159
OG0000887	Prat	Prbg.g_01701	Prat.g_01644
OG0000887	Prbj	Prbg.g_01701	Prbj.g_00446
OG0000887	Prbk	Prbg.g_01701	Prbk.g_01402
OG0000887	Prbl	Prbg.g_01701	Prbl.g_00335
OG0000887	Praf	Prbg.g_01701	Praf.g_00422
OG0000887	Prah	Prbg.g_01701	Prah.g_01741
OG0000887	Syaq	Prbg.g_01701	Syaq.g_01608
OG0000887	Syak	Prbg.g_01701	Syak.g_02350
OG0000887	Syai	Prbg.g_01701	Syai.g_02269
OG0000887	Syaf	Prbg.g_01701	Syaf.g_01167
OG0000887	Syam	Prbg.g_01701	Syam.g_01903
OG0000887	Syaa	Prbg.g_01701	Syaa.g_00656
OG0000887	Syac	Prbg.g_01701	Syac.g_00651
OG0000887	Syah	Prbg.g_01701	Syah.g_02275
OG0000887	Syae	Prbg.g_01701	Syae.g_01046
OG0000887	Syad	Prbg.g_01701	Syad.g_02502
OG0000887	Syaj	Prbg.g_01701	Syaj.g_01606
OG0000887	Syab	Prbg.g_01701	Syab.g_02338
OG0000887	Syal	Prbg.g_01701	Syal.g_00653
OG0000887	Syap	Prbg.g_01701	Syap.g_01506
OG0000887	Syan	Prbg.g_01701	Syan.g_01469
OG0000887	Syao	Prbg.g_01701	Syao.g_01633
OG0000887	Syas	Prbg.g_01701	Syas.g_02581
OG0000887	Syat	Prbg.g_01701	Syat.g_03002
OG0000887	Syar	Prbg.g_01701	Syar.g_02998
OG0000887	Syag	Prbg.g_01701	Syag.g_01754
OG0000887	Pram	Prbg.g_01701	Pram.g_01684
OG0000887	Prbh	Prbg.g_01701	Prbh.g_01730
OG0000887	Prak	Prbg.g_01701	Prak.g_01696
OG0000887	Prap	Prbg.g_01701	Prap.g_01727
OG0000887	Prbe	Prbg.g_01701	Prbe.g_00934
OG0000887	Prbf	Prbg.g_01701	Prbf.g_00642
OG0000887	Prbn	Prbg.g_01701	Prbn.g_01797
OG0000888	Prab	Prbg.g_01703	Prab.g_01721
OG0000888	Pran	Prbg.g_01703	Pran.g_01022
OG0000888	Prai	Prbg.g_01703	Prai.g_01690
OG0000888	Prao	Prbg.g_01703	Prao.g_01604
OG0000888	Prad	Prbg.g_01703	Prad.g_00888
OG0000888	Praa	Prbg.g_01703	Praa.g_01689
OG0000888	Prax	Prbg.g_01703	Prax.g_01506
OG0000888	Prbd	Prbg.g_01703	Prbd.g_01472
OG0000888	Prae	Prbg.g_01703	Prae.g_01675
OG0000888	Prbi	Prbg.g_01703	Prbi.g_01839
OG0000888	Prac	Prbg.g_01703	Prac.g_00573
OG0000888	Praq	Prbg.g_01703	Praq.g_00445
OG0000888	Prar	Prbg.g_01703	Prar.g_00608
OG0000888	Pray	Prbg.g_01703	Pray.g_01507
OG0000888	Praz	Prbg.g_01703	Praz.g_00825
OG0000888	Prba	Prbg.g_01703	Prba.g_00568
OG0000888	Pras	Prbg.g_01703	Pras.g_00603
OG0000888	Prau	Prbg.g_01703	Prau.g_01784
OG0000888	Prag	Prbg.g_01703	Prag.g_01722
OG0000888	Praw	Prbg.g_01703	Praw.g_00568
OG0000888	Prav	Prbg.g_01703	Prav.g_01814
OG0000888	Prbm	Prbg.g_01703	Prbm.g_01892
OG0000888	Prbb	Prbg.g_01703	Prbb.g_01874
OG0000888	Praj	Prbg.g_01703	Praj.g_01819
OG0000888	Prbc	Prbg.g_01703	Prbc.g_00883
OG0000888	Prbj	Prbg.g_01703	Prbj.g_00444
OG0000888	Prbk	Prbg.g_01703	Prbk.g_01400
OG0000888	Prbl	Prbg.g_01703	Prbl.g_00333
OG0000888	Praf	Prbg.g_01703	Praf.g_00420
OG0000888	Prah	Prbg.g_01703	Prah.g_01743
OG0000888	Syae	Prbg.g_01703	Syae.g_01048
OG0000888	Syai	Prbg.g_01703	Syai.g_02271
OG0000888	Syaf	Prbg.g_01703	Syaf.g_01165
OG0000888	Syam	Prbg.g_01703	Syam.g_01905
OG0000888	Syac	Prbg.g_01703	Syac.g_00649
OG0000888	Syah	Prbg.g_01703	Syah.g_02277
OG0000888	Syad	Prbg.g_01703	Syad.g_02504
OG0000888	Syaj	Prbg.g_01703	Syaj.g_01608
OG0000888	Syaa	Prbg.g_01703	Syaa.g_00654
OG0000888	Syak	Prbg.g_01703	Syak.g_02348
OG0000888	Syab	Prbg.g_01703	Syab.g_02340
OG0000888	Syal	Prbg.g_01703	Syal.g_00655
OG0000888	Syar	Prbg.g_01703	Syar.g_03000
OG0000888	Syap	Prbg.g_01703	Syap.g_01504
OG0000888	Syan	Prbg.g_01703	Syan.g_01471
OG0000888	Syao	Prbg.g_01703	Syao.g_01631
OG0000888	Syas	Prbg.g_01703	Syas.g_02579
OG0000888	Syat	Prbg.g_01703	Syat.g_03000
OG0000888	Syaq	Prbg.g_01703	Syaq.g_01606
OG0000888	Syag	Prbg.g_01703	Syag.g_01756
OG0000888	Pral	Prbg.g_01703	Pral.g_00161
OG0000888	Prat	Prbg.g_01703	Prat.g_01646
OG0000888	Pram	Prbg.g_01703	Pram.g_01686
OG0000888	Prbh	Prbg.g_01703	Prbh.g_01728
OG0000888	Prak	Prbg.g_01703	Prak.g_01698
OG0000888	Prap	Prbg.g_01703	Prap.g_01725
OG0000888	Prbe	Prbg.g_01703	Prbe.g_00932
OG0000888	Prbf	Prbg.g_01703	Prbf.g_00640
OG0000888	Prbn	Prbg.g_01703	Prbn.g_01799
OG0000889	Prab	Prbg.g_01705	Prab.g_01723
OG0000889	Pran	Prbg.g_01705	Pran.g_01024
OG0000889	Prai	Prbg.g_01705	Prai.g_01692
OG0000889	Prao	Prbg.g_01705	Prao.g_01606
OG0000889	Prbi	Prbg.g_01705	Prbi.g_01841
OG0000889	Praa	Prbg.g_01705	Praa.g_01691
OG0000889	Prae	Prbg.g_01705	Prae.g_01677
OG0000889	Prax	Prbg.g_01705	Prax.g_01504
OG0000889	Prbd	Prbg.g_01705	Prbd.g_01470
OG0000889	Prav	Prbg.g_01705	Prav.g_01816
OG0000889	Prag	Prbg.g_01705	Prag.g_01724
OG0000889	Praw	Prbg.g_01705	Praw.g_00570
OG0000889	Pray	Prbg.g_01705	Pray.g_01505
OG0000889	Praz	Prbg.g_01705	Praz.g_00823
OG0000889	Prba	Prbg.g_01705	Prba.g_00566
OG0000889	Pras	Prbg.g_01705	Pras.g_00605
OG0000889	Prau	Prbg.g_01705	Prau.g_01786
OG0000889	Prad	Prbg.g_01705	Prad.g_00886
OG0000889	Prac	Prbg.g_01705	Prac.g_00571
OG0000889	Praq	Prbg.g_01705	Praq.g_00443
OG0000889	Prar	Prbg.g_01705	Prar.g_00610
OG0000889	Praj	Prbg.g_01705	Praj.g_01821
OG0000889	Prbc	Prbg.g_01705	Prbc.g_00885
OG0000889	Prbm	Prbg.g_01705	Prbm.g_01894
OG0000889	Prbb	Prbg.g_01705	Prbb.g_01876
OG0000889	Syan	Prbg.g_01705	Syan.g_01473
OG0000889	Syao	Prbg.g_01705	Syao.g_01629
OG0000889	Syar	Prbg.g_01705	Syar.g_03002
OG0000889	Syat	Prbg.g_01705	Syat.g_02997
OG0000889	Syap	Prbg.g_01705	Syap.g_01502
OG0000889	Syas	Prbg.g_01705	Syas.g_02577
OG0000889	Syad	Prbg.g_01705	Syad.g_02506
OG0000889	Syaj	Prbg.g_01705	Syaj.g_01610
OG0000889	Syaa	Prbg.g_01705	Syaa.g_00652
OG0000889	Syac	Prbg.g_01705	Syac.g_00647
OG0000889	Syah	Prbg.g_01705	Syah.g_02279
OG0000889	Syae	Prbg.g_01705	Syae.g_01050
OG0000889	Syaf	Prbg.g_01705	Syaf.g_01163
OG0000889	Syai	Prbg.g_01705	Syai.g_02273
OG0000889	Syam	Prbg.g_01705	Syam.g_01907
OG0000889	Prah	Prbg.g_01705	Prah.g_01745
OG0000889	Praf	Prbg.g_01705	Praf.g_00418
OG0000889	Prbj	Prbg.g_01705	Prbj.g_00442
OG0000889	Prbk	Prbg.g_01705	Prbk.g_01398
OG0000889	Prbl	Prbg.g_01705	Prbl.g_00331
OG0000889	Syak	Prbg.g_01705	Syak.g_02346
OG0000889	Syab	Prbg.g_01705	Syab.g_02342
OG0000889	Syal	Prbg.g_01705	Syal.g_00657
OG0000889	Syag	Prbg.g_01705	Syag.g_01758
OG0000889	Syaq	Prbg.g_01705	Syaq.g_01604
OG0000889	Pral	Prbg.g_01705	Pral.g_00163
OG0000889	Prat	Prbg.g_01705	Prat.g_01648
OG0000889	Pram	Prbg.g_01705	Pram.g_01688
OG0000889	Prbh	Prbg.g_01705	Prbh.g_01726
OG0000889	Prak	Prbg.g_01705	Prak.g_01700
OG0000889	Prap	Prbg.g_01705	Prap.g_01723
OG0000889	Prbe	Prbg.g_01705	Prbe.g_00930
OG0000889	Prbf	Prbg.g_01705	Prbf.g_00638
OG0000889	Prbn	Prbg.g_01705	Prbn.g_01801
OG0000890	Prao	Prbg.g_01706	Prao.g_01607
OG0000890	Prab	Prbg.g_01706	Prab.g_01724
OG0000890	Pran	Prbg.g_01706	Pran.g_01025
OG0000890	Prai	Prbg.g_01706	Prai.g_01693
OG0000890	Prae	Prbg.g_01706	Prae.g_01678
OG0000890	Prbi	Prbg.g_01706	Prbi.g_01842
OG0000890	Prbd	Prbg.g_01706	Prbd.g_01469
OG0000890	Praa	Prbg.g_01706	Praa.g_01692
OG0000890	Prax	Prbg.g_01706	Prax.g_01503
OG0000890	Prad	Prbg.g_01706	Prad.g_00885
OG0000890	Prav	Prbg.g_01706	Prav.g_01817
OG0000890	Prag	Prbg.g_01706	Prag.g_01725
OG0000890	Praw	Prbg.g_01706	Praw.g_00571
OG0000890	Prac	Prbg.g_01706	Prac.g_00570
OG0000890	Praq	Prbg.g_01706	Praq.g_00442
OG0000890	Prar	Prbg.g_01706	Prar.g_00611
OG0000890	Pray	Prbg.g_01706	Pray.g_01504
OG0000890	Praz	Prbg.g_01706	Praz.g_00822
OG0000890	Prba	Prbg.g_01706	Prba.g_00565
OG0000890	Pras	Prbg.g_01706	Pras.g_00606
OG0000890	Prau	Prbg.g_01706	Prau.g_01787
OG0000890	Pral	Prbg.g_01706	Pral.g_00164
OG0000890	Prat	Prbg.g_01706	Prat.g_01649
OG0000890	Prbm	Prbg.g_01706	Prbm.g_01895
OG0000890	Prbc	Prbg.g_01706	Prbc.g_00886
OG0000890	Prbb	Prbg.g_01706	Prbb.g_01877
OG0000890	Praj	Prbg.g_01706	Praj.g_01822
OG0000890	Syae	Prbg.g_01706	Syae.g_01056
OG0000890	Syad	Prbg.g_01706	Syad.g_02512
OG0000890	Syaj	Prbg.g_01706	Syaj.g_01615
OG0000890	Syac	Prbg.g_01706	Syac.g_00642
OG0000890	Syah	Prbg.g_01706	Syah.g_02284
OG0000890	Syaa	Prbg.g_01706	Syaa.g_00644
OG0000890	Syaf	Prbg.g_01706	Syaf.g_01157
OG0000890	Syai	Prbg.g_01706	Syai.g_02279
OG0000890	Syam	Prbg.g_01706	Syam.g_01910
OG0000890	Syar	Prbg.g_01706	Syar.g_03005
OG0000890	Syap	Prbg.g_01706	Syap.g_01499
OG0000890	Syat	Prbg.g_01706	Syat.g_02994
OG0000890	Syan	Prbg.g_01706	Syan.g_01476
OG0000890	Syao	Prbg.g_01706	Syao.g_01626
OG0000890	Syas	Prbg.g_01706	Syas.g_02574
OG0000890	Syag	Prbg.g_01706	Syag.g_01761
OG0000890	Syab	Prbg.g_01706	Syab.g_02348
OG0000890	Syal	Prbg.g_01706	Syal.g_00663
OG0000890	Syak	Prbg.g_01706	Syak.g_02334
OG0000890	Syaq	Prbg.g_01706	Syaq.g_01597
OG0000890	Prah	Prbg.g_01706	Prah.g_01759
OG0000890	Praf	Prbg.g_01706	Praf.g_00405
OG0000890	Prbj	Prbg.g_01706	Prbj.g_00428
OG0000890	Prbk	Prbg.g_01706	Prbk.g_01384
OG0000890	Prbl	Prbg.g_01706	Prbl.g_00317
OG0000890	Pram	Prbg.g_01706	Pram.g_01689
OG0000890	Prbh	Prbg.g_01706	Prbh.g_01725
OG0000890	Prak	Prbg.g_01706	Prak.g_01701
OG0000890	Prap	Prbg.g_01706	Prap.g_01722
OG0000890	Prbe	Prbg.g_01706	Prbe.g_00929
OG0000890	Prbf	Prbg.g_01706	Prbf.g_00637
OG0000890	Prbn	Prbg.g_01706	Prbn.g_01802
OG0000891	Prad	Prbg.g_01707	Prad.g_00884
OG0000891	Prac	Prbg.g_01707	Prac.g_00569
OG0000891	Praq	Prbg.g_01707	Praq.g_00441
OG0000891	Prar	Prbg.g_01707	Prar.g_00612
OG0000891	Prbd	Prbg.g_01707	Prbd.g_01468
OG0000891	Praa	Prbg.g_01707	Praa.g_01693
OG0000891	Prae	Prbg.g_01707	Prae.g_01679
OG0000891	Prao	Prbg.g_01707	Prao.g_01608
OG0000891	Prax	Prbg.g_01707	Prax.g_01502
OG0000891	Prbi	Prbg.g_01707	Prbi.g_01843
OG0000891	Pras	Prbg.g_01707	Pras.g_00607
OG0000891	Prau	Prbg.g_01707	Prau.g_01788
OG0000891	Pray	Prbg.g_01707	Pray.g_01503
OG0000891	Praz	Prbg.g_01707	Praz.g_00821
OG0000891	Prba	Prbg.g_01707	Prba.g_00564
OG0000891	Prag	Prbg.g_01707	Prag.g_01726
OG0000891	Praw	Prbg.g_01707	Praw.g_00572
OG0000891	Prav	Prbg.g_01707	Prav.g_01818
OG0000891	Prab	Prbg.g_01707	Prab.g_01725
OG0000891	Pran	Prbg.g_01707	Pran.g_01026
OG0000891	Prai	Prbg.g_01707	Prai.g_01694
OG0000891	Prbm	Prbg.g_01707	Prbm.g_01896
OG0000891	Prbc	Prbg.g_01707	Prbc.g_00887
OG0000891	Praj	Prbg.g_01707	Praj.g_01823
OG0000891	Prbb	Prbg.g_01707	Prbb.g_01878
OG0000891	Prbj	Prbg.g_01707	Prbj.g_00427
OG0000891	Prbk	Prbg.g_01707	Prbk.g_01383
OG0000891	Prbl	Prbg.g_01707	Prbl.g_00316
OG0000891	Praf	Prbg.g_01707	Praf.g_00404
OG0000891	Prah	Prbg.g_01707	Prah.g_01760
OG0000891	Syak	Prbg.g_01707	Syak.g_02333
OG0000891	Syaq	Prbg.g_01707	Syaq.g_01596
OG0000891	Syag	Prbg.g_01707	Syag.g_01762
OG0000891	Syao	Prbg.g_01707	Syao.g_01625
OG0000891	Syar	Prbg.g_01707	Syar.g_03006
OG0000891	Syat	Prbg.g_01707	Syat.g_02993
OG0000891	Syas	Prbg.g_01707	Syas.g_02573
OG0000891	Syap	Prbg.g_01707	Syap.g_01498
OG0000891	Syan	Prbg.g_01707	Syan.g_01477
OG0000891	Syab	Prbg.g_01707	Syab.g_02349
OG0000891	Syal	Prbg.g_01707	Syal.g_00664
OG0000891	Syaf	Prbg.g_01707	Syaf.g_01156
OG0000891	Syai	Prbg.g_01707	Syai.g_02280
OG0000891	Syam	Prbg.g_01707	Syam.g_01911
OG0000891	Syad	Prbg.g_01707	Syad.g_02513
OG0000891	Syaj	Prbg.g_01707	Syaj.g_01616
OG0000891	Syae	Prbg.g_01707	Syae.g_01057
OG0000891	Syaa	Prbg.g_01707	Syaa.g_00643
OG0000891	Syac	Prbg.g_01707	Syac.g_00641
OG0000891	Syah	Prbg.g_01707	Syah.g_02285
OG0000891	Pral	Prbg.g_01707	Pral.g_00165
OG0000891	Prat	Prbg.g_01707	Prat.g_01650
OG0000891	Pram	Prbg.g_01707	Pram.g_01690
OG0000891	Prbh	Prbg.g_01707	Prbh.g_01724
OG0000891	Prbn	Prbg.g_01707	Prbn.g_01803
OG0000891	Prak	Prbg.g_01707	Prak.g_01702
OG0000891	Prap	Prbg.g_01707	Prap.g_01721
OG0000891	Prbe	Prbg.g_01707	Prbe.g_00928
OG0000891	Prbf	Prbg.g_01707	Prbf.g_00636
OG0000892	Prab	Prbg.g_01709	Prab.g_01727
OG0000892	Pran	Prbg.g_01709	Pran.g_01028
OG0000892	Prai	Prbg.g_01709	Prai.g_01696
OG0000892	Prao	Prbg.g_01709	Prao.g_01610
OG0000892	Pray	Prbg.g_01709	Pray.g_01229
OG0000892	Praz	Prbg.g_01709	Praz.g_00340
OG0000892	Prba	Prbg.g_01709	Prba.g_00352
OG0000892	Prad	Prbg.g_01709	Prad.g_00882
OG0000892	Prav	Prbg.g_01709	Prav.g_00264
OG0000892	Prag	Prbg.g_01709	Prag.g_01728
OG0000892	Praw	Prbg.g_01709	Praw.g_01921
OG0000892	Prac	Prbg.g_01709	Prac.g_00471
OG0000892	Praq	Prbg.g_01709	Praq.g_00956
OG0000892	Prar	Prbg.g_01709	Prar.g_01119
OG0000892	Prbi	Prbg.g_01709	Prbi.g_01845
OG0000892	Pras	Prbg.g_01709	Pras.g_00609
OG0000892	Prau	Prbg.g_01709	Prau.g_01790
OG0000892	Prbd	Prbg.g_01709	Prbd.g_01466
OG0000892	Praa	Prbg.g_01709	Praa.g_01695
OG0000892	Prax	Prbg.g_01709	Prax.g_01257
OG0000892	Prae	Prbg.g_01709	Prae.g_01681
OG0000892	Prbm	Prbg.g_01709	Prbm.g_01898
OG0000892	Praj	Prbg.g_01709	Praj.g_01825
OG0000892	Prbb	Prbg.g_01709	Prbb.g_01880
OG0000892	Prbc	Prbg.g_01709	Prbc.g_00889
OG0000892	Prbj	Prbg.g_01709	Prbj.g_00425
OG0000892	Prbk	Prbg.g_01709	Prbk.g_01381
OG0000892	Prbl	Prbg.g_01709	Prbl.g_02620
OG0000892	Prah	Prbg.g_01709	Prah.g_01762
OG0000892	Praf	Prbg.g_01709	Praf.g_00402
OG0000892	Syag	Prbg.g_01709	Syag.g_01765
OG0000892	Syab	Prbg.g_01709	Syab.g_02353
OG0000892	Syal	Prbg.g_01709	Syal.g_00668
OG0000892	Syak	Prbg.g_01709	Syak.g_02329
OG0000892	Syaq	Prbg.g_01709	Syaq.g_01594
OG0000892	Syas	Prbg.g_01709	Syas.g_02571
OG0000892	Syap	Prbg.g_01709	Syap.g_02671
OG0000892	Syan	Prbg.g_01709	Syan.g_01480
OG0000892	Syao	Prbg.g_01709	Syao.g_01695
OG0000892	Syat	Prbg.g_01709	Syat.g_02992
OG0000892	Syar	Prbg.g_01709	Syar.g_03008
OG0000892	Syaj	Prbg.g_01709	Syaj.g_01620
OG0000892	Syad	Prbg.g_01709	Syad.g_02517
OG0000892	Syae	Prbg.g_01709	Syae.g_01059
OG0000892	Syaf	Prbg.g_01709	Syaf.g_01154
OG0000892	Syai	Prbg.g_01709	Syai.g_02282
OG0000892	Syam	Prbg.g_01709	Syam.g_01913
OG0000892	Syah	Prbg.g_01709	Syah.g_02288
OG0000892	Syac	Prbg.g_01709	Syac.g_00638
OG0000892	Syaa	Prbg.g_01709	Syaa.g_00640
OG0000892	Pral	Prbg.g_01709	Pral.g_00167
OG0000892	Prat	Prbg.g_01709	Prat.g_01652
OG0000892	Pram	Prbg.g_01709	Pram.g_01691
OG0000892	Prbh	Prbg.g_01709	Prbh.g_01723
OG0000892	Prak	Prbg.g_01709	Prak.g_01704
OG0000892	Prap	Prbg.g_01709	Prap.g_01719
OG0000892	Prbe	Prbg.g_01709	Prbe.g_00926
OG0000892	Prbf	Prbg.g_01709	Prbf.g_00634
OG0000892	Prbn	Prbg.g_01709	Prbn.g_01805
OG0000893	Prab	Prbg.g_01713	Prab.g_01731
OG0000893	Pran	Prbg.g_01713	Pran.g_01032
OG0000893	Prai	Prbg.g_01713	Prai.g_01701
OG0000893	Prac	Prbg.g_01713	Prac.g_00476
OG0000893	Praq	Prbg.g_01713	Praq.g_00951
OG0000893	Prar	Prbg.g_01713	Prar.g_01114
OG0000893	Prag	Prbg.g_01713	Prag.g_01732
OG0000893	Praw	Prbg.g_01713	Praw.g_01917
OG0000893	Prbi	Prbg.g_01713	Prbi.g_01848
OG0000893	Pras	Prbg.g_01713	Pras.g_00613
OG0000893	Prau	Prbg.g_01713	Prau.g_01794
OG0000893	Pray	Prbg.g_01713	Pray.g_01234
OG0000893	Praz	Prbg.g_01713	Praz.g_00335
OG0000893	Prba	Prbg.g_01713	Prba.g_00357
OG0000893	Praa	Prbg.g_01713	Praa.g_01699
OG0000893	Prax	Prbg.g_01713	Prax.g_01262
OG0000893	Prae	Prbg.g_01713	Prae.g_01686
OG0000893	Prbd	Prbg.g_01713	Prbd.g_01463
OG0000893	Prad	Prbg.g_01713	Prad.g_00879
OG0000893	Prav	Prbg.g_01713	Prav.g_00268
OG0000893	Prao	Prbg.g_01713	Prao.g_01615
OG0000893	Prbc	Prbg.g_01713	Prbc.g_00933
OG0000893	Prbm	Prbg.g_01713	Prbm.g_01948
OG0000893	Prbb	Prbg.g_01713	Prbb.g_01922
OG0000893	Praj	Prbg.g_01713	Praj.g_01868
OG0000893	Syar	Prbg.g_01713	Syar.g_00150
OG0000893	Syat	Prbg.g_01713	Syat.g_01864
OG0000893	Syas	Prbg.g_01713	Syas.g_01677
OG0000893	Syap	Prbg.g_01713	Syap.g_02497
OG0000893	Syan	Prbg.g_01713	Syan.g_02103
OG0000893	Syao	Prbg.g_01713	Syao.g_01934
OG0000893	Praf	Prbg.g_01713	Praf.g_02202
OG0000893	Prbj	Prbg.g_01713	Prbj.g_02660
OG0000893	Prbk	Prbg.g_01713	Prbk.g_01901
OG0000893	Prbl	Prbg.g_01713	Prbl.g_02680
OG0000893	Prah	Prbg.g_01713	Prah.g_02073
OG0000893	Syaq	Prbg.g_01713	Syaq.g_00695
OG0000893	Syag	Prbg.g_01713	Syag.g_02688
OG0000893	Syab	Prbg.g_01713	Syab.g_00366
OG0000893	Syal	Prbg.g_01713	Syal.g_00193
OG0000893	Syak	Prbg.g_01713	Syak.g_01393
OG0000893	Syae	Prbg.g_01713	Syae.g_02031
OG0000893	Syaa	Prbg.g_01713	Syaa.g_02352
OG0000893	Syah	Prbg.g_01713	Syah.g_00684
OG0000893	Syaf	Prbg.g_01713	Syaf.g_00178
OG0000893	Syai	Prbg.g_01713	Syai.g_00318
OG0000893	Syam	Prbg.g_01713	Syam.g_00287
OG0000893	Syac	Prbg.g_01713	Syac.g_02193
OG0000893	Syad	Prbg.g_01713	Syad.g_00589
OG0000893	Syaj	Prbg.g_01713	Syaj.g_02636
OG0000893	Pral	Prbg.g_01713	Pral.g_00170
OG0000893	Prat	Prbg.g_01713	Prat.g_01655
OG0000893	Pram	Prbg.g_01713	Pram.g_01695
OG0000893	Prbh	Prbg.g_01713	Prbh.g_01719
OG0000893	Prak	Prbg.g_01713	Prak.g_01708
OG0000893	Prap	Prbg.g_01713	Prap.g_01715
OG0000893	Prbe	Prbg.g_01713	Prbe.g_00922
OG0000893	Prbf	Prbg.g_01713	Prbf.g_00630
OG0000893	Prbn	Prbg.g_01713	Prbn.g_01809
OG0000894	Prab	Prbg.g_01716	Prab.g_01733
OG0000894	Pran	Prbg.g_01716	Pran.g_01034
OG0000894	Prai	Prbg.g_01716	Prai.g_01703
OG0000894	Prao	Prbg.g_01716	Prao.g_01617
OG0000894	Prbi	Prbg.g_01716	Prbi.g_01850
OG0000894	Pras	Prbg.g_01716	Pras.g_00615
OG0000894	Prau	Prbg.g_01716	Prau.g_01796
OG0000894	Prae	Prbg.g_01716	Prae.g_01688
OG0000894	Prax	Prbg.g_01716	Prax.g_01264
OG0000894	Praa	Prbg.g_01716	Praa.g_01701
OG0000894	Prbd	Prbg.g_01716	Prbd.g_01461
OG0000894	Prag	Prbg.g_01716	Prag.g_01734
OG0000894	Praw	Prbg.g_01716	Praw.g_01915
OG0000894	Prav	Prbg.g_01716	Prav.g_00270
OG0000894	Prad	Prbg.g_01716	Prad.g_00877
OG0000894	Prac	Prbg.g_01716	Prac.g_00478
OG0000894	Praq	Prbg.g_01716	Praq.g_00949
OG0000894	Prar	Prbg.g_01716	Prar.g_01112
OG0000894	Pray	Prbg.g_01716	Pray.g_01236
OG0000894	Praz	Prbg.g_01716	Praz.g_00333
OG0000894	Prba	Prbg.g_01716	Prba.g_00359
OG0000894	Prbm	Prbg.g_01716	Prbm.g_01951
OG0000894	Prbb	Prbg.g_01716	Prbb.g_01925
OG0000894	Praj	Prbg.g_01716	Praj.g_01871
OG0000894	Prbc	Prbg.g_01716	Prbc.g_00936
OG0000894	Syar	Prbg.g_01716	Syar.g_00145
OG0000894	Syap	Prbg.g_01716	Syap.g_02679
OG0000894	Syan	Prbg.g_01716	Syan.g_02108
OG0000894	Syao	Prbg.g_01716	Syao.g_01937
OG0000894	Syas	Prbg.g_01716	Syas.g_01667
OG0000894	Syat	Prbg.g_01716	Syat.g_01860
OG0000894	Syaq	Prbg.g_01716	Syaq.g_00692
OG0000894	Syab	Prbg.g_01716	Syab.g_00369
OG0000894	Syal	Prbg.g_01716	Syal.g_00196
OG0000894	Syag	Prbg.g_01716	Syag.g_02691
OG0000894	Prbj	Prbg.g_01716	Prbj.g_02656
OG0000894	Prbk	Prbg.g_01716	Prbk.g_01905
OG0000894	Prbl	Prbg.g_01716	Prbl.g_02684
OG0000894	Praf	Prbg.g_01716	Praf.g_02199
OG0000894	Prah	Prbg.g_01716	Prah.g_02070
OG0000894	Syam	Prbg.g_01716	Syam.g_00290
OG0000894	Syaf	Prbg.g_01716	Syaf.g_00175
OG0000894	Syai	Prbg.g_01716	Syai.g_00321
OG0000894	Syac	Prbg.g_01716	Syac.g_02189
OG0000894	Syah	Prbg.g_01716	Syah.g_00690
OG0000894	Syad	Prbg.g_01716	Syad.g_00592
OG0000894	Syaj	Prbg.g_01716	Syaj.g_02639
OG0000894	Syae	Prbg.g_01716	Syae.g_02034
OG0000894	Syaa	Prbg.g_01716	Syaa.g_02349
OG0000894	Syak	Prbg.g_01716	Syak.g_01390
OG0000894	Pral	Prbg.g_01716	Pral.g_00173
OG0000894	Prat	Prbg.g_01716	Prat.g_01658
OG0000894	Pram	Prbg.g_01716	Pram.g_01698
OG0000894	Prbh	Prbg.g_01716	Prbh.g_01716
OG0000894	Prak	Prbg.g_01716	Prak.g_01711
OG0000894	Prap	Prbg.g_01716	Prap.g_01712
OG0000894	Prbe	Prbg.g_01716	Prbe.g_00919
OG0000894	Prbf	Prbg.g_01716	Prbf.g_00627
OG0000894	Prbn	Prbg.g_01716	Prbn.g_01812
OG0000895	Prab	Prbg.g_01720	Prab.g_01736
OG0000895	Pran	Prbg.g_01720	Pran.g_01037
OG0000895	Prai	Prbg.g_01720	Prai.g_01706
OG0000895	Prag	Prbg.g_01720	Prag.g_01737
OG0000895	Praw	Prbg.g_01720	Praw.g_01912
OG0000895	Prbd	Prbg.g_01720	Prbd.g_01458
OG0000895	Praa	Prbg.g_01720	Praa.g_01704
OG0000895	Prax	Prbg.g_01720	Prax.g_01267
OG0000895	Prbi	Prbg.g_01720	Prbi.g_01853
OG0000895	Pras	Prbg.g_01720	Pras.g_00618
OG0000895	Prau	Prbg.g_01720	Prau.g_01799
OG0000895	Prac	Prbg.g_01720	Prac.g_00481
OG0000895	Praq	Prbg.g_01720	Praq.g_00946
OG0000895	Prar	Prbg.g_01720	Prar.g_01109
OG0000895	Prad	Prbg.g_01720	Prad.g_00874
OG0000895	Pray	Prbg.g_01720	Pray.g_01239
OG0000895	Praz	Prbg.g_01720	Praz.g_00330
OG0000895	Prba	Prbg.g_01720	Prba.g_00362
OG0000895	Prae	Prbg.g_01720	Prae.g_01691
OG0000895	Prao	Prbg.g_01720	Prao.g_01620
OG0000895	Prav	Prbg.g_01720	Prav.g_00273
OG0000895	Prbm	Prbg.g_01720	Prbm.g_01954
OG0000895	Praj	Prbg.g_01720	Praj.g_01874
OG0000895	Prbb	Prbg.g_01720	Prbb.g_01928
OG0000895	Prbc	Prbg.g_01720	Prbc.g_00939
OG0000895	Praf	Prbg.g_01720	Praf.g_02195
OG0000895	Prah	Prbg.g_01720	Prah.g_02066
OG0000895	Prbj	Prbg.g_01720	Prbj.g_02651
OG0000895	Prbk	Prbg.g_01720	Prbk.g_01910
OG0000895	Prbl	Prbg.g_01720	Prbl.g_01061
OG0000895	Syaa	Prbg.g_01720	Syaa.g_02345
OG0000895	Syac	Prbg.g_01720	Syac.g_02185
OG0000895	Syah	Prbg.g_01720	Syah.g_00694
OG0000895	Syaf	Prbg.g_01720	Syaf.g_00171
OG0000895	Syai	Prbg.g_01720	Syai.g_00325
OG0000895	Syam	Prbg.g_01720	Syam.g_00294
OG0000895	Syae	Prbg.g_01720	Syae.g_02038
OG0000895	Syad	Prbg.g_01720	Syad.g_00596
OG0000895	Syaj	Prbg.g_01720	Syaj.g_02643
OG0000895	Syap	Prbg.g_01720	Syap.g_00546
OG0000895	Syas	Prbg.g_01720	Syas.g_01663
OG0000895	Syan	Prbg.g_01720	Syan.g_02112
OG0000895	Syao	Prbg.g_01720	Syao.g_01916
OG0000895	Syar	Prbg.g_01720	Syar.g_00141
OG0000895	Syat	Prbg.g_01720	Syat.g_01856
OG0000895	Syak	Prbg.g_01720	Syak.g_01386
OG0000895	Syab	Prbg.g_01720	Syab.g_00373
OG0000895	Syal	Prbg.g_01720	Syal.g_00200
OG0000895	Syaq	Prbg.g_01720	Syaq.g_00688
OG0000895	Syag	Prbg.g_01720	Syag.g_02695
OG0000895	Pral	Prbg.g_01720	Pral.g_00177
OG0000895	Prat	Prbg.g_01720	Prat.g_01662
OG0000895	Pram	Prbg.g_01720	Pram.g_01702
OG0000895	Prbh	Prbg.g_01720	Prbh.g_01712
OG0000895	Prbe	Prbg.g_01720	Prbe.g_01111
OG0000895	Prak	Prbg.g_01720	Prak.g_01715
OG0000895	Prap	Prbg.g_01720	Prap.g_01708
OG0000895	Prbf	Prbg.g_01720	Prbf.g_00623
OG0000895	Prbn	Prbg.g_01720	Prbn.g_01816
OG0000896	Prab	Prbg.g_01721	Prab.g_01737
OG0000896	Pran	Prbg.g_01721	Pran.g_01038
OG0000896	Prai	Prbg.g_01721	Prai.g_01707
OG0000896	Prav	Prbg.g_01721	Prav.g_00274
OG0000896	Prac	Prbg.g_01721	Prac.g_00482
OG0000896	Praq	Prbg.g_01721	Praq.g_00945
OG0000896	Prar	Prbg.g_01721	Prar.g_01108
OG0000896	Pray	Prbg.g_01721	Pray.g_01240
OG0000896	Praz	Prbg.g_01721	Praz.g_00329
OG0000896	Prba	Prbg.g_01721	Prba.g_00363
OG0000896	Prao	Prbg.g_01721	Prao.g_01621
OG0000896	Prad	Prbg.g_01721	Prad.g_00873
OG0000896	Prag	Prbg.g_01721	Prag.g_01738
OG0000896	Praw	Prbg.g_01721	Praw.g_01911
OG0000896	Praa	Prbg.g_01721	Praa.g_01705
OG0000896	Prax	Prbg.g_01721	Prax.g_01268
OG0000896	Prbd	Prbg.g_01721	Prbd.g_01457
OG0000896	Prbi	Prbg.g_01721	Prbi.g_01854
OG0000896	Pras	Prbg.g_01721	Pras.g_00619
OG0000896	Prau	Prbg.g_01721	Prau.g_01800
OG0000896	Prae	Prbg.g_01721	Prae.g_01692
OG0000896	Praj	Prbg.g_01721	Praj.g_01875
OG0000896	Prbm	Prbg.g_01721	Prbm.g_01955
OG0000896	Prbc	Prbg.g_01721	Prbc.g_00940
OG0000896	Prbb	Prbg.g_01721	Prbb.g_01929
OG0000896	Pral	Prbg.g_01721	Pral.g_00178
OG0000896	Prat	Prbg.g_01721	Prat.g_01663
OG0000896	Prbj	Prbg.g_01721	Prbj.g_02650
OG0000896	Prbk	Prbg.g_01721	Prbk.g_01911
OG0000896	Prbl	Prbg.g_01721	Prbl.g_01060
OG0000896	Praf	Prbg.g_01721	Praf.g_02194
OG0000896	Prah	Prbg.g_01721	Prah.g_02065
OG0000896	Syag	Prbg.g_01721	Syag.g_02696
OG0000896	Syaq	Prbg.g_01721	Syaq.g_00687
OG0000896	Syak	Prbg.g_01721	Syak.g_01385
OG0000896	Syab	Prbg.g_01721	Syab.g_00374
OG0000896	Syal	Prbg.g_01721	Syal.g_00201
OG0000896	Syaa	Prbg.g_01721	Syaa.g_02344
OG0000896	Syae	Prbg.g_01721	Syae.g_02039
OG0000896	Syac	Prbg.g_01721	Syac.g_02184
OG0000896	Syah	Prbg.g_01721	Syah.g_00695
OG0000896	Syai	Prbg.g_01721	Syai.g_00326
OG0000896	Syaf	Prbg.g_01721	Syaf.g_00170
OG0000896	Syam	Prbg.g_01721	Syam.g_00295
OG0000896	Syad	Prbg.g_01721	Syad.g_00597
OG0000896	Syaj	Prbg.g_01721	Syaj.g_02644
OG0000896	Syar	Prbg.g_01721	Syar.g_00140
OG0000896	Syan	Prbg.g_01721	Syan.g_02113
OG0000896	Syao	Prbg.g_01721	Syao.g_01917
OG0000896	Syap	Prbg.g_01721	Syap.g_00545
OG0000896	Syas	Prbg.g_01721	Syas.g_01662
OG0000896	Syat	Prbg.g_01721	Syat.g_01855
OG0000896	Pram	Prbg.g_01721	Pram.g_01703
OG0000896	Prbh	Prbg.g_01721	Prbh.g_01711
OG0000896	Prak	Prbg.g_01721	Prak.g_01716
OG0000896	Prap	Prbg.g_01721	Prap.g_01707
OG0000896	Prbe	Prbg.g_01721	Prbe.g_01110
OG0000896	Prbf	Prbg.g_01721	Prbf.g_00622
OG0000896	Prbn	Prbg.g_01721	Prbn.g_01817
OG0000897	Prad	Prbg.g_01723	Prad.g_00871
OG0000897	Pray	Prbg.g_01723	Pray.g_01242
OG0000897	Praz	Prbg.g_01723	Praz.g_00327
OG0000897	Prba	Prbg.g_01723	Prba.g_00365
OG0000897	Prab	Prbg.g_01723	Prab.g_01739
OG0000897	Pran	Prbg.g_01723	Pran.g_01040
OG0000897	Prai	Prbg.g_01723	Prai.g_01709
OG0000897	Prao	Prbg.g_01723	Prao.g_01623
OG0000897	Prac	Prbg.g_01723	Prac.g_00484
OG0000897	Praq	Prbg.g_01723	Praq.g_00943
OG0000897	Prar	Prbg.g_01723	Prar.g_01106
OG0000897	Prag	Prbg.g_01723	Prag.g_01740
OG0000897	Praw	Prbg.g_01723	Praw.g_01909
OG0000897	Prav	Prbg.g_01723	Prav.g_00276
OG0000897	Praa	Prbg.g_01723	Praa.g_01707
OG0000897	Prax	Prbg.g_01723	Prax.g_01270
OG0000897	Prbd	Prbg.g_01723	Prbd.g_01455
OG0000897	Pras	Prbg.g_01723	Pras.g_00621
OG0000897	Prau	Prbg.g_01723	Prau.g_01802
OG0000897	Prae	Prbg.g_01723	Prae.g_01694
OG0000897	Prbi	Prbg.g_01723	Prbi.g_01856
OG0000897	Prbb	Prbg.g_01723	Prbb.g_01931
OG0000897	Prbc	Prbg.g_01723	Prbc.g_00942
OG0000897	Prbm	Prbg.g_01723	Prbm.g_01957
OG0000897	Praj	Prbg.g_01723	Praj.g_01877
OG0000897	Praf	Prbg.g_01723	Praf.g_02192
OG0000897	Prah	Prbg.g_01723	Prah.g_02063
OG0000897	Prbj	Prbg.g_01723	Prbj.g_02648
OG0000897	Prbk	Prbg.g_01723	Prbk.g_01913
OG0000897	Prbl	Prbg.g_01723	Prbl.g_01058
OG0000897	Syae	Prbg.g_01723	Syae.g_02041
OG0000897	Syaa	Prbg.g_01723	Syaa.g_02342
OG0000897	Syac	Prbg.g_01723	Syac.g_02182
OG0000897	Syah	Prbg.g_01723	Syah.g_00697
OG0000897	Syaf	Prbg.g_01723	Syaf.g_00168
OG0000897	Syai	Prbg.g_01723	Syai.g_00328
OG0000897	Syam	Prbg.g_01723	Syam.g_00297
OG0000897	Syad	Prbg.g_01723	Syad.g_00599
OG0000897	Syaj	Prbg.g_01723	Syaj.g_02646
OG0000897	Syan	Prbg.g_01723	Syan.g_02115
OG0000897	Syao	Prbg.g_01723	Syao.g_01919
OG0000897	Syar	Prbg.g_01723	Syar.g_00138
OG0000897	Syat	Prbg.g_01723	Syat.g_01853
OG0000897	Syas	Prbg.g_01723	Syas.g_01660
OG0000897	Syap	Prbg.g_01723	Syap.g_00543
OG0000897	Syak	Prbg.g_01723	Syak.g_01383
OG0000897	Syab	Prbg.g_01723	Syab.g_00376
OG0000897	Syal	Prbg.g_01723	Syal.g_00203
OG0000897	Syaq	Prbg.g_01723	Syaq.g_00685
OG0000897	Syag	Prbg.g_01723	Syag.g_02699
OG0000897	Pral	Prbg.g_01723	Pral.g_00180
OG0000897	Prat	Prbg.g_01723	Prat.g_01665
OG0000897	Pram	Prbg.g_01723	Pram.g_01705
OG0000897	Prbh	Prbg.g_01723	Prbh.g_01709
OG0000897	Prak	Prbg.g_01723	Prak.g_01718
OG0000897	Prap	Prbg.g_01723	Prap.g_01705
OG0000897	Prbe	Prbg.g_01723	Prbe.g_01108
OG0000897	Prbf	Prbg.g_01723	Prbf.g_00620
OG0000897	Prbn	Prbg.g_01723	Prbn.g_01819
OG0000898	Prai	Prbg.g_01724	Prai.g_01710
OG0000898	Prab	Prbg.g_01724	Prab.g_01740
OG0000898	Pran	Prbg.g_01724	Pran.g_01041
OG0000898	Praa	Prbg.g_01724	Praa.g_01708
OG0000898	Prac	Prbg.g_01724	Prac.g_00485
OG0000898	Prad	Prbg.g_01724	Prad.g_00870
OG0000898	Prae	Prbg.g_01724	Prae.g_01695
OG0000898	Praq	Prbg.g_01724	Praq.g_00942
OG0000898	Prar	Prbg.g_01724	Prar.g_01105
OG0000898	Pras	Prbg.g_01724	Pras.g_00622
OG0000898	Prax	Prbg.g_01724	Prax.g_01271
OG0000898	Pray	Prbg.g_01724	Pray.g_01243
OG0000898	Praz	Prbg.g_01724	Praz.g_00326
OG0000898	Prba	Prbg.g_01724	Prba.g_00366
OG0000898	Prbd	Prbg.g_01724	Prbd.g_01454
OG0000898	Prbi	Prbg.g_01724	Prbi.g_01857
OG0000898	Prav	Prbg.g_01724	Prav.g_00277
OG0000898	Prao	Prbg.g_01724	Prao.g_01624
OG0000898	Prag	Prbg.g_01724	Prag.g_01741
OG0000898	Praw	Prbg.g_01724	Praw.g_01908
OG0000898	Prau	Prbg.g_01724	Prau.g_01803
OG0000898	Prbm	Prbg.g_01724	Prbm.g_01958
OG0000898	Praj	Prbg.g_01724	Praj.g_01878
OG0000898	Prbb	Prbg.g_01724	Prbb.g_01932
OG0000898	Prbc	Prbg.g_01724	Prbc.g_00943
OG0000898	Syac	Prbg.g_01724	Syac.g_02181
OG0000898	Syah	Prbg.g_01724	Syah.g_00698
OG0000898	Syaa	Prbg.g_01724	Syaa.g_02341
OG0000898	Syat	Prbg.g_01724	Syat.g_01852
OG0000898	Syar	Prbg.g_01724	Syar.g_00137
OG0000898	Syan	Prbg.g_01724	Syan.g_02116
OG0000898	Syao	Prbg.g_01724	Syao.g_01920
OG0000898	Syap	Prbg.g_01724	Syap.g_00542
OG0000898	Syas	Prbg.g_01724	Syas.g_01659
OG0000898	Syam	Prbg.g_01724	Syam.g_00298
OG0000898	Syad	Prbg.g_01724	Syad.g_00600
OG0000898	Syai	Prbg.g_01724	Syai.g_00329
OG0000898	Syaj	Prbg.g_01724	Syaj.g_02647
OG0000898	Pral	Prbg.g_01724	Pral.g_00181
OG0000898	Pram	Prbg.g_01724	Pram.g_01706
OG0000898	Prbh	Prbg.g_01724	Prbh.g_01708
OG0000898	Praf	Prbg.g_01724	Praf.g_02191
OG0000898	Prah	Prbg.g_01724	Prah.g_02062
OG0000898	Prbj	Prbg.g_01724	Prbj.g_02647
OG0000898	Prbk	Prbg.g_01724	Prbk.g_01914
OG0000898	Prbl	Prbg.g_01724	Prbl.g_01057
OG0000898	Prat	Prbg.g_01724	Prat.g_01666
OG0000898	Syab	Prbg.g_01724	Syab.g_00377
OG0000898	Syae	Prbg.g_01724	Syae.g_02042
OG0000898	Syaf	Prbg.g_01724	Syaf.g_00167
OG0000898	Syag	Prbg.g_01724	Syag.g_02700
OG0000898	Syak	Prbg.g_01724	Syak.g_01382
OG0000898	Syal	Prbg.g_01724	Syal.g_00204
OG0000898	Syaq	Prbg.g_01724	Syaq.g_00684
OG0000898	Prak	Prbg.g_01724	Prak.g_01719
OG0000898	Prap	Prbg.g_01724	Prap.g_01704
OG0000898	Prbe	Prbg.g_01724	Prbe.g_01107
OG0000898	Prbf	Prbg.g_01724	Prbf.g_00619
OG0000898	Prbn	Prbg.g_01724	Prbn.g_01820
OG0000899	Prac	Prbg.g_01725	Prac.g_00486
OG0000899	Praq	Prbg.g_01725	Praq.g_00941
OG0000899	Prar	Prbg.g_01725	Prar.g_01104
OG0000899	Prai	Prbg.g_01725	Prai.g_01711
OG0000899	Prab	Prbg.g_01725	Prab.g_01741
OG0000899	Pran	Prbg.g_01725	Pran.g_01042
OG0000899	Prau	Prbg.g_01725	Prau.g_01804
OG0000899	Prax	Prbg.g_01725	Prax.g_01272
OG0000899	Pray	Prbg.g_01725	Pray.g_01244
OG0000899	Praz	Prbg.g_01725	Praz.g_00325
OG0000899	Prba	Prbg.g_01725	Prba.g_00367
OG0000899	Prag	Prbg.g_01725	Prag.g_01742
OG0000899	Praw	Prbg.g_01725	Praw.g_01907
OG0000899	Praa	Prbg.g_01725	Praa.g_01709
OG0000899	Prad	Prbg.g_01725	Prad.g_00869
OG0000899	Prao	Prbg.g_01725	Prao.g_01625
OG0000899	Prbd	Prbg.g_01725	Prbd.g_01453
OG0000899	Prae	Prbg.g_01725	Prae.g_01696
OG0000899	Pras	Prbg.g_01725	Pras.g_00623
OG0000899	Prbi	Prbg.g_01725	Prbi.g_01858
OG0000899	Prav	Prbg.g_01725	Prav.g_00278
OG0000899	Pral	Prbg.g_01725	Pral.g_00182
OG0000899	Prat	Prbg.g_01725	Prat.g_01667
OG0000899	Prbm	Prbg.g_01725	Prbm.g_01959
OG0000899	Prbb	Prbg.g_01725	Prbb.g_01933
OG0000899	Praj	Prbg.g_01725	Praj.g_01879
OG0000899	Prbc	Prbg.g_01725	Prbc.g_00944
OG0000899	Syao	Prbg.g_01725	Syao.g_01921
OG0000899	Syan	Prbg.g_01725	Syan.g_02117
OG0000899	Syar	Prbg.g_01725	Syar.g_00136
OG0000899	Syat	Prbg.g_01725	Syat.g_01851
OG0000899	Syap	Prbg.g_01725	Syap.g_00541
OG0000899	Syas	Prbg.g_01725	Syas.g_01658
OG0000899	Syak	Prbg.g_01725	Syak.g_01381
OG0000899	Syad	Prbg.g_01725	Syad.g_00601
OG0000899	Syaa	Prbg.g_01725	Syaa.g_02340
OG0000899	Syaj	Prbg.g_01725	Syaj.g_02648
OG0000899	Syaq	Prbg.g_01725	Syaq.g_00683
OG0000899	Prah	Prbg.g_01725	Prah.g_02061
OG0000899	Praf	Prbg.g_01725	Praf.g_02190
OG0000899	Prbj	Prbg.g_01725	Prbj.g_02646
OG0000899	Prbk	Prbg.g_01725	Prbk.g_01915
OG0000899	Prbl	Prbg.g_01725	Prbl.g_01056
OG0000899	Syab	Prbg.g_01725	Syab.g_00378
OG0000899	Syal	Prbg.g_01725	Syal.g_00205
OG0000899	Syac	Prbg.g_01725	Syac.g_02180
OG0000899	Syah	Prbg.g_01725	Syah.g_00699
OG0000899	Syae	Prbg.g_01725	Syae.g_02043
OG0000899	Syaf	Prbg.g_01725	Syaf.g_00166
OG0000899	Syag	Prbg.g_01725	Syag.g_02701
OG0000899	Syai	Prbg.g_01725	Syai.g_00330
OG0000899	Syam	Prbg.g_01725	Syam.g_00299
OG0000899	Pram	Prbg.g_01725	Pram.g_01707
OG0000899	Prbh	Prbg.g_01725	Prbh.g_01707
OG0000899	Prak	Prbg.g_01725	Prak.g_01720
OG0000899	Prap	Prbg.g_01725	Prap.g_01703
OG0000899	Prbe	Prbg.g_01725	Prbe.g_01106
OG0000899	Prbf	Prbg.g_01725	Prbf.g_00618
OG0000899	Prbn	Prbg.g_01725	Prbn.g_01821
OG0000900	Prab	Prbg.g_01726	Prab.g_01742
OG0000900	Pran	Prbg.g_01726	Pran.g_01044
OG0000900	Prai	Prbg.g_01726	Prai.g_01712
OG0000900	Prac	Prbg.g_01726	Prac.g_00487
OG0000900	Praq	Prbg.g_01726	Praq.g_00940
OG0000900	Prar	Prbg.g_01726	Prar.g_01103
OG0000900	Prao	Prbg.g_01726	Prao.g_01626
OG0000900	Prav	Prbg.g_01726	Prav.g_00279
OG0000900	Prax	Prbg.g_01726	Prax.g_01273
OG0000900	Prae	Prbg.g_01726	Prae.g_01697
OG0000900	Pras	Prbg.g_01726	Pras.g_00624
OG0000900	Prad	Prbg.g_01726	Prad.g_00868
OG0000900	Prag	Prbg.g_01726	Prag.g_01743
OG0000900	Praw	Prbg.g_01726	Praw.g_01906
OG0000900	Prbd	Prbg.g_01726	Prbd.g_01452
OG0000900	Pray	Prbg.g_01726	Pray.g_01245
OG0000900	Praz	Prbg.g_01726	Praz.g_00324
OG0000900	Prba	Prbg.g_01726	Prba.g_00368
OG0000900	Praa	Prbg.g_01726	Praa.g_01710
OG0000900	Prbi	Prbg.g_01726	Prbi.g_01859
OG0000900	Prau	Prbg.g_01726	Prau.g_01805
OG0000900	Syab	Prbg.g_01726	Syab.g_00379
OG0000900	Syal	Prbg.g_01726	Syal.g_00206
OG0000900	Syac	Prbg.g_01726	Syac.g_02179
OG0000900	Syah	Prbg.g_01726	Syah.g_00700
OG0000900	Syae	Prbg.g_01726	Syae.g_02044
OG0000900	Syag	Prbg.g_01726	Syag.g_02702
OG0000900	Syaq	Prbg.g_01726	Syaq.g_00682
OG0000900	Syak	Prbg.g_01726	Syak.g_01380
OG0000900	Syad	Prbg.g_01726	Syad.g_00602
OG0000900	Syaj	Prbg.g_01726	Syaj.g_02649
OG0000900	Syaa	Prbg.g_01726	Syaa.g_02339
OG0000900	Syaf	Prbg.g_01726	Syaf.g_00165
OG0000900	Syai	Prbg.g_01726	Syai.g_00331
OG0000900	Syam	Prbg.g_01726	Syam.g_00300
OG0000900	Syar	Prbg.g_01726	Syar.g_00135
OG0000900	Syat	Prbg.g_01726	Syat.g_01850
OG0000900	Syan	Prbg.g_01726	Syan.g_02118
OG0000900	Syao	Prbg.g_01726	Syao.g_01922
OG0000900	Syap	Prbg.g_01726	Syap.g_00540
OG0000900	Syas	Prbg.g_01726	Syas.g_01657
OG0000900	Prbc	Prbg.g_01726	Prbc.g_00945
OG0000900	Prbb	Prbg.g_01726	Prbb.g_01934
OG0000900	Praj	Prbg.g_01726	Praj.g_01880
OG0000900	Prbm	Prbg.g_01726	Prbm.g_01960
OG0000900	Prbj	Prbg.g_01726	Prbj.g_02645
OG0000900	Prbk	Prbg.g_01726	Prbk.g_01916
OG0000900	Prbl	Prbg.g_01726	Prbl.g_01055
OG0000900	Praf	Prbg.g_01726	Praf.g_02189
OG0000900	Prah	Prbg.g_01726	Prah.g_02060
OG0000900	Pral	Prbg.g_01726	Pral.g_00183
OG0000900	Prat	Prbg.g_01726	Prat.g_01668
OG0000900	Pram	Prbg.g_01726	Pram.g_01708
OG0000900	Prbh	Prbg.g_01726	Prbh.g_01706
OG0000900	Prak	Prbg.g_01726	Prak.g_01721
OG0000900	Prap	Prbg.g_01726	Prap.g_01702
OG0000900	Prbe	Prbg.g_01726	Prbe.g_01105
OG0000900	Prbf	Prbg.g_01726	Prbf.g_00617
OG0000900	Prbn	Prbg.g_01726	Prbn.g_01822
OG0000901	Prab	Prbg.g_01729	Prab.g_01745
OG0000901	Pran	Prbg.g_01729	Pran.g_01047
OG0000901	Prai	Prbg.g_01729	Prai.g_01715
OG0000901	Pras	Prbg.g_01729	Pras.g_00627
OG0000901	Prau	Prbg.g_01729	Prau.g_01808
OG0000901	Prac	Prbg.g_01729	Prac.g_00490
OG0000901	Praq	Prbg.g_01729	Praq.g_00937
OG0000901	Prar	Prbg.g_01729	Prar.g_01100
OG0000901	Prad	Prbg.g_01729	Prad.g_00865
OG0000901	Prag	Prbg.g_01729	Prag.g_01746
OG0000901	Praw	Prbg.g_01729	Praw.g_01903
OG0000901	Prav	Prbg.g_01729	Prav.g_00282
OG0000901	Prao	Prbg.g_01729	Prao.g_01629
OG0000901	Prbd	Prbg.g_01729	Prbd.g_01449
OG0000901	Prbi	Prbg.g_01729	Prbi.g_01863
OG0000901	Prae	Prbg.g_01729	Prae.g_01700
OG0000901	Prax	Prbg.g_01729	Prax.g_01276
OG0000901	Praa	Prbg.g_01729	Praa.g_01713
OG0000901	Pray	Prbg.g_01729	Pray.g_01248
OG0000901	Praz	Prbg.g_01729	Praz.g_00321
OG0000901	Prba	Prbg.g_01729	Prba.g_00371
OG0000901	Prbc	Prbg.g_01729	Prbc.g_00948
OG0000901	Prbb	Prbg.g_01729	Prbb.g_01937
OG0000901	Praj	Prbg.g_01729	Praj.g_01883
OG0000901	Prbm	Prbg.g_01729	Prbm.g_01963
OG0000901	Prbj	Prbg.g_01729	Prbj.g_02641
OG0000901	Prbk	Prbg.g_01729	Prbk.g_01920
OG0000901	Prbl	Prbg.g_01729	Prbl.g_01051
OG0000901	Praf	Prbg.g_01729	Praf.g_02185
OG0000901	Prah	Prbg.g_01729	Prah.g_02056
OG0000901	Syaq	Prbg.g_01729	Syaq.g_00677
OG0000901	Syad	Prbg.g_01729	Syad.g_00607
OG0000901	Syaj	Prbg.g_01729	Syaj.g_02654
OG0000901	Syae	Prbg.g_01729	Syae.g_02049
OG0000901	Syaa	Prbg.g_01729	Syaa.g_02334
OG0000901	Syak	Prbg.g_01729	Syak.g_01375
OG0000901	Syab	Prbg.g_01729	Syab.g_00384
OG0000901	Syal	Prbg.g_01729	Syal.g_00211
OG0000901	Syac	Prbg.g_01729	Syac.g_02174
OG0000901	Syah	Prbg.g_01729	Syah.g_00705
OG0000901	Syag	Prbg.g_01729	Syag.g_02707
OG0000901	Syam	Prbg.g_01729	Syam.g_00305
OG0000901	Syaf	Prbg.g_01729	Syaf.g_00160
OG0000901	Syai	Prbg.g_01729	Syai.g_00336
OG0000901	Syas	Prbg.g_01729	Syas.g_01652
OG0000901	Syap	Prbg.g_01729	Syap.g_01930
OG0000901	Syan	Prbg.g_01729	Syan.g_02123
OG0000901	Syao	Prbg.g_01729	Syao.g_01927
OG0000901	Syar	Prbg.g_01729	Syar.g_00130
OG0000901	Syat	Prbg.g_01729	Syat.g_01845
OG0000901	Pral	Prbg.g_01729	Pral.g_00187
OG0000901	Prat	Prbg.g_01729	Prat.g_01671
OG0000901	Pram	Prbg.g_01729	Pram.g_01711
OG0000901	Prbh	Prbg.g_01729	Prbh.g_01703
OG0000901	Prak	Prbg.g_01729	Prak.g_01724
OG0000901	Prap	Prbg.g_01729	Prap.g_01699
OG0000901	Prbe	Prbg.g_01729	Prbe.g_01102
OG0000901	Prbf	Prbg.g_01729	Prbf.g_00614
OG0000901	Prbn	Prbg.g_01729	Prbn.g_01825
OG0000902	Prab	Prbg.g_01731	Prab.g_01747
OG0000902	Pran	Prbg.g_01731	Pran.g_01049
OG0000902	Pras	Prbg.g_01731	Pras.g_00629
OG0000902	Prau	Prbg.g_01731	Prau.g_01810
OG0000902	Prad	Prbg.g_01731	Prad.g_00863
OG0000902	Prac	Prbg.g_01731	Prac.g_00492
OG0000902	Praq	Prbg.g_01731	Praq.g_00935
OG0000902	Prar	Prbg.g_01731	Prar.g_01098
OG0000902	Prbi	Prbg.g_01731	Prbi.g_01865
OG0000902	Prag	Prbg.g_01731	Prag.g_01748
OG0000902	Praw	Prbg.g_01731	Praw.g_01901
OG0000902	Prav	Prbg.g_01731	Prav.g_00284
OG0000902	Prae	Prbg.g_01731	Prae.g_01702
OG0000902	Prbd	Prbg.g_01731	Prbd.g_01447
OG0000902	Prao	Prbg.g_01731	Prao.g_01631
OG0000902	Pray	Prbg.g_01731	Pray.g_01250
OG0000902	Praz	Prbg.g_01731	Praz.g_00319
OG0000902	Prba	Prbg.g_01731	Prba.g_00373
OG0000902	Praa	Prbg.g_01731	Praa.g_01715
OG0000902	Prax	Prbg.g_01731	Prax.g_01278
OG0000902	Prai	Prbg.g_01731	Prai.g_01717
OG0000902	Praj	Prbg.g_01731	Praj.g_01885
OG0000902	Prbb	Prbg.g_01731	Prbb.g_01939
OG0000902	Prbc	Prbg.g_01731	Prbc.g_00950
OG0000902	Prbm	Prbg.g_01731	Prbm.g_01965
OG0000902	Prat	Prbg.g_01731	Prat.g_01673
OG0000902	Prbj	Prbg.g_01731	Prbj.g_02639
OG0000902	Prbk	Prbg.g_01731	Prbk.g_01922
OG0000902	Prbl	Prbg.g_01731	Prbl.g_01049
OG0000902	Praf	Prbg.g_01731	Praf.g_02183
OG0000902	Prah	Prbg.g_01731	Prah.g_02054
OG0000902	Syaq	Prbg.g_01731	Syaq.g_00671
OG0000902	Syan	Prbg.g_01731	Syan.g_02125
OG0000902	Syao	Prbg.g_01731	Syao.g_01929
OG0000902	Syar	Prbg.g_01731	Syar.g_01013
OG0000902	Syas	Prbg.g_01731	Syas.g_01651
OG0000902	Syap	Prbg.g_01731	Syap.g_01929
OG0000902	Syat	Prbg.g_01731	Syat.g_01843
OG0000902	Syag	Prbg.g_01731	Syag.g_02709
OG0000902	Syab	Prbg.g_01731	Syab.g_00386
OG0000902	Syal	Prbg.g_01731	Syal.g_00213
OG0000902	Syad	Prbg.g_01731	Syad.g_00609
OG0000902	Syaj	Prbg.g_01731	Syaj.g_02656
OG0000902	Syae	Prbg.g_01731	Syae.g_02051
OG0000902	Syaa	Prbg.g_01731	Syaa.g_02332
OG0000902	Syak	Prbg.g_01731	Syak.g_01368
OG0000902	Syaf	Prbg.g_01731	Syaf.g_00158
OG0000902	Syai	Prbg.g_01731	Syai.g_00338
OG0000902	Syam	Prbg.g_01731	Syam.g_00307
OG0000902	Syac	Prbg.g_01731	Syac.g_02172
OG0000902	Syah	Prbg.g_01731	Syah.g_00707
OG0000902	Pral	Prbg.g_01731	Pral.g_00189
OG0000902	Pram	Prbg.g_01731	Pram.g_01713
OG0000902	Prbh	Prbg.g_01731	Prbh.g_01701
OG0000902	Prak	Prbg.g_01731	Prak.g_01726
OG0000902	Prap	Prbg.g_01731	Prap.g_01697
OG0000902	Prbe	Prbg.g_01731	Prbe.g_01100
OG0000902	Prbf	Prbg.g_01731	Prbf.g_00612
OG0000902	Prbn	Prbg.g_01731	Prbn.g_01827
OG0000903	Pras	Prbg.g_01735	Pras.g_00632
OG0000903	Prau	Prbg.g_01735	Prau.g_01813
OG0000903	Prav	Prbg.g_01735	Prav.g_00287
OG0000903	Prag	Prbg.g_01735	Prag.g_01751
OG0000903	Praw	Prbg.g_01735	Praw.g_01898
OG0000903	Pray	Prbg.g_01735	Pray.g_01253
OG0000903	Praz	Prbg.g_01735	Praz.g_00316
OG0000903	Prba	Prbg.g_01735	Prba.g_00376
OG0000903	Prae	Prbg.g_01735	Prae.g_01705
OG0000903	Prbd	Prbg.g_01735	Prbd.g_01444
OG0000903	Prbi	Prbg.g_01735	Prbi.g_01868
OG0000903	Prao	Prbg.g_01735	Prao.g_01634
OG0000903	Prax	Prbg.g_01735	Prax.g_01281
OG0000903	Praa	Prbg.g_01735	Praa.g_01718
OG0000903	Prad	Prbg.g_01735	Prad.g_00860
OG0000903	Prac	Prbg.g_01735	Prac.g_00495
OG0000903	Praq	Prbg.g_01735	Praq.g_00932
OG0000903	Prar	Prbg.g_01735	Prar.g_01095
OG0000903	Prab	Prbg.g_01735	Prab.g_01750
OG0000903	Pran	Prbg.g_01735	Pran.g_01052
OG0000903	Prai	Prbg.g_01735	Prai.g_01720
OG0000903	Prbc	Prbg.g_01735	Prbc.g_00960
OG0000903	Prbm	Prbg.g_01735	Prbm.g_01975
OG0000903	Prbb	Prbg.g_01735	Prbb.g_01948
OG0000903	Praj	Prbg.g_01735	Praj.g_01894
OG0000903	Praf	Prbg.g_01735	Praf.g_02170
OG0000903	Prah	Prbg.g_01735	Prah.g_02041
OG0000903	Prbj	Prbg.g_01735	Prbj.g_01027
OG0000903	Prbk	Prbg.g_01735	Prbk.g_00990
OG0000903	Prbl	Prbg.g_01735	Prbl.g_00954
OG0000903	Syaq	Prbg.g_01735	Syaq.g_00655
OG0000903	Syar	Prbg.g_01735	Syar.g_01026
OG0000903	Syan	Prbg.g_01735	Syan.g_02252
OG0000903	Syao	Prbg.g_01735	Syao.g_01798
OG0000903	Syap	Prbg.g_01735	Syap.g_01916
OG0000903	Syas	Prbg.g_01735	Syas.g_01637
OG0000903	Syat	Prbg.g_01735	Syat.g_01830
OG0000903	Syad	Prbg.g_01735	Syad.g_00645
OG0000903	Syaj	Prbg.g_01735	Syaj.g_02689
OG0000903	Syae	Prbg.g_01735	Syae.g_02077
OG0000903	Syaa	Prbg.g_01735	Syaa.g_02313
OG0000903	Syam	Prbg.g_01735	Syam.g_00322
OG0000903	Syai	Prbg.g_01735	Syai.g_00353
OG0000903	Syaf	Prbg.g_01735	Syaf.g_00141
OG0000903	Syac	Prbg.g_01735	Syac.g_02140
OG0000903	Syah	Prbg.g_01735	Syah.g_00739
OG0000903	Syag	Prbg.g_01735	Syag.g_02724
OG0000903	Syak	Prbg.g_01735	Syak.g_01353
OG0000903	Syab	Prbg.g_01735	Syab.g_00399
OG0000903	Syal	Prbg.g_01735	Syal.g_00227
OG0000903	Pral	Prbg.g_01735	Pral.g_00193
OG0000903	Prat	Prbg.g_01735	Prat.g_01677
OG0000903	Pram	Prbg.g_01735	Pram.g_01717
OG0000903	Prbh	Prbg.g_01735	Prbh.g_01697
OG0000903	Prak	Prbg.g_01735	Prak.g_01730
OG0000903	Prap	Prbg.g_01735	Prap.g_01693
OG0000903	Prbe	Prbg.g_01735	Prbe.g_01096
OG0000903	Prbf	Prbg.g_01735	Prbf.g_00608
OG0000903	Prbn	Prbg.g_01735	Prbn.g_01831
OG0000904	Prai	Prbg.g_01739	Prai.g_01722
OG0000904	Prbm	Prbg.g_01739	Prbm.g_01970
OG0000904	Praj	Prbg.g_01739	Praj.g_01889
OG0000904	Prbb	Prbg.g_01739	Prbb.g_01943
OG0000904	Prbc	Prbg.g_01739	Prbc.g_00955
OG0000904	Pray	Prbg.g_01739	Pray.g_01255
OG0000904	Praz	Prbg.g_01739	Praz.g_00314
OG0000904	Prba	Prbg.g_01739	Prba.g_00378
OG0000904	Prag	Prbg.g_01739	Prag.g_01753
OG0000904	Praw	Prbg.g_01739	Praw.g_01896
OG0000904	Prav	Prbg.g_01739	Prav.g_00289
OG0000904	Prac	Prbg.g_01739	Prac.g_00497
OG0000904	Praq	Prbg.g_01739	Praq.g_00930
OG0000904	Prar	Prbg.g_01739	Prar.g_01093
OG0000904	Pras	Prbg.g_01739	Pras.g_00634
OG0000904	Prau	Prbg.g_01739	Prau.g_01815
OG0000904	Praa	Prbg.g_01739	Praa.g_01720
OG0000904	Prao	Prbg.g_01739	Prao.g_01636
OG0000904	Prad	Prbg.g_01739	Prad.g_00858
OG0000904	Prbd	Prbg.g_01739	Prbd.g_01442
OG0000904	Prbi	Prbg.g_01739	Prbi.g_01870
OG0000904	Prae	Prbg.g_01739	Prae.g_01707
OG0000904	Prax	Prbg.g_01739	Prax.g_01283
OG0000904	Prab	Prbg.g_01739	Prab.g_01752
OG0000904	Pran	Prbg.g_01739	Pran.g_01054
OG0000904	Praf	Prbg.g_01739	Praf.g_02175
OG0000904	Prah	Prbg.g_01739	Prah.g_02046
OG0000904	Prbj	Prbg.g_01739	Prbj.g_01032
OG0000904	Prbk	Prbg.g_01739	Prbk.g_00995
OG0000904	Prbl	Prbg.g_01739	Prbl.g_00949
OG0000904	Syaq	Prbg.g_01739	Syaq.g_00660
OG0000904	Syak	Prbg.g_01739	Syak.g_01358
OG0000904	Syal	Prbg.g_01739	Syal.g_00222
OG0000904	Syas	Prbg.g_01739	Syas.g_01642
OG0000904	Syar	Prbg.g_01739	Syar.g_01021
OG0000904	Syat	Prbg.g_01739	Syat.g_01834
OG0000904	Syap	Prbg.g_01739	Syap.g_01922
OG0000904	Syan	Prbg.g_01739	Syan.g_02258
OG0000904	Syao	Prbg.g_01739	Syao.g_01804
OG0000904	Syab	Prbg.g_01739	Syab.g_00395
OG0000904	Syag	Prbg.g_01739	Syag.g_02718
OG0000904	Syac	Prbg.g_01739	Syac.g_02145
OG0000904	Syah	Prbg.g_01739	Syah.g_00734
OG0000904	Syaa	Prbg.g_01739	Syaa.g_02318
OG0000904	Syaf	Prbg.g_01739	Syaf.g_00146
OG0000904	Syai	Prbg.g_01739	Syai.g_00348
OG0000904	Syam	Prbg.g_01739	Syam.g_00317
OG0000904	Syad	Prbg.g_01739	Syad.g_00640
OG0000904	Syaj	Prbg.g_01739	Syaj.g_02684
OG0000904	Syae	Prbg.g_01739	Syae.g_02071
OG0000904	Pral	Prbg.g_01739	Pral.g_00198
OG0000904	Prat	Prbg.g_01739	Prat.g_01682
OG0000904	Pram	Prbg.g_01739	Pram.g_01722
OG0000904	Prbh	Prbg.g_01739	Prbh.g_01692
OG0000904	Prak	Prbg.g_01739	Prak.g_01734
OG0000904	Prap	Prbg.g_01739	Prap.g_01689
OG0000904	Prbe	Prbg.g_01739	Prbe.g_01092
OG0000904	Prbf	Prbg.g_01739	Prbf.g_00604
OG0000904	Prbn	Prbg.g_01739	Prbn.g_01835
OG0000905	Prag	Prbg.g_01733	Prag.g_01757
OG0000905	Praw	Prbg.g_01733	Praw.g_01892
OG0000905	Prav	Prbg.g_01733	Prav.g_00294
OG0000905	Prab	Prbg.g_01733	Prab.g_01756
OG0000905	Pran	Prbg.g_01733	Pran.g_01058
OG0000905	Prbd	Prbg.g_01733	Prbd.g_01437
OG0000905	Prax	Prbg.g_01733	Prax.g_01288
OG0000905	Pray	Prbg.g_01733	Pray.g_01260
OG0000905	Praz	Prbg.g_01733	Praz.g_00309
OG0000905	Prba	Prbg.g_01733	Prba.g_00383
OG0000905	Prai	Prbg.g_01733	Prai.g_01727
OG0000905	Prad	Prbg.g_01733	Prad.g_00853
OG0000905	Prac	Prbg.g_01733	Prac.g_00502
OG0000905	Praq	Prbg.g_01733	Praq.g_00925
OG0000905	Prar	Prbg.g_01733	Prar.g_01088
OG0000905	Prau	Prbg.g_01733	Prau.g_01820
OG0000905	Pras	Prbg.g_01733	Pras.g_00639
OG0000905	Prao	Prbg.g_01733	Prao.g_01641
OG0000905	Prae	Prbg.g_01733	Prae.g_01712
OG0000905	Praa	Prbg.g_01733	Praa.g_01725
OG0000905	Prbi	Prbg.g_01733	Prbi.g_01875
OG0000905	Prbj	Prbg.g_01733	Prbj.g_01034
OG0000905	Prbk	Prbg.g_01733	Prbk.g_00997
OG0000905	Prbl	Prbg.g_01733	Prbl.g_00947
OG0000905	Praf	Prbg.g_01733	Praf.g_02177
OG0000905	Prah	Prbg.g_01733	Prah.g_02048
OG0000905	Syas	Prbg.g_01733	Syas.g_01647
OG0000905	Syar	Prbg.g_01733	Syar.g_01018
OG0000905	Syat	Prbg.g_01733	Syat.g_01839
OG0000905	Syap	Prbg.g_01733	Syap.g_01925
OG0000905	Syan	Prbg.g_01733	Syan.g_02129
OG0000905	Syao	Prbg.g_01733	Syao.g_01862
OG0000905	Syak	Prbg.g_01733	Syak.g_01363
OG0000905	Syab	Prbg.g_01733	Syab.g_00390
OG0000905	Syal	Prbg.g_01733	Syal.g_00217
OG0000905	Syaq	Prbg.g_01733	Syaq.g_00666
OG0000905	Syag	Prbg.g_01733	Syag.g_02714
OG0000905	Syai	Prbg.g_01733	Syai.g_00342
OG0000905	Syaf	Prbg.g_01733	Syaf.g_00151
OG0000905	Syam	Prbg.g_01733	Syam.g_00312
OG0000905	Syac	Prbg.g_01733	Syac.g_02148
OG0000905	Syah	Prbg.g_01733	Syah.g_00731
OG0000905	Syae	Prbg.g_01733	Syae.g_02065
OG0000905	Syaa	Prbg.g_01733	Syaa.g_02324
OG0000905	Syad	Prbg.g_01733	Syad.g_00632
OG0000905	Syaj	Prbg.g_01733	Syaj.g_02678
OG0000905	Prbm	Prbg.g_01733	Prbm.g_01967
OG0000905	Praj	Prbg.g_01733	Praj.g_01887
OG0000905	Prbb	Prbg.g_01733	Prbb.g_01941
OG0000905	Prbc	Prbg.g_01733	Prbc.g_00952
OG0000905	Pram	Prbg.g_01733	Pram.g_01715
OG0000905	Prbh	Prbg.g_01733	Prbh.g_01699
OG0000905	Pral	Prbg.g_01733	Pral.g_00191
OG0000905	Prat	Prbg.g_01733	Prat.g_01675
OG0000905	Prak	Prbg.g_01733	Prak.g_01728
OG0000905	Prap	Prbg.g_01733	Prap.g_01695
OG0000905	Prbe	Prbg.g_01733	Prbe.g_01098
OG0000905	Prbf	Prbg.g_01733	Prbf.g_00610
OG0000905	Prbn	Prbg.g_01733	Prbn.g_01829
OG0000906	Prab	Prbg.g_01732	Prab.g_01757
OG0000906	Pran	Prbg.g_01732	Pran.g_01059
OG0000906	Prai	Prbg.g_01732	Prai.g_01728
OG0000906	Prac	Prbg.g_01732	Prac.g_00503
OG0000906	Praq	Prbg.g_01732	Praq.g_00924
OG0000906	Prar	Prbg.g_01732	Prar.g_01087
OG0000906	Pras	Prbg.g_01732	Pras.g_00640
OG0000906	Prau	Prbg.g_01732	Prau.g_01821
OG0000906	Pray	Prbg.g_01732	Pray.g_01261
OG0000906	Praz	Prbg.g_01732	Praz.g_00308
OG0000906	Prba	Prbg.g_01732	Prba.g_00384
OG0000906	Praa	Prbg.g_01732	Praa.g_01726
OG0000906	Prad	Prbg.g_01732	Prad.g_00852
OG0000906	Prao	Prbg.g_01732	Prao.g_01642
OG0000906	Prae	Prbg.g_01732	Prae.g_01713
OG0000906	Prbd	Prbg.g_01732	Prbd.g_01436
OG0000906	Prax	Prbg.g_01732	Prax.g_01289
OG0000906	Prbi	Prbg.g_01732	Prbi.g_01876
OG0000906	Prag	Prbg.g_01732	Prag.g_01758
OG0000906	Praw	Prbg.g_01732	Praw.g_01891
OG0000906	Prav	Prbg.g_01732	Prav.g_00295
OG0000906	Prbm	Prbg.g_01732	Prbm.g_01966
OG0000906	Praj	Prbg.g_01732	Praj.g_01886
OG0000906	Prbb	Prbg.g_01732	Prbb.g_01940
OG0000906	Prbc	Prbg.g_01732	Prbc.g_00951
OG0000906	Prbj	Prbg.g_01732	Prbj.g_02635
OG0000906	Prbk	Prbg.g_01732	Prbk.g_01926
OG0000906	Prbl	Prbg.g_01732	Prbl.g_01045
OG0000906	Praf	Prbg.g_01732	Praf.g_02179
OG0000906	Prah	Prbg.g_01732	Prah.g_02050
OG0000906	Syak	Prbg.g_01732	Syak.g_01366
OG0000906	Syaq	Prbg.g_01732	Syaq.g_00669
OG0000906	Syag	Prbg.g_01732	Syag.g_02711
OG0000906	Syab	Prbg.g_01732	Syab.g_00388
OG0000906	Syal	Prbg.g_01732	Syal.g_00215
OG0000906	Syan	Prbg.g_01732	Syan.g_02127
OG0000906	Syao	Prbg.g_01732	Syao.g_01931
OG0000906	Syap	Prbg.g_01732	Syap.g_01927
OG0000906	Syar	Prbg.g_01732	Syar.g_01015
OG0000906	Syat	Prbg.g_01732	Syat.g_01841
OG0000906	Syas	Prbg.g_01732	Syas.g_01649
OG0000906	Syac	Prbg.g_01732	Syac.g_02150
OG0000906	Syah	Prbg.g_01732	Syah.g_00729
OG0000906	Syad	Prbg.g_01732	Syad.g_00630
OG0000906	Syaj	Prbg.g_01732	Syaj.g_02676
OG0000906	Syaa	Prbg.g_01732	Syaa.g_02327
OG0000906	Syae	Prbg.g_01732	Syae.g_02063
OG0000906	Syaf	Prbg.g_01732	Syaf.g_00154
OG0000906	Syai	Prbg.g_01732	Syai.g_00340
OG0000906	Syam	Prbg.g_01732	Syam.g_00309
OG0000906	Pral	Prbg.g_01732	Pral.g_00190
OG0000906	Prat	Prbg.g_01732	Prat.g_01674
OG0000906	Pram	Prbg.g_01732	Pram.g_01714
OG0000906	Prbh	Prbg.g_01732	Prbh.g_01700
OG0000906	Prak	Prbg.g_01732	Prak.g_01727
OG0000906	Prap	Prbg.g_01732	Prap.g_01696
OG0000906	Prbe	Prbg.g_01732	Prbe.g_01099
OG0000906	Prbf	Prbg.g_01732	Prbf.g_00611
OG0000906	Prbn	Prbg.g_01732	Prbn.g_01828
OG0000907	Prab	Prbg.g_01742	Prab.g_01760
OG0000907	Pran	Prbg.g_01742	Pran.g_01062
OG0000907	Prai	Prbg.g_01742	Prai.g_01734
OG0000907	Prao	Prbg.g_01742	Prao.g_01645
OG0000907	Prag	Prbg.g_01742	Prag.g_01762
OG0000907	Praw	Prbg.g_01742	Praw.g_00138
OG0000907	Prad	Prbg.g_01742	Prad.g_00849
OG0000907	Pray	Prbg.g_01742	Pray.g_01264
OG0000907	Praz	Prbg.g_01742	Praz.g_00305
OG0000907	Prba	Prbg.g_01742	Prba.g_00387
OG0000907	Praa	Prbg.g_01742	Praa.g_01733
OG0000907	Prae	Prbg.g_01742	Prae.g_01716
OG0000907	Pras	Prbg.g_01742	Pras.g_00645
OG0000907	Prau	Prbg.g_01742	Prau.g_01827
OG0000907	Prbd	Prbg.g_01742	Prbd.g_01433
OG0000907	Prav	Prbg.g_01742	Prav.g_00590
OG0000907	Prax	Prbg.g_01742	Prax.g_01296
OG0000907	Prbi	Prbg.g_01742	Prbi.g_01896
OG0000907	Prac	Prbg.g_01742	Prac.g_00506
OG0000907	Praq	Prbg.g_01742	Praq.g_00921
OG0000907	Prar	Prbg.g_01742	Prar.g_01069
OG0000907	Prbm	Prbg.g_01742	Prbm.g_01990
OG0000907	Praj	Prbg.g_01742	Praj.g_01909
OG0000907	Prbb	Prbg.g_01742	Prbb.g_01958
OG0000907	Prbc	Prbg.g_01742	Prbc.g_00327
OG0000907	Syas	Prbg.g_01742	Syas.g_01635
OG0000907	Praf	Prbg.g_01742	Praf.g_02163
OG0000907	Prah	Prbg.g_01742	Prah.g_02039
OG0000907	Prbj	Prbg.g_01742	Prbj.g_01025
OG0000907	Prbk	Prbg.g_01742	Prbk.g_00988
OG0000907	Prbl	Prbg.g_01742	Prbl.g_00956
OG0000907	Syar	Prbg.g_01742	Syar.g_01028
OG0000907	Syan	Prbg.g_01742	Syan.g_02245
OG0000907	Syao	Prbg.g_01742	Syao.g_01796
OG0000907	Syat	Prbg.g_01742	Syat.g_01828
OG0000907	Syap	Prbg.g_01742	Syap.g_01914
OG0000907	Syae	Prbg.g_01742	Syae.g_02079
OG0000907	Syaa	Prbg.g_01742	Syaa.g_02295
OG0000907	Syac	Prbg.g_01742	Syac.g_02138
OG0000907	Syah	Prbg.g_01742	Syah.g_00741
OG0000907	Syaf	Prbg.g_01742	Syaf.g_00139
OG0000907	Syai	Prbg.g_01742	Syai.g_00358
OG0000907	Syam	Prbg.g_01742	Syam.g_00324
OG0000907	Syad	Prbg.g_01742	Syad.g_00648
OG0000907	Syaj	Prbg.g_01742	Syaj.g_02692
OG0000907	Syag	Prbg.g_01742	Syag.g_02727
OG0000907	Syaq	Prbg.g_01742	Syaq.g_00653
OG0000907	Syak	Prbg.g_01742	Syak.g_01351
OG0000907	Syab	Prbg.g_01742	Syab.g_00401
OG0000907	Syal	Prbg.g_01742	Syal.g_00229
OG0000907	Pral	Prbg.g_01742	Pral.g_00200
OG0000907	Prat	Prbg.g_01742	Prat.g_01684
OG0000907	Pram	Prbg.g_01742	Pram.g_01727
OG0000907	Prbh	Prbg.g_01742	Prbh.g_01687
OG0000907	Prak	Prbg.g_01742	Prak.g_01737
OG0000907	Prap	Prbg.g_01742	Prap.g_01686
OG0000907	Prbe	Prbg.g_01742	Prbe.g_01089
OG0000907	Prbf	Prbg.g_01742	Prbf.g_00601
OG0000907	Prbn	Prbg.g_01742	Prbn.g_01838
OG0000908	Prab	Prbg.g_01745	Prab.g_01763
OG0000908	Pran	Prbg.g_01745	Pran.g_01065
OG0000908	Prai	Prbg.g_01745	Prai.g_01737
OG0000908	Prbd	Prbg.g_01745	Prbd.g_01430
OG0000908	Pray	Prbg.g_01745	Pray.g_01267
OG0000908	Praz	Prbg.g_01745	Praz.g_00302
OG0000908	Prba	Prbg.g_01745	Prba.g_00390
OG0000908	Prao	Prbg.g_01745	Prao.g_01648
OG0000908	Prac	Prbg.g_01745	Prac.g_00509
OG0000908	Prar	Prbg.g_01745	Prar.g_01066
OG0000908	Praq	Prbg.g_01745	Praq.g_00918
OG0000908	Prag	Prbg.g_01745	Prag.g_01765
OG0000908	Praw	Prbg.g_01745	Praw.g_00135
OG0000908	Prad	Prbg.g_01745	Prad.g_00846
OG0000908	Praa	Prbg.g_01745	Praa.g_01736
OG0000908	Pras	Prbg.g_01745	Pras.g_00648
OG0000908	Prau	Prbg.g_01745	Prau.g_01830
OG0000908	Prav	Prbg.g_01745	Prav.g_00593
OG0000908	Prae	Prbg.g_01745	Prae.g_01719
OG0000908	Prax	Prbg.g_01745	Prax.g_01299
OG0000908	Prbi	Prbg.g_01745	Prbi.g_01899
OG0000908	Pram	Prbg.g_01745	Pram.g_01730
OG0000908	Prbh	Prbg.g_01745	Prbh.g_01684
OG0000908	Praf	Prbg.g_01745	Praf.g_02160
OG0000908	Prah	Prbg.g_01745	Prah.g_02036
OG0000908	Prbj	Prbg.g_01745	Prbj.g_01022
OG0000908	Prbk	Prbg.g_01745	Prbk.g_00985
OG0000908	Prbl	Prbg.g_01745	Prbl.g_00959
OG0000908	Syak	Prbg.g_01745	Syak.g_01348
OG0000908	Syap	Prbg.g_01745	Syap.g_01235
OG0000908	Syab	Prbg.g_01745	Syab.g_00404
OG0000908	Syal	Prbg.g_01745	Syal.g_00232
OG0000908	Syaq	Prbg.g_01745	Syaq.g_00650
OG0000908	Syat	Prbg.g_01745	Syat.g_01825
OG0000908	Syas	Prbg.g_01745	Syas.g_01632
OG0000908	Syag	Prbg.g_01745	Syag.g_02730
OG0000908	Syae	Prbg.g_01745	Syae.g_02082
OG0000908	Syad	Prbg.g_01745	Syad.g_00651
OG0000908	Syaa	Prbg.g_01745	Syaa.g_02292
OG0000908	Syaf	Prbg.g_01745	Syaf.g_00136
OG0000908	Syai	Prbg.g_01745	Syai.g_00361
OG0000908	Syam	Prbg.g_01745	Syam.g_00327
OG0000908	Syaj	Prbg.g_01745	Syaj.g_02695
OG0000908	Syac	Prbg.g_01745	Syac.g_02135
OG0000908	Syah	Prbg.g_01745	Syah.g_00744
OG0000908	Prbc	Prbg.g_01745	Prbc.g_00324
OG0000908	Prbm	Prbg.g_01745	Prbm.g_01993
OG0000908	Praj	Prbg.g_01745	Praj.g_01912
OG0000908	Prbb	Prbg.g_01745	Prbb.g_01961
OG0000908	Syan	Prbg.g_01745	Syan.g_02242
OG0000908	Syao	Prbg.g_01745	Syao.g_01793
OG0000908	Syar	Prbg.g_01745	Syar.g_01031
OG0000908	Pral	Prbg.g_01745	Pral.g_00203
OG0000908	Prat	Prbg.g_01745	Prat.g_01687
OG0000908	Prak	Prbg.g_01745	Prak.g_01740
OG0000908	Prap	Prbg.g_01745	Prap.g_01683
OG0000908	Prbe	Prbg.g_01745	Prbe.g_01086
OG0000908	Prbf	Prbg.g_01745	Prbf.g_00598
OG0000908	Prbn	Prbg.g_01745	Prbn.g_01841
OG0000909	Pray	Prbg.g_01746	Pray.g_01268
OG0000909	Praz	Prbg.g_01746	Praz.g_00301
OG0000909	Prba	Prbg.g_01746	Prba.g_00391
OG0000909	Prao	Prbg.g_01746	Prao.g_01649
OG0000909	Pras	Prbg.g_01746	Pras.g_00649
OG0000909	Prau	Prbg.g_01746	Prau.g_01831
OG0000909	Praa	Prbg.g_01746	Praa.g_01737
OG0000909	Prax	Prbg.g_01746	Prax.g_01300
OG0000909	Prbi	Prbg.g_01746	Prbi.g_01900
OG0000909	Prbd	Prbg.g_01746	Prbd.g_01429
OG0000909	Prae	Prbg.g_01746	Prae.g_01720
OG0000909	Prad	Prbg.g_01746	Prad.g_00845
OG0000909	Prag	Prbg.g_01746	Prag.g_01766
OG0000909	Praw	Prbg.g_01746	Praw.g_00134
OG0000909	Prav	Prbg.g_01746	Prav.g_00594
OG0000909	Prac	Prbg.g_01746	Prac.g_00510
OG0000909	Praq	Prbg.g_01746	Praq.g_00917
OG0000909	Prar	Prbg.g_01746	Prar.g_01065
OG0000909	Prab	Prbg.g_01746	Prab.g_01764
OG0000909	Pran	Prbg.g_01746	Pran.g_01066
OG0000909	Prai	Prbg.g_01746	Prai.g_01738
OG0000909	Pral	Prbg.g_01746	Pral.g_00204
OG0000909	Prat	Prbg.g_01746	Prat.g_01688
OG0000909	Prbm	Prbg.g_01746	Prbm.g_01994
OG0000909	Prbc	Prbg.g_01746	Prbc.g_00323
OG0000909	Praj	Prbg.g_01746	Praj.g_01913
OG0000909	Prbb	Prbg.g_01746	Prbb.g_01962
OG0000909	Praf	Prbg.g_01746	Praf.g_02159
OG0000909	Prbj	Prbg.g_01746	Prbj.g_01021
OG0000909	Prbk	Prbg.g_01746	Prbk.g_00984
OG0000909	Prbl	Prbg.g_01746	Prbl.g_00960
OG0000909	Prah	Prbg.g_01746	Prah.g_02035
OG0000909	Syab	Prbg.g_01746	Syab.g_00405
OG0000909	Syal	Prbg.g_01746	Syal.g_00233
OG0000909	Syaq	Prbg.g_01746	Syaq.g_00649
OG0000909	Syag	Prbg.g_01746	Syag.g_02731
OG0000909	Syak	Prbg.g_01746	Syak.g_01347
OG0000909	Syao	Prbg.g_01746	Syao.g_01792
OG0000909	Syan	Prbg.g_01746	Syan.g_02241
OG0000909	Syas	Prbg.g_01746	Syas.g_01631
OG0000909	Syap	Prbg.g_01746	Syap.g_01236
OG0000909	Syar	Prbg.g_01746	Syar.g_01032
OG0000909	Syat	Prbg.g_01746	Syat.g_01824
OG0000909	Syae	Prbg.g_01746	Syae.g_02083
OG0000909	Syaj	Prbg.g_01746	Syaj.g_02696
OG0000909	Syad	Prbg.g_01746	Syad.g_00652
OG0000909	Syac	Prbg.g_01746	Syac.g_02134
OG0000909	Syah	Prbg.g_01746	Syah.g_00745
OG0000909	Syaa	Prbg.g_01746	Syaa.g_02291
OG0000909	Syaf	Prbg.g_01746	Syaf.g_00135
OG0000909	Syai	Prbg.g_01746	Syai.g_00362
OG0000909	Syam	Prbg.g_01746	Syam.g_00328
OG0000909	Pram	Prbg.g_01746	Pram.g_01731
OG0000909	Prbh	Prbg.g_01746	Prbh.g_01683
OG0000909	Prak	Prbg.g_01746	Prak.g_01741
OG0000909	Prap	Prbg.g_01746	Prap.g_01682
OG0000909	Prbe	Prbg.g_01746	Prbe.g_01085
OG0000909	Prbf	Prbg.g_01746	Prbf.g_00597
OG0000909	Prbn	Prbg.g_01746	Prbn.g_01842
OG0000910	Prao	Prbg.g_01747	Prao.g_01650
OG0000910	Pras	Prbg.g_01747	Pras.g_00650
OG0000910	Prau	Prbg.g_01747	Prau.g_01832
OG0000910	Prag	Prbg.g_01747	Prag.g_01767
OG0000910	Praw	Prbg.g_01747	Praw.g_00133
OG0000910	Prae	Prbg.g_01747	Prae.g_01721
OG0000910	Prax	Prbg.g_01747	Prax.g_01301
OG0000910	Prbd	Prbg.g_01747	Prbd.g_01428
OG0000910	Praa	Prbg.g_01747	Praa.g_01738
OG0000910	Prbi	Prbg.g_01747	Prbi.g_01901
OG0000910	Pray	Prbg.g_01747	Pray.g_01269
OG0000910	Praz	Prbg.g_01747	Praz.g_00300
OG0000910	Prba	Prbg.g_01747	Prba.g_00392
OG0000910	Prav	Prbg.g_01747	Prav.g_00595
OG0000910	Prad	Prbg.g_01747	Prad.g_00844
OG0000910	Prac	Prbg.g_01747	Prac.g_00511
OG0000910	Praq	Prbg.g_01747	Praq.g_00916
OG0000910	Prar	Prbg.g_01747	Prar.g_01064
OG0000910	Prab	Prbg.g_01747	Prab.g_01765
OG0000910	Pran	Prbg.g_01747	Pran.g_01067
OG0000910	Prai	Prbg.g_01747	Prai.g_01739
OG0000910	Prat	Prbg.g_01747	Prat.g_01689
OG0000910	Praj	Prbg.g_01747	Praj.g_01914
OG0000910	Prbb	Prbg.g_01747	Prbb.g_01963
OG0000910	Prbc	Prbg.g_01747	Prbc.g_00322
OG0000910	Prbm	Prbg.g_01747	Prbm.g_01995
OG0000910	Syag	Prbg.g_01747	Syag.g_02732
OG0000910	Syab	Prbg.g_01747	Syab.g_00406
OG0000910	Syal	Prbg.g_01747	Syal.g_00234
OG0000910	Syak	Prbg.g_01747	Syak.g_01346
OG0000910	Syaq	Prbg.g_01747	Syaq.g_00648
OG0000910	Syat	Prbg.g_01747	Syat.g_01823
OG0000910	Syas	Prbg.g_01747	Syas.g_01630
OG0000910	Syap	Prbg.g_01747	Syap.g_01237
OG0000910	Syar	Prbg.g_01747	Syar.g_01033
OG0000910	Syan	Prbg.g_01747	Syan.g_02240
OG0000910	Syao	Prbg.g_01747	Syao.g_01791
OG0000910	Praf	Prbg.g_01747	Praf.g_02158
OG0000910	Prah	Prbg.g_01747	Prah.g_02034
OG0000910	Prbj	Prbg.g_01747	Prbj.g_01020
OG0000910	Prbk	Prbg.g_01747	Prbk.g_00983
OG0000910	Prbl	Prbg.g_01747	Prbl.g_00961
OG0000910	Syaa	Prbg.g_01747	Syaa.g_02290
OG0000910	Syad	Prbg.g_01747	Syad.g_00653
OG0000910	Syaj	Prbg.g_01747	Syaj.g_02697
OG0000910	Syae	Prbg.g_01747	Syae.g_02084
OG0000910	Syac	Prbg.g_01747	Syac.g_02133
OG0000910	Syah	Prbg.g_01747	Syah.g_00746
OG0000910	Syaf	Prbg.g_01747	Syaf.g_00134
OG0000910	Syai	Prbg.g_01747	Syai.g_00363
OG0000910	Syam	Prbg.g_01747	Syam.g_00329
OG0000910	Pral	Prbg.g_01747	Pral.g_00205
OG0000910	Pram	Prbg.g_01747	Pram.g_01732
OG0000910	Prbh	Prbg.g_01747	Prbh.g_01682
OG0000910	Prak	Prbg.g_01747	Prak.g_01742
OG0000910	Prap	Prbg.g_01747	Prap.g_01681
OG0000910	Prbe	Prbg.g_01747	Prbe.g_01084
OG0000910	Prbf	Prbg.g_01747	Prbf.g_00596
OG0000910	Prbn	Prbg.g_01747	Prbn.g_01843
OG0000911	Prab	Prbg.g_01749	Prab.g_01767
OG0000911	Pran	Prbg.g_01749	Pran.g_01070
OG0000911	Prai	Prbg.g_01749	Prai.g_01741
OG0000911	Prae	Prbg.g_01749	Prae.g_01723
OG0000911	Pray	Prbg.g_01749	Pray.g_01271
OG0000911	Praz	Prbg.g_01749	Praz.g_00298
OG0000911	Prba	Prbg.g_01749	Prba.g_00394
OG0000911	Prbd	Prbg.g_01749	Prbd.g_01426
OG0000911	Prbi	Prbg.g_01749	Prbi.g_01903
OG0000911	Prax	Prbg.g_01749	Prax.g_01303
OG0000911	Praa	Prbg.g_01749	Praa.g_01740
OG0000911	Prau	Prbg.g_01749	Prau.g_01834
OG0000911	Prag	Prbg.g_01749	Prag.g_01769
OG0000911	Praw	Prbg.g_01749	Praw.g_00131
OG0000911	Prac	Prbg.g_01749	Prac.g_00513
OG0000911	Praq	Prbg.g_01749	Praq.g_00914
OG0000911	Prar	Prbg.g_01749	Prar.g_01062
OG0000911	Prav	Prbg.g_01749	Prav.g_00597
OG0000911	Prad	Prbg.g_01749	Prad.g_00842
OG0000911	Pras	Prbg.g_01749	Pras.g_00652
OG0000911	Prao	Prbg.g_01749	Prao.g_01652
OG0000911	Syan	Prbg.g_01749	Syan.g_02238
OG0000911	Syao	Prbg.g_01749	Syao.g_01789
OG0000911	Syap	Prbg.g_01749	Syap.g_00511
OG0000911	Syar	Prbg.g_01749	Syar.g_01035
OG0000911	Syas	Prbg.g_01749	Syas.g_01628
OG0000911	Syat	Prbg.g_01749	Syat.g_01821
OG0000911	Syag	Prbg.g_01749	Syag.g_02734
OG0000911	Syaq	Prbg.g_01749	Syaq.g_00646
OG0000911	Syaf	Prbg.g_01749	Syaf.g_00132
OG0000911	Syai	Prbg.g_01749	Syai.g_00365
OG0000911	Syam	Prbg.g_01749	Syam.g_00331
OG0000911	Syaa	Prbg.g_01749	Syaa.g_02288
OG0000911	Syad	Prbg.g_01749	Syad.g_00655
OG0000911	Syaj	Prbg.g_01749	Syaj.g_02699
OG0000911	Syak	Prbg.g_01749	Syak.g_01344
OG0000911	Syae	Prbg.g_01749	Syae.g_02086
OG0000911	Syac	Prbg.g_01749	Syac.g_02131
OG0000911	Syah	Prbg.g_01749	Syah.g_00748
OG0000911	Syab	Prbg.g_01749	Syab.g_00408
OG0000911	Syal	Prbg.g_01749	Syal.g_00237
OG0000911	Praf	Prbg.g_01749	Praf.g_02156
OG0000911	Prah	Prbg.g_01749	Prah.g_02032
OG0000911	Prbj	Prbg.g_01749	Prbj.g_01018
OG0000911	Prbk	Prbg.g_01749	Prbk.g_00981
OG0000911	Prbl	Prbg.g_01749	Prbl.g_00963
OG0000911	Praj	Prbg.g_01749	Praj.g_01916
OG0000911	Prbb	Prbg.g_01749	Prbb.g_01965
OG0000911	Prbm	Prbg.g_01749	Prbm.g_01997
OG0000911	Prbc	Prbg.g_01749	Prbc.g_00320
OG0000911	Pral	Prbg.g_01749	Pral.g_00207
OG0000911	Prat	Prbg.g_01749	Prat.g_01691
OG0000911	Pram	Prbg.g_01749	Pram.g_01734
OG0000911	Prbh	Prbg.g_01749	Prbh.g_01680
OG0000911	Prak	Prbg.g_01749	Prak.g_01744
OG0000911	Prap	Prbg.g_01749	Prap.g_01679
OG0000911	Prbe	Prbg.g_01749	Prbe.g_01082
OG0000911	Prbf	Prbg.g_01749	Prbf.g_00594
OG0000911	Prbn	Prbg.g_01749	Prbn.g_01845
OG0000912	Prav	Prbg.g_01750	Prav.g_00598
OG0000912	Prab	Prbg.g_01750	Prab.g_01768
OG0000912	Pran	Prbg.g_01750	Pran.g_01071
OG0000912	Prai	Prbg.g_01750	Prai.g_01742
OG0000912	Prag	Prbg.g_01750	Prag.g_01770
OG0000912	Praw	Prbg.g_01750	Praw.g_00130
OG0000912	Prao	Prbg.g_01750	Prao.g_01653
OG0000912	Pray	Prbg.g_01750	Pray.g_01272
OG0000912	Praz	Prbg.g_01750	Praz.g_00297
OG0000912	Prba	Prbg.g_01750	Prba.g_00395
OG0000912	Prac	Prbg.g_01750	Prac.g_00514
OG0000912	Praq	Prbg.g_01750	Praq.g_00913
OG0000912	Prar	Prbg.g_01750	Prar.g_01061
OG0000912	Prax	Prbg.g_01750	Prax.g_01304
OG0000912	Prbd	Prbg.g_01750	Prbd.g_01425
OG0000912	Pras	Prbg.g_01750	Pras.g_00653
OG0000912	Prau	Prbg.g_01750	Prau.g_01835
OG0000912	Prae	Prbg.g_01750	Prae.g_01724
OG0000912	Prad	Prbg.g_01750	Prad.g_00841
OG0000912	Praa	Prbg.g_01750	Praa.g_01741
OG0000912	Prbi	Prbg.g_01750	Prbi.g_01904
OG0000912	Praj	Prbg.g_01750	Praj.g_01917
OG0000912	Prbb	Prbg.g_01750	Prbb.g_01966
OG0000912	Prbc	Prbg.g_01750	Prbc.g_00319
OG0000912	Prbm	Prbg.g_01750	Prbm.g_01998
OG0000912	Syad	Prbg.g_01750	Syad.g_00656
OG0000912	Syaj	Prbg.g_01750	Syaj.g_02700
OG0000912	Syac	Prbg.g_01750	Syac.g_02130
OG0000912	Syah	Prbg.g_01750	Syah.g_00749
OG0000912	Syam	Prbg.g_01750	Syam.g_00332
OG0000912	Syaf	Prbg.g_01750	Syaf.g_00131
OG0000912	Syai	Prbg.g_01750	Syai.g_00366
OG0000912	Syae	Prbg.g_01750	Syae.g_02087
OG0000912	Syaa	Prbg.g_01750	Syaa.g_02287
OG0000912	Syan	Prbg.g_01750	Syan.g_02237
OG0000912	Syao	Prbg.g_01750	Syao.g_01788
OG0000912	Syar	Prbg.g_01750	Syar.g_01036
OG0000912	Syat	Prbg.g_01750	Syat.g_01820
OG0000912	Syap	Prbg.g_01750	Syap.g_00510
OG0000912	Syas	Prbg.g_01750	Syas.g_01627
OG0000912	Syag	Prbg.g_01750	Syag.g_02735
OG0000912	Syaq	Prbg.g_01750	Syaq.g_00645
OG0000912	Syak	Prbg.g_01750	Syak.g_01343
OG0000912	Syab	Prbg.g_01750	Syab.g_00409
OG0000912	Syal	Prbg.g_01750	Syal.g_00238
OG0000912	Prah	Prbg.g_01750	Prah.g_02031
OG0000912	Praf	Prbg.g_01750	Praf.g_02155
OG0000912	Prbj	Prbg.g_01750	Prbj.g_01017
OG0000912	Prbk	Prbg.g_01750	Prbk.g_00980
OG0000912	Prbl	Prbg.g_01750	Prbl.g_00964
OG0000912	Pral	Prbg.g_01750	Pral.g_00208
OG0000912	Prat	Prbg.g_01750	Prat.g_01692
OG0000912	Pram	Prbg.g_01750	Pram.g_01735
OG0000912	Prbh	Prbg.g_01750	Prbh.g_01679
OG0000912	Prak	Prbg.g_01750	Prak.g_01745
OG0000912	Prap	Prbg.g_01750	Prap.g_01678
OG0000912	Prbe	Prbg.g_01750	Prbe.g_01081
OG0000912	Prbf	Prbg.g_01750	Prbf.g_00593
OG0000912	Prbn	Prbg.g_01750	Prbn.g_01846
OG0000913	Prai	Prbg.g_01751	Prai.g_01743
OG0000913	Prab	Prbg.g_01751	Prab.g_01769
OG0000913	Pran	Prbg.g_01751	Pran.g_01072
OG0000913	Pray	Prbg.g_01751	Pray.g_01273
OG0000913	Praz	Prbg.g_01751	Praz.g_00296
OG0000913	Prba	Prbg.g_01751	Prba.g_00396
OG0000913	Prad	Prbg.g_01751	Prad.g_00840
OG0000913	Prae	Prbg.g_01751	Prae.g_01725
OG0000913	Prbd	Prbg.g_01751	Prbd.g_01424
OG0000913	Prag	Prbg.g_01751	Prag.g_01771
OG0000913	Praw	Prbg.g_01751	Praw.g_00129
OG0000913	Prav	Prbg.g_01751	Prav.g_00599
OG0000913	Prac	Prbg.g_01751	Prac.g_00515
OG0000913	Praq	Prbg.g_01751	Praq.g_00912
OG0000913	Prar	Prbg.g_01751	Prar.g_01060
OG0000913	Prao	Prbg.g_01751	Prao.g_01654
OG0000913	Praa	Prbg.g_01751	Praa.g_01742
OG0000913	Pras	Prbg.g_01751	Pras.g_00654
OG0000913	Prax	Prbg.g_01751	Prax.g_01305
OG0000913	Prbi	Prbg.g_01751	Prbi.g_01905
OG0000913	Prau	Prbg.g_01751	Prau.g_01836
OG0000913	Prbb	Prbg.g_01751	Prbb.g_01967
OG0000913	Praj	Prbg.g_01751	Praj.g_01918
OG0000913	Prbm	Prbg.g_01751	Prbm.g_01999
OG0000913	Prbc	Prbg.g_01751	Prbc.g_00318
OG0000913	Pral	Prbg.g_01751	Pral.g_00209
OG0000913	Prat	Prbg.g_01751	Prat.g_01693
OG0000913	Syao	Prbg.g_01751	Syao.g_01787
OG0000913	Syan	Prbg.g_01751	Syan.g_02236
OG0000913	Syar	Prbg.g_01751	Syar.g_01037
OG0000913	Syap	Prbg.g_01751	Syap.g_00509
OG0000913	Prah	Prbg.g_01751	Prah.g_02030
OG0000913	Praf	Prbg.g_01751	Praf.g_02154
OG0000913	Prbj	Prbg.g_01751	Prbj.g_01016
OG0000913	Prbk	Prbg.g_01751	Prbk.g_00979
OG0000913	Prbl	Prbg.g_01751	Prbl.g_00965
OG0000913	Syas	Prbg.g_01751	Syas.g_01626
OG0000913	Syat	Prbg.g_01751	Syat.g_01819
OG0000913	Syae	Prbg.g_01751	Syae.g_02088
OG0000913	Syac	Prbg.g_01751	Syac.g_02129
OG0000913	Syah	Prbg.g_01751	Syah.g_00750
OG0000913	Syaf	Prbg.g_01751	Syaf.g_00130
OG0000913	Syai	Prbg.g_01751	Syai.g_00367
OG0000913	Syam	Prbg.g_01751	Syam.g_00333
OG0000913	Syak	Prbg.g_01751	Syak.g_01342
OG0000913	Syag	Prbg.g_01751	Syag.g_02736
OG0000913	Syaa	Prbg.g_01751	Syaa.g_02286
OG0000913	Syad	Prbg.g_01751	Syad.g_00657
OG0000913	Syaj	Prbg.g_01751	Syaj.g_02701
OG0000913	Syab	Prbg.g_01751	Syab.g_00410
OG0000913	Syal	Prbg.g_01751	Syal.g_00239
OG0000913	Syaq	Prbg.g_01751	Syaq.g_00644
OG0000913	Pram	Prbg.g_01751	Pram.g_01736
OG0000913	Prbh	Prbg.g_01751	Prbh.g_01678
OG0000913	Prak	Prbg.g_01751	Prak.g_01746
OG0000913	Prap	Prbg.g_01751	Prap.g_01677
OG0000913	Prbe	Prbg.g_01751	Prbe.g_01080
OG0000913	Prbf	Prbg.g_01751	Prbf.g_00592
OG0000913	Prbn	Prbg.g_01751	Prbn.g_01847
OG0000914	Prai	Prbg.g_01752	Prai.g_01744
OG0000914	Prab	Prbg.g_01752	Prab.g_01770
OG0000914	Pran	Prbg.g_01752	Pran.g_01073
OG0000914	Prao	Prbg.g_01752	Prao.g_01655
OG0000914	Prae	Prbg.g_01752	Prae.g_01726
OG0000914	Pras	Prbg.g_01752	Pras.g_00655
OG0000914	Prau	Prbg.g_01752	Prau.g_01837
OG0000914	Prax	Prbg.g_01752	Prax.g_01306
OG0000914	Prbi	Prbg.g_01752	Prbi.g_01906
OG0000914	Prbd	Prbg.g_01752	Prbd.g_01423
OG0000914	Praa	Prbg.g_01752	Praa.g_01743
OG0000914	Prac	Prbg.g_01752	Prac.g_00516
OG0000914	Praq	Prbg.g_01752	Praq.g_00911
OG0000914	Prar	Prbg.g_01752	Prar.g_01059
OG0000914	Prad	Prbg.g_01752	Prad.g_00839
OG0000914	Prag	Prbg.g_01752	Prag.g_01772
OG0000914	Praw	Prbg.g_01752	Praw.g_00128
OG0000914	Pray	Prbg.g_01752	Pray.g_01274
OG0000914	Praz	Prbg.g_01752	Praz.g_00295
OG0000914	Prba	Prbg.g_01752	Prba.g_00397
OG0000914	Prav	Prbg.g_01752	Prav.g_00600
OG0000914	Pram	Prbg.g_01752	Pram.g_01737
OG0000914	Prbh	Prbg.g_01752	Prbh.g_01677
OG0000914	Pral	Prbg.g_01752	Pral.g_00210
OG0000914	Prat	Prbg.g_01752	Prat.g_01694
OG0000914	Prbb	Prbg.g_01752	Prbb.g_01968
OG0000914	Praj	Prbg.g_01752	Praj.g_01919
OG0000914	Prbc	Prbg.g_01752	Prbc.g_00317
OG0000914	Prbm	Prbg.g_01752	Prbm.g_02000
OG0000914	Syan	Prbg.g_01752	Syan.g_02235
OG0000914	Syao	Prbg.g_01752	Syao.g_01786
OG0000914	Syap	Prbg.g_01752	Syap.g_00508
OG0000914	Syas	Prbg.g_01752	Syas.g_01625
OG0000914	Syat	Prbg.g_01752	Syat.g_01818
OG0000914	Syar	Prbg.g_01752	Syar.g_01038
OG0000914	Syaa	Prbg.g_01752	Syaa.g_02285
OG0000914	Syam	Prbg.g_01752	Syam.g_00334
OG0000914	Syaf	Prbg.g_01752	Syaf.g_00129
OG0000914	Syai	Prbg.g_01752	Syai.g_00368
OG0000914	Syac	Prbg.g_01752	Syac.g_02128
OG0000914	Syah	Prbg.g_01752	Syah.g_00751
OG0000914	Praf	Prbg.g_01752	Praf.g_02153
OG0000914	Prah	Prbg.g_01752	Prah.g_02029
OG0000914	Prbj	Prbg.g_01752	Prbj.g_01015
OG0000914	Prbk	Prbg.g_01752	Prbk.g_00978
OG0000914	Prbl	Prbg.g_01752	Prbl.g_00966
OG0000914	Syab	Prbg.g_01752	Syab.g_00411
OG0000914	Syal	Prbg.g_01752	Syal.g_00240
OG0000914	Syak	Prbg.g_01752	Syak.g_01341
OG0000914	Syae	Prbg.g_01752	Syae.g_02089
OG0000914	Syaq	Prbg.g_01752	Syaq.g_00643
OG0000914	Syaj	Prbg.g_01752	Syaj.g_02702
OG0000914	Syad	Prbg.g_01752	Syad.g_00658
OG0000914	Syag	Prbg.g_01752	Syag.g_02737
OG0000914	Prak	Prbg.g_01752	Prak.g_01747
OG0000914	Prap	Prbg.g_01752	Prap.g_01676
OG0000914	Prbe	Prbg.g_01752	Prbe.g_01079
OG0000914	Prbf	Prbg.g_01752	Prbf.g_00591
OG0000914	Prbn	Prbg.g_01752	Prbn.g_01848
OG0000915	Prav	Prbg.g_01753	Prav.g_00601
OG0000915	Pray	Prbg.g_01753	Pray.g_01275
OG0000915	Praz	Prbg.g_01753	Praz.g_00294
OG0000915	Prba	Prbg.g_01753	Prba.g_00398
OG0000915	Prao	Prbg.g_01753	Prao.g_01656
OG0000915	Prad	Prbg.g_01753	Prad.g_00838
OG0000915	Pras	Prbg.g_01753	Pras.g_00656
OG0000915	Prau	Prbg.g_01753	Prau.g_01838
OG0000915	Prbd	Prbg.g_01753	Prbd.g_01422
OG0000915	Prae	Prbg.g_01753	Prae.g_01727
OG0000915	Prbi	Prbg.g_01753	Prbi.g_01907
OG0000915	Prax	Prbg.g_01753	Prax.g_01307
OG0000915	Praa	Prbg.g_01753	Praa.g_01744
OG0000915	Prag	Prbg.g_01753	Prag.g_01773
OG0000915	Praw	Prbg.g_01753	Praw.g_00127
OG0000915	Prac	Prbg.g_01753	Prac.g_00517
OG0000915	Praq	Prbg.g_01753	Praq.g_00910
OG0000915	Prar	Prbg.g_01753	Prar.g_01058
OG0000915	Prab	Prbg.g_01753	Prab.g_01771
OG0000915	Pran	Prbg.g_01753	Pran.g_01074
OG0000915	Prai	Prbg.g_01753	Prai.g_01746
OG0000915	Syat	Prbg.g_01753	Syat.g_01816
OG0000915	Syar	Prbg.g_01753	Syar.g_01040
OG0000915	Syap	Prbg.g_01753	Syap.g_00506
OG0000915	Syan	Prbg.g_01753	Syan.g_02233
OG0000915	Syao	Prbg.g_01753	Syao.g_01784
OG0000915	Syas	Prbg.g_01753	Syas.g_01623
OG0000915	Praf	Prbg.g_01753	Praf.g_02152
OG0000915	Prah	Prbg.g_01753	Prah.g_02028
OG0000915	Prbj	Prbg.g_01753	Prbj.g_01014
OG0000915	Prbk	Prbg.g_01753	Prbk.g_00977
OG0000915	Prbl	Prbg.g_01753	Prbl.g_00967
OG0000915	Syab	Prbg.g_01753	Syab.g_00412
OG0000915	Syal	Prbg.g_01753	Syal.g_00241
OG0000915	Syag	Prbg.g_01753	Syag.g_02739
OG0000915	Syak	Prbg.g_01753	Syak.g_01339
OG0000915	Syaq	Prbg.g_01753	Syaq.g_00641
OG0000915	Syad	Prbg.g_01753	Syad.g_00660
OG0000915	Syaj	Prbg.g_01753	Syaj.g_02704
OG0000915	Syaa	Prbg.g_01753	Syaa.g_02283
OG0000915	Syae	Prbg.g_01753	Syae.g_02091
OG0000915	Syac	Prbg.g_01753	Syac.g_02127
OG0000915	Syah	Prbg.g_01753	Syah.g_00752
OG0000915	Syaf	Prbg.g_01753	Syaf.g_00127
OG0000915	Syai	Prbg.g_01753	Syai.g_00370
OG0000915	Syam	Prbg.g_01753	Syam.g_00336
OG0000915	Pral	Prbg.g_01753	Pral.g_00211
OG0000915	Prat	Prbg.g_01753	Prat.g_01695
OG0000915	Prbm	Prbg.g_01753	Prbm.g_02001
OG0000915	Prbc	Prbg.g_01753	Prbc.g_00316
OG0000915	Praj	Prbg.g_01753	Praj.g_01920
OG0000915	Prbb	Prbg.g_01753	Prbb.g_01969
OG0000915	Pram	Prbg.g_01753	Pram.g_01738
OG0000915	Prbh	Prbg.g_01753	Prbh.g_01676
OG0000915	Prbe	Prbg.g_01753	Prbe.g_01078
OG0000915	Prak	Prbg.g_01753	Prak.g_01748
OG0000915	Prap	Prbg.g_01753	Prap.g_01675
OG0000915	Prbf	Prbg.g_01753	Prbf.g_00590
OG0000915	Prbn	Prbg.g_01753	Prbn.g_01849
OG0000916	Prai	Prbg.g_01754	Prai.g_01747
OG0000916	Prab	Prbg.g_01754	Prab.g_01772
OG0000916	Pran	Prbg.g_01754	Pran.g_01075
OG0000916	Prag	Prbg.g_01754	Prag.g_01774
OG0000916	Praw	Prbg.g_01754	Praw.g_00126
OG0000916	Prav	Prbg.g_01754	Prav.g_00602
OG0000916	Pray	Prbg.g_01754	Pray.g_01276
OG0000916	Praz	Prbg.g_01754	Praz.g_00293
OG0000916	Prba	Prbg.g_01754	Prba.g_00399
OG0000916	Pras	Prbg.g_01754	Pras.g_00657
OG0000916	Prau	Prbg.g_01754	Prau.g_01839
OG0000916	Prbi	Prbg.g_01754	Prbi.g_01908
OG0000916	Prae	Prbg.g_01754	Prae.g_01728
OG0000916	Prad	Prbg.g_01754	Prad.g_00837
OG0000916	Prbd	Prbg.g_01754	Prbd.g_01421
OG0000916	Praa	Prbg.g_01754	Praa.g_01745
OG0000916	Prao	Prbg.g_01754	Prao.g_01657
OG0000916	Prac	Prbg.g_01754	Prac.g_00518
OG0000916	Praq	Prbg.g_01754	Praq.g_00909
OG0000916	Prar	Prbg.g_01754	Prar.g_01057
OG0000916	Prax	Prbg.g_01754	Prax.g_01308
OG0000916	Prbm	Prbg.g_01754	Prbm.g_02002
OG0000916	Praj	Prbg.g_01754	Praj.g_01921
OG0000916	Prbc	Prbg.g_01754	Prbc.g_00315
OG0000916	Prbb	Prbg.g_01754	Prbb.g_01970
OG0000916	Prbj	Prbg.g_01754	Prbj.g_01013
OG0000916	Prbk	Prbg.g_01754	Prbk.g_00976
OG0000916	Prbl	Prbg.g_01754	Prbl.g_00968
OG0000916	Praf	Prbg.g_01754	Praf.g_02151
OG0000916	Prah	Prbg.g_01754	Prah.g_02027
OG0000916	Syaq	Prbg.g_01754	Syaq.g_00640
OG0000916	Syak	Prbg.g_01754	Syak.g_01338
OG0000916	Syab	Prbg.g_01754	Syab.g_00413
OG0000916	Syal	Prbg.g_01754	Syal.g_00242
OG0000916	Syac	Prbg.g_01754	Syac.g_02126
OG0000916	Syah	Prbg.g_01754	Syah.g_00753
OG0000916	Syaf	Prbg.g_01754	Syaf.g_00126
OG0000916	Syai	Prbg.g_01754	Syai.g_00371
OG0000916	Syam	Prbg.g_01754	Syam.g_00337
OG0000916	Syaa	Prbg.g_01754	Syaa.g_02282
OG0000916	Syae	Prbg.g_01754	Syae.g_02092
OG0000916	Syad	Prbg.g_01754	Syad.g_00661
OG0000916	Syaj	Prbg.g_01754	Syaj.g_02705
OG0000916	Syag	Prbg.g_01754	Syag.g_02740
OG0000916	Syan	Prbg.g_01754	Syan.g_02232
OG0000916	Syao	Prbg.g_01754	Syao.g_01783
OG0000916	Syap	Prbg.g_01754	Syap.g_00505
OG0000916	Syas	Prbg.g_01754	Syas.g_01622
OG0000916	Syar	Prbg.g_01754	Syar.g_01041
OG0000916	Syat	Prbg.g_01754	Syat.g_01815
OG0000916	Pral	Prbg.g_01754	Pral.g_00212
OG0000916	Prat	Prbg.g_01754	Prat.g_01696
OG0000916	Pram	Prbg.g_01754	Pram.g_01739
OG0000916	Prbh	Prbg.g_01754	Prbh.g_01675
OG0000916	Prak	Prbg.g_01754	Prak.g_01749
OG0000916	Prap	Prbg.g_01754	Prap.g_01674
OG0000916	Prbe	Prbg.g_01754	Prbe.g_00867
OG0000916	Prbf	Prbg.g_01754	Prbf.g_00589
OG0000916	Prbn	Prbg.g_01754	Prbn.g_01850
OG0000917	Prab	Prbg.g_01755	Prab.g_01773
OG0000917	Pran	Prbg.g_01755	Pran.g_01076
OG0000917	Prai	Prbg.g_01755	Prai.g_01748
OG0000917	Prac	Prbg.g_01755	Prac.g_00519
OG0000917	Praq	Prbg.g_01755	Praq.g_00908
OG0000917	Prar	Prbg.g_01755	Prar.g_01056
OG0000917	Pray	Prbg.g_01755	Pray.g_01277
OG0000917	Praz	Prbg.g_01755	Praz.g_00292
OG0000917	Prba	Prbg.g_01755	Prba.g_00400
OG0000917	Prad	Prbg.g_01755	Prad.g_00836
OG0000917	Prag	Prbg.g_01755	Prag.g_01775
OG0000917	Praw	Prbg.g_01755	Praw.g_00125
OG0000917	Prao	Prbg.g_01755	Prao.g_01658
OG0000917	Prax	Prbg.g_01755	Prax.g_01309
OG0000917	Prae	Prbg.g_01755	Prae.g_01729
OG0000917	Prbd	Prbg.g_01755	Prbd.g_01420
OG0000917	Prau	Prbg.g_01755	Prau.g_01840
OG0000917	Praa	Prbg.g_01755	Praa.g_01746
OG0000917	Pras	Prbg.g_01755	Pras.g_00658
OG0000917	Prbi	Prbg.g_01755	Prbi.g_01909
OG0000917	Prav	Prbg.g_01755	Prav.g_00603
OG0000917	Prbb	Prbg.g_01755	Prbb.g_01971
OG0000917	Prbc	Prbg.g_01755	Prbc.g_00314
OG0000917	Praj	Prbg.g_01755	Praj.g_01922
OG0000917	Prbm	Prbg.g_01755	Prbm.g_02003
OG0000917	Pral	Prbg.g_01755	Pral.g_00213
OG0000917	Prat	Prbg.g_01755	Prat.g_01697
OG0000917	Prah	Prbg.g_01755	Prah.g_02026
OG0000917	Praf	Prbg.g_01755	Praf.g_02150
OG0000917	Prbj	Prbg.g_01755	Prbj.g_01012
OG0000917	Prbk	Prbg.g_01755	Prbk.g_00975
OG0000917	Prbl	Prbg.g_01755	Prbl.g_00969
OG0000917	Syap	Prbg.g_01755	Syap.g_00504
OG0000917	Syas	Prbg.g_01755	Syas.g_01621
OG0000917	Syan	Prbg.g_01755	Syan.g_02231
OG0000917	Syao	Prbg.g_01755	Syao.g_01782
OG0000917	Syar	Prbg.g_01755	Syar.g_01042
OG0000917	Syat	Prbg.g_01755	Syat.g_01814
OG0000917	Syab	Prbg.g_01755	Syab.g_00414
OG0000917	Syal	Prbg.g_01755	Syal.g_00243
OG0000917	Syag	Prbg.g_01755	Syag.g_02741
OG0000917	Syaq	Prbg.g_01755	Syaq.g_00639
OG0000917	Syam	Prbg.g_01755	Syam.g_00338
OG0000917	Syaf	Prbg.g_01755	Syaf.g_00125
OG0000917	Syai	Prbg.g_01755	Syai.g_00372
OG0000917	Syac	Prbg.g_01755	Syac.g_02125
OG0000917	Syah	Prbg.g_01755	Syah.g_00754
OG0000917	Syae	Prbg.g_01755	Syae.g_02093
OG0000917	Syaa	Prbg.g_01755	Syaa.g_02281
OG0000917	Syad	Prbg.g_01755	Syad.g_00662
OG0000917	Syaj	Prbg.g_01755	Syaj.g_02706
OG0000917	Syak	Prbg.g_01755	Syak.g_01337
OG0000917	Pram	Prbg.g_01755	Pram.g_01740
OG0000917	Prbh	Prbg.g_01755	Prbh.g_01674
OG0000917	Prak	Prbg.g_01755	Prak.g_01750
OG0000917	Prap	Prbg.g_01755	Prap.g_01673
OG0000917	Prbe	Prbg.g_01755	Prbe.g_00866
OG0000917	Prbf	Prbg.g_01755	Prbf.g_00588
OG0000917	Prbn	Prbg.g_01755	Prbn.g_01851
OG0000918	Prac	Prbg.g_01756	Prac.g_00520
OG0000918	Praq	Prbg.g_01756	Praq.g_00907
OG0000918	Prar	Prbg.g_01756	Prar.g_01055
OG0000918	Prag	Prbg.g_01756	Prag.g_01776
OG0000918	Praw	Prbg.g_01756	Praw.g_00124
OG0000918	Prae	Prbg.g_01756	Prae.g_01730
OG0000918	Praa	Prbg.g_01756	Praa.g_01747
OG0000918	Prbd	Prbg.g_01756	Prbd.g_01419
OG0000918	Prao	Prbg.g_01756	Prao.g_01659
OG0000918	Prad	Prbg.g_01756	Prad.g_00835
OG0000918	Prax	Prbg.g_01756	Prax.g_01310
OG0000918	Prbi	Prbg.g_01756	Prbi.g_01910
OG0000918	Prav	Prbg.g_01756	Prav.g_00604
OG0000918	Pras	Prbg.g_01756	Pras.g_00659
OG0000918	Prau	Prbg.g_01756	Prau.g_01841
OG0000918	Pray	Prbg.g_01756	Pray.g_01278
OG0000918	Praz	Prbg.g_01756	Praz.g_00291
OG0000918	Prba	Prbg.g_01756	Prba.g_00401
OG0000918	Prab	Prbg.g_01756	Prab.g_01774
OG0000918	Pran	Prbg.g_01756	Pran.g_01077
OG0000918	Prai	Prbg.g_01756	Prai.g_01749
OG0000918	Prat	Prbg.g_01756	Prat.g_01698
OG0000918	Prbm	Prbg.g_01756	Prbm.g_02004
OG0000918	Praj	Prbg.g_01756	Praj.g_01923
OG0000918	Prbb	Prbg.g_01756	Prbb.g_01972
OG0000918	Prbc	Prbg.g_01756	Prbc.g_00313
OG0000918	Syao	Prbg.g_01756	Syao.g_01781
OG0000918	Syap	Prbg.g_01756	Syap.g_00503
OG0000918	Syan	Prbg.g_01756	Syan.g_02230
OG0000918	Syas	Prbg.g_01756	Syas.g_01620
OG0000918	Syat	Prbg.g_01756	Syat.g_01813
OG0000918	Syar	Prbg.g_01756	Syar.g_01043
OG0000918	Syab	Prbg.g_01756	Syab.g_00415
OG0000918	Syal	Prbg.g_01756	Syal.g_00244
OG0000918	Prah	Prbg.g_01756	Prah.g_02025
OG0000918	Praf	Prbg.g_01756	Praf.g_02149
OG0000918	Prbj	Prbg.g_01756	Prbj.g_01011
OG0000918	Prbk	Prbg.g_01756	Prbk.g_00974
OG0000918	Prbl	Prbg.g_01756	Prbl.g_00970
OG0000918	Syag	Prbg.g_01756	Syag.g_02742
OG0000918	Syaa	Prbg.g_01756	Syaa.g_02280
OG0000918	Syae	Prbg.g_01756	Syae.g_02094
OG0000918	Syaf	Prbg.g_01756	Syaf.g_00124
OG0000918	Syai	Prbg.g_01756	Syai.g_00373
OG0000918	Syam	Prbg.g_01756	Syam.g_00339
OG0000918	Syac	Prbg.g_01756	Syac.g_02124
OG0000918	Syah	Prbg.g_01756	Syah.g_00755
OG0000918	Syad	Prbg.g_01756	Syad.g_00663
OG0000918	Syaj	Prbg.g_01756	Syaj.g_02707
OG0000918	Syak	Prbg.g_01756	Syak.g_01336
OG0000918	Syaq	Prbg.g_01756	Syaq.g_00638
OG0000918	Pral	Prbg.g_01756	Pral.g_00214
OG0000918	Pram	Prbg.g_01756	Pram.g_01741
OG0000918	Prbh	Prbg.g_01756	Prbh.g_01673
OG0000918	Prak	Prbg.g_01756	Prak.g_01751
OG0000918	Prap	Prbg.g_01756	Prap.g_01672
OG0000918	Prbe	Prbg.g_01756	Prbe.g_00865
OG0000918	Prbf	Prbg.g_01756	Prbf.g_00587
OG0000918	Prbn	Prbg.g_01756	Prbn.g_01852
OG0000919	Prab	Prbg.g_01757	Prab.g_01775
OG0000919	Pran	Prbg.g_01757	Pran.g_01078
OG0000919	Prai	Prbg.g_01757	Prai.g_01750
OG0000919	Pray	Prbg.g_01757	Pray.g_01279
OG0000919	Praz	Prbg.g_01757	Praz.g_00290
OG0000919	Prba	Prbg.g_01757	Prba.g_00402
OG0000919	Praa	Prbg.g_01757	Praa.g_01748
OG0000919	Prao	Prbg.g_01757	Prao.g_01660
OG0000919	Prad	Prbg.g_01757	Prad.g_00834
OG0000919	Prbd	Prbg.g_01757	Prbd.g_01418
OG0000919	Prac	Prbg.g_01757	Prac.g_00521
OG0000919	Praq	Prbg.g_01757	Praq.g_00906
OG0000919	Prar	Prbg.g_01757	Prar.g_01054
OG0000919	Prav	Prbg.g_01757	Prav.g_00605
OG0000919	Prag	Prbg.g_01757	Prag.g_01777
OG0000919	Praw	Prbg.g_01757	Praw.g_00123
OG0000919	Prae	Prbg.g_01757	Prae.g_01731
OG0000919	Pras	Prbg.g_01757	Pras.g_00660
OG0000919	Prau	Prbg.g_01757	Prau.g_01842
OG0000919	Prax	Prbg.g_01757	Prax.g_01311
OG0000919	Prbi	Prbg.g_01757	Prbi.g_01911
OG0000919	Prbm	Prbg.g_01757	Prbm.g_02005
OG0000919	Praj	Prbg.g_01757	Praj.g_01924
OG0000919	Prbb	Prbg.g_01757	Prbb.g_01973
OG0000919	Prbc	Prbg.g_01757	Prbc.g_00312
OG0000919	Pral	Prbg.g_01757	Pral.g_00215
OG0000919	Prat	Prbg.g_01757	Prat.g_01699
OG0000919	Praf	Prbg.g_01757	Praf.g_02148
OG0000919	Prbj	Prbg.g_01757	Prbj.g_01010
OG0000919	Prbk	Prbg.g_01757	Prbk.g_00973
OG0000919	Prbl	Prbg.g_01757	Prbl.g_00971
OG0000919	Prah	Prbg.g_01757	Prah.g_02024
OG0000919	Syat	Prbg.g_01757	Syat.g_01812
OG0000919	Syag	Prbg.g_01757	Syag.g_02743
OG0000919	Syaq	Prbg.g_01757	Syaq.g_00637
OG0000919	Syak	Prbg.g_01757	Syak.g_01335
OG0000919	Syar	Prbg.g_01757	Syar.g_01044
OG0000919	Syab	Prbg.g_01757	Syab.g_00416
OG0000919	Syal	Prbg.g_01757	Syal.g_00245
OG0000919	Syan	Prbg.g_01757	Syan.g_02229
OG0000919	Syao	Prbg.g_01757	Syao.g_01780
OG0000919	Syap	Prbg.g_01757	Syap.g_00502
OG0000919	Syas	Prbg.g_01757	Syas.g_01619
OG0000919	Syad	Prbg.g_01757	Syad.g_00664
OG0000919	Syaj	Prbg.g_01757	Syaj.g_02708
OG0000919	Syae	Prbg.g_01757	Syae.g_02095
OG0000919	Syaa	Prbg.g_01757	Syaa.g_02279
OG0000919	Syac	Prbg.g_01757	Syac.g_02123
OG0000919	Syah	Prbg.g_01757	Syah.g_00756
OG0000919	Syaf	Prbg.g_01757	Syaf.g_00123
OG0000919	Syai	Prbg.g_01757	Syai.g_00374
OG0000919	Syam	Prbg.g_01757	Syam.g_00340
OG0000919	Pram	Prbg.g_01757	Pram.g_01742
OG0000919	Prbh	Prbg.g_01757	Prbh.g_01672
OG0000919	Prak	Prbg.g_01757	Prak.g_01752
OG0000919	Prap	Prbg.g_01757	Prap.g_01671
OG0000919	Prbe	Prbg.g_01757	Prbe.g_00864
OG0000919	Prbf	Prbg.g_01757	Prbf.g_00586
OG0000919	Prbn	Prbg.g_01757	Prbn.g_01853
OG0000920	Prab	Prbg.g_01758	Prab.g_01776
OG0000920	Pran	Prbg.g_01758	Pran.g_01079
OG0000920	Prai	Prbg.g_01758	Prai.g_01751
OG0000920	Prao	Prbg.g_01758	Prao.g_01661
OG0000920	Praa	Prbg.g_01758	Praa.g_01749
OG0000920	Prbi	Prbg.g_01758	Prbi.g_01912
OG0000920	Prag	Prbg.g_01758	Prag.g_01778
OG0000920	Praw	Prbg.g_01758	Praw.g_00122
OG0000920	Prax	Prbg.g_01758	Prax.g_01312
OG0000920	Prav	Prbg.g_01758	Prav.g_00606
OG0000920	Prac	Prbg.g_01758	Prac.g_00522
OG0000920	Praq	Prbg.g_01758	Praq.g_00905
OG0000920	Prar	Prbg.g_01758	Prar.g_01053
OG0000920	Prad	Prbg.g_01758	Prad.g_00833
OG0000920	Prae	Prbg.g_01758	Prae.g_01732
OG0000920	Prbd	Prbg.g_01758	Prbd.g_01417
OG0000920	Pray	Prbg.g_01758	Pray.g_01280
OG0000920	Praz	Prbg.g_01758	Praz.g_00289
OG0000920	Prba	Prbg.g_01758	Prba.g_00403
OG0000920	Pras	Prbg.g_01758	Pras.g_00661
OG0000920	Prau	Prbg.g_01758	Prau.g_01843
OG0000920	Syag	Prbg.g_01758	Syag.g_02744
OG0000920	Syaq	Prbg.g_01758	Syaq.g_00636
OG0000920	Syak	Prbg.g_01758	Syak.g_01334
OG0000920	Syab	Prbg.g_01758	Syab.g_00417
OG0000920	Syal	Prbg.g_01758	Syal.g_00246
OG0000920	Syat	Prbg.g_01758	Syat.g_01811
OG0000920	Syar	Prbg.g_01758	Syar.g_01045
OG0000920	Syas	Prbg.g_01758	Syas.g_01618
OG0000920	Syap	Prbg.g_01758	Syap.g_00501
OG0000920	Syan	Prbg.g_01758	Syan.g_02228
OG0000920	Syao	Prbg.g_01758	Syao.g_01779
OG0000920	Prah	Prbg.g_01758	Prah.g_02023
OG0000920	Praf	Prbg.g_01758	Praf.g_02147
OG0000920	Prbj	Prbg.g_01758	Prbj.g_01009
OG0000920	Prbk	Prbg.g_01758	Prbk.g_00972
OG0000920	Prbl	Prbg.g_01758	Prbl.g_00972
OG0000920	Syad	Prbg.g_01758	Syad.g_00665
OG0000920	Syaj	Prbg.g_01758	Syaj.g_02709
OG0000920	Syaf	Prbg.g_01758	Syaf.g_00122
OG0000920	Syac	Prbg.g_01758	Syac.g_02122
OG0000920	Syah	Prbg.g_01758	Syah.g_00757
OG0000920	Syai	Prbg.g_01758	Syai.g_00375
OG0000920	Syam	Prbg.g_01758	Syam.g_00341
OG0000920	Syaa	Prbg.g_01758	Syaa.g_02278
OG0000920	Syae	Prbg.g_01758	Syae.g_02096
OG0000920	Prat	Prbg.g_01758	Prat.g_01700
OG0000920	Pral	Prbg.g_01758	Pral.g_00216
OG0000920	Prbm	Prbg.g_01758	Prbm.g_02006
OG0000920	Praj	Prbg.g_01758	Praj.g_01925
OG0000920	Prbb	Prbg.g_01758	Prbb.g_01974
OG0000920	Prbc	Prbg.g_01758	Prbc.g_00311
OG0000920	Pram	Prbg.g_01758	Pram.g_01743
OG0000920	Prbh	Prbg.g_01758	Prbh.g_01671
OG0000920	Prak	Prbg.g_01758	Prak.g_01753
OG0000920	Prap	Prbg.g_01758	Prap.g_01670
OG0000920	Prbe	Prbg.g_01758	Prbe.g_00863
OG0000920	Prbf	Prbg.g_01758	Prbf.g_00585
OG0000920	Prbn	Prbg.g_01758	Prbn.g_01854
OG0000921	Prax	Prbg.g_01759	Prax.g_01313
OG0000921	Prav	Prbg.g_01759	Prav.g_00607
OG0000921	Prao	Prbg.g_01759	Prao.g_01662
OG0000921	Prab	Prbg.g_01759	Prab.g_01777
OG0000921	Pran	Prbg.g_01759	Pran.g_01080
OG0000921	Prai	Prbg.g_01759	Prai.g_01752
OG0000921	Praa	Prbg.g_01759	Praa.g_01750
OG0000921	Prac	Prbg.g_01759	Prac.g_00523
OG0000921	Praq	Prbg.g_01759	Praq.g_00904
OG0000921	Prar	Prbg.g_01759	Prar.g_01052
OG0000921	Prbi	Prbg.g_01759	Prbi.g_01913
OG0000921	Prad	Prbg.g_01759	Prad.g_00832
OG0000921	Pras	Prbg.g_01759	Pras.g_00662
OG0000921	Prau	Prbg.g_01759	Prau.g_01844
OG0000921	Prae	Prbg.g_01759	Prae.g_01733
OG0000921	Pray	Prbg.g_01759	Pray.g_01281
OG0000921	Praz	Prbg.g_01759	Praz.g_00288
OG0000921	Prba	Prbg.g_01759	Prba.g_00404
OG0000921	Prbd	Prbg.g_01759	Prbd.g_01416
OG0000921	Prag	Prbg.g_01759	Prag.g_01779
OG0000921	Praw	Prbg.g_01759	Praw.g_00121
OG0000921	Prbm	Prbg.g_01759	Prbm.g_02007
OG0000921	Praj	Prbg.g_01759	Praj.g_01926
OG0000921	Prbc	Prbg.g_01759	Prbc.g_00310
OG0000921	Prbb	Prbg.g_01759	Prbb.g_01975
OG0000921	Syad	Prbg.g_01759	Syad.g_00666
OG0000921	Syaj	Prbg.g_01759	Syaj.g_02710
OG0000921	Syae	Prbg.g_01759	Syae.g_02097
OG0000921	Syam	Prbg.g_01759	Syam.g_00342
OG0000921	Syaf	Prbg.g_01759	Syaf.g_00121
OG0000921	Syai	Prbg.g_01759	Syai.g_00376
OG0000921	Syaa	Prbg.g_01759	Syaa.g_02277
OG0000921	Syac	Prbg.g_01759	Syac.g_02121
OG0000921	Syah	Prbg.g_01759	Syah.g_00758
OG0000921	Praf	Prbg.g_01759	Praf.g_02146
OG0000921	Prah	Prbg.g_01759	Prah.g_02022
OG0000921	Prbj	Prbg.g_01759	Prbj.g_01008
OG0000921	Prbk	Prbg.g_01759	Prbk.g_00971
OG0000921	Prbl	Prbg.g_01759	Prbl.g_00973
OG0000921	Syab	Prbg.g_01759	Syab.g_00418
OG0000921	Syal	Prbg.g_01759	Syal.g_00247
OG0000921	Syag	Prbg.g_01759	Syag.g_02745
OG0000921	Syak	Prbg.g_01759	Syak.g_01333
OG0000921	Syaq	Prbg.g_01759	Syaq.g_00635
OG0000921	Syan	Prbg.g_01759	Syan.g_02227
OG0000921	Syao	Prbg.g_01759	Syao.g_01778
OG0000921	Syar	Prbg.g_01759	Syar.g_01046
OG0000921	Syat	Prbg.g_01759	Syat.g_01810
OG0000921	Syap	Prbg.g_01759	Syap.g_00500
OG0000921	Syas	Prbg.g_01759	Syas.g_01617
OG0000921	Pral	Prbg.g_01759	Pral.g_00217
OG0000921	Prat	Prbg.g_01759	Prat.g_01701
OG0000921	Pram	Prbg.g_01759	Pram.g_01744
OG0000921	Prbh	Prbg.g_01759	Prbh.g_01670
OG0000921	Prbf	Prbg.g_01759	Prbf.g_00584
OG0000921	Prak	Prbg.g_01759	Prak.g_01754
OG0000921	Prap	Prbg.g_01759	Prap.g_01669
OG0000921	Prbe	Prbg.g_01759	Prbe.g_00862
OG0000921	Prbn	Prbg.g_01759	Prbn.g_01855
OG0000922	Prab	Prbg.g_01760	Prab.g_01778
OG0000922	Pran	Prbg.g_01760	Pran.g_01081
OG0000922	Prai	Prbg.g_01760	Prai.g_01753
OG0000922	Prav	Prbg.g_01760	Prav.g_00608
OG0000922	Prac	Prbg.g_01760	Prac.g_00524
OG0000922	Prae	Prbg.g_01760	Prae.g_01734
OG0000922	Praq	Prbg.g_01760	Praq.g_00903
OG0000922	Prar	Prbg.g_01760	Prar.g_01051
OG0000922	Praa	Prbg.g_01760	Praa.g_01751
OG0000922	Prbd	Prbg.g_01760	Prbd.g_01415
OG0000922	Prbi	Prbg.g_01760	Prbi.g_01914
OG0000922	Prad	Prbg.g_01760	Prad.g_00831
OG0000922	Pras	Prbg.g_01760	Pras.g_00663
OG0000922	Prau	Prbg.g_01760	Prau.g_01845
OG0000922	Pray	Prbg.g_01760	Pray.g_01282
OG0000922	Praz	Prbg.g_01760	Praz.g_00287
OG0000922	Prba	Prbg.g_01760	Prba.g_00405
OG0000922	Prao	Prbg.g_01760	Prao.g_01663
OG0000922	Prag	Prbg.g_01760	Prag.g_01780
OG0000922	Praw	Prbg.g_01760	Praw.g_00120
OG0000922	Prax	Prbg.g_01760	Prax.g_01314
OG0000922	Prbm	Prbg.g_01760	Prbm.g_02008
OG0000922	Prbb	Prbg.g_01760	Prbb.g_01976
OG0000922	Praj	Prbg.g_01760	Praj.g_01927
OG0000922	Prbc	Prbg.g_01760	Prbc.g_00309
OG0000922	Pral	Prbg.g_01760	Pral.g_00218
OG0000922	Prat	Prbg.g_01760	Prat.g_01702
OG0000922	Prbj	Prbg.g_01760	Prbj.g_01007
OG0000922	Prbk	Prbg.g_01760	Prbk.g_00970
OG0000922	Prbl	Prbg.g_01760	Prbl.g_00974
OG0000922	Praf	Prbg.g_01760	Praf.g_02145
OG0000922	Prah	Prbg.g_01760	Prah.g_02021
OG0000922	Syat	Prbg.g_01760	Syat.g_01809
OG0000922	Syas	Prbg.g_01760	Syas.g_01616
OG0000922	Syap	Prbg.g_01760	Syap.g_00499
OG0000922	Syan	Prbg.g_01760	Syan.g_02226
OG0000922	Syao	Prbg.g_01760	Syao.g_01777
OG0000922	Syar	Prbg.g_01760	Syar.g_01047
OG0000922	Syaq	Prbg.g_01760	Syaq.g_00634
OG0000922	Syak	Prbg.g_01760	Syak.g_01332
OG0000922	Syac	Prbg.g_01760	Syac.g_02120
OG0000922	Syah	Prbg.g_01760	Syah.g_00759
OG0000922	Syab	Prbg.g_01760	Syab.g_00419
OG0000922	Syal	Prbg.g_01760	Syal.g_00248
OG0000922	Syag	Prbg.g_01760	Syag.g_02746
OG0000922	Syad	Prbg.g_01760	Syad.g_00667
OG0000922	Syaj	Prbg.g_01760	Syaj.g_02711
OG0000922	Syae	Prbg.g_01760	Syae.g_02098
OG0000922	Syai	Prbg.g_01760	Syai.g_00377
OG0000922	Syaa	Prbg.g_01760	Syaa.g_02276
OG0000922	Syaf	Prbg.g_01760	Syaf.g_00120
OG0000922	Syam	Prbg.g_01760	Syam.g_00343
OG0000922	Pram	Prbg.g_01760	Pram.g_01745
OG0000922	Prbh	Prbg.g_01760	Prbh.g_01669
OG0000922	Prak	Prbg.g_01760	Prak.g_01755
OG0000922	Prap	Prbg.g_01760	Prap.g_01668
OG0000922	Prbe	Prbg.g_01760	Prbe.g_00861
OG0000922	Prbf	Prbg.g_01760	Prbf.g_00583
OG0000922	Prbn	Prbg.g_01760	Prbn.g_01856
OG0000923	Prai	Prbg.g_01764	Prai.g_01757
OG0000923	Prab	Prbg.g_01764	Prab.g_01782
OG0000923	Pran	Prbg.g_01764	Pran.g_01085
OG0000923	Pray	Prbg.g_01764	Pray.g_01286
OG0000923	Praz	Prbg.g_01764	Praz.g_00283
OG0000923	Prba	Prbg.g_01764	Prba.g_00409
OG0000923	Prao	Prbg.g_01764	Prao.g_01667
OG0000923	Prbi	Prbg.g_01764	Prbi.g_01918
OG0000923	Prax	Prbg.g_01764	Prax.g_01318
OG0000923	Prad	Prbg.g_01764	Prad.g_00827
OG0000923	Prae	Prbg.g_01764	Prae.g_01738
OG0000923	Pras	Prbg.g_01764	Pras.g_00667
OG0000923	Prau	Prbg.g_01764	Prau.g_01849
OG0000923	Prbd	Prbg.g_01764	Prbd.g_01411
OG0000923	Praa	Prbg.g_01764	Praa.g_01755
OG0000923	Prac	Prbg.g_01764	Prac.g_00528
OG0000923	Praq	Prbg.g_01764	Praq.g_00899
OG0000923	Prar	Prbg.g_01764	Prar.g_01047
OG0000923	Prag	Prbg.g_01764	Prag.g_01784
OG0000923	Praw	Prbg.g_01764	Praw.g_00116
OG0000923	Prav	Prbg.g_01764	Prav.g_00612
OG0000923	Prbm	Prbg.g_01764	Prbm.g_02012
OG0000923	Praj	Prbg.g_01764	Praj.g_01931
OG0000923	Prbb	Prbg.g_01764	Prbb.g_01980
OG0000923	Prbc	Prbg.g_01764	Prbc.g_00305
OG0000923	Prah	Prbg.g_01764	Prah.g_02017
OG0000923	Praf	Prbg.g_01764	Praf.g_02141
OG0000923	Prbj	Prbg.g_01764	Prbj.g_01003
OG0000923	Prbk	Prbg.g_01764	Prbk.g_00966
OG0000923	Prbl	Prbg.g_01764	Prbl.g_00978
OG0000923	Syat	Prbg.g_01764	Syat.g_01805
OG0000923	Syar	Prbg.g_01764	Syar.g_01051
OG0000923	Syas	Prbg.g_01764	Syas.g_01612
OG0000923	Syap	Prbg.g_01764	Syap.g_00495
OG0000923	Syan	Prbg.g_01764	Syan.g_02222
OG0000923	Syao	Prbg.g_01764	Syao.g_01772
OG0000923	Syaa	Prbg.g_01764	Syaa.g_02272
OG0000923	Syae	Prbg.g_01764	Syae.g_02102
OG0000923	Syac	Prbg.g_01764	Syac.g_02116
OG0000923	Syah	Prbg.g_01764	Syah.g_00763
OG0000923	Syaf	Prbg.g_01764	Syaf.g_00116
OG0000923	Syai	Prbg.g_01764	Syai.g_00381
OG0000923	Syam	Prbg.g_01764	Syam.g_00347
OG0000923	Syad	Prbg.g_01764	Syad.g_00671
OG0000923	Syaj	Prbg.g_01764	Syaj.g_02715
OG0000923	Syaq	Prbg.g_01764	Syaq.g_00630
OG0000923	Syab	Prbg.g_01764	Syab.g_00423
OG0000923	Syal	Prbg.g_01764	Syal.g_00252
OG0000923	Syag	Prbg.g_01764	Syag.g_02750
OG0000923	Syak	Prbg.g_01764	Syak.g_01328
OG0000923	Pral	Prbg.g_01764	Pral.g_00222
OG0000923	Prat	Prbg.g_01764	Prat.g_01706
OG0000923	Pram	Prbg.g_01764	Pram.g_01749
OG0000923	Prbh	Prbg.g_01764	Prbh.g_01665
OG0000923	Prak	Prbg.g_01764	Prak.g_01759
OG0000923	Prap	Prbg.g_01764	Prap.g_01664
OG0000923	Prbe	Prbg.g_01764	Prbe.g_00857
OG0000923	Prbf	Prbg.g_01764	Prbf.g_00579
OG0000923	Prbn	Prbg.g_01764	Prbn.g_01860
OG0000924	Prag	Prbg.g_01765	Prag.g_01785
OG0000924	Praw	Prbg.g_01765	Praw.g_00115
OG0000924	Prac	Prbg.g_01765	Prac.g_00529
OG0000924	Praq	Prbg.g_01765	Praq.g_00898
OG0000924	Prar	Prbg.g_01765	Prar.g_01046
OG0000924	Prav	Prbg.g_01765	Prav.g_00613
OG0000924	Pras	Prbg.g_01765	Pras.g_00668
OG0000924	Prau	Prbg.g_01765	Prau.g_01850
OG0000924	Prad	Prbg.g_01765	Prad.g_00826
OG0000924	Praa	Prbg.g_01765	Praa.g_01756
OG0000924	Prax	Prbg.g_01765	Prax.g_01319
OG0000924	Prbd	Prbg.g_01765	Prbd.g_01410
OG0000924	Prbi	Prbg.g_01765	Prbi.g_01919
OG0000924	Prao	Prbg.g_01765	Prao.g_01668
OG0000924	Prae	Prbg.g_01765	Prae.g_01739
OG0000924	Pray	Prbg.g_01765	Pray.g_01287
OG0000924	Praz	Prbg.g_01765	Praz.g_00282
OG0000924	Prba	Prbg.g_01765	Prba.g_00410
OG0000924	Prab	Prbg.g_01765	Prab.g_01783
OG0000924	Pran	Prbg.g_01765	Pran.g_01086
OG0000924	Prai	Prbg.g_01765	Prai.g_01758
OG0000924	Prbm	Prbg.g_01765	Prbm.g_02013
OG0000924	Praj	Prbg.g_01765	Praj.g_01932
OG0000924	Prbc	Prbg.g_01765	Prbc.g_00304
OG0000924	Prbb	Prbg.g_01765	Prbb.g_01981
OG0000924	Pral	Prbg.g_01765	Pral.g_00223
OG0000924	Syar	Prbg.g_01765	Syar.g_01052
OG0000924	Praf	Prbg.g_01765	Praf.g_02140
OG0000924	Prah	Prbg.g_01765	Prah.g_02016
OG0000924	Prbj	Prbg.g_01765	Prbj.g_01002
OG0000924	Prbk	Prbg.g_01765	Prbk.g_00965
OG0000924	Prbl	Prbg.g_01765	Prbl.g_00979
OG0000924	Syac	Prbg.g_01765	Syac.g_02115
OG0000924	Syah	Prbg.g_01765	Syah.g_00764
OG0000924	Syai	Prbg.g_01765	Syai.g_00382
OG0000924	Syaf	Prbg.g_01765	Syaf.g_00115
OG0000924	Syam	Prbg.g_01765	Syam.g_00348
OG0000924	Syak	Prbg.g_01765	Syak.g_01327
OG0000924	Syad	Prbg.g_01765	Syad.g_00672
OG0000924	Syaj	Prbg.g_01765	Syaj.g_02716
OG0000924	Syaa	Prbg.g_01765	Syaa.g_02271
OG0000924	Syae	Prbg.g_01765	Syae.g_02103
OG0000924	Syal	Prbg.g_01765	Syal.g_00253
OG0000924	Syab	Prbg.g_01765	Syab.g_00424
OG0000924	Syag	Prbg.g_01765	Syag.g_02751
OG0000924	Syaq	Prbg.g_01765	Syaq.g_00629
OG0000924	Syas	Prbg.g_01765	Syas.g_01611
OG0000924	Syan	Prbg.g_01765	Syan.g_02221
OG0000924	Syao	Prbg.g_01765	Syao.g_01771
OG0000924	Syap	Prbg.g_01765	Syap.g_00494
OG0000924	Syat	Prbg.g_01765	Syat.g_01804
OG0000924	Prat	Prbg.g_01765	Prat.g_01707
OG0000924	Pram	Prbg.g_01765	Pram.g_01750
OG0000924	Prbh	Prbg.g_01765	Prbh.g_01664
OG0000924	Prak	Prbg.g_01765	Prak.g_01760
OG0000924	Prap	Prbg.g_01765	Prap.g_01663
OG0000924	Prbe	Prbg.g_01765	Prbe.g_00856
OG0000924	Prbf	Prbg.g_01765	Prbf.g_00578
OG0000924	Prbn	Prbg.g_01765	Prbn.g_01861
OG0000925	Prai	Prbg.g_01766	Prai.g_01759
OG0000925	Prab	Prbg.g_01766	Prab.g_01784
OG0000925	Pran	Prbg.g_01766	Pran.g_01087
OG0000925	Pray	Prbg.g_01766	Pray.g_01288
OG0000925	Praz	Prbg.g_01766	Praz.g_00281
OG0000925	Prba	Prbg.g_01766	Prba.g_00411
OG0000925	Prac	Prbg.g_01766	Prac.g_00530
OG0000925	Praq	Prbg.g_01766	Praq.g_00897
OG0000925	Prar	Prbg.g_01766	Prar.g_01045
OG0000925	Prag	Prbg.g_01766	Prag.g_01786
OG0000925	Praw	Prbg.g_01766	Praw.g_00114
OG0000925	Prad	Prbg.g_01766	Prad.g_00825
OG0000925	Prbd	Prbg.g_01766	Prbd.g_01409
OG0000925	Praa	Prbg.g_01766	Praa.g_01757
OG0000925	Prae	Prbg.g_01766	Prae.g_01740
OG0000925	Prao	Prbg.g_01766	Prao.g_01669
OG0000925	Prax	Prbg.g_01766	Prax.g_01320
OG0000925	Prbi	Prbg.g_01766	Prbi.g_01920
OG0000925	Prav	Prbg.g_01766	Prav.g_00614
OG0000925	Pras	Prbg.g_01766	Pras.g_00669
OG0000925	Prau	Prbg.g_01766	Prau.g_01851
OG0000925	Praf	Prbg.g_01766	Praf.g_02139
OG0000925	Prah	Prbg.g_01766	Prah.g_02015
OG0000925	Prbj	Prbg.g_01766	Prbj.g_01001
OG0000925	Prbk	Prbg.g_01766	Prbk.g_00964
OG0000925	Prbl	Prbg.g_01766	Prbl.g_00980
OG0000925	Syaa	Prbg.g_01766	Syaa.g_02270
OG0000925	Syaj	Prbg.g_01766	Syaj.g_02717
OG0000925	Syad	Prbg.g_01766	Syad.g_00673
OG0000925	Syae	Prbg.g_01766	Syae.g_02104
OG0000925	Syac	Prbg.g_01766	Syac.g_02114
OG0000925	Syah	Prbg.g_01766	Syah.g_00765
OG0000925	Syaf	Prbg.g_01766	Syaf.g_00114
OG0000925	Syai	Prbg.g_01766	Syai.g_00383
OG0000925	Syam	Prbg.g_01766	Syam.g_00349
OG0000925	Syap	Prbg.g_01766	Syap.g_00493
OG0000925	Syas	Prbg.g_01766	Syas.g_01610
OG0000925	Syan	Prbg.g_01766	Syan.g_02220
OG0000925	Syao	Prbg.g_01766	Syao.g_01770
OG0000925	Syar	Prbg.g_01766	Syar.g_01053
OG0000925	Syat	Prbg.g_01766	Syat.g_01803
OG0000925	Syag	Prbg.g_01766	Syag.g_02752
OG0000925	Syaq	Prbg.g_01766	Syaq.g_00628
OG0000925	Syak	Prbg.g_01766	Syak.g_01326
OG0000925	Syab	Prbg.g_01766	Syab.g_00425
OG0000925	Syal	Prbg.g_01766	Syal.g_00254
OG0000925	Prbm	Prbg.g_01766	Prbm.g_02014
OG0000925	Prbc	Prbg.g_01766	Prbc.g_00303
OG0000925	Praj	Prbg.g_01766	Praj.g_01933
OG0000925	Prbb	Prbg.g_01766	Prbb.g_01982
OG0000925	Pram	Prbg.g_01766	Pram.g_01751
OG0000925	Prbh	Prbg.g_01766	Prbh.g_01663
OG0000925	Pral	Prbg.g_01766	Pral.g_00224
OG0000925	Prat	Prbg.g_01766	Prat.g_01708
OG0000925	Prbf	Prbg.g_01766	Prbf.g_00577
OG0000925	Prak	Prbg.g_01766	Prak.g_01761
OG0000925	Prap	Prbg.g_01766	Prap.g_01662
OG0000925	Prbe	Prbg.g_01766	Prbe.g_00855
OG0000925	Prbn	Prbg.g_01766	Prbn.g_01862
OG0000926	Prab	Prbg.g_01767	Prab.g_01785
OG0000926	Pran	Prbg.g_01767	Pran.g_01088
OG0000926	Prai	Prbg.g_01767	Prai.g_01760
OG0000926	Praa	Prbg.g_01767	Praa.g_01758
OG0000926	Prac	Prbg.g_01767	Prac.g_00531
OG0000926	Praq	Prbg.g_01767	Praq.g_00896
OG0000926	Prar	Prbg.g_01767	Prar.g_01044
OG0000926	Prag	Prbg.g_01767	Prag.g_01787
OG0000926	Praw	Prbg.g_01767	Praw.g_00113
OG0000926	Prao	Prbg.g_01767	Prao.g_01670
OG0000926	Prbi	Prbg.g_01767	Prbi.g_01921
OG0000926	Prae	Prbg.g_01767	Prae.g_01741
OG0000926	Pray	Prbg.g_01767	Pray.g_01289
OG0000926	Praz	Prbg.g_01767	Praz.g_00280
OG0000926	Prba	Prbg.g_01767	Prba.g_00412
OG0000926	Pras	Prbg.g_01767	Pras.g_00670
OG0000926	Prau	Prbg.g_01767	Prau.g_01852
OG0000926	Prax	Prbg.g_01767	Prax.g_01321
OG0000926	Prad	Prbg.g_01767	Prad.g_00824
OG0000926	Prbd	Prbg.g_01767	Prbd.g_01408
OG0000926	Prav	Prbg.g_01767	Prav.g_00615
OG0000926	Syap	Prbg.g_01767	Syap.g_00492
OG0000926	Syan	Prbg.g_01767	Syan.g_02219
OG0000926	Syao	Prbg.g_01767	Syao.g_01769
OG0000926	Syas	Prbg.g_01767	Syas.g_01609
OG0000926	Syar	Prbg.g_01767	Syar.g_01054
OG0000926	Syat	Prbg.g_01767	Syat.g_01802
OG0000926	Praf	Prbg.g_01767	Praf.g_02138
OG0000926	Prah	Prbg.g_01767	Prah.g_02014
OG0000926	Prbj	Prbg.g_01767	Prbj.g_01000
OG0000926	Prbk	Prbg.g_01767	Prbk.g_00963
OG0000926	Prbl	Prbg.g_01767	Prbl.g_00981
OG0000926	Syab	Prbg.g_01767	Syab.g_00426
OG0000926	Syal	Prbg.g_01767	Syal.g_00255
OG0000926	Syak	Prbg.g_01767	Syak.g_01325
OG0000926	Syaq	Prbg.g_01767	Syaq.g_00627
OG0000926	Syaa	Prbg.g_01767	Syaa.g_02269
OG0000926	Syae	Prbg.g_01767	Syae.g_02105
OG0000926	Syaf	Prbg.g_01767	Syaf.g_00113
OG0000926	Syai	Prbg.g_01767	Syai.g_00384
OG0000926	Syag	Prbg.g_01767	Syag.g_02753
OG0000926	Syam	Prbg.g_01767	Syam.g_00350
OG0000926	Syad	Prbg.g_01767	Syad.g_00674
OG0000926	Syaj	Prbg.g_01767	Syaj.g_02718
OG0000926	Syac	Prbg.g_01767	Syac.g_02113
OG0000926	Syah	Prbg.g_01767	Syah.g_00766
OG0000926	Prbm	Prbg.g_01767	Prbm.g_02015
OG0000926	Praj	Prbg.g_01767	Praj.g_01934
OG0000926	Prbb	Prbg.g_01767	Prbb.g_01983
OG0000926	Prbc	Prbg.g_01767	Prbc.g_00302
OG0000926	Pral	Prbg.g_01767	Pral.g_00225
OG0000926	Prat	Prbg.g_01767	Prat.g_01709
OG0000926	Pram	Prbg.g_01767	Pram.g_01752
OG0000926	Prbh	Prbg.g_01767	Prbh.g_01662
OG0000926	Prak	Prbg.g_01767	Prak.g_01762
OG0000926	Prap	Prbg.g_01767	Prap.g_01661
OG0000926	Prbe	Prbg.g_01767	Prbe.g_00854
OG0000926	Prbf	Prbg.g_01767	Prbf.g_00576
OG0000926	Prbn	Prbg.g_01767	Prbn.g_01863
OG0000927	Prac	Prbg.g_01769	Prac.g_00533
OG0000927	Praq	Prbg.g_01769	Praq.g_00894
OG0000927	Prar	Prbg.g_01769	Prar.g_01042
OG0000927	Pray	Prbg.g_01769	Pray.g_01291
OG0000927	Praz	Prbg.g_01769	Praz.g_00278
OG0000927	Prba	Prbg.g_01769	Prba.g_00414
OG0000927	Prad	Prbg.g_01769	Prad.g_00822
OG0000927	Praa	Prbg.g_01769	Praa.g_01760
OG0000927	Prao	Prbg.g_01769	Prao.g_01672
OG0000927	Pras	Prbg.g_01769	Pras.g_00672
OG0000927	Prav	Prbg.g_01769	Prav.g_00617
OG0000927	Prax	Prbg.g_01769	Prax.g_01323
OG0000927	Prbi	Prbg.g_01769	Prbi.g_01923
OG0000927	Prbd	Prbg.g_01769	Prbd.g_01406
OG0000927	Prau	Prbg.g_01769	Prau.g_01854
OG0000927	Prag	Prbg.g_01769	Prag.g_01789
OG0000927	Praw	Prbg.g_01769	Praw.g_00111
OG0000927	Prae	Prbg.g_01769	Prae.g_01743
OG0000927	Prab	Prbg.g_01769	Prab.g_01787
OG0000927	Pran	Prbg.g_01769	Pran.g_01090
OG0000927	Prai	Prbg.g_01769	Prai.g_01762
OG0000927	Praj	Prbg.g_01769	Praj.g_01936
OG0000927	Prbb	Prbg.g_01769	Prbb.g_01985
OG0000927	Prbc	Prbg.g_01769	Prbc.g_00300
OG0000927	Prbm	Prbg.g_01769	Prbm.g_02017
OG0000927	Syar	Prbg.g_01769	Syar.g_01056
OG0000927	Syan	Prbg.g_01769	Syan.g_02217
OG0000927	Syao	Prbg.g_01769	Syao.g_01767
OG0000927	Syas	Prbg.g_01769	Syas.g_01607
OG0000927	Syap	Prbg.g_01769	Syap.g_00490
OG0000927	Syat	Prbg.g_01769	Syat.g_01800
OG0000927	Praf	Prbg.g_01769	Praf.g_02136
OG0000927	Prah	Prbg.g_01769	Prah.g_02012
OG0000927	Prbj	Prbg.g_01769	Prbj.g_00998
OG0000927	Prbk	Prbg.g_01769	Prbk.g_00961
OG0000927	Prbl	Prbg.g_01769	Prbl.g_00983
OG0000927	Syab	Prbg.g_01769	Syab.g_00428
OG0000927	Syal	Prbg.g_01769	Syal.g_00257
OG0000927	Syak	Prbg.g_01769	Syak.g_01323
OG0000927	Syaa	Prbg.g_01769	Syaa.g_02267
OG0000927	Syac	Prbg.g_01769	Syac.g_02111
OG0000927	Syah	Prbg.g_01769	Syah.g_00768
OG0000927	Syae	Prbg.g_01769	Syae.g_02107
OG0000927	Syaf	Prbg.g_01769	Syaf.g_00111
OG0000927	Syai	Prbg.g_01769	Syai.g_00386
OG0000927	Syam	Prbg.g_01769	Syam.g_00352
OG0000927	Syad	Prbg.g_01769	Syad.g_00676
OG0000927	Syaj	Prbg.g_01769	Syaj.g_02720
OG0000927	Syag	Prbg.g_01769	Syag.g_02755
OG0000927	Syaq	Prbg.g_01769	Syaq.g_00625
OG0000927	Pral	Prbg.g_01769	Pral.g_00227
OG0000927	Prat	Prbg.g_01769	Prat.g_01711
OG0000927	Pram	Prbg.g_01769	Pram.g_01754
OG0000927	Prbh	Prbg.g_01769	Prbh.g_01660
OG0000927	Prak	Prbg.g_01769	Prak.g_01764
OG0000927	Prap	Prbg.g_01769	Prap.g_01659
OG0000927	Prbe	Prbg.g_01769	Prbe.g_00852
OG0000927	Prbf	Prbg.g_01769	Prbf.g_00574
OG0000927	Prbn	Prbg.g_01769	Prbn.g_01865
OG0000928	Prbd	Prbg.g_01770	Prbd.g_01405
OG0000928	Praa	Prbg.g_01770	Praa.g_01761
OG0000928	Prao	Prbg.g_01770	Prao.g_01673
OG0000928	Prac	Prbg.g_01770	Prac.g_00534
OG0000928	Praq	Prbg.g_01770	Praq.g_00893
OG0000928	Prar	Prbg.g_01770	Prar.g_01041
OG0000928	Prag	Prbg.g_01770	Prag.g_01790
OG0000928	Prav	Prbg.g_01770	Prav.g_00618
OG0000928	Praw	Prbg.g_01770	Praw.g_00110
OG0000928	Prax	Prbg.g_01770	Prax.g_01324
OG0000928	Pray	Prbg.g_01770	Pray.g_01292
OG0000928	Praz	Prbg.g_01770	Praz.g_00277
OG0000928	Prba	Prbg.g_01770	Prba.g_00415
OG0000928	Prbi	Prbg.g_01770	Prbi.g_01924
OG0000928	Pras	Prbg.g_01770	Pras.g_00673
OG0000928	Prau	Prbg.g_01770	Prau.g_01855
OG0000928	Prae	Prbg.g_01770	Prae.g_01744
OG0000928	Prad	Prbg.g_01770	Prad.g_00821
OG0000928	Prab	Prbg.g_01770	Prab.g_01788
OG0000928	Pran	Prbg.g_01770	Pran.g_01091
OG0000928	Prai	Prbg.g_01770	Prai.g_01763
OG0000928	Prbm	Prbg.g_01770	Prbm.g_02018
OG0000928	Praj	Prbg.g_01770	Praj.g_01937
OG0000928	Prbb	Prbg.g_01770	Prbb.g_01986
OG0000928	Prbc	Prbg.g_01770	Prbc.g_00299
OG0000928	Pral	Prbg.g_01770	Pral.g_00228
OG0000928	Prat	Prbg.g_01770	Prat.g_01712
OG0000928	Prbj	Prbg.g_01770	Prbj.g_00997
OG0000928	Prbk	Prbg.g_01770	Prbk.g_00960
OG0000928	Prbl	Prbg.g_01770	Prbl.g_00984
OG0000928	Praf	Prbg.g_01770	Praf.g_02135
OG0000928	Prah	Prbg.g_01770	Prah.g_02011
OG0000928	Syat	Prbg.g_01770	Syat.g_01799
OG0000928	Syap	Prbg.g_01770	Syap.g_00489
OG0000928	Syas	Prbg.g_01770	Syas.g_01606
OG0000928	Syar	Prbg.g_01770	Syar.g_01057
OG0000928	Syan	Prbg.g_01770	Syan.g_02216
OG0000928	Syao	Prbg.g_01770	Syao.g_01766
OG0000928	Syak	Prbg.g_01770	Syak.g_01322
OG0000928	Syac	Prbg.g_01770	Syac.g_02110
OG0000928	Syah	Prbg.g_01770	Syah.g_00769
OG0000928	Syaf	Prbg.g_01770	Syaf.g_00110
OG0000928	Syai	Prbg.g_01770	Syai.g_00387
OG0000928	Syam	Prbg.g_01770	Syam.g_00353
OG0000928	Syaa	Prbg.g_01770	Syaa.g_02266
OG0000928	Syae	Prbg.g_01770	Syae.g_02108
OG0000928	Syad	Prbg.g_01770	Syad.g_00677
OG0000928	Syaj	Prbg.g_01770	Syaj.g_02721
OG0000928	Syaq	Prbg.g_01770	Syaq.g_00624
OG0000928	Syab	Prbg.g_01770	Syab.g_00429
OG0000928	Syal	Prbg.g_01770	Syal.g_00258
OG0000928	Syag	Prbg.g_01770	Syag.g_02756
OG0000928	Pram	Prbg.g_01770	Pram.g_01755
OG0000928	Prbh	Prbg.g_01770	Prbh.g_01659
OG0000928	Prak	Prbg.g_01770	Prak.g_01765
OG0000928	Prap	Prbg.g_01770	Prap.g_01658
OG0000928	Prbe	Prbg.g_01770	Prbe.g_00851
OG0000928	Prbf	Prbg.g_01770	Prbf.g_00573
OG0000928	Prbn	Prbg.g_01770	Prbn.g_01866
OG0000929	Prab	Prbg.g_01771	Prab.g_01789
OG0000929	Pran	Prbg.g_01771	Pran.g_01092
OG0000929	Prac	Prbg.g_01771	Prac.g_00535
OG0000929	Praq	Prbg.g_01771	Praq.g_00892
OG0000929	Prar	Prbg.g_01771	Prar.g_01040
OG0000929	Prag	Prbg.g_01771	Prag.g_01791
OG0000929	Praw	Prbg.g_01771	Praw.g_00109
OG0000929	Pras	Prbg.g_01771	Pras.g_00674
OG0000929	Prau	Prbg.g_01771	Prau.g_01856
OG0000929	Praa	Prbg.g_01771	Praa.g_01762
OG0000929	Prae	Prbg.g_01771	Prae.g_01745
OG0000929	Prao	Prbg.g_01771	Prao.g_01674
OG0000929	Prbd	Prbg.g_01771	Prbd.g_01404
OG0000929	Prax	Prbg.g_01771	Prax.g_01325
OG0000929	Prbi	Prbg.g_01771	Prbi.g_01925
OG0000929	Pray	Prbg.g_01771	Pray.g_01293
OG0000929	Praz	Prbg.g_01771	Praz.g_00276
OG0000929	Prba	Prbg.g_01771	Prba.g_00416
OG0000929	Prad	Prbg.g_01771	Prad.g_00820
OG0000929	Prav	Prbg.g_01771	Prav.g_00619
OG0000929	Prai	Prbg.g_01771	Prai.g_01764
OG0000929	Prbm	Prbg.g_01771	Prbm.g_02019
OG0000929	Prbb	Prbg.g_01771	Prbb.g_01987
OG0000929	Prbc	Prbg.g_01771	Prbc.g_00298
OG0000929	Praj	Prbg.g_01771	Praj.g_01938
OG0000929	Pral	Prbg.g_01771	Pral.g_00229
OG0000929	Prat	Prbg.g_01771	Prat.g_01713
OG0000929	Prbj	Prbg.g_01771	Prbj.g_00996
OG0000929	Prbk	Prbg.g_01771	Prbk.g_00959
OG0000929	Prbl	Prbg.g_01771	Prbl.g_00985
OG0000929	Praf	Prbg.g_01771	Praf.g_02134
OG0000929	Prah	Prbg.g_01771	Prah.g_02010
OG0000929	Syak	Prbg.g_01771	Syak.g_01321
OG0000929	Syad	Prbg.g_01771	Syad.g_00678
OG0000929	Syaj	Prbg.g_01771	Syaj.g_02722
OG0000929	Syaa	Prbg.g_01771	Syaa.g_02265
OG0000929	Syae	Prbg.g_01771	Syae.g_02109
OG0000929	Syam	Prbg.g_01771	Syam.g_00354
OG0000929	Syaf	Prbg.g_01771	Syaf.g_00109
OG0000929	Syai	Prbg.g_01771	Syai.g_00388
OG0000929	Syab	Prbg.g_01771	Syab.g_00430
OG0000929	Syal	Prbg.g_01771	Syal.g_00259
OG0000929	Syac	Prbg.g_01771	Syac.g_02109
OG0000929	Syah	Prbg.g_01771	Syah.g_00770
OG0000929	Syap	Prbg.g_01771	Syap.g_00488
OG0000929	Syan	Prbg.g_01771	Syan.g_02215
OG0000929	Syao	Prbg.g_01771	Syao.g_01765
OG0000929	Syar	Prbg.g_01771	Syar.g_01058
OG0000929	Syas	Prbg.g_01771	Syas.g_01605
OG0000929	Syat	Prbg.g_01771	Syat.g_01798
OG0000929	Syag	Prbg.g_01771	Syag.g_02757
OG0000929	Syaq	Prbg.g_01771	Syaq.g_00623
OG0000929	Pram	Prbg.g_01771	Pram.g_01756
OG0000929	Prbh	Prbg.g_01771	Prbh.g_01658
OG0000929	Prak	Prbg.g_01771	Prak.g_01766
OG0000929	Prap	Prbg.g_01771	Prap.g_01657
OG0000929	Prbe	Prbg.g_01771	Prbe.g_00850
OG0000929	Prbf	Prbg.g_01771	Prbf.g_00572
OG0000929	Prbn	Prbg.g_01771	Prbn.g_01867
OG0000930	Pras	Prbg.g_01772	Pras.g_00675
OG0000930	Prau	Prbg.g_01772	Prau.g_01857
OG0000930	Prav	Prbg.g_01772	Prav.g_00620
OG0000930	Pray	Prbg.g_01772	Pray.g_01294
OG0000930	Praz	Prbg.g_01772	Praz.g_00275
OG0000930	Prba	Prbg.g_01772	Prba.g_00417
OG0000930	Prag	Prbg.g_01772	Prag.g_01792
OG0000930	Praw	Prbg.g_01772	Praw.g_00108
OG0000930	Praa	Prbg.g_01772	Praa.g_01763
OG0000930	Prax	Prbg.g_01772	Prax.g_01326
OG0000930	Prbi	Prbg.g_01772	Prbi.g_01926
OG0000930	Prac	Prbg.g_01772	Prac.g_00536
OG0000930	Praq	Prbg.g_01772	Praq.g_00891
OG0000930	Prar	Prbg.g_01772	Prar.g_01039
OG0000930	Prad	Prbg.g_01772	Prad.g_00819
OG0000930	Prao	Prbg.g_01772	Prao.g_01675
OG0000930	Prae	Prbg.g_01772	Prae.g_01746
OG0000930	Prbd	Prbg.g_01772	Prbd.g_01403
OG0000930	Prab	Prbg.g_01772	Prab.g_01790
OG0000930	Pran	Prbg.g_01772	Pran.g_01093
OG0000930	Prai	Prbg.g_01772	Prai.g_01765
OG0000930	Pral	Prbg.g_01772	Pral.g_00230
OG0000930	Prbm	Prbg.g_01772	Prbm.g_02020
OG0000930	Praj	Prbg.g_01772	Praj.g_01939
OG0000930	Prbb	Prbg.g_01772	Prbb.g_01988
OG0000930	Prbc	Prbg.g_01772	Prbc.g_00297
OG0000930	Prah	Prbg.g_01772	Prah.g_02009
OG0000930	Praf	Prbg.g_01772	Praf.g_02133
OG0000930	Prbj	Prbg.g_01772	Prbj.g_00995
OG0000930	Prbk	Prbg.g_01772	Prbk.g_00958
OG0000930	Prbl	Prbg.g_01772	Prbl.g_00986
OG0000930	Syab	Prbg.g_01772	Syab.g_00431
OG0000930	Syal	Prbg.g_01772	Syal.g_00260
OG0000930	Syaq	Prbg.g_01772	Syaq.g_00622
OG0000930	Syag	Prbg.g_01772	Syag.g_02758
OG0000930	Syak	Prbg.g_01772	Syak.g_01320
OG0000930	Syad	Prbg.g_01772	Syad.g_00679
OG0000930	Syaj	Prbg.g_01772	Syaj.g_02723
OG0000930	Syan	Prbg.g_01772	Syan.g_02214
OG0000930	Syao	Prbg.g_01772	Syao.g_01764
OG0000930	Syap	Prbg.g_01772	Syap.g_00487
OG0000930	Syas	Prbg.g_01772	Syas.g_01604
OG0000930	Syar	Prbg.g_01772	Syar.g_01059
OG0000930	Syat	Prbg.g_01772	Syat.g_01797
OG0000930	Syaf	Prbg.g_01772	Syaf.g_00108
OG0000930	Syai	Prbg.g_01772	Syai.g_00389
OG0000930	Syam	Prbg.g_01772	Syam.g_00355
OG0000930	Syaa	Prbg.g_01772	Syaa.g_02264
OG0000930	Syae	Prbg.g_01772	Syae.g_02110
OG0000930	Syac	Prbg.g_01772	Syac.g_02108
OG0000930	Syah	Prbg.g_01772	Syah.g_00771
OG0000930	Prat	Prbg.g_01772	Prat.g_01714
OG0000930	Pram	Prbg.g_01772	Pram.g_01757
OG0000930	Prbh	Prbg.g_01772	Prbh.g_01657
OG0000930	Prak	Prbg.g_01772	Prak.g_01767
OG0000930	Prap	Prbg.g_01772	Prap.g_01656
OG0000930	Prbe	Prbg.g_01772	Prbe.g_00849
OG0000930	Prbf	Prbg.g_01772	Prbf.g_00571
OG0000930	Prbn	Prbg.g_01772	Prbn.g_01868
OG0000931	Prab	Prbg.g_01773	Prab.g_01791
OG0000931	Pran	Prbg.g_01773	Pran.g_01094
OG0000931	Prai	Prbg.g_01773	Prai.g_01766
OG0000931	Prac	Prbg.g_01773	Prac.g_00537
OG0000931	Praq	Prbg.g_01773	Praq.g_00890
OG0000931	Prar	Prbg.g_01773	Prar.g_01038
OG0000931	Prav	Prbg.g_01773	Prav.g_00621
OG0000931	Pray	Prbg.g_01773	Pray.g_01295
OG0000931	Praz	Prbg.g_01773	Praz.g_00274
OG0000931	Prba	Prbg.g_01773	Prba.g_00418
OG0000931	Prae	Prbg.g_01773	Prae.g_01747
OG0000931	Prbd	Prbg.g_01773	Prbd.g_01402
OG0000931	Prag	Prbg.g_01773	Prag.g_01793
OG0000931	Praw	Prbg.g_01773	Praw.g_00107
OG0000931	Praa	Prbg.g_01773	Praa.g_01764
OG0000931	Prbi	Prbg.g_01773	Prbi.g_01927
OG0000931	Prax	Prbg.g_01773	Prax.g_01327
OG0000931	Prad	Prbg.g_01773	Prad.g_00818
OG0000931	Prao	Prbg.g_01773	Prao.g_01676
OG0000931	Pras	Prbg.g_01773	Pras.g_00676
OG0000931	Prau	Prbg.g_01773	Prau.g_01858
OG0000931	Prbj	Prbg.g_01773	Prbj.g_00994
OG0000931	Prbk	Prbg.g_01773	Prbk.g_00957
OG0000931	Prbl	Prbg.g_01773	Prbl.g_00987
OG0000931	Praf	Prbg.g_01773	Praf.g_02132
OG0000931	Prah	Prbg.g_01773	Prah.g_02008
OG0000931	Syat	Prbg.g_01773	Syat.g_01796
OG0000931	Syas	Prbg.g_01773	Syas.g_01603
OG0000931	Syan	Prbg.g_01773	Syan.g_02213
OG0000931	Syao	Prbg.g_01773	Syao.g_01763
OG0000931	Syar	Prbg.g_01773	Syar.g_01060
OG0000931	Syap	Prbg.g_01773	Syap.g_00486
OG0000931	Syab	Prbg.g_01773	Syab.g_00432
OG0000931	Syal	Prbg.g_01773	Syal.g_00261
OG0000931	Syak	Prbg.g_01773	Syak.g_01319
OG0000931	Syag	Prbg.g_01773	Syag.g_02759
OG0000931	Syaq	Prbg.g_01773	Syaq.g_00621
OG0000931	Syaf	Prbg.g_01773	Syaf.g_00107
OG0000931	Syai	Prbg.g_01773	Syai.g_00390
OG0000931	Syam	Prbg.g_01773	Syam.g_00356
OG0000931	Syac	Prbg.g_01773	Syac.g_02107
OG0000931	Syah	Prbg.g_01773	Syah.g_00772
OG0000931	Syad	Prbg.g_01773	Syad.g_00680
OG0000931	Syaj	Prbg.g_01773	Syaj.g_02724
OG0000931	Syae	Prbg.g_01773	Syae.g_02111
OG0000931	Syaa	Prbg.g_01773	Syaa.g_02263
OG0000931	Praj	Prbg.g_01773	Praj.g_01940
OG0000931	Prbm	Prbg.g_01773	Prbm.g_02021
OG0000931	Prbc	Prbg.g_01773	Prbc.g_00296
OG0000931	Prbb	Prbg.g_01773	Prbb.g_01989
OG0000931	Pral	Prbg.g_01773	Pral.g_00232
OG0000931	Prat	Prbg.g_01773	Prat.g_01715
OG0000931	Pram	Prbg.g_01773	Pram.g_01758
OG0000931	Prbh	Prbg.g_01773	Prbh.g_01656
OG0000931	Prak	Prbg.g_01773	Prak.g_01768
OG0000931	Prap	Prbg.g_01773	Prap.g_01655
OG0000931	Prbe	Prbg.g_01773	Prbe.g_00848
OG0000931	Prbf	Prbg.g_01773	Prbf.g_00570
OG0000931	Prbn	Prbg.g_01773	Prbn.g_01869
OG0000932	Prab	Prbg.g_01774	Prab.g_01792
OG0000932	Pran	Prbg.g_01774	Pran.g_01095
OG0000932	Prai	Prbg.g_01774	Prai.g_01767
OG0000932	Prac	Prbg.g_01774	Prac.g_00538
OG0000932	Praq	Prbg.g_01774	Praq.g_00889
OG0000932	Prar	Prbg.g_01774	Prar.g_01037
OG0000932	Prad	Prbg.g_01774	Prad.g_00817
OG0000932	Prax	Prbg.g_01774	Prax.g_01328
OG0000932	Praa	Prbg.g_01774	Praa.g_01765
OG0000932	Prbi	Prbg.g_01774	Prbi.g_01928
OG0000932	Pras	Prbg.g_01774	Pras.g_00677
OG0000932	Prau	Prbg.g_01774	Prau.g_01859
OG0000932	Prag	Prbg.g_01774	Prag.g_01794
OG0000932	Praw	Prbg.g_01774	Praw.g_00106
OG0000932	Prao	Prbg.g_01774	Prao.g_01677
OG0000932	Prae	Prbg.g_01774	Prae.g_01748
OG0000932	Prbd	Prbg.g_01774	Prbd.g_01401
OG0000932	Prav	Prbg.g_01774	Prav.g_00622
OG0000932	Pray	Prbg.g_01774	Pray.g_01296
OG0000932	Praz	Prbg.g_01774	Praz.g_00273
OG0000932	Prba	Prbg.g_01774	Prba.g_00419
OG0000932	Pral	Prbg.g_01774	Pral.g_01190
OG0000932	Prat	Prbg.g_01774	Prat.g_01327
OG0000932	Prbm	Prbg.g_01774	Prbm.g_02022
OG0000932	Prbb	Prbg.g_01774	Prbb.g_01990
OG0000932	Praj	Prbg.g_01774	Praj.g_01941
OG0000932	Prbc	Prbg.g_01774	Prbc.g_00295
OG0000932	Praf	Prbg.g_01774	Praf.g_02131
OG0000932	Prah	Prbg.g_01774	Prah.g_02007
OG0000932	Prbj	Prbg.g_01774	Prbj.g_00993
OG0000932	Prbk	Prbg.g_01774	Prbk.g_00956
OG0000932	Prbl	Prbg.g_01774	Prbl.g_00988
OG0000932	Syag	Prbg.g_01774	Syag.g_02760
OG0000932	Syan	Prbg.g_01774	Syan.g_02212
OG0000932	Syao	Prbg.g_01774	Syao.g_01762
OG0000932	Syar	Prbg.g_01774	Syar.g_01061
OG0000932	Syat	Prbg.g_01774	Syat.g_01794
OG0000932	Syas	Prbg.g_01774	Syas.g_01602
OG0000932	Syap	Prbg.g_01774	Syap.g_00485
OG0000932	Syac	Prbg.g_01774	Syac.g_02106
OG0000932	Syah	Prbg.g_01774	Syah.g_00773
OG0000932	Syaf	Prbg.g_01774	Syaf.g_00106
OG0000932	Syai	Prbg.g_01774	Syai.g_00391
OG0000932	Syam	Prbg.g_01774	Syam.g_00357
OG0000932	Syaa	Prbg.g_01774	Syaa.g_02262
OG0000932	Syad	Prbg.g_01774	Syad.g_00681
OG0000932	Syaj	Prbg.g_01774	Syaj.g_02725
OG0000932	Syae	Prbg.g_01774	Syae.g_02112
OG0000932	Syak	Prbg.g_01774	Syak.g_01318
OG0000932	Syaq	Prbg.g_01774	Syaq.g_00620
OG0000932	Syab	Prbg.g_01774	Syab.g_00433
OG0000932	Syal	Prbg.g_01774	Syal.g_00262
OG0000932	Pram	Prbg.g_01774	Pram.g_01759
OG0000932	Prbh	Prbg.g_01774	Prbh.g_01655
OG0000932	Prak	Prbg.g_01774	Prak.g_01769
OG0000932	Prap	Prbg.g_01774	Prap.g_01654
OG0000932	Prbe	Prbg.g_01774	Prbe.g_00847
OG0000932	Prbf	Prbg.g_01774	Prbf.g_00569
OG0000932	Prbn	Prbg.g_01774	Prbn.g_01870
OG0000933	Prab	Prbg.g_01778	Prab.g_01796
OG0000933	Pran	Prbg.g_01778	Pran.g_01099
OG0000933	Prai	Prbg.g_01778	Prai.g_01776
OG0000933	Prac	Prbg.g_01778	Prac.g_00542
OG0000933	Praq	Prbg.g_01778	Praq.g_00885
OG0000933	Prar	Prbg.g_01778	Prar.g_01033
OG0000933	Prbd	Prbg.g_01778	Prbd.g_01397
OG0000933	Prad	Prbg.g_01778	Prad.g_00813
OG0000933	Prax	Prbg.g_01778	Prax.g_01332
OG0000933	Prav	Prbg.g_01778	Prav.g_00626
OG0000933	Prag	Prbg.g_01778	Prag.g_01798
OG0000933	Praw	Prbg.g_01778	Praw.g_00102
OG0000933	Prao	Prbg.g_01778	Prao.g_01681
OG0000933	Prbi	Prbg.g_01778	Prbi.g_01932
OG0000933	Prae	Prbg.g_01778	Prae.g_01752
OG0000933	Pras	Prbg.g_01778	Pras.g_00681
OG0000933	Prau	Prbg.g_01778	Prau.g_01863
OG0000933	Pray	Prbg.g_01778	Pray.g_01300
OG0000933	Praz	Prbg.g_01778	Praz.g_00269
OG0000933	Prba	Prbg.g_01778	Prba.g_00423
OG0000933	Praa	Prbg.g_01778	Praa.g_01769
OG0000933	Prah	Prbg.g_01778	Prah.g_02002
OG0000933	Praf	Prbg.g_01778	Praf.g_02126
OG0000933	Prbj	Prbg.g_01778	Prbj.g_00988
OG0000933	Prbk	Prbg.g_01778	Prbk.g_00951
OG0000933	Prbl	Prbg.g_01778	Prbl.g_00993
OG0000933	Syao	Prbg.g_01778	Syao.g_01811
OG0000933	Syap	Prbg.g_01778	Syap.g_00479
OG0000933	Syar	Prbg.g_01778	Syar.g_01066
OG0000933	Syas	Prbg.g_01778	Syas.g_01596
OG0000933	Syan	Prbg.g_01778	Syan.g_02206
OG0000933	Syat	Prbg.g_01778	Syat.g_01788
OG0000933	Syad	Prbg.g_01778	Syad.g_00687
OG0000933	Syaj	Prbg.g_01778	Syaj.g_02731
OG0000933	Syaa	Prbg.g_01778	Syaa.g_02256
OG0000933	Syaf	Prbg.g_01778	Syaf.g_00100
OG0000933	Syai	Prbg.g_01778	Syai.g_00397
OG0000933	Syam	Prbg.g_01778	Syam.g_00363
OG0000933	Syac	Prbg.g_01778	Syac.g_02101
OG0000933	Syah	Prbg.g_01778	Syah.g_00778
OG0000933	Syae	Prbg.g_01778	Syae.g_02118
OG0000933	Syag	Prbg.g_01778	Syag.g_02766
OG0000933	Syaq	Prbg.g_01778	Syaq.g_00614
OG0000933	Syak	Prbg.g_01778	Syak.g_01312
OG0000933	Syab	Prbg.g_01778	Syab.g_00439
OG0000933	Syal	Prbg.g_01778	Syal.g_00268
OG0000933	Prbm	Prbg.g_01778	Prbm.g_02026
OG0000933	Prbb	Prbg.g_01778	Prbb.g_01994
OG0000933	Praj	Prbg.g_01778	Praj.g_01945
OG0000933	Prbc	Prbg.g_01778	Prbc.g_00291
OG0000933	Pral	Prbg.g_01778	Pral.g_00236
OG0000933	Prat	Prbg.g_01778	Prat.g_01719
OG0000933	Pram	Prbg.g_01778	Pram.g_01763
OG0000933	Prbh	Prbg.g_01778	Prbh.g_01651
OG0000933	Prak	Prbg.g_01778	Prak.g_01773
OG0000933	Prap	Prbg.g_01778	Prap.g_01650
OG0000933	Prbe	Prbg.g_01778	Prbe.g_00843
OG0000933	Prbf	Prbg.g_01778	Prbf.g_00565
OG0000933	Prbn	Prbg.g_01778	Prbn.g_01874
OG0000934	Prab	Prbg.g_01780	Prab.g_01798
OG0000934	Pran	Prbg.g_01780	Pran.g_01101
OG0000934	Prai	Prbg.g_01780	Prai.g_01778
OG0000934	Prac	Prbg.g_01780	Prac.g_00544
OG0000934	Praq	Prbg.g_01780	Praq.g_00883
OG0000934	Prar	Prbg.g_01780	Prar.g_01031
OG0000934	Pray	Prbg.g_01780	Pray.g_01302
OG0000934	Praz	Prbg.g_01780	Praz.g_00267
OG0000934	Prba	Prbg.g_01780	Prba.g_00425
OG0000934	Prav	Prbg.g_01780	Prav.g_00628
OG0000934	Prae	Prbg.g_01780	Prae.g_01754
OG0000934	Prad	Prbg.g_01780	Prad.g_00811
OG0000934	Prau	Prbg.g_01780	Prau.g_01865
OG0000934	Prag	Prbg.g_01780	Prag.g_01800
OG0000934	Praw	Prbg.g_01780	Praw.g_00100
OG0000934	Praa	Prbg.g_01780	Praa.g_01771
OG0000934	Prbd	Prbg.g_01780	Prbd.g_01395
OG0000934	Prax	Prbg.g_01780	Prax.g_01334
OG0000934	Prbi	Prbg.g_01780	Prbi.g_01934
OG0000934	Prao	Prbg.g_01780	Prao.g_01683
OG0000934	Pras	Prbg.g_01780	Pras.g_00683
OG0000934	Prbm	Prbg.g_01780	Prbm.g_02028
OG0000934	Prbb	Prbg.g_01780	Prbb.g_01996
OG0000934	Praj	Prbg.g_01780	Praj.g_01947
OG0000934	Prbc	Prbg.g_01780	Prbc.g_00289
OG0000934	Praf	Prbg.g_01780	Praf.g_02124
OG0000934	Prbj	Prbg.g_01780	Prbj.g_00986
OG0000934	Prbk	Prbg.g_01780	Prbk.g_00949
OG0000934	Prbl	Prbg.g_01780	Prbl.g_00995
OG0000934	Prah	Prbg.g_01780	Prah.g_02000
OG0000934	Syab	Prbg.g_01780	Syab.g_00441
OG0000934	Syal	Prbg.g_01780	Syal.g_00270
OG0000934	Syan	Prbg.g_01780	Syan.g_02204
OG0000934	Syao	Prbg.g_01780	Syao.g_01809
OG0000934	Syat	Prbg.g_01780	Syat.g_01786
OG0000934	Syar	Prbg.g_01780	Syar.g_01068
OG0000934	Syap	Prbg.g_01780	Syap.g_00477
OG0000934	Syas	Prbg.g_01780	Syas.g_01594
OG0000934	Syad	Prbg.g_01780	Syad.g_00689
OG0000934	Syaj	Prbg.g_01780	Syaj.g_02733
OG0000934	Syae	Prbg.g_01780	Syae.g_02120
OG0000934	Syaa	Prbg.g_01780	Syaa.g_02254
OG0000934	Syac	Prbg.g_01780	Syac.g_02099
OG0000934	Syah	Prbg.g_01780	Syah.g_00780
OG0000934	Syai	Prbg.g_01780	Syai.g_00399
OG0000934	Syaf	Prbg.g_01780	Syaf.g_00098
OG0000934	Syam	Prbg.g_01780	Syam.g_00365
OG0000934	Syak	Prbg.g_01780	Syak.g_01310
OG0000934	Syag	Prbg.g_01780	Syag.g_02768
OG0000934	Syaq	Prbg.g_01780	Syaq.g_00612
OG0000934	Pral	Prbg.g_01780	Pral.g_00238
OG0000934	Prat	Prbg.g_01780	Prat.g_01721
OG0000934	Pram	Prbg.g_01780	Pram.g_01765
OG0000934	Prbh	Prbg.g_01780	Prbh.g_01649
OG0000934	Prak	Prbg.g_01780	Prak.g_01775
OG0000934	Prap	Prbg.g_01780	Prap.g_01647
OG0000934	Prbe	Prbg.g_01780	Prbe.g_00841
OG0000934	Prbf	Prbg.g_01780	Prbf.g_00563
OG0000934	Prbn	Prbg.g_01780	Prbn.g_01876
OG0000935	Prac	Prbg.g_01781	Prac.g_00545
OG0000935	Praq	Prbg.g_01781	Praq.g_00882
OG0000935	Prar	Prbg.g_01781	Prar.g_01030
OG0000935	Prae	Prbg.g_01781	Prae.g_01755
OG0000935	Prau	Prbg.g_01781	Prau.g_01866
OG0000935	Prad	Prbg.g_01781	Prad.g_00810
OG0000935	Prbi	Prbg.g_01781	Prbi.g_01935
OG0000935	Prax	Prbg.g_01781	Prax.g_01335
OG0000935	Prao	Prbg.g_01781	Prao.g_01684
OG0000935	Prbd	Prbg.g_01781	Prbd.g_01394
OG0000935	Pras	Prbg.g_01781	Pras.g_00684
OG0000935	Praa	Prbg.g_01781	Praa.g_01772
OG0000935	Prag	Prbg.g_01781	Prag.g_01801
OG0000935	Praw	Prbg.g_01781	Praw.g_00099
OG0000935	Prav	Prbg.g_01781	Prav.g_00629
OG0000935	Pray	Prbg.g_01781	Pray.g_01303
OG0000935	Praz	Prbg.g_01781	Praz.g_00266
OG0000935	Prba	Prbg.g_01781	Prba.g_00426
OG0000935	Prab	Prbg.g_01781	Prab.g_01799
OG0000935	Pran	Prbg.g_01781	Pran.g_01102
OG0000935	Prai	Prbg.g_01781	Prai.g_01779
OG0000935	Prbm	Prbg.g_01781	Prbm.g_02029
OG0000935	Prbb	Prbg.g_01781	Prbb.g_01997
OG0000935	Praj	Prbg.g_01781	Praj.g_01948
OG0000935	Prbc	Prbg.g_01781	Prbc.g_00288
OG0000935	Prbj	Prbg.g_01781	Prbj.g_00985
OG0000935	Prbk	Prbg.g_01781	Prbk.g_00948
OG0000935	Prbl	Prbg.g_01781	Prbl.g_00996
OG0000935	Praf	Prbg.g_01781	Praf.g_02123
OG0000935	Prah	Prbg.g_01781	Prah.g_01999
OG0000935	Syag	Prbg.g_01781	Syag.g_02769
OG0000935	Syaq	Prbg.g_01781	Syaq.g_00611
OG0000935	Syak	Prbg.g_01781	Syak.g_01309
OG0000935	Syab	Prbg.g_01781	Syab.g_00442
OG0000935	Syal	Prbg.g_01781	Syal.g_00271
OG0000935	Syas	Prbg.g_01781	Syas.g_01593
OG0000935	Syap	Prbg.g_01781	Syap.g_00476
OG0000935	Syar	Prbg.g_01781	Syar.g_01069
OG0000935	Syat	Prbg.g_01781	Syat.g_01665
OG0000935	Syan	Prbg.g_01781	Syan.g_02203
OG0000935	Syao	Prbg.g_01781	Syao.g_01808
OG0000935	Syae	Prbg.g_01781	Syae.g_02121
OG0000935	Syaf	Prbg.g_01781	Syaf.g_00097
OG0000935	Syai	Prbg.g_01781	Syai.g_00400
OG0000935	Syam	Prbg.g_01781	Syam.g_00366
OG0000935	Syac	Prbg.g_01781	Syac.g_02098
OG0000935	Syah	Prbg.g_01781	Syah.g_00781
OG0000935	Syaa	Prbg.g_01781	Syaa.g_02253
OG0000935	Syad	Prbg.g_01781	Syad.g_00690
OG0000935	Syaj	Prbg.g_01781	Syaj.g_02734
OG0000935	Pral	Prbg.g_01781	Pral.g_00239
OG0000935	Prat	Prbg.g_01781	Prat.g_01722
OG0000935	Pram	Prbg.g_01781	Pram.g_01766
OG0000935	Prbh	Prbg.g_01781	Prbh.g_01648
OG0000935	Prak	Prbg.g_01781	Prak.g_01776
OG0000935	Prap	Prbg.g_01781	Prap.g_01646
OG0000935	Prbe	Prbg.g_01781	Prbe.g_00840
OG0000935	Prbf	Prbg.g_01781	Prbf.g_00562
OG0000935	Prbn	Prbg.g_01781	Prbn.g_01877
OG0000936	Prab	Prbg.g_01782	Prab.g_01800
OG0000936	Pran	Prbg.g_01782	Pran.g_01103
OG0000936	Prai	Prbg.g_01782	Prai.g_01780
OG0000936	Prau	Prbg.g_01782	Prau.g_01867
OG0000936	Pray	Prbg.g_01782	Pray.g_01304
OG0000936	Praz	Prbg.g_01782	Praz.g_00265
OG0000936	Prba	Prbg.g_01782	Prba.g_00427
OG0000936	Prbi	Prbg.g_01782	Prbi.g_01936
OG0000936	Pras	Prbg.g_01782	Pras.g_00685
OG0000936	Prao	Prbg.g_01782	Prao.g_01685
OG0000936	Prax	Prbg.g_01782	Prax.g_01336
OG0000936	Prbd	Prbg.g_01782	Prbd.g_01393
OG0000936	Prad	Prbg.g_01782	Prad.g_00809
OG0000936	Prag	Prbg.g_01782	Prag.g_01802
OG0000936	Praw	Prbg.g_01782	Praw.g_00098
OG0000936	Praa	Prbg.g_01782	Praa.g_01773
OG0000936	Prae	Prbg.g_01782	Prae.g_01756
OG0000936	Prac	Prbg.g_01782	Prac.g_00546
OG0000936	Praq	Prbg.g_01782	Praq.g_00881
OG0000936	Prar	Prbg.g_01782	Prar.g_01029
OG0000936	Prav	Prbg.g_01782	Prav.g_00630
OG0000936	Prbm	Prbg.g_01782	Prbm.g_02030
OG0000936	Prbb	Prbg.g_01782	Prbb.g_01998
OG0000936	Prbc	Prbg.g_01782	Prbc.g_00287
OG0000936	Praj	Prbg.g_01782	Praj.g_01949
OG0000936	Prah	Prbg.g_01782	Prah.g_01998
OG0000936	Praf	Prbg.g_01782	Praf.g_02122
OG0000936	Prbj	Prbg.g_01782	Prbj.g_00984
OG0000936	Prbk	Prbg.g_01782	Prbk.g_00947
OG0000936	Prbl	Prbg.g_01782	Prbl.g_00997
OG0000936	Syap	Prbg.g_01782	Syap.g_00475
OG0000936	Syas	Prbg.g_01782	Syas.g_01592
OG0000936	Syan	Prbg.g_01782	Syan.g_02202
OG0000936	Syao	Prbg.g_01782	Syao.g_01843
OG0000936	Syar	Prbg.g_01782	Syar.g_01070
OG0000936	Syat	Prbg.g_01782	Syat.g_01664
OG0000936	Syak	Prbg.g_01782	Syak.g_01308
OG0000936	Syab	Prbg.g_01782	Syab.g_00443
OG0000936	Syal	Prbg.g_01782	Syal.g_00272
OG0000936	Syag	Prbg.g_01782	Syag.g_02770
OG0000936	Syaq	Prbg.g_01782	Syaq.g_00610
OG0000936	Syaf	Prbg.g_01782	Syaf.g_00096
OG0000936	Syam	Prbg.g_01782	Syam.g_00368
OG0000936	Syai	Prbg.g_01782	Syai.g_00401
OG0000936	Syaa	Prbg.g_01782	Syaa.g_02252
OG0000936	Syae	Prbg.g_01782	Syae.g_02122
OG0000936	Syac	Prbg.g_01782	Syac.g_02097
OG0000936	Syah	Prbg.g_01782	Syah.g_00782
OG0000936	Syad	Prbg.g_01782	Syad.g_00691
OG0000936	Syaj	Prbg.g_01782	Syaj.g_02735
OG0000936	Pral	Prbg.g_01782	Pral.g_00240
OG0000936	Prat	Prbg.g_01782	Prat.g_01723
OG0000936	Pram	Prbg.g_01782	Pram.g_01767
OG0000936	Prbh	Prbg.g_01782	Prbh.g_01647
OG0000936	Prak	Prbg.g_01782	Prak.g_01777
OG0000936	Prap	Prbg.g_01782	Prap.g_01645
OG0000936	Prbe	Prbg.g_01782	Prbe.g_00839
OG0000936	Prbf	Prbg.g_01782	Prbf.g_00561
OG0000936	Prbn	Prbg.g_01782	Prbn.g_01878
OG0000937	Prab	Prbg.g_01783	Prab.g_01801
OG0000937	Pran	Prbg.g_01783	Pran.g_01104
OG0000937	Prai	Prbg.g_01783	Prai.g_01781
OG0000937	Prag	Prbg.g_01783	Prag.g_01803
OG0000937	Praw	Prbg.g_01783	Praw.g_00097
OG0000937	Praa	Prbg.g_01783	Praa.g_01774
OG0000937	Prad	Prbg.g_01783	Prad.g_00808
OG0000937	Prau	Prbg.g_01783	Prau.g_01868
OG0000937	Pray	Prbg.g_01783	Pray.g_01305
OG0000937	Praz	Prbg.g_01783	Praz.g_00264
OG0000937	Prba	Prbg.g_01783	Prba.g_00428
OG0000937	Prbd	Prbg.g_01783	Prbd.g_01392
OG0000937	Prbi	Prbg.g_01783	Prbi.g_01937
OG0000937	Prac	Prbg.g_01783	Prac.g_00547
OG0000937	Praq	Prbg.g_01783	Praq.g_00880
OG0000937	Prar	Prbg.g_01783	Prar.g_01028
OG0000937	Prav	Prbg.g_01783	Prav.g_00631
OG0000937	Prao	Prbg.g_01783	Prao.g_01686
OG0000937	Prax	Prbg.g_01783	Prax.g_01337
OG0000937	Prae	Prbg.g_01783	Prae.g_01757
OG0000937	Pras	Prbg.g_01783	Pras.g_00686
OG0000937	Praj	Prbg.g_01783	Praj.g_01950
OG0000937	Prbb	Prbg.g_01783	Prbb.g_01999
OG0000937	Prbc	Prbg.g_01783	Prbc.g_00286
OG0000937	Prbm	Prbg.g_01783	Prbm.g_02031
OG0000937	Praf	Prbg.g_01783	Praf.g_02121
OG0000937	Prbj	Prbg.g_01783	Prbj.g_00983
OG0000937	Prbk	Prbg.g_01783	Prbk.g_00946
OG0000937	Prbl	Prbg.g_01783	Prbl.g_00998
OG0000937	Prah	Prbg.g_01783	Prah.g_01997
OG0000937	Syak	Prbg.g_01783	Syak.g_01307
OG0000937	Syab	Prbg.g_01783	Syab.g_00444
OG0000937	Syal	Prbg.g_01783	Syal.g_00273
OG0000937	Syag	Prbg.g_01783	Syag.g_02771
OG0000937	Syaq	Prbg.g_01783	Syaq.g_00609
OG0000937	Syas	Prbg.g_01783	Syas.g_01591
OG0000937	Syap	Prbg.g_01783	Syap.g_00474
OG0000937	Syat	Prbg.g_01783	Syat.g_01663
OG0000937	Syar	Prbg.g_01783	Syar.g_01071
OG0000937	Syan	Prbg.g_01783	Syan.g_02201
OG0000937	Syao	Prbg.g_01783	Syao.g_01842
OG0000937	Syac	Prbg.g_01783	Syac.g_02096
OG0000937	Syah	Prbg.g_01783	Syah.g_00783
OG0000937	Syad	Prbg.g_01783	Syad.g_00692
OG0000937	Syaj	Prbg.g_01783	Syaj.g_02736
OG0000937	Syaf	Prbg.g_01783	Syaf.g_00095
OG0000937	Syai	Prbg.g_01783	Syai.g_00402
OG0000937	Syam	Prbg.g_01783	Syam.g_00369
OG0000937	Syae	Prbg.g_01783	Syae.g_02123
OG0000937	Syaa	Prbg.g_01783	Syaa.g_02251
OG0000937	Pral	Prbg.g_01783	Pral.g_00241
OG0000937	Prat	Prbg.g_01783	Prat.g_01724
OG0000937	Pram	Prbg.g_01783	Pram.g_01768
OG0000937	Prbh	Prbg.g_01783	Prbh.g_01646
OG0000937	Prak	Prbg.g_01783	Prak.g_01778
OG0000937	Prap	Prbg.g_01783	Prap.g_01644
OG0000937	Prbe	Prbg.g_01783	Prbe.g_00838
OG0000937	Prbf	Prbg.g_01783	Prbf.g_00560
OG0000937	Prbn	Prbg.g_01783	Prbn.g_01879
OG0000938	Prab	Prbg.g_01786	Prab.g_01803
OG0000938	Pran	Prbg.g_01786	Pran.g_01106
OG0000938	Prai	Prbg.g_01786	Prai.g_01783
OG0000938	Pray	Prbg.g_01786	Pray.g_01307
OG0000938	Praz	Prbg.g_01786	Praz.g_00262
OG0000938	Prba	Prbg.g_01786	Prba.g_00430
OG0000938	Pras	Prbg.g_01786	Pras.g_00688
OG0000938	Prau	Prbg.g_01786	Prau.g_01870
OG0000938	Prae	Prbg.g_01786	Prae.g_01759
OG0000938	Prad	Prbg.g_01786	Prad.g_00806
OG0000938	Prbi	Prbg.g_01786	Prbi.g_01939
OG0000938	Praa	Prbg.g_01786	Praa.g_01776
OG0000938	Prax	Prbg.g_01786	Prax.g_01339
OG0000938	Prbd	Prbg.g_01786	Prbd.g_01390
OG0000938	Prao	Prbg.g_01786	Prao.g_01688
OG0000938	Prav	Prbg.g_01786	Prav.g_00633
OG0000938	Prac	Prbg.g_01786	Prac.g_00549
OG0000938	Praq	Prbg.g_01786	Praq.g_00878
OG0000938	Prar	Prbg.g_01786	Prar.g_01026
OG0000938	Prag	Prbg.g_01786	Prag.g_01805
OG0000938	Praw	Prbg.g_01786	Praw.g_00095
OG0000938	Prbm	Prbg.g_01786	Prbm.g_02034
OG0000938	Praj	Prbg.g_01786	Praj.g_01953
OG0000938	Prbb	Prbg.g_01786	Prbb.g_02002
OG0000938	Prbc	Prbg.g_01786	Prbc.g_00283
OG0000938	Prbj	Prbg.g_01786	Prbj.g_00414
OG0000938	Prbk	Prbg.g_01786	Prbk.g_00797
OG0000938	Prbl	Prbg.g_01786	Prbl.g_01127
OG0000938	Praf	Prbg.g_01786	Praf.g_02118
OG0000938	Prah	Prbg.g_01786	Prah.g_01994
OG0000938	Syar	Prbg.g_01786	Syar.g_01074
OG0000938	Syan	Prbg.g_01786	Syan.g_02198
OG0000938	Syao	Prbg.g_01786	Syao.g_01839
OG0000938	Syat	Prbg.g_01786	Syat.g_01659
OG0000938	Syap	Prbg.g_01786	Syap.g_00471
OG0000938	Syas	Prbg.g_01786	Syas.g_01588
OG0000938	Syag	Prbg.g_01786	Syag.g_02774
OG0000938	Syaq	Prbg.g_01786	Syaq.g_00606
OG0000938	Syak	Prbg.g_01786	Syak.g_01304
OG0000938	Syab	Prbg.g_01786	Syab.g_00447
OG0000938	Syal	Prbg.g_01786	Syal.g_00276
OG0000938	Syad	Prbg.g_01786	Syad.g_00695
OG0000938	Syaj	Prbg.g_01786	Syaj.g_02739
OG0000938	Syac	Prbg.g_01786	Syac.g_02092
OG0000938	Syah	Prbg.g_01786	Syah.g_00787
OG0000938	Syae	Prbg.g_01786	Syae.g_02126
OG0000938	Syaa	Prbg.g_01786	Syaa.g_02248
OG0000938	Syaf	Prbg.g_01786	Syaf.g_00092
OG0000938	Syai	Prbg.g_01786	Syai.g_00405
OG0000938	Syam	Prbg.g_01786	Syam.g_00373
OG0000938	Pral	Prbg.g_01786	Pral.g_00244
OG0000938	Prat	Prbg.g_01786	Prat.g_01727
OG0000938	Pram	Prbg.g_01786	Pram.g_01771
OG0000938	Prbh	Prbg.g_01786	Prbh.g_01643
OG0000938	Prak	Prbg.g_01786	Prak.g_01781
OG0000938	Prap	Prbg.g_01786	Prap.g_01641
OG0000938	Prbe	Prbg.g_01786	Prbe.g_00835
OG0000938	Prbf	Prbg.g_01786	Prbf.g_00557
OG0000938	Prbn	Prbg.g_01786	Prbn.g_01882
OG0000939	Prab	Prbg.g_01787	Prab.g_01804
OG0000939	Pran	Prbg.g_01787	Pran.g_01107
OG0000939	Prai	Prbg.g_01787	Prai.g_01784
OG0000939	Prao	Prbg.g_01787	Prao.g_01689
OG0000939	Prag	Prbg.g_01787	Prag.g_01806
OG0000939	Praw	Prbg.g_01787	Praw.g_00094
OG0000939	Prav	Prbg.g_01787	Prav.g_00634
OG0000939	Prac	Prbg.g_01787	Prac.g_00550
OG0000939	Praq	Prbg.g_01787	Praq.g_00877
OG0000939	Prar	Prbg.g_01787	Prar.g_01025
OG0000939	Praa	Prbg.g_01787	Praa.g_01777
OG0000939	Prbi	Prbg.g_01787	Prbi.g_01940
OG0000939	Prae	Prbg.g_01787	Prae.g_01760
OG0000939	Prax	Prbg.g_01787	Prax.g_01340
OG0000939	Prbd	Prbg.g_01787	Prbd.g_01389
OG0000939	Prad	Prbg.g_01787	Prad.g_00805
OG0000939	Pras	Prbg.g_01787	Pras.g_00689
OG0000939	Prau	Prbg.g_01787	Prau.g_01871
OG0000939	Pray	Prbg.g_01787	Pray.g_01308
OG0000939	Praz	Prbg.g_01787	Praz.g_00261
OG0000939	Prba	Prbg.g_01787	Prba.g_00431
OG0000939	Prbm	Prbg.g_01787	Prbm.g_02035
OG0000939	Praj	Prbg.g_01787	Praj.g_01954
OG0000939	Prbc	Prbg.g_01787	Prbc.g_00282
OG0000939	Prbb	Prbg.g_01787	Prbb.g_02003
OG0000939	Syak	Prbg.g_01787	Syak.g_01303
OG0000939	Syaq	Prbg.g_01787	Syaq.g_00604
OG0000939	Syag	Prbg.g_01787	Syag.g_02775
OG0000939	Syap	Prbg.g_01787	Syap.g_00469
OG0000939	Syar	Prbg.g_01787	Syar.g_01075
OG0000939	Syan	Prbg.g_01787	Syan.g_02197
OG0000939	Syao	Prbg.g_01787	Syao.g_01838
OG0000939	Syas	Prbg.g_01787	Syas.g_01587
OG0000939	Syat	Prbg.g_01787	Syat.g_01658
OG0000939	Syab	Prbg.g_01787	Syab.g_00448
OG0000939	Syal	Prbg.g_01787	Syal.g_00277
OG0000939	Syaa	Prbg.g_01787	Syaa.g_02247
OG0000939	Syac	Prbg.g_01787	Syac.g_02091
OG0000939	Syah	Prbg.g_01787	Syah.g_00788
OG0000939	Syam	Prbg.g_01787	Syam.g_00374
OG0000939	Syaf	Prbg.g_01787	Syaf.g_00091
OG0000939	Syai	Prbg.g_01787	Syai.g_00406
OG0000939	Syae	Prbg.g_01787	Syae.g_02127
OG0000939	Syad	Prbg.g_01787	Syad.g_00696
OG0000939	Syaj	Prbg.g_01787	Syaj.g_02740
OG0000939	Prah	Prbg.g_01787	Prah.g_01993
OG0000939	Praf	Prbg.g_01787	Praf.g_02117
OG0000939	Prbj	Prbg.g_01787	Prbj.g_00413
OG0000939	Prbk	Prbg.g_01787	Prbk.g_00798
OG0000939	Prbl	Prbg.g_01787	Prbl.g_01128
OG0000939	Pral	Prbg.g_01787	Pral.g_00245
OG0000939	Prat	Prbg.g_01787	Prat.g_01728
OG0000939	Pram	Prbg.g_01787	Pram.g_01772
OG0000939	Prbh	Prbg.g_01787	Prbh.g_01642
OG0000939	Prak	Prbg.g_01787	Prak.g_01782
OG0000939	Prap	Prbg.g_01787	Prap.g_01640
OG0000939	Prbe	Prbg.g_01787	Prbe.g_00834
OG0000939	Prbf	Prbg.g_01787	Prbf.g_00556
OG0000939	Prbn	Prbg.g_01787	Prbn.g_01883
OG0000940	Prab	Prbg.g_01794	Prab.g_01811
OG0000940	Pran	Prbg.g_01794	Pran.g_01114
OG0000940	Prai	Prbg.g_01794	Prai.g_01791
OG0000940	Prao	Prbg.g_01794	Prao.g_01696
OG0000940	Prac	Prbg.g_01794	Prac.g_00556
OG0000940	Praq	Prbg.g_01794	Praq.g_00871
OG0000940	Prar	Prbg.g_01794	Prar.g_01019
OG0000940	Prag	Prbg.g_01794	Prag.g_01813
OG0000940	Praw	Prbg.g_01794	Praw.g_00087
OG0000940	Prav	Prbg.g_01794	Prav.g_00641
OG0000940	Prad	Prbg.g_01794	Prad.g_00798
OG0000940	Pray	Prbg.g_01794	Pray.g_01315
OG0000940	Praz	Prbg.g_01794	Praz.g_00254
OG0000940	Prba	Prbg.g_01794	Prba.g_00438
OG0000940	Prax	Prbg.g_01794	Prax.g_01347
OG0000940	Praa	Prbg.g_01794	Praa.g_01784
OG0000940	Prae	Prbg.g_01794	Prae.g_01768
OG0000940	Prbd	Prbg.g_01794	Prbd.g_01382
OG0000940	Pras	Prbg.g_01794	Pras.g_00696
OG0000940	Prau	Prbg.g_01794	Prau.g_01878
OG0000940	Prbi	Prbg.g_01794	Prbi.g_01947
OG0000940	Prbm	Prbg.g_01794	Prbm.g_02042
OG0000940	Prbc	Prbg.g_01794	Prbc.g_00275
OG0000940	Praj	Prbg.g_01794	Praj.g_01961
OG0000940	Prbb	Prbg.g_01794	Prbb.g_02010
OG0000940	Syae	Prbg.g_01794	Syae.g_02133
OG0000940	Syad	Prbg.g_01794	Syad.g_00703
OG0000940	Syaj	Prbg.g_01794	Syaj.g_02747
OG0000940	Syac	Prbg.g_01794	Syac.g_02084
OG0000940	Syah	Prbg.g_01794	Syah.g_00795
OG0000940	Syaa	Prbg.g_01794	Syaa.g_02240
OG0000940	Syam	Prbg.g_01794	Syam.g_00381
OG0000940	Syaf	Prbg.g_01794	Syaf.g_00084
OG0000940	Syai	Prbg.g_01794	Syai.g_00413
OG0000940	Syag	Prbg.g_01794	Syag.g_02783
OG0000940	Syaq	Prbg.g_01794	Syaq.g_00597
OG0000940	Syab	Prbg.g_01794	Syab.g_00456
OG0000940	Syal	Prbg.g_01794	Syal.g_00285
OG0000940	Syak	Prbg.g_01794	Syak.g_01297
OG0000940	Syan	Prbg.g_01794	Syan.g_02188
OG0000940	Syao	Prbg.g_01794	Syao.g_01830
OG0000940	Syat	Prbg.g_01794	Syat.g_01651
OG0000940	Syar	Prbg.g_01794	Syar.g_01081
OG0000940	Syap	Prbg.g_01794	Syap.g_00460
OG0000940	Syas	Prbg.g_01794	Syas.g_01580
OG0000940	Prbj	Prbg.g_01794	Prbj.g_00404
OG0000940	Prbk	Prbg.g_01794	Prbk.g_00807
OG0000940	Prbl	Prbg.g_01794	Prbl.g_01137
OG0000940	Praf	Prbg.g_01794	Praf.g_02106
OG0000940	Prah	Prbg.g_01794	Prah.g_01985
OG0000940	Pral	Prbg.g_01794	Pral.g_00252
OG0000940	Prat	Prbg.g_01794	Prat.g_01735
OG0000940	Pram	Prbg.g_01794	Pram.g_01779
OG0000940	Prbh	Prbg.g_01794	Prbh.g_01635
OG0000940	Prak	Prbg.g_01794	Prak.g_01789
OG0000940	Prap	Prbg.g_01794	Prap.g_01633
OG0000940	Prbe	Prbg.g_01794	Prbe.g_00827
OG0000940	Prbf	Prbg.g_01794	Prbf.g_00549
OG0000940	Prbn	Prbg.g_01794	Prbn.g_01890
OG0000941	Prab	Prbg.g_01796	Prab.g_01813
OG0000941	Pran	Prbg.g_01796	Pran.g_01116
OG0000941	Prai	Prbg.g_01796	Prai.g_01793
OG0000941	Prav	Prbg.g_01796	Prav.g_00643
OG0000941	Pray	Prbg.g_01796	Pray.g_01317
OG0000941	Praz	Prbg.g_01796	Praz.g_00252
OG0000941	Prba	Prbg.g_01796	Prba.g_01049
OG0000941	Prac	Prbg.g_01796	Prac.g_00558
OG0000941	Prar	Prbg.g_01796	Prar.g_01017
OG0000941	Praq	Prbg.g_01796	Praq.g_00869
OG0000941	Prag	Prbg.g_01796	Prag.g_01815
OG0000941	Praw	Prbg.g_01796	Praw.g_00085
OG0000941	Prao	Prbg.g_01796	Prao.g_01698
OG0000941	Prad	Prbg.g_01796	Prad.g_00796
OG0000941	Prae	Prbg.g_01796	Prae.g_01770
OG0000941	Prbi	Prbg.g_01796	Prbi.g_01949
OG0000941	Prbd	Prbg.g_01796	Prbd.g_01380
OG0000941	Praa	Prbg.g_01796	Praa.g_01786
OG0000941	Prax	Prbg.g_01796	Prax.g_01349
OG0000941	Pras	Prbg.g_01796	Pras.g_00698
OG0000941	Prau	Prbg.g_01796	Prau.g_01880
OG0000941	Prbm	Prbg.g_01796	Prbm.g_02044
OG0000941	Prbc	Prbg.g_01796	Prbc.g_00273
OG0000941	Praj	Prbg.g_01796	Praj.g_01963
OG0000941	Prbb	Prbg.g_01796	Prbb.g_02012
OG0000941	Syap	Prbg.g_01796	Syap.g_00458
OG0000941	Prbj	Prbg.g_01796	Prbj.g_00402
OG0000941	Prbk	Prbg.g_01796	Prbk.g_00809
OG0000941	Prbl	Prbg.g_01796	Prbl.g_01139
OG0000941	Praf	Prbg.g_01796	Praf.g_02104
OG0000941	Prah	Prbg.g_01796	Prah.g_01983
OG0000941	Syak	Prbg.g_01796	Syak.g_01295
OG0000941	Syab	Prbg.g_01796	Syab.g_00458
OG0000941	Syal	Prbg.g_01796	Syal.g_00287
OG0000941	Syag	Prbg.g_01796	Syag.g_02785
OG0000941	Syaq	Prbg.g_01796	Syaq.g_00595
OG0000941	Syac	Prbg.g_01796	Syac.g_02082
OG0000941	Syah	Prbg.g_01796	Syah.g_00797
OG0000941	Syaf	Prbg.g_01796	Syaf.g_00082
OG0000941	Syai	Prbg.g_01796	Syai.g_00415
OG0000941	Syam	Prbg.g_01796	Syam.g_00383
OG0000941	Syad	Prbg.g_01796	Syad.g_00705
OG0000941	Syaj	Prbg.g_01796	Syaj.g_02749
OG0000941	Syae	Prbg.g_01796	Syae.g_02135
OG0000941	Syaa	Prbg.g_01796	Syaa.g_02238
OG0000941	Syar	Prbg.g_01796	Syar.g_01083
OG0000941	Syan	Prbg.g_01796	Syan.g_02186
OG0000941	Syao	Prbg.g_01796	Syao.g_01828
OG0000941	Syas	Prbg.g_01796	Syas.g_01578
OG0000941	Syat	Prbg.g_01796	Syat.g_01649
OG0000941	Pral	Prbg.g_01796	Pral.g_00254
OG0000941	Prat	Prbg.g_01796	Prat.g_01737
OG0000941	Pram	Prbg.g_01796	Pram.g_01781
OG0000941	Prbh	Prbg.g_01796	Prbh.g_01633
OG0000941	Prak	Prbg.g_01796	Prak.g_01791
OG0000941	Prap	Prbg.g_01796	Prap.g_01631
OG0000941	Prbe	Prbg.g_01796	Prbe.g_00825
OG0000941	Prbf	Prbg.g_01796	Prbf.g_00547
OG0000941	Prbn	Prbg.g_01796	Prbn.g_01892
OG0000942	Prab	Prbg.g_01798	Prab.g_01815
OG0000942	Pran	Prbg.g_01798	Pran.g_01118
OG0000942	Prai	Prbg.g_01798	Prai.g_01795
OG0000942	Prac	Prbg.g_01798	Prac.g_00560
OG0000942	Prar	Prbg.g_01798	Prar.g_01015
OG0000942	Praq	Prbg.g_01798	Praq.g_00867
OG0000942	Prao	Prbg.g_01798	Prao.g_01700
OG0000942	Prad	Prbg.g_01798	Prad.g_00794
OG0000942	Praa	Prbg.g_01798	Praa.g_01788
OG0000942	Prbi	Prbg.g_01798	Prbi.g_01951
OG0000942	Prag	Prbg.g_01798	Prag.g_01817
OG0000942	Praw	Prbg.g_01798	Praw.g_00083
OG0000942	Prax	Prbg.g_01798	Prax.g_01351
OG0000942	Prae	Prbg.g_01798	Prae.g_01772
OG0000942	Prbd	Prbg.g_01798	Prbd.g_01378
OG0000942	Pras	Prbg.g_01798	Pras.g_00700
OG0000942	Prau	Prbg.g_01798	Prau.g_01882
OG0000942	Pray	Prbg.g_01798	Pray.g_01319
OG0000942	Praz	Prbg.g_01798	Praz.g_00250
OG0000942	Prba	Prbg.g_01798	Prba.g_01051
OG0000942	Prav	Prbg.g_01798	Prav.g_00645
OG0000942	Prbj	Prbg.g_01798	Prbj.g_00400
OG0000942	Prbk	Prbg.g_01798	Prbk.g_00811
OG0000942	Prbl	Prbg.g_01798	Prbl.g_01141
OG0000942	Praf	Prbg.g_01798	Praf.g_02102
OG0000942	Prah	Prbg.g_01798	Prah.g_01981
OG0000942	Syag	Prbg.g_01798	Syag.g_02787
OG0000942	Syaq	Prbg.g_01798	Syaq.g_00593
OG0000942	Syak	Prbg.g_01798	Syak.g_01293
OG0000942	Syab	Prbg.g_01798	Syab.g_00460
OG0000942	Syal	Prbg.g_01798	Syal.g_00289
OG0000942	Syan	Prbg.g_01798	Syan.g_02184
OG0000942	Syao	Prbg.g_01798	Syao.g_01826
OG0000942	Syar	Prbg.g_01798	Syar.g_01085
OG0000942	Syap	Prbg.g_01798	Syap.g_00606
OG0000942	Syas	Prbg.g_01798	Syas.g_01576
OG0000942	Syat	Prbg.g_01798	Syat.g_01647
OG0000942	Syae	Prbg.g_01798	Syae.g_02137
OG0000942	Syad	Prbg.g_01798	Syad.g_00707
OG0000942	Syaj	Prbg.g_01798	Syaj.g_02751
OG0000942	Syaa	Prbg.g_01798	Syaa.g_02236
OG0000942	Syac	Prbg.g_01798	Syac.g_02080
OG0000942	Syah	Prbg.g_01798	Syah.g_00799
OG0000942	Syai	Prbg.g_01798	Syai.g_00417
OG0000942	Syaf	Prbg.g_01798	Syaf.g_00080
OG0000942	Syam	Prbg.g_01798	Syam.g_00385
OG0000942	Pral	Prbg.g_01798	Pral.g_00256
OG0000942	Prat	Prbg.g_01798	Prat.g_01739
OG0000942	Prbc	Prbg.g_01798	Prbc.g_00271
OG0000942	Prbm	Prbg.g_01798	Prbm.g_02046
OG0000942	Praj	Prbg.g_01798	Praj.g_01965
OG0000942	Prbb	Prbg.g_01798	Prbb.g_02014
OG0000942	Pram	Prbg.g_01798	Pram.g_01783
OG0000942	Prbh	Prbg.g_01798	Prbh.g_01631
OG0000942	Prak	Prbg.g_01798	Prak.g_01793
OG0000942	Prap	Prbg.g_01798	Prap.g_01629
OG0000942	Prbe	Prbg.g_01798	Prbe.g_00823
OG0000942	Prbf	Prbg.g_01798	Prbf.g_00545
OG0000942	Prbn	Prbg.g_01798	Prbn.g_01894
OG0000943	Prab	Prbg.g_01799	Prab.g_01816
OG0000943	Pran	Prbg.g_01799	Pran.g_01119
OG0000943	Prai	Prbg.g_01799	Prai.g_01796
OG0000943	Prac	Prbg.g_01799	Prac.g_00561
OG0000943	Praq	Prbg.g_01799	Praq.g_00866
OG0000943	Prar	Prbg.g_01799	Prar.g_01014
OG0000943	Prag	Prbg.g_01799	Prag.g_01818
OG0000943	Praw	Prbg.g_01799	Praw.g_00082
OG0000943	Prav	Prbg.g_01799	Prav.g_00646
OG0000943	Prao	Prbg.g_01799	Prao.g_01701
OG0000943	Pray	Prbg.g_01799	Pray.g_01320
OG0000943	Praz	Prbg.g_01799	Praz.g_00249
OG0000943	Prba	Prbg.g_01799	Prba.g_01052
OG0000943	Prbi	Prbg.g_01799	Prbi.g_01952
OG0000943	Prbd	Prbg.g_01799	Prbd.g_01377
OG0000943	Praa	Prbg.g_01799	Praa.g_01789
OG0000943	Prad	Prbg.g_01799	Prad.g_00793
OG0000943	Prae	Prbg.g_01799	Prae.g_01773
OG0000943	Prax	Prbg.g_01799	Prax.g_01352
OG0000943	Pras	Prbg.g_01799	Pras.g_00701
OG0000943	Prau	Prbg.g_01799	Prau.g_01883
OG0000943	Praj	Prbg.g_01799	Praj.g_01966
OG0000943	Prbb	Prbg.g_01799	Prbb.g_02015
OG0000943	Prbc	Prbg.g_01799	Prbc.g_00270
OG0000943	Prbm	Prbg.g_01799	Prbm.g_02048
OG0000943	Syar	Prbg.g_01799	Syar.g_01086
OG0000943	Syat	Prbg.g_01799	Syat.g_01646
OG0000943	Syap	Prbg.g_01799	Syap.g_00604
OG0000943	Syas	Prbg.g_01799	Syas.g_01575
OG0000943	Syan	Prbg.g_01799	Syan.g_02183
OG0000943	Syao	Prbg.g_01799	Syao.g_01824
OG0000943	Syaa	Prbg.g_01799	Syaa.g_02235
OG0000943	Syac	Prbg.g_01799	Syac.g_02079
OG0000943	Syah	Prbg.g_01799	Syah.g_00800
OG0000943	Syaf	Prbg.g_01799	Syaf.g_00079
OG0000943	Syai	Prbg.g_01799	Syai.g_00418
OG0000943	Syam	Prbg.g_01799	Syam.g_00386
OG0000943	Syae	Prbg.g_01799	Syae.g_02138
OG0000943	Syad	Prbg.g_01799	Syad.g_00708
OG0000943	Syaj	Prbg.g_01799	Syaj.g_02752
OG0000943	Syag	Prbg.g_01799	Syag.g_02788
OG0000943	Syaq	Prbg.g_01799	Syaq.g_00592
OG0000943	Syak	Prbg.g_01799	Syak.g_01292
OG0000943	Syab	Prbg.g_01799	Syab.g_00461
OG0000943	Syal	Prbg.g_01799	Syal.g_00290
OG0000943	Prah	Prbg.g_01799	Prah.g_01980
OG0000943	Praf	Prbg.g_01799	Praf.g_02101
OG0000943	Prbj	Prbg.g_01799	Prbj.g_00399
OG0000943	Prbk	Prbg.g_01799	Prbk.g_00812
OG0000943	Prbl	Prbg.g_01799	Prbl.g_01142
OG0000943	Pral	Prbg.g_01799	Pral.g_00257
OG0000943	Prat	Prbg.g_01799	Prat.g_01740
OG0000943	Pram	Prbg.g_01799	Pram.g_01784
OG0000943	Prbh	Prbg.g_01799	Prbh.g_01630
OG0000943	Prak	Prbg.g_01799	Prak.g_01794
OG0000943	Prap	Prbg.g_01799	Prap.g_01628
OG0000943	Prbe	Prbg.g_01799	Prbe.g_00822
OG0000943	Prbf	Prbg.g_01799	Prbf.g_00544
OG0000943	Prbn	Prbg.g_01799	Prbn.g_01895
OG0000944	Prai	Prbg.g_01801	Prai.g_01797
OG0000944	Prab	Prbg.g_01801	Prab.g_01817
OG0000944	Pran	Prbg.g_01801	Pran.g_01120
OG0000944	Prac	Prbg.g_01801	Prac.g_00562
OG0000944	Praq	Prbg.g_01801	Praq.g_00865
OG0000944	Prar	Prbg.g_01801	Prar.g_01013
OG0000944	Prag	Prbg.g_01801	Prag.g_01819
OG0000944	Praw	Prbg.g_01801	Praw.g_00081
OG0000944	Pray	Prbg.g_01801	Pray.g_01321
OG0000944	Praz	Prbg.g_01801	Praz.g_00248
OG0000944	Prba	Prbg.g_01801	Prba.g_01053
OG0000944	Praa	Prbg.g_01801	Praa.g_01790
OG0000944	Prad	Prbg.g_01801	Prad.g_00792
OG0000944	Pras	Prbg.g_01801	Pras.g_00702
OG0000944	Prau	Prbg.g_01801	Prau.g_01884
OG0000944	Prao	Prbg.g_01801	Prao.g_01702
OG0000944	Prbi	Prbg.g_01801	Prbi.g_01953
OG0000944	Prav	Prbg.g_01801	Prav.g_00647
OG0000944	Prbd	Prbg.g_01801	Prbd.g_01376
OG0000944	Prax	Prbg.g_01801	Prax.g_01353
OG0000944	Prae	Prbg.g_01801	Prae.g_01774
OG0000944	Praj	Prbg.g_01801	Praj.g_01968
OG0000944	Prbm	Prbg.g_01801	Prbm.g_02050
OG0000944	Prbc	Prbg.g_01801	Prbc.g_00268
OG0000944	Prbb	Prbg.g_01801	Prbb.g_02017
OG0000944	Syag	Prbg.g_01801	Syag.g_02790
OG0000944	Syaq	Prbg.g_01801	Syaq.g_00590
OG0000944	Syak	Prbg.g_01801	Syak.g_01290
OG0000944	Syab	Prbg.g_01801	Syab.g_00463
OG0000944	Syal	Prbg.g_01801	Syal.g_00292
OG0000944	Syat	Prbg.g_01801	Syat.g_01644
OG0000944	Syar	Prbg.g_01801	Syar.g_01088
OG0000944	Syas	Prbg.g_01801	Syas.g_01573
OG0000944	Syan	Prbg.g_01801	Syan.g_02181
OG0000944	Syao	Prbg.g_01801	Syao.g_01822
OG0000944	Syap	Prbg.g_01801	Syap.g_00602
OG0000944	Prbj	Prbg.g_01801	Prbj.g_00397
OG0000944	Prbk	Prbg.g_01801	Prbk.g_00814
OG0000944	Prbl	Prbg.g_01801	Prbl.g_01144
OG0000944	Praf	Prbg.g_01801	Praf.g_02099
OG0000944	Prah	Prbg.g_01801	Prah.g_01978
OG0000944	Syae	Prbg.g_01801	Syae.g_02140
OG0000944	Syac	Prbg.g_01801	Syac.g_02077
OG0000944	Syah	Prbg.g_01801	Syah.g_00802
OG0000944	Syam	Prbg.g_01801	Syam.g_00388
OG0000944	Syaf	Prbg.g_01801	Syaf.g_00077
OG0000944	Syai	Prbg.g_01801	Syai.g_00420
OG0000944	Syaa	Prbg.g_01801	Syaa.g_02233
OG0000944	Syad	Prbg.g_01801	Syad.g_00710
OG0000944	Syaj	Prbg.g_01801	Syaj.g_02754
OG0000944	Pral	Prbg.g_01801	Pral.g_00259
OG0000944	Prat	Prbg.g_01801	Prat.g_01742
OG0000944	Pram	Prbg.g_01801	Pram.g_01786
OG0000944	Prbh	Prbg.g_01801	Prbh.g_01628
OG0000944	Prak	Prbg.g_01801	Prak.g_01796
OG0000944	Prap	Prbg.g_01801	Prap.g_01626
OG0000944	Prbe	Prbg.g_01801	Prbe.g_00820
OG0000944	Prbf	Prbg.g_01801	Prbf.g_00542
OG0000944	Prbn	Prbg.g_01801	Prbn.g_01897
OG0000945	Prac	Prbg.g_01802	Prac.g_00563
OG0000945	Praq	Prbg.g_01802	Praq.g_00864
OG0000945	Prar	Prbg.g_01802	Prar.g_01012
OG0000945	Prav	Prbg.g_01802	Prav.g_00648
OG0000945	Prag	Prbg.g_01802	Prag.g_01820
OG0000945	Praw	Prbg.g_01802	Praw.g_00080
OG0000945	Pras	Prbg.g_01802	Pras.g_00703
OG0000945	Prau	Prbg.g_01802	Prau.g_01885
OG0000945	Prao	Prbg.g_01802	Prao.g_01703
OG0000945	Prbi	Prbg.g_01802	Prbi.g_01954
OG0000945	Praa	Prbg.g_01802	Praa.g_01791
OG0000945	Prax	Prbg.g_01802	Prax.g_01354
OG0000945	Prae	Prbg.g_01802	Prae.g_01775
OG0000945	Prbd	Prbg.g_01802	Prbd.g_01375
OG0000945	Prad	Prbg.g_01802	Prad.g_00791
OG0000945	Pray	Prbg.g_01802	Pray.g_01322
OG0000945	Praz	Prbg.g_01802	Praz.g_00247
OG0000945	Prba	Prbg.g_01802	Prba.g_01054
OG0000945	Prai	Prbg.g_01802	Prai.g_01798
OG0000945	Prab	Prbg.g_01802	Prab.g_01818
OG0000945	Pran	Prbg.g_01802	Pran.g_01121
OG0000945	Pral	Prbg.g_01802	Pral.g_00260
OG0000945	Prat	Prbg.g_01802	Prat.g_01744
OG0000945	Prbm	Prbg.g_01802	Prbm.g_02051
OG0000945	Prbc	Prbg.g_01802	Prbc.g_00267
OG0000945	Praj	Prbg.g_01802	Praj.g_01969
OG0000945	Prbb	Prbg.g_01802	Prbb.g_02018
OG0000945	Syat	Prbg.g_01802	Syat.g_01643
OG0000945	Syap	Prbg.g_01802	Syap.g_00601
OG0000945	Syas	Prbg.g_01802	Syas.g_01572
OG0000945	Syar	Prbg.g_01802	Syar.g_01089
OG0000945	Syan	Prbg.g_01802	Syan.g_02180
OG0000945	Syao	Prbg.g_01802	Syao.g_01821
OG0000945	Prbj	Prbg.g_01802	Prbj.g_00395
OG0000945	Prbk	Prbg.g_01802	Prbk.g_00816
OG0000945	Prbl	Prbg.g_01802	Prbl.g_01146
OG0000945	Prah	Prbg.g_01802	Prah.g_01977
OG0000945	Praf	Prbg.g_01802	Praf.g_02097
OG0000945	Syag	Prbg.g_01802	Syag.g_02792
OG0000945	Syak	Prbg.g_01802	Syak.g_01288
OG0000945	Syab	Prbg.g_01802	Syab.g_00466
OG0000945	Syal	Prbg.g_01802	Syal.g_00294
OG0000945	Syad	Prbg.g_01802	Syad.g_00711
OG0000945	Syaj	Prbg.g_01802	Syaj.g_02756
OG0000945	Syac	Prbg.g_01802	Syac.g_02075
OG0000945	Syah	Prbg.g_01802	Syah.g_00804
OG0000945	Syaf	Prbg.g_01802	Syaf.g_00075
OG0000945	Syai	Prbg.g_01802	Syai.g_00422
OG0000945	Syam	Prbg.g_01802	Syam.g_00390
OG0000945	Syae	Prbg.g_01802	Syae.g_02142
OG0000945	Syaa	Prbg.g_01802	Syaa.g_02231
OG0000945	Syaq	Prbg.g_01802	Syaq.g_00588
OG0000945	Pram	Prbg.g_01802	Pram.g_01787
OG0000945	Prbh	Prbg.g_01802	Prbh.g_01627
OG0000945	Prak	Prbg.g_01802	Prak.g_01797
OG0000945	Prap	Prbg.g_01802	Prap.g_01625
OG0000945	Prbe	Prbg.g_01802	Prbe.g_00819
OG0000945	Prbf	Prbg.g_01802	Prbf.g_00541
OG0000945	Prbn	Prbg.g_01802	Prbn.g_01898
OG0000946	Prab	Prbg.g_01807	Prab.g_01822
OG0000946	Pran	Prbg.g_01807	Pran.g_01125
OG0000946	Prai	Prbg.g_01807	Prai.g_01802
OG0000946	Pras	Prbg.g_01807	Pras.g_00707
OG0000946	Prau	Prbg.g_01807	Prau.g_01889
OG0000946	Pray	Prbg.g_01807	Pray.g_01327
OG0000946	Praz	Prbg.g_01807	Praz.g_00242
OG0000946	Prba	Prbg.g_01807	Prba.g_01059
OG0000946	Prag	Prbg.g_01807	Prag.g_01824
OG0000946	Praw	Prbg.g_01807	Praw.g_00076
OG0000946	Prav	Prbg.g_01807	Prav.g_00653
OG0000946	Prac	Prbg.g_01807	Prac.g_00005
OG0000946	Praq	Prbg.g_01807	Praq.g_00727
OG0000946	Prar	Prbg.g_01807	Prar.g_00617
OG0000946	Prbd	Prbg.g_01807	Prbd.g_01371
OG0000946	Prax	Prbg.g_01807	Prax.g_01358
OG0000946	Praa	Prbg.g_01807	Praa.g_01796
OG0000946	Prao	Prbg.g_01807	Prao.g_01707
OG0000946	Prad	Prbg.g_01807	Prad.g_00787
OG0000946	Prae	Prbg.g_01807	Prae.g_01779
OG0000946	Prbi	Prbg.g_01807	Prbi.g_01958
OG0000946	Prbb	Prbg.g_01807	Prbb.g_02024
OG0000946	Prbm	Prbg.g_01807	Prbm.g_02057
OG0000946	Prbc	Prbg.g_01807	Prbc.g_00248
OG0000946	Praj	Prbg.g_01807	Praj.g_01975
OG0000946	Prah	Prbg.g_01807	Prah.g_01966
OG0000946	Praf	Prbg.g_01807	Praf.g_02082
OG0000946	Prbj	Prbg.g_01807	Prbj.g_00368
OG0000946	Prbk	Prbg.g_01807	Prbk.g_00844
OG0000946	Prbl	Prbg.g_01807	Prbl.g_01174
OG0000946	Syat	Prbg.g_01807	Syat.g_01633
OG0000946	Syap	Prbg.g_01807	Syap.g_00595
OG0000946	Syas	Prbg.g_01807	Syas.g_01565
OG0000946	Syar	Prbg.g_01807	Syar.g_01095
OG0000946	Syan	Prbg.g_01807	Syan.g_02167
OG0000946	Syao	Prbg.g_01807	Syao.g_01852
OG0000946	Syac	Prbg.g_01807	Syac.g_02071
OG0000946	Syah	Prbg.g_01807	Syah.g_00809
OG0000946	Syaf	Prbg.g_01807	Syaf.g_00070
OG0000946	Syai	Prbg.g_01807	Syai.g_00428
OG0000946	Syam	Prbg.g_01807	Syam.g_00395
OG0000946	Syad	Prbg.g_01807	Syad.g_00716
OG0000946	Syaj	Prbg.g_01807	Syaj.g_02761
OG0000946	Syaa	Prbg.g_01807	Syaa.g_02225
OG0000946	Syae	Prbg.g_01807	Syae.g_02146
OG0000946	Syag	Prbg.g_01807	Syag.g_02797
OG0000946	Syaq	Prbg.g_01807	Syaq.g_00580
OG0000946	Syak	Prbg.g_01807	Syak.g_01283
OG0000946	Syab	Prbg.g_01807	Syab.g_00473
OG0000946	Syal	Prbg.g_01807	Syal.g_00301
OG0000946	Pral	Prbg.g_01807	Pral.g_00266
OG0000946	Prat	Prbg.g_01807	Prat.g_01748
OG0000946	Pram	Prbg.g_01807	Pram.g_01793
OG0000946	Prbh	Prbg.g_01807	Prbh.g_01621
OG0000946	Prak	Prbg.g_01807	Prak.g_01802
OG0000946	Prap	Prbg.g_01807	Prap.g_01620
OG0000946	Prbe	Prbg.g_01807	Prbe.g_00814
OG0000946	Prbf	Prbg.g_01807	Prbf.g_00536
OG0000946	Prbn	Prbg.g_01807	Prbn.g_01903
OG0000947	Prac	Prbg.g_01809	Prac.g_00007
OG0000947	Praq	Prbg.g_01809	Praq.g_00729
OG0000947	Prar	Prbg.g_01809	Prar.g_00619
OG0000947	Prav	Prbg.g_01809	Prav.g_00655
OG0000947	Pray	Prbg.g_01809	Pray.g_01329
OG0000947	Praz	Prbg.g_01809	Praz.g_00240
OG0000947	Prba	Prbg.g_01809	Prba.g_01061
OG0000947	Praa	Prbg.g_01809	Praa.g_01798
OG0000947	Prad	Prbg.g_01809	Prad.g_00785
OG0000947	Prae	Prbg.g_01809	Prae.g_01781
OG0000947	Prbi	Prbg.g_01809	Prbi.g_01960
OG0000947	Pras	Prbg.g_01809	Pras.g_00709
OG0000947	Prau	Prbg.g_01809	Prau.g_01891
OG0000947	Prax	Prbg.g_01809	Prax.g_01360
OG0000947	Prbd	Prbg.g_01809	Prbd.g_01369
OG0000947	Prao	Prbg.g_01809	Prao.g_01709
OG0000947	Prag	Prbg.g_01809	Prag.g_01826
OG0000947	Praw	Prbg.g_01809	Praw.g_00074
OG0000947	Prab	Prbg.g_01809	Prab.g_01824
OG0000947	Pran	Prbg.g_01809	Pran.g_01127
OG0000947	Prai	Prbg.g_01809	Prai.g_01804
OG0000947	Prbm	Prbg.g_01809	Prbm.g_02059
OG0000947	Prbc	Prbg.g_01809	Prbc.g_00246
OG0000947	Praj	Prbg.g_01809	Praj.g_01977
OG0000947	Prbb	Prbg.g_01809	Prbb.g_02026
OG0000947	Pral	Prbg.g_01809	Pral.g_00268
OG0000947	Prat	Prbg.g_01809	Prat.g_01750
OG0000947	Prbj	Prbg.g_01809	Prbj.g_00365
OG0000947	Prbk	Prbg.g_01809	Prbk.g_00847
OG0000947	Prbl	Prbg.g_01809	Prbl.g_01177
OG0000947	Praf	Prbg.g_01809	Praf.g_02079
OG0000947	Prah	Prbg.g_01809	Prah.g_01963
OG0000947	Syag	Prbg.g_01809	Syag.g_02801
OG0000947	Syaq	Prbg.g_01809	Syaq.g_00577
OG0000947	Syak	Prbg.g_01809	Syak.g_01280
OG0000947	Syab	Prbg.g_01809	Syab.g_00476
OG0000947	Syal	Prbg.g_01809	Syal.g_00304
OG0000947	Syac	Prbg.g_01809	Syac.g_02068
OG0000947	Syah	Prbg.g_01809	Syah.g_00812
OG0000947	Syaa	Prbg.g_01809	Syaa.g_02222
OG0000947	Syai	Prbg.g_01809	Syai.g_00431
OG0000947	Syaf	Prbg.g_01809	Syaf.g_00067
OG0000947	Syam	Prbg.g_01809	Syam.g_00398
OG0000947	Syae	Prbg.g_01809	Syae.g_02149
OG0000947	Syad	Prbg.g_01809	Syad.g_00719
OG0000947	Syaj	Prbg.g_01809	Syaj.g_02764
OG0000947	Syan	Prbg.g_01809	Syan.g_02164
OG0000947	Syao	Prbg.g_01809	Syao.g_01849
OG0000947	Syar	Prbg.g_01809	Syar.g_01098
OG0000947	Syat	Prbg.g_01809	Syat.g_01630
OG0000947	Syap	Prbg.g_01809	Syap.g_00591
OG0000947	Syas	Prbg.g_01809	Syas.g_01562
OG0000947	Pram	Prbg.g_01809	Pram.g_01795
OG0000947	Prbh	Prbg.g_01809	Prbh.g_01619
OG0000947	Prak	Prbg.g_01809	Prak.g_01804
OG0000947	Prap	Prbg.g_01809	Prap.g_01618
OG0000947	Prbe	Prbg.g_01809	Prbe.g_00812
OG0000947	Prbf	Prbg.g_01809	Prbf.g_00534
OG0000947	Prbn	Prbg.g_01809	Prbn.g_01905
OG0000948	Prag	Prbg.g_01810	Prag.g_01827
OG0000948	Praw	Prbg.g_01810	Praw.g_00073
OG0000948	Prac	Prbg.g_01810	Prac.g_00008
OG0000948	Praq	Prbg.g_01810	Praq.g_00730
OG0000948	Prar	Prbg.g_01810	Prar.g_00620
OG0000948	Prbi	Prbg.g_01810	Prbi.g_01961
OG0000948	Praa	Prbg.g_01810	Praa.g_01799
OG0000948	Prae	Prbg.g_01810	Prae.g_01782
OG0000948	Prbd	Prbg.g_01810	Prbd.g_01368
OG0000948	Prax	Prbg.g_01810	Prax.g_01361
OG0000948	Pras	Prbg.g_01810	Pras.g_00710
OG0000948	Prau	Prbg.g_01810	Prau.g_01892
OG0000948	Prao	Prbg.g_01810	Prao.g_01710
OG0000948	Prad	Prbg.g_01810	Prad.g_00784
OG0000948	Pray	Prbg.g_01810	Pray.g_01330
OG0000948	Praz	Prbg.g_01810	Praz.g_00239
OG0000948	Prba	Prbg.g_01810	Prba.g_01062
OG0000948	Prav	Prbg.g_01810	Prav.g_00656
OG0000948	Prab	Prbg.g_01810	Prab.g_01825
OG0000948	Pran	Prbg.g_01810	Pran.g_01128
OG0000948	Prai	Prbg.g_01810	Prai.g_01805
OG0000948	Syag	Prbg.g_01810	Syag.g_02802
OG0000948	Prah	Prbg.g_01810	Prah.g_01962
OG0000948	Praf	Prbg.g_01810	Praf.g_02078
OG0000948	Prbj	Prbg.g_01810	Prbj.g_00364
OG0000948	Prbk	Prbg.g_01810	Prbk.g_00848
OG0000948	Prbl	Prbg.g_01810	Prbl.g_01178
OG0000948	Syan	Prbg.g_01810	Syan.g_02163
OG0000948	Syao	Prbg.g_01810	Syao.g_01848
OG0000948	Syap	Prbg.g_01810	Syap.g_00590
OG0000948	Syas	Prbg.g_01810	Syas.g_01561
OG0000948	Syar	Prbg.g_01810	Syar.g_01099
OG0000948	Syat	Prbg.g_01810	Syat.g_01629
OG0000948	Syak	Prbg.g_01810	Syak.g_01279
OG0000948	Syaa	Prbg.g_01810	Syaa.g_02221
OG0000948	Syae	Prbg.g_01810	Syae.g_02150
OG0000948	Syaj	Prbg.g_01810	Syaj.g_02765
OG0000948	Syad	Prbg.g_01810	Syad.g_00720
OG0000948	Syac	Prbg.g_01810	Syac.g_02067
OG0000948	Syah	Prbg.g_01810	Syah.g_00813
OG0000948	Syaf	Prbg.g_01810	Syaf.g_00066
OG0000948	Syai	Prbg.g_01810	Syai.g_00432
OG0000948	Syam	Prbg.g_01810	Syam.g_00399
OG0000948	Syaq	Prbg.g_01810	Syaq.g_00576
OG0000948	Syab	Prbg.g_01810	Syab.g_00477
OG0000948	Syal	Prbg.g_01810	Syal.g_00305
OG0000948	Praj	Prbg.g_01810	Praj.g_01978
OG0000948	Prbc	Prbg.g_01810	Prbc.g_00245
OG0000948	Prbm	Prbg.g_01810	Prbm.g_02060
OG0000948	Prbb	Prbg.g_01810	Prbb.g_02027
OG0000948	Prat	Prbg.g_01810	Prat.g_01751
OG0000948	Pral	Prbg.g_01810	Pral.g_00269
OG0000948	Pram	Prbg.g_01810	Pram.g_01796
OG0000948	Prbh	Prbg.g_01810	Prbh.g_01618
OG0000948	Prak	Prbg.g_01810	Prak.g_01805
OG0000948	Prap	Prbg.g_01810	Prap.g_01617
OG0000948	Prbe	Prbg.g_01810	Prbe.g_00811
OG0000948	Prbf	Prbg.g_01810	Prbf.g_00533
OG0000948	Prbn	Prbg.g_01810	Prbn.g_01906
OG0000949	Prav	Prbg.g_01813	Prav.g_00659
OG0000949	Prag	Prbg.g_01813	Prag.g_01830
OG0000949	Praw	Prbg.g_01813	Praw.g_00070
OG0000949	Prab	Prbg.g_01813	Prab.g_01828
OG0000949	Pran	Prbg.g_01813	Pran.g_01131
OG0000949	Prai	Prbg.g_01813	Prai.g_01808
OG0000949	Prac	Prbg.g_01813	Prac.g_00011
OG0000949	Praq	Prbg.g_01813	Praq.g_00733
OG0000949	Prar	Prbg.g_01813	Prar.g_00623
OG0000949	Prao	Prbg.g_01813	Prao.g_01713
OG0000949	Prbi	Prbg.g_01813	Prbi.g_01964
OG0000949	Praa	Prbg.g_01813	Praa.g_01802
OG0000949	Prax	Prbg.g_01813	Prax.g_01364
OG0000949	Pray	Prbg.g_01813	Pray.g_01333
OG0000949	Praz	Prbg.g_01813	Praz.g_00236
OG0000949	Prba	Prbg.g_01813	Prba.g_01065
OG0000949	Prae	Prbg.g_01813	Prae.g_01785
OG0000949	Prad	Prbg.g_01813	Prad.g_00781
OG0000949	Prau	Prbg.g_01813	Prau.g_01895
OG0000949	Prbd	Prbg.g_01813	Prbd.g_01365
OG0000949	Pras	Prbg.g_01813	Pras.g_00713
OG0000949	Prbc	Prbg.g_01813	Prbc.g_00242
OG0000949	Praj	Prbg.g_01813	Praj.g_01981
OG0000949	Prbm	Prbg.g_01813	Prbm.g_02063
OG0000949	Prbb	Prbg.g_01813	Prbb.g_02030
OG0000949	Pral	Prbg.g_01813	Pral.g_00272
OG0000949	Prat	Prbg.g_01813	Prat.g_01754
OG0000949	Prbj	Prbg.g_01813	Prbj.g_00361
OG0000949	Prbk	Prbg.g_01813	Prbk.g_00851
OG0000949	Prbl	Prbg.g_01813	Prbl.g_01181
OG0000949	Praf	Prbg.g_01813	Praf.g_02075
OG0000949	Prah	Prbg.g_01813	Prah.g_01958
OG0000949	Syap	Prbg.g_01813	Syap.g_01051
OG0000949	Syas	Prbg.g_01813	Syas.g_02213
OG0000949	Syar	Prbg.g_01813	Syar.g_00283
OG0000949	Syat	Prbg.g_01813	Syat.g_02142
OG0000949	Syak	Prbg.g_01813	Syak.g_01551
OG0000949	Syaq	Prbg.g_01813	Syaq.g_00971
OG0000949	Syab	Prbg.g_01813	Syab.g_00212
OG0000949	Syal	Prbg.g_01813	Syal.g_01341
OG0000949	Syae	Prbg.g_01813	Syae.g_01884
OG0000949	Syad	Prbg.g_01813	Syad.g_00432
OG0000949	Syaj	Prbg.g_01813	Syaj.g_02474
OG0000949	Syac	Prbg.g_01813	Syac.g_00205
OG0000949	Syah	Prbg.g_01813	Syah.g_00173
OG0000949	Syag	Prbg.g_01813	Syag.g_02449
OG0000949	Syaa	Prbg.g_01813	Syaa.g_00172
OG0000949	Syaf	Prbg.g_01813	Syaf.g_00337
OG0000949	Syam	Prbg.g_01813	Syam.g_00159
OG0000949	Syai	Prbg.g_01813	Syai.g_00174
OG0000949	Syan	Prbg.g_01813	Syan.g_01951
OG0000949	Syao	Prbg.g_01813	Syao.g_01970
OG0000949	Pram	Prbg.g_01813	Pram.g_01799
OG0000949	Prbh	Prbg.g_01813	Prbh.g_01615
OG0000949	Prak	Prbg.g_01813	Prak.g_01808
OG0000949	Prap	Prbg.g_01813	Prap.g_01614
OG0000949	Prbe	Prbg.g_01813	Prbe.g_00808
OG0000949	Prbf	Prbg.g_01813	Prbf.g_00530
OG0000949	Prbn	Prbg.g_01813	Prbn.g_01909
OG0000950	Prab	Prbg.g_01820	Prab.g_01833
OG0000950	Pran	Prbg.g_01820	Pran.g_01136
OG0000950	Prai	Prbg.g_01820	Prai.g_01813
OG0000950	Prac	Prbg.g_01820	Prac.g_00016
OG0000950	Praq	Prbg.g_01820	Praq.g_00738
OG0000950	Prar	Prbg.g_01820	Prar.g_00628
OG0000950	Prag	Prbg.g_01820	Prag.g_01835
OG0000950	Praw	Prbg.g_01820	Praw.g_00065
OG0000950	Prav	Prbg.g_01820	Prav.g_00664
OG0000950	Prae	Prbg.g_01820	Prae.g_01790
OG0000950	Praa	Prbg.g_01820	Praa.g_01807
OG0000950	Prao	Prbg.g_01820	Prao.g_01718
OG0000950	Pray	Prbg.g_01820	Pray.g_01338
OG0000950	Praz	Prbg.g_01820	Praz.g_00231
OG0000950	Prba	Prbg.g_01820	Prba.g_01070
OG0000950	Prax	Prbg.g_01820	Prax.g_01369
OG0000950	Pras	Prbg.g_01820	Pras.g_00718
OG0000950	Prau	Prbg.g_01820	Prau.g_01900
OG0000950	Prbd	Prbg.g_01820	Prbd.g_01360
OG0000950	Prad	Prbg.g_01820	Prad.g_00776
OG0000950	Prbi	Prbg.g_01820	Prbi.g_01969
OG0000950	Prbj	Prbg.g_01820	Prbj.g_01501
OG0000950	Prbk	Prbg.g_01820	Prbk.g_00513
OG0000950	Prbl	Prbg.g_01820	Prbl.g_00856
OG0000950	Praf	Prbg.g_01820	Praf.g_02383
OG0000950	Prah	Prbg.g_01820	Prah.g_02231
OG0000950	Pram	Prbg.g_01820	Pram.g_01806
OG0000950	Prbh	Prbg.g_01820	Prbh.g_01608
OG0000950	Pral	Prbg.g_01820	Pral.g_00278
OG0000950	Prat	Prbg.g_01820	Prat.g_01760
OG0000950	Syak	Prbg.g_01820	Syak.g_01562
OG0000950	Syab	Prbg.g_01820	Syab.g_00204
OG0000950	Syal	Prbg.g_01820	Syal.g_01348
OG0000950	Syaq	Prbg.g_01820	Syaq.g_00984
OG0000950	Syat	Prbg.g_01820	Syat.g_02152
OG0000950	Syag	Prbg.g_01820	Syag.g_02436
OG0000950	Syan	Prbg.g_01820	Syan.g_01940
OG0000950	Syao	Prbg.g_01820	Syao.g_01957
OG0000950	Syar	Prbg.g_01820	Syar.g_00661
OG0000950	Syap	Prbg.g_01820	Syap.g_01061
OG0000950	Syas	Prbg.g_01820	Syas.g_02197
OG0000950	Syae	Prbg.g_01820	Syae.g_01873
OG0000950	Syaa	Prbg.g_01820	Syaa.g_00159
OG0000950	Syac	Prbg.g_01820	Syac.g_00193
OG0000950	Syah	Prbg.g_01820	Syah.g_00184
OG0000950	Syai	Prbg.g_01820	Syai.g_00163
OG0000950	Syaf	Prbg.g_01820	Syaf.g_00351
OG0000950	Syam	Prbg.g_01820	Syam.g_00150
OG0000950	Syad	Prbg.g_01820	Syad.g_00418
OG0000950	Syaj	Prbg.g_01820	Syaj.g_02459
OG0000950	Prbm	Prbg.g_01820	Prbm.g_02068
OG0000950	Prbc	Prbg.g_01820	Prbc.g_00237
OG0000950	Praj	Prbg.g_01820	Praj.g_01986
OG0000950	Prbb	Prbg.g_01820	Prbb.g_02035
OG0000950	Prak	Prbg.g_01820	Prak.g_01815
OG0000950	Prap	Prbg.g_01820	Prap.g_01607
OG0000950	Prbe	Prbg.g_01820	Prbe.g_00801
OG0000950	Prbf	Prbg.g_01820	Prbf.g_00523
OG0000950	Prbn	Prbg.g_01820	Prbn.g_01916
OG0000951	Prac	Prbg.g_01824	Prac.g_00020
OG0000951	Praq	Prbg.g_01824	Praq.g_00742
OG0000951	Prar	Prbg.g_01824	Prar.g_00632
OG0000951	Prad	Prbg.g_01824	Prad.g_00772
OG0000951	Pray	Prbg.g_01824	Pray.g_01342
OG0000951	Praz	Prbg.g_01824	Praz.g_00227
OG0000951	Prba	Prbg.g_01824	Prba.g_01074
OG0000951	Prao	Prbg.g_01824	Prao.g_01722
OG0000951	Prab	Prbg.g_01824	Prab.g_01836
OG0000951	Pran	Prbg.g_01824	Pran.g_01139
OG0000951	Prai	Prbg.g_01824	Prai.g_01817
OG0000951	Prau	Prbg.g_01824	Prau.g_01904
OG0000951	Pras	Prbg.g_01824	Pras.g_00722
OG0000951	Praa	Prbg.g_01824	Praa.g_01811
OG0000951	Prae	Prbg.g_01824	Prae.g_01794
OG0000951	Prag	Prbg.g_01824	Prag.g_01839
OG0000951	Prav	Prbg.g_01824	Prav.g_00668
OG0000951	Praw	Prbg.g_01824	Praw.g_00061
OG0000951	Prax	Prbg.g_01824	Prax.g_01373
OG0000951	Prbd	Prbg.g_01824	Prbd.g_01356
OG0000951	Prbi	Prbg.g_01824	Prbi.g_01973
OG0000951	Prbc	Prbg.g_01824	Prbc.g_00233
OG0000951	Prbb	Prbg.g_01824	Prbb.g_02039
OG0000951	Praj	Prbg.g_01824	Praj.g_01990
OG0000951	Prbm	Prbg.g_01824	Prbm.g_02072
OG0000951	Syak	Prbg.g_01824	Syak.g_01569
OG0000951	Prbj	Prbg.g_01824	Prbj.g_01506
OG0000951	Prbk	Prbg.g_01824	Prbk.g_00518
OG0000951	Prbl	Prbg.g_01824	Prbl.g_00851
OG0000951	Praf	Prbg.g_01824	Praf.g_02388
OG0000951	Prah	Prbg.g_01824	Prah.g_02236
OG0000951	Syag	Prbg.g_01824	Syag.g_02431
OG0000951	Syaq	Prbg.g_01824	Syaq.g_00991
OG0000951	Syan	Prbg.g_01824	Syan.g_01932
OG0000951	Syao	Prbg.g_01824	Syao.g_02262
OG0000951	Syas	Prbg.g_01824	Syas.g_02190
OG0000951	Syap	Prbg.g_01824	Syap.g_01070
OG0000951	Syar	Prbg.g_01824	Syar.g_00656
OG0000951	Syat	Prbg.g_01824	Syat.g_02157
OG0000951	Syae	Prbg.g_01824	Syae.g_01866
OG0000951	Syad	Prbg.g_01824	Syad.g_00411
OG0000951	Syaj	Prbg.g_01824	Syaj.g_02452
OG0000951	Syaa	Prbg.g_01824	Syaa.g_00153
OG0000951	Syai	Prbg.g_01824	Syai.g_00158
OG0000951	Syaf	Prbg.g_01824	Syaf.g_00358
OG0000951	Syam	Prbg.g_01824	Syam.g_00145
OG0000951	Syab	Prbg.g_01824	Syab.g_00199
OG0000951	Syal	Prbg.g_01824	Syal.g_01353
OG0000951	Syac	Prbg.g_01824	Syac.g_00188
OG0000951	Syah	Prbg.g_01824	Syah.g_00190
OG0000951	Pral	Prbg.g_01824	Pral.g_00282
OG0000951	Prat	Prbg.g_01824	Prat.g_01764
OG0000951	Pram	Prbg.g_01824	Pram.g_01810
OG0000951	Prbh	Prbg.g_01824	Prbh.g_01604
OG0000951	Prak	Prbg.g_01824	Prak.g_01819
OG0000951	Prap	Prbg.g_01824	Prap.g_01603
OG0000951	Prbe	Prbg.g_01824	Prbe.g_00797
OG0000951	Prbf	Prbg.g_01824	Prbf.g_00519
OG0000951	Prbn	Prbg.g_01824	Prbn.g_01920
OG0000952	Prai	Prbg.g_01828	Prai.g_01821
OG0000952	Prab	Prbg.g_01828	Prab.g_01840
OG0000952	Pran	Prbg.g_01828	Pran.g_01143
OG0000952	Prag	Prbg.g_01828	Prag.g_01843
OG0000952	Praw	Prbg.g_01828	Praw.g_00057
OG0000952	Praa	Prbg.g_01828	Praa.g_01815
OG0000952	Prav	Prbg.g_01828	Prav.g_00672
OG0000952	Prac	Prbg.g_01828	Prac.g_00024
OG0000952	Praq	Prbg.g_01828	Praq.g_00746
OG0000952	Prar	Prbg.g_01828	Prar.g_00636
OG0000952	Pras	Prbg.g_01828	Pras.g_00726
OG0000952	Prau	Prbg.g_01828	Prau.g_01908
OG0000952	Prax	Prbg.g_01828	Prax.g_01377
OG0000952	Prbd	Prbg.g_01828	Prbd.g_01352
OG0000952	Pray	Prbg.g_01828	Pray.g_01346
OG0000952	Praz	Prbg.g_01828	Praz.g_00223
OG0000952	Prba	Prbg.g_01828	Prba.g_01078
OG0000952	Prad	Prbg.g_01828	Prad.g_00768
OG0000952	Prbi	Prbg.g_01828	Prbi.g_01977
OG0000952	Prae	Prbg.g_01828	Prae.g_01798
OG0000952	Prao	Prbg.g_01828	Prao.g_01726
OG0000952	Prbm	Prbg.g_01828	Prbm.g_02076
OG0000952	Prbb	Prbg.g_01828	Prbb.g_02043
OG0000952	Praj	Prbg.g_01828	Praj.g_01994
OG0000952	Prbc	Prbg.g_01828	Prbc.g_00229
OG0000952	Prah	Prbg.g_01828	Prah.g_02241
OG0000952	Praf	Prbg.g_01828	Praf.g_02393
OG0000952	Prbj	Prbg.g_01828	Prbj.g_01513
OG0000952	Prbk	Prbg.g_01828	Prbk.g_00525
OG0000952	Prbl	Prbg.g_01828	Prbl.g_00844
OG0000952	Syar	Prbg.g_01828	Syar.g_00651
OG0000952	Syap	Prbg.g_01828	Syap.g_01074
OG0000952	Syat	Prbg.g_01828	Syat.g_02162
OG0000952	Syas	Prbg.g_01828	Syas.g_02186
OG0000952	Syan	Prbg.g_01828	Syan.g_01927
OG0000952	Syao	Prbg.g_01828	Syao.g_02266
OG0000952	Syae	Prbg.g_01828	Syae.g_01859
OG0000952	Syad	Prbg.g_01828	Syad.g_00375
OG0000952	Syaj	Prbg.g_01828	Syaj.g_02446
OG0000952	Syab	Prbg.g_01828	Syab.g_00191
OG0000952	Syal	Prbg.g_01828	Syal.g_01363
OG0000952	Syak	Prbg.g_01828	Syak.g_01574
OG0000952	Syaq	Prbg.g_01828	Syaq.g_01002
OG0000952	Syag	Prbg.g_01828	Syag.g_02423
OG0000952	Syaa	Prbg.g_01828	Syaa.g_00149
OG0000952	Syaf	Prbg.g_01828	Syaf.g_00363
OG0000952	Syai	Prbg.g_01828	Syai.g_00136
OG0000952	Syam	Prbg.g_01828	Syam.g_00140
OG0000952	Syac	Prbg.g_01828	Syac.g_00183
OG0000952	Syah	Prbg.g_01828	Syah.g_00202
OG0000952	Prat	Prbg.g_01828	Prat.g_01768
OG0000952	Pral	Prbg.g_01828	Pral.g_00286
OG0000952	Pram	Prbg.g_01828	Pram.g_01814
OG0000952	Prbh	Prbg.g_01828	Prbh.g_01600
OG0000952	Prak	Prbg.g_01828	Prak.g_01823
OG0000952	Prap	Prbg.g_01828	Prap.g_01599
OG0000952	Prbe	Prbg.g_01828	Prbe.g_00793
OG0000952	Prbf	Prbg.g_01828	Prbf.g_00515
OG0000952	Prbn	Prbg.g_01828	Prbn.g_01015
OG0000953	Prbd	Prbg.g_01832	Prbd.g_01349
OG0000953	Prag	Prbg.g_01832	Prag.g_01846
OG0000953	Praw	Prbg.g_01832	Praw.g_00054
OG0000953	Prab	Prbg.g_01832	Prab.g_01843
OG0000953	Pran	Prbg.g_01832	Pran.g_01146
OG0000953	Prai	Prbg.g_01832	Prai.g_01824
OG0000953	Praa	Prbg.g_01832	Praa.g_01818
OG0000953	Prad	Prbg.g_01832	Prad.g_00765
OG0000953	Prae	Prbg.g_01832	Prae.g_01801
OG0000953	Prao	Prbg.g_01832	Prao.g_01729
OG0000953	Pras	Prbg.g_01832	Pras.g_00729
OG0000953	Prau	Prbg.g_01832	Prau.g_01911
OG0000953	Prav	Prbg.g_01832	Prav.g_00675
OG0000953	Prax	Prbg.g_01832	Prax.g_01380
OG0000953	Pray	Prbg.g_01832	Pray.g_01349
OG0000953	Praz	Prbg.g_01832	Praz.g_00220
OG0000953	Prba	Prbg.g_01832	Prba.g_00753
OG0000953	Prbi	Prbg.g_01832	Prbi.g_01980
OG0000953	Prac	Prbg.g_01832	Prac.g_00027
OG0000953	Praq	Prbg.g_01832	Praq.g_00749
OG0000953	Prar	Prbg.g_01832	Prar.g_00639
OG0000953	Pral	Prbg.g_01832	Pral.g_00290
OG0000953	Prat	Prbg.g_01832	Prat.g_01772
OG0000953	Syab	Prbg.g_01832	Syab.g_00134
OG0000953	Syal	Prbg.g_01832	Syal.g_01435
OG0000953	Syac	Prbg.g_01832	Syac.g_00177
OG0000953	Syah	Prbg.g_01832	Syah.g_00207
OG0000953	Syak	Prbg.g_01832	Syak.g_01627
OG0000953	Syaq	Prbg.g_01832	Syaq.g_01006
OG0000953	Syan	Prbg.g_01832	Syan.g_01922
OG0000953	Syao	Prbg.g_01832	Syao.g_02130
OG0000953	Syad	Prbg.g_01832	Syad.g_00369
OG0000953	Syae	Prbg.g_01832	Syae.g_01854
OG0000953	Syaj	Prbg.g_01832	Syaj.g_02442
OG0000953	Syas	Prbg.g_01832	Syas.g_02182
OG0000953	Syap	Prbg.g_01832	Syap.g_01078
OG0000953	Syar	Prbg.g_01832	Syar.g_00248
OG0000953	Syat	Prbg.g_01832	Syat.g_02166
OG0000953	Syag	Prbg.g_01832	Syag.g_02415
OG0000953	Syaa	Prbg.g_01832	Syaa.g_00143
OG0000953	Syaf	Prbg.g_01832	Syaf.g_00367
OG0000953	Syai	Prbg.g_01832	Syai.g_00132
OG0000953	Syam	Prbg.g_01832	Syam.g_00136
OG0000953	Praf	Prbg.g_01832	Praf.g_02397
OG0000953	Prbj	Prbg.g_01832	Prbj.g_01517
OG0000953	Prbk	Prbg.g_01832	Prbk.g_00529
OG0000953	Prbl	Prbg.g_01832	Prbl.g_00840
OG0000953	Prah	Prbg.g_01832	Prah.g_02245
OG0000953	Pram	Prbg.g_01832	Pram.g_01818
OG0000953	Prbh	Prbg.g_01832	Prbh.g_01596
OG0000953	Praj	Prbg.g_01832	Praj.g_01998
OG0000953	Prbb	Prbg.g_01832	Prbb.g_02047
OG0000953	Prbc	Prbg.g_01832	Prbc.g_00225
OG0000953	Prbm	Prbg.g_01832	Prbm.g_02080
OG0000953	Prak	Prbg.g_01832	Prak.g_01827
OG0000953	Prap	Prbg.g_01832	Prap.g_01595
OG0000953	Prbe	Prbg.g_01832	Prbe.g_00789
OG0000953	Prbf	Prbg.g_01832	Prbf.g_00511
OG0000953	Prbn	Prbg.g_01832	Prbn.g_01011
OG0000954	Prab	Prbg.g_01836	Prab.g_01847
OG0000954	Pran	Prbg.g_01836	Pran.g_01150
OG0000954	Prai	Prbg.g_01836	Prai.g_01828
OG0000954	Pray	Prbg.g_01836	Pray.g_01353
OG0000954	Praz	Prbg.g_01836	Praz.g_00216
OG0000954	Prba	Prbg.g_01836	Prba.g_00757
OG0000954	Prae	Prbg.g_01836	Prae.g_01805
OG0000954	Prao	Prbg.g_01836	Prao.g_01733
OG0000954	Prbi	Prbg.g_01836	Prbi.g_01984
OG0000954	Praa	Prbg.g_01836	Praa.g_01822
OG0000954	Prbd	Prbg.g_01836	Prbd.g_01345
OG0000954	Prax	Prbg.g_01836	Prax.g_01384
OG0000954	Pras	Prbg.g_01836	Pras.g_00733
OG0000954	Prau	Prbg.g_01836	Prau.g_01915
OG0000954	Prac	Prbg.g_01836	Prac.g_00031
OG0000954	Praq	Prbg.g_01836	Praq.g_00753
OG0000954	Prar	Prbg.g_01836	Prar.g_00643
OG0000954	Prad	Prbg.g_01836	Prad.g_01641
OG0000954	Prag	Prbg.g_01836	Prag.g_01850
OG0000954	Praw	Prbg.g_01836	Praw.g_00050
OG0000954	Prav	Prbg.g_01836	Prav.g_00679
OG0000954	Pram	Prbg.g_01836	Pram.g_01822
OG0000954	Prbh	Prbg.g_01836	Prbh.g_01592
OG0000954	Pral	Prbg.g_01836	Pral.g_00294
OG0000954	Prat	Prbg.g_01836	Prat.g_01777
OG0000954	Praj	Prbg.g_01836	Praj.g_02002
OG0000954	Prbm	Prbg.g_01836	Prbm.g_02084
OG0000954	Prbb	Prbg.g_01836	Prbb.g_02051
OG0000954	Prbc	Prbg.g_01836	Prbc.g_00221
OG0000954	Prbj	Prbg.g_01836	Prbj.g_01577
OG0000954	Prbk	Prbg.g_01836	Prbk.g_00216
OG0000954	Prbl	Prbg.g_01836	Prbl.g_01306
OG0000954	Praf	Prbg.g_01836	Praf.g_00195
OG0000954	Prah	Prbg.g_01836	Prah.g_00167
OG0000954	Syaa	Prbg.g_01836	Syaa.g_00138
OG0000954	Syae	Prbg.g_01836	Syae.g_01845
OG0000954	Syam	Prbg.g_01836	Syam.g_00131
OG0000954	Syai	Prbg.g_01836	Syai.g_00127
OG0000954	Syaf	Prbg.g_01836	Syaf.g_00372
OG0000954	Syac	Prbg.g_01836	Syac.g_00172
OG0000954	Syah	Prbg.g_01836	Syah.g_00233
OG0000954	Syad	Prbg.g_01836	Syad.g_00364
OG0000954	Syaj	Prbg.g_01836	Syaj.g_02435
OG0000954	Syas	Prbg.g_01836	Syas.g_02174
OG0000954	Syar	Prbg.g_01836	Syar.g_00258
OG0000954	Syat	Prbg.g_01836	Syat.g_02187
OG0000954	Syap	Prbg.g_01836	Syap.g_01089
OG0000954	Syan	Prbg.g_01836	Syan.g_01916
OG0000954	Syao	Prbg.g_01836	Syao.g_02135
OG0000954	Syag	Prbg.g_01836	Syag.g_02409
OG0000954	Syaq	Prbg.g_01836	Syaq.g_01012
OG0000954	Syak	Prbg.g_01836	Syak.g_01633
OG0000954	Syab	Prbg.g_01836	Syab.g_00129
OG0000954	Syal	Prbg.g_01836	Syal.g_01443
OG0000954	Prak	Prbg.g_01836	Prak.g_01831
OG0000954	Prap	Prbg.g_01836	Prap.g_01591
OG0000954	Prbe	Prbg.g_01836	Prbe.g_00785
OG0000954	Prbf	Prbg.g_01836	Prbf.g_00507
OG0000954	Prbn	Prbg.g_01836	Prbn.g_01007
OG0000955	Pray	Prbg.g_01837	Pray.g_01354
OG0000955	Praz	Prbg.g_01837	Praz.g_00215
OG0000955	Prba	Prbg.g_01837	Prba.g_00758
OG0000955	Prac	Prbg.g_01837	Prac.g_00032
OG0000955	Praq	Prbg.g_01837	Praq.g_00754
OG0000955	Prar	Prbg.g_01837	Prar.g_00644
OG0000955	Prao	Prbg.g_01837	Prao.g_01734
OG0000955	Praa	Prbg.g_01837	Praa.g_01823
OG0000955	Prbd	Prbg.g_01837	Prbd.g_01344
OG0000955	Pras	Prbg.g_01837	Pras.g_00734
OG0000955	Prau	Prbg.g_01837	Prau.g_01916
OG0000955	Prax	Prbg.g_01837	Prax.g_01385
OG0000955	Prbi	Prbg.g_01837	Prbi.g_01985
OG0000955	Prae	Prbg.g_01837	Prae.g_01806
OG0000955	Prad	Prbg.g_01837	Prad.g_01640
OG0000955	Prag	Prbg.g_01837	Prag.g_01851
OG0000955	Praw	Prbg.g_01837	Praw.g_00049
OG0000955	Prav	Prbg.g_01837	Prav.g_00680
OG0000955	Prab	Prbg.g_01837	Prab.g_01848
OG0000955	Pran	Prbg.g_01837	Pran.g_01151
OG0000955	Prai	Prbg.g_01837	Prai.g_01829
OG0000955	Praj	Prbg.g_01837	Praj.g_02003
OG0000955	Prbb	Prbg.g_01837	Prbb.g_02052
OG0000955	Prbm	Prbg.g_01837	Prbm.g_02085
OG0000955	Prbc	Prbg.g_01837	Prbc.g_00220
OG0000955	Prbj	Prbg.g_01837	Prbj.g_01578
OG0000955	Prbk	Prbg.g_01837	Prbk.g_00217
OG0000955	Prbl	Prbg.g_01837	Prbl.g_01305
OG0000955	Praf	Prbg.g_01837	Praf.g_00194
OG0000955	Prah	Prbg.g_01837	Prah.g_00166
OG0000955	Syag	Prbg.g_01837	Syag.g_02408
OG0000955	Syaq	Prbg.g_01837	Syaq.g_01013
OG0000955	Syak	Prbg.g_01837	Syak.g_01634
OG0000955	Syab	Prbg.g_01837	Syab.g_00128
OG0000955	Syal	Prbg.g_01837	Syal.g_01444
OG0000955	Syar	Prbg.g_01837	Syar.g_00259
OG0000955	Syan	Prbg.g_01837	Syan.g_01915
OG0000955	Syao	Prbg.g_01837	Syao.g_02136
OG0000955	Syat	Prbg.g_01837	Syat.g_02188
OG0000955	Syap	Prbg.g_01837	Syap.g_01090
OG0000955	Syas	Prbg.g_01837	Syas.g_02173
OG0000955	Syae	Prbg.g_01837	Syae.g_01844
OG0000955	Syaa	Prbg.g_01837	Syaa.g_00137
OG0000955	Syad	Prbg.g_01837	Syad.g_00363
OG0000955	Syaj	Prbg.g_01837	Syaj.g_02434
OG0000955	Syac	Prbg.g_01837	Syac.g_00171
OG0000955	Syah	Prbg.g_01837	Syah.g_00234
OG0000955	Syaf	Prbg.g_01837	Syaf.g_00373
OG0000955	Syai	Prbg.g_01837	Syai.g_00126
OG0000955	Syam	Prbg.g_01837	Syam.g_00130
OG0000955	Pral	Prbg.g_01837	Pral.g_00295
OG0000955	Prat	Prbg.g_01837	Prat.g_01778
OG0000955	Pram	Prbg.g_01837	Pram.g_01823
OG0000955	Prbh	Prbg.g_01837	Prbh.g_01591
OG0000955	Prak	Prbg.g_01837	Prak.g_01832
OG0000955	Prap	Prbg.g_01837	Prap.g_01590
OG0000955	Prbe	Prbg.g_01837	Prbe.g_00784
OG0000955	Prbf	Prbg.g_01837	Prbf.g_00506
OG0000955	Prbn	Prbg.g_01837	Prbn.g_01006
OG0000956	Prab	Prbg.g_01839	Prab.g_01850
OG0000956	Pran	Prbg.g_01839	Pran.g_01153
OG0000956	Prai	Prbg.g_01839	Prai.g_01831
OG0000956	Pray	Prbg.g_01839	Pray.g_01356
OG0000956	Praz	Prbg.g_01839	Praz.g_00213
OG0000956	Prba	Prbg.g_01839	Prba.g_00760
OG0000956	Prad	Prbg.g_01839	Prad.g_01638
OG0000956	Prag	Prbg.g_01839	Prag.g_01853
OG0000956	Praw	Prbg.g_01839	Praw.g_00047
OG0000956	Prac	Prbg.g_01839	Prac.g_00034
OG0000956	Praq	Prbg.g_01839	Praq.g_00756
OG0000956	Prar	Prbg.g_01839	Prar.g_00646
OG0000956	Prav	Prbg.g_01839	Prav.g_00682
OG0000956	Prax	Prbg.g_01839	Prax.g_01387
OG0000956	Prae	Prbg.g_01839	Prae.g_01808
OG0000956	Pras	Prbg.g_01839	Pras.g_00736
OG0000956	Prau	Prbg.g_01839	Prau.g_01918
OG0000956	Praa	Prbg.g_01839	Praa.g_01825
OG0000956	Prbd	Prbg.g_01839	Prbd.g_01342
OG0000956	Prao	Prbg.g_01839	Prao.g_01736
OG0000956	Prbi	Prbg.g_01839	Prbi.g_01987
OG0000956	Prbm	Prbg.g_01839	Prbm.g_02087
OG0000956	Prbb	Prbg.g_01839	Prbb.g_02054
OG0000956	Praj	Prbg.g_01839	Praj.g_02005
OG0000956	Prbc	Prbg.g_01839	Prbc.g_00218
OG0000956	Syar	Prbg.g_01839	Syar.g_00261
OG0000956	Syap	Prbg.g_01839	Syap.g_01092
OG0000956	Syas	Prbg.g_01839	Syas.g_02171
OG0000956	Syan	Prbg.g_01839	Syan.g_01913
OG0000956	Syao	Prbg.g_01839	Syao.g_02138
OG0000956	Syat	Prbg.g_01839	Syat.g_02191
OG0000956	Prbj	Prbg.g_01839	Prbj.g_01580
OG0000956	Prbl	Prbg.g_01839	Prbl.g_01303
OG0000956	Prbk	Prbg.g_01839	Prbk.g_00219
OG0000956	Praf	Prbg.g_01839	Praf.g_00192
OG0000956	Prah	Prbg.g_01839	Prah.g_00164
OG0000956	Syak	Prbg.g_01839	Syak.g_01636
OG0000956	Syab	Prbg.g_01839	Syab.g_00126
OG0000956	Syal	Prbg.g_01839	Syal.g_01446
OG0000956	Syag	Prbg.g_01839	Syag.g_02406
OG0000956	Syac	Prbg.g_01839	Syac.g_00169
OG0000956	Syah	Prbg.g_01839	Syah.g_00236
OG0000956	Syaf	Prbg.g_01839	Syaf.g_00375
OG0000956	Syai	Prbg.g_01839	Syai.g_00124
OG0000956	Syam	Prbg.g_01839	Syam.g_00128
OG0000956	Syad	Prbg.g_01839	Syad.g_00361
OG0000956	Syaj	Prbg.g_01839	Syaj.g_02432
OG0000956	Syaa	Prbg.g_01839	Syaa.g_00135
OG0000956	Syae	Prbg.g_01839	Syae.g_01842
OG0000956	Syaq	Prbg.g_01839	Syaq.g_01015
OG0000956	Pral	Prbg.g_01839	Pral.g_00297
OG0000956	Prat	Prbg.g_01839	Prat.g_01780
OG0000956	Pram	Prbg.g_01839	Pram.g_01825
OG0000956	Prbh	Prbg.g_01839	Prbh.g_01589
OG0000956	Prak	Prbg.g_01839	Prak.g_01834
OG0000956	Prap	Prbg.g_01839	Prap.g_01588
OG0000956	Prbe	Prbg.g_01839	Prbe.g_00782
OG0000956	Prbf	Prbg.g_01839	Prbf.g_00504
OG0000956	Prbn	Prbg.g_01839	Prbn.g_01004
OG0000957	Prad	Prbg.g_01845	Prad.g_01633
OG0000957	Prav	Prbg.g_01845	Prav.g_00687
OG0000957	Prag	Prbg.g_01845	Prag.g_01859
OG0000957	Praw	Prbg.g_01845	Praw.g_00041
OG0000957	Pray	Prbg.g_01845	Pray.g_01362
OG0000957	Praz	Prbg.g_01845	Praz.g_00207
OG0000957	Prba	Prbg.g_01845	Prba.g_00766
OG0000957	Prao	Prbg.g_01845	Prao.g_01741
OG0000957	Prac	Prbg.g_01845	Prac.g_00039
OG0000957	Praq	Prbg.g_01845	Praq.g_00761
OG0000957	Prar	Prbg.g_01845	Prar.g_00651
OG0000957	Prae	Prbg.g_01845	Prae.g_01813
OG0000957	Pras	Prbg.g_01845	Pras.g_00741
OG0000957	Prau	Prbg.g_01845	Prau.g_01923
OG0000957	Prbi	Prbg.g_01845	Prbi.g_01992
OG0000957	Prax	Prbg.g_01845	Prax.g_01392
OG0000957	Praa	Prbg.g_01845	Praa.g_01830
OG0000957	Prbd	Prbg.g_01845	Prbd.g_01337
OG0000957	Prab	Prbg.g_01845	Prab.g_01855
OG0000957	Pran	Prbg.g_01845	Pran.g_01158
OG0000957	Prai	Prbg.g_01845	Prai.g_01836
OG0000957	Prbj	Prbg.g_01845	Prbj.g_01596
OG0000957	Prbk	Prbg.g_01845	Prbk.g_00235
OG0000957	Prbl	Prbg.g_01845	Prbl.g_01287
OG0000957	Praf	Prbg.g_01845	Praf.g_00180
OG0000957	Prah	Prbg.g_01845	Prah.g_00152
OG0000957	Syag	Prbg.g_01845	Syag.g_02395
OG0000957	Syaq	Prbg.g_01845	Syaq.g_01026
OG0000957	Syak	Prbg.g_01845	Syak.g_01648
OG0000957	Syab	Prbg.g_01845	Syab.g_00115
OG0000957	Syal	Prbg.g_01845	Syal.g_01457
OG0000957	Syan	Prbg.g_01845	Syan.g_01898
OG0000957	Syao	Prbg.g_01845	Syao.g_01951
OG0000957	Syas	Prbg.g_01845	Syas.g_02158
OG0000957	Syap	Prbg.g_01845	Syap.g_01109
OG0000957	Syar	Prbg.g_01845	Syar.g_00610
OG0000957	Syat	Prbg.g_01845	Syat.g_02204
OG0000957	Syad	Prbg.g_01845	Syad.g_00350
OG0000957	Syaj	Prbg.g_01845	Syaj.g_02419
OG0000957	Syaa	Prbg.g_01845	Syaa.g_00125
OG0000957	Syae	Prbg.g_01845	Syae.g_01831
OG0000957	Syac	Prbg.g_01845	Syac.g_00158
OG0000957	Syah	Prbg.g_01845	Syah.g_00248
OG0000957	Syai	Prbg.g_01845	Syai.g_00113
OG0000957	Syaf	Prbg.g_01845	Syaf.g_00386
OG0000957	Syam	Prbg.g_01845	Syam.g_00117
OG0000957	Praj	Prbg.g_01845	Praj.g_02010
OG0000957	Prbm	Prbg.g_01845	Prbm.g_02092
OG0000957	Prbc	Prbg.g_01845	Prbc.g_00213
OG0000957	Prbb	Prbg.g_01845	Prbb.g_02059
OG0000957	Pral	Prbg.g_01845	Pral.g_00303
OG0000957	Prat	Prbg.g_01845	Prat.g_01786
OG0000957	Pram	Prbg.g_01845	Pram.g_01831
OG0000957	Prbh	Prbg.g_01845	Prbh.g_01583
OG0000957	Prak	Prbg.g_01845	Prak.g_01840
OG0000957	Prap	Prbg.g_01845	Prap.g_01582
OG0000957	Prbe	Prbg.g_01845	Prbe.g_00776
OG0000957	Prbf	Prbg.g_01845	Prbf.g_00498
OG0000957	Prbn	Prbg.g_01845	Prbn.g_00998
OG0000958	Prab	Prbg.g_01846	Prab.g_01856
OG0000958	Pran	Prbg.g_01846	Pran.g_01159
OG0000958	Prai	Prbg.g_01846	Prai.g_01837
OG0000958	Prad	Prbg.g_01846	Prad.g_01632
OG0000958	Prac	Prbg.g_01846	Prac.g_00040
OG0000958	Praq	Prbg.g_01846	Praq.g_00762
OG0000958	Prar	Prbg.g_01846	Prar.g_00652
OG0000958	Prao	Prbg.g_01846	Prao.g_01742
OG0000958	Prax	Prbg.g_01846	Prax.g_01393
OG0000958	Prae	Prbg.g_01846	Prae.g_01814
OG0000958	Prbi	Prbg.g_01846	Prbi.g_01993
OG0000958	Pras	Prbg.g_01846	Pras.g_00742
OG0000958	Prau	Prbg.g_01846	Prau.g_01924
OG0000958	Prav	Prbg.g_01846	Prav.g_00688
OG0000958	Praa	Prbg.g_01846	Praa.g_01831
OG0000958	Prbd	Prbg.g_01846	Prbd.g_01336
OG0000958	Prag	Prbg.g_01846	Prag.g_01860
OG0000958	Praw	Prbg.g_01846	Praw.g_00040
OG0000958	Pray	Prbg.g_01846	Pray.g_01363
OG0000958	Praz	Prbg.g_01846	Praz.g_00206
OG0000958	Prba	Prbg.g_01846	Prba.g_00767
OG0000958	Syan	Prbg.g_01846	Syan.g_01897
OG0000958	Syao	Prbg.g_01846	Syao.g_01950
OG0000958	Syat	Prbg.g_01846	Syat.g_02205
OG0000958	Syas	Prbg.g_01846	Syas.g_02157
OG0000958	Syap	Prbg.g_01846	Syap.g_01110
OG0000958	Syar	Prbg.g_01846	Syar.g_00609
OG0000958	Praf	Prbg.g_01846	Praf.g_00179
OG0000958	Prbj	Prbg.g_01846	Prbj.g_01597
OG0000958	Prbk	Prbg.g_01846	Prbk.g_00236
OG0000958	Prbl	Prbg.g_01846	Prbl.g_01286
OG0000958	Prah	Prbg.g_01846	Prah.g_00151
OG0000958	Syag	Prbg.g_01846	Syag.g_02394
OG0000958	Syaq	Prbg.g_01846	Syaq.g_01027
OG0000958	Syak	Prbg.g_01846	Syak.g_01649
OG0000958	Syab	Prbg.g_01846	Syab.g_00114
OG0000958	Syal	Prbg.g_01846	Syal.g_01458
OG0000958	Syad	Prbg.g_01846	Syad.g_00349
OG0000958	Syaj	Prbg.g_01846	Syaj.g_02418
OG0000958	Syae	Prbg.g_01846	Syae.g_01830
OG0000958	Syaa	Prbg.g_01846	Syaa.g_00124
OG0000958	Syac	Prbg.g_01846	Syac.g_00157
OG0000958	Syah	Prbg.g_01846	Syah.g_00249
OG0000958	Syaf	Prbg.g_01846	Syaf.g_00387
OG0000958	Syam	Prbg.g_01846	Syam.g_00116
OG0000958	Syai	Prbg.g_01846	Syai.g_00112
OG0000958	Prbc	Prbg.g_01846	Prbc.g_00212
OG0000958	Prbm	Prbg.g_01846	Prbm.g_02093
OG0000958	Praj	Prbg.g_01846	Praj.g_02011
OG0000958	Prbb	Prbg.g_01846	Prbb.g_02060
OG0000958	Pral	Prbg.g_01846	Pral.g_00304
OG0000958	Prat	Prbg.g_01846	Prat.g_01787
OG0000958	Pram	Prbg.g_01846	Pram.g_01832
OG0000958	Prbh	Prbg.g_01846	Prbh.g_01582
OG0000958	Prak	Prbg.g_01846	Prak.g_01841
OG0000958	Prap	Prbg.g_01846	Prap.g_01581
OG0000958	Prbe	Prbg.g_01846	Prbe.g_00775
OG0000958	Prbf	Prbg.g_01846	Prbf.g_00497
OG0000958	Prbn	Prbg.g_01846	Prbn.g_00997
OG0000959	Prae	Prbg.g_01850	Prae.g_01818
OG0000959	Pras	Prbg.g_01850	Pras.g_00746
OG0000959	Prau	Prbg.g_01850	Prau.g_01928
OG0000959	Prbi	Prbg.g_01850	Prbi.g_01997
OG0000959	Prac	Prbg.g_01850	Prac.g_00044
OG0000959	Praq	Prbg.g_01850	Praq.g_00766
OG0000959	Prar	Prbg.g_01850	Prar.g_00656
OG0000959	Prav	Prbg.g_01850	Prav.g_00692
OG0000959	Praa	Prbg.g_01850	Praa.g_01835
OG0000959	Prag	Prbg.g_01850	Prag.g_01864
OG0000959	Praw	Prbg.g_01850	Praw.g_00036
OG0000959	Prbd	Prbg.g_01850	Prbd.g_01332
OG0000959	Prax	Prbg.g_01850	Prax.g_01397
OG0000959	Prao	Prbg.g_01850	Prao.g_01746
OG0000959	Pray	Prbg.g_01850	Pray.g_01367
OG0000959	Praz	Prbg.g_01850	Praz.g_00202
OG0000959	Prba	Prbg.g_01850	Prba.g_00771
OG0000959	Prab	Prbg.g_01850	Prab.g_01860
OG0000959	Pran	Prbg.g_01850	Pran.g_01163
OG0000959	Prai	Prbg.g_01850	Prai.g_01841
OG0000959	Prad	Prbg.g_01850	Prad.g_01628
OG0000959	Prah	Prbg.g_01850	Prah.g_00146
OG0000959	Praf	Prbg.g_01850	Praf.g_00175
OG0000959	Prbj	Prbg.g_01850	Prbj.g_01821
OG0000959	Prbk	Prbg.g_01850	Prbk.g_01482
OG0000959	Prbl	Prbg.g_01850	Prbl.g_02638
OG0000959	Syag	Prbg.g_01850	Syag.g_02389
OG0000959	Syak	Prbg.g_01850	Syak.g_01653
OG0000959	Syad	Prbg.g_01850	Syad.g_00345
OG0000959	Syaj	Prbg.g_01850	Syaj.g_02413
OG0000959	Syaa	Prbg.g_01850	Syaa.g_00120
OG0000959	Syae	Prbg.g_01850	Syae.g_01826
OG0000959	Syam	Prbg.g_01850	Syam.g_00112
OG0000959	Syai	Prbg.g_01850	Syai.g_00108
OG0000959	Syaf	Prbg.g_01850	Syaf.g_00391
OG0000959	Syaq	Prbg.g_01850	Syaq.g_01031
OG0000959	Syac	Prbg.g_01850	Syac.g_00153
OG0000959	Syah	Prbg.g_01850	Syah.g_00253
OG0000959	Syab	Prbg.g_01850	Syab.g_00110
OG0000959	Syal	Prbg.g_01850	Syal.g_01482
OG0000959	Syat	Prbg.g_01850	Syat.g_02212
OG0000959	Syar	Prbg.g_01850	Syar.g_00605
OG0000959	Syas	Prbg.g_01850	Syas.g_02154
OG0000959	Syan	Prbg.g_01850	Syan.g_01893
OG0000959	Syao	Prbg.g_01850	Syao.g_01947
OG0000959	Syap	Prbg.g_01850	Syap.g_01114
OG0000959	Praj	Prbg.g_01850	Praj.g_02015
OG0000959	Prbb	Prbg.g_01850	Prbb.g_02064
OG0000959	Prbm	Prbg.g_01850	Prbm.g_02097
OG0000959	Prbc	Prbg.g_01850	Prbc.g_00208
OG0000959	Pral	Prbg.g_01850	Pral.g_00308
OG0000959	Prat	Prbg.g_01850	Prat.g_01791
OG0000959	Pram	Prbg.g_01850	Pram.g_01836
OG0000959	Prbh	Prbg.g_01850	Prbh.g_01578
OG0000959	Prak	Prbg.g_01850	Prak.g_01845
OG0000959	Prap	Prbg.g_01850	Prap.g_01577
OG0000959	Prbe	Prbg.g_01850	Prbe.g_00771
OG0000959	Prbf	Prbg.g_01850	Prbf.g_00493
OG0000959	Prbn	Prbg.g_01850	Prbn.g_00993
OG0000960	Prab	Prbg.g_01851	Prab.g_01861
OG0000960	Pran	Prbg.g_01851	Pran.g_01164
OG0000960	Prai	Prbg.g_01851	Prai.g_01842
OG0000960	Pras	Prbg.g_01851	Pras.g_00747
OG0000960	Prau	Prbg.g_01851	Prau.g_01929
OG0000960	Prbd	Prbg.g_01851	Prbd.g_01331
OG0000960	Prbi	Prbg.g_01851	Prbi.g_01998
OG0000960	Prav	Prbg.g_01851	Prav.g_00693
OG0000960	Prac	Prbg.g_01851	Prac.g_00045
OG0000960	Praq	Prbg.g_01851	Praq.g_00767
OG0000960	Prar	Prbg.g_01851	Prar.g_00657
OG0000960	Pray	Prbg.g_01851	Pray.g_01368
OG0000960	Praz	Prbg.g_01851	Praz.g_00201
OG0000960	Prba	Prbg.g_01851	Prba.g_00772
OG0000960	Prad	Prbg.g_01851	Prad.g_01627
OG0000960	Prao	Prbg.g_01851	Prao.g_01747
OG0000960	Praa	Prbg.g_01851	Praa.g_01836
OG0000960	Prag	Prbg.g_01851	Prag.g_01865
OG0000960	Praw	Prbg.g_01851	Praw.g_00035
OG0000960	Prae	Prbg.g_01851	Prae.g_01819
OG0000960	Prax	Prbg.g_01851	Prax.g_01398
OG0000960	Prbm	Prbg.g_01851	Prbm.g_02098
OG0000960	Praj	Prbg.g_01851	Praj.g_02016
OG0000960	Prbc	Prbg.g_01851	Prbc.g_00207
OG0000960	Prbb	Prbg.g_01851	Prbb.g_02065
OG0000960	Syat	Prbg.g_01851	Syat.g_02213
OG0000960	Syap	Prbg.g_01851	Syap.g_01115
OG0000960	Syan	Prbg.g_01851	Syan.g_01892
OG0000960	Syao	Prbg.g_01851	Syao.g_01946
OG0000960	Syar	Prbg.g_01851	Syar.g_00604
OG0000960	Syas	Prbg.g_01851	Syas.g_02153
OG0000960	Syac	Prbg.g_01851	Syac.g_00152
OG0000960	Syah	Prbg.g_01851	Syah.g_00254
OG0000960	Syae	Prbg.g_01851	Syae.g_01825
OG0000960	Syaa	Prbg.g_01851	Syaa.g_00119
OG0000960	Syak	Prbg.g_01851	Syak.g_01654
OG0000960	Syad	Prbg.g_01851	Syad.g_00344
OG0000960	Syaj	Prbg.g_01851	Syaj.g_02412
OG0000960	Syaf	Prbg.g_01851	Syaf.g_00392
OG0000960	Syai	Prbg.g_01851	Syai.g_00107
OG0000960	Syam	Prbg.g_01851	Syam.g_00111
OG0000960	Syab	Prbg.g_01851	Syab.g_00109
OG0000960	Syal	Prbg.g_01851	Syal.g_01483
OG0000960	Syag	Prbg.g_01851	Syag.g_02388
OG0000960	Syaq	Prbg.g_01851	Syaq.g_01032
OG0000960	Prbj	Prbg.g_01851	Prbj.g_01820
OG0000960	Prbk	Prbg.g_01851	Prbk.g_01483
OG0000960	Prbl	Prbg.g_01851	Prbl.g_02637
OG0000960	Praf	Prbg.g_01851	Praf.g_00174
OG0000960	Prah	Prbg.g_01851	Prah.g_00145
OG0000960	Pral	Prbg.g_01851	Pral.g_00309
OG0000960	Prat	Prbg.g_01851	Prat.g_01792
OG0000960	Pram	Prbg.g_01851	Pram.g_01837
OG0000960	Prbh	Prbg.g_01851	Prbh.g_01577
OG0000960	Prak	Prbg.g_01851	Prak.g_01846
OG0000960	Prap	Prbg.g_01851	Prap.g_01576
OG0000960	Prbe	Prbg.g_01851	Prbe.g_00770
OG0000960	Prbf	Prbg.g_01851	Prbf.g_00492
OG0000960	Prbn	Prbg.g_01851	Prbn.g_00992
OG0000961	Prab	Prbg.g_01854	Prab.g_01863
OG0000961	Pran	Prbg.g_01854	Pran.g_01166
OG0000961	Prai	Prbg.g_01854	Prai.g_01844
OG0000961	Prac	Prbg.g_01854	Prac.g_00047
OG0000961	Praq	Prbg.g_01854	Praq.g_00769
OG0000961	Prar	Prbg.g_01854	Prar.g_00659
OG0000961	Prad	Prbg.g_01854	Prad.g_01625
OG0000961	Prao	Prbg.g_01854	Prao.g_01749
OG0000961	Prag	Prbg.g_01854	Prag.g_01867
OG0000961	Praw	Prbg.g_01854	Praw.g_00033
OG0000961	Prav	Prbg.g_01854	Prav.g_00695
OG0000961	Prbi	Prbg.g_01854	Prbi.g_02000
OG0000961	Prae	Prbg.g_01854	Prae.g_01821
OG0000961	Praa	Prbg.g_01854	Praa.g_01838
OG0000961	Prbd	Prbg.g_01854	Prbd.g_01329
OG0000961	Pras	Prbg.g_01854	Pras.g_00749
OG0000961	Prau	Prbg.g_01854	Prau.g_01931
OG0000961	Prax	Prbg.g_01854	Prax.g_01400
OG0000961	Pray	Prbg.g_01854	Pray.g_01370
OG0000961	Praz	Prbg.g_01854	Praz.g_00199
OG0000961	Prba	Prbg.g_01854	Prba.g_00774
OG0000961	Prbm	Prbg.g_01854	Prbm.g_02101
OG0000961	Prbb	Prbg.g_01854	Prbb.g_02068
OG0000961	Praj	Prbg.g_01854	Praj.g_02019
OG0000961	Prbc	Prbg.g_01854	Prbc.g_00204
OG0000961	Prbj	Prbg.g_01854	Prbj.g_01809
OG0000961	Prbk	Prbg.g_01854	Prbk.g_01494
OG0000961	Prbl	Prbg.g_01854	Prbl.g_01235
OG0000961	Praf	Prbg.g_01854	Praf.g_00165
OG0000961	Prah	Prbg.g_01854	Prah.g_00136
OG0000961	Syas	Prbg.g_01854	Syas.g_02345
OG0000961	Syat	Prbg.g_01854	Syat.g_02873
OG0000961	Syan	Prbg.g_01854	Syan.g_03024
OG0000961	Syao	Prbg.g_01854	Syao.g_02496
OG0000961	Syap	Prbg.g_01854	Syap.g_02170
OG0000961	Syar	Prbg.g_01854	Syar.g_00094
OG0000961	Syag	Prbg.g_01854	Syag.g_02379
OG0000961	Syak	Prbg.g_01854	Syak.g_01679
OG0000961	Syaq	Prbg.g_01854	Syaq.g_01043
OG0000961	Syab	Prbg.g_01854	Syab.g_00100
OG0000961	Syal	Prbg.g_01854	Syal.g_01507
OG0000961	Syah	Prbg.g_01854	Syah.g_00259
OG0000961	Syaf	Prbg.g_01854	Syaf.g_00402
OG0000961	Syai	Prbg.g_01854	Syai.g_00100
OG0000961	Syam	Prbg.g_01854	Syam.g_00108
OG0000961	Syae	Prbg.g_01854	Syae.g_01822
OG0000961	Syaa	Prbg.g_01854	Syaa.g_00106
OG0000961	Syac	Prbg.g_01854	Syac.g_00147
OG0000961	Syad	Prbg.g_01854	Syad.g_00335
OG0000961	Syaj	Prbg.g_01854	Syaj.g_02402
OG0000961	Pral	Prbg.g_01854	Pral.g_00312
OG0000961	Prat	Prbg.g_01854	Prat.g_01795
OG0000961	Pram	Prbg.g_01854	Pram.g_01840
OG0000961	Prbh	Prbg.g_01854	Prbh.g_01574
OG0000961	Prak	Prbg.g_01854	Prak.g_01849
OG0000961	Prap	Prbg.g_01854	Prap.g_01573
OG0000961	Prbe	Prbg.g_01854	Prbe.g_00767
OG0000961	Prbf	Prbg.g_01854	Prbf.g_00488
OG0000961	Prbn	Prbg.g_01854	Prbn.g_00989
OG0000962	Pray	Prbg.g_01856	Pray.g_01372
OG0000962	Praz	Prbg.g_01856	Praz.g_00197
OG0000962	Prba	Prbg.g_01856	Prba.g_00776
OG0000962	Prao	Prbg.g_01856	Prao.g_01751
OG0000962	Prab	Prbg.g_01856	Prab.g_01865
OG0000962	Pran	Prbg.g_01856	Pran.g_01168
OG0000962	Prai	Prbg.g_01856	Prai.g_01846
OG0000962	Prag	Prbg.g_01856	Prag.g_01869
OG0000962	Praw	Prbg.g_01856	Praw.g_00031
OG0000962	Prav	Prbg.g_01856	Prav.g_00697
OG0000962	Prac	Prbg.g_01856	Prac.g_00049
OG0000962	Praq	Prbg.g_01856	Praq.g_00771
OG0000962	Prar	Prbg.g_01856	Prar.g_00661
OG0000962	Prad	Prbg.g_01856	Prad.g_01623
OG0000962	Pras	Prbg.g_01856	Pras.g_00751
OG0000962	Prau	Prbg.g_01856	Prau.g_01933
OG0000962	Prae	Prbg.g_01856	Prae.g_01823
OG0000962	Prbi	Prbg.g_01856	Prbi.g_02002
OG0000962	Prbd	Prbg.g_01856	Prbd.g_01327
OG0000962	Prax	Prbg.g_01856	Prax.g_01402
OG0000962	Praa	Prbg.g_01856	Praa.g_01840
OG0000962	Prbb	Prbg.g_01856	Prbb.g_02070
OG0000962	Praj	Prbg.g_01856	Praj.g_02021
OG0000962	Prbm	Prbg.g_01856	Prbm.g_02103
OG0000962	Prbc	Prbg.g_01856	Prbc.g_00202
OG0000962	Pral	Prbg.g_01856	Pral.g_00314
OG0000962	Prat	Prbg.g_01856	Prat.g_01797
OG0000962	Syag	Prbg.g_01856	Syag.g_02377
OG0000962	Syaq	Prbg.g_01856	Syaq.g_01045
OG0000962	Syas	Prbg.g_01856	Syas.g_02146
OG0000962	Syap	Prbg.g_01856	Syap.g_01121
OG0000962	Syan	Prbg.g_01856	Syan.g_01887
OG0000962	Syao	Prbg.g_01856	Syao.g_02191
OG0000962	Syar	Prbg.g_01856	Syar.g_00594
OG0000962	Syat	Prbg.g_01856	Syat.g_02223
OG0000962	Syab	Prbg.g_01856	Syab.g_00098
OG0000962	Syal	Prbg.g_01856	Syal.g_01509
OG0000962	Syak	Prbg.g_01856	Syak.g_01682
OG0000962	Syac	Prbg.g_01856	Syac.g_00145
OG0000962	Syah	Prbg.g_01856	Syah.g_00262
OG0000962	Syaa	Prbg.g_01856	Syaa.g_00102
OG0000962	Syae	Prbg.g_01856	Syae.g_01820
OG0000962	Syad	Prbg.g_01856	Syad.g_00332
OG0000962	Syaj	Prbg.g_01856	Syaj.g_02398
OG0000962	Syaf	Prbg.g_01856	Syaf.g_00404
OG0000962	Syai	Prbg.g_01856	Syai.g_00098
OG0000962	Syam	Prbg.g_01856	Syam.g_00106
OG0000962	Prbj	Prbg.g_01856	Prbj.g_01290
OG0000962	Prbk	Prbg.g_01856	Prbk.g_01530
OG0000962	Prbl	Prbg.g_01856	Prbl.g_02063
OG0000962	Praf	Prbg.g_01856	Praf.g_00163
OG0000962	Prah	Prbg.g_01856	Prah.g_00134
OG0000962	Pram	Prbg.g_01856	Pram.g_01842
OG0000962	Prbh	Prbg.g_01856	Prbh.g_01572
OG0000962	Prak	Prbg.g_01856	Prak.g_01851
OG0000962	Prap	Prbg.g_01856	Prap.g_01571
OG0000962	Prbe	Prbg.g_01856	Prbe.g_00765
OG0000962	Prbf	Prbg.g_01856	Prbf.g_00486
OG0000962	Prbn	Prbg.g_01856	Prbn.g_00987
OG0000963	Prab	Prbg.g_01860	Prab.g_01869
OG0000963	Pran	Prbg.g_01860	Pran.g_01172
OG0000963	Prai	Prbg.g_01860	Prai.g_01850
OG0000963	Prbi	Prbg.g_01860	Prbi.g_02006
OG0000963	Praa	Prbg.g_01860	Praa.g_01844
OG0000963	Prax	Prbg.g_01860	Prax.g_01406
OG0000963	Prae	Prbg.g_01860	Prae.g_01827
OG0000963	Prbd	Prbg.g_01860	Prbd.g_01323
OG0000963	Pras	Prbg.g_01860	Pras.g_00755
OG0000963	Prau	Prbg.g_01860	Prau.g_01937
OG0000963	Prao	Prbg.g_01860	Prao.g_01755
OG0000963	Prac	Prbg.g_01860	Prac.g_00052
OG0000963	Prar	Prbg.g_01860	Prar.g_00664
OG0000963	Praq	Prbg.g_01860	Praq.g_00774
OG0000963	Prag	Prbg.g_01860	Prag.g_01873
OG0000963	Praw	Prbg.g_01860	Praw.g_00027
OG0000963	Prav	Prbg.g_01860	Prav.g_00701
OG0000963	Pray	Prbg.g_01860	Pray.g_01376
OG0000963	Praz	Prbg.g_01860	Praz.g_00193
OG0000963	Prba	Prbg.g_01860	Prba.g_00780
OG0000963	Prad	Prbg.g_01860	Prad.g_01620
OG0000963	Praj	Prbg.g_01860	Praj.g_02026
OG0000963	Prbb	Prbg.g_01860	Prbb.g_02075
OG0000963	Prbm	Prbg.g_01860	Prbm.g_02107
OG0000963	Prbc	Prbg.g_01860	Prbc.g_00197
OG0000963	Prbj	Prbg.g_01860	Prbj.g_01285
OG0000963	Prbk	Prbg.g_01860	Prbk.g_01535
OG0000963	Prbl	Prbg.g_01860	Prbl.g_02058
OG0000963	Praf	Prbg.g_01860	Praf.g_00157
OG0000963	Prah	Prbg.g_01860	Prah.g_00129
OG0000963	Syap	Prbg.g_01860	Syap.g_01124
OG0000963	Syas	Prbg.g_01860	Syas.g_02143
OG0000963	Syan	Prbg.g_01860	Syan.g_01881
OG0000963	Syao	Prbg.g_01860	Syao.g_02186
OG0000963	Syar	Prbg.g_01860	Syar.g_00590
OG0000963	Syat	Prbg.g_01860	Syat.g_02226
OG0000963	Syag	Prbg.g_01860	Syag.g_02372
OG0000963	Syad	Prbg.g_01860	Syad.g_00325
OG0000963	Syaj	Prbg.g_01860	Syaj.g_02393
OG0000963	Syae	Prbg.g_01860	Syae.g_01814
OG0000963	Syac	Prbg.g_01860	Syac.g_00140
OG0000963	Syah	Prbg.g_01860	Syah.g_00267
OG0000963	Syaa	Prbg.g_01860	Syaa.g_00097
OG0000963	Syam	Prbg.g_01860	Syam.g_00101
OG0000963	Syaf	Prbg.g_01860	Syaf.g_00409
OG0000963	Syai	Prbg.g_01860	Syai.g_00094
OG0000963	Syaq	Prbg.g_01860	Syaq.g_01049
OG0000963	Syak	Prbg.g_01860	Syak.g_01687
OG0000963	Syab	Prbg.g_01860	Syab.g_00093
OG0000963	Syal	Prbg.g_01860	Syal.g_01514
OG0000963	Pral	Prbg.g_01860	Pral.g_00318
OG0000963	Prat	Prbg.g_01860	Prat.g_01801
OG0000963	Pram	Prbg.g_01860	Pram.g_01846
OG0000963	Prbh	Prbg.g_01860	Prbh.g_01568
OG0000963	Prak	Prbg.g_01860	Prak.g_01855
OG0000963	Prap	Prbg.g_01860	Prap.g_01567
OG0000963	Prbe	Prbg.g_01860	Prbe.g_00761
OG0000963	Prbf	Prbg.g_01860	Prbf.g_00482
OG0000963	Prbn	Prbg.g_01860	Prbn.g_00983
OG0000964	Prab	Prbg.g_01861	Prab.g_01870
OG0000964	Pran	Prbg.g_01861	Pran.g_01173
OG0000964	Prai	Prbg.g_01861	Prai.g_01851
OG0000964	Prao	Prbg.g_01861	Prao.g_01756
OG0000964	Praa	Prbg.g_01861	Praa.g_01845
OG0000964	Prbi	Prbg.g_01861	Prbi.g_02007
OG0000964	Pras	Prbg.g_01861	Pras.g_00756
OG0000964	Prau	Prbg.g_01861	Prau.g_01938
OG0000964	Prae	Prbg.g_01861	Prae.g_01828
OG0000964	Prax	Prbg.g_01861	Prax.g_01407
OG0000964	Prbd	Prbg.g_01861	Prbd.g_01321
OG0000964	Pray	Prbg.g_01861	Pray.g_01377
OG0000964	Praz	Prbg.g_01861	Praz.g_00192
OG0000964	Prba	Prbg.g_01861	Prba.g_00781
OG0000964	Prac	Prbg.g_01861	Prac.g_00053
OG0000964	Praq	Prbg.g_01861	Praq.g_00679
OG0000964	Prar	Prbg.g_01861	Prar.g_00665
OG0000964	Prag	Prbg.g_01861	Prag.g_01874
OG0000964	Praw	Prbg.g_01861	Praw.g_00026
OG0000964	Prav	Prbg.g_01861	Prav.g_00702
OG0000964	Prad	Prbg.g_01861	Prad.g_01619
OG0000964	Prbc	Prbg.g_01861	Prbc.g_00196
OG0000964	Prbm	Prbg.g_01861	Prbm.g_02108
OG0000964	Prbb	Prbg.g_01861	Prbb.g_02076
OG0000964	Praj	Prbg.g_01861	Praj.g_02027
OG0000964	Pral	Prbg.g_01861	Pral.g_00319
OG0000964	Prat	Prbg.g_01861	Prat.g_01802
OG0000964	Prbj	Prbg.g_01861	Prbj.g_01284
OG0000964	Prbk	Prbg.g_01861	Prbk.g_01536
OG0000964	Prbl	Prbg.g_01861	Prbl.g_02057
OG0000964	Praf	Prbg.g_01861	Praf.g_00156
OG0000964	Prah	Prbg.g_01861	Prah.g_00128
OG0000964	Syac	Prbg.g_01861	Syac.g_00139
OG0000964	Syah	Prbg.g_01861	Syah.g_00268
OG0000964	Syad	Prbg.g_01861	Syad.g_00324
OG0000964	Syaj	Prbg.g_01861	Syaj.g_02392
OG0000964	Syae	Prbg.g_01861	Syae.g_01813
OG0000964	Syaa	Prbg.g_01861	Syaa.g_00096
OG0000964	Syaf	Prbg.g_01861	Syaf.g_00410
OG0000964	Syam	Prbg.g_01861	Syam.g_00100
OG0000964	Syai	Prbg.g_01861	Syai.g_00093
OG0000964	Syak	Prbg.g_01861	Syak.g_01688
OG0000964	Syab	Prbg.g_01861	Syab.g_00092
OG0000964	Syal	Prbg.g_01861	Syal.g_01515
OG0000964	Syap	Prbg.g_01861	Syap.g_01125
OG0000964	Syas	Prbg.g_01861	Syas.g_02142
OG0000964	Syar	Prbg.g_01861	Syar.g_00589
OG0000964	Syat	Prbg.g_01861	Syat.g_02227
OG0000964	Syan	Prbg.g_01861	Syan.g_01880
OG0000964	Syao	Prbg.g_01861	Syao.g_02185
OG0000964	Syag	Prbg.g_01861	Syag.g_02371
OG0000964	Syaq	Prbg.g_01861	Syaq.g_01050
OG0000964	Pram	Prbg.g_01861	Pram.g_01847
OG0000964	Prbh	Prbg.g_01861	Prbh.g_01567
OG0000964	Prak	Prbg.g_01861	Prak.g_01856
OG0000964	Prap	Prbg.g_01861	Prap.g_01566
OG0000964	Prbe	Prbg.g_01861	Prbe.g_00760
OG0000964	Prbf	Prbg.g_01861	Prbf.g_00481
OG0000964	Prbn	Prbg.g_01861	Prbn.g_00982
OG0000965	Prae	Prbg.g_01862	Prae.g_01829
OG0000965	Praa	Prbg.g_01862	Praa.g_01846
OG0000965	Prab	Prbg.g_01862	Prab.g_01871
OG0000965	Pran	Prbg.g_01862	Pran.g_01174
OG0000965	Prai	Prbg.g_01862	Prai.g_01852
OG0000965	Prag	Prbg.g_01862	Prag.g_01875
OG0000965	Praw	Prbg.g_01862	Praw.g_00025
OG0000965	Prav	Prbg.g_01862	Prav.g_00703
OG0000965	Prax	Prbg.g_01862	Prax.g_01408
OG0000965	Prbi	Prbg.g_01862	Prbi.g_02008
OG0000965	Prbd	Prbg.g_01862	Prbd.g_01320
OG0000965	Pras	Prbg.g_01862	Pras.g_00757
OG0000965	Prau	Prbg.g_01862	Prau.g_01939
OG0000965	Prac	Prbg.g_01862	Prac.g_00054
OG0000965	Praq	Prbg.g_01862	Praq.g_00680
OG0000965	Prar	Prbg.g_01862	Prar.g_00666
OG0000965	Prad	Prbg.g_01862	Prad.g_01618
OG0000965	Prao	Prbg.g_01862	Prao.g_01757
OG0000965	Pray	Prbg.g_01862	Pray.g_01378
OG0000965	Praz	Prbg.g_01862	Praz.g_00191
OG0000965	Prba	Prbg.g_01862	Prba.g_00782
OG0000965	Syaq	Prbg.g_01862	Syaq.g_01051
OG0000965	Syak	Prbg.g_01862	Syak.g_01689
OG0000965	Syab	Prbg.g_01862	Syab.g_00091
OG0000965	Syal	Prbg.g_01862	Syal.g_01516
OG0000965	Syai	Prbg.g_01862	Syai.g_00092
OG0000965	Syaf	Prbg.g_01862	Syaf.g_00411
OG0000965	Syam	Prbg.g_01862	Syam.g_00099
OG0000965	Syae	Prbg.g_01862	Syae.g_01812
OG0000965	Syan	Prbg.g_01862	Syan.g_01879
OG0000965	Syao	Prbg.g_01862	Syao.g_02184
OG0000965	Syar	Prbg.g_01862	Syar.g_00588
OG0000965	Syat	Prbg.g_01862	Syat.g_02228
OG0000965	Syap	Prbg.g_01862	Syap.g_01126
OG0000965	Syas	Prbg.g_01862	Syas.g_02141
OG0000965	Syaa	Prbg.g_01862	Syaa.g_00095
OG0000965	Prbc	Prbg.g_01862	Prbc.g_00195
OG0000965	Prbm	Prbg.g_01862	Prbm.g_02109
OG0000965	Prbb	Prbg.g_01862	Prbb.g_02077
OG0000965	Praj	Prbg.g_01862	Praj.g_02028
OG0000965	Syac	Prbg.g_01862	Syac.g_00138
OG0000965	Syah	Prbg.g_01862	Syah.g_00269
OG0000965	Syad	Prbg.g_01862	Syad.g_00323
OG0000965	Syaj	Prbg.g_01862	Syaj.g_02391
OG0000965	Syag	Prbg.g_01862	Syag.g_02370
OG0000965	Prbj	Prbg.g_01862	Prbj.g_01283
OG0000965	Prbk	Prbg.g_01862	Prbk.g_01537
OG0000965	Prbl	Prbg.g_01862	Prbl.g_02056
OG0000965	Praf	Prbg.g_01862	Praf.g_00155
OG0000965	Prah	Prbg.g_01862	Prah.g_00127
OG0000965	Pral	Prbg.g_01862	Pral.g_00320
OG0000965	Prat	Prbg.g_01862	Prat.g_01803
OG0000965	Pram	Prbg.g_01862	Pram.g_01848
OG0000965	Prbh	Prbg.g_01862	Prbh.g_01566
OG0000965	Prak	Prbg.g_01862	Prak.g_01857
OG0000965	Prap	Prbg.g_01862	Prap.g_01565
OG0000965	Prbe	Prbg.g_01862	Prbe.g_00759
OG0000965	Prbf	Prbg.g_01862	Prbf.g_00480
OG0000965	Prbn	Prbg.g_01862	Prbn.g_00981
OG0000966	Pray	Prbg.g_01868	Pray.g_01385
OG0000966	Praz	Prbg.g_01868	Praz.g_00184
OG0000966	Prba	Prbg.g_01868	Prba.g_00789
OG0000966	Prab	Prbg.g_01868	Prab.g_01879
OG0000966	Pran	Prbg.g_01868	Pran.g_01182
OG0000966	Prai	Prbg.g_01868	Prai.g_01861
OG0000966	Prbi	Prbg.g_01868	Prbi.g_02027
OG0000966	Prae	Prbg.g_01868	Prae.g_01836
OG0000966	Praa	Prbg.g_01868	Praa.g_01853
OG0000966	Prag	Prbg.g_01868	Prag.g_01882
OG0000966	Praw	Prbg.g_01868	Praw.g_00018
OG0000966	Pras	Prbg.g_01868	Pras.g_00765
OG0000966	Prau	Prbg.g_01868	Prau.g_01946
OG0000966	Prax	Prbg.g_01868	Prax.g_01415
OG0000966	Prac	Prbg.g_01868	Prac.g_00061
OG0000966	Prao	Prbg.g_01868	Prao.g_01764
OG0000966	Praq	Prbg.g_01868	Praq.g_00687
OG0000966	Prar	Prbg.g_01868	Prar.g_00673
OG0000966	Prad	Prbg.g_01868	Prad.g_01611
OG0000966	Prbd	Prbg.g_01868	Prbd.g_01312
OG0000966	Prav	Prbg.g_01868	Prav.g_00710
OG0000966	Syac	Prbg.g_01868	Syac.g_00107
OG0000966	Prbc	Prbg.g_01868	Prbc.g_00965
OG0000966	Prbm	Prbg.g_01868	Prbm.g_02144
OG0000966	Praj	Prbg.g_01868	Praj.g_02059
OG0000966	Prbb	Prbg.g_01868	Prbb.g_02099
OG0000966	Syaa	Prbg.g_01868	Syaa.g_00083
OG0000966	Syan	Prbg.g_01868	Syan.g_01812
OG0000966	Syao	Prbg.g_01868	Syao.g_02172
OG0000966	Syar	Prbg.g_01868	Syar.g_00549
OG0000966	Syat	Prbg.g_01868	Syat.g_02259
OG0000966	Syas	Prbg.g_01868	Syas.g_02112
OG0000966	Syap	Prbg.g_01868	Syap.g_01141
OG0000966	Syag	Prbg.g_01868	Syag.g_02362
OG0000966	Praf	Prbg.g_01868	Praf.g_00089
OG0000966	Prah	Prbg.g_01868	Prah.g_00086
OG0000966	Prbj	Prbg.g_01868	Prbj.g_01250
OG0000966	Prbk	Prbg.g_01868	Prbk.g_01571
OG0000966	Prbl	Prbg.g_01868	Prbl.g_02023
OG0000966	Syak	Prbg.g_01868	Syak.g_01711
OG0000966	Syaq	Prbg.g_01868	Syaq.g_01060
OG0000966	Syab	Prbg.g_01868	Syab.g_00082
OG0000966	Syal	Prbg.g_01868	Syal.g_00176
OG0000966	Syae	Prbg.g_01868	Syae.g_01789
OG0000966	Syad	Prbg.g_01868	Syad.g_00246
OG0000966	Syaj	Prbg.g_01868	Syaj.g_02370
OG0000966	Syah	Prbg.g_01868	Syah.g_00288
OG0000966	Syaf	Prbg.g_01868	Syaf.g_00421
OG0000966	Syai	Prbg.g_01868	Syai.g_00082
OG0000966	Syam	Prbg.g_01868	Syam.g_00074
OG0000966	Pram	Prbg.g_01868	Pram.g_01854
OG0000966	Prbh	Prbg.g_01868	Prbh.g_01560
OG0000966	Pral	Prbg.g_01868	Pral.g_00326
OG0000966	Prat	Prbg.g_01868	Prat.g_01809
OG0000966	Prak	Prbg.g_01868	Prak.g_01863
OG0000966	Prap	Prbg.g_01868	Prap.g_01559
OG0000966	Prbe	Prbg.g_01868	Prbe.g_00749
OG0000966	Prbf	Prbg.g_01868	Prbf.g_00474
OG0000966	Prbn	Prbg.g_01868	Prbn.g_00975
OG0000967	Prac	Prbg.g_01872	Prac.g_00065
OG0000967	Praq	Prbg.g_01872	Praq.g_00691
OG0000967	Prar	Prbg.g_01872	Prar.g_00677
OG0000967	Pray	Prbg.g_01872	Pray.g_01390
OG0000967	Praz	Prbg.g_01872	Praz.g_00179
OG0000967	Prba	Prbg.g_01872	Prba.g_00794
OG0000967	Pras	Prbg.g_01872	Pras.g_00770
OG0000967	Prau	Prbg.g_01872	Prau.g_01951
OG0000967	Praa	Prbg.g_01872	Praa.g_01858
OG0000967	Prae	Prbg.g_01872	Prae.g_01840
OG0000967	Prad	Prbg.g_01872	Prad.g_01607
OG0000967	Prbd	Prbg.g_01872	Prbd.g_01308
OG0000967	Prao	Prbg.g_01872	Prao.g_01769
OG0000967	Prax	Prbg.g_01872	Prax.g_01420
OG0000967	Prbi	Prbg.g_01872	Prbi.g_02032
OG0000967	Prav	Prbg.g_01872	Prav.g_00714
OG0000967	Prag	Prbg.g_01872	Prag.g_01886
OG0000967	Praw	Prbg.g_01872	Praw.g_00014
OG0000967	Prab	Prbg.g_01872	Prab.g_01883
OG0000967	Pran	Prbg.g_01872	Pran.g_01186
OG0000967	Prai	Prbg.g_01872	Prai.g_01865
OG0000967	Prbc	Prbg.g_01872	Prbc.g_00969
OG0000967	Prbm	Prbg.g_01872	Prbm.g_02148
OG0000967	Praj	Prbg.g_01872	Praj.g_02063
OG0000967	Prbb	Prbg.g_01872	Prbb.g_02103
OG0000967	Pral	Prbg.g_01872	Pral.g_00330
OG0000967	Prat	Prbg.g_01872	Prat.g_01813
OG0000967	Prah	Prbg.g_01872	Prah.g_00079
OG0000967	Praf	Prbg.g_01872	Praf.g_00082
OG0000967	Prbj	Prbg.g_01872	Prbj.g_01244
OG0000967	Prbk	Prbg.g_01872	Prbk.g_01577
OG0000967	Prbl	Prbg.g_01872	Prbl.g_02017
OG0000967	Syar	Prbg.g_01872	Syar.g_00545
OG0000967	Syat	Prbg.g_01872	Syat.g_02263
OG0000967	Syas	Prbg.g_01872	Syas.g_02108
OG0000967	Syap	Prbg.g_01872	Syap.g_00633
OG0000967	Syan	Prbg.g_01872	Syan.g_01804
OG0000967	Syao	Prbg.g_01872	Syao.g_02167
OG0000967	Syae	Prbg.g_01872	Syae.g_01782
OG0000967	Syad	Prbg.g_01872	Syad.g_00234
OG0000967	Syaj	Prbg.g_01872	Syaj.g_02334
OG0000967	Syaa	Prbg.g_01872	Syaa.g_00074
OG0000967	Syac	Prbg.g_01872	Syac.g_00075
OG0000967	Syah	Prbg.g_01872	Syah.g_00300
OG0000967	Syam	Prbg.g_01872	Syam.g_00069
OG0000967	Syaf	Prbg.g_01872	Syaf.g_00426
OG0000967	Syai	Prbg.g_01872	Syai.g_00077
OG0000967	Syak	Prbg.g_01872	Syak.g_01715
OG0000967	Syab	Prbg.g_01872	Syab.g_00078
OG0000967	Syal	Prbg.g_01872	Syal.g_00171
OG0000967	Syag	Prbg.g_01872	Syag.g_02358
OG0000967	Syaq	Prbg.g_01872	Syaq.g_01067
OG0000967	Pram	Prbg.g_01872	Pram.g_01858
OG0000967	Prbh	Prbg.g_01872	Prbh.g_01556
OG0000967	Prak	Prbg.g_01872	Prak.g_01867
OG0000967	Prap	Prbg.g_01872	Prap.g_01555
OG0000967	Prbe	Prbg.g_01872	Prbe.g_00753
OG0000967	Prbf	Prbg.g_01872	Prbf.g_00470
OG0000967	Prbn	Prbg.g_01872	Prbn.g_00971
OG0000968	Prab	Prbg.g_01874	Prab.g_01885
OG0000968	Pran	Prbg.g_01874	Pran.g_01188
OG0000968	Prai	Prbg.g_01874	Prai.g_01867
OG0000968	Prav	Prbg.g_01874	Prav.g_00716
OG0000968	Prag	Prbg.g_01874	Prag.g_01888
OG0000968	Praw	Prbg.g_01874	Praw.g_00012
OG0000968	Prac	Prbg.g_01874	Prac.g_00067
OG0000968	Praq	Prbg.g_01874	Praq.g_00693
OG0000968	Prar	Prbg.g_01874	Prar.g_00679
OG0000968	Prad	Prbg.g_01874	Prad.g_01605
OG0000968	Prbi	Prbg.g_01874	Prbi.g_02034
OG0000968	Pras	Prbg.g_01874	Pras.g_00772
OG0000968	Prau	Prbg.g_01874	Prau.g_01953
OG0000968	Pray	Prbg.g_01874	Pray.g_01392
OG0000968	Praz	Prbg.g_01874	Praz.g_00177
OG0000968	Prba	Prbg.g_01874	Prba.g_00796
OG0000968	Prae	Prbg.g_01874	Prae.g_01842
OG0000968	Prao	Prbg.g_01874	Prao.g_01771
OG0000968	Prbd	Prbg.g_01874	Prbd.g_01306
OG0000968	Praa	Prbg.g_01874	Praa.g_01860
OG0000968	Prax	Prbg.g_01874	Prax.g_01422
OG0000968	Praj	Prbg.g_01874	Praj.g_02065
OG0000968	Prbb	Prbg.g_01874	Prbb.g_02105
OG0000968	Prbc	Prbg.g_01874	Prbc.g_00971
OG0000968	Prbm	Prbg.g_01874	Prbm.g_02150
OG0000968	Prah	Prbg.g_01874	Prah.g_00076
OG0000968	Praf	Prbg.g_01874	Praf.g_00077
OG0000968	Prbj	Prbg.g_01874	Prbj.g_01241
OG0000968	Prbk	Prbg.g_01874	Prbk.g_01580
OG0000968	Prbl	Prbg.g_01874	Prbl.g_02014
OG0000968	Syar	Prbg.g_01874	Syar.g_00542
OG0000968	Syas	Prbg.g_01874	Syas.g_02106
OG0000968	Syap	Prbg.g_01874	Syap.g_00998
OG0000968	Syan	Prbg.g_01874	Syan.g_01706
OG0000968	Syao	Prbg.g_01874	Syao.g_02199
OG0000968	Syat	Prbg.g_01874	Syat.g_02269
OG0000968	Syag	Prbg.g_01874	Syag.g_02355
OG0000968	Syab	Prbg.g_01874	Syab.g_00075
OG0000968	Syal	Prbg.g_01874	Syal.g_00169
OG0000968	Syaq	Prbg.g_01874	Syaq.g_01071
OG0000968	Syak	Prbg.g_01874	Syak.g_01719
OG0000968	Syac	Prbg.g_01874	Syac.g_00080
OG0000968	Syah	Prbg.g_01874	Syah.g_00295
OG0000968	Syaj	Prbg.g_01874	Syaj.g_02363
OG0000968	Syad	Prbg.g_01874	Syad.g_00243
OG0000968	Syaa	Prbg.g_01874	Syaa.g_00078
OG0000968	Syae	Prbg.g_01874	Syae.g_01787
OG0000968	Syai	Prbg.g_01874	Syai.g_00085
OG0000968	Syaf	Prbg.g_01874	Syaf.g_00417
OG0000968	Syam	Prbg.g_01874	Syam.g_00077
OG0000968	Pral	Prbg.g_01874	Pral.g_00332
OG0000968	Prat	Prbg.g_01874	Prat.g_01815
OG0000968	Pram	Prbg.g_01874	Pram.g_01860
OG0000968	Prbh	Prbg.g_01874	Prbh.g_01554
OG0000968	Prap	Prbg.g_01874	Prap.g_01553
OG0000968	Prak	Prbg.g_01874	Prak.g_01869
OG0000968	Prbe	Prbg.g_01874	Prbe.g_00755
OG0000968	Prbf	Prbg.g_01874	Prbf.g_00468
OG0000968	Prbn	Prbg.g_01874	Prbn.g_00969
OG0000969	Prab	Prbg.g_01875	Prab.g_01886
OG0000969	Pran	Prbg.g_01875	Pran.g_01189
OG0000969	Prai	Prbg.g_01875	Prai.g_01868
OG0000969	Prad	Prbg.g_01875	Prad.g_01604
OG0000969	Prae	Prbg.g_01875	Prae.g_01843
OG0000969	Pras	Prbg.g_01875	Pras.g_00773
OG0000969	Prau	Prbg.g_01875	Prau.g_01954
OG0000969	Praa	Prbg.g_01875	Praa.g_01861
OG0000969	Prax	Prbg.g_01875	Prax.g_01423
OG0000969	Prao	Prbg.g_01875	Prao.g_01772
OG0000969	Prbd	Prbg.g_01875	Prbd.g_01305
OG0000969	Prbi	Prbg.g_01875	Prbi.g_02035
OG0000969	Pray	Prbg.g_01875	Pray.g_01393
OG0000969	Praz	Prbg.g_01875	Praz.g_00176
OG0000969	Prba	Prbg.g_01875	Prba.g_00797
OG0000969	Prag	Prbg.g_01875	Prag.g_01889
OG0000969	Praw	Prbg.g_01875	Praw.g_00011
OG0000969	Prac	Prbg.g_01875	Prac.g_00068
OG0000969	Praq	Prbg.g_01875	Praq.g_00694
OG0000969	Prar	Prbg.g_01875	Prar.g_00680
OG0000969	Prav	Prbg.g_01875	Prav.g_00717
OG0000969	Syar	Prbg.g_01875	Syar.g_00540
OG0000969	Syat	Prbg.g_01875	Syat.g_02271
OG0000969	Syan	Prbg.g_01875	Syan.g_01708
OG0000969	Syao	Prbg.g_01875	Syao.g_02200
OG0000969	Syas	Prbg.g_01875	Syas.g_02104
OG0000969	Syap	Prbg.g_01875	Syap.g_00996
OG0000969	Syab	Prbg.g_01875	Syab.g_00073
OG0000969	Syal	Prbg.g_01875	Syal.g_00167
OG0000969	Syak	Prbg.g_01875	Syak.g_01721
OG0000969	Syaq	Prbg.g_01875	Syaq.g_01078
OG0000969	Syag	Prbg.g_01875	Syag.g_02354
OG0000969	Prah	Prbg.g_01875	Prah.g_00074
OG0000969	Praf	Prbg.g_01875	Praf.g_00075
OG0000969	Prbj	Prbg.g_01875	Prbj.g_01239
OG0000969	Prbk	Prbg.g_01875	Prbk.g_01582
OG0000969	Prbl	Prbg.g_01875	Prbl.g_02012
OG0000969	Syaa	Prbg.g_01875	Syaa.g_00077
OG0000969	Syac	Prbg.g_01875	Syac.g_00078
OG0000969	Syah	Prbg.g_01875	Syah.g_00297
OG0000969	Syae	Prbg.g_01875	Syae.g_01785
OG0000969	Syad	Prbg.g_01875	Syad.g_00240
OG0000969	Syaj	Prbg.g_01875	Syaj.g_02338
OG0000969	Syai	Prbg.g_01875	Syai.g_00080
OG0000969	Syam	Prbg.g_01875	Syam.g_00072
OG0000969	Syaf	Prbg.g_01875	Syaf.g_00423
OG0000969	Prbm	Prbg.g_01875	Prbm.g_02151
OG0000969	Prbc	Prbg.g_01875	Prbc.g_00972
OG0000969	Praj	Prbg.g_01875	Praj.g_02066
OG0000969	Prbb	Prbg.g_01875	Prbb.g_02106
OG0000969	Pral	Prbg.g_01875	Pral.g_00333
OG0000969	Prat	Prbg.g_01875	Prat.g_01816
OG0000969	Pram	Prbg.g_01875	Pram.g_01861
OG0000969	Prbh	Prbg.g_01875	Prbh.g_01553
OG0000969	Prak	Prbg.g_01875	Prak.g_01870
OG0000969	Prap	Prbg.g_01875	Prap.g_01552
OG0000969	Prbe	Prbg.g_01875	Prbe.g_00756
OG0000969	Prbf	Prbg.g_01875	Prbf.g_00467
OG0000969	Prbn	Prbg.g_01875	Prbn.g_00968
OG0000970	Prab	Prbg.g_01876	Prab.g_01887
OG0000970	Pran	Prbg.g_01876	Pran.g_01190
OG0000970	Prai	Prbg.g_01876	Prai.g_01869
OG0000970	Prav	Prbg.g_01876	Prav.g_00718
OG0000970	Prag	Prbg.g_01876	Prag.g_01890
OG0000970	Praw	Prbg.g_01876	Praw.g_00010
OG0000970	Pray	Prbg.g_01876	Pray.g_01394
OG0000970	Praz	Prbg.g_01876	Praz.g_00175
OG0000970	Prba	Prbg.g_01876	Prba.g_00798
OG0000970	Pras	Prbg.g_01876	Pras.g_00774
OG0000970	Prau	Prbg.g_01876	Prau.g_01955
OG0000970	Prbi	Prbg.g_01876	Prbi.g_02036
OG0000970	Prbd	Prbg.g_01876	Prbd.g_01304
OG0000970	Praa	Prbg.g_01876	Praa.g_01862
OG0000970	Prax	Prbg.g_01876	Prax.g_01424
OG0000970	Prae	Prbg.g_01876	Prae.g_01844
OG0000970	Prao	Prbg.g_01876	Prao.g_01773
OG0000970	Prad	Prbg.g_01876	Prad.g_01603
OG0000970	Prac	Prbg.g_01876	Prac.g_00069
OG0000970	Praq	Prbg.g_01876	Praq.g_00695
OG0000970	Prar	Prbg.g_01876	Prar.g_00681
OG0000970	Prbm	Prbg.g_01876	Prbm.g_02152
OG0000970	Prbc	Prbg.g_01876	Prbc.g_00973
OG0000970	Praj	Prbg.g_01876	Praj.g_02067
OG0000970	Prbb	Prbg.g_01876	Prbb.g_02107
OG0000970	Pral	Prbg.g_01876	Pral.g_00334
OG0000970	Prat	Prbg.g_01876	Prat.g_01817
OG0000970	Prbj	Prbg.g_01876	Prbj.g_01238
OG0000970	Prbk	Prbg.g_01876	Prbk.g_01583
OG0000970	Prbl	Prbg.g_01876	Prbl.g_02011
OG0000970	Praf	Prbg.g_01876	Praf.g_00074
OG0000970	Prah	Prbg.g_01876	Prah.g_00073
OG0000970	Syag	Prbg.g_01876	Syag.g_02353
OG0000970	Syaq	Prbg.g_01876	Syaq.g_01079
OG0000970	Syak	Prbg.g_01876	Syak.g_01722
OG0000970	Syab	Prbg.g_01876	Syab.g_00072
OG0000970	Syal	Prbg.g_01876	Syal.g_00166
OG0000970	Syar	Prbg.g_01876	Syar.g_00539
OG0000970	Syan	Prbg.g_01876	Syan.g_01709
OG0000970	Syap	Prbg.g_01876	Syap.g_00995
OG0000970	Syat	Prbg.g_01876	Syat.g_02272
OG0000970	Syas	Prbg.g_01876	Syas.g_02103
OG0000970	Syao	Prbg.g_01876	Syao.g_02201
OG0000970	Syad	Prbg.g_01876	Syad.g_00239
OG0000970	Syaa	Prbg.g_01876	Syaa.g_00076
OG0000970	Syaj	Prbg.g_01876	Syaj.g_02337
OG0000970	Syae	Prbg.g_01876	Syae.g_01784
OG0000970	Syac	Prbg.g_01876	Syac.g_00077
OG0000970	Syah	Prbg.g_01876	Syah.g_00298
OG0000970	Syai	Prbg.g_01876	Syai.g_00079
OG0000970	Syaf	Prbg.g_01876	Syaf.g_00424
OG0000970	Syam	Prbg.g_01876	Syam.g_00071
OG0000970	Pram	Prbg.g_01876	Pram.g_01862
OG0000970	Prbh	Prbg.g_01876	Prbh.g_01552
OG0000970	Prak	Prbg.g_01876	Prak.g_01871
OG0000970	Prap	Prbg.g_01876	Prap.g_01551
OG0000970	Prbe	Prbg.g_01876	Prbe.g_01134
OG0000970	Prbf	Prbg.g_01876	Prbf.g_00466
OG0000970	Prbn	Prbg.g_01876	Prbn.g_00967
OG0000971	Prbm	Prbg.g_01877	Prbm.g_02153
OG0000971	Praj	Prbg.g_01877	Praj.g_02068
OG0000971	Prbc	Prbg.g_01877	Prbc.g_00974
OG0000971	Prbb	Prbg.g_01877	Prbb.g_02108
OG0000971	Prac	Prbg.g_01877	Prac.g_00070
OG0000971	Praq	Prbg.g_01877	Praq.g_00696
OG0000971	Prar	Prbg.g_01877	Prar.g_00682
OG0000971	Prad	Prbg.g_01877	Prad.g_01602
OG0000971	Pras	Prbg.g_01877	Pras.g_00775
OG0000971	Prau	Prbg.g_01877	Prau.g_01956
OG0000971	Prab	Prbg.g_01877	Prab.g_01888
OG0000971	Pran	Prbg.g_01877	Pran.g_01191
OG0000971	Prai	Prbg.g_01877	Prai.g_01870
OG0000971	Prax	Prbg.g_01877	Prax.g_01425
OG0000971	Prae	Prbg.g_01877	Prae.g_01845
OG0000971	Prao	Prbg.g_01877	Prao.g_01774
OG0000971	Prbd	Prbg.g_01877	Prbd.g_01303
OG0000971	Praa	Prbg.g_01877	Praa.g_01863
OG0000971	Prbi	Prbg.g_01877	Prbi.g_02037
OG0000971	Prag	Prbg.g_01877	Prag.g_01891
OG0000971	Praw	Prbg.g_01877	Praw.g_00009
OG0000971	Prav	Prbg.g_01877	Prav.g_00719
OG0000971	Pray	Prbg.g_01877	Pray.g_01395
OG0000971	Praz	Prbg.g_01877	Praz.g_00174
OG0000971	Prba	Prbg.g_01877	Prba.g_00799
OG0000971	Prbj	Prbg.g_01877	Prbj.g_01236
OG0000971	Prbk	Prbg.g_01877	Prbk.g_01585
OG0000971	Prbl	Prbg.g_01877	Prbl.g_02009
OG0000971	Praf	Prbg.g_01877	Praf.g_00072
OG0000971	Prah	Prbg.g_01877	Prah.g_00071
OG0000971	Syar	Prbg.g_01877	Syar.g_00537
OG0000971	Syat	Prbg.g_01877	Syat.g_02274
OG0000971	Syan	Prbg.g_01877	Syan.g_01711
OG0000971	Syap	Prbg.g_01877	Syap.g_00993
OG0000971	Syas	Prbg.g_01877	Syas.g_02101
OG0000971	Syao	Prbg.g_01877	Syao.g_02203
OG0000971	Syac	Prbg.g_01877	Syac.g_00067
OG0000971	Syah	Prbg.g_01877	Syah.g_00303
OG0000971	Syaf	Prbg.g_01877	Syaf.g_00429
OG0000971	Syai	Prbg.g_01877	Syai.g_00074
OG0000971	Syam	Prbg.g_01877	Syam.g_00066
OG0000971	Syaa	Prbg.g_01877	Syaa.g_00069
OG0000971	Syae	Prbg.g_01877	Syae.g_01779
OG0000971	Syad	Prbg.g_01877	Syad.g_00229
OG0000971	Syaj	Prbg.g_01877	Syaj.g_02331
OG0000971	Syag	Prbg.g_01877	Syag.g_02348
OG0000971	Syaq	Prbg.g_01877	Syaq.g_01081
OG0000971	Syak	Prbg.g_01877	Syak.g_01724
OG0000971	Syab	Prbg.g_01877	Syab.g_00070
OG0000971	Syal	Prbg.g_01877	Syal.g_00164
OG0000971	Pral	Prbg.g_01877	Pral.g_00335
OG0000971	Prat	Prbg.g_01877	Prat.g_01818
OG0000971	Pram	Prbg.g_01877	Pram.g_01863
OG0000971	Prbh	Prbg.g_01877	Prbh.g_01551
OG0000971	Prak	Prbg.g_01877	Prak.g_01872
OG0000971	Prap	Prbg.g_01877	Prap.g_01550
OG0000971	Prbe	Prbg.g_01877	Prbe.g_01135
OG0000971	Prbf	Prbg.g_01877	Prbf.g_00465
OG0000971	Prbn	Prbg.g_01877	Prbn.g_00966
OG0000972	Prab	Prbg.g_01878	Prab.g_01889
OG0000972	Pran	Prbg.g_01878	Pran.g_01192
OG0000972	Prai	Prbg.g_01878	Prai.g_01871
OG0000972	Pray	Prbg.g_01878	Pray.g_01396
OG0000972	Praz	Prbg.g_01878	Praz.g_00173
OG0000972	Prba	Prbg.g_01878	Prba.g_00800
OG0000972	Prag	Prbg.g_01878	Prag.g_01892
OG0000972	Praw	Prbg.g_01878	Praw.g_00008
OG0000972	Prav	Prbg.g_01878	Prav.g_00720
OG0000972	Prbi	Prbg.g_01878	Prbi.g_02038
OG0000972	Prae	Prbg.g_01878	Prae.g_01846
OG0000972	Prao	Prbg.g_01878	Prao.g_01775
OG0000972	Praa	Prbg.g_01878	Praa.g_01864
OG0000972	Prax	Prbg.g_01878	Prax.g_01426
OG0000972	Prbd	Prbg.g_01878	Prbd.g_01302
OG0000972	Prac	Prbg.g_01878	Prac.g_00071
OG0000972	Praq	Prbg.g_01878	Praq.g_00697
OG0000972	Prar	Prbg.g_01878	Prar.g_00683
OG0000972	Prad	Prbg.g_01878	Prad.g_01601
OG0000972	Pras	Prbg.g_01878	Pras.g_00776
OG0000972	Prau	Prbg.g_01878	Prau.g_01957
OG0000972	Prbm	Prbg.g_01878	Prbm.g_02154
OG0000972	Prbb	Prbg.g_01878	Prbb.g_02109
OG0000972	Praj	Prbg.g_01878	Praj.g_02069
OG0000972	Prbc	Prbg.g_01878	Prbc.g_00975
OG0000972	Pral	Prbg.g_01878	Pral.g_00336
OG0000972	Prat	Prbg.g_01878	Prat.g_01819
OG0000972	Pram	Prbg.g_01878	Pram.g_01864
OG0000972	Prbh	Prbg.g_01878	Prbh.g_01550
OG0000972	Syat	Prbg.g_01878	Syat.g_02275
OG0000972	Syar	Prbg.g_01878	Syar.g_00536
OG0000972	Syan	Prbg.g_01878	Syan.g_01712
OG0000972	Syao	Prbg.g_01878	Syao.g_02204
OG0000972	Syap	Prbg.g_01878	Syap.g_00992
OG0000972	Syas	Prbg.g_01878	Syas.g_02100
OG0000972	Syaa	Prbg.g_01878	Syaa.g_00068
OG0000972	Syaf	Prbg.g_01878	Syaf.g_00430
OG0000972	Syam	Prbg.g_01878	Syam.g_00065
OG0000972	Syai	Prbg.g_01878	Syai.g_00073
OG0000972	Syac	Prbg.g_01878	Syac.g_00066
OG0000972	Syah	Prbg.g_01878	Syah.g_00304
OG0000972	Syae	Prbg.g_01878	Syae.g_01778
OG0000972	Syad	Prbg.g_01878	Syad.g_00228
OG0000972	Syaj	Prbg.g_01878	Syaj.g_02330
OG0000972	Prbj	Prbg.g_01878	Prbj.g_01235
OG0000972	Prbk	Prbg.g_01878	Prbk.g_01586
OG0000972	Prbl	Prbg.g_01878	Prbl.g_02008
OG0000972	Praf	Prbg.g_01878	Praf.g_00071
OG0000972	Prah	Prbg.g_01878	Prah.g_00070
OG0000972	Syag	Prbg.g_01878	Syag.g_02347
OG0000972	Syaq	Prbg.g_01878	Syaq.g_01082
OG0000972	Syab	Prbg.g_01878	Syab.g_00069
OG0000972	Syal	Prbg.g_01878	Syal.g_00163
OG0000972	Syak	Prbg.g_01878	Syak.g_01725
OG0000972	Prak	Prbg.g_01878	Prak.g_01873
OG0000972	Prap	Prbg.g_01878	Prap.g_01549
OG0000972	Prbe	Prbg.g_01878	Prbe.g_01136
OG0000972	Prbf	Prbg.g_01878	Prbf.g_00464
OG0000972	Prbn	Prbg.g_01878	Prbn.g_00965
OG0000973	Prab	Prbg.g_01879	Prab.g_01890
OG0000973	Pran	Prbg.g_01879	Pran.g_01193
OG0000973	Prai	Prbg.g_01879	Prai.g_01872
OG0000973	Pray	Prbg.g_01879	Pray.g_01397
OG0000973	Praz	Prbg.g_01879	Praz.g_00172
OG0000973	Prba	Prbg.g_01879	Prba.g_00801
OG0000973	Prac	Prbg.g_01879	Prac.g_00072
OG0000973	Praq	Prbg.g_01879	Praq.g_00698
OG0000973	Prar	Prbg.g_01879	Prar.g_00684
OG0000973	Prav	Prbg.g_01879	Prav.g_00721
OG0000973	Pras	Prbg.g_01879	Pras.g_00777
OG0000973	Prau	Prbg.g_01879	Prau.g_01958
OG0000973	Prad	Prbg.g_01879	Prad.g_01600
OG0000973	Prag	Prbg.g_01879	Prag.g_01893
OG0000973	Praw	Prbg.g_01879	Praw.g_00007
OG0000973	Praa	Prbg.g_01879	Praa.g_01865
OG0000973	Prbd	Prbg.g_01879	Prbd.g_01301
OG0000973	Prao	Prbg.g_01879	Prao.g_01776
OG0000973	Prae	Prbg.g_01879	Prae.g_01847
OG0000973	Prax	Prbg.g_01879	Prax.g_01427
OG0000973	Prbi	Prbg.g_01879	Prbi.g_02039
OG0000973	Prbm	Prbg.g_01879	Prbm.g_02155
OG0000973	Prbc	Prbg.g_01879	Prbc.g_00976
OG0000973	Praj	Prbg.g_01879	Praj.g_02070
OG0000973	Prbb	Prbg.g_01879	Prbb.g_02110
OG0000973	Pral	Prbg.g_01879	Pral.g_00337
OG0000973	Prat	Prbg.g_01879	Prat.g_01820
OG0000973	Prbj	Prbg.g_01879	Prbj.g_01234
OG0000973	Prbk	Prbg.g_01879	Prbk.g_01587
OG0000973	Prbl	Prbg.g_01879	Prbl.g_02007
OG0000973	Praf	Prbg.g_01879	Praf.g_00070
OG0000973	Prah	Prbg.g_01879	Prah.g_00068
OG0000973	Syan	Prbg.g_01879	Syan.g_01713
OG0000973	Syao	Prbg.g_01879	Syao.g_02205
OG0000973	Syar	Prbg.g_01879	Syar.g_00535
OG0000973	Syat	Prbg.g_01879	Syat.g_02276
OG0000973	Syap	Prbg.g_01879	Syap.g_00991
OG0000973	Syas	Prbg.g_01879	Syas.g_02099
OG0000973	Syak	Prbg.g_01879	Syak.g_01726
OG0000973	Syab	Prbg.g_01879	Syab.g_00068
OG0000973	Syal	Prbg.g_01879	Syal.g_00162
OG0000973	Syag	Prbg.g_01879	Syag.g_02346
OG0000973	Syaq	Prbg.g_01879	Syaq.g_01083
OG0000973	Syad	Prbg.g_01879	Syad.g_00227
OG0000973	Syaj	Prbg.g_01879	Syaj.g_02329
OG0000973	Syae	Prbg.g_01879	Syae.g_01777
OG0000973	Syaa	Prbg.g_01879	Syaa.g_00067
OG0000973	Syac	Prbg.g_01879	Syac.g_00065
OG0000973	Syah	Prbg.g_01879	Syah.g_00305
OG0000973	Syai	Prbg.g_01879	Syai.g_00072
OG0000973	Syaf	Prbg.g_01879	Syaf.g_00431
OG0000973	Syam	Prbg.g_01879	Syam.g_00064
OG0000973	Pram	Prbg.g_01879	Pram.g_01865
OG0000973	Prbh	Prbg.g_01879	Prbh.g_01549
OG0000973	Prak	Prbg.g_01879	Prak.g_01874
OG0000973	Prap	Prbg.g_01879	Prap.g_01548
OG0000973	Prbe	Prbg.g_01879	Prbe.g_01137
OG0000973	Prbf	Prbg.g_01879	Prbf.g_00463
OG0000973	Prbn	Prbg.g_01879	Prbn.g_00964
OG0000974	Prab	Prbg.g_01880	Prab.g_01891
OG0000974	Pran	Prbg.g_01880	Pran.g_01194
OG0000974	Prai	Prbg.g_01880	Prai.g_01873
OG0000974	Pray	Prbg.g_01880	Pray.g_01398
OG0000974	Praz	Prbg.g_01880	Praz.g_00171
OG0000974	Prba	Prbg.g_01880	Prba.g_00802
OG0000974	Prac	Prbg.g_01880	Prac.g_00073
OG0000974	Praq	Prbg.g_01880	Praq.g_00699
OG0000974	Prar	Prbg.g_01880	Prar.g_00685
OG0000974	Prav	Prbg.g_01880	Prav.g_00722
OG0000974	Prag	Prbg.g_01880	Prag.g_01894
OG0000974	Praw	Prbg.g_01880	Praw.g_00006
OG0000974	Prae	Prbg.g_01880	Prae.g_01848
OG0000974	Prad	Prbg.g_01880	Prad.g_01599
OG0000974	Pras	Prbg.g_01880	Pras.g_00778
OG0000974	Prau	Prbg.g_01880	Prau.g_01959
OG0000974	Praa	Prbg.g_01880	Praa.g_01866
OG0000974	Prbd	Prbg.g_01880	Prbd.g_01300
OG0000974	Prao	Prbg.g_01880	Prao.g_01777
OG0000974	Prax	Prbg.g_01880	Prax.g_01428
OG0000974	Prbi	Prbg.g_01880	Prbi.g_02040
OG0000974	Prah	Prbg.g_01880	Prah.g_00067
OG0000974	Praf	Prbg.g_01880	Praf.g_00069
OG0000974	Prbj	Prbg.g_01880	Prbj.g_01233
OG0000974	Prbk	Prbg.g_01880	Prbk.g_01588
OG0000974	Prbl	Prbg.g_01880	Prbl.g_02006
OG0000974	Syan	Prbg.g_01880	Syan.g_01714
OG0000974	Syao	Prbg.g_01880	Syao.g_02206
OG0000974	Syap	Prbg.g_01880	Syap.g_00990
OG0000974	Syas	Prbg.g_01880	Syas.g_02098
OG0000974	Syar	Prbg.g_01880	Syar.g_00534
OG0000974	Syat	Prbg.g_01880	Syat.g_02277
OG0000974	Syab	Prbg.g_01880	Syab.g_00067
OG0000974	Syal	Prbg.g_01880	Syal.g_00161
OG0000974	Syak	Prbg.g_01880	Syak.g_01727
OG0000974	Syaa	Prbg.g_01880	Syaa.g_00066
OG0000974	Syad	Prbg.g_01880	Syad.g_00226
OG0000974	Syaj	Prbg.g_01880	Syaj.g_02328
OG0000974	Syac	Prbg.g_01880	Syac.g_00064
OG0000974	Syah	Prbg.g_01880	Syah.g_00306
OG0000974	Syam	Prbg.g_01880	Syam.g_00063
OG0000974	Syaf	Prbg.g_01880	Syaf.g_00432
OG0000974	Syai	Prbg.g_01880	Syai.g_00071
OG0000974	Syae	Prbg.g_01880	Syae.g_01776
OG0000974	Syag	Prbg.g_01880	Syag.g_02345
OG0000974	Syaq	Prbg.g_01880	Syaq.g_01084
OG0000974	Prbc	Prbg.g_01880	Prbc.g_00977
OG0000974	Prbm	Prbg.g_01880	Prbm.g_02156
OG0000974	Praj	Prbg.g_01880	Praj.g_02071
OG0000974	Prbb	Prbg.g_01880	Prbb.g_02111
OG0000974	Pral	Prbg.g_01880	Pral.g_00338
OG0000974	Prat	Prbg.g_01880	Prat.g_01821
OG0000974	Pram	Prbg.g_01880	Pram.g_01866
OG0000974	Prbh	Prbg.g_01880	Prbh.g_01548
OG0000974	Prak	Prbg.g_01880	Prak.g_01875
OG0000974	Prap	Prbg.g_01880	Prap.g_01547
OG0000974	Prbe	Prbg.g_01880	Prbe.g_01138
OG0000974	Prbf	Prbg.g_01880	Prbf.g_00462
OG0000974	Prbn	Prbg.g_01880	Prbn.g_00963
OG0000975	Prai	Prbg.g_01881	Prai.g_01874
OG0000975	Prab	Prbg.g_01881	Prab.g_01892
OG0000975	Pran	Prbg.g_01881	Pran.g_01195
OG0000975	Prac	Prbg.g_01881	Prac.g_00074
OG0000975	Praq	Prbg.g_01881	Praq.g_00700
OG0000975	Prar	Prbg.g_01881	Prar.g_00686
OG0000975	Prag	Prbg.g_01881	Prag.g_01895
OG0000975	Praw	Prbg.g_01881	Praw.g_00005
OG0000975	Prad	Prbg.g_01881	Prad.g_01598
OG0000975	Prao	Prbg.g_01881	Prao.g_01778
OG0000975	Praa	Prbg.g_01881	Praa.g_01867
OG0000975	Prae	Prbg.g_01881	Prae.g_01849
OG0000975	Prbd	Prbg.g_01881	Prbd.g_01299
OG0000975	Prbi	Prbg.g_01881	Prbi.g_02041
OG0000975	Prax	Prbg.g_01881	Prax.g_01429
OG0000975	Pras	Prbg.g_01881	Pras.g_00779
OG0000975	Prau	Prbg.g_01881	Prau.g_01960
OG0000975	Pray	Prbg.g_01881	Pray.g_01399
OG0000975	Praz	Prbg.g_01881	Praz.g_00170
OG0000975	Prba	Prbg.g_01881	Prba.g_00803
OG0000975	Prav	Prbg.g_01881	Prav.g_00723
OG0000975	Pram	Prbg.g_01881	Pram.g_01867
OG0000975	Prbh	Prbg.g_01881	Prbh.g_01547
OG0000975	Prbc	Prbg.g_01881	Prbc.g_00978
OG0000975	Prbm	Prbg.g_01881	Prbm.g_02157
OG0000975	Praj	Prbg.g_01881	Praj.g_02072
OG0000975	Prbb	Prbg.g_01881	Prbb.g_02112
OG0000975	Pral	Prbg.g_01881	Pral.g_00339
OG0000975	Prat	Prbg.g_01881	Prat.g_01822
OG0000975	Prah	Prbg.g_01881	Prah.g_00066
OG0000975	Praf	Prbg.g_01881	Praf.g_00068
OG0000975	Prbj	Prbg.g_01881	Prbj.g_01232
OG0000975	Prbk	Prbg.g_01881	Prbk.g_01589
OG0000975	Prbl	Prbg.g_01881	Prbl.g_02005
OG0000975	Syaf	Prbg.g_01881	Syaf.g_00433
OG0000975	Syai	Prbg.g_01881	Syai.g_00070
OG0000975	Syam	Prbg.g_01881	Syam.g_00062
OG0000975	Syae	Prbg.g_01881	Syae.g_01775
OG0000975	Syad	Prbg.g_01881	Syad.g_00225
OG0000975	Syaj	Prbg.g_01881	Syaj.g_02327
OG0000975	Syaa	Prbg.g_01881	Syaa.g_00065
OG0000975	Syac	Prbg.g_01881	Syac.g_00063
OG0000975	Syah	Prbg.g_01881	Syah.g_00307
OG0000975	Syap	Prbg.g_01881	Syap.g_00989
OG0000975	Syas	Prbg.g_01881	Syas.g_02097
OG0000975	Syar	Prbg.g_01881	Syar.g_00533
OG0000975	Syat	Prbg.g_01881	Syat.g_02278
OG0000975	Syan	Prbg.g_01881	Syan.g_01715
OG0000975	Syao	Prbg.g_01881	Syao.g_02207
OG0000975	Syag	Prbg.g_01881	Syag.g_02344
OG0000975	Syaq	Prbg.g_01881	Syaq.g_01085
OG0000975	Syab	Prbg.g_01881	Syab.g_00066
OG0000975	Syal	Prbg.g_01881	Syal.g_00160
OG0000975	Syak	Prbg.g_01881	Syak.g_01728
OG0000975	Prak	Prbg.g_01881	Prak.g_01876
OG0000975	Prap	Prbg.g_01881	Prap.g_01546
OG0000975	Prbe	Prbg.g_01881	Prbe.g_01139
OG0000975	Prbf	Prbg.g_01881	Prbf.g_00461
OG0000975	Prbn	Prbg.g_01881	Prbn.g_00962
OG0000976	Prac	Prbg.g_01882	Prac.g_00075
OG0000976	Praq	Prbg.g_01882	Praq.g_00701
OG0000976	Prar	Prbg.g_01882	Prar.g_00687
OG0000976	Praa	Prbg.g_01882	Praa.g_01868
OG0000976	Prbd	Prbg.g_01882	Prbd.g_01298
OG0000976	Prbi	Prbg.g_01882	Prbi.g_02042
OG0000976	Prax	Prbg.g_01882	Prax.g_01430
OG0000976	Prad	Prbg.g_01882	Prad.g_01597
OG0000976	Prao	Prbg.g_01882	Prao.g_01779
OG0000976	Prae	Prbg.g_01882	Prae.g_01850
OG0000976	Pray	Prbg.g_01882	Pray.g_01400
OG0000976	Praz	Prbg.g_01882	Praz.g_00169
OG0000976	Prba	Prbg.g_01882	Prba.g_00804
OG0000976	Pras	Prbg.g_01882	Pras.g_00780
OG0000976	Prau	Prbg.g_01882	Prau.g_01961
OG0000976	Prag	Prbg.g_01882	Prag.g_01896
OG0000976	Praw	Prbg.g_01882	Praw.g_00004
OG0000976	Prav	Prbg.g_01882	Prav.g_00724
OG0000976	Prab	Prbg.g_01882	Prab.g_01893
OG0000976	Pran	Prbg.g_01882	Pran.g_01196
OG0000976	Prai	Prbg.g_01882	Prai.g_01875
OG0000976	Prbm	Prbg.g_01882	Prbm.g_02158
OG0000976	Praj	Prbg.g_01882	Praj.g_02073
OG0000976	Prbb	Prbg.g_01882	Prbb.g_02113
OG0000976	Prbc	Prbg.g_01882	Prbc.g_00979
OG0000976	Prah	Prbg.g_01882	Prah.g_00065
OG0000976	Praf	Prbg.g_01882	Praf.g_00067
OG0000976	Prbj	Prbg.g_01882	Prbj.g_01231
OG0000976	Prbk	Prbg.g_01882	Prbk.g_01590
OG0000976	Prbl	Prbg.g_01882	Prbl.g_02004
OG0000976	Syar	Prbg.g_01882	Syar.g_00532
OG0000976	Syat	Prbg.g_01882	Syat.g_02279
OG0000976	Syap	Prbg.g_01882	Syap.g_00988
OG0000976	Syas	Prbg.g_01882	Syas.g_02096
OG0000976	Syan	Prbg.g_01882	Syan.g_01716
OG0000976	Syao	Prbg.g_01882	Syao.g_02208
OG0000976	Syaa	Prbg.g_01882	Syaa.g_00064
OG0000976	Syae	Prbg.g_01882	Syae.g_01774
OG0000976	Syad	Prbg.g_01882	Syad.g_00224
OG0000976	Syaj	Prbg.g_01882	Syaj.g_02326
OG0000976	Syac	Prbg.g_01882	Syac.g_00062
OG0000976	Syah	Prbg.g_01882	Syah.g_00308
OG0000976	Syai	Prbg.g_01882	Syai.g_00069
OG0000976	Syaf	Prbg.g_01882	Syaf.g_00434
OG0000976	Syam	Prbg.g_01882	Syam.g_00061
OG0000976	Syaq	Prbg.g_01882	Syaq.g_01086
OG0000976	Syag	Prbg.g_01882	Syag.g_02343
OG0000976	Syak	Prbg.g_01882	Syak.g_01729
OG0000976	Syab	Prbg.g_01882	Syab.g_00065
OG0000976	Syal	Prbg.g_01882	Syal.g_00159
OG0000976	Pral	Prbg.g_01882	Pral.g_00340
OG0000976	Prat	Prbg.g_01882	Prat.g_01823
OG0000976	Pram	Prbg.g_01882	Pram.g_01868
OG0000976	Prbh	Prbg.g_01882	Prbh.g_01546
OG0000976	Prak	Prbg.g_01882	Prak.g_01877
OG0000976	Prap	Prbg.g_01882	Prap.g_01545
OG0000976	Prbe	Prbg.g_01882	Prbe.g_01140
OG0000976	Prbf	Prbg.g_01882	Prbf.g_00460
OG0000976	Prbn	Prbg.g_01882	Prbn.g_00961
OG0000977	Prab	Prbg.g_01883	Prab.g_01894
OG0000977	Pran	Prbg.g_01883	Pran.g_01197
OG0000977	Prai	Prbg.g_01883	Prai.g_01876
OG0000977	Prac	Prbg.g_01883	Prac.g_00076
OG0000977	Praq	Prbg.g_01883	Praq.g_00702
OG0000977	Prar	Prbg.g_01883	Prar.g_00688
OG0000977	Prag	Prbg.g_01883	Prag.g_01897
OG0000977	Praw	Prbg.g_01883	Praw.g_00003
OG0000977	Pras	Prbg.g_01883	Pras.g_00781
OG0000977	Prau	Prbg.g_01883	Prau.g_01962
OG0000977	Prad	Prbg.g_01883	Prad.g_01596
OG0000977	Prao	Prbg.g_01883	Prao.g_01780
OG0000977	Prae	Prbg.g_01883	Prae.g_01851
OG0000977	Praa	Prbg.g_01883	Praa.g_01869
OG0000977	Prbd	Prbg.g_01883	Prbd.g_01297
OG0000977	Prax	Prbg.g_01883	Prax.g_01431
OG0000977	Prbi	Prbg.g_01883	Prbi.g_02043
OG0000977	Pray	Prbg.g_01883	Pray.g_01401
OG0000977	Praz	Prbg.g_01883	Praz.g_00168
OG0000977	Prba	Prbg.g_01883	Prba.g_00805
OG0000977	Prav	Prbg.g_01883	Prav.g_00725
OG0000977	Prbm	Prbg.g_01883	Prbm.g_02159
OG0000977	Prbc	Prbg.g_01883	Prbc.g_00980
OG0000977	Praj	Prbg.g_01883	Praj.g_02074
OG0000977	Prbb	Prbg.g_01883	Prbb.g_02114
OG0000977	Pral	Prbg.g_01883	Pral.g_00341
OG0000977	Prat	Prbg.g_01883	Prat.g_01824
OG0000977	Praf	Prbg.g_01883	Praf.g_00064
OG0000977	Prbj	Prbg.g_01883	Prbj.g_01229
OG0000977	Prbk	Prbg.g_01883	Prbk.g_01592
OG0000977	Prbl	Prbg.g_01883	Prbl.g_02002
OG0000977	Prah	Prbg.g_01883	Prah.g_00063
OG0000977	Syag	Prbg.g_01883	Syag.g_02340
OG0000977	Syaq	Prbg.g_01883	Syaq.g_01088
OG0000977	Syak	Prbg.g_01883	Syak.g_01731
OG0000977	Syab	Prbg.g_01883	Syab.g_00063
OG0000977	Syal	Prbg.g_01883	Syal.g_00157
OG0000977	Syap	Prbg.g_01883	Syap.g_00986
OG0000977	Syas	Prbg.g_01883	Syas.g_02094
OG0000977	Syar	Prbg.g_01883	Syar.g_00530
OG0000977	Syat	Prbg.g_01883	Syat.g_02281
OG0000977	Syan	Prbg.g_01883	Syan.g_01718
OG0000977	Syao	Prbg.g_01883	Syao.g_02210
OG0000977	Syae	Prbg.g_01883	Syae.g_01772
OG0000977	Syac	Prbg.g_01883	Syac.g_00059
OG0000977	Syah	Prbg.g_01883	Syah.g_00310
OG0000977	Syaa	Prbg.g_01883	Syaa.g_00062
OG0000977	Syad	Prbg.g_01883	Syad.g_00222
OG0000977	Syaj	Prbg.g_01883	Syaj.g_02324
OG0000977	Syaf	Prbg.g_01883	Syaf.g_00436
OG0000977	Syam	Prbg.g_01883	Syam.g_00059
OG0000977	Syai	Prbg.g_01883	Syai.g_00067
OG0000977	Pram	Prbg.g_01883	Pram.g_01869
OG0000977	Prbh	Prbg.g_01883	Prbh.g_01545
OG0000977	Prak	Prbg.g_01883	Prak.g_01878
OG0000977	Prap	Prbg.g_01883	Prap.g_01544
OG0000977	Prbe	Prbg.g_01883	Prbe.g_01141
OG0000977	Prbf	Prbg.g_01883	Prbf.g_00459
OG0000977	Prbn	Prbg.g_01883	Prbn.g_00960
OG0000978	Prab	Prbg.g_01884	Prab.g_01895
OG0000978	Pran	Prbg.g_01884	Pran.g_01198
OG0000978	Prai	Prbg.g_01884	Prai.g_01877
OG0000978	Prav	Prbg.g_01884	Prav.g_00726
OG0000978	Prac	Prbg.g_01884	Prac.g_00077
OG0000978	Praq	Prbg.g_01884	Praq.g_00703
OG0000978	Prar	Prbg.g_01884	Prar.g_00689
OG0000978	Prag	Prbg.g_01884	Prag.g_01898
OG0000978	Praw	Prbg.g_01884	Praw.g_00002
OG0000978	Prad	Prbg.g_01884	Prad.g_01595
OG0000978	Prao	Prbg.g_01884	Prao.g_01781
OG0000978	Pras	Prbg.g_01884	Pras.g_00782
OG0000978	Prau	Prbg.g_01884	Prau.g_01963
OG0000978	Prae	Prbg.g_01884	Prae.g_01852
OG0000978	Pray	Prbg.g_01884	Pray.g_01402
OG0000978	Praz	Prbg.g_01884	Praz.g_00167
OG0000978	Prba	Prbg.g_01884	Prba.g_00806
OG0000978	Prbd	Prbg.g_01884	Prbd.g_01296
OG0000978	Prax	Prbg.g_01884	Prax.g_01432
OG0000978	Praa	Prbg.g_01884	Praa.g_01870
OG0000978	Prbi	Prbg.g_01884	Prbi.g_02044
OG0000978	Prbc	Prbg.g_01884	Prbc.g_00981
OG0000978	Prbm	Prbg.g_01884	Prbm.g_02160
OG0000978	Praj	Prbg.g_01884	Praj.g_02075
OG0000978	Prbb	Prbg.g_01884	Prbb.g_02115
OG0000978	Praf	Prbg.g_01884	Praf.g_00063
OG0000978	Prbj	Prbg.g_01884	Prbj.g_01228
OG0000978	Prbk	Prbg.g_01884	Prbk.g_01593
OG0000978	Prbl	Prbg.g_01884	Prbl.g_02001
OG0000978	Prah	Prbg.g_01884	Prah.g_00062
OG0000978	Syan	Prbg.g_01884	Syan.g_01719
OG0000978	Syao	Prbg.g_01884	Syao.g_02211
OG0000978	Syap	Prbg.g_01884	Syap.g_00985
OG0000978	Syas	Prbg.g_01884	Syas.g_02093
OG0000978	Syar	Prbg.g_01884	Syar.g_00529
OG0000978	Syat	Prbg.g_01884	Syat.g_02283
OG0000978	Syak	Prbg.g_01884	Syak.g_01732
OG0000978	Syab	Prbg.g_01884	Syab.g_00062
OG0000978	Syal	Prbg.g_01884	Syal.g_00156
OG0000978	Syag	Prbg.g_01884	Syag.g_02338
OG0000978	Syaq	Prbg.g_01884	Syaq.g_01091
OG0000978	Syae	Prbg.g_01884	Syae.g_01771
OG0000978	Syad	Prbg.g_01884	Syad.g_00221
OG0000978	Syaj	Prbg.g_01884	Syaj.g_02322
OG0000978	Syaf	Prbg.g_01884	Syaf.g_00437
OG0000978	Syai	Prbg.g_01884	Syai.g_00065
OG0000978	Syam	Prbg.g_01884	Syam.g_00058
OG0000978	Syaa	Prbg.g_01884	Syaa.g_00061
OG0000978	Syac	Prbg.g_01884	Syac.g_00058
OG0000978	Syah	Prbg.g_01884	Syah.g_00312
OG0000978	Pral	Prbg.g_01884	Pral.g_00342
OG0000978	Prat	Prbg.g_01884	Prat.g_01825
OG0000978	Pram	Prbg.g_01884	Pram.g_01870
OG0000978	Prbh	Prbg.g_01884	Prbh.g_01544
OG0000978	Prak	Prbg.g_01884	Prak.g_01879
OG0000978	Prap	Prbg.g_01884	Prap.g_01543
OG0000978	Prbe	Prbg.g_01884	Prbe.g_01142
OG0000978	Prbf	Prbg.g_01884	Prbf.g_00458
OG0000978	Prbn	Prbg.g_01884	Prbn.g_00959
OG0000979	Prai	Prbg.g_01887	Prai.g_01880
OG0000979	Prbd	Prbg.g_01887	Prbd.g_01293
OG0000979	Prad	Prbg.g_01887	Prad.g_01592
OG0000979	Pras	Prbg.g_01887	Pras.g_00785
OG0000979	Prau	Prbg.g_01887	Prau.g_01966
OG0000979	Prab	Prbg.g_01887	Prab.g_01898
OG0000979	Pran	Prbg.g_01887	Pran.g_01201
OG0000979	Prac	Prbg.g_01887	Prac.g_00080
OG0000979	Praq	Prbg.g_01887	Praq.g_00706
OG0000979	Prar	Prbg.g_01887	Prar.g_00692
OG0000979	Pray	Prbg.g_01887	Pray.g_01405
OG0000979	Praz	Prbg.g_01887	Praz.g_00164
OG0000979	Prba	Prbg.g_01887	Prba.g_00809
OG0000979	Prag	Prbg.g_01887	Prag.g_01901
OG0000979	Prao	Prbg.g_01887	Prao.g_01784
OG0000979	Prav	Prbg.g_01887	Prav.g_00729
OG0000979	Praw	Prbg.g_01887	Praw.g_01192
OG0000979	Praa	Prbg.g_01887	Praa.g_01873
OG0000979	Prax	Prbg.g_01887	Prax.g_01435
OG0000979	Prae	Prbg.g_01887	Prae.g_01855
OG0000979	Prbi	Prbg.g_01887	Prbi.g_02047
OG0000979	Pral	Prbg.g_01887	Pral.g_00345
OG0000979	Prat	Prbg.g_01887	Prat.g_01828
OG0000979	Prbm	Prbg.g_01887	Prbm.g_02163
OG0000979	Praj	Prbg.g_01887	Praj.g_02078
OG0000979	Prbb	Prbg.g_01887	Prbb.g_02118
OG0000979	Prbc	Prbg.g_01887	Prbc.g_00984
OG0000979	Praf	Prbg.g_01887	Praf.g_00060
OG0000979	Prah	Prbg.g_01887	Prah.g_00059
OG0000979	Prbj	Prbg.g_01887	Prbj.g_01225
OG0000979	Prbk	Prbg.g_01887	Prbk.g_01596
OG0000979	Prbl	Prbg.g_01887	Prbl.g_01998
OG0000979	Syap	Prbg.g_01887	Syap.g_00980
OG0000979	Syao	Prbg.g_01887	Syao.g_02214
OG0000979	Syan	Prbg.g_01887	Syan.g_01722
OG0000979	Syar	Prbg.g_01887	Syar.g_00526
OG0000979	Syat	Prbg.g_01887	Syat.g_02286
OG0000979	Syaf	Prbg.g_01887	Syaf.g_00440
OG0000979	Syai	Prbg.g_01887	Syai.g_00062
OG0000979	Syam	Prbg.g_01887	Syam.g_00055
OG0000979	Syas	Prbg.g_01887	Syas.g_02090
OG0000979	Syaa	Prbg.g_01887	Syaa.g_00058
OG0000979	Syae	Prbg.g_01887	Syae.g_01768
OG0000979	Syac	Prbg.g_01887	Syac.g_00055
OG0000979	Syah	Prbg.g_01887	Syah.g_00315
OG0000979	Syad	Prbg.g_01887	Syad.g_00218
OG0000979	Syaj	Prbg.g_01887	Syaj.g_02319
OG0000979	Syaq	Prbg.g_01887	Syaq.g_01094
OG0000979	Syag	Prbg.g_01887	Syag.g_02335
OG0000979	Syab	Prbg.g_01887	Syab.g_00059
OG0000979	Syal	Prbg.g_01887	Syal.g_00153
OG0000979	Syak	Prbg.g_01887	Syak.g_01735
OG0000979	Pram	Prbg.g_01887	Pram.g_01873
OG0000979	Prbh	Prbg.g_01887	Prbh.g_01541
OG0000979	Prak	Prbg.g_01887	Prak.g_01882
OG0000979	Prap	Prbg.g_01887	Prap.g_01541
OG0000979	Prbe	Prbg.g_01887	Prbe.g_01145
OG0000979	Prbf	Prbg.g_01887	Prbf.g_00456
OG0000979	Prbn	Prbg.g_01887	Prbn.g_00957
OG0000980	Prab	Prbg.g_01889	Prab.g_01900
OG0000980	Pran	Prbg.g_01889	Pran.g_01202
OG0000980	Prai	Prbg.g_01889	Prai.g_01882
OG0000980	Prac	Prbg.g_01889	Prac.g_00082
OG0000980	Praq	Prbg.g_01889	Praq.g_00708
OG0000980	Prar	Prbg.g_01889	Prar.g_00694
OG0000980	Prag	Prbg.g_01889	Prag.g_01903
OG0000980	Praw	Prbg.g_01889	Praw.g_01190
OG0000980	Prav	Prbg.g_01889	Prav.g_00731
OG0000980	Pras	Prbg.g_01889	Pras.g_00787
OG0000980	Prau	Prbg.g_01889	Prau.g_01968
OG0000980	Prae	Prbg.g_01889	Prae.g_01857
OG0000980	Prax	Prbg.g_01889	Prax.g_01437
OG0000980	Prbd	Prbg.g_01889	Prbd.g_01291
OG0000980	Praa	Prbg.g_01889	Praa.g_01875
OG0000980	Prbi	Prbg.g_01889	Prbi.g_02049
OG0000980	Prad	Prbg.g_01889	Prad.g_01590
OG0000980	Pray	Prbg.g_01889	Pray.g_01407
OG0000980	Praz	Prbg.g_01889	Praz.g_00162
OG0000980	Prba	Prbg.g_01889	Prba.g_00811
OG0000980	Prao	Prbg.g_01889	Prao.g_01786
OG0000980	Prbm	Prbg.g_01889	Prbm.g_02165
OG0000980	Prbc	Prbg.g_01889	Prbc.g_00986
OG0000980	Praj	Prbg.g_01889	Praj.g_02080
OG0000980	Prbb	Prbg.g_01889	Prbb.g_02120
OG0000980	Prbj	Prbg.g_01889	Prbj.g_01221
OG0000980	Prbk	Prbg.g_01889	Prbk.g_01600
OG0000980	Prbl	Prbg.g_01889	Prbl.g_01994
OG0000980	Praf	Prbg.g_01889	Praf.g_00056
OG0000980	Prah	Prbg.g_01889	Prah.g_00055
OG0000980	Syab	Prbg.g_01889	Syab.g_00056
OG0000980	Syal	Prbg.g_01889	Syal.g_00150
OG0000980	Syak	Prbg.g_01889	Syak.g_01738
OG0000980	Syag	Prbg.g_01889	Syag.g_02332
OG0000980	Syaf	Prbg.g_01889	Syaf.g_00443
OG0000980	Syai	Prbg.g_01889	Syai.g_00059
OG0000980	Syam	Prbg.g_01889	Syam.g_00052
OG0000980	Syac	Prbg.g_01889	Syac.g_00052
OG0000980	Syah	Prbg.g_01889	Syah.g_00318
OG0000980	Syaa	Prbg.g_01889	Syaa.g_00055
OG0000980	Syae	Prbg.g_01889	Syae.g_01765
OG0000980	Syad	Prbg.g_01889	Syad.g_00215
OG0000980	Syaj	Prbg.g_01889	Syaj.g_02316
OG0000980	Syaq	Prbg.g_01889	Syaq.g_01097
OG0000980	Syat	Prbg.g_01889	Syat.g_02289
OG0000980	Syar	Prbg.g_01889	Syar.g_00523
OG0000980	Syap	Prbg.g_01889	Syap.g_00977
OG0000980	Syas	Prbg.g_01889	Syas.g_02087
OG0000980	Syan	Prbg.g_01889	Syan.g_01725
OG0000980	Syao	Prbg.g_01889	Syao.g_02217
OG0000980	Pral	Prbg.g_01889	Pral.g_00347
OG0000980	Prat	Prbg.g_01889	Prat.g_01830
OG0000980	Pram	Prbg.g_01889	Pram.g_01875
OG0000980	Prbh	Prbg.g_01889	Prbh.g_01539
OG0000980	Prak	Prbg.g_01889	Prak.g_01884
OG0000980	Prap	Prbg.g_01889	Prap.g_01539
OG0000980	Prbe	Prbg.g_01889	Prbe.g_01147
OG0000980	Prbf	Prbg.g_01889	Prbf.g_00454
OG0000980	Prbn	Prbg.g_01889	Prbn.g_00955
OG0000981	Prab	Prbg.g_01892	Prab.g_01902
OG0000981	Pran	Prbg.g_01892	Pran.g_01204
OG0000981	Prai	Prbg.g_01892	Prai.g_01884
OG0000981	Pras	Prbg.g_01892	Pras.g_00789
OG0000981	Prau	Prbg.g_01892	Prau.g_01970
OG0000981	Prao	Prbg.g_01892	Prao.g_01788
OG0000981	Prbi	Prbg.g_01892	Prbi.g_02051
OG0000981	Praa	Prbg.g_01892	Praa.g_01877
OG0000981	Prae	Prbg.g_01892	Prae.g_01859
OG0000981	Prbd	Prbg.g_01892	Prbd.g_01289
OG0000981	Prax	Prbg.g_01892	Prax.g_01439
OG0000981	Prad	Prbg.g_01892	Prad.g_01588
OG0000981	Pray	Prbg.g_01892	Pray.g_01409
OG0000981	Praz	Prbg.g_01892	Praz.g_00160
OG0000981	Prba	Prbg.g_01892	Prba.g_00813
OG0000981	Prag	Prbg.g_01892	Prag.g_01905
OG0000981	Praw	Prbg.g_01892	Praw.g_01188
OG0000981	Prav	Prbg.g_01892	Prav.g_00733
OG0000981	Prac	Prbg.g_01892	Prac.g_00084
OG0000981	Praq	Prbg.g_01892	Praq.g_00710
OG0000981	Prar	Prbg.g_01892	Prar.g_00696
OG0000981	Pral	Prbg.g_01892	Pral.g_00350
OG0000981	Prat	Prbg.g_01892	Prat.g_01833
OG0000981	Prbm	Prbg.g_01892	Prbm.g_02168
OG0000981	Prbb	Prbg.g_01892	Prbb.g_02123
OG0000981	Praj	Prbg.g_01892	Praj.g_02083
OG0000981	Prbc	Prbg.g_01892	Prbc.g_00989
OG0000981	Praf	Prbg.g_01892	Praf.g_00053
OG0000981	Prbj	Prbg.g_01892	Prbj.g_01218
OG0000981	Prbk	Prbg.g_01892	Prbk.g_01603
OG0000981	Prbl	Prbg.g_01892	Prbl.g_01991
OG0000981	Prah	Prbg.g_01892	Prah.g_00052
OG0000981	Syan	Prbg.g_01892	Syan.g_01728
OG0000981	Syao	Prbg.g_01892	Syao.g_02220
OG0000981	Syap	Prbg.g_01892	Syap.g_01812
OG0000981	Syas	Prbg.g_01892	Syas.g_02084
OG0000981	Syar	Prbg.g_01892	Syar.g_00520
OG0000981	Syat	Prbg.g_01892	Syat.g_02292
OG0000981	Syag	Prbg.g_01892	Syag.g_02329
OG0000981	Syad	Prbg.g_01892	Syad.g_00212
OG0000981	Syaj	Prbg.g_01892	Syaj.g_02313
OG0000981	Syaq	Prbg.g_01892	Syaq.g_01100
OG0000981	Syab	Prbg.g_01892	Syab.g_00053
OG0000981	Syal	Prbg.g_01892	Syal.g_00147
OG0000981	Syac	Prbg.g_01892	Syac.g_00049
OG0000981	Syah	Prbg.g_01892	Syah.g_00321
OG0000981	Syaa	Prbg.g_01892	Syaa.g_00052
OG0000981	Syak	Prbg.g_01892	Syak.g_01741
OG0000981	Syae	Prbg.g_01892	Syae.g_01762
OG0000981	Syaf	Prbg.g_01892	Syaf.g_00446
OG0000981	Syai	Prbg.g_01892	Syai.g_00056
OG0000981	Syam	Prbg.g_01892	Syam.g_00049
OG0000981	Pram	Prbg.g_01892	Pram.g_01878
OG0000981	Prbh	Prbg.g_01892	Prbh.g_01536
OG0000981	Prak	Prbg.g_01892	Prak.g_01887
OG0000981	Prap	Prbg.g_01892	Prap.g_01536
OG0000981	Prbe	Prbg.g_01892	Prbe.g_01150
OG0000981	Prbf	Prbg.g_01892	Prbf.g_00451
OG0000981	Prbn	Prbg.g_01892	Prbn.g_00952
OG0000982	Prab	Prbg.g_01894	Prab.g_01904
OG0000982	Pran	Prbg.g_01894	Pran.g_01206
OG0000982	Prai	Prbg.g_01894	Prai.g_01886
OG0000982	Pray	Prbg.g_01894	Pray.g_01411
OG0000982	Praz	Prbg.g_01894	Praz.g_00158
OG0000982	Prba	Prbg.g_01894	Prba.g_00815
OG0000982	Prag	Prbg.g_01894	Prag.g_01907
OG0000982	Praw	Prbg.g_01894	Praw.g_01186
OG0000982	Prav	Prbg.g_01894	Prav.g_00735
OG0000982	Prac	Prbg.g_01894	Prac.g_00086
OG0000982	Praq	Prbg.g_01894	Praq.g_00712
OG0000982	Prar	Prbg.g_01894	Prar.g_00698
OG0000982	Prax	Prbg.g_01894	Prax.g_01441
OG0000982	Prae	Prbg.g_01894	Prae.g_01861
OG0000982	Prbi	Prbg.g_01894	Prbi.g_02053
OG0000982	Praa	Prbg.g_01894	Praa.g_01879
OG0000982	Prbd	Prbg.g_01894	Prbd.g_01287
OG0000982	Pras	Prbg.g_01894	Pras.g_00791
OG0000982	Prau	Prbg.g_01894	Prau.g_01972
OG0000982	Prad	Prbg.g_01894	Prad.g_01586
OG0000982	Prao	Prbg.g_01894	Prao.g_01790
OG0000982	Prbm	Prbg.g_01894	Prbm.g_02170
OG0000982	Praj	Prbg.g_01894	Praj.g_02085
OG0000982	Prbc	Prbg.g_01894	Prbc.g_00991
OG0000982	Prbb	Prbg.g_01894	Prbb.g_02125
OG0000982	Prah	Prbg.g_01894	Prah.g_02491
OG0000982	Praf	Prbg.g_01894	Praf.g_02657
OG0000982	Prbj	Prbg.g_01894	Prbj.g_01956
OG0000982	Prbk	Prbg.g_01894	Prbk.g_02161
OG0000982	Prbl	Prbg.g_01894	Prbl.g_02238
OG0000982	Syak	Prbg.g_01894	Syak.g_01941
OG0000982	Syab	Prbg.g_01894	Syab.g_02756
OG0000982	Syal	Prbg.g_01894	Syal.g_01068
OG0000982	Syag	Prbg.g_01894	Syag.g_02127
OG0000982	Syaq	Prbg.g_01894	Syaq.g_01263
OG0000982	Syan	Prbg.g_01894	Syan.g_01566
OG0000982	Syao	Prbg.g_01894	Syao.g_02437
OG0000982	Syar	Prbg.g_01894	Syar.g_00331
OG0000982	Syap	Prbg.g_01894	Syap.g_00132
OG0000982	Syas	Prbg.g_01894	Syas.g_01882
OG0000982	Syat	Prbg.g_01894	Syat.g_02691
OG0000982	Syaf	Prbg.g_01894	Syaf.g_00645
OG0000982	Syai	Prbg.g_01894	Syai.g_02777
OG0000982	Syam	Prbg.g_01894	Syam.g_02314
OG0000982	Syae	Prbg.g_01894	Syae.g_01568
OG0000982	Syac	Prbg.g_01894	Syac.g_02354
OG0000982	Syah	Prbg.g_01894	Syah.g_00511
OG0000982	Syaa	Prbg.g_01894	Syaa.g_02593
OG0000982	Syad	Prbg.g_01894	Syad.g_03035
OG0000982	Syaj	Prbg.g_01894	Syaj.g_02112
OG0000982	Pral	Prbg.g_01894	Pral.g_00352
OG0000982	Prat	Prbg.g_01894	Prat.g_01835
OG0000982	Pram	Prbg.g_01894	Pram.g_01880
OG0000982	Prbh	Prbg.g_01894	Prbh.g_01534
OG0000982	Prak	Prbg.g_01894	Prak.g_01889
OG0000982	Prap	Prbg.g_01894	Prap.g_01534
OG0000982	Prbe	Prbg.g_01894	Prbe.g_01152
OG0000982	Prbf	Prbg.g_01894	Prbf.g_00449
OG0000982	Prbn	Prbg.g_01894	Prbn.g_00950
OG0000983	Prab	Prbg.g_01895	Prab.g_01905
OG0000983	Pran	Prbg.g_01895	Pran.g_01207
OG0000983	Prai	Prbg.g_01895	Prai.g_01887
OG0000983	Prag	Prbg.g_01895	Prag.g_01908
OG0000983	Praw	Prbg.g_01895	Praw.g_01185
OG0000983	Pray	Prbg.g_01895	Pray.g_01412
OG0000983	Praz	Prbg.g_01895	Praz.g_00157
OG0000983	Prba	Prbg.g_01895	Prba.g_00816
OG0000983	Prao	Prbg.g_01895	Prao.g_01791
OG0000983	Praa	Prbg.g_01895	Praa.g_01880
OG0000983	Prax	Prbg.g_01895	Prax.g_01442
OG0000983	Prae	Prbg.g_01895	Prae.g_01862
OG0000983	Prbd	Prbg.g_01895	Prbd.g_01286
OG0000983	Prbi	Prbg.g_01895	Prbi.g_02054
OG0000983	Prad	Prbg.g_01895	Prad.g_01585
OG0000983	Prav	Prbg.g_01895	Prav.g_00736
OG0000983	Prac	Prbg.g_01895	Prac.g_00087
OG0000983	Praq	Prbg.g_01895	Praq.g_00713
OG0000983	Prar	Prbg.g_01895	Prar.g_00699
OG0000983	Pras	Prbg.g_01895	Pras.g_00792
OG0000983	Prau	Prbg.g_01895	Prau.g_01973
OG0000983	Prbm	Prbg.g_01895	Prbm.g_02171
OG0000983	Praj	Prbg.g_01895	Praj.g_02086
OG0000983	Prbb	Prbg.g_01895	Prbb.g_02126
OG0000983	Prbc	Prbg.g_01895	Prbc.g_00992
OG0000983	Praf	Prbg.g_01895	Praf.g_02658
OG0000983	Prah	Prbg.g_01895	Prah.g_02492
OG0000983	Prbj	Prbg.g_01895	Prbj.g_01957
OG0000983	Prbk	Prbg.g_01895	Prbk.g_02162
OG0000983	Prbl	Prbg.g_01895	Prbl.g_02237
OG0000983	Pral	Prbg.g_01895	Pral.g_00353
OG0000983	Prat	Prbg.g_01895	Prat.g_01836
OG0000983	Syaa	Prbg.g_01895	Syaa.g_02594
OG0000983	Syam	Prbg.g_01895	Syam.g_02315
OG0000983	Syai	Prbg.g_01895	Syai.g_02778
OG0000983	Syaf	Prbg.g_01895	Syaf.g_00644
OG0000983	Syae	Prbg.g_01895	Syae.g_01569
OG0000983	Syad	Prbg.g_01895	Syad.g_03036
OG0000983	Syaj	Prbg.g_01895	Syaj.g_02113
OG0000983	Syac	Prbg.g_01895	Syac.g_02355
OG0000983	Syah	Prbg.g_01895	Syah.g_00510
OG0000983	Syaq	Prbg.g_01895	Syaq.g_01262
OG0000983	Syag	Prbg.g_01895	Syag.g_02128
OG0000983	Syar	Prbg.g_01895	Syar.g_00332
OG0000983	Syat	Prbg.g_01895	Syat.g_02690
OG0000983	Syao	Prbg.g_01895	Syao.g_02438
OG0000983	Syan	Prbg.g_01895	Syan.g_01567
OG0000983	Syas	Prbg.g_01895	Syas.g_01883
OG0000983	Syap	Prbg.g_01895	Syap.g_00134
OG0000983	Syak	Prbg.g_01895	Syak.g_01940
OG0000983	Syab	Prbg.g_01895	Syab.g_02757
OG0000983	Syal	Prbg.g_01895	Syal.g_01069
OG0000983	Pram	Prbg.g_01895	Pram.g_01881
OG0000983	Prbh	Prbg.g_01895	Prbh.g_01533
OG0000983	Prak	Prbg.g_01895	Prak.g_01890
OG0000983	Prap	Prbg.g_01895	Prap.g_01533
OG0000983	Prbe	Prbg.g_01895	Prbe.g_01153
OG0000983	Prbf	Prbg.g_01895	Prbf.g_00448
OG0000983	Prbn	Prbg.g_01895	Prbn.g_00949
OG0000984	Prab	Prbg.g_01896	Prab.g_01906
OG0000984	Pran	Prbg.g_01896	Pran.g_01208
OG0000984	Prai	Prbg.g_01896	Prai.g_01888
OG0000984	Prac	Prbg.g_01896	Prac.g_00088
OG0000984	Praq	Prbg.g_01896	Praq.g_00714
OG0000984	Prar	Prbg.g_01896	Prar.g_00700
OG0000984	Prav	Prbg.g_01896	Prav.g_00737
OG0000984	Praa	Prbg.g_01896	Praa.g_01881
OG0000984	Prbi	Prbg.g_01896	Prbi.g_02055
OG0000984	Prae	Prbg.g_01896	Prae.g_01863
OG0000984	Prax	Prbg.g_01896	Prax.g_01443
OG0000984	Prad	Prbg.g_01896	Prad.g_01584
OG0000984	Prbd	Prbg.g_01896	Prbd.g_01285
OG0000984	Pray	Prbg.g_01896	Pray.g_01413
OG0000984	Praz	Prbg.g_01896	Praz.g_00156
OG0000984	Prba	Prbg.g_01896	Prba.g_00817
OG0000984	Prao	Prbg.g_01896	Prao.g_01792
OG0000984	Prag	Prbg.g_01896	Prag.g_01909
OG0000984	Praw	Prbg.g_01896	Praw.g_01184
OG0000984	Pras	Prbg.g_01896	Pras.g_00793
OG0000984	Prau	Prbg.g_01896	Prau.g_01974
OG0000984	Prbm	Prbg.g_01896	Prbm.g_02172
OG0000984	Prbb	Prbg.g_01896	Prbb.g_02127
OG0000984	Praj	Prbg.g_01896	Praj.g_02087
OG0000984	Prbc	Prbg.g_01896	Prbc.g_00993
OG0000984	Prbj	Prbg.g_01896	Prbj.g_01958
OG0000984	Prbk	Prbg.g_01896	Prbk.g_02163
OG0000984	Prbl	Prbg.g_01896	Prbl.g_02236
OG0000984	Praf	Prbg.g_01896	Praf.g_02659
OG0000984	Prah	Prbg.g_01896	Prah.g_02493
OG0000984	Syat	Prbg.g_01896	Syat.g_02689
OG0000984	Syar	Prbg.g_01896	Syar.g_00333
OG0000984	Syan	Prbg.g_01896	Syan.g_01568
OG0000984	Syao	Prbg.g_01896	Syao.g_02439
OG0000984	Syap	Prbg.g_01896	Syap.g_00135
OG0000984	Syas	Prbg.g_01896	Syas.g_01884
OG0000984	Syaq	Prbg.g_01896	Syaq.g_01261
OG0000984	Syag	Prbg.g_01896	Syag.g_02129
OG0000984	Syak	Prbg.g_01896	Syak.g_01939
OG0000984	Syab	Prbg.g_01896	Syab.g_02758
OG0000984	Syal	Prbg.g_01896	Syal.g_01070
OG0000984	Syae	Prbg.g_01896	Syae.g_01570
OG0000984	Syaa	Prbg.g_01896	Syaa.g_02595
OG0000984	Syai	Prbg.g_01896	Syai.g_02779
OG0000984	Syaf	Prbg.g_01896	Syaf.g_00643
OG0000984	Syam	Prbg.g_01896	Syam.g_02316
OG0000984	Syac	Prbg.g_01896	Syac.g_02356
OG0000984	Syah	Prbg.g_01896	Syah.g_00509
OG0000984	Syad	Prbg.g_01896	Syad.g_03037
OG0000984	Syaj	Prbg.g_01896	Syaj.g_02114
OG0000984	Prat	Prbg.g_01896	Prat.g_01837
OG0000984	Pral	Prbg.g_01896	Pral.g_00354
OG0000984	Pram	Prbg.g_01896	Pram.g_01882
OG0000984	Prbh	Prbg.g_01896	Prbh.g_01532
OG0000984	Prak	Prbg.g_01896	Prak.g_01891
OG0000984	Prap	Prbg.g_01896	Prap.g_01532
OG0000984	Prbe	Prbg.g_01896	Prbe.g_01154
OG0000984	Prbf	Prbg.g_01896	Prbf.g_00447
OG0000984	Prbn	Prbg.g_01896	Prbn.g_00948
OG0000985	Prab	Prbg.g_01899	Prab.g_01909
OG0000985	Pran	Prbg.g_01899	Pran.g_01211
OG0000985	Prai	Prbg.g_01899	Prai.g_01891
OG0000985	Pray	Prbg.g_01899	Pray.g_01416
OG0000985	Praz	Prbg.g_01899	Praz.g_00153
OG0000985	Prba	Prbg.g_01899	Prba.g_00820
OG0000985	Prac	Prbg.g_01899	Prac.g_00091
OG0000985	Praq	Prbg.g_01899	Praq.g_00717
OG0000985	Prar	Prbg.g_01899	Prar.g_00703
OG0000985	Pras	Prbg.g_01899	Pras.g_00796
OG0000985	Prav	Prbg.g_01899	Prav.g_00740
OG0000985	Prbd	Prbg.g_01899	Prbd.g_01282
OG0000985	Praa	Prbg.g_01899	Praa.g_01884
OG0000985	Prag	Prbg.g_01899	Prag.g_01912
OG0000985	Praw	Prbg.g_01899	Praw.g_01181
OG0000985	Prae	Prbg.g_01899	Prae.g_01866
OG0000985	Prax	Prbg.g_01899	Prax.g_01446
OG0000985	Prbi	Prbg.g_01899	Prbi.g_02058
OG0000985	Prau	Prbg.g_01899	Prau.g_01977
OG0000985	Prad	Prbg.g_01899	Prad.g_01581
OG0000985	Prao	Prbg.g_01899	Prao.g_01795
OG0000985	Prbm	Prbg.g_01899	Prbm.g_02175
OG0000985	Prbc	Prbg.g_01899	Prbc.g_00996
OG0000985	Praj	Prbg.g_01899	Praj.g_02090
OG0000985	Prbb	Prbg.g_01899	Prbb.g_02130
OG0000985	Praf	Prbg.g_01899	Praf.g_02663
OG0000985	Prah	Prbg.g_01899	Prah.g_02497
OG0000985	Prbj	Prbg.g_01899	Prbj.g_01962
OG0000985	Prbk	Prbg.g_01899	Prbk.g_02167
OG0000985	Prbl	Prbg.g_01899	Prbl.g_02232
OG0000985	Syan	Prbg.g_01899	Syan.g_01572
OG0000985	Syar	Prbg.g_01899	Syar.g_00337
OG0000985	Syao	Prbg.g_01899	Syao.g_02443
OG0000985	Syat	Prbg.g_01899	Syat.g_02685
OG0000985	Syap	Prbg.g_01899	Syap.g_00140
OG0000985	Syas	Prbg.g_01899	Syas.g_01888
OG0000985	Syaq	Prbg.g_01899	Syaq.g_01257
OG0000985	Syab	Prbg.g_01899	Syab.g_02762
OG0000985	Syal	Prbg.g_01899	Syal.g_01074
OG0000985	Syag	Prbg.g_01899	Syag.g_02133
OG0000985	Syak	Prbg.g_01899	Syak.g_01935
OG0000985	Syaa	Prbg.g_01899	Syaa.g_02597
OG0000985	Syae	Prbg.g_01899	Syae.g_01572
OG0000985	Syaf	Prbg.g_01899	Syaf.g_00641
OG0000985	Syai	Prbg.g_01899	Syai.g_02781
OG0000985	Syam	Prbg.g_01899	Syam.g_02318
OG0000985	Syac	Prbg.g_01899	Syac.g_02359
OG0000985	Syah	Prbg.g_01899	Syah.g_00505
OG0000985	Syad	Prbg.g_01899	Syad.g_03039
OG0000985	Syaj	Prbg.g_01899	Syaj.g_02116
OG0000985	Pral	Prbg.g_01899	Pral.g_00357
OG0000985	Prat	Prbg.g_01899	Prat.g_01840
OG0000985	Pram	Prbg.g_01899	Pram.g_01885
OG0000985	Prbh	Prbg.g_01899	Prbh.g_01529
OG0000985	Prak	Prbg.g_01899	Prak.g_01894
OG0000985	Prap	Prbg.g_01899	Prap.g_01529
OG0000985	Prbe	Prbg.g_01899	Prbe.g_01157
OG0000985	Prbf	Prbg.g_01899	Prbf.g_00444
OG0000985	Prbn	Prbg.g_01899	Prbn.g_00945
OG0000986	Prab	Prbg.g_01901	Prab.g_01911
OG0000986	Pran	Prbg.g_01901	Pran.g_01213
OG0000986	Prai	Prbg.g_01901	Prai.g_01893
OG0000986	Pray	Prbg.g_01901	Pray.g_01418
OG0000986	Praz	Prbg.g_01901	Praz.g_00151
OG0000986	Prba	Prbg.g_01901	Prba.g_00822
OG0000986	Prao	Prbg.g_01901	Prao.g_01797
OG0000986	Prax	Prbg.g_01901	Prax.g_01448
OG0000986	Prag	Prbg.g_01901	Prag.g_01914
OG0000986	Praw	Prbg.g_01901	Praw.g_01179
OG0000986	Prad	Prbg.g_01901	Prad.g_01579
OG0000986	Prac	Prbg.g_01901	Prac.g_00093
OG0000986	Praq	Prbg.g_01901	Praq.g_00719
OG0000986	Prar	Prbg.g_01901	Prar.g_00705
OG0000986	Pras	Prbg.g_01901	Pras.g_00798
OG0000986	Prau	Prbg.g_01901	Prau.g_01979
OG0000986	Prav	Prbg.g_01901	Prav.g_00742
OG0000986	Prbi	Prbg.g_01901	Prbi.g_02060
OG0000986	Prae	Prbg.g_01901	Prae.g_01868
OG0000986	Praa	Prbg.g_01901	Praa.g_01886
OG0000986	Prbd	Prbg.g_01901	Prbd.g_01280
OG0000986	Prbm	Prbg.g_01901	Prbm.g_02177
OG0000986	Prbb	Prbg.g_01901	Prbb.g_02132
OG0000986	Praj	Prbg.g_01901	Praj.g_02092
OG0000986	Prbc	Prbg.g_01901	Prbc.g_00998
OG0000986	Prbj	Prbg.g_01901	Prbj.g_01964
OG0000986	Prbk	Prbg.g_01901	Prbk.g_02169
OG0000986	Prbl	Prbg.g_01901	Prbl.g_02230
OG0000986	Praf	Prbg.g_01901	Praf.g_02665
OG0000986	Prah	Prbg.g_01901	Prah.g_02499
OG0000986	Syap	Prbg.g_01901	Syap.g_01044
OG0000986	Syan	Prbg.g_01901	Syan.g_01574
OG0000986	Syao	Prbg.g_01901	Syao.g_02445
OG0000986	Syat	Prbg.g_01901	Syat.g_02680
OG0000986	Syar	Prbg.g_01901	Syar.g_00344
OG0000986	Syas	Prbg.g_01901	Syas.g_01891
OG0000986	Syaq	Prbg.g_01901	Syaq.g_01253
OG0000986	Syag	Prbg.g_01901	Syag.g_02138
OG0000986	Syak	Prbg.g_01901	Syak.g_01933
OG0000986	Syab	Prbg.g_01901	Syab.g_02764
OG0000986	Syal	Prbg.g_01901	Syal.g_01076
OG0000986	Syae	Prbg.g_01901	Syae.g_01575
OG0000986	Syac	Prbg.g_01901	Syac.g_02363
OG0000986	Syah	Prbg.g_01901	Syah.g_00496
OG0000986	Syad	Prbg.g_01901	Syad.g_03049
OG0000986	Syaj	Prbg.g_01901	Syaj.g_02123
OG0000986	Syaa	Prbg.g_01901	Syaa.g_02601
OG0000986	Syaf	Prbg.g_01901	Syaf.g_00639
OG0000986	Syai	Prbg.g_01901	Syai.g_02784
OG0000986	Syam	Prbg.g_01901	Syam.g_02320
OG0000986	Pral	Prbg.g_01901	Pral.g_00359
OG0000986	Prat	Prbg.g_01901	Prat.g_01842
OG0000986	Pram	Prbg.g_01901	Pram.g_01887
OG0000986	Prbh	Prbg.g_01901	Prbh.g_01527
OG0000986	Prak	Prbg.g_01901	Prak.g_01896
OG0000986	Prap	Prbg.g_01901	Prap.g_01527
OG0000986	Prbe	Prbg.g_01901	Prbe.g_01159
OG0000986	Prbf	Prbg.g_01901	Prbf.g_00442
OG0000986	Prbn	Prbg.g_01901	Prbn.g_00943
OG0000987	Prab	Prbg.g_01902	Prab.g_01912
OG0000987	Pran	Prbg.g_01902	Pran.g_01214
OG0000987	Prai	Prbg.g_01902	Prai.g_01894
OG0000987	Prax	Prbg.g_01902	Prax.g_01449
OG0000987	Pray	Prbg.g_01902	Pray.g_01419
OG0000987	Praz	Prbg.g_01902	Praz.g_00150
OG0000987	Prba	Prbg.g_01902	Prba.g_00823
OG0000987	Prac	Prbg.g_01902	Prac.g_00094
OG0000987	Praq	Prbg.g_01902	Praq.g_00720
OG0000987	Prar	Prbg.g_01902	Prar.g_00706
OG0000987	Prag	Prbg.g_01902	Prag.g_01915
OG0000987	Praw	Prbg.g_01902	Praw.g_01178
OG0000987	Prae	Prbg.g_01902	Prae.g_01869
OG0000987	Prav	Prbg.g_01902	Prav.g_00743
OG0000987	Prbi	Prbg.g_01902	Prbi.g_02061
OG0000987	Praa	Prbg.g_01902	Praa.g_01887
OG0000987	Prbd	Prbg.g_01902	Prbd.g_01279
OG0000987	Prao	Prbg.g_01902	Prao.g_01798
OG0000987	Prad	Prbg.g_01902	Prad.g_01578
OG0000987	Pras	Prbg.g_01902	Pras.g_00799
OG0000987	Prau	Prbg.g_01902	Prau.g_01980
OG0000987	Pram	Prbg.g_01902	Pram.g_01888
OG0000987	Prbh	Prbg.g_01902	Prbh.g_01526
OG0000987	Syag	Prbg.g_01902	Syag.g_02140
OG0000987	Syak	Prbg.g_01902	Syak.g_01931
OG0000987	Syaq	Prbg.g_01902	Syaq.g_01251
OG0000987	Syab	Prbg.g_01902	Syab.g_02768
OG0000987	Syal	Prbg.g_01902	Syal.g_01080
OG0000987	Syat	Prbg.g_01902	Syat.g_02678
OG0000987	Syar	Prbg.g_01902	Syar.g_00346
OG0000987	Syan	Prbg.g_01902	Syan.g_01576
OG0000987	Syao	Prbg.g_01902	Syao.g_02447
OG0000987	Syas	Prbg.g_01902	Syas.g_01897
OG0000987	Syap	Prbg.g_01902	Syap.g_01033
OG0000987	Syaa	Prbg.g_01902	Syaa.g_02603
OG0000987	Syae	Prbg.g_01902	Syae.g_01577
OG0000987	Syai	Prbg.g_01902	Syai.g_02786
OG0000987	Syaf	Prbg.g_01902	Syaf.g_00637
OG0000987	Syam	Prbg.g_01902	Syam.g_02322
OG0000987	Syac	Prbg.g_01902	Syac.g_02365
OG0000987	Syah	Prbg.g_01902	Syah.g_00494
OG0000987	Syad	Prbg.g_01902	Syad.g_00002
OG0000987	Syaj	Prbg.g_01902	Syaj.g_02125
OG0000987	Prbm	Prbg.g_01902	Prbm.g_02178
OG0000987	Praj	Prbg.g_01902	Praj.g_02093
OG0000987	Prbb	Prbg.g_01902	Prbb.g_02133
OG0000987	Prbc	Prbg.g_01902	Prbc.g_00999
OG0000987	Praf	Prbg.g_01902	Praf.g_02667
OG0000987	Prah	Prbg.g_01902	Prah.g_02501
OG0000987	Prbj	Prbg.g_01902	Prbj.g_01966
OG0000987	Prbk	Prbg.g_01902	Prbk.g_02171
OG0000987	Prbl	Prbg.g_01902	Prbl.g_02228
OG0000987	Pral	Prbg.g_01902	Pral.g_00360
OG0000987	Prat	Prbg.g_01902	Prat.g_01843
OG0000987	Prak	Prbg.g_01902	Prak.g_01897
OG0000987	Prap	Prbg.g_01902	Prap.g_01526
OG0000987	Prbe	Prbg.g_01902	Prbe.g_01160
OG0000987	Prbf	Prbg.g_01902	Prbf.g_00441
OG0000987	Prbn	Prbg.g_01902	Prbn.g_00942
OG0000988	Prab	Prbg.g_01905	Prab.g_01915
OG0000988	Pran	Prbg.g_01905	Pran.g_01217
OG0000988	Prai	Prbg.g_01905	Prai.g_01897
OG0000988	Pras	Prbg.g_01905	Pras.g_00802
OG0000988	Prau	Prbg.g_01905	Prau.g_01983
OG0000988	Prbi	Prbg.g_01905	Prbi.g_02064
OG0000988	Prad	Prbg.g_01905	Prad.g_01575
OG0000988	Praq	Prbg.g_01905	Praq.g_00723
OG0000988	Prag	Prbg.g_01905	Prag.g_01918
OG0000988	Praw	Prbg.g_01905	Praw.g_01175
OG0000988	Pray	Prbg.g_01905	Pray.g_01422
OG0000988	Praz	Prbg.g_01905	Praz.g_00147
OG0000988	Prba	Prbg.g_01905	Prba.g_00826
OG0000988	Prbd	Prbg.g_01905	Prbd.g_01276
OG0000988	Praa	Prbg.g_01905	Praa.g_01890
OG0000988	Prac	Prbg.g_01905	Prac.g_00097
OG0000988	Prao	Prbg.g_01905	Prao.g_01801
OG0000988	Prar	Prbg.g_01905	Prar.g_00709
OG0000988	Prav	Prbg.g_01905	Prav.g_00746
OG0000988	Prax	Prbg.g_01905	Prax.g_01452
OG0000988	Prae	Prbg.g_01905	Prae.g_01872
OG0000988	Syan	Prbg.g_01905	Syan.g_01581
OG0000988	Syao	Prbg.g_01905	Syao.g_02452
OG0000988	Syap	Prbg.g_01905	Syap.g_01027
OG0000988	Syas	Prbg.g_01905	Syas.g_01902
OG0000988	Syar	Prbg.g_01905	Syar.g_00352
OG0000988	Syat	Prbg.g_01905	Syat.g_02672
OG0000988	Prbj	Prbg.g_01905	Prbj.g_01970
OG0000988	Prbk	Prbg.g_01905	Prbk.g_02175
OG0000988	Prbl	Prbg.g_01905	Prbl.g_02224
OG0000988	Praf	Prbg.g_01905	Praf.g_02671
OG0000988	Prah	Prbg.g_01905	Prah.g_02505
OG0000988	Syaq	Prbg.g_01905	Syaq.g_01245
OG0000988	Syad	Prbg.g_01905	Syad.g_00008
OG0000988	Syae	Prbg.g_01905	Syae.g_01583
OG0000988	Syaa	Prbg.g_01905	Syaa.g_02608
OG0000988	Syaf	Prbg.g_01905	Syaf.g_00633
OG0000988	Syai	Prbg.g_01905	Syai.g_02790
OG0000988	Syam	Prbg.g_01905	Syam.g_02327
OG0000988	Syac	Prbg.g_01905	Syac.g_02370
OG0000988	Syah	Prbg.g_01905	Syah.g_00489
OG0000988	Syaj	Prbg.g_01905	Syaj.g_02131
OG0000988	Syag	Prbg.g_01905	Syag.g_02145
OG0000988	Syak	Prbg.g_01905	Syak.g_01925
OG0000988	Syab	Prbg.g_01905	Syab.g_02774
OG0000988	Syal	Prbg.g_01905	Syal.g_01086
OG0000988	Prbm	Prbg.g_01905	Prbm.g_02181
OG0000988	Praj	Prbg.g_01905	Praj.g_02096
OG0000988	Prbb	Prbg.g_01905	Prbb.g_02136
OG0000988	Prbc	Prbg.g_01905	Prbc.g_01002
OG0000988	Pral	Prbg.g_01905	Pral.g_00363
OG0000988	Prat	Prbg.g_01905	Prat.g_01846
OG0000988	Pram	Prbg.g_01905	Pram.g_01891
OG0000988	Prbh	Prbg.g_01905	Prbh.g_01523
OG0000988	Prak	Prbg.g_01905	Prak.g_01900
OG0000988	Prap	Prbg.g_01905	Prap.g_01523
OG0000988	Prbe	Prbg.g_01905	Prbe.g_01163
OG0000988	Prbf	Prbg.g_01905	Prbf.g_00438
OG0000988	Prbn	Prbg.g_01905	Prbn.g_00939
OG0000989	Prab	Prbg.g_01909	Prab.g_01919
OG0000989	Pran	Prbg.g_01909	Pran.g_01221
OG0000989	Prai	Prbg.g_01909	Prai.g_01900
OG0000989	Prag	Prbg.g_01909	Prag.g_01922
OG0000989	Praw	Prbg.g_01909	Praw.g_01171
OG0000989	Prbd	Prbg.g_01909	Prbd.g_01273
OG0000989	Praa	Prbg.g_01909	Praa.g_01893
OG0000989	Prbi	Prbg.g_01909	Prbi.g_02068
OG0000989	Prae	Prbg.g_01909	Prae.g_01876
OG0000989	Prad	Prbg.g_01909	Prad.g_01571
OG0000989	Prao	Prbg.g_01909	Prao.g_01805
OG0000989	Prac	Prbg.g_01909	Prac.g_00100
OG0000989	Praq	Prbg.g_01909	Praq.g_00391
OG0000989	Prar	Prbg.g_01909	Prar.g_00073
OG0000989	Prav	Prbg.g_01909	Prav.g_00750
OG0000989	Pray	Prbg.g_01909	Pray.g_01426
OG0000989	Praz	Prbg.g_01909	Praz.g_00143
OG0000989	Prba	Prbg.g_01909	Prba.g_00830
OG0000989	Prax	Prbg.g_01909	Prax.g_01455
OG0000989	Pras	Prbg.g_01909	Pras.g_00805
OG0000989	Prau	Prbg.g_01909	Prau.g_01986
OG0000989	Prbc	Prbg.g_01909	Prbc.g_01006
OG0000989	Prbm	Prbg.g_01909	Prbm.g_02185
OG0000989	Praj	Prbg.g_01909	Praj.g_02100
OG0000989	Prbb	Prbg.g_01909	Prbb.g_02140
OG0000989	Prbj	Prbg.g_01909	Prbj.g_01980
OG0000989	Prbk	Prbg.g_01909	Prbk.g_02185
OG0000989	Prbl	Prbg.g_01909	Prbl.g_02214
OG0000989	Praf	Prbg.g_01909	Praf.g_02680
OG0000989	Prah	Prbg.g_01909	Prah.g_02513
OG0000989	Syap	Prbg.g_01909	Syap.g_01011
OG0000989	Syan	Prbg.g_01909	Syan.g_01587
OG0000989	Syao	Prbg.g_01909	Syao.g_02368
OG0000989	Syar	Prbg.g_01909	Syar.g_00377
OG0000989	Syat	Prbg.g_01909	Syat.g_02657
OG0000989	Syas	Prbg.g_01909	Syas.g_01908
OG0000989	Syaq	Prbg.g_01909	Syaq.g_01239
OG0000989	Syab	Prbg.g_01909	Syab.g_02792
OG0000989	Syal	Prbg.g_01909	Syal.g_01098
OG0000989	Syac	Prbg.g_01909	Syac.g_02379
OG0000989	Syah	Prbg.g_01909	Syah.g_00481
OG0000989	Syad	Prbg.g_01909	Syad.g_00020
OG0000989	Syaj	Prbg.g_01909	Syaj.g_02142
OG0000989	Syaa	Prbg.g_01909	Syaa.g_02616
OG0000989	Syae	Prbg.g_01909	Syae.g_01591
OG0000989	Syak	Prbg.g_01909	Syak.g_01912
OG0000989	Syam	Prbg.g_01909	Syam.g_02334
OG0000989	Syaf	Prbg.g_01909	Syaf.g_00624
OG0000989	Syai	Prbg.g_01909	Syai.g_02797
OG0000989	Syag	Prbg.g_01909	Syag.g_02156
OG0000989	Pral	Prbg.g_01909	Pral.g_00367
OG0000989	Prat	Prbg.g_01909	Prat.g_01850
OG0000989	Pram	Prbg.g_01909	Pram.g_01895
OG0000989	Prbh	Prbg.g_01909	Prbh.g_01519
OG0000989	Prak	Prbg.g_01909	Prak.g_01904
OG0000989	Prap	Prbg.g_01909	Prap.g_01519
OG0000989	Prbe	Prbg.g_01909	Prbe.g_01167
OG0000989	Prbf	Prbg.g_01909	Prbf.g_00434
OG0000989	Prbn	Prbg.g_01909	Prbn.g_00935
OG0000990	Prao	Prbg.g_01913	Prao.g_01808
OG0000990	Prav	Prbg.g_01913	Prav.g_00753
OG0000990	Prac	Prbg.g_01913	Prac.g_00103
OG0000990	Praq	Prbg.g_01913	Praq.g_00394
OG0000990	Prar	Prbg.g_01913	Prar.g_00070
OG0000990	Pras	Prbg.g_01913	Pras.g_00808
OG0000990	Prau	Prbg.g_01913	Prau.g_01989
OG0000990	Praa	Prbg.g_01913	Praa.g_01896
OG0000990	Pray	Prbg.g_01913	Pray.g_01429
OG0000990	Praz	Prbg.g_01913	Praz.g_00140
OG0000990	Prba	Prbg.g_01913	Prba.g_00833
OG0000990	Prag	Prbg.g_01913	Prag.g_01925
OG0000990	Praw	Prbg.g_01913	Praw.g_01168
OG0000990	Prbd	Prbg.g_01913	Prbd.g_01270
OG0000990	Prbi	Prbg.g_01913	Prbi.g_02071
OG0000990	Prax	Prbg.g_01913	Prax.g_01458
OG0000990	Prae	Prbg.g_01913	Prae.g_01879
OG0000990	Prad	Prbg.g_01913	Prad.g_01568
OG0000990	Prab	Prbg.g_01913	Prab.g_01922
OG0000990	Pran	Prbg.g_01913	Pran.g_01224
OG0000990	Prai	Prbg.g_01913	Prai.g_01903
OG0000990	Prbb	Prbg.g_01913	Prbb.g_02145
OG0000990	Prbm	Prbg.g_01913	Prbm.g_02190
OG0000990	Praj	Prbg.g_01913	Praj.g_02105
OG0000990	Prbc	Prbg.g_01913	Prbc.g_01011
OG0000990	Pral	Prbg.g_01913	Pral.g_00373
OG0000990	Prat	Prbg.g_01913	Prat.g_01856
OG0000990	Prbj	Prbg.g_01913	Prbj.g_02002
OG0000990	Prbk	Prbg.g_01913	Prbk.g_02207
OG0000990	Prbl	Prbg.g_01913	Prbl.g_02192
OG0000990	Praf	Prbg.g_01913	Praf.g_02702
OG0000990	Prah	Prbg.g_01913	Prah.g_02536
OG0000990	Syad	Prbg.g_01913	Syad.g_00061
OG0000990	Syaj	Prbg.g_01913	Syaj.g_02165
OG0000990	Syam	Prbg.g_01913	Syam.g_02346
OG0000990	Syai	Prbg.g_01913	Syai.g_02825
OG0000990	Syaf	Prbg.g_01913	Syaf.g_00606
OG0000990	Syaa	Prbg.g_01913	Syaa.g_02647
OG0000990	Syae	Prbg.g_01913	Syae.g_01606
OG0000990	Syac	Prbg.g_01913	Syac.g_02397
OG0000990	Syah	Prbg.g_01913	Syah.g_00466
OG0000990	Syao	Prbg.g_01913	Syao.g_02362
OG0000990	Syan	Prbg.g_01913	Syan.g_01615
OG0000990	Syaq	Prbg.g_01913	Syaq.g_01229
OG0000990	Syap	Prbg.g_01913	Syap.g_02087
OG0000990	Syar	Prbg.g_01913	Syar.g_00697
OG0000990	Syas	Prbg.g_01913	Syas.g_01937
OG0000990	Syat	Prbg.g_01913	Syat.g_02500
OG0000990	Syab	Prbg.g_01913	Syab.g_02811
OG0000990	Syal	Prbg.g_01913	Syal.g_01118
OG0000990	Syag	Prbg.g_01913	Syag.g_02169
OG0000990	Syak	Prbg.g_01913	Syak.g_01900
OG0000990	Pram	Prbg.g_01913	Pram.g_01900
OG0000990	Prbh	Prbg.g_01913	Prbh.g_01514
OG0000990	Prak	Prbg.g_01913	Prak.g_01908
OG0000990	Prap	Prbg.g_01913	Prap.g_01515
OG0000990	Prbe	Prbg.g_01913	Prbe.g_01171
OG0000990	Prbf	Prbg.g_01913	Prbf.g_00430
OG0000990	Prbn	Prbg.g_01913	Prbn.g_00931
OG0000991	Prad	Prbg.g_01914	Prad.g_01567
OG0000991	Prag	Prbg.g_01914	Prag.g_01926
OG0000991	Praw	Prbg.g_01914	Praw.g_01167
OG0000991	Prbd	Prbg.g_01914	Prbd.g_01269
OG0000991	Prax	Prbg.g_01914	Prax.g_01459
OG0000991	Prae	Prbg.g_01914	Prae.g_01880
OG0000991	Pray	Prbg.g_01914	Pray.g_01430
OG0000991	Praz	Prbg.g_01914	Praz.g_00139
OG0000991	Prba	Prbg.g_01914	Prba.g_00834
OG0000991	Praa	Prbg.g_01914	Praa.g_01897
OG0000991	Pras	Prbg.g_01914	Pras.g_00809
OG0000991	Prau	Prbg.g_01914	Prau.g_01990
OG0000991	Prao	Prbg.g_01914	Prao.g_01809
OG0000991	Prac	Prbg.g_01914	Prac.g_00104
OG0000991	Praq	Prbg.g_01914	Praq.g_00395
OG0000991	Prar	Prbg.g_01914	Prar.g_00069
OG0000991	Prav	Prbg.g_01914	Prav.g_00754
OG0000991	Prbi	Prbg.g_01914	Prbi.g_02072
OG0000991	Prab	Prbg.g_01914	Prab.g_01923
OG0000991	Pran	Prbg.g_01914	Pran.g_01225
OG0000991	Prai	Prbg.g_01914	Prai.g_01904
OG0000991	Prbb	Prbg.g_01914	Prbb.g_02146
OG0000991	Prbm	Prbg.g_01914	Prbm.g_02191
OG0000991	Praj	Prbg.g_01914	Praj.g_02106
OG0000991	Prbc	Prbg.g_01914	Prbc.g_01012
OG0000991	Prah	Prbg.g_01914	Prah.g_02540
OG0000991	Praf	Prbg.g_01914	Praf.g_02716
OG0000991	Prbj	Prbg.g_01914	Prbj.g_02005
OG0000991	Prbk	Prbg.g_01914	Prbk.g_02210
OG0000991	Prbl	Prbg.g_01914	Prbl.g_02189
OG0000991	Syak	Prbg.g_01914	Syak.g_01896
OG0000991	Syaq	Prbg.g_01914	Syaq.g_01225
OG0000991	Syap	Prbg.g_01914	Syap.g_02091
OG0000991	Syas	Prbg.g_01914	Syas.g_01939
OG0000991	Syao	Prbg.g_01914	Syao.g_02354
OG0000991	Syan	Prbg.g_01914	Syan.g_01618
OG0000991	Syar	Prbg.g_01914	Syar.g_00700
OG0000991	Syat	Prbg.g_01914	Syat.g_02503
OG0000991	Syag	Prbg.g_01914	Syag.g_02174
OG0000991	Syab	Prbg.g_01914	Syab.g_02818
OG0000991	Syal	Prbg.g_01914	Syal.g_01120
OG0000991	Syaa	Prbg.g_01914	Syaa.g_02650
OG0000991	Syai	Prbg.g_01914	Syai.g_02827
OG0000991	Syam	Prbg.g_01914	Syam.g_02348
OG0000991	Syaf	Prbg.g_01914	Syaf.g_00604
OG0000991	Syad	Prbg.g_01914	Syad.g_00064
OG0000991	Syaj	Prbg.g_01914	Syaj.g_02168
OG0000991	Syae	Prbg.g_01914	Syae.g_01609
OG0000991	Syac	Prbg.g_01914	Syac.g_02400
OG0000991	Syah	Prbg.g_01914	Syah.g_00462
OG0000991	Prat	Prbg.g_01914	Prat.g_01857
OG0000991	Pral	Prbg.g_01914	Pral.g_00374
OG0000991	Pram	Prbg.g_01914	Pram.g_01901
OG0000991	Prbh	Prbg.g_01914	Prbh.g_01513
OG0000991	Prak	Prbg.g_01914	Prak.g_01909
OG0000991	Prap	Prbg.g_01914	Prap.g_01514
OG0000991	Prbe	Prbg.g_01914	Prbe.g_01172
OG0000991	Prbf	Prbg.g_01914	Prbf.g_00429
OG0000991	Prbn	Prbg.g_01914	Prbn.g_00930
OG0000992	Prab	Prbg.g_01917	Prab.g_01925
OG0000992	Pran	Prbg.g_01917	Pran.g_01227
OG0000992	Prai	Prbg.g_01917	Prai.g_01906
OG0000992	Prao	Prbg.g_01917	Prao.g_01811
OG0000992	Prbi	Prbg.g_01917	Prbi.g_02074
OG0000992	Prav	Prbg.g_01917	Prav.g_00756
OG0000992	Prbd	Prbg.g_01917	Prbd.g_01267
OG0000992	Pras	Prbg.g_01917	Pras.g_00812
OG0000992	Prau	Prbg.g_01917	Prau.g_01992
OG0000992	Prax	Prbg.g_01917	Prax.g_01461
OG0000992	Praa	Prbg.g_01917	Praa.g_01899
OG0000992	Pray	Prbg.g_01917	Pray.g_01432
OG0000992	Praz	Prbg.g_01917	Praz.g_00137
OG0000992	Prba	Prbg.g_01917	Prba.g_00836
OG0000992	Prad	Prbg.g_01917	Prad.g_01565
OG0000992	Prag	Prbg.g_01917	Prag.g_01928
OG0000992	Praw	Prbg.g_01917	Praw.g_01165
OG0000992	Prae	Prbg.g_01917	Prae.g_01882
OG0000992	Prac	Prbg.g_01917	Prac.g_00106
OG0000992	Praq	Prbg.g_01917	Praq.g_00397
OG0000992	Prar	Prbg.g_01917	Prar.g_00067
OG0000992	Praj	Prbg.g_01917	Praj.g_02109
OG0000992	Prbb	Prbg.g_01917	Prbb.g_02149
OG0000992	Prbc	Prbg.g_01917	Prbc.g_01015
OG0000992	Prbm	Prbg.g_01917	Prbm.g_02194
OG0000992	Syak	Prbg.g_01917	Syak.g_01893
OG0000992	Syab	Prbg.g_01917	Syab.g_02821
OG0000992	Syal	Prbg.g_01917	Syal.g_01122
OG0000992	Syad	Prbg.g_01917	Syad.g_00067
OG0000992	Syaj	Prbg.g_01917	Syaj.g_02171
OG0000992	Syaa	Prbg.g_01917	Syaa.g_02653
OG0000992	Syai	Prbg.g_01917	Syai.g_02830
OG0000992	Syaf	Prbg.g_01917	Syaf.g_00601
OG0000992	Syam	Prbg.g_01917	Syam.g_02351
OG0000992	Syac	Prbg.g_01917	Syac.g_02402
OG0000992	Syah	Prbg.g_01917	Syah.g_00460
OG0000992	Syae	Prbg.g_01917	Syae.g_01612
OG0000992	Syap	Prbg.g_01917	Syap.g_02095
OG0000992	Syan	Prbg.g_01917	Syan.g_01622
OG0000992	Syao	Prbg.g_01917	Syao.g_02279
OG0000992	Syat	Prbg.g_01917	Syat.g_02507
OG0000992	Syar	Prbg.g_01917	Syar.g_00704
OG0000992	Syas	Prbg.g_01917	Syas.g_01943
OG0000992	Syag	Prbg.g_01917	Syag.g_02177
OG0000992	Syaq	Prbg.g_01917	Syaq.g_01222
OG0000992	Prbj	Prbg.g_01917	Prbj.g_02008
OG0000992	Prbk	Prbg.g_01917	Prbk.g_02213
OG0000992	Prbl	Prbg.g_01917	Prbl.g_02186
OG0000992	Praf	Prbg.g_01917	Praf.g_02719
OG0000992	Prah	Prbg.g_01917	Prah.g_02543
OG0000992	Prat	Prbg.g_01917	Prat.g_01860
OG0000992	Pral	Prbg.g_01917	Pral.g_00377
OG0000992	Pram	Prbg.g_01917	Pram.g_01904
OG0000992	Prbh	Prbg.g_01917	Prbh.g_01510
OG0000992	Prak	Prbg.g_01917	Prak.g_01912
OG0000992	Prap	Prbg.g_01917	Prap.g_01511
OG0000992	Prbe	Prbg.g_01917	Prbe.g_01175
OG0000992	Prbf	Prbg.g_01917	Prbf.g_00426
OG0000992	Prbn	Prbg.g_01917	Prbn.g_00927
OG0000993	Prab	Prbg.g_01918	Prab.g_01926
OG0000993	Pran	Prbg.g_01918	Pran.g_01228
OG0000993	Prai	Prbg.g_01918	Prai.g_01907
OG0000993	Prao	Prbg.g_01918	Prao.g_01812
OG0000993	Prae	Prbg.g_01918	Prae.g_01883
OG0000993	Prav	Prbg.g_01918	Prav.g_00757
OG0000993	Prac	Prbg.g_01918	Prac.g_00107
OG0000993	Praq	Prbg.g_01918	Praq.g_00398
OG0000993	Prar	Prbg.g_01918	Prar.g_00066
OG0000993	Praa	Prbg.g_01918	Praa.g_01900
OG0000993	Pray	Prbg.g_01918	Pray.g_01433
OG0000993	Praz	Prbg.g_01918	Praz.g_00136
OG0000993	Prba	Prbg.g_01918	Prba.g_00837
OG0000993	Pras	Prbg.g_01918	Pras.g_00813
OG0000993	Prau	Prbg.g_01918	Prau.g_01993
OG0000993	Prbi	Prbg.g_01918	Prbi.g_02075
OG0000993	Prag	Prbg.g_01918	Prag.g_01929
OG0000993	Praw	Prbg.g_01918	Praw.g_01164
OG0000993	Prad	Prbg.g_01918	Prad.g_01564
OG0000993	Prax	Prbg.g_01918	Prax.g_01462
OG0000993	Prbd	Prbg.g_01918	Prbd.g_01266
OG0000993	Praj	Prbg.g_01918	Praj.g_02110
OG0000993	Prbb	Prbg.g_01918	Prbb.g_02150
OG0000993	Prbm	Prbg.g_01918	Prbm.g_02195
OG0000993	Prbc	Prbg.g_01918	Prbc.g_01016
OG0000993	Prbj	Prbg.g_01918	Prbj.g_02009
OG0000993	Prbk	Prbg.g_01918	Prbk.g_02214
OG0000993	Prbl	Prbg.g_01918	Prbl.g_02185
OG0000993	Praf	Prbg.g_01918	Praf.g_02720
OG0000993	Prah	Prbg.g_01918	Prah.g_02544
OG0000993	Syap	Prbg.g_01918	Syap.g_02097
OG0000993	Syas	Prbg.g_01918	Syas.g_01945
OG0000993	Syan	Prbg.g_01918	Syan.g_01623
OG0000993	Syao	Prbg.g_01918	Syao.g_02280
OG0000993	Syar	Prbg.g_01918	Syar.g_00705
OG0000993	Syat	Prbg.g_01918	Syat.g_02508
OG0000993	Syab	Prbg.g_01918	Syab.g_02822
OG0000993	Syal	Prbg.g_01918	Syal.g_01123
OG0000993	Syag	Prbg.g_01918	Syag.g_02178
OG0000993	Syaq	Prbg.g_01918	Syaq.g_01221
OG0000993	Syac	Prbg.g_01918	Syac.g_02403
OG0000993	Syah	Prbg.g_01918	Syah.g_00459
OG0000993	Syak	Prbg.g_01918	Syak.g_01892
OG0000993	Syae	Prbg.g_01918	Syae.g_01613
OG0000993	Syad	Prbg.g_01918	Syad.g_00069
OG0000993	Syaa	Prbg.g_01918	Syaa.g_02654
OG0000993	Syam	Prbg.g_01918	Syam.g_02352
OG0000993	Syaf	Prbg.g_01918	Syaf.g_00600
OG0000993	Syai	Prbg.g_01918	Syai.g_02831
OG0000993	Syaj	Prbg.g_01918	Syaj.g_02173
OG0000993	Pral	Prbg.g_01918	Pral.g_00378
OG0000993	Prat	Prbg.g_01918	Prat.g_01861
OG0000993	Pram	Prbg.g_01918	Pram.g_01905
OG0000993	Prbh	Prbg.g_01918	Prbh.g_01509
OG0000993	Prak	Prbg.g_01918	Prak.g_01913
OG0000993	Prap	Prbg.g_01918	Prap.g_01510
OG0000993	Prbe	Prbg.g_01918	Prbe.g_01176
OG0000993	Prbf	Prbg.g_01918	Prbf.g_00425
OG0000993	Prbn	Prbg.g_01918	Prbn.g_00926
OG0000994	Prab	Prbg.g_01919	Prab.g_01927
OG0000994	Pran	Prbg.g_01919	Pran.g_01229
OG0000994	Prai	Prbg.g_01919	Prai.g_01908
OG0000994	Prag	Prbg.g_01919	Prag.g_01930
OG0000994	Praw	Prbg.g_01919	Praw.g_01163
OG0000994	Prad	Prbg.g_01919	Prad.g_01563
OG0000994	Pras	Prbg.g_01919	Pras.g_00814
OG0000994	Prau	Prbg.g_01919	Prau.g_01994
OG0000994	Pray	Prbg.g_01919	Pray.g_01434
OG0000994	Praz	Prbg.g_01919	Praz.g_00135
OG0000994	Prba	Prbg.g_01919	Prba.g_00838
OG0000994	Prax	Prbg.g_01919	Prax.g_01463
OG0000994	Praa	Prbg.g_01919	Praa.g_01901
OG0000994	Prbd	Prbg.g_01919	Prbd.g_01265
OG0000994	Prav	Prbg.g_01919	Prav.g_00758
OG0000994	Prac	Prbg.g_01919	Prac.g_00108
OG0000994	Praq	Prbg.g_01919	Praq.g_00399
OG0000994	Prar	Prbg.g_01919	Prar.g_00065
OG0000994	Prbi	Prbg.g_01919	Prbi.g_02076
OG0000994	Prae	Prbg.g_01919	Prae.g_01884
OG0000994	Prao	Prbg.g_01919	Prao.g_01813
OG0000994	Pral	Prbg.g_01919	Pral.g_00379
OG0000994	Prat	Prbg.g_01919	Prat.g_01862
OG0000994	Prbc	Prbg.g_01919	Prbc.g_01017
OG0000994	Prbb	Prbg.g_01919	Prbb.g_02151
OG0000994	Praj	Prbg.g_01919	Praj.g_02111
OG0000994	Prbm	Prbg.g_01919	Prbm.g_02196
OG0000994	Prbj	Prbg.g_01919	Prbj.g_02012
OG0000994	Prbk	Prbg.g_01919	Prbk.g_02217
OG0000994	Prbl	Prbg.g_01919	Prbl.g_02182
OG0000994	Praf	Prbg.g_01919	Praf.g_02723
OG0000994	Prah	Prbg.g_01919	Prah.g_02547
OG0000994	Syan	Prbg.g_01919	Syan.g_01625
OG0000994	Syao	Prbg.g_01919	Syao.g_02283
OG0000994	Syap	Prbg.g_01919	Syap.g_02101
OG0000994	Syas	Prbg.g_01919	Syas.g_01948
OG0000994	Syat	Prbg.g_01919	Syat.g_02512
OG0000994	Syar	Prbg.g_01919	Syar.g_00708
OG0000994	Syac	Prbg.g_01919	Syac.g_02405
OG0000994	Syah	Prbg.g_01919	Syah.g_00457
OG0000994	Syaa	Prbg.g_01919	Syaa.g_02657
OG0000994	Syad	Prbg.g_01919	Syad.g_00071
OG0000994	Syaj	Prbg.g_01919	Syaj.g_02177
OG0000994	Syae	Prbg.g_01919	Syae.g_01616
OG0000994	Syaf	Prbg.g_01919	Syaf.g_00597
OG0000994	Syai	Prbg.g_01919	Syai.g_02834
OG0000994	Syam	Prbg.g_01919	Syam.g_02354
OG0000994	Syag	Prbg.g_01919	Syag.g_02181
OG0000994	Syaq	Prbg.g_01919	Syaq.g_01218
OG0000994	Syak	Prbg.g_01919	Syak.g_01889
OG0000994	Syab	Prbg.g_01919	Syab.g_02826
OG0000994	Syal	Prbg.g_01919	Syal.g_01127
OG0000994	Pram	Prbg.g_01919	Pram.g_01906
OG0000994	Prbh	Prbg.g_01919	Prbh.g_01508
OG0000994	Prak	Prbg.g_01919	Prak.g_01914
OG0000994	Prap	Prbg.g_01919	Prap.g_01509
OG0000994	Prbe	Prbg.g_01919	Prbe.g_01177
OG0000994	Prbf	Prbg.g_01919	Prbf.g_00424
OG0000994	Prbn	Prbg.g_01919	Prbn.g_00925
OG0000995	Prab	Prbg.g_01923	Prab.g_01931
OG0000995	Pran	Prbg.g_01923	Pran.g_01233
OG0000995	Prai	Prbg.g_01923	Prai.g_01912
OG0000995	Pras	Prbg.g_01923	Pras.g_00818
OG0000995	Prau	Prbg.g_01923	Prau.g_01998
OG0000995	Prav	Prbg.g_01923	Prav.g_00762
OG0000995	Prbi	Prbg.g_01923	Prbi.g_02080
OG0000995	Prac	Prbg.g_01923	Prac.g_00112
OG0000995	Praq	Prbg.g_01923	Praq.g_00403
OG0000995	Prar	Prbg.g_01923	Prar.g_00061
OG0000995	Prax	Prbg.g_01923	Prax.g_01467
OG0000995	Prbd	Prbg.g_01923	Prbd.g_01261
OG0000995	Prao	Prbg.g_01923	Prao.g_01817
OG0000995	Prae	Prbg.g_01923	Prae.g_01888
OG0000995	Prad	Prbg.g_01923	Prad.g_01559
OG0000995	Pray	Prbg.g_01923	Pray.g_01438
OG0000995	Praz	Prbg.g_01923	Praz.g_00131
OG0000995	Prba	Prbg.g_01923	Prba.g_00842
OG0000995	Praa	Prbg.g_01923	Praa.g_01905
OG0000995	Prag	Prbg.g_01923	Prag.g_01934
OG0000995	Praw	Prbg.g_01923	Praw.g_01159
OG0000995	Prbm	Prbg.g_01923	Prbm.g_02200
OG0000995	Prbb	Prbg.g_01923	Prbb.g_02155
OG0000995	Praj	Prbg.g_01923	Praj.g_02115
OG0000995	Prbc	Prbg.g_01923	Prbc.g_01021
OG0000995	Pral	Prbg.g_01923	Pral.g_00383
OG0000995	Prat	Prbg.g_01923	Prat.g_01866
OG0000995	Prbj	Prbg.g_01923	Prbj.g_02021
OG0000995	Prbk	Prbg.g_01923	Prbk.g_02226
OG0000995	Prbl	Prbg.g_01923	Prbl.g_02173
OG0000995	Praf	Prbg.g_01923	Praf.g_02730
OG0000995	Prah	Prbg.g_01923	Prah.g_02552
OG0000995	Syak	Prbg.g_01923	Syak.g_01880
OG0000995	Syag	Prbg.g_01923	Syag.g_02187
OG0000995	Syan	Prbg.g_01923	Syan.g_01629
OG0000995	Syao	Prbg.g_01923	Syao.g_02287
OG0000995	Syab	Prbg.g_01923	Syab.g_02835
OG0000995	Syal	Prbg.g_01923	Syal.g_01132
OG0000995	Syad	Prbg.g_01923	Syad.g_00077
OG0000995	Syaj	Prbg.g_01923	Syaj.g_02182
OG0000995	Syah	Prbg.g_01923	Syah.g_00452
OG0000995	Syar	Prbg.g_01923	Syar.g_03212, Syar.g_00624
OG0000995	Syac	Prbg.g_01923	Syac.g_02410
OG0000995	Syaf	Prbg.g_01923	Syaf.g_00592
OG0000995	Syai	Prbg.g_01923	Syai.g_02840
OG0000995	Syam	Prbg.g_01923	Syam.g_02359
OG0000995	Syat	Prbg.g_01923	Syat.g_02517
OG0000995	Syas	Prbg.g_01923	Syas.g_01955
OG0000995	Syaa	Prbg.g_01923	Syaa.g_02662
OG0000995	Syae	Prbg.g_01923	Syae.g_01627
OG0000995	Syaq	Prbg.g_01923	Syaq.g_01212
OG0000995	Pram	Prbg.g_01923	Pram.g_01910
OG0000995	Prbh	Prbg.g_01923	Prbh.g_01504
OG0000995	Prak	Prbg.g_01923	Prak.g_01918
OG0000995	Prap	Prbg.g_01923	Prap.g_01505
OG0000995	Prbe	Prbg.g_01923	Prbe.g_01181
OG0000995	Prbf	Prbg.g_01923	Prbf.g_00420
OG0000995	Prbn	Prbg.g_01923	Prbn.g_00921
OG0000996	Pray	Prbg.g_01924	Pray.g_01439
OG0000996	Praz	Prbg.g_01924	Praz.g_00130
OG0000996	Prba	Prbg.g_01924	Prba.g_00843
OG0000996	Prav	Prbg.g_01924	Prav.g_00763
OG0000996	Prac	Prbg.g_01924	Prac.g_00113
OG0000996	Praq	Prbg.g_01924	Praq.g_00404
OG0000996	Prar	Prbg.g_01924	Prar.g_00060
OG0000996	Praa	Prbg.g_01924	Praa.g_01906
OG0000996	Prbd	Prbg.g_01924	Prbd.g_01260
OG0000996	Prbi	Prbg.g_01924	Prbi.g_02081
OG0000996	Prae	Prbg.g_01924	Prae.g_01889
OG0000996	Prax	Prbg.g_01924	Prax.g_01468
OG0000996	Prao	Prbg.g_01924	Prao.g_01818
OG0000996	Prad	Prbg.g_01924	Prad.g_01558
OG0000996	Prag	Prbg.g_01924	Prag.g_01935
OG0000996	Praw	Prbg.g_01924	Praw.g_01158
OG0000996	Pras	Prbg.g_01924	Pras.g_00819
OG0000996	Prau	Prbg.g_01924	Prau.g_01999
OG0000996	Prab	Prbg.g_01924	Prab.g_01932
OG0000996	Pran	Prbg.g_01924	Pran.g_01234
OG0000996	Prai	Prbg.g_01924	Prai.g_01913
OG0000996	Prbb	Prbg.g_01924	Prbb.g_02156
OG0000996	Prbc	Prbg.g_01924	Prbc.g_01022
OG0000996	Praj	Prbg.g_01924	Praj.g_02116
OG0000996	Prbm	Prbg.g_01924	Prbm.g_02201
OG0000996	Prbj	Prbg.g_01924	Prbj.g_02034
OG0000996	Prbk	Prbg.g_01924	Prbk.g_02239
OG0000996	Prbl	Prbg.g_01924	Prbl.g_02160
OG0000996	Praf	Prbg.g_01924	Praf.g_02743
OG0000996	Prah	Prbg.g_01924	Prah.g_02565
OG0000996	Syap	Prbg.g_01924	Syap.g_01817
OG0000996	Syan	Prbg.g_01924	Syan.g_01653
OG0000996	Syao	Prbg.g_01924	Syao.g_02305
OG0000996	Syas	Prbg.g_01924	Syas.g_01977
OG0000996	Syar	Prbg.g_01924	Syar.g_00861
OG0000996	Syat	Prbg.g_01924	Syat.g_02446
OG0000996	Syak	Prbg.g_01924	Syak.g_01839
OG0000996	Syaq	Prbg.g_01924	Syaq.g_01193
OG0000996	Syag	Prbg.g_01924	Syag.g_02229
OG0000996	Syac	Prbg.g_01924	Syac.g_02454
OG0000996	Syah	Prbg.g_01924	Syah.g_00412
OG0000996	Syae	Prbg.g_01924	Syae.g_01667
OG0000996	Syaj	Prbg.g_01924	Syaj.g_02221
OG0000996	Syaf	Prbg.g_01924	Syaf.g_00543
OG0000996	Syam	Prbg.g_01924	Syam.g_02405
OG0000996	Syai	Prbg.g_01924	Syai.g_02891
OG0000996	Syaa	Prbg.g_01924	Syaa.g_02705
OG0000996	Syad	Prbg.g_01924	Syad.g_00121
OG0000996	Syab	Prbg.g_01924	Syab.g_02866
OG0000996	Syal	Prbg.g_01924	Syal.g_01162
OG0000996	Pral	Prbg.g_01924	Pral.g_00384
OG0000996	Prat	Prbg.g_01924	Prat.g_01867
OG0000996	Pram	Prbg.g_01924	Pram.g_01911
OG0000996	Prbh	Prbg.g_01924	Prbh.g_01503
OG0000996	Prak	Prbg.g_01924	Prak.g_01919
OG0000996	Prap	Prbg.g_01924	Prap.g_01504
OG0000996	Prbe	Prbg.g_01924	Prbe.g_01182
OG0000996	Prbf	Prbg.g_01924	Prbf.g_00419
OG0000996	Prbn	Prbg.g_01924	Prbn.g_00920
OG0000997	Prab	Prbg.g_01927	Prab.g_01933
OG0000997	Pran	Prbg.g_01927	Pran.g_01235
OG0000997	Prai	Prbg.g_01927	Prai.g_01914
OG0000997	Prac	Prbg.g_01927	Prac.g_00114
OG0000997	Praq	Prbg.g_01927	Praq.g_00405
OG0000997	Prar	Prbg.g_01927	Prar.g_00059
OG0000997	Prav	Prbg.g_01927	Prav.g_00764
OG0000997	Pras	Prbg.g_01927	Pras.g_00820
OG0000997	Prau	Prbg.g_01927	Prau.g_02000
OG0000997	Pray	Prbg.g_01927	Pray.g_01440
OG0000997	Praz	Prbg.g_01927	Praz.g_00129
OG0000997	Prba	Prbg.g_01927	Prba.g_00844
OG0000997	Praa	Prbg.g_01927	Praa.g_01907
OG0000997	Prao	Prbg.g_01927	Prao.g_01819
OG0000997	Prbd	Prbg.g_01927	Prbd.g_01259
OG0000997	Prbi	Prbg.g_01927	Prbi.g_02082
OG0000997	Prad	Prbg.g_01927	Prad.g_01557
OG0000997	Prag	Prbg.g_01927	Prag.g_01936
OG0000997	Praw	Prbg.g_01927	Praw.g_01157
OG0000997	Prax	Prbg.g_01927	Prax.g_01469
OG0000997	Prae	Prbg.g_01927	Prae.g_01890
OG0000997	Praj	Prbg.g_01927	Praj.g_02124
OG0000997	Prbb	Prbg.g_01927	Prbb.g_02164
OG0000997	Prbm	Prbg.g_01927	Prbm.g_02208
OG0000997	Prbc	Prbg.g_01927	Prbc.g_01043
OG0000997	Pral	Prbg.g_01927	Pral.g_00386
OG0000997	Prat	Prbg.g_01927	Prat.g_01869
OG0000997	Praf	Prbg.g_01927	Praf.g_02753
OG0000997	Prah	Prbg.g_01927	Prah.g_02574
OG0000997	Prbj	Prbg.g_01927	Prbj.g_02043
OG0000997	Prbk	Prbg.g_01927	Prbk.g_02248
OG0000997	Prbl	Prbg.g_01927	Prbl.g_02151
OG0000997	Syae	Prbg.g_01927	Syae.g_01678
OG0000997	Syad	Prbg.g_01927	Syad.g_00128
OG0000997	Syaj	Prbg.g_01927	Syaj.g_02228
OG0000997	Syac	Prbg.g_01927	Syac.g_02464
OG0000997	Syah	Prbg.g_01927	Syah.g_00403
OG0000997	Syam	Prbg.g_01927	Syam.g_02416
OG0000997	Syai	Prbg.g_01927	Syai.g_02900
OG0000997	Syaf	Prbg.g_01927	Syaf.g_00532
OG0000997	Syaq	Prbg.g_01927	Syaq.g_01184
OG0000997	Syak	Prbg.g_01927	Syak.g_01828
OG0000997	Syab	Prbg.g_01927	Syab.g_02875
OG0000997	Syal	Prbg.g_01927	Syal.g_01171
OG0000997	Syar	Prbg.g_01927	Syar.g_00437
OG0000997	Syap	Prbg.g_01927	Syap.g_02590
OG0000997	Syat	Prbg.g_01927	Syat.g_02417
OG0000997	Syas	Prbg.g_01927	Syas.g_01993
OG0000997	Syan	Prbg.g_01927	Syan.g_01677
OG0000997	Syao	Prbg.g_01927	Syao.g_02326
OG0000997	Syaa	Prbg.g_01927	Syaa.g_02725
OG0000997	Syag	Prbg.g_01927	Syag.g_02239
OG0000997	Pram	Prbg.g_01927	Pram.g_01913
OG0000997	Prbh	Prbg.g_01927	Prbh.g_01501
OG0000997	Prak	Prbg.g_01927	Prak.g_01922
OG0000997	Prap	Prbg.g_01927	Prap.g_01501
OG0000997	Prbe	Prbg.g_01927	Prbe.g_01185
OG0000997	Prbf	Prbg.g_01927	Prbf.g_00416
OG0000997	Prbn	Prbg.g_01927	Prbn.g_00917
OG0000998	Prab	Prbg.g_01929	Prab.g_01935
OG0000998	Pran	Prbg.g_01929	Pran.g_01237
OG0000998	Prai	Prbg.g_01929	Prai.g_01916
OG0000998	Prau	Prbg.g_01929	Prau.g_02002
OG0000998	Pras	Prbg.g_01929	Pras.g_00822
OG0000998	Prao	Prbg.g_01929	Prao.g_01821
OG0000998	Pray	Prbg.g_01929	Pray.g_01442
OG0000998	Praz	Prbg.g_01929	Praz.g_00127
OG0000998	Prba	Prbg.g_01929	Prba.g_00846
OG0000998	Prac	Prbg.g_01929	Prac.g_00116
OG0000998	Praq	Prbg.g_01929	Praq.g_00407
OG0000998	Prar	Prbg.g_01929	Prar.g_00057
OG0000998	Prav	Prbg.g_01929	Prav.g_00766
OG0000998	Prax	Prbg.g_01929	Prax.g_01471
OG0000998	Praa	Prbg.g_01929	Praa.g_01909
OG0000998	Prae	Prbg.g_01929	Prae.g_01892
OG0000998	Prag	Prbg.g_01929	Prag.g_01938
OG0000998	Praw	Prbg.g_01929	Praw.g_01155
OG0000998	Prad	Prbg.g_01929	Prad.g_01555
OG0000998	Prbi	Prbg.g_01929	Prbi.g_02084
OG0000998	Prbd	Prbg.g_01929	Prbd.g_01257
OG0000998	Prbm	Prbg.g_01929	Prbm.g_02210
OG0000998	Praj	Prbg.g_01929	Praj.g_02126
OG0000998	Prbb	Prbg.g_01929	Prbb.g_02166
OG0000998	Prbc	Prbg.g_01929	Prbc.g_01045
OG0000998	Praf	Prbg.g_01929	Praf.g_02755
OG0000998	Prah	Prbg.g_01929	Prah.g_02576
OG0000998	Prbj	Prbg.g_01929	Prbj.g_02045
OG0000998	Prbk	Prbg.g_01929	Prbk.g_02250
OG0000998	Prbl	Prbg.g_01929	Prbl.g_02149
OG0000998	Syan	Prbg.g_01929	Syan.g_01679
OG0000998	Syao	Prbg.g_01929	Syao.g_02328
OG0000998	Syar	Prbg.g_01929	Syar.g_00439
OG0000998	Syat	Prbg.g_01929	Syat.g_02415
OG0000998	Syas	Prbg.g_01929	Syas.g_01995
OG0000998	Syap	Prbg.g_01929	Syap.g_02591
OG0000998	Syad	Prbg.g_01929	Syad.g_00130
OG0000998	Syaj	Prbg.g_01929	Syaj.g_02230
OG0000998	Syae	Prbg.g_01929	Syae.g_01680
OG0000998	Syac	Prbg.g_01929	Syac.g_02466
OG0000998	Syah	Prbg.g_01929	Syah.g_00401
OG0000998	Syaa	Prbg.g_01929	Syaa.g_02727
OG0000998	Syam	Prbg.g_01929	Syam.g_02418
OG0000998	Syai	Prbg.g_01929	Syai.g_02902
OG0000998	Syaf	Prbg.g_01929	Syaf.g_00530
OG0000998	Syak	Prbg.g_01929	Syak.g_01826
OG0000998	Syab	Prbg.g_01929	Syab.g_02877
OG0000998	Syal	Prbg.g_01929	Syal.g_01173
OG0000998	Syag	Prbg.g_01929	Syag.g_02241
OG0000998	Syaq	Prbg.g_01929	Syaq.g_01182
OG0000998	Pral	Prbg.g_01929	Pral.g_00388
OG0000998	Prat	Prbg.g_01929	Prat.g_01871
OG0000998	Pram	Prbg.g_01929	Pram.g_01915
OG0000998	Prbh	Prbg.g_01929	Prbh.g_01499
OG0000998	Prak	Prbg.g_01929	Prak.g_01924
OG0000998	Prap	Prbg.g_01929	Prap.g_01499
OG0000998	Prbe	Prbg.g_01929	Prbe.g_01187
OG0000998	Prbf	Prbg.g_01929	Prbf.g_00414
OG0000998	Prbn	Prbg.g_01929	Prbn.g_00915
OG0000999	Prab	Prbg.g_01930	Prab.g_01936
OG0000999	Pran	Prbg.g_01930	Pran.g_01238
OG0000999	Prai	Prbg.g_01930	Prai.g_01917
OG0000999	Prac	Prbg.g_01930	Prac.g_00117
OG0000999	Praq	Prbg.g_01930	Praq.g_00408
OG0000999	Prar	Prbg.g_01930	Prar.g_00056
OG0000999	Prav	Prbg.g_01930	Prav.g_00767
OG0000999	Prau	Prbg.g_01930	Prau.g_02003
OG0000999	Prao	Prbg.g_01930	Prao.g_01822
OG0000999	Pras	Prbg.g_01930	Pras.g_00823
OG0000999	Pray	Prbg.g_01930	Pray.g_01443
OG0000999	Praz	Prbg.g_01930	Praz.g_00126
OG0000999	Prba	Prbg.g_01930	Prba.g_00847
OG0000999	Prbi	Prbg.g_01930	Prbi.g_02085
OG0000999	Prad	Prbg.g_01930	Prad.g_01554
OG0000999	Prax	Prbg.g_01930	Prax.g_01472
OG0000999	Prbd	Prbg.g_01930	Prbd.g_01256
OG0000999	Prae	Prbg.g_01930	Prae.g_01893
OG0000999	Praa	Prbg.g_01930	Praa.g_01910
OG0000999	Prag	Prbg.g_01930	Prag.g_01939
OG0000999	Praw	Prbg.g_01930	Praw.g_01154
OG0000999	Praj	Prbg.g_01930	Praj.g_02127
OG0000999	Prbm	Prbg.g_01930	Prbm.g_02211
OG0000999	Prbb	Prbg.g_01930	Prbb.g_02167
OG0000999	Prbc	Prbg.g_01930	Prbc.g_01046
OG0000999	Syad	Prbg.g_01930	Syad.g_00131
OG0000999	Syaj	Prbg.g_01930	Syaj.g_02231
OG0000999	Syae	Prbg.g_01930	Syae.g_01683
OG0000999	Syag	Prbg.g_01930	Syag.g_02242
OG0000999	Syak	Prbg.g_01930	Syak.g_01825
OG0000999	Prbj	Prbg.g_01930	Prbj.g_02046
OG0000999	Prbk	Prbg.g_01930	Prbk.g_02251
OG0000999	Prbl	Prbg.g_01930	Prbl.g_02148
OG0000999	Praf	Prbg.g_01930	Praf.g_02756
OG0000999	Prah	Prbg.g_01930	Prah.g_02577
OG0000999	Syab	Prbg.g_01930	Syab.g_02878
OG0000999	Syal	Prbg.g_01930	Syal.g_01174
OG0000999	Syaq	Prbg.g_01930	Syaq.g_01181
OG0000999	Syao	Prbg.g_01930	Syao.g_02329
OG0000999	Syan	Prbg.g_01930	Syan.g_01680
OG0000999	Syar	Prbg.g_01930	Syar.g_00440
OG0000999	Syat	Prbg.g_01930	Syat.g_02414
OG0000999	Syas	Prbg.g_01930	Syas.g_01996
OG0000999	Syap	Prbg.g_01930	Syap.g_02592
OG0000999	Syaa	Prbg.g_01930	Syaa.g_02728
OG0000999	Syac	Prbg.g_01930	Syac.g_02467
OG0000999	Syah	Prbg.g_01930	Syah.g_00400
OG0000999	Syaf	Prbg.g_01930	Syaf.g_00529
OG0000999	Syai	Prbg.g_01930	Syai.g_02903
OG0000999	Syam	Prbg.g_01930	Syam.g_02419
OG0000999	Pral	Prbg.g_01930	Pral.g_00389
OG0000999	Prat	Prbg.g_01930	Prat.g_01872
OG0000999	Pram	Prbg.g_01930	Pram.g_01916
OG0000999	Prbh	Prbg.g_01930	Prbh.g_01498
OG0000999	Prak	Prbg.g_01930	Prak.g_01925
OG0000999	Prap	Prbg.g_01930	Prap.g_01498
OG0000999	Prbe	Prbg.g_01930	Prbe.g_01188
OG0000999	Prbf	Prbg.g_01930	Prbf.g_00413
OG0000999	Prbn	Prbg.g_01930	Prbn.g_00914
OG0001000	Prau	Prbg.g_01933	Prau.g_02006
OG0001000	Prab	Prbg.g_01933	Prab.g_01939
OG0001000	Pran	Prbg.g_01933	Pran.g_01241
OG0001000	Prai	Prbg.g_01933	Prai.g_01920
OG0001000	Prav	Prbg.g_01933	Prav.g_00770
OG0001000	Prac	Prbg.g_01933	Prac.g_00120
OG0001000	Praq	Prbg.g_01933	Praq.g_00411
OG0001000	Prar	Prbg.g_01933	Prar.g_00053
OG0001000	Prax	Prbg.g_01933	Prax.g_01475
OG0001000	Prbd	Prbg.g_01933	Prbd.g_01253
OG0001000	Prae	Prbg.g_01933	Prae.g_01896
OG0001000	Pras	Prbg.g_01933	Pras.g_00826
OG0001000	Prad	Prbg.g_01933	Prad.g_01551
OG0001000	Prao	Prbg.g_01933	Prao.g_01825
OG0001000	Prbi	Prbg.g_01933	Prbi.g_02088
OG0001000	Pray	Prbg.g_01933	Pray.g_01446
OG0001000	Praz	Prbg.g_01933	Praz.g_00123
OG0001000	Prba	Prbg.g_01933	Prba.g_01778
OG0001000	Praa	Prbg.g_01933	Praa.g_01913
OG0001000	Prag	Prbg.g_01933	Prag.g_01942
OG0001000	Praw	Prbg.g_01933	Praw.g_01151
OG0001000	Prbm	Prbg.g_01933	Prbm.g_02214
OG0001000	Prbc	Prbg.g_01933	Prbc.g_01049
OG0001000	Praj	Prbg.g_01933	Praj.g_02130, Praj.g_02131
OG0001000	Prbb	Prbg.g_01933	Prbb.g_02170
OG0001000	Syan	Prbg.g_01933	Syan.g_01684
OG0001000	Syao	Prbg.g_01933	Syao.g_02333
OG0001000	Syas	Prbg.g_01933	Syas.g_02000
OG0001000	Syar	Prbg.g_01933	Syar.g_00955, Syar.g_00444
OG0001000	Pral	Prbg.g_01933	Pral.g_00392
OG0001000	Prat	Prbg.g_01933	Prat.g_01875
OG0001000	Syac	Prbg.g_01933	Syac.g_02470
OG0001000	Syah	Prbg.g_01933	Syah.g_00397
OG0001000	Syad	Prbg.g_01933	Syad.g_00136
OG0001000	Syaj	Prbg.g_01933	Syaj.g_02236
OG0001000	Syae	Prbg.g_01933	Syae.g_01686
OG0001000	Syaa	Prbg.g_01933	Syaa.g_02732
OG0001000	Syam	Prbg.g_01933	Syam.g_02422
OG0001000	Syaf	Prbg.g_01933	Syaf.g_00526
OG0001000	Syai	Prbg.g_01933	Syai.g_02906
OG0001000	Syaq	Prbg.g_01933	Syaq.g_01177
OG0001000	Syab	Prbg.g_01933	Syab.g_02881
OG0001000	Syal	Prbg.g_01933	Syal.g_01177
OG0001000	Syak	Prbg.g_01933	Syak.g_01821
OG0001000	Syag	Prbg.g_01933	Syag.g_02246
OG0001000	Prbj	Prbg.g_01933	Prbj.g_02049
OG0001000	Prbk	Prbg.g_01933	Prbk.g_02254
OG0001000	Prbl	Prbg.g_01933	Prbl.g_02145
OG0001000	Praf	Prbg.g_01933	Praf.g_02759
OG0001000	Prah	Prbg.g_01933	Prah.g_02580
OG0001000	Pram	Prbg.g_01933	Pram.g_01919
OG0001000	Prbh	Prbg.g_01933	Prbh.g_01495
OG0001000	Prak	Prbg.g_01933	Prak.g_01928
OG0001000	Prap	Prbg.g_01933	Prap.g_01495
OG0001000	Prbe	Prbg.g_01933	Prbe.g_01191
OG0001000	Prbf	Prbg.g_01933	Prbf.g_00410
OG0001000	Prbn	Prbg.g_01933	Prbn.g_00911
OG0001001	Pray	Prbg.g_01936	Pray.g_01448
OG0001001	Praz	Prbg.g_01936	Praz.g_00121
OG0001001	Prba	Prbg.g_01936	Prba.g_01780
OG0001001	Prai	Prbg.g_01936	Prai.g_01922
OG0001001	Prab	Prbg.g_01936	Prab.g_01941
OG0001001	Pran	Prbg.g_01936	Pran.g_01243
OG0001001	Prav	Prbg.g_01936	Prav.g_00772
OG0001001	Prac	Prbg.g_01936	Prac.g_00122
OG0001001	Praq	Prbg.g_01936	Praq.g_00413
OG0001001	Prar	Prbg.g_01936	Prar.g_00051
OG0001001	Prao	Prbg.g_01936	Prao.g_01827
OG0001001	Praa	Prbg.g_01936	Praa.g_01915
OG0001001	Pras	Prbg.g_01936	Pras.g_00828
OG0001001	Prau	Prbg.g_01936	Prau.g_02008
OG0001001	Prag	Prbg.g_01936	Prag.g_01944
OG0001001	Praw	Prbg.g_01936	Praw.g_01149
OG0001001	Prae	Prbg.g_01936	Prae.g_01898
OG0001001	Prax	Prbg.g_01936	Prax.g_01477
OG0001001	Prad	Prbg.g_01936	Prad.g_01549
OG0001001	Prbd	Prbg.g_01936	Prbd.g_01251
OG0001001	Prbi	Prbg.g_01936	Prbi.g_02090
OG0001001	Prbm	Prbg.g_01936	Prbm.g_02217
OG0001001	Praj	Prbg.g_01936	Praj.g_02134
OG0001001	Prbb	Prbg.g_01936	Prbb.g_02173
OG0001001	Prbc	Prbg.g_01936	Prbc.g_01052
OG0001001	Pral	Prbg.g_01936	Pral.g_00396
OG0001001	Prat	Prbg.g_01936	Prat.g_01879
OG0001001	Syae	Prbg.g_01936	Syae.g_01692
OG0001001	Syaf	Prbg.g_01936	Syaf.g_00521
OG0001001	Syai	Prbg.g_01936	Syai.g_02911
OG0001001	Syam	Prbg.g_01936	Syam.g_02427
OG0001001	Syaa	Prbg.g_01936	Syaa.g_02738
OG0001001	Syac	Prbg.g_01936	Syac.g_02475
OG0001001	Syah	Prbg.g_01936	Syah.g_00392
OG0001001	Syad	Prbg.g_01936	Syad.g_00141
OG0001001	Syaj	Prbg.g_01936	Syaj.g_02241
OG0001001	Syan	Prbg.g_01936	Syan.g_01690
OG0001001	Syao	Prbg.g_01936	Syao.g_02338
OG0001001	Syar	Prbg.g_01936	Syar.g_00450
OG0001001	Syat	Prbg.g_01936	Syat.g_02400
OG0001001	Syap	Prbg.g_01936	Syap.g_02605
OG0001001	Syas	Prbg.g_01936	Syas.g_02006
OG0001001	Syag	Prbg.g_01936	Syag.g_02251
OG0001001	Syab	Prbg.g_01936	Syab.g_02888
OG0001001	Syal	Prbg.g_01936	Syal.g_01182
OG0001001	Syaq	Prbg.g_01936	Syaq.g_01172
OG0001001	Syak	Prbg.g_01936	Syak.g_01814
OG0001001	Prbj	Prbg.g_01936	Prbj.g_02053
OG0001001	Prbk	Prbg.g_01936	Prbk.g_02258
OG0001001	Prbl	Prbg.g_01936	Prbl.g_02141
OG0001001	Praf	Prbg.g_01936	Praf.g_02764
OG0001001	Prah	Prbg.g_01936	Prah.g_02584
OG0001001	Pram	Prbg.g_01936	Pram.g_01924
OG0001001	Prbh	Prbg.g_01936	Prbh.g_01490
OG0001001	Prak	Prbg.g_01936	Prak.g_01931
OG0001001	Prap	Prbg.g_01936	Prap.g_01492
OG0001001	Prbe	Prbg.g_01936	Prbe.g_01194
OG0001001	Prbf	Prbg.g_01936	Prbf.g_00407
OG0001001	Prbn	Prbg.g_01936	Prbn.g_00908
OG0001002	Prav	Prbg.g_00758	Prav.g_00776
OG0001002	Prag	Prbg.g_00758	Prag.g_01948
OG0001002	Praw	Prbg.g_00758	Praw.g_01145
OG0001002	Prao	Prbg.g_00758	Prao.g_01831
OG0001002	Pras	Prbg.g_00758	Pras.g_00832
OG0001002	Prau	Prbg.g_00758	Prau.g_02012
OG0001002	Prae	Prbg.g_00758	Prae.g_01902
OG0001002	Prad	Prbg.g_00758	Prad.g_01545
OG0001002	Pray	Prbg.g_00758	Pray.g_01452
OG0001002	Prba	Prbg.g_00758	Prba.g_01784
OG0001002	Praz	Prbg.g_00758	Praz.g_00117
OG0001002	Prbi	Prbg.g_00758	Prbi.g_02094
OG0001002	Prac	Prbg.g_00758	Prac.g_00126
OG0001002	Praq	Prbg.g_00758	Praq.g_00417
OG0001002	Prar	Prbg.g_00758	Prar.g_00047
OG0001002	Praa	Prbg.g_00758	Praa.g_01919
OG0001002	Prax	Prbg.g_00758	Prax.g_01481
OG0001002	Prbd	Prbg.g_00758	Prbd.g_01247
OG0001002	Prab	Prbg.g_00758	Prab.g_01945
OG0001002	Pran	Prbg.g_00758	Pran.g_01247
OG0001002	Prai	Prbg.g_00758	Prai.g_01926
OG0001002	Prbm	Prbg.g_00758	Prbm.g_02222
OG0001002	Prbc	Prbg.g_00758	Prbc.g_01057
OG0001002	Praj	Prbg.g_00758	Praj.g_02139
OG0001002	Prbb	Prbg.g_00758	Prbb.g_02178
OG0001002	Prbj	Prbg.g_00758	Prbj.g_02060
OG0001002	Prbk	Prbg.g_00758	Prbk.g_02265
OG0001002	Prbl	Prbg.g_00758	Prbl.g_02134
OG0001002	Praf	Prbg.g_00758	Praf.g_02770
OG0001002	Prah	Prbg.g_00758	Prah.g_02591
OG0001002	Syas	Prbg.g_00758	Syas.g_02014
OG0001002	Syap	Prbg.g_00758	Syap.g_00124
OG0001002	Syan	Prbg.g_00758	Syan.g_01697
OG0001002	Syao	Prbg.g_00758	Syao.g_02345
OG0001002	Syar	Prbg.g_00758	Syar.g_00457
OG0001002	Syat	Prbg.g_00758	Syat.g_02394
OG0001002	Syac	Prbg.g_00758	Syac.g_02481
OG0001002	Syah	Prbg.g_00758	Syah.g_00386
OG0001002	Syad	Prbg.g_00758	Syad.g_00148
OG0001002	Syaj	Prbg.g_00758	Syaj.g_02248
OG0001002	Syaa	Prbg.g_00758	Syaa.g_02745
OG0001002	Syae	Prbg.g_00758	Syae.g_01699
OG0001002	Syak	Prbg.g_00758	Syak.g_01807
OG0001002	Syam	Prbg.g_00758	Syam.g_02433
OG0001002	Syaf	Prbg.g_00758	Syaf.g_00515
OG0001002	Syai	Prbg.g_00758	Syai.g_02918
OG0001002	Syab	Prbg.g_00758	Syab.g_02900
OG0001002	Syal	Prbg.g_00758	Syal.g_00082
OG0001002	Syag	Prbg.g_00758	Syag.g_02258
OG0001002	Syaq	Prbg.g_00758	Syaq.g_01165
OG0001002	Pral	Prbg.g_00758	Pral.g_00401
OG0001002	Prat	Prbg.g_00758	Prat.g_01884
OG0001002	Pram	Prbg.g_00758	Pram.g_01929
OG0001002	Prbh	Prbg.g_00758	Prbh.g_01485
OG0001002	Prak	Prbg.g_00758	Prak.g_01936
OG0001002	Prap	Prbg.g_00758	Prap.g_01874
OG0001002	Prbe	Prbg.g_00758	Prbe.g_01056
OG0001002	Prbf	Prbg.g_00758	Prbf.g_00402
OG0001002	Prbn	Prbg.g_00758	Prbn.g_00291
OG0001003	Prai	Prbg.g_00759	Prai.g_01928
OG0001003	Prab	Prbg.g_00759	Prab.g_01947
OG0001003	Pran	Prbg.g_00759	Pran.g_01249
OG0001003	Prag	Prbg.g_00759	Prag.g_01949
OG0001003	Praw	Prbg.g_00759	Praw.g_01144
OG0001003	Prao	Prbg.g_00759	Prao.g_01833
OG0001003	Prbi	Prbg.g_00759	Prbi.g_02095
OG0001003	Prbd	Prbg.g_00759	Prbd.g_01245
OG0001003	Praa	Prbg.g_00759	Praa.g_01920
OG0001003	Prav	Prbg.g_00759	Prav.g_00778
OG0001003	Prae	Prbg.g_00759	Prae.g_01903
OG0001003	Prax	Prbg.g_00759	Prax.g_01482
OG0001003	Prac	Prbg.g_00759	Prac.g_00127
OG0001003	Praq	Prbg.g_00759	Praq.g_00418
OG0001003	Prar	Prbg.g_00759	Prar.g_00046
OG0001003	Pras	Prbg.g_00759	Pras.g_00834
OG0001003	Prau	Prbg.g_00759	Prau.g_02014
OG0001003	Prad	Prbg.g_00759	Prad.g_01544
OG0001003	Pray	Prbg.g_00759	Pray.g_01453
OG0001003	Praz	Prbg.g_00759	Praz.g_00357
OG0001003	Prba	Prbg.g_00759	Prba.g_01785
OG0001003	Prbc	Prbg.g_00759	Prbc.g_01060
OG0001003	Prbm	Prbg.g_00759	Prbm.g_02225
OG0001003	Praj	Prbg.g_00759	Praj.g_02141
OG0001003	Prbb	Prbg.g_00759	Prbb.g_02180
OG0001003	Prbj	Prbg.g_00759	Prbj.g_02062
OG0001003	Prbk	Prbg.g_00759	Prbk.g_02267
OG0001003	Prbl	Prbg.g_00759	Prbl.g_02132
OG0001003	Praf	Prbg.g_00759	Praf.g_02772
OG0001003	Prah	Prbg.g_00759	Prah.g_02593
OG0001003	Syan	Prbg.g_00759	Syan.g_01699
OG0001003	Syao	Prbg.g_00759	Syao.g_02347
OG0001003	Syap	Prbg.g_00759	Syap.g_02310
OG0001003	Syas	Prbg.g_00759	Syas.g_02016
OG0001003	Syat	Prbg.g_00759	Syat.g_02392
OG0001003	Syar	Prbg.g_00759	Syar.g_00459
OG0001003	Syad	Prbg.g_00759	Syad.g_00150
OG0001003	Syaj	Prbg.g_00759	Syaj.g_02250
OG0001003	Syaa	Prbg.g_00759	Syaa.g_02747
OG0001003	Syae	Prbg.g_00759	Syae.g_01701
OG0001003	Syac	Prbg.g_00759	Syac.g_02483
OG0001003	Syah	Prbg.g_00759	Syah.g_00384
OG0001003	Syaf	Prbg.g_00759	Syaf.g_00514
OG0001003	Syai	Prbg.g_00759	Syai.g_02919
OG0001003	Syam	Prbg.g_00759	Syam.g_02434
OG0001003	Syaq	Prbg.g_00759	Syaq.g_01163
OG0001003	Syak	Prbg.g_00759	Syak.g_01806
OG0001003	Syag	Prbg.g_00759	Syag.g_02260
OG0001003	Syab	Prbg.g_00759	Syab.g_02902
OG0001003	Syal	Prbg.g_00759	Syal.g_00084
OG0001003	Pral	Prbg.g_00759	Pral.g_00402
OG0001003	Prat	Prbg.g_00759	Prat.g_01885
OG0001003	Pram	Prbg.g_00759	Pram.g_01930
OG0001003	Prbh	Prbg.g_00759	Prbh.g_01484
OG0001003	Prak	Prbg.g_00759	Prak.g_01937
OG0001003	Prap	Prbg.g_00759	Prap.g_01873
OG0001003	Prbe	Prbg.g_00759	Prbe.g_01057
OG0001003	Prbf	Prbg.g_00759	Prbf.g_00401
OG0001003	Prbn	Prbg.g_00759	Prbn.g_00292
OG0001004	Prao	Prbg.g_00760	Prao.g_01834
OG0001004	Prag	Prbg.g_00760	Prag.g_01950
OG0001004	Praw	Prbg.g_00760	Praw.g_01143
OG0001004	Pray	Prbg.g_00760	Pray.g_01454
OG0001004	Praz	Prbg.g_00760	Praz.g_00358
OG0001004	Prba	Prbg.g_00760	Prba.g_01786
OG0001004	Prbi	Prbg.g_00760	Prbi.g_02096
OG0001004	Prad	Prbg.g_00760	Prad.g_01543
OG0001004	Pras	Prbg.g_00760	Pras.g_00835
OG0001004	Prau	Prbg.g_00760	Prau.g_02015
OG0001004	Prax	Prbg.g_00760	Prax.g_01483
OG0001004	Prae	Prbg.g_00760	Prae.g_01904
OG0001004	Praa	Prbg.g_00760	Praa.g_01921
OG0001004	Prbd	Prbg.g_00760	Prbd.g_01244
OG0001004	Prac	Prbg.g_00760	Prac.g_00128
OG0001004	Praq	Prbg.g_00760	Praq.g_00419
OG0001004	Prar	Prbg.g_00760	Prar.g_00045
OG0001004	Prav	Prbg.g_00760	Prav.g_00779
OG0001004	Prab	Prbg.g_00760	Prab.g_01948
OG0001004	Pran	Prbg.g_00760	Pran.g_01250
OG0001004	Prai	Prbg.g_00760	Prai.g_01929
OG0001004	Prbm	Prbg.g_00760	Prbm.g_02226
OG0001004	Prbb	Prbg.g_00760	Prbb.g_02181
OG0001004	Praj	Prbg.g_00760	Praj.g_02142
OG0001004	Prbc	Prbg.g_00760	Prbc.g_01061
OG0001004	Pral	Prbg.g_00760	Pral.g_00403
OG0001004	Prat	Prbg.g_00760	Prat.g_01886
OG0001004	Prbj	Prbg.g_00760	Prbj.g_02063
OG0001004	Prbk	Prbg.g_00760	Prbk.g_02268
OG0001004	Prbl	Prbg.g_00760	Prbl.g_02131
OG0001004	Praf	Prbg.g_00760	Praf.g_02773
OG0001004	Prah	Prbg.g_00760	Prah.g_02594
OG0001004	Syaq	Prbg.g_00760	Syaq.g_01162
OG0001004	Syag	Prbg.g_00760	Syag.g_02261
OG0001004	Syak	Prbg.g_00760	Syak.g_01805
OG0001004	Syab	Prbg.g_00760	Syab.g_02903
OG0001004	Syal	Prbg.g_00760	Syal.g_00085
OG0001004	Syae	Prbg.g_00760	Syae.g_01702
OG0001004	Syaa	Prbg.g_00760	Syaa.g_02748
OG0001004	Syad	Prbg.g_00760	Syad.g_00151
OG0001004	Syaj	Prbg.g_00760	Syaj.g_02251
OG0001004	Syac	Prbg.g_00760	Syac.g_02484
OG0001004	Syah	Prbg.g_00760	Syah.g_00383
OG0001004	Syaf	Prbg.g_00760	Syaf.g_00513
OG0001004	Syai	Prbg.g_00760	Syai.g_02920
OG0001004	Syam	Prbg.g_00760	Syam.g_02435
OG0001004	Syas	Prbg.g_00760	Syas.g_02017
OG0001004	Syap	Prbg.g_00760	Syap.g_02311
OG0001004	Syat	Prbg.g_00760	Syat.g_02391
OG0001004	Syar	Prbg.g_00760	Syar.g_00460
OG0001004	Syan	Prbg.g_00760	Syan.g_01700
OG0001004	Syao	Prbg.g_00760	Syao.g_02348
OG0001004	Pram	Prbg.g_00760	Pram.g_01931
OG0001004	Prbh	Prbg.g_00760	Prbh.g_01483
OG0001004	Prak	Prbg.g_00760	Prak.g_01938
OG0001004	Prap	Prbg.g_00760	Prap.g_01872
OG0001004	Prbe	Prbg.g_00760	Prbe.g_01058
OG0001004	Prbf	Prbg.g_00760	Prbf.g_00400
OG0001004	Prbn	Prbg.g_00760	Prbn.g_00293
OG0001005	Prab	Prbg.g_00761	Prab.g_01949
OG0001005	Pran	Prbg.g_00761	Pran.g_01251
OG0001005	Prai	Prbg.g_00761	Prai.g_01930
OG0001005	Prav	Prbg.g_00761	Prav.g_00780
OG0001005	Pras	Prbg.g_00761	Pras.g_00836
OG0001005	Prau	Prbg.g_00761	Prau.g_02016
OG0001005	Prax	Prbg.g_00761	Prax.g_01484
OG0001005	Praa	Prbg.g_00761	Praa.g_01922
OG0001005	Prbd	Prbg.g_00761	Prbd.g_01243
OG0001005	Prae	Prbg.g_00761	Prae.g_01905
OG0001005	Prad	Prbg.g_00761	Prad.g_01542
OG0001005	Prao	Prbg.g_00761	Prao.g_01835
OG0001005	Prbi	Prbg.g_00761	Prbi.g_02097
OG0001005	Pray	Prbg.g_00761	Pray.g_01455
OG0001005	Praz	Prbg.g_00761	Praz.g_00359
OG0001005	Prba	Prbg.g_00761	Prba.g_01787
OG0001005	Prac	Prbg.g_00761	Prac.g_00129
OG0001005	Praq	Prbg.g_00761	Praq.g_00420
OG0001005	Prar	Prbg.g_00761	Prar.g_00044
OG0001005	Prag	Prbg.g_00761	Prag.g_01951
OG0001005	Praw	Prbg.g_00761	Praw.g_01142
OG0001005	Prbm	Prbg.g_00761	Prbm.g_02227
OG0001005	Prbc	Prbg.g_00761	Prbc.g_01062
OG0001005	Praj	Prbg.g_00761	Praj.g_02143
OG0001005	Prbb	Prbg.g_00761	Prbb.g_02182
OG0001005	Pral	Prbg.g_00761	Pral.g_00404
OG0001005	Prat	Prbg.g_00761	Prat.g_01887
OG0001005	Prah	Prbg.g_00761	Prah.g_02596
OG0001005	Praf	Prbg.g_00761	Praf.g_02775
OG0001005	Prbj	Prbg.g_00761	Prbj.g_02065
OG0001005	Prbk	Prbg.g_00761	Prbk.g_02270
OG0001005	Prbl	Prbg.g_00761	Prbl.g_02129
OG0001005	Syag	Prbg.g_00761	Syag.g_02263
OG0001005	Syaq	Prbg.g_00761	Syaq.g_01161
OG0001005	Syap	Prbg.g_00761	Syap.g_02312
OG0001005	Syat	Prbg.g_00761	Syat.g_02390
OG0001005	Syas	Prbg.g_00761	Syas.g_02018
OG0001005	Syar	Prbg.g_00761	Syar.g_00461
OG0001005	Syan	Prbg.g_00761	Syan.g_01701
OG0001005	Syao	Prbg.g_00761	Syao.g_02194
OG0001005	Syaa	Prbg.g_00761	Syaa.g_02749
OG0001005	Syae	Prbg.g_00761	Syae.g_01703
OG0001005	Syad	Prbg.g_00761	Syad.g_00152
OG0001005	Syaj	Prbg.g_00761	Syaj.g_02252
OG0001005	Syac	Prbg.g_00761	Syac.g_02485
OG0001005	Syah	Prbg.g_00761	Syah.g_00382
OG0001005	Syai	Prbg.g_00761	Syai.g_02921
OG0001005	Syaf	Prbg.g_00761	Syaf.g_00510
OG0001005	Syam	Prbg.g_00761	Syam.g_02436
OG0001005	Syak	Prbg.g_00761	Syak.g_01804
OG0001005	Syab	Prbg.g_00761	Syab.g_02905
OG0001005	Syal	Prbg.g_00761	Syal.g_00087
OG0001005	Pram	Prbg.g_00761	Pram.g_01932
OG0001005	Prbh	Prbg.g_00761	Prbh.g_01482
OG0001005	Prak	Prbg.g_00761	Prak.g_01939
OG0001005	Prap	Prbg.g_00761	Prap.g_01871
OG0001005	Prbe	Prbg.g_00761	Prbe.g_01059
OG0001005	Prbf	Prbg.g_00761	Prbf.g_00399
OG0001005	Prbn	Prbg.g_00761	Prbn.g_00294
OG0001006	Prab	Prbg.g_00765	Prab.g_01953
OG0001006	Pran	Prbg.g_00765	Pran.g_01255
OG0001006	Prai	Prbg.g_00765	Prai.g_01934
OG0001006	Prao	Prbg.g_00765	Prao.g_01839
OG0001006	Prag	Prbg.g_00765	Prag.g_01955
OG0001006	Praw	Prbg.g_00765	Praw.g_01138
OG0001006	Prac	Prbg.g_00765	Prac.g_01949
OG0001006	Praq	Prbg.g_00765	Praq.g_00424
OG0001006	Prar	Prbg.g_00765	Prar.g_00040
OG0001006	Pras	Prbg.g_00765	Pras.g_00840
OG0001006	Prau	Prbg.g_00765	Prau.g_02020
OG0001006	Prad	Prbg.g_00765	Prad.g_01538
OG0001006	Prbi	Prbg.g_00765	Prbi.g_02101
OG0001006	Prax	Prbg.g_00765	Prax.g_01488
OG0001006	Prae	Prbg.g_00765	Prae.g_01909
OG0001006	Pray	Prbg.g_00765	Pray.g_01459
OG0001006	Praz	Prbg.g_00765	Praz.g_00363
OG0001006	Prba	Prbg.g_00765	Prba.g_01791
OG0001006	Prav	Prbg.g_00765	Prav.g_00784
OG0001006	Praa	Prbg.g_00765	Praa.g_01926
OG0001006	Prbd	Prbg.g_00765	Prbd.g_01239
OG0001006	Prbm	Prbg.g_00765	Prbm.g_02231
OG0001006	Prbc	Prbg.g_00765	Prbc.g_01067
OG0001006	Prbb	Prbg.g_00765	Prbb.g_02187
OG0001006	Praj	Prbg.g_00765	Praj.g_02147
OG0001006	Syap	Prbg.g_00765	Syap.g_00053
OG0001006	Syan	Prbg.g_00765	Syan.g_01794
OG0001006	Syao	Prbg.g_00765	Syao.g_02159
OG0001006	Syas	Prbg.g_00765	Syas.g_02032
OG0001006	Syar	Prbg.g_00765	Syar.g_00468
OG0001006	Syat	Prbg.g_00765	Syat.g_02378
OG0001006	Prbj	Prbg.g_00765	Prbj.g_02071
OG0001006	Prbk	Prbg.g_00765	Prbk.g_02276
OG0001006	Prbl	Prbg.g_00765	Prbl.g_02123
OG0001006	Praf	Prbg.g_00765	Praf.g_02781
OG0001006	Prah	Prbg.g_00765	Prah.g_02602
OG0001006	Syak	Prbg.g_00765	Syak.g_01797
OG0001006	Syab	Prbg.g_00765	Syab.g_02912
OG0001006	Syal	Prbg.g_00765	Syal.g_00094
OG0001006	Syag	Prbg.g_00765	Syag.g_02270
OG0001006	Syaq	Prbg.g_00765	Syaq.g_01152
OG0001006	Syae	Prbg.g_00765	Syae.g_01710
OG0001006	Syad	Prbg.g_00765	Syad.g_00160
OG0001006	Syaj	Prbg.g_00765	Syaj.g_02260
OG0001006	Syaa	Prbg.g_00765	Syaa.g_02756
OG0001006	Syac	Prbg.g_00765	Syac.g_02492
OG0001006	Syah	Prbg.g_00765	Syah.g_00375
OG0001006	Syaf	Prbg.g_00765	Syaf.g_00500
OG0001006	Syai	Prbg.g_00765	Syai.g_02931
OG0001006	Syam	Prbg.g_00765	Syam.g_02444
OG0001006	Pral	Prbg.g_00765	Pral.g_00408
OG0001006	Prat	Prbg.g_00765	Prat.g_01891
OG0001006	Pram	Prbg.g_00765	Pram.g_01936
OG0001006	Prbh	Prbg.g_00765	Prbh.g_01478
OG0001006	Prap	Prbg.g_00765	Prap.g_00056
OG0001006	Prak	Prbg.g_00765	Prak.g_01943
OG0001006	Prbe	Prbg.g_00765	Prbe.g_01063
OG0001006	Prbf	Prbg.g_00765	Prbf.g_00395
OG0001006	Prbn	Prbg.g_00765	Prbn.g_00298
OG0001007	Prao	Prbg.g_00767	Prao.g_01841
OG0001007	Prav	Prbg.g_00767	Prav.g_00786
OG0001007	Pras	Prbg.g_00767	Pras.g_00842
OG0001007	Prau	Prbg.g_00767	Prau.g_02022
OG0001007	Pray	Prbg.g_00767	Pray.g_01461
OG0001007	Praz	Prbg.g_00767	Praz.g_00365
OG0001007	Prba	Prbg.g_00767	Prba.g_01793
OG0001007	Prac	Prbg.g_00767	Prac.g_01947
OG0001007	Praq	Prbg.g_00767	Praq.g_00426
OG0001007	Prar	Prbg.g_00767	Prar.g_00038
OG0001007	Prag	Prbg.g_00767	Prag.g_01957
OG0001007	Praw	Prbg.g_00767	Praw.g_01136
OG0001007	Prax	Prbg.g_00767	Prax.g_01490
OG0001007	Praa	Prbg.g_00767	Praa.g_01928
OG0001007	Prae	Prbg.g_00767	Prae.g_01911
OG0001007	Prbd	Prbg.g_00767	Prbd.g_01237
OG0001007	Prbi	Prbg.g_00767	Prbi.g_02103
OG0001007	Prad	Prbg.g_00767	Prad.g_01536
OG0001007	Prab	Prbg.g_00767	Prab.g_01955
OG0001007	Pran	Prbg.g_00767	Pran.g_01257
OG0001007	Prai	Prbg.g_00767	Prai.g_01936
OG0001007	Pral	Prbg.g_00767	Pral.g_00410
OG0001007	Prat	Prbg.g_00767	Prat.g_01893
OG0001007	Prbm	Prbg.g_00767	Prbm.g_02233
OG0001007	Praj	Prbg.g_00767	Praj.g_02149
OG0001007	Prbc	Prbg.g_00767	Prbc.g_01069
OG0001007	Prbb	Prbg.g_00767	Prbb.g_02189
OG0001007	Syar	Prbg.g_00767	Syar.g_00470
OG0001007	Syat	Prbg.g_00767	Syat.g_02376
OG0001007	Syan	Prbg.g_00767	Syan.g_01796
OG0001007	Syao	Prbg.g_00767	Syao.g_02161
OG0001007	Syap	Prbg.g_00767	Syap.g_00055
OG0001007	Syas	Prbg.g_00767	Syas.g_02034
OG0001007	Praf	Prbg.g_00767	Praf.g_02783
OG0001007	Prah	Prbg.g_00767	Prah.g_02604
OG0001007	Prbj	Prbg.g_00767	Prbj.g_02073
OG0001007	Prbk	Prbg.g_00767	Prbk.g_02278
OG0001007	Prbl	Prbg.g_00767	Prbl.g_02121
OG0001007	Syac	Prbg.g_00767	Syac.g_02494
OG0001007	Syah	Prbg.g_00767	Syah.g_00373
OG0001007	Syab	Prbg.g_00767	Syab.g_02914
OG0001007	Syal	Prbg.g_00767	Syal.g_00096
OG0001007	Syae	Prbg.g_00767	Syae.g_01712
OG0001007	Syad	Prbg.g_00767	Syad.g_00162
OG0001007	Syaj	Prbg.g_00767	Syaj.g_02262
OG0001007	Syag	Prbg.g_00767	Syag.g_02272
OG0001007	Syak	Prbg.g_00767	Syak.g_01795
OG0001007	Syaq	Prbg.g_00767	Syaq.g_01150
OG0001007	Syaf	Prbg.g_00767	Syaf.g_00498
OG0001007	Syai	Prbg.g_00767	Syai.g_02933
OG0001007	Syam	Prbg.g_00767	Syam.g_02446
OG0001007	Syaa	Prbg.g_00767	Syaa.g_02758
OG0001007	Pram	Prbg.g_00767	Pram.g_01938
OG0001007	Prbh	Prbg.g_00767	Prbh.g_01476
OG0001007	Prak	Prbg.g_00767	Prak.g_01945
OG0001007	Prap	Prbg.g_00767	Prap.g_00054
OG0001007	Prbe	Prbg.g_00767	Prbe.g_01065
OG0001007	Prbf	Prbg.g_00767	Prbf.g_00393
OG0001007	Prbn	Prbg.g_00767	Prbn.g_00300
OG0001008	Prae	Prbg.g_00157	Prae.g_00411
OG0001008	Prao	Prbg.g_00157	Prao.g_00541
OG0001008	Prad	Prbg.g_00157	Prad.g_00070
OG0001008	Prax	Prbg.g_00157	Prax.g_00763
OG0001008	Prbd	Prbg.g_00157	Prbd.g_00805
OG0001008	Prbi	Prbg.g_00157	Prbi.g_00438
OG0001008	Pray	Prbg.g_00157	Pray.g_00927
OG0001008	Praz	Prbg.g_00157	Praz.g_01891
OG0001008	Prba	Prbg.g_00157	Prba.g_01024
OG0001008	Prac	Prbg.g_00157	Prac.g_01110
OG0001008	Praq	Prbg.g_00157	Praq.g_01120
OG0001008	Prar	Prbg.g_00157	Prar.g_00485
OG0001008	Prav	Prbg.g_00157	Prav.g_01036
OG0001008	Prag	Prbg.g_00157	Prag.g_00416
OG0001008	Praw	Prbg.g_00157	Praw.g_00710
OG0001008	Pras	Prbg.g_00157	Pras.g_01315
OG0001008	Prau	Prbg.g_00157	Prau.g_00478
OG0001008	Prab	Prbg.g_00157	Prab.g_00440
OG0001008	Pran	Prbg.g_00157	Pran.g_01743
OG0001008	Prai	Prbg.g_00157	Prai.g_00468
OG0001008	Pral	Prbg.g_00157	Pral.g_00657
OG0001008	Prat	Prbg.g_00157	Prat.g_00397
OG0001008	Prbb	Prbg.g_00157	Prbb.g_00442
OG0001008	Praj	Prbg.g_00157	Praj.g_00431
OG0001008	Prbc	Prbg.g_00157	Prbc.g_01498
OG0001008	Prbm	Prbg.g_00157	Prbm.g_00447
OG0001008	Praf	Prbg.g_00157	Praf.g_01988
OG0001008	Prbj	Prbg.g_00157	Prbj.g_00101
OG0001008	Prbk	Prbg.g_00157	Prbk.g_00327
OG0001008	Prbl	Prbg.g_00157	Prbl.g_00651
OG0001008	Prah	Prbg.g_00157	Prah.g_00231
OG0001008	Syad	Prbg.g_00157	Syad.g_02449
OG0001008	Syaj	Prbg.g_00157	Syaj.g_01554
OG0001008	Syaq	Prbg.g_00157	Syaq.g_00500
OG0001008	Syag	Prbg.g_00157	Syag.g_00034
OG0001008	Syar	Prbg.g_00157	Syar.g_01178, Syar.g_03274
OG0001008	Syas	Prbg.g_00157	Syas.g_01496
OG0001008	Syap	Prbg.g_00157	Syap.g_02060
OG0001008	Syan	Prbg.g_00157	Syan.g_02397
OG0001008	Syao	Prbg.g_00157	Syao.g_01737
OG0001008	Syat	Prbg.g_00157	Syat.g_02971
OG0001008	Syae	Prbg.g_00157	Syae.g_00993
OG0001008	Syaa	Prbg.g_00157	Syaa.g_00704
OG0001008	Syac	Prbg.g_00157	Syac.g_00693
OG0001008	Syah	Prbg.g_00157	Syah.g_02235
OG0001008	Syaf	Prbg.g_00157	Syaf.g_01215
OG0001008	Syai	Prbg.g_00157	Syai.g_02227
OG0001008	Syam	Prbg.g_00157	Syam.g_01866
OG0001008	Syak	Prbg.g_00157	Syak.g_01190
OG0001008	Syab	Prbg.g_00157	Syab.g_00584
OG0001008	Syal	Prbg.g_00157	Syal.g_00524
OG0001008	Pram	Prbg.g_00157	Pram.g_00372
OG0001008	Prbh	Prbg.g_00157	Prbh.g_00395
OG0001008	Prak	Prbg.g_00157	Prak.g_00399
OG0001008	Prap	Prbg.g_00157	Prap.g_01329
OG0001008	Prbe	Prbg.g_00157	Prbe.g_01935
OG0001008	Prbf	Prbg.g_00157	Prbf.g_01721
OG0001008	Prbn	Prbg.g_00157	Prbn.g_00676
OG0001009	Prai	Prbg.g_00847	Prai.g_00027
OG0001009	Prab	Prbg.g_00847	Prab.g_00027
OG0001009	Pran	Prbg.g_00847	Pran.g_00397
OG0001009	Prag	Prbg.g_00847	Prag.g_00027
OG0001009	Praw	Prbg.g_00847	Praw.g_01401
OG0001009	Prao	Prbg.g_00847	Prao.g_00174
OG0001009	Prav	Prbg.g_00847	Prav.g_00095
OG0001009	Pray	Prbg.g_00847	Pray.g_01489
OG0001009	Praz	Prbg.g_00847	Praz.g_00392
OG0001009	Prba	Prbg.g_00847	Prba.g_01820
OG0001009	Pras	Prbg.g_00847	Pras.g_00869
OG0001009	Prau	Prbg.g_00847	Prau.g_00027
OG0001009	Prbd	Prbg.g_00847	Prbd.g_01210
OG0001009	Prax	Prbg.g_00847	Prax.g_00286
OG0001009	Prbi	Prbg.g_00847	Prbi.g_00027
OG0001009	Prae	Prbg.g_00847	Prae.g_00027
OG0001009	Praa	Prbg.g_00847	Praa.g_00027
OG0001009	Prad	Prbg.g_00847	Prad.g_01959
OG0001009	Prac	Prbg.g_00847	Prac.g_01920
OG0001009	Prar	Prbg.g_00847	Prar.g_00011
OG0001009	Praq	Prbg.g_00847	Praq.g_01230
OG0001009	Prbm	Prbg.g_00847	Prbm.g_00027
OG0001009	Prbb	Prbg.g_00847	Prbb.g_00028
OG0001009	Praj	Prbg.g_00847	Praj.g_00027
OG0001009	Prbc	Prbg.g_00847	Prbc.g_01097
OG0001009	Syag	Prbg.g_00847	Syag.g_02304
OG0001009	Syaq	Prbg.g_00847	Syaq.g_01118
OG0001009	Syak	Prbg.g_00847	Syak.g_01762
OG0001009	Syab	Prbg.g_00847	Syab.g_00033
OG0001009	Syal	Prbg.g_00847	Syal.g_00129
OG0001009	Prah	Prbg.g_00847	Prah.g_00033
OG0001009	Praf	Prbg.g_00847	Praf.g_00032
OG0001009	Prbj	Prbg.g_00847	Prbj.g_01199
OG0001009	Prbk	Prbg.g_00847	Prbk.g_01622
OG0001009	Prbl	Prbg.g_00847	Prbl.g_01972
OG0001009	Syar	Prbg.g_00847	Syar.g_00500
OG0001009	Syas	Prbg.g_00847	Syas.g_02065
OG0001009	Syan	Prbg.g_00847	Syan.g_01748
OG0001009	Syao	Prbg.g_00847	Syao.g_02239
OG0001009	Syat	Prbg.g_00847	Syat.g_02311
OG0001009	Syad	Prbg.g_00847	Syad.g_00194
OG0001009	Syaj	Prbg.g_00847	Syaj.g_02294
OG0001009	Syae	Prbg.g_00847	Syae.g_01744
OG0001009	Syaa	Prbg.g_00847	Syaa.g_00034
OG0001009	Syac	Prbg.g_00847	Syac.g_00030
OG0001009	Syah	Prbg.g_00847	Syah.g_00344
OG0001009	Syam	Prbg.g_00847	Syam.g_00032
OG0001009	Syaf	Prbg.g_00847	Syaf.g_00466
OG0001009	Syai	Prbg.g_00847	Syai.g_00034
OG0001009	Pral	Prbg.g_00847	Pral.g_01017
OG0001009	Prat	Prbg.g_00847	Prat.g_00028
OG0001009	Pram	Prbg.g_00847	Pram.g_00014
OG0001009	Prbh	Prbg.g_00847	Prbh.g_00753
OG0001009	Prak	Prbg.g_00847	Prak.g_00027
OG0001009	Prap	Prbg.g_00847	Prap.g_00928
OG0001009	Prbe	Prbg.g_00847	Prbe.g_00127
OG0001009	Prbf	Prbg.g_00847	Prbf.g_01349
OG0001009	Prbn	Prbg.g_00847	Prbn.g_00755
OG0001010	Prab	Prbg.g_00846	Prab.g_00028
OG0001010	Pran	Prbg.g_00846	Pran.g_00396
OG0001010	Prai	Prbg.g_00846	Prai.g_00028
OG0001010	Prao	Prbg.g_00846	Prao.g_00175
OG0001010	Prav	Prbg.g_00846	Prav.g_00096
OG0001010	Prax	Prbg.g_00846	Prax.g_00285
OG0001010	Prbi	Prbg.g_00846	Prbi.g_00028
OG0001010	Pras	Prbg.g_00846	Pras.g_00870
OG0001010	Prau	Prbg.g_00846	Prau.g_00028
OG0001010	Prbd	Prbg.g_00846	Prbd.g_01209
OG0001010	Prad	Prbg.g_00846	Prad.g_01958
OG0001010	Praa	Prbg.g_00846	Praa.g_00028
OG0001010	Prae	Prbg.g_00846	Prae.g_00028
OG0001010	Prag	Prbg.g_00846	Prag.g_00028
OG0001010	Praw	Prbg.g_00846	Praw.g_01400
OG0001010	Prac	Prbg.g_00846	Prac.g_01919
OG0001010	Praq	Prbg.g_00846	Praq.g_01231
OG0001010	Prar	Prbg.g_00846	Prar.g_00010
OG0001010	Pray	Prbg.g_00846	Pray.g_01490
OG0001010	Praz	Prbg.g_00846	Praz.g_00393
OG0001010	Prba	Prbg.g_00846	Prba.g_01821
OG0001010	Prbm	Prbg.g_00846	Prbm.g_00028
OG0001010	Praj	Prbg.g_00846	Praj.g_00028
OG0001010	Prbb	Prbg.g_00846	Prbb.g_00029
OG0001010	Prbc	Prbg.g_00846	Prbc.g_01098
OG0001010	Pral	Prbg.g_00846	Pral.g_01016
OG0001010	Prat	Prbg.g_00846	Prat.g_00029
OG0001010	Prah	Prbg.g_00846	Prah.g_00034
OG0001010	Praf	Prbg.g_00846	Praf.g_00033
OG0001010	Prbj	Prbg.g_00846	Prbj.g_01200
OG0001010	Prbk	Prbg.g_00846	Prbk.g_01621
OG0001010	Prbl	Prbg.g_00846	Prbl.g_01973
OG0001010	Syaq	Prbg.g_00846	Syaq.g_01117
OG0001010	Syak	Prbg.g_00846	Syak.g_01761
OG0001010	Syab	Prbg.g_00846	Syab.g_00034
OG0001010	Syal	Prbg.g_00846	Syal.g_00130
OG0001010	Syag	Prbg.g_00846	Syag.g_02305
OG0001010	Syar	Prbg.g_00846	Syar.g_00501
OG0001010	Syat	Prbg.g_00846	Syat.g_02310
OG0001010	Syas	Prbg.g_00846	Syas.g_02066
OG0001010	Syan	Prbg.g_00846	Syan.g_01747
OG0001010	Syao	Prbg.g_00846	Syao.g_02238
OG0001010	Syae	Prbg.g_00846	Syae.g_01745
OG0001010	Syac	Prbg.g_00846	Syac.g_00031
OG0001010	Syah	Prbg.g_00846	Syah.g_00343
OG0001010	Syaf	Prbg.g_00846	Syaf.g_00465
OG0001010	Syai	Prbg.g_00846	Syai.g_00035
OG0001010	Syam	Prbg.g_00846	Syam.g_00033
OG0001010	Syaa	Prbg.g_00846	Syaa.g_00035
OG0001010	Syad	Prbg.g_00846	Syad.g_00195
OG0001010	Syaj	Prbg.g_00846	Syaj.g_02295
OG0001010	Pram	Prbg.g_00846	Pram.g_00015
OG0001010	Prbh	Prbg.g_00846	Prbh.g_00752
OG0001010	Prak	Prbg.g_00846	Prak.g_00028
OG0001010	Prap	Prbg.g_00846	Prap.g_00927
OG0001010	Prbe	Prbg.g_00846	Prbe.g_00128
OG0001010	Prbf	Prbg.g_00846	Prbf.g_01350
OG0001010	Prbn	Prbg.g_00846	Prbn.g_00754
OG0001011	Prab	Prbg.g_00844	Prab.g_00029
OG0001011	Pran	Prbg.g_00844	Pran.g_00395
OG0001011	Prai	Prbg.g_00844	Prai.g_00029
OG0001011	Prao	Prbg.g_00844	Prao.g_00176
OG0001011	Prac	Prbg.g_00844	Prac.g_01918
OG0001011	Praq	Prbg.g_00844	Praq.g_01232
OG0001011	Prar	Prbg.g_00844	Prar.g_00009
OG0001011	Prag	Prbg.g_00844	Prag.g_00029
OG0001011	Praw	Prbg.g_00844	Praw.g_01399
OG0001011	Prav	Prbg.g_00844	Prav.g_00097
OG0001011	Prad	Prbg.g_00844	Prad.g_01957
OG0001011	Pras	Prbg.g_00844	Pras.g_00871
OG0001011	Prau	Prbg.g_00844	Prau.g_00029
OG0001011	Pray	Prbg.g_00844	Pray.g_01491
OG0001011	Praz	Prbg.g_00844	Praz.g_00394
OG0001011	Prba	Prbg.g_00844	Prba.g_01822
OG0001011	Prbd	Prbg.g_00844	Prbd.g_01208
OG0001011	Prax	Prbg.g_00844	Prax.g_00284
OG0001011	Prbi	Prbg.g_00844	Prbi.g_00029
OG0001011	Praa	Prbg.g_00844	Praa.g_00029
OG0001011	Prae	Prbg.g_00844	Prae.g_00029
OG0001011	Prbm	Prbg.g_00844	Prbm.g_00029
OG0001011	Prbb	Prbg.g_00844	Prbb.g_00030
OG0001011	Praj	Prbg.g_00844	Praj.g_00029
OG0001011	Prbc	Prbg.g_00844	Prbc.g_01099
OG0001011	Prah	Prbg.g_00844	Prah.g_00036
OG0001011	Praf	Prbg.g_00844	Praf.g_00035
OG0001011	Prbj	Prbg.g_00844	Prbj.g_01202
OG0001011	Prbk	Prbg.g_00844	Prbk.g_01619
OG0001011	Prbl	Prbg.g_00844	Prbl.g_01975
OG0001011	Syag	Prbg.g_00844	Syag.g_02307
OG0001011	Syaq	Prbg.g_00844	Syaq.g_01115
OG0001011	Syak	Prbg.g_00844	Syak.g_01759
OG0001011	Syab	Prbg.g_00844	Syab.g_00035
OG0001011	Syal	Prbg.g_00844	Syal.g_00131
OG0001011	Syar	Prbg.g_00844	Syar.g_00503
OG0001011	Syan	Prbg.g_00844	Syan.g_01745
OG0001011	Syao	Prbg.g_00844	Syao.g_02236
OG0001011	Syas	Prbg.g_00844	Syas.g_02068
OG0001011	Syat	Prbg.g_00844	Syat.g_02308
OG0001011	Syaa	Prbg.g_00844	Syaa.g_00037
OG0001011	Syac	Prbg.g_00844	Syac.g_00032
OG0001011	Syah	Prbg.g_00844	Syah.g_00342
OG0001011	Syaf	Prbg.g_00844	Syaf.g_00463
OG0001011	Syai	Prbg.g_00844	Syai.g_00037
OG0001011	Syam	Prbg.g_00844	Syam.g_00034
OG0001011	Syad	Prbg.g_00844	Syad.g_00196
OG0001011	Syaj	Prbg.g_00844	Syaj.g_02296
OG0001011	Syae	Prbg.g_00844	Syae.g_01747
OG0001011	Pral	Prbg.g_00844	Pral.g_01014
OG0001011	Prat	Prbg.g_00844	Prat.g_00031
OG0001011	Pram	Prbg.g_00844	Pram.g_00016
OG0001011	Prbh	Prbg.g_00844	Prbh.g_00751
OG0001011	Prbn	Prbg.g_00844	Prbn.g_00752
OG0001011	Prak	Prbg.g_00844	Prak.g_00030
OG0001011	Prap	Prbg.g_00844	Prap.g_00925
OG0001011	Prbe	Prbg.g_00844	Prbe.g_00130
OG0001011	Prbf	Prbg.g_00844	Prbf.g_01352
OG0001012	Prab	Prbg.g_00830	Prab.g_00042
OG0001012	Pran	Prbg.g_00830	Pran.g_00382
OG0001012	Prai	Prbg.g_00830	Prai.g_00050
OG0001012	Prao	Prbg.g_00830	Prao.g_00189
OG0001012	Prac	Prbg.g_00830	Prac.g_01889
OG0001012	Praq	Prbg.g_00830	Praq.g_01258
OG0001012	Prar	Prbg.g_00830	Prar.g_00577
OG0001012	Prag	Prbg.g_00830	Prag.g_00043
OG0001012	Praw	Prbg.g_00830	Praw.g_01385
OG0001012	Prav	Prbg.g_00830	Prav.g_00114
OG0001012	Prad	Prbg.g_00830	Prad.g_01944
OG0001012	Pray	Prbg.g_00830	Pray.g_00240
OG0001012	Praz	Prbg.g_00830	Praz.g_00409
OG0001012	Prba	Prbg.g_00830	Prba.g_01837
OG0001012	Prax	Prbg.g_00830	Prax.g_00270
OG0001012	Praa	Prbg.g_00830	Praa.g_00043
OG0001012	Prae	Prbg.g_00830	Prae.g_00045
OG0001012	Prau	Prbg.g_00830	Prau.g_00050
OG0001012	Pras	Prbg.g_00830	Pras.g_00896
OG0001012	Prbi	Prbg.g_00830	Prbi.g_00052
OG0001012	Prbd	Prbg.g_00830	Prbd.g_01195
OG0001012	Syad	Prbg.g_00830	Syad.g_03030
OG0001012	Syaj	Prbg.g_00830	Syaj.g_02108
OG0001012	Syat	Prbg.g_00830	Syat.g_01004
OG0001012	Syao	Prbg.g_00830	Syao.g_00322
OG0001012	Syas	Prbg.g_00830	Syas.g_00152
OG0001012	Syan	Prbg.g_00830	Syan.g_00281
OG0001012	Syap	Prbg.g_00830	Syap.g_00371
OG0001012	Syaa	Prbg.g_00830	Syaa.g_02589
OG0001012	Syam	Prbg.g_00830	Syam.g_02310
OG0001012	Syai	Prbg.g_00830	Syai.g_02773
OG0001012	Syaf	Prbg.g_00830	Syaf.g_00649
OG0001012	Syak	Prbg.g_00830	Syak.g_01946
OG0001012	Prbj	Prbg.g_00830	Prbj.g_01953
OG0001012	Prbk	Prbg.g_00830	Prbk.g_02158
OG0001012	Prbl	Prbg.g_00830	Prbl.g_02241
OG0001012	Prah	Prbg.g_00830	Prah.g_02488
OG0001012	Praf	Prbg.g_00830	Praf.g_02654
OG0001012	Syae	Prbg.g_00830	Syae.g_01564
OG0001012	Syag	Prbg.g_00830	Syag.g_02123
OG0001012	Syaq	Prbg.g_00830	Syaq.g_01267
OG0001012	Syac	Prbg.g_00830	Syac.g_02351
OG0001012	Syah	Prbg.g_00830	Syah.g_00514
OG0001012	Syab	Prbg.g_00830	Syab.g_02752
OG0001012	Syal	Prbg.g_00830	Syal.g_01064
OG0001012	Prat	Prbg.g_00830	Prat.g_00046
OG0001012	Pral	Prbg.g_00830	Pral.g_01001
OG0001012	Prbm	Prbg.g_00830	Prbm.g_00052
OG0001012	Prbc	Prbg.g_00830	Prbc.g_01121
OG0001012	Praj	Prbg.g_00830	Praj.g_00047
OG0001012	Prbb	Prbg.g_00830	Prbb.g_00058
OG0001012	Pram	Prbg.g_00830	Pram.g_00028
OG0001012	Prbh	Prbg.g_00830	Prbh.g_00739
OG0001012	Prak	Prbg.g_00830	Prak.g_00044
OG0001012	Prap	Prbg.g_00830	Prap.g_00911
OG0001012	Prbe	Prbg.g_00830	Prbe.g_00144
OG0001012	Prbf	Prbg.g_00830	Prbf.g_01366
OG0001012	Prbn	Prbg.g_00830	Prbn.g_00738
OG0001013	Prab	Prbg.g_00823	Prab.g_00047
OG0001013	Pran	Prbg.g_00823	Pran.g_00377
OG0001013	Prai	Prbg.g_00823	Prai.g_00055
OG0001013	Prag	Prbg.g_00823	Prag.g_00048
OG0001013	Praw	Prbg.g_00823	Praw.g_01380
OG0001013	Pras	Prbg.g_00823	Pras.g_00901
OG0001013	Prau	Prbg.g_00823	Prau.g_00056
OG0001013	Prbi	Prbg.g_00823	Prbi.g_00059
OG0001013	Prav	Prbg.g_00823	Prav.g_00119
OG0001013	Prac	Prbg.g_00823	Prac.g_01883
OG0001013	Praq	Prbg.g_00823	Praq.g_01264
OG0001013	Prar	Prbg.g_00823	Prar.g_00571
OG0001013	Prad	Prbg.g_00823	Prad.g_01938
OG0001013	Prbd	Prbg.g_00823	Prbd.g_01189
OG0001013	Prao	Prbg.g_00823	Prao.g_00194
OG0001013	Prax	Prbg.g_00823	Prax.g_00623
OG0001013	Prae	Prbg.g_00823	Prae.g_00050
OG0001013	Praa	Prbg.g_00823	Praa.g_00048
OG0001013	Pray	Prbg.g_00823	Pray.g_00235
OG0001013	Praz	Prbg.g_00823	Praz.g_00414
OG0001013	Prba	Prbg.g_00823	Prba.g_01842
OG0001013	Pram	Prbg.g_00823	Pram.g_00035
OG0001013	Prbh	Prbg.g_00823	Prbh.g_00732
OG0001013	Pral	Prbg.g_00823	Pral.g_00994
OG0001013	Prat	Prbg.g_00823	Prat.g_00053
OG0001013	Praj	Prbg.g_00823	Praj.g_00052
OG0001013	Prbb	Prbg.g_00823	Prbb.g_00063
OG0001013	Prbc	Prbg.g_00823	Prbc.g_01126
OG0001013	Prbm	Prbg.g_00823	Prbm.g_00057
OG0001013	Praf	Prbg.g_00823	Praf.g_02603
OG0001013	Prah	Prbg.g_00823	Prah.g_02466
OG0001013	Prbj	Prbg.g_00823	Prbj.g_01928
OG0001013	Prbk	Prbg.g_00823	Prbk.g_02133
OG0001013	Prbl	Prbg.g_00823	Prbl.g_02266
OG0001013	Syad	Prbg.g_00823	Syad.g_03011
OG0001013	Syag	Prbg.g_00823	Syag.g_02098
OG0001013	Syai	Prbg.g_00823	Syai.g_02750
OG0001013	Syaf	Prbg.g_00823	Syaf.g_00669
OG0001013	Syam	Prbg.g_00823	Syam.g_02296
OG0001013	Syac	Prbg.g_00823	Syac.g_02337
OG0001013	Syah	Prbg.g_00823	Syah.g_00527
OG0001013	Syaa	Prbg.g_00823	Syaa.g_02576
OG0001013	Syae	Prbg.g_00823	Syae.g_01552
OG0001013	Syao	Prbg.g_00823	Syao.g_02413
OG0001013	Syan	Prbg.g_00823	Syan.g_01542
OG0001013	Syar	Prbg.g_00823	Syar.g_00906
OG0001013	Syat	Prbg.g_00823	Syat.g_02716
OG0001013	Syap	Prbg.g_00823	Syap.g_01325
OG0001013	Syab	Prbg.g_00823	Syab.g_02716
OG0001013	Syal	Prbg.g_00823	Syal.g_01026
OG0001013	Syak	Prbg.g_00823	Syak.g_01969
OG0001013	Syaq	Prbg.g_00823	Syaq.g_01289
OG0001013	Syas	Prbg.g_00823	Syas.g_01866
OG0001013	Prak	Prbg.g_00823	Prak.g_00051
OG0001013	Prap	Prbg.g_00823	Prap.g_00904
OG0001013	Prbe	Prbg.g_00823	Prbe.g_00151
OG0001013	Prbf	Prbg.g_00823	Prbf.g_01373
OG0001013	Prbn	Prbg.g_00823	Prbn.g_00731
OG0001014	Prac	Prbg.g_00820	Prac.g_01880
OG0001014	Praq	Prbg.g_00820	Praq.g_01267
OG0001014	Prar	Prbg.g_00820	Prar.g_00568
OG0001014	Prav	Prbg.g_00820	Prav.g_00122
OG0001014	Prag	Prbg.g_00820	Prag.g_00051
OG0001014	Praw	Prbg.g_00820	Praw.g_01377
OG0001014	Pras	Prbg.g_00820	Pras.g_00904
OG0001014	Prau	Prbg.g_00820	Prau.g_00059
OG0001014	Prbi	Prbg.g_00820	Prbi.g_00062
OG0001014	Pray	Prbg.g_00820	Pray.g_00232
OG0001014	Praz	Prbg.g_00820	Praz.g_00417
OG0001014	Prba	Prbg.g_00820	Prba.g_01845
OG0001014	Prae	Prbg.g_00820	Prae.g_00053
OG0001014	Prax	Prbg.g_00820	Prax.g_00626
OG0001014	Praa	Prbg.g_00820	Praa.g_00051
OG0001014	Prao	Prbg.g_00820	Prao.g_00197
OG0001014	Prbd	Prbg.g_00820	Prbd.g_01186
OG0001014	Prad	Prbg.g_00820	Prad.g_01935
OG0001014	Prab	Prbg.g_00820	Prab.g_00050
OG0001014	Pran	Prbg.g_00820	Pran.g_00374
OG0001014	Prai	Prbg.g_00820	Prai.g_00058
OG0001014	Praj	Prbg.g_00820	Praj.g_00055
OG0001014	Prbb	Prbg.g_00820	Prbb.g_00066
OG0001014	Prbc	Prbg.g_00820	Prbc.g_01129
OG0001014	Prbm	Prbg.g_00820	Prbm.g_00060
OG0001014	Prat	Prbg.g_00820	Prat.g_00056
OG0001014	Syac	Prbg.g_00820	Syac.g_02333
OG0001014	Syah	Prbg.g_00820	Syah.g_00531
OG0001014	Syab	Prbg.g_00820	Syab.g_02712
OG0001014	Syal	Prbg.g_00820	Syal.g_01022
OG0001014	Syaa	Prbg.g_00820	Syaa.g_02572
OG0001014	Prbj	Prbg.g_00820	Prbj.g_01919
OG0001014	Prbk	Prbg.g_00820	Prbk.g_02124
OG0001014	Prbl	Prbg.g_00820	Prbl.g_02275
OG0001014	Praf	Prbg.g_00820	Praf.g_02597
OG0001014	Prah	Prbg.g_00820	Prah.g_02454
OG0001014	Syao	Prbg.g_00820	Syao.g_02407
OG0001014	Syan	Prbg.g_00820	Syan.g_01535
OG0001014	Syat	Prbg.g_00820	Syat.g_02721
OG0001014	Syar	Prbg.g_00820	Syar.g_00914
OG0001014	Syas	Prbg.g_00820	Syas.g_01857
OG0001014	Syaf	Prbg.g_00820	Syaf.g_00691
OG0001014	Syai	Prbg.g_00820	Syai.g_02726
OG0001014	Syam	Prbg.g_00820	Syam.g_02292
OG0001014	Syak	Prbg.g_00820	Syak.g_01975
OG0001014	Syaq	Prbg.g_00820	Syaq.g_01295
OG0001014	Syad	Prbg.g_00820	Syad.g_03002
OG0001014	Syaj	Prbg.g_00820	Syaj.g_02083
OG0001014	Syae	Prbg.g_00820	Syae.g_01548
OG0001014	Syag	Prbg.g_00820	Syag.g_02084
OG0001014	Pral	Prbg.g_00820	Pral.g_00991
OG0001014	Pram	Prbg.g_00820	Pram.g_00038
OG0001014	Prbh	Prbg.g_00820	Prbh.g_00729
OG0001014	Prak	Prbg.g_00820	Prak.g_00054
OG0001014	Prap	Prbg.g_00820	Prap.g_00901
OG0001014	Prbe	Prbg.g_00820	Prbe.g_00154
OG0001014	Prbf	Prbg.g_00820	Prbf.g_01376
OG0001014	Prbn	Prbg.g_00820	Prbn.g_00728
OG0001015	Prac	Prbg.g_00818	Prac.g_01879
OG0001015	Praq	Prbg.g_00818	Praq.g_01268
OG0001015	Prar	Prbg.g_00818	Prar.g_00567
OG0001015	Prag	Prbg.g_00818	Prag.g_00052
OG0001015	Praw	Prbg.g_00818	Praw.g_01376
OG0001015	Prav	Prbg.g_00818	Prav.g_00123
OG0001015	Pray	Prbg.g_00818	Pray.g_00231
OG0001015	Praz	Prbg.g_00818	Praz.g_00418
OG0001015	Prba	Prbg.g_00818	Prba.g_01846
OG0001015	Prad	Prbg.g_00818	Prad.g_01934
OG0001015	Prbi	Prbg.g_00818	Prbi.g_00063
OG0001015	Pras	Prbg.g_00818	Pras.g_00905
OG0001015	Prau	Prbg.g_00818	Prau.g_00060
OG0001015	Prao	Prbg.g_00818	Prao.g_00198
OG0001015	Praa	Prbg.g_00818	Praa.g_00052
OG0001015	Prax	Prbg.g_00818	Prax.g_00627
OG0001015	Prbd	Prbg.g_00818	Prbd.g_01185
OG0001015	Prae	Prbg.g_00818	Prae.g_00054
OG0001015	Prab	Prbg.g_00818	Prab.g_00051
OG0001015	Pran	Prbg.g_00818	Pran.g_00373
OG0001015	Prai	Prbg.g_00818	Prai.g_00059
OG0001015	Prbm	Prbg.g_00818	Prbm.g_00061
OG0001015	Prbc	Prbg.g_00818	Prbc.g_01130
OG0001015	Praj	Prbg.g_00818	Praj.g_00056
OG0001015	Prbb	Prbg.g_00818	Prbb.g_00067
OG0001015	Pral	Prbg.g_00818	Pral.g_00990
OG0001015	Prat	Prbg.g_00818	Prat.g_00057
OG0001015	Syab	Prbg.g_00818	Syab.g_02711
OG0001015	Syal	Prbg.g_00818	Syal.g_01021
OG0001015	Syaq	Prbg.g_00818	Syaq.g_01296
OG0001015	Syag	Prbg.g_00818	Syag.g_02083
OG0001015	Syar	Prbg.g_00818	Syar.g_00915
OG0001015	Syat	Prbg.g_00818	Syat.g_02722
OG0001015	Syas	Prbg.g_00818	Syas.g_01856
OG0001015	Syan	Prbg.g_00818	Syan.g_01534
OG0001015	Syao	Prbg.g_00818	Syao.g_02406
OG0001015	Prbj	Prbg.g_00818	Prbj.g_01918
OG0001015	Prbk	Prbg.g_00818	Prbk.g_02123
OG0001015	Prbl	Prbg.g_00818	Prbl.g_02276
OG0001015	Praf	Prbg.g_00818	Praf.g_02596
OG0001015	Prah	Prbg.g_00818	Prah.g_02453
OG0001015	Syae	Prbg.g_00818	Syae.g_01547
OG0001015	Syak	Prbg.g_00818	Syak.g_01976
OG0001015	Syad	Prbg.g_00818	Syad.g_03001
OG0001015	Syaj	Prbg.g_00818	Syaj.g_02082
OG0001015	Syaa	Prbg.g_00818	Syaa.g_02571
OG0001015	Syac	Prbg.g_00818	Syac.g_02332
OG0001015	Syah	Prbg.g_00818	Syah.g_00532
OG0001015	Syam	Prbg.g_00818	Syam.g_02291
OG0001015	Syai	Prbg.g_00818	Syai.g_02725
OG0001015	Syaf	Prbg.g_00818	Syaf.g_00692
OG0001015	Pram	Prbg.g_00818	Pram.g_00039
OG0001015	Prbh	Prbg.g_00818	Prbh.g_00728
OG0001015	Prak	Prbg.g_00818	Prak.g_00056
OG0001015	Prap	Prbg.g_00818	Prap.g_00899
OG0001015	Prbe	Prbg.g_00818	Prbe.g_00156
OG0001015	Prbf	Prbg.g_00818	Prbf.g_01378
OG0001015	Prbn	Prbg.g_00818	Prbn.g_00726
OG0001016	Prab	Prbg.g_00796	Prab.g_00065
OG0001016	Pran	Prbg.g_00796	Pran.g_00359
OG0001016	Prai	Prbg.g_00796	Prai.g_00073
OG0001016	Prac	Prbg.g_00796	Prac.g_01858
OG0001016	Praq	Prbg.g_00796	Praq.g_01930
OG0001016	Prar	Prbg.g_00796	Prar.g_00255
OG0001016	Pras	Prbg.g_00796	Pras.g_00924
OG0001016	Prau	Prbg.g_00796	Prau.g_00074
OG0001016	Prbd	Prbg.g_00796	Prbd.g_01171
OG0001016	Praa	Prbg.g_00796	Praa.g_00073
OG0001016	Prao	Prbg.g_00796	Prao.g_00212
OG0001016	Prax	Prbg.g_00796	Prax.g_00644
OG0001016	Prbi	Prbg.g_00796	Prbi.g_00080
OG0001016	Prae	Prbg.g_00796	Prae.g_00073
OG0001016	Pray	Prbg.g_00796	Pray.g_00216
OG0001016	Praz	Prbg.g_00796	Praz.g_00433
OG0001016	Prba	Prbg.g_00796	Prba.g_01861
OG0001016	Prad	Prbg.g_00796	Prad.g_01920
OG0001016	Prav	Prbg.g_00796	Prav.g_00138
OG0001016	Prag	Prbg.g_00796	Prag.g_00067
OG0001016	Praw	Prbg.g_00796	Praw.g_01361
OG0001016	Prbm	Prbg.g_00796	Prbm.g_00130
OG0001016	Prbc	Prbg.g_00796	Prbc.g_00500
OG0001016	Prbb	Prbg.g_00796	Prbb.g_00128
OG0001016	Praj	Prbg.g_00796	Praj.g_00111
OG0001016	Prbj	Prbg.g_00796	Prbj.g_00569
OG0001016	Prbk	Prbg.g_00796	Prbk.g_01315
OG0001016	Prbl	Prbg.g_00796	Prbl.g_00603
OG0001016	Praf	Prbg.g_00796	Praf.g_00316
OG0001016	Prah	Prbg.g_00796	Prah.g_01843
OG0001016	Syae	Prbg.g_00796	Syae.g_01290
OG0001016	Syad	Prbg.g_00796	Syad.g_02734
OG0001016	Syaj	Prbg.g_00796	Syaj.g_01824
OG0001016	Syaa	Prbg.g_00796	Syaa.g_00348
OG0001016	Syac	Prbg.g_00796	Syac.g_00446
OG0001016	Syah	Prbg.g_00796	Syah.g_02487
OG0001016	Syaf	Prbg.g_00796	Syaf.g_00958
OG0001016	Syai	Prbg.g_00796	Syai.g_02479
OG0001016	Syam	Prbg.g_00796	Syam.g_02067
OG0001016	Syat	Prbg.g_00796	Syat.g_01474
OG0001016	Syas	Prbg.g_00796	Syas.g_02517
OG0001016	Syap	Prbg.g_00796	Syap.g_01695
OG0001016	Syan	Prbg.g_00796	Syan.g_02912
OG0001016	Syao	Prbg.g_00796	Syao.g_02622
OG0001016	Syag	Prbg.g_00796	Syag.g_01824
OG0001016	Syaq	Prbg.g_00796	Syaq.g_01554
OG0001016	Syak	Prbg.g_00796	Syak.g_02250
OG0001016	Syab	Prbg.g_00796	Syab.g_02439
OG0001016	Syal	Prbg.g_00796	Syal.g_00756
OG0001016	Pral	Prbg.g_00796	Pral.g_00974
OG0001016	Prat	Prbg.g_00796	Prat.g_00070
OG0001016	Pram	Prbg.g_00796	Pram.g_00058
OG0001016	Prbh	Prbg.g_00796	Prbh.g_00709
OG0001016	Prak	Prbg.g_00796	Prak.g_00078
OG0001016	Prap	Prbg.g_00796	Prap.g_00877
OG0001016	Prbe	Prbg.g_00796	Prbe.g_00178
OG0001016	Prbf	Prbg.g_00796	Prbf.g_01400
OG0001016	Prbn	Prbg.g_00796	Prbn.g_00704
OG0001017	Prac	Prbg.g_00792	Prac.g_01854
OG0001017	Praq	Prbg.g_00792	Praq.g_01926
OG0001017	Prar	Prbg.g_00792	Prar.g_00251
OG0001017	Prav	Prbg.g_00792	Prav.g_00142
OG0001017	Pras	Prbg.g_00792	Pras.g_00928
OG0001017	Prau	Prbg.g_00792	Prau.g_00078
OG0001017	Prad	Prbg.g_00792	Prad.g_01916
OG0001017	Prae	Prbg.g_00792	Prae.g_00077
OG0001017	Prbd	Prbg.g_00792	Prbd.g_01167
OG0001017	Pray	Prbg.g_00792	Pray.g_00212
OG0001017	Praz	Prbg.g_00792	Praz.g_00437
OG0001017	Prba	Prbg.g_00792	Prba.g_01865
OG0001017	Prbi	Prbg.g_00792	Prbi.g_00084
OG0001017	Prao	Prbg.g_00792	Prao.g_00216
OG0001017	Praa	Prbg.g_00792	Praa.g_00077
OG0001017	Prax	Prbg.g_00792	Prax.g_00648
OG0001017	Prag	Prbg.g_00792	Prag.g_00071
OG0001017	Praw	Prbg.g_00792	Praw.g_01357
OG0001017	Prab	Prbg.g_00792	Prab.g_00069
OG0001017	Pran	Prbg.g_00792	Pran.g_00355
OG0001017	Prai	Prbg.g_00792	Prai.g_00077
OG0001017	Prbc	Prbg.g_00792	Prbc.g_00496
OG0001017	Praj	Prbg.g_00792	Praj.g_00115
OG0001017	Prbb	Prbg.g_00792	Prbb.g_00132
OG0001017	Prbm	Prbg.g_00792	Prbm.g_00134
OG0001017	Pral	Prbg.g_00792	Pral.g_00970
OG0001017	Prat	Prbg.g_00792	Prat.g_00074
OG0001017	Syak	Prbg.g_00792	Syak.g_02244
OG0001017	Syac	Prbg.g_00792	Syac.g_00440
OG0001017	Syah	Prbg.g_00792	Syah.g_02493
OG0001017	Prah	Prbg.g_00792	Prah.g_01849
OG0001017	Praf	Prbg.g_00792	Praf.g_00310
OG0001017	Prbj	Prbg.g_00792	Prbj.g_00575
OG0001017	Prbk	Prbg.g_00792	Prbk.g_01309
OG0001017	Prbl	Prbg.g_00792	Prbl.g_00597
OG0001017	Syae	Prbg.g_00792	Syae.g_01296
OG0001017	Syaa	Prbg.g_00792	Syaa.g_00342
OG0001017	Syam	Prbg.g_00792	Syam.g_02073
OG0001017	Syai	Prbg.g_00792	Syai.g_02485
OG0001017	Syaf	Prbg.g_00792	Syaf.g_00952
OG0001017	Syan	Prbg.g_00792	Syan.g_02918
OG0001017	Syao	Prbg.g_00792	Syao.g_02628
OG0001017	Syag	Prbg.g_00792	Syag.g_01830
OG0001017	Syad	Prbg.g_00792	Syad.g_02740
OG0001017	Syaj	Prbg.g_00792	Syaj.g_01830
OG0001017	Syas	Prbg.g_00792	Syas.g_02511
OG0001017	Syaq	Prbg.g_00792	Syaq.g_01548
OG0001017	Syal	Prbg.g_00792	Syal.g_00762
OG0001017	Syab	Prbg.g_00792	Syab.g_02445
OG0001017	Syar	Prbg.g_00792	Syar.g_03050
OG0001017	Syat	Prbg.g_00792	Syat.g_01480
OG0001017	Pram	Prbg.g_00792	Pram.g_00062
OG0001017	Prbh	Prbg.g_00792	Prbh.g_00705
OG0001017	Prak	Prbg.g_00792	Prak.g_00082
OG0001017	Prap	Prbg.g_00792	Prap.g_01100
OG0001017	Prbe	Prbg.g_00792	Prbe.g_00182
OG0001017	Prbf	Prbg.g_00792	Prbf.g_01404
OG0001017	Prbn	Prbg.g_00792	Prbn.g_01343
OG0001018	Prab	Prbg.g_00790	Prab.g_00072
OG0001018	Pran	Prbg.g_00790	Pran.g_00352
OG0001018	Prai	Prbg.g_00790	Prai.g_00080
OG0001018	Praa	Prbg.g_00790	Praa.g_00080
OG0001018	Prao	Prbg.g_00790	Prao.g_00219
OG0001018	Prbi	Prbg.g_00790	Prbi.g_00087
OG0001018	Prag	Prbg.g_00790	Prag.g_00074
OG0001018	Praw	Prbg.g_00790	Praw.g_01354
OG0001018	Prae	Prbg.g_00790	Prae.g_00080
OG0001018	Prax	Prbg.g_00790	Prax.g_00651
OG0001018	Prbd	Prbg.g_00790	Prbd.g_01164
OG0001018	Pray	Prbg.g_00790	Pray.g_00209
OG0001018	Praz	Prbg.g_00790	Praz.g_00440
OG0001018	Prba	Prbg.g_00790	Prba.g_01868
OG0001018	Prav	Prbg.g_00790	Prav.g_00145
OG0001018	Prad	Prbg.g_00790	Prad.g_01913
OG0001018	Prac	Prbg.g_00790	Prac.g_01851
OG0001018	Praq	Prbg.g_00790	Praq.g_01923
OG0001018	Prar	Prbg.g_00790	Prar.g_00248
OG0001018	Pras	Prbg.g_00790	Pras.g_00931
OG0001018	Prau	Prbg.g_00790	Prau.g_00081
OG0001018	Prbm	Prbg.g_00790	Prbm.g_00137
OG0001018	Praj	Prbg.g_00790	Praj.g_00118
OG0001018	Prbb	Prbg.g_00790	Prbb.g_00135
OG0001018	Prbc	Prbg.g_00790	Prbc.g_00493
OG0001018	Pram	Prbg.g_00790	Pram.g_00064
OG0001018	Prbh	Prbg.g_00790	Prbh.g_00703
OG0001018	Pral	Prbg.g_00790	Pral.g_00968
OG0001018	Prat	Prbg.g_00790	Prat.g_00076
OG0001018	Syak	Prbg.g_00790	Syak.g_02242
OG0001018	Syat	Prbg.g_00790	Syat.g_01482
OG0001018	Syar	Prbg.g_00790	Syar.g_03052
OG0001018	Syao	Prbg.g_00790	Syao.g_02630
OG0001018	Syan	Prbg.g_00790	Syan.g_02920
OG0001018	Syas	Prbg.g_00790	Syas.g_02509
OG0001018	Syaq	Prbg.g_00790	Syaq.g_01546
OG0001018	Syag	Prbg.g_00790	Syag.g_01832
OG0001018	Syab	Prbg.g_00790	Syab.g_02447
OG0001018	Syal	Prbg.g_00790	Syal.g_00764
OG0001018	Prbj	Prbg.g_00790	Prbj.g_00577
OG0001018	Prbk	Prbg.g_00790	Prbk.g_01307
OG0001018	Prbl	Prbg.g_00790	Prbl.g_00595
OG0001018	Praf	Prbg.g_00790	Praf.g_00308
OG0001018	Prah	Prbg.g_00790	Prah.g_01851
OG0001018	Syae	Prbg.g_00790	Syae.g_01298
OG0001018	Syaa	Prbg.g_00790	Syaa.g_00340
OG0001018	Syac	Prbg.g_00790	Syac.g_00438
OG0001018	Syah	Prbg.g_00790	Syah.g_02495
OG0001018	Syaf	Prbg.g_00790	Syaf.g_00950
OG0001018	Syai	Prbg.g_00790	Syai.g_02487
OG0001018	Syam	Prbg.g_00790	Syam.g_02075
OG0001018	Syad	Prbg.g_00790	Syad.g_02742
OG0001018	Syaj	Prbg.g_00790	Syaj.g_01832
OG0001018	Prak	Prbg.g_00790	Prak.g_00084
OG0001018	Prap	Prbg.g_00790	Prap.g_01098
OG0001018	Prbe	Prbg.g_00790	Prbe.g_00184
OG0001018	Prbf	Prbg.g_00790	Prbf.g_01406
OG0001018	Prbn	Prbg.g_00790	Prbn.g_01341
OG0001019	Prac	Prbg.g_00781	Prac.g_01842
OG0001019	Praq	Prbg.g_00781	Praq.g_01914
OG0001019	Prar	Prbg.g_00781	Prar.g_00239
OG0001019	Prae	Prbg.g_00781	Prae.g_00089
OG0001019	Praa	Prbg.g_00781	Praa.g_00089
OG0001019	Prag	Prbg.g_00781	Prag.g_00083
OG0001019	Prao	Prbg.g_00781	Prao.g_00228
OG0001019	Prav	Prbg.g_00781	Prav.g_00154
OG0001019	Praw	Prbg.g_00781	Praw.g_01345
OG0001019	Pray	Prbg.g_00781	Pray.g_00200
OG0001019	Praz	Prbg.g_00781	Praz.g_00449
OG0001019	Prba	Prbg.g_00781	Prba.g_01877
OG0001019	Prbd	Prbg.g_00781	Prbd.g_01155
OG0001019	Prbi	Prbg.g_00781	Prbi.g_00096
OG0001019	Prax	Prbg.g_00781	Prax.g_00660
OG0001019	Prad	Prbg.g_00781	Prad.g_01904
OG0001019	Pras	Prbg.g_00781	Pras.g_00940
OG0001019	Prau	Prbg.g_00781	Prau.g_00090
OG0001019	Prai	Prbg.g_00781	Prai.g_00089
OG0001019	Prab	Prbg.g_00781	Prab.g_00081
OG0001019	Pran	Prbg.g_00781	Pran.g_00343
OG0001019	Prbm	Prbg.g_00781	Prbm.g_00146
OG0001019	Praj	Prbg.g_00781	Praj.g_00127
OG0001019	Prbc	Prbg.g_00781	Prbc.g_00484
OG0001019	Prbb	Prbg.g_00781	Prbb.g_00144
OG0001019	Pral	Prbg.g_00781	Pral.g_00958
OG0001019	Prat	Prbg.g_00781	Prat.g_00087
OG0001019	Praf	Prbg.g_00781	Praf.g_00296
OG0001019	Prah	Prbg.g_00781	Prah.g_01867
OG0001019	Prbj	Prbg.g_00781	Prbj.g_00590
OG0001019	Prbk	Prbg.g_00781	Prbk.g_01294
OG0001019	Prbl	Prbg.g_00781	Prbl.g_00582
OG0001019	Syat	Prbg.g_00781	Syat.g_01532
OG0001019	Syao	Prbg.g_00781	Syao.g_02654
OG0001019	Syan	Prbg.g_00781	Syan.g_02947
OG0001019	Syar	Prbg.g_00781	Syar.g_03086
OG0001019	Syas	Prbg.g_00781	Syas.g_02469
OG0001019	Syag	Prbg.g_00781	Syag.g_01854
OG0001019	Syab	Prbg.g_00781	Syab.g_02469
OG0001019	Syal	Prbg.g_00781	Syal.g_00785
OG0001019	Syak	Prbg.g_00781	Syak.g_02218
OG0001019	Syad	Prbg.g_00781	Syad.g_02771
OG0001019	Syaj	Prbg.g_00781	Syaj.g_01849
OG0001019	Syaq	Prbg.g_00781	Syaq.g_01524
OG0001019	Syaa	Prbg.g_00781	Syaa.g_00323
OG0001019	Syac	Prbg.g_00781	Syac.g_00422
OG0001019	Syah	Prbg.g_00781	Syah.g_02512
OG0001019	Syaf	Prbg.g_00781	Syaf.g_00931
OG0001019	Syai	Prbg.g_00781	Syai.g_02508
OG0001019	Syam	Prbg.g_00781	Syam.g_02093
OG0001019	Syae	Prbg.g_00781	Syae.g_01334
OG0001019	Pram	Prbg.g_00781	Pram.g_00073
OG0001019	Prbh	Prbg.g_00781	Prbh.g_00694
OG0001019	Prak	Prbg.g_00781	Prak.g_00093
OG0001019	Prap	Prbg.g_00781	Prap.g_01089
OG0001019	Prbe	Prbg.g_00781	Prbe.g_00193
OG0001019	Prbf	Prbg.g_00781	Prbf.g_01415
OG0001019	Prbn	Prbg.g_00781	Prbn.g_01332
OG0001020	Prab	Prbg.g_00780	Prab.g_00082
OG0001020	Pran	Prbg.g_00780	Pran.g_00342
OG0001020	Prai	Prbg.g_00780	Prai.g_00090
OG0001020	Prac	Prbg.g_00780	Prac.g_01841
OG0001020	Prar	Prbg.g_00780	Prar.g_00238
OG0001020	Praq	Prbg.g_00780	Praq.g_01913
OG0001020	Prag	Prbg.g_00780	Prag.g_00084
OG0001020	Praw	Prbg.g_00780	Praw.g_01344
OG0001020	Pras	Prbg.g_00780	Pras.g_00941
OG0001020	Prau	Prbg.g_00780	Prau.g_00091
OG0001020	Prad	Prbg.g_00780	Prad.g_01903
OG0001020	Prav	Prbg.g_00780	Prav.g_00155
OG0001020	Prao	Prbg.g_00780	Prao.g_00229
OG0001020	Prbi	Prbg.g_00780	Prbi.g_00097
OG0001020	Pray	Prbg.g_00780	Pray.g_00199
OG0001020	Praz	Prbg.g_00780	Praz.g_00450
OG0001020	Prba	Prbg.g_00780	Prba.g_01878
OG0001020	Prae	Prbg.g_00780	Prae.g_00090
OG0001020	Prax	Prbg.g_00780	Prax.g_01128
OG0001020	Praa	Prbg.g_00780	Praa.g_00090
OG0001020	Prbd	Prbg.g_00780	Prbd.g_01154
OG0001020	Prbm	Prbg.g_00780	Prbm.g_00147
OG0001020	Prbb	Prbg.g_00780	Prbb.g_00145
OG0001020	Praj	Prbg.g_00780	Praj.g_00128
OG0001020	Prbc	Prbg.g_00780	Prbc.g_00483
OG0001020	Prbj	Prbg.g_00780	Prbj.g_00596
OG0001020	Prbk	Prbg.g_00780	Prbk.g_00035
OG0001020	Prbl	Prbg.g_00780	Prbl.g_00576
OG0001020	Praf	Prbg.g_00780	Praf.g_00268
OG0001020	Prah	Prbg.g_00780	Prah.g_01873
OG0001020	Syar	Prbg.g_00780	Syar.g_03092
OG0001020	Syas	Prbg.g_00780	Syas.g_02443
OG0001020	Syan	Prbg.g_00780	Syan.g_02951
OG0001020	Syao	Prbg.g_00780	Syao.g_02663
OG0001020	Syat	Prbg.g_00780	Syat.g_01539
OG0001020	Syac	Prbg.g_00780	Syac.g_00417
OG0001020	Syah	Prbg.g_00780	Syah.g_02517
OG0001020	Syab	Prbg.g_00780	Syab.g_02477
OG0001020	Syal	Prbg.g_00780	Syal.g_00796
OG0001020	Syak	Prbg.g_00780	Syak.g_02214
OG0001020	Syai	Prbg.g_00780	Syai.g_02516
OG0001020	Syaf	Prbg.g_00780	Syaf.g_00926
OG0001020	Syam	Prbg.g_00780	Syam.g_02098
OG0001020	Syad	Prbg.g_00780	Syad.g_02777
OG0001020	Syaj	Prbg.g_00780	Syaj.g_01862
OG0001020	Syag	Prbg.g_00780	Syag.g_01861
OG0001020	Syaq	Prbg.g_00780	Syaq.g_01510
OG0001020	Syaa	Prbg.g_00780	Syaa.g_02355
OG0001020	Syae	Prbg.g_00780	Syae.g_01340
OG0001020	Pral	Prbg.g_00780	Pral.g_00957
OG0001020	Prat	Prbg.g_00780	Prat.g_00088
OG0001020	Pram	Prbg.g_00780	Pram.g_00074
OG0001020	Prbh	Prbg.g_00780	Prbh.g_00693
OG0001020	Prbe	Prbg.g_00780	Prbe.g_01630
OG0001020	Prak	Prbg.g_00780	Prak.g_00094
OG0001020	Prap	Prbg.g_00780	Prap.g_01088
OG0001020	Prbf	Prbg.g_00780	Prbf.g_01416
OG0001020	Prbn	Prbg.g_00780	Prbn.g_01331
OG0001021	Prab	Prbg.g_00861	Prab.g_00083
OG0001021	Pran	Prbg.g_00861	Pran.g_00341
OG0001021	Prai	Prbg.g_00861	Prai.g_00091
OG0001021	Prag	Prbg.g_00861	Prag.g_00085
OG0001021	Praw	Prbg.g_00861	Praw.g_01343
OG0001021	Prae	Prbg.g_00861	Prae.g_00091
OG0001021	Prao	Prbg.g_00861	Prao.g_00230
OG0001021	Praa	Prbg.g_00861	Praa.g_00091
OG0001021	Prax	Prbg.g_00861	Prax.g_01127
OG0001021	Pray	Prbg.g_00861	Pray.g_00198
OG0001021	Praz	Prbg.g_00861	Praz.g_00451
OG0001021	Prba	Prbg.g_00861	Prba.g_01879
OG0001021	Prbd	Prbg.g_00861	Prbd.g_01153
OG0001021	Prad	Prbg.g_00861	Prad.g_01902
OG0001021	Prac	Prbg.g_00861	Prac.g_01840
OG0001021	Praq	Prbg.g_00861	Praq.g_01912
OG0001021	Prar	Prbg.g_00861	Prar.g_00237
OG0001021	Prav	Prbg.g_00861	Prav.g_00156
OG0001021	Pras	Prbg.g_00861	Pras.g_00942
OG0001021	Prau	Prbg.g_00861	Prau.g_00092
OG0001021	Prbi	Prbg.g_00861	Prbi.g_00098
OG0001021	Pral	Prbg.g_00861	Pral.g_00956
OG0001021	Prat	Prbg.g_00861	Prat.g_00089
OG0001021	Prbm	Prbg.g_00861	Prbm.g_00148
OG0001021	Prbc	Prbg.g_00861	Prbc.g_00482
OG0001021	Praj	Prbg.g_00861	Praj.g_00129
OG0001021	Prbb	Prbg.g_00861	Prbb.g_00146
OG0001021	Prbj	Prbg.g_00861	Prbj.g_00600
OG0001021	Prbk	Prbg.g_00861	Prbk.g_00031
OG0001021	Prbl	Prbg.g_00861	Prbl.g_00572
OG0001021	Praf	Prbg.g_00861	Praf.g_00264
OG0001021	Prah	Prbg.g_00861	Prah.g_01877
OG0001021	Syaf	Prbg.g_00861	Syaf.g_00922
OG0001021	Syai	Prbg.g_00861	Syai.g_02523
OG0001021	Syam	Prbg.g_00861	Syam.g_02102
OG0001021	Syac	Prbg.g_00861	Syac.g_00413
OG0001021	Syah	Prbg.g_00861	Syah.g_02521
OG0001021	Syaa	Prbg.g_00861	Syaa.g_02359
OG0001021	Syae	Prbg.g_00861	Syae.g_01344
OG0001021	Syad	Prbg.g_00861	Syad.g_02781
OG0001021	Syaj	Prbg.g_00861	Syaj.g_01867
OG0001021	Syar	Prbg.g_00861	Syar.g_03098
OG0001021	Syat	Prbg.g_00861	Syat.g_01552
OG0001021	Syas	Prbg.g_00861	Syas.g_02437
OG0001021	Syan	Prbg.g_00861	Syan.g_02958
OG0001021	Syao	Prbg.g_00861	Syao.g_02666
OG0001021	Syab	Prbg.g_00861	Syab.g_02481
OG0001021	Syal	Prbg.g_00861	Syal.g_00800
OG0001021	Syag	Prbg.g_00861	Syag.g_01865
OG0001021	Syak	Prbg.g_00861	Syak.g_02210
OG0001021	Syaq	Prbg.g_00861	Syaq.g_01506
OG0001021	Pram	Prbg.g_00861	Pram.g_00075
OG0001021	Prbh	Prbg.g_00861	Prbh.g_00692
OG0001021	Prak	Prbg.g_00861	Prak.g_00095
OG0001021	Prap	Prbg.g_00861	Prap.g_01087
OG0001021	Prbe	Prbg.g_00861	Prbe.g_01631
OG0001021	Prbf	Prbg.g_00861	Prbf.g_01417
OG0001021	Prbn	Prbg.g_00861	Prbn.g_01330
OG0001022	Prab	Prbg.g_00864	Prab.g_00085
OG0001022	Pran	Prbg.g_00864	Pran.g_00339
OG0001022	Prai	Prbg.g_00864	Prai.g_00094
OG0001022	Prao	Prbg.g_00864	Prao.g_00233
OG0001022	Prav	Prbg.g_00864	Prav.g_00159
OG0001022	Prae	Prbg.g_00864	Prae.g_00094
OG0001022	Prag	Prbg.g_00864	Prag.g_00087
OG0001022	Praw	Prbg.g_00864	Praw.g_01341
OG0001022	Prad	Prbg.g_00864	Prad.g_01899
OG0001022	Prac	Prbg.g_00864	Prac.g_01837
OG0001022	Praq	Prbg.g_00864	Praq.g_01909
OG0001022	Prar	Prbg.g_00864	Prar.g_00234
OG0001022	Prbi	Prbg.g_00864	Prbi.g_00101
OG0001022	Prax	Prbg.g_00864	Prax.g_01124
OG0001022	Pray	Prbg.g_00864	Pray.g_00195
OG0001022	Praz	Prbg.g_00864	Praz.g_00454
OG0001022	Prba	Prbg.g_00864	Prba.g_01882
OG0001022	Praa	Prbg.g_00864	Praa.g_00094
OG0001022	Prbd	Prbg.g_00864	Prbd.g_01150
OG0001022	Pras	Prbg.g_00864	Pras.g_00945
OG0001022	Prau	Prbg.g_00864	Prau.g_00095
OG0001022	Prbm	Prbg.g_00864	Prbm.g_00151
OG0001022	Praj	Prbg.g_00864	Praj.g_00132
OG0001022	Prbb	Prbg.g_00864	Prbb.g_00149
OG0001022	Prbc	Prbg.g_00864	Prbc.g_00479
OG0001022	Prah	Prbg.g_00864	Prah.g_01882
OG0001022	Praf	Prbg.g_00864	Praf.g_00259
OG0001022	Prbj	Prbg.g_00864	Prbj.g_00605
OG0001022	Prbk	Prbg.g_00864	Prbk.g_00026
OG0001022	Prbl	Prbg.g_00864	Prbl.g_00567
OG0001022	Syas	Prbg.g_00864	Syas.g_02434
OG0001022	Syar	Prbg.g_00864	Syar.g_03102
OG0001022	Syan	Prbg.g_00864	Syan.g_02964
OG0001022	Syao	Prbg.g_00864	Syao.g_02670
OG0001022	Syat	Prbg.g_00864	Syat.g_01555
OG0001022	Syaq	Prbg.g_00864	Syaq.g_01501
OG0001022	Syag	Prbg.g_00864	Syag.g_01870
OG0001022	Syab	Prbg.g_00864	Syab.g_02485
OG0001022	Syal	Prbg.g_00864	Syal.g_00805
OG0001022	Syak	Prbg.g_00864	Syak.g_02205
OG0001022	Syac	Prbg.g_00864	Syac.g_00410
OG0001022	Syah	Prbg.g_00864	Syah.g_02524
OG0001022	Syaf	Prbg.g_00864	Syaf.g_00918
OG0001022	Syai	Prbg.g_00864	Syai.g_02528
OG0001022	Syam	Prbg.g_00864	Syam.g_02106
OG0001022	Syae	Prbg.g_00864	Syae.g_01348
OG0001022	Syaa	Prbg.g_00864	Syaa.g_02365
OG0001022	Syad	Prbg.g_00864	Syad.g_02786
OG0001022	Syaj	Prbg.g_00864	Syaj.g_01872
OG0001022	Pral	Prbg.g_00864	Pral.g_00953
OG0001022	Prat	Prbg.g_00864	Prat.g_00091
OG0001022	Pram	Prbg.g_00864	Pram.g_00078
OG0001022	Prbh	Prbg.g_00864	Prbh.g_00689
OG0001022	Prak	Prbg.g_00864	Prak.g_00098
OG0001022	Prap	Prbg.g_00864	Prap.g_01084
OG0001022	Prbe	Prbg.g_00864	Prbe.g_01634
OG0001022	Prbf	Prbg.g_00864	Prbf.g_01420
OG0001022	Prbn	Prbg.g_00864	Prbn.g_01327
OG0001023	Prab	Prbg.g_00865	Prab.g_00086
OG0001023	Pran	Prbg.g_00865	Pran.g_00338
OG0001023	Prai	Prbg.g_00865	Prai.g_00095
OG0001023	Prag	Prbg.g_00865	Prag.g_00088
OG0001023	Praw	Prbg.g_00865	Praw.g_01340
OG0001023	Prav	Prbg.g_00865	Prav.g_00160
OG0001023	Prax	Prbg.g_00865	Prax.g_01123
OG0001023	Pray	Prbg.g_00865	Pray.g_00194
OG0001023	Praz	Prbg.g_00865	Praz.g_00455
OG0001023	Prba	Prbg.g_00865	Prba.g_01883
OG0001023	Praa	Prbg.g_00865	Praa.g_00095
OG0001023	Prbd	Prbg.g_00865	Prbd.g_01149
OG0001023	Pras	Prbg.g_00865	Pras.g_00946
OG0001023	Prau	Prbg.g_00865	Prau.g_00096
OG0001023	Prae	Prbg.g_00865	Prae.g_00095
OG0001023	Prbi	Prbg.g_00865	Prbi.g_00102
OG0001023	Prad	Prbg.g_00865	Prad.g_01898
OG0001023	Prao	Prbg.g_00865	Prao.g_00234
OG0001023	Prac	Prbg.g_00865	Prac.g_01836
OG0001023	Praq	Prbg.g_00865	Praq.g_01908
OG0001023	Prar	Prbg.g_00865	Prar.g_00233
OG0001023	Prbm	Prbg.g_00865	Prbm.g_00152
OG0001023	Prbc	Prbg.g_00865	Prbc.g_00478
OG0001023	Praj	Prbg.g_00865	Praj.g_00133
OG0001023	Prbb	Prbg.g_00865	Prbb.g_00150
OG0001023	Prat	Prbg.g_00865	Prat.g_00092
OG0001023	Prah	Prbg.g_00865	Prah.g_01883
OG0001023	Praf	Prbg.g_00865	Praf.g_00258
OG0001023	Prbj	Prbg.g_00865	Prbj.g_00606
OG0001023	Prbk	Prbg.g_00865	Prbk.g_00025
OG0001023	Prbl	Prbg.g_00865	Prbl.g_00566
OG0001023	Syae	Prbg.g_00865	Syae.g_01349
OG0001023	Syad	Prbg.g_00865	Syad.g_02787
OG0001023	Syaj	Prbg.g_00865	Syaj.g_01873
OG0001023	Syaf	Prbg.g_00865	Syaf.g_00917
OG0001023	Syam	Prbg.g_00865	Syam.g_02107
OG0001023	Syai	Prbg.g_00865	Syai.g_02529
OG0001023	Syaa	Prbg.g_00865	Syaa.g_02366
OG0001023	Syac	Prbg.g_00865	Syac.g_00409
OG0001023	Syah	Prbg.g_00865	Syah.g_02525
OG0001023	Syar	Prbg.g_00865	Syar.g_03103
OG0001023	Syas	Prbg.g_00865	Syas.g_02433
OG0001023	Syat	Prbg.g_00865	Syat.g_01556
OG0001023	Syan	Prbg.g_00865	Syan.g_02965
OG0001023	Syao	Prbg.g_00865	Syao.g_02671
OG0001023	Syag	Prbg.g_00865	Syag.g_01871
OG0001023	Syab	Prbg.g_00865	Syab.g_02486
OG0001023	Syal	Prbg.g_00865	Syal.g_00806
OG0001023	Syak	Prbg.g_00865	Syak.g_02204
OG0001023	Syaq	Prbg.g_00865	Syaq.g_01500
OG0001023	Pral	Prbg.g_00865	Pral.g_00952
OG0001023	Pram	Prbg.g_00865	Pram.g_00079
OG0001023	Prbh	Prbg.g_00865	Prbh.g_00688
OG0001023	Prak	Prbg.g_00865	Prak.g_00099
OG0001023	Prap	Prbg.g_00865	Prap.g_01083
OG0001023	Prbe	Prbg.g_00865	Prbe.g_01635
OG0001023	Prbf	Prbg.g_00865	Prbf.g_01421
OG0001023	Prbn	Prbg.g_00865	Prbn.g_01326
OG0001024	Prab	Prbg.g_00869	Prab.g_00089
OG0001024	Pran	Prbg.g_00869	Pran.g_00335
OG0001024	Prai	Prbg.g_00869	Prai.g_00098
OG0001024	Prao	Prbg.g_00869	Prao.g_00237
OG0001024	Prag	Prbg.g_00869	Prag.g_00091
OG0001024	Praw	Prbg.g_00869	Praw.g_01337
OG0001024	Pray	Prbg.g_00869	Pray.g_00191
OG0001024	Praz	Prbg.g_00869	Praz.g_00458
OG0001024	Prba	Prbg.g_00869	Prba.g_01886
OG0001024	Pras	Prbg.g_00869	Pras.g_00949
OG0001024	Prau	Prbg.g_00869	Prau.g_00099
OG0001024	Prbd	Prbg.g_00869	Prbd.g_01146
OG0001024	Prad	Prbg.g_00869	Prad.g_01895
OG0001024	Prbi	Prbg.g_00869	Prbi.g_00105
OG0001024	Prae	Prbg.g_00869	Prae.g_00098
OG0001024	Praa	Prbg.g_00869	Praa.g_00098
OG0001024	Prax	Prbg.g_00869	Prax.g_01120
OG0001024	Prac	Prbg.g_00869	Prac.g_01833
OG0001024	Praq	Prbg.g_00869	Praq.g_01905
OG0001024	Prar	Prbg.g_00869	Prar.g_00230
OG0001024	Prav	Prbg.g_00869	Prav.g_00163
OG0001024	Prbm	Prbg.g_00869	Prbm.g_00155
OG0001024	Prbb	Prbg.g_00869	Prbb.g_00153
OG0001024	Praj	Prbg.g_00869	Praj.g_00136
OG0001024	Prbc	Prbg.g_00869	Prbc.g_00475
OG0001024	Syad	Prbg.g_00869	Syad.g_02791
OG0001024	Syaj	Prbg.g_00869	Syaj.g_01877
OG0001024	Syaa	Prbg.g_00869	Syaa.g_02370
OG0001024	Syae	Prbg.g_00869	Syae.g_01353
OG0001024	Syac	Prbg.g_00869	Syac.g_00405
OG0001024	Syah	Prbg.g_00869	Syah.g_02529
OG0001024	Syaf	Prbg.g_00869	Syaf.g_00913
OG0001024	Syai	Prbg.g_00869	Syai.g_02533
OG0001024	Syam	Prbg.g_00869	Syam.g_02111
OG0001024	Syar	Prbg.g_00869	Syar.g_02276
OG0001024	Syat	Prbg.g_00869	Syat.g_01560
OG0001024	Syas	Prbg.g_00869	Syas.g_00135
OG0001024	Syan	Prbg.g_00869	Syan.g_00968
OG0001024	Syao	Prbg.g_00869	Syao.g_01018
OG0001024	Syag	Prbg.g_00869	Syag.g_01875
OG0001024	Syaq	Prbg.g_00869	Syaq.g_01496
OG0001024	Syak	Prbg.g_00869	Syak.g_02201
OG0001024	Syab	Prbg.g_00869	Syab.g_02490
OG0001024	Syal	Prbg.g_00869	Syal.g_00810
OG0001024	Praf	Prbg.g_00869	Praf.g_00254
OG0001024	Prbj	Prbg.g_00869	Prbj.g_00610
OG0001024	Prbk	Prbg.g_00869	Prbk.g_00021
OG0001024	Prbl	Prbg.g_00869	Prbl.g_00562
OG0001024	Prah	Prbg.g_00869	Prah.g_01887
OG0001024	Pral	Prbg.g_00869	Pral.g_00949
OG0001024	Prat	Prbg.g_00869	Prat.g_00095
OG0001024	Pram	Prbg.g_00869	Pram.g_00082
OG0001024	Prbh	Prbg.g_00869	Prbh.g_00685
OG0001024	Prak	Prbg.g_00869	Prak.g_00103
OG0001024	Prap	Prbg.g_00869	Prap.g_01079
OG0001024	Prbe	Prbg.g_00869	Prbe.g_01639
OG0001024	Prbf	Prbg.g_00869	Prbf.g_01425
OG0001024	Prbn	Prbg.g_00869	Prbn.g_01322
OG0001025	Prab	Prbg.g_00876	Prab.g_00095
OG0001025	Pran	Prbg.g_00876	Pran.g_00329
OG0001025	Prai	Prbg.g_00876	Prai.g_00104
OG0001025	Prao	Prbg.g_00876	Prao.g_00243
OG0001025	Prav	Prbg.g_00876	Prav.g_00169
OG0001025	Pray	Prbg.g_00876	Pray.g_00185
OG0001025	Praz	Prbg.g_00876	Praz.g_00464
OG0001025	Prba	Prbg.g_00876	Prba.g_01892
OG0001025	Prax	Prbg.g_00876	Prax.g_01114
OG0001025	Prbd	Prbg.g_00876	Prbd.g_01140
OG0001025	Prae	Prbg.g_00876	Prae.g_00104
OG0001025	Praa	Prbg.g_00876	Praa.g_00104
OG0001025	Pras	Prbg.g_00876	Pras.g_00955
OG0001025	Prau	Prbg.g_00876	Prau.g_00105
OG0001025	Prbi	Prbg.g_00876	Prbi.g_00111
OG0001025	Prad	Prbg.g_00876	Prad.g_01889
OG0001025	Prac	Prbg.g_00876	Prac.g_01827
OG0001025	Praq	Prbg.g_00876	Praq.g_01899
OG0001025	Prar	Prbg.g_00876	Prar.g_00224
OG0001025	Prag	Prbg.g_00876	Prag.g_00097
OG0001025	Praw	Prbg.g_00876	Praw.g_01331
OG0001025	Prbm	Prbg.g_00876	Prbm.g_00162
OG0001025	Prbb	Prbg.g_00876	Prbb.g_00160
OG0001025	Praj	Prbg.g_00876	Praj.g_00143
OG0001025	Prbc	Prbg.g_00876	Prbc.g_00468
OG0001025	Prah	Prbg.g_00876	Prah.g_01894
OG0001025	Praf	Prbg.g_00876	Praf.g_00247
OG0001025	Prbj	Prbg.g_00876	Prbj.g_00617
OG0001025	Prbk	Prbg.g_00876	Prbk.g_00014
OG0001025	Prbl	Prbg.g_00876	Prbl.g_00555
OG0001025	Syas	Prbg.g_00876	Syas.g_02424
OG0001025	Syan	Prbg.g_00876	Syan.g_02971
OG0001025	Syao	Prbg.g_00876	Syao.g_02597
OG0001025	Syar	Prbg.g_00876	Syar.g_03115
OG0001025	Syat	Prbg.g_00876	Syat.g_01566
OG0001025	Syac	Prbg.g_00876	Syac.g_00399
OG0001025	Syah	Prbg.g_00876	Syah.g_02534
OG0001025	Syam	Prbg.g_00876	Syam.g_02118
OG0001025	Syai	Prbg.g_00876	Syai.g_02540
OG0001025	Syaf	Prbg.g_00876	Syaf.g_00906
OG0001025	Syaa	Prbg.g_00876	Syaa.g_02377
OG0001025	Syad	Prbg.g_00876	Syad.g_02798
OG0001025	Syaj	Prbg.g_00876	Syaj.g_01884
OG0001025	Syae	Prbg.g_00876	Syae.g_01360
OG0001025	Syag	Prbg.g_00876	Syag.g_01882
OG0001025	Syak	Prbg.g_00876	Syak.g_02195
OG0001025	Syaq	Prbg.g_00876	Syaq.g_01490
OG0001025	Syab	Prbg.g_00876	Syab.g_02497
OG0001025	Syal	Prbg.g_00876	Syal.g_00817
OG0001025	Pral	Prbg.g_00876	Pral.g_00942
OG0001025	Prat	Prbg.g_00876	Prat.g_00102
OG0001025	Pram	Prbg.g_00876	Pram.g_00089
OG0001025	Prbh	Prbg.g_00876	Prbh.g_00678
OG0001025	Prak	Prbg.g_00876	Prak.g_00110
OG0001025	Prap	Prbg.g_00876	Prap.g_01072
OG0001025	Prbe	Prbg.g_00876	Prbe.g_01646
OG0001025	Prbf	Prbg.g_00876	Prbf.g_01432
OG0001025	Prbn	Prbg.g_00876	Prbn.g_01315
OG0001026	Prab	Prbg.g_00885	Prab.g_00102
OG0001026	Pran	Prbg.g_00885	Pran.g_00322
OG0001026	Prai	Prbg.g_00885	Prai.g_00111
OG0001026	Prav	Prbg.g_00885	Prav.g_00176
OG0001026	Prag	Prbg.g_00885	Prag.g_00104
OG0001026	Praw	Prbg.g_00885	Praw.g_01324
OG0001026	Prao	Prbg.g_00885	Prao.g_00249
OG0001026	Prad	Prbg.g_00885	Prad.g_01882
OG0001026	Prac	Prbg.g_00885	Prac.g_01820
OG0001026	Prar	Prbg.g_00885	Prar.g_00217
OG0001026	Praq	Prbg.g_00885	Praq.g_01892
OG0001026	Pray	Prbg.g_00885	Pray.g_00178
OG0001026	Praz	Prbg.g_00885	Praz.g_00471
OG0001026	Prba	Prbg.g_00885	Prba.g_01899
OG0001026	Praa	Prbg.g_00885	Praa.g_00111
OG0001026	Prbd	Prbg.g_00885	Prbd.g_01133
OG0001026	Prbi	Prbg.g_00885	Prbi.g_00118
OG0001026	Pras	Prbg.g_00885	Pras.g_00962
OG0001026	Prau	Prbg.g_00885	Prau.g_00112
OG0001026	Prax	Prbg.g_00885	Prax.g_01108
OG0001026	Prae	Prbg.g_00885	Prae.g_00110
OG0001026	Prbc	Prbg.g_00885	Prbc.g_00460
OG0001026	Praj	Prbg.g_00885	Praj.g_00151
OG0001026	Prbb	Prbg.g_00885	Prbb.g_00168
OG0001026	Prbm	Prbg.g_00885	Prbm.g_00170
OG0001026	Prbj	Prbg.g_00885	Prbj.g_00630
OG0001026	Prbk	Prbg.g_00885	Prbk.g_00001
OG0001026	Prbl	Prbg.g_00885	Prbl.g_00542
OG0001026	Praf	Prbg.g_00885	Praf.g_00230
OG0001026	Prah	Prbg.g_00885	Prah.g_01908
OG0001026	Syac	Prbg.g_00885	Syac.g_00386
OG0001026	Syah	Prbg.g_00885	Syah.g_02547
OG0001026	Syaf	Prbg.g_00885	Syaf.g_00893
OG0001026	Syai	Prbg.g_00885	Syai.g_02550
OG0001026	Syam	Prbg.g_00885	Syam.g_02130
OG0001026	Syaa	Prbg.g_00885	Syaa.g_02390
OG0001026	Syad	Prbg.g_00885	Syad.g_02811
OG0001026	Syaj	Prbg.g_00885	Syaj.g_01897
OG0001026	Syae	Prbg.g_00885	Syae.g_01373
OG0001026	Syas	Prbg.g_00885	Syas.g_02412
OG0001026	Syat	Prbg.g_00885	Syat.g_01582
OG0001026	Syan	Prbg.g_00885	Syan.g_02984
OG0001026	Syao	Prbg.g_00885	Syao.g_02594
OG0001026	Syar	Prbg.g_00885	Syar.g_03131
OG0001026	Syak	Prbg.g_00885	Syak.g_02182
OG0001026	Syag	Prbg.g_00885	Syag.g_01894
OG0001026	Syaq	Prbg.g_00885	Syaq.g_01477
OG0001026	Syab	Prbg.g_00885	Syab.g_02510
OG0001026	Syal	Prbg.g_00885	Syal.g_00830
OG0001026	Pral	Prbg.g_00885	Pral.g_00934
OG0001026	Prat	Prbg.g_00885	Prat.g_00110
OG0001026	Pram	Prbg.g_00885	Pram.g_00097
OG0001026	Prbh	Prbg.g_00885	Prbh.g_00670
OG0001026	Prak	Prbg.g_00885	Prak.g_00119
OG0001026	Prap	Prbg.g_00885	Prap.g_01063
OG0001026	Prbe	Prbg.g_00885	Prbe.g_01655
OG0001026	Prbf	Prbg.g_00885	Prbf.g_01441
OG0001026	Prbn	Prbg.g_00885	Prbn.g_01306
OG0001027	Prab	Prbg.g_00886	Prab.g_00103
OG0001027	Pran	Prbg.g_00886	Pran.g_00321
OG0001027	Prai	Prbg.g_00886	Prai.g_00112
OG0001027	Prao	Prbg.g_00886	Prao.g_00250
OG0001027	Prag	Prbg.g_00886	Prag.g_00105
OG0001027	Praw	Prbg.g_00886	Praw.g_01323
OG0001027	Prav	Prbg.g_00886	Prav.g_00177
OG0001027	Prad	Prbg.g_00886	Prad.g_01881
OG0001027	Prac	Prbg.g_00886	Prac.g_01819
OG0001027	Praq	Prbg.g_00886	Praq.g_01891
OG0001027	Prar	Prbg.g_00886	Prar.g_00216
OG0001027	Pras	Prbg.g_00886	Pras.g_00963
OG0001027	Prau	Prbg.g_00886	Prau.g_00113
OG0001027	Prax	Prbg.g_00886	Prax.g_01107
OG0001027	Praa	Prbg.g_00886	Praa.g_00112
OG0001027	Pray	Prbg.g_00886	Pray.g_00177
OG0001027	Praz	Prbg.g_00886	Praz.g_00472
OG0001027	Prba	Prbg.g_00886	Prba.g_01900
OG0001027	Prbd	Prbg.g_00886	Prbd.g_01132
OG0001027	Prae	Prbg.g_00886	Prae.g_00111
OG0001027	Prbi	Prbg.g_00886	Prbi.g_00119
OG0001027	Praj	Prbg.g_00886	Praj.g_00152
OG0001027	Prbm	Prbg.g_00886	Prbm.g_00171
OG0001027	Prbb	Prbg.g_00886	Prbb.g_00169
OG0001027	Prbc	Prbg.g_00886	Prbc.g_00459
OG0001027	Syad	Prbg.g_00886	Syad.g_02817
OG0001027	Syaj	Prbg.g_00886	Syaj.g_01903
OG0001027	Syae	Prbg.g_00886	Syae.g_01377
OG0001027	Syac	Prbg.g_00886	Syac.g_00380
OG0001027	Syah	Prbg.g_00886	Syah.g_00001
OG0001027	Syaa	Prbg.g_00886	Syaa.g_02397
OG0001027	Syaf	Prbg.g_00886	Syaf.g_00884
OG0001027	Syai	Prbg.g_00886	Syai.g_02555
OG0001027	Syam	Prbg.g_00886	Syam.g_02135
OG0001027	Prbj	Prbg.g_00886	Prbj.g_01550
OG0001027	Prbk	Prbg.g_00886	Prbk.g_00190
OG0001027	Prbl	Prbg.g_00886	Prbl.g_01332
OG0001027	Praf	Prbg.g_00886	Praf.g_00225
OG0001027	Prah	Prbg.g_00886	Prah.g_00195
OG0001027	Syag	Prbg.g_00886	Syag.g_01902
OG0001027	Syaq	Prbg.g_00886	Syaq.g_01474
OG0001027	Syan	Prbg.g_00886	Syan.g_02308
OG0001027	Syao	Prbg.g_00886	Syao.g_02564
OG0001027	Syar	Prbg.g_00886	Syar.g_00031
OG0001027	Syat	Prbg.g_00886	Syat.g_02947
OG0001027	Syas	Prbg.g_00886	Syas.g_02408
OG0001027	Syak	Prbg.g_00886	Syak.g_02178
OG0001027	Syab	Prbg.g_00886	Syab.g_02515
OG0001027	Syal	Prbg.g_00886	Syal.g_00834
OG0001027	Pral	Prbg.g_00886	Pral.g_00933
OG0001027	Prat	Prbg.g_00886	Prat.g_00111
OG0001027	Pram	Prbg.g_00886	Pram.g_00098
OG0001027	Prbh	Prbg.g_00886	Prbh.g_00669
OG0001027	Prak	Prbg.g_00886	Prak.g_00120
OG0001027	Prap	Prbg.g_00886	Prap.g_01062
OG0001027	Prbe	Prbg.g_00886	Prbe.g_01656
OG0001027	Prbf	Prbg.g_00886	Prbf.g_01442
OG0001027	Prbn	Prbg.g_00886	Prbn.g_01305
OG0001028	Prab	Prbg.g_00888	Prab.g_00105
OG0001028	Pran	Prbg.g_00888	Pran.g_00319
OG0001028	Prai	Prbg.g_00888	Prai.g_00114
OG0001028	Prac	Prbg.g_00888	Prac.g_01817
OG0001028	Praq	Prbg.g_00888	Praq.g_01889
OG0001028	Prar	Prbg.g_00888	Prar.g_00214
OG0001028	Praa	Prbg.g_00888	Praa.g_00114
OG0001028	Prbi	Prbg.g_00888	Prbi.g_00121
OG0001028	Prae	Prbg.g_00888	Prae.g_00113
OG0001028	Prax	Prbg.g_00888	Prax.g_01105
OG0001028	Pray	Prbg.g_00888	Pray.g_00175
OG0001028	Praz	Prbg.g_00888	Praz.g_00474
OG0001028	Prba	Prbg.g_00888	Prba.g_01902
OG0001028	Prbd	Prbg.g_00888	Prbd.g_01130
OG0001028	Pras	Prbg.g_00888	Pras.g_00965
OG0001028	Prau	Prbg.g_00888	Prau.g_00115
OG0001028	Prad	Prbg.g_00888	Prad.g_01879
OG0001028	Prag	Prbg.g_00888	Prag.g_00107
OG0001028	Praw	Prbg.g_00888	Praw.g_01321
OG0001028	Prav	Prbg.g_00888	Prav.g_00179
OG0001028	Prao	Prbg.g_00888	Prao.g_00252
OG0001028	Praj	Prbg.g_00888	Praj.g_00154
OG0001028	Prbc	Prbg.g_00888	Prbc.g_00457
OG0001028	Prbb	Prbg.g_00888	Prbb.g_00171
OG0001028	Prbm	Prbg.g_00888	Prbm.g_00173
OG0001028	Prbj	Prbg.g_00888	Prbj.g_01552
OG0001028	Prbk	Prbg.g_00888	Prbk.g_00192
OG0001028	Prbl	Prbg.g_00888	Prbl.g_01330
OG0001028	Praf	Prbg.g_00888	Praf.g_00223
OG0001028	Prah	Prbg.g_00888	Prah.g_00193
OG0001028	Syak	Prbg.g_00888	Syak.g_02176
OG0001028	Syab	Prbg.g_00888	Syab.g_02517
OG0001028	Syal	Prbg.g_00888	Syal.g_00836
OG0001028	Syag	Prbg.g_00888	Syag.g_01904
OG0001028	Syaq	Prbg.g_00888	Syaq.g_01472
OG0001028	Syar	Prbg.g_00888	Syar.g_00034
OG0001028	Syan	Prbg.g_00888	Syan.g_02305
OG0001028	Syao	Prbg.g_00888	Syao.g_02568
OG0001028	Syas	Prbg.g_00888	Syas.g_02405
OG0001028	Syat	Prbg.g_00888	Syat.g_02944
OG0001028	Syac	Prbg.g_00888	Syac.g_00378
OG0001028	Syah	Prbg.g_00888	Syah.g_00003
OG0001028	Syaf	Prbg.g_00888	Syaf.g_00882
OG0001028	Syai	Prbg.g_00888	Syai.g_02557
OG0001028	Syam	Prbg.g_00888	Syam.g_02137
OG0001028	Syaa	Prbg.g_00888	Syaa.g_02399
OG0001028	Syae	Prbg.g_00888	Syae.g_01379
OG0001028	Syad	Prbg.g_00888	Syad.g_02819
OG0001028	Syaj	Prbg.g_00888	Syaj.g_01905
OG0001028	Pral	Prbg.g_00888	Pral.g_00931
OG0001028	Prat	Prbg.g_00888	Prat.g_00113
OG0001028	Pram	Prbg.g_00888	Pram.g_00100
OG0001028	Prbh	Prbg.g_00888	Prbh.g_00667
OG0001028	Prak	Prbg.g_00888	Prak.g_00122
OG0001028	Prap	Prbg.g_00888	Prap.g_01060
OG0001028	Prbe	Prbg.g_00888	Prbe.g_01658
OG0001028	Prbf	Prbg.g_00888	Prbf.g_01444
OG0001028	Prbn	Prbg.g_00888	Prbn.g_01303
OG0001029	Prab	Prbg.g_00889	Prab.g_00106
OG0001029	Pran	Prbg.g_00889	Pran.g_00318
OG0001029	Prai	Prbg.g_00889	Prai.g_00115
OG0001029	Prav	Prbg.g_00889	Prav.g_00180
OG0001029	Prac	Prbg.g_00889	Prac.g_01816
OG0001029	Prar	Prbg.g_00889	Prar.g_00213
OG0001029	Praq	Prbg.g_00889	Praq.g_01888
OG0001029	Prag	Prbg.g_00889	Prag.g_00108
OG0001029	Praw	Prbg.g_00889	Praw.g_01320
OG0001029	Prao	Prbg.g_00889	Prao.g_00254
OG0001029	Prad	Prbg.g_00889	Prad.g_01878
OG0001029	Pras	Prbg.g_00889	Pras.g_00966
OG0001029	Prau	Prbg.g_00889	Prau.g_00116
OG0001029	Pray	Prbg.g_00889	Pray.g_00174
OG0001029	Praz	Prbg.g_00889	Praz.g_00475
OG0001029	Prba	Prbg.g_00889	Prba.g_01903
OG0001029	Praa	Prbg.g_00889	Praa.g_00115
OG0001029	Prae	Prbg.g_00889	Prae.g_00115
OG0001029	Prbd	Prbg.g_00889	Prbd.g_01128
OG0001029	Prax	Prbg.g_00889	Prax.g_01103
OG0001029	Prbi	Prbg.g_00889	Prbi.g_00123
OG0001029	Praj	Prbg.g_00889	Praj.g_00156
OG0001029	Prbc	Prbg.g_00889	Prbc.g_00455
OG0001029	Prbm	Prbg.g_00889	Prbm.g_00175
OG0001029	Prbb	Prbg.g_00889	Prbb.g_00173
OG0001029	Prbj	Prbg.g_00889	Prbj.g_01554
OG0001029	Prbk	Prbg.g_00889	Prbk.g_00194
OG0001029	Prbl	Prbg.g_00889	Prbl.g_01328
OG0001029	Praf	Prbg.g_00889	Praf.g_00221
OG0001029	Prah	Prbg.g_00889	Prah.g_00191
OG0001029	Syaa	Prbg.g_00889	Syaa.g_02401
OG0001029	Syac	Prbg.g_00889	Syac.g_00376
OG0001029	Syah	Prbg.g_00889	Syah.g_00005
OG0001029	Syaf	Prbg.g_00889	Syaf.g_00880
OG0001029	Syai	Prbg.g_00889	Syai.g_02559
OG0001029	Syam	Prbg.g_00889	Syam.g_02139
OG0001029	Syae	Prbg.g_00889	Syae.g_01381
OG0001029	Syad	Prbg.g_00889	Syad.g_02821
OG0001029	Syaj	Prbg.g_00889	Syaj.g_01907
OG0001029	Syag	Prbg.g_00889	Syag.g_01906
OG0001029	Syaq	Prbg.g_00889	Syaq.g_01470
OG0001029	Syar	Prbg.g_00889	Syar.g_00036
OG0001029	Syas	Prbg.g_00889	Syas.g_02403
OG0001029	Syat	Prbg.g_00889	Syat.g_02942
OG0001029	Syan	Prbg.g_00889	Syan.g_02303
OG0001029	Syao	Prbg.g_00889	Syao.g_02570
OG0001029	Syak	Prbg.g_00889	Syak.g_02174
OG0001029	Syab	Prbg.g_00889	Syab.g_02519
OG0001029	Syal	Prbg.g_00889	Syal.g_00838
OG0001029	Pral	Prbg.g_00889	Pral.g_00930
OG0001029	Prat	Prbg.g_00889	Prat.g_00114
OG0001029	Pram	Prbg.g_00889	Pram.g_00101
OG0001029	Prbh	Prbg.g_00889	Prbh.g_00666
OG0001029	Prak	Prbg.g_00889	Prak.g_00123
OG0001029	Prap	Prbg.g_00889	Prap.g_01059
OG0001029	Prbe	Prbg.g_00889	Prbe.g_01659
OG0001029	Prbf	Prbg.g_00889	Prbf.g_01445
OG0001029	Prbn	Prbg.g_00889	Prbn.g_01302
OG0001030	Prab	Prbg.g_00905	Prab.g_00120
OG0001030	Pran	Prbg.g_00905	Pran.g_00304
OG0001030	Prai	Prbg.g_00905	Prai.g_00130
OG0001030	Prag	Prbg.g_00905	Prag.g_00123
OG0001030	Praw	Prbg.g_00905	Praw.g_01305
OG0001030	Prav	Prbg.g_00905	Prav.g_00195
OG0001030	Prad	Prbg.g_00905	Prad.g_01863
OG0001030	Pray	Prbg.g_00905	Pray.g_00159
OG0001030	Praz	Prbg.g_00905	Praz.g_00490
OG0001030	Prba	Prbg.g_00905	Prba.g_01918
OG0001030	Prao	Prbg.g_00905	Prao.g_00269
OG0001030	Prae	Prbg.g_00905	Prae.g_00130
OG0001030	Pras	Prbg.g_00905	Pras.g_00981
OG0001030	Prau	Prbg.g_00905	Prau.g_00131
OG0001030	Prax	Prbg.g_00905	Prax.g_01088
OG0001030	Praa	Prbg.g_00905	Praa.g_00130
OG0001030	Prbd	Prbg.g_00905	Prbd.g_01113
OG0001030	Prbi	Prbg.g_00905	Prbi.g_00138
OG0001030	Prac	Prbg.g_00905	Prac.g_01801
OG0001030	Prar	Prbg.g_00905	Prar.g_00198
OG0001030	Praq	Prbg.g_00905	Praq.g_01873
OG0001030	Prbb	Prbg.g_00905	Prbb.g_00189
OG0001030	Prbc	Prbg.g_00905	Prbc.g_00439
OG0001030	Praj	Prbg.g_00905	Praj.g_00172
OG0001030	Prbm	Prbg.g_00905	Prbm.g_00191
OG0001030	Praf	Prbg.g_00905	Praf.g_02408
OG0001030	Prah	Prbg.g_00905	Prah.g_02257
OG0001030	Prbj	Prbg.g_00905	Prbj.g_01535
OG0001030	Prbk	Prbg.g_00905	Prbk.g_00547
OG0001030	Prbl	Prbg.g_00905	Prbl.g_00822
OG0001030	Syak	Prbg.g_00905	Syak.g_02153
OG0001030	Syab	Prbg.g_00905	Syab.g_02540
OG0001030	Syal	Prbg.g_00905	Syal.g_00860
OG0001030	Syan	Prbg.g_00905	Syan.g_02281
OG0001030	Syao	Prbg.g_00905	Syao.g_02545
OG0001030	Syar	Prbg.g_00905	Syar.g_00058
OG0001030	Syas	Prbg.g_00905	Syas.g_02384
OG0001030	Syat	Prbg.g_00905	Syat.g_02922
OG0001030	Syag	Prbg.g_00905	Syag.g_01927
OG0001030	Syaq	Prbg.g_00905	Syaq.g_01450
OG0001030	Syae	Prbg.g_00905	Syae.g_01403
OG0001030	Syad	Prbg.g_00905	Syad.g_02848
OG0001030	Syaj	Prbg.g_00905	Syaj.g_01933
OG0001030	Syaa	Prbg.g_00905	Syaa.g_02422
OG0001030	Syai	Prbg.g_00905	Syai.g_02580
OG0001030	Syaf	Prbg.g_00905	Syaf.g_00860
OG0001030	Syam	Prbg.g_00905	Syam.g_02163
OG0001030	Syac	Prbg.g_00905	Syac.g_00356
OG0001030	Syah	Prbg.g_00905	Syah.g_00025
OG0001030	Pral	Prbg.g_00905	Pral.g_00914
OG0001030	Prat	Prbg.g_00905	Prat.g_00130
OG0001030	Pram	Prbg.g_00905	Pram.g_00117
OG0001030	Prbh	Prbg.g_00905	Prbh.g_00650
OG0001030	Prak	Prbg.g_00905	Prak.g_00139
OG0001030	Prap	Prbg.g_00905	Prap.g_01043
OG0001030	Prbe	Prbg.g_00905	Prbe.g_01675
OG0001030	Prbf	Prbg.g_00905	Prbf.g_01461
OG0001030	Prbn	Prbg.g_00905	Prbn.g_01286
OG0001031	Prab	Prbg.g_00965	Prab.g_00177
OG0001031	Pran	Prbg.g_00965	Pran.g_00246
OG0001031	Prai	Prbg.g_00965	Prai.g_00197
OG0001031	Prao	Prbg.g_00965	Prao.g_00324
OG0001031	Prad	Prbg.g_00965	Prad.g_01805
OG0001031	Pras	Prbg.g_00965	Pras.g_01037
OG0001031	Prau	Prbg.g_00965	Prau.g_00187
OG0001031	Prax	Prbg.g_00965	Prax.g_01032
OG0001031	Prbd	Prbg.g_00965	Prbd.g_01054
OG0001031	Praa	Prbg.g_00965	Praa.g_00186
OG0001031	Prbi	Prbg.g_00965	Prbi.g_00210
OG0001031	Pray	Prbg.g_00965	Pray.g_00667
OG0001031	Praz	Prbg.g_00965	Praz.g_00546
OG0001031	Prba	Prbg.g_00965	Prba.g_00642
OG0001031	Prae	Prbg.g_00965	Prae.g_00189
OG0001031	Prac	Prbg.g_00965	Prac.g_01744
OG0001031	Praq	Prbg.g_00965	Praq.g_01816
OG0001031	Prar	Prbg.g_00965	Prar.g_00141
OG0001031	Prag	Prbg.g_00965	Prag.g_00179
OG0001031	Praw	Prbg.g_00965	Praw.g_01249
OG0001031	Prav	Prbg.g_00965	Prav.g_00852
OG0001031	Praj	Prbg.g_00965	Praj.g_00226
OG0001031	Prbb	Prbg.g_00965	Prbb.g_00243
OG0001031	Prbc	Prbg.g_00965	Prbc.g_00385
OG0001031	Prbm	Prbg.g_00965	Prbm.g_00246
OG0001031	Prbj	Prbg.g_00965	Prbj.g_01143
OG0001031	Prbk	Prbg.g_00965	Prbk.g_01275
OG0001031	Prbl	Prbg.g_00965	Prbl.g_00074
OG0001031	Praf	Prbg.g_00965	Praf.g_02497
OG0001031	Prah	Prbg.g_00965	Prah.g_02336
OG0001031	Syar	Prbg.g_00965	Syar.g_00129
OG0001031	Syat	Prbg.g_00965	Syat.g_02836
OG0001031	Syas	Prbg.g_00965	Syas.g_02293
OG0001031	Syan	Prbg.g_00965	Syan.g_03060
OG0001031	Syao	Prbg.g_00965	Syao.g_02528
OG0001031	Syaq	Prbg.g_00965	Syaq.g_01378
OG0001031	Syak	Prbg.g_00965	Syak.g_02079
OG0001031	Syag	Prbg.g_00965	Syag.g_02000
OG0001031	Syac	Prbg.g_00965	Syac.g_02266
OG0001031	Syab	Prbg.g_00965	Syab.g_02615
OG0001031	Syal	Prbg.g_00965	Syal.g_00936
OG0001031	Syaa	Prbg.g_00965	Syaa.g_02500
OG0001031	Syae	Prbg.g_00965	Syae.g_01475
OG0001031	Syai	Prbg.g_00965	Syai.g_02656
OG0001031	Syaf	Prbg.g_00965	Syaf.g_00784
OG0001031	Syam	Prbg.g_00965	Syam.g_02239
OG0001031	Syah	Prbg.g_00965	Syah.g_00611
OG0001031	Syad	Prbg.g_00965	Syad.g_02925
OG0001031	Syaj	Prbg.g_00965	Syaj.g_02012
OG0001031	Pral	Prbg.g_00965	Pral.g_00857
OG0001031	Prat	Prbg.g_00965	Prat.g_00188
OG0001031	Pram	Prbg.g_00965	Pram.g_00171
OG0001031	Prbh	Prbg.g_00965	Prbh.g_00596
OG0001031	Prak	Prbg.g_00965	Prak.g_00199
OG0001031	Prap	Prbg.g_00965	Prap.g_00983
OG0001031	Prbe	Prbg.g_00965	Prbe.g_01735
OG0001031	Prbf	Prbg.g_00965	Prbf.g_01521
OG0001031	Prbn	Prbg.g_00965	Prbn.g_00367
OG0001032	Prab	Prbg.g_00966	Prab.g_00178
OG0001032	Pran	Prbg.g_00966	Pran.g_00245
OG0001032	Prai	Prbg.g_00966	Prai.g_00198
OG0001032	Pras	Prbg.g_00966	Pras.g_01038
OG0001032	Prau	Prbg.g_00966	Prau.g_00188
OG0001032	Prag	Prbg.g_00966	Prag.g_00180
OG0001032	Praw	Prbg.g_00966	Praw.g_01248
OG0001032	Prae	Prbg.g_00966	Prae.g_00190
OG0001032	Praa	Prbg.g_00966	Praa.g_00187
OG0001032	Prbd	Prbg.g_00966	Prbd.g_01053
OG0001032	Prbi	Prbg.g_00966	Prbi.g_00211
OG0001032	Prav	Prbg.g_00966	Prav.g_00851
OG0001032	Prac	Prbg.g_00966	Prac.g_01743
OG0001032	Praq	Prbg.g_00966	Praq.g_01815
OG0001032	Prar	Prbg.g_00966	Prar.g_00140
OG0001032	Prao	Prbg.g_00966	Prao.g_00325
OG0001032	Prax	Prbg.g_00966	Prax.g_01031
OG0001032	Prad	Prbg.g_00966	Prad.g_01804
OG0001032	Pray	Prbg.g_00966	Pray.g_00668
OG0001032	Praz	Prbg.g_00966	Praz.g_00547
OG0001032	Prba	Prbg.g_00966	Prba.g_00643
OG0001032	Prah	Prbg.g_00966	Prah.g_02339
OG0001032	Praf	Prbg.g_00966	Praf.g_02500
OG0001032	Prbj	Prbg.g_00966	Prbj.g_01146
OG0001032	Prbk	Prbg.g_00966	Prbk.g_01272
OG0001032	Prbl	Prbg.g_00966	Prbl.g_00077
OG0001032	Syag	Prbg.g_00966	Syag.g_02005
OG0001032	Syaq	Prbg.g_00966	Syaq.g_01376
OG0001032	Syab	Prbg.g_00966	Syab.g_02617
OG0001032	Syal	Prbg.g_00966	Syal.g_00938
OG0001032	Syak	Prbg.g_00966	Syak.g_02077
OG0001032	Syai	Prbg.g_00966	Syai.g_02658
OG0001032	Syac	Prbg.g_00966	Syac.g_02268
OG0001032	Syah	Prbg.g_00966	Syah.g_00609
OG0001032	Syaa	Prbg.g_00966	Syaa.g_02502
OG0001032	Syad	Prbg.g_00966	Syad.g_02928
OG0001032	Syae	Prbg.g_00966	Syae.g_01479
OG0001032	Syaj	Prbg.g_00966	Syaj.g_02015
OG0001032	Syam	Prbg.g_00966	Syam.g_02241
OG0001032	Syaf	Prbg.g_00966	Syaf.g_00781
OG0001032	Syar	Prbg.g_00966	Syar.g_01011
OG0001032	Syan	Prbg.g_00966	Syan.g_03063
OG0001032	Syao	Prbg.g_00966	Syao.g_02530
OG0001032	Syas	Prbg.g_00966	Syas.g_02290
OG0001032	Syat	Prbg.g_00966	Syat.g_02834
OG0001032	Prbm	Prbg.g_00966	Prbm.g_00247
OG0001032	Praj	Prbg.g_00966	Praj.g_00227
OG0001032	Prbc	Prbg.g_00966	Prbc.g_00384
OG0001032	Prbb	Prbg.g_00966	Prbb.g_00244
OG0001032	Pral	Prbg.g_00966	Pral.g_00856
OG0001032	Prat	Prbg.g_00966	Prat.g_00189
OG0001032	Pram	Prbg.g_00966	Pram.g_00172
OG0001032	Prbh	Prbg.g_00966	Prbh.g_00595
OG0001032	Prak	Prbg.g_00966	Prak.g_00200
OG0001032	Prap	Prbg.g_00966	Prap.g_00982
OG0001032	Prbe	Prbg.g_00966	Prbe.g_01736
OG0001032	Prbf	Prbg.g_00966	Prbf.g_01522
OG0001032	Prbn	Prbg.g_00966	Prbn.g_00366
OG0001033	Prab	Prbg.g_00987	Prab.g_00199
OG0001033	Pran	Prbg.g_00987	Pran.g_00224
OG0001033	Prai	Prbg.g_00987	Prai.g_00219
OG0001033	Prac	Prbg.g_00987	Prac.g_01722
OG0001033	Praq	Prbg.g_00987	Praq.g_01794
OG0001033	Prar	Prbg.g_00987	Prar.g_00119
OG0001033	Prad	Prbg.g_00987	Prad.g_01783
OG0001033	Prav	Prbg.g_00987	Prav.g_00830
OG0001033	Prao	Prbg.g_00987	Prao.g_00346
OG0001033	Prag	Prbg.g_00987	Prag.g_00201
OG0001033	Praw	Prbg.g_00987	Praw.g_01227
OG0001033	Prbd	Prbg.g_00987	Prbd.g_01032
OG0001033	Praa	Prbg.g_00987	Praa.g_00208
OG0001033	Prae	Prbg.g_00987	Prae.g_00211
OG0001033	Prbi	Prbg.g_00987	Prbi.g_00232
OG0001033	Prax	Prbg.g_00987	Prax.g_01010
OG0001033	Pray	Prbg.g_00987	Pray.g_00689
OG0001033	Praz	Prbg.g_00987	Praz.g_00568
OG0001033	Prba	Prbg.g_00987	Prba.g_00664
OG0001033	Pras	Prbg.g_00987	Pras.g_01060
OG0001033	Prau	Prbg.g_00987	Prau.g_00209
OG0001033	Prbc	Prbg.g_00987	Prbc.g_00364
OG0001033	Prbm	Prbg.g_00987	Prbm.g_00267
OG0001033	Praj	Prbg.g_00987	Praj.g_00247
OG0001033	Prbb	Prbg.g_00987	Prbb.g_00264
OG0001033	Prah	Prbg.g_00987	Prah.g_02372
OG0001033	Praf	Prbg.g_00987	Praf.g_02533
OG0001033	Prbj	Prbg.g_00987	Prbj.g_00287
OG0001033	Prbk	Prbg.g_00987	Prbk.g_00633
OG0001033	Prbl	Prbg.g_00987	Prbl.g_01281
OG0001033	Syaa	Prbg.g_00987	Syaa.g_02539
OG0001033	Syae	Prbg.g_00987	Syae.g_01505
OG0001033	Syai	Prbg.g_00987	Syai.g_02685
OG0001033	Syam	Prbg.g_00987	Syam.g_02265
OG0001033	Syac	Prbg.g_00987	Syac.g_02298
OG0001033	Syah	Prbg.g_00987	Syah.g_00577
OG0001033	Syad	Prbg.g_00987	Syad.g_02956
OG0001033	Syaj	Prbg.g_00987	Syaj.g_02044
OG0001033	Syaq	Prbg.g_00987	Syaq.g_01344
OG0001033	Syas	Prbg.g_00987	Syas.g_02239
OG0001033	Syan	Prbg.g_00987	Syan.g_00970
OG0001033	Syao	Prbg.g_00987	Syao.g_01016
OG0001033	Syap	Prbg.g_00987	Syap.g_00105
OG0001033	Syar	Prbg.g_00987	Syar.g_00962
OG0001033	Syat	Prbg.g_00987	Syat.g_02784
OG0001033	Syak	Prbg.g_00987	Syak.g_02037
OG0001033	Syab	Prbg.g_00987	Syab.g_02675
OG0001033	Syal	Prbg.g_00987	Syal.g_00972
OG0001033	Syag	Prbg.g_00987	Syag.g_02048
OG0001033	Pral	Prbg.g_00987	Pral.g_00836
OG0001033	Prat	Prbg.g_00987	Prat.g_00210
OG0001033	Pram	Prbg.g_00987	Pram.g_00193
OG0001033	Prbh	Prbg.g_00987	Prbh.g_00574
OG0001033	Prak	Prbg.g_00987	Prak.g_00221
OG0001033	Prap	Prbg.g_00987	Prap.g_00961
OG0001033	Prbe	Prbg.g_00987	Prbe.g_01757
OG0001033	Prbf	Prbg.g_00987	Prbf.g_01543
OG0001033	Prbn	Prbg.g_00987	Prbn.g_00345
OG0001034	Prai	Prbg.g_01018	Prai.g_00247
OG0001034	Prab	Prbg.g_01018	Prab.g_00227
OG0001034	Pran	Prbg.g_01018	Pran.g_00196
OG0001034	Prav	Prbg.g_01018	Prav.g_00802
OG0001034	Prac	Prbg.g_01018	Prac.g_01694
OG0001034	Praq	Prbg.g_01018	Praq.g_01766
OG0001034	Prar	Prbg.g_01018	Prar.g_00091
OG0001034	Prag	Prbg.g_01018	Prag.g_00229
OG0001034	Praw	Prbg.g_01018	Praw.g_01199
OG0001034	Pras	Prbg.g_01018	Pras.g_01088
OG0001034	Prau	Prbg.g_01018	Prau.g_00237
OG0001034	Prae	Prbg.g_01018	Prae.g_00239
OG0001034	Prax	Prbg.g_01018	Prax.g_00982
OG0001034	Prbi	Prbg.g_01018	Prbi.g_00260
OG0001034	Prbd	Prbg.g_01018	Prbd.g_01003
OG0001034	Pray	Prbg.g_01018	Pray.g_00717
OG0001034	Praz	Prbg.g_01018	Praz.g_00596
OG0001034	Prba	Prbg.g_01018	Prba.g_00455
OG0001034	Praa	Prbg.g_01018	Praa.g_00236
OG0001034	Prad	Prbg.g_01018	Prad.g_01755
OG0001034	Prao	Prbg.g_01018	Prao.g_00374
OG0001034	Prbc	Prbg.g_01018	Prbc.g_00334
OG0001034	Praj	Prbg.g_01018	Praj.g_00276
OG0001034	Prbb	Prbg.g_01018	Prbb.g_00293
OG0001034	Prbm	Prbg.g_01018	Prbm.g_00296
OG0001034	Syar	Prbg.g_01018	Syar.g_03022
OG0001034	Syan	Prbg.g_01018	Syan.g_02425
OG0001034	Syao	Prbg.g_01018	Syao.g_01704
OG0001034	Syas	Prbg.g_01018	Syas.g_02556
OG0001034	Syat	Prbg.g_01018	Syat.g_01448
OG0001034	Prbj	Prbg.g_01018	Prbj.g_02608
OG0001034	Prbk	Prbg.g_01018	Prbk.g_01521
OG0001034	Prbl	Prbg.g_01018	Prbl.g_00199
OG0001034	Praf	Prbg.g_01018	Praf.g_00385
OG0001034	Prah	Prbg.g_01018	Prah.g_01779
OG0001034	Syag	Prbg.g_01018	Syag.g_01784
OG0001034	Syaq	Prbg.g_01018	Syaq.g_01579
OG0001034	Syak	Prbg.g_01018	Syak.g_02305
OG0001034	Syab	Prbg.g_01018	Syab.g_02370
OG0001034	Syal	Prbg.g_01018	Syal.g_00684
OG0001034	Syad	Prbg.g_01018	Syad.g_00819
OG0001034	Syaj	Prbg.g_01018	Syaj.g_02875
OG0001034	Syac	Prbg.g_01018	Syac.g_01968
OG0001034	Syah	Prbg.g_01018	Syah.g_00908
OG0001034	Syae	Prbg.g_01018	Syae.g_02238
OG0001034	Syaf	Prbg.g_01018	Syaf.g_02787
OG0001034	Syai	Prbg.g_01018	Syai.g_00537
OG0001034	Syam	Prbg.g_01018	Syam.g_00508
OG0001034	Syaa	Prbg.g_01018	Syaa.g_02108
OG0001034	Pral	Prbg.g_01018	Pral.g_00804
OG0001034	Prat	Prbg.g_01018	Prat.g_00241
OG0001034	Pram	Prbg.g_01018	Pram.g_00223
OG0001034	Prbh	Prbg.g_01018	Prbh.g_00544
OG0001034	Prak	Prbg.g_01018	Prak.g_00252
OG0001034	Prap	Prbg.g_01018	Prap.g_01476
OG0001034	Prbe	Prbg.g_01018	Prbe.g_01788
OG0001034	Prbf	Prbg.g_01018	Prbf.g_01574
OG0001034	Prbn	Prbg.g_01018	Prbn.g_00314
OG0001035	Prab	Prbg.g_01038	Prab.g_00244
OG0001035	Pran	Prbg.g_01038	Pran.g_01938
OG0001035	Prai	Prbg.g_01038	Prai.g_00267
OG0001035	Pras	Prbg.g_01038	Pras.g_01106
OG0001035	Prau	Prbg.g_01038	Prau.g_00256
OG0001035	Prav	Prbg.g_01038	Prav.g_01901
OG0001035	Prag	Prbg.g_01038	Prag.g_00246
OG0001035	Praw	Prbg.g_01038	Praw.g_00879
OG0001035	Prad	Prbg.g_01038	Prad.g_01737
OG0001035	Prac	Prbg.g_01038	Prac.g_01677
OG0001035	Praq	Prbg.g_01038	Praq.g_01749
OG0001035	Prar	Prbg.g_01038	Prar.g_00333
OG0001035	Prax	Prbg.g_01038	Prax.g_00921
OG0001035	Pray	Prbg.g_01038	Pray.g_00735
OG0001035	Praz	Prbg.g_01038	Praz.g_00614
OG0001035	Prba	Prbg.g_01038	Prba.g_00473
OG0001035	Prae	Prbg.g_01038	Prae.g_00257
OG0001035	Prao	Prbg.g_01038	Prao.g_00392
OG0001035	Prbd	Prbg.g_01038	Prbd.g_00985
OG0001035	Praa	Prbg.g_01038	Praa.g_00254
OG0001035	Prbi	Prbg.g_01038	Prbi.g_00278
OG0001035	Prbb	Prbg.g_01038	Prbb.g_00310
OG0001035	Prbc	Prbg.g_01038	Prbc.g_01150
OG0001035	Praj	Prbg.g_01038	Praj.g_00293
OG0001035	Prbm	Prbg.g_01038	Prbm.g_00313
OG0001035	Prbj	Prbg.g_01038	Prbj.g_01360
OG0001035	Prbk	Prbg.g_01038	Prbk.g_00372
OG0001035	Prbl	Prbg.g_01038	Prbl.g_01498
OG0001035	Praf	Prbg.g_01038	Praf.g_02243
OG0001035	Prah	Prbg.g_01038	Prah.g_02099
OG0001035	Syan	Prbg.g_01038	Syan.g_02062
OG0001035	Syao	Prbg.g_01038	Syao.g_02101
OG0001035	Syar	Prbg.g_01038	Syar.g_00171
OG0001035	Syas	Prbg.g_01038	Syas.g_01704
OG0001035	Syap	Prbg.g_01038	Syap.g_01594
OG0001035	Syat	Prbg.g_01038	Syat.g_01885
OG0001035	Syab	Prbg.g_01038	Syab.g_00335
OG0001035	Syal	Prbg.g_01038	Syal.g_01226
OG0001035	Syag	Prbg.g_01038	Syag.g_02635
OG0001035	Syaq	Prbg.g_01038	Syaq.g_00726
OG0001035	Syad	Prbg.g_01038	Syad.g_00559
OG0001035	Syaj	Prbg.g_01038	Syaj.g_02603
OG0001035	Syah	Prbg.g_01038	Syah.g_00660
OG0001035	Syak	Prbg.g_01038	Syak.g_01422
OG0001035	Syae	Prbg.g_01038	Syae.g_02006
OG0001035	Syaa	Prbg.g_01038	Syaa.g_00298
OG0001035	Syam	Prbg.g_01038	Syam.g_00265
OG0001035	Syaf	Prbg.g_01038	Syaf.g_00207
OG0001035	Syai	Prbg.g_01038	Syai.g_00295
OG0001035	Pral	Prbg.g_01038	Pral.g_00784
OG0001035	Prat	Prbg.g_01038	Prat.g_00261
OG0001035	Pram	Prbg.g_01038	Pram.g_00243
OG0001035	Prbh	Prbg.g_01038	Prbh.g_00524
OG0001035	Prak	Prbg.g_01038	Prak.g_00272
OG0001035	Prap	Prbg.g_01038	Prap.g_01456
OG0001035	Prbe	Prbg.g_01038	Prbe.g_01808
OG0001035	Prbf	Prbg.g_01038	Prbf.g_01594
OG0001035	Prbn	Prbg.g_01038	Prbn.g_00021
OG0001036	Prao	Prbg.g_01042	Prao.g_00397
OG0001036	Prab	Prbg.g_01042	Prab.g_00248
OG0001036	Pran	Prbg.g_01042	Pran.g_01934
OG0001036	Prai	Prbg.g_01042	Prai.g_00272
OG0001036	Pray	Prbg.g_01042	Pray.g_00739
OG0001036	Praz	Prbg.g_01042	Praz.g_00618
OG0001036	Prba	Prbg.g_01042	Prba.g_00477
OG0001036	Prac	Prbg.g_01042	Prac.g_01672
OG0001036	Praq	Prbg.g_01042	Praq.g_01744
OG0001036	Prar	Prbg.g_01042	Prar.g_00328
OG0001036	Prad	Prbg.g_01042	Prad.g_01732
OG0001036	Prbi	Prbg.g_01042	Prbi.g_00283
OG0001036	Prax	Prbg.g_01042	Prax.g_00916
OG0001036	Prae	Prbg.g_01042	Prae.g_00262
OG0001036	Prbd	Prbg.g_01042	Prbd.g_00980
OG0001036	Praa	Prbg.g_01042	Praa.g_00259
OG0001036	Pras	Prbg.g_01042	Pras.g_01111
OG0001036	Prau	Prbg.g_01042	Prau.g_00261
OG0001036	Prag	Prbg.g_01042	Prag.g_00250
OG0001036	Praw	Prbg.g_01042	Praw.g_00875
OG0001036	Prav	Prbg.g_01042	Prav.g_01906
OG0001036	Prbm	Prbg.g_01042	Prbm.g_00318
OG0001036	Prbc	Prbg.g_01042	Prbc.g_01154
OG0001036	Prbb	Prbg.g_01042	Prbb.g_00314
OG0001036	Praj	Prbg.g_01042	Praj.g_00297
OG0001036	Pral	Prbg.g_01042	Pral.g_00780
OG0001036	Prat	Prbg.g_01042	Prat.g_00266
OG0001036	Syae	Prbg.g_01042	Syae.g_02001
OG0001036	Syaa	Prbg.g_01042	Syaa.g_00293
OG0001036	Syac	Prbg.g_01042	Syac.g_02221
OG0001036	Syah	Prbg.g_01042	Syah.g_00655
OG0001036	Syaf	Prbg.g_01042	Syaf.g_00212
OG0001036	Syai	Prbg.g_01042	Syai.g_00290
OG0001036	Syam	Prbg.g_01042	Syam.g_00261
OG0001036	Syad	Prbg.g_01042	Syad.g_00554
OG0001036	Syaj	Prbg.g_01042	Syaj.g_02599
OG0001036	Prah	Prbg.g_01042	Prah.g_02103
OG0001036	Praf	Prbg.g_01042	Praf.g_02247
OG0001036	Prbj	Prbg.g_01042	Prbj.g_01364
OG0001036	Prbk	Prbg.g_01042	Prbk.g_00376
OG0001036	Prbl	Prbg.g_01042	Prbl.g_01494
OG0001036	Syar	Prbg.g_01042	Syar.g_00193
OG0001036	Syan	Prbg.g_01042	Syan.g_02056
OG0001036	Syao	Prbg.g_01042	Syao.g_02096
OG0001036	Syas	Prbg.g_01042	Syas.g_01709
OG0001036	Syat	Prbg.g_01042	Syat.g_01939
OG0001036	Syak	Prbg.g_01042	Syak.g_01427
OG0001036	Syab	Prbg.g_01042	Syab.g_00327
OG0001036	Syal	Prbg.g_01042	Syal.g_01231
OG0001036	Syag	Prbg.g_01042	Syag.g_02630
OG0001036	Syaq	Prbg.g_01042	Syaq.g_00731
OG0001036	Pram	Prbg.g_01042	Pram.g_00247
OG0001036	Prbh	Prbg.g_01042	Prbh.g_00520
OG0001036	Prak	Prbg.g_01042	Prak.g_00276
OG0001036	Prap	Prbg.g_01042	Prap.g_01452
OG0001036	Prbe	Prbg.g_01042	Prbe.g_01812
OG0001036	Prbf	Prbg.g_01042	Prbf.g_01598
OG0001036	Prbn	Prbg.g_01042	Prbn.g_00025
OG0001037	Prao	Prbg.g_01043	Prao.g_00398
OG0001037	Prab	Prbg.g_01043	Prab.g_00249
OG0001037	Pran	Prbg.g_01043	Pran.g_01933
OG0001037	Prai	Prbg.g_01043	Prai.g_00273
OG0001037	Prad	Prbg.g_01043	Prad.g_01731
OG0001037	Pras	Prbg.g_01043	Pras.g_01112
OG0001037	Prau	Prbg.g_01043	Prau.g_00262
OG0001037	Prbi	Prbg.g_01043	Prbi.g_00284
OG0001037	Praa	Prbg.g_01043	Praa.g_00260
OG0001037	Prae	Prbg.g_01043	Prae.g_00263
OG0001037	Prax	Prbg.g_01043	Prax.g_00915
OG0001037	Prbd	Prbg.g_01043	Prbd.g_00979
OG0001037	Pray	Prbg.g_01043	Pray.g_00740
OG0001037	Praz	Prbg.g_01043	Praz.g_00619
OG0001037	Prba	Prbg.g_01043	Prba.g_00478
OG0001037	Prag	Prbg.g_01043	Prag.g_00251
OG0001037	Praw	Prbg.g_01043	Praw.g_00874
OG0001037	Prav	Prbg.g_01043	Prav.g_01907
OG0001037	Prac	Prbg.g_01043	Prac.g_01671
OG0001037	Praq	Prbg.g_01043	Praq.g_01743
OG0001037	Prar	Prbg.g_01043	Prar.g_00327
OG0001037	Prbm	Prbg.g_01043	Prbm.g_00319
OG0001037	Prbb	Prbg.g_01043	Prbb.g_00315
OG0001037	Praj	Prbg.g_01043	Praj.g_00298
OG0001037	Prbc	Prbg.g_01043	Prbc.g_01155
OG0001037	Prah	Prbg.g_01043	Prah.g_02105
OG0001037	Praf	Prbg.g_01043	Praf.g_02249
OG0001037	Prbj	Prbg.g_01043	Prbj.g_01366
OG0001037	Prbk	Prbg.g_01043	Prbk.g_00378
OG0001037	Prbl	Prbg.g_01043	Prbl.g_01492
OG0001037	Syan	Prbg.g_01043	Syan.g_02054
OG0001037	Syao	Prbg.g_01043	Syao.g_02094
OG0001037	Syar	Prbg.g_01043	Syar.g_00195
OG0001037	Syas	Prbg.g_01043	Syas.g_01711
OG0001037	Syat	Prbg.g_01043	Syat.g_01941
OG0001037	Syaa	Prbg.g_01043	Syaa.g_00291
OG0001037	Syae	Prbg.g_01043	Syae.g_01999
OG0001037	Syaf	Prbg.g_01043	Syaf.g_00214
OG0001037	Syai	Prbg.g_01043	Syai.g_00288
OG0001037	Syam	Prbg.g_01043	Syam.g_00259
OG0001037	Syac	Prbg.g_01043	Syac.g_02223
OG0001037	Syah	Prbg.g_01043	Syah.g_00653
OG0001037	Syad	Prbg.g_01043	Syad.g_00552
OG0001037	Syaj	Prbg.g_01043	Syaj.g_02597
OG0001037	Syak	Prbg.g_01043	Syak.g_01429
OG0001037	Syab	Prbg.g_01043	Syab.g_00325
OG0001037	Syal	Prbg.g_01043	Syal.g_01233
OG0001037	Syag	Prbg.g_01043	Syag.g_02628
OG0001037	Syaq	Prbg.g_01043	Syaq.g_00733
OG0001037	Pral	Prbg.g_01043	Pral.g_00779
OG0001037	Prat	Prbg.g_01043	Prat.g_00267
OG0001037	Pram	Prbg.g_01043	Pram.g_00248
OG0001037	Prbh	Prbg.g_01043	Prbh.g_00519
OG0001037	Prak	Prbg.g_01043	Prak.g_00277
OG0001037	Prap	Prbg.g_01043	Prap.g_01451
OG0001037	Prbe	Prbg.g_01043	Prbe.g_01813
OG0001037	Prbf	Prbg.g_01043	Prbf.g_01599
OG0001037	Prbn	Prbg.g_01043	Prbn.g_00026
OG0001038	Prab	Prbg.g_00057	Prab.g_00266
OG0001038	Pran	Prbg.g_00057	Pran.g_01916
OG0001038	Prai	Prbg.g_00057	Prai.g_00291
OG0001038	Prae	Prbg.g_00057	Prae.g_00279
OG0001038	Prac	Prbg.g_00057	Prac.g_01653
OG0001038	Praq	Prbg.g_00057	Praq.g_01725
OG0001038	Prar	Prbg.g_00057	Prar.g_00309
OG0001038	Prag	Prbg.g_00057	Prag.g_00269
OG0001038	Praw	Prbg.g_00057	Praw.g_00856
OG0001038	Prav	Prbg.g_00057	Prav.g_01924
OG0001038	Pras	Prbg.g_00057	Pras.g_01130
OG0001038	Prau	Prbg.g_00057	Prau.g_00280
OG0001038	Prax	Prbg.g_00057	Prax.g_00897
OG0001038	Prbi	Prbg.g_00057	Prbi.g_00302
OG0001038	Prao	Prbg.g_00057	Prao.g_00415
OG0001038	Prad	Prbg.g_00057	Prad.g_01713
OG0001038	Pray	Prbg.g_00057	Pray.g_00757
OG0001038	Praz	Prbg.g_00057	Praz.g_00636
OG0001038	Prba	Prbg.g_00057	Prba.g_00495
OG0001038	Praa	Prbg.g_00057	Praa.g_00278
OG0001038	Prbd	Prbg.g_00057	Prbd.g_00961
OG0001038	Praj	Prbg.g_00057	Praj.g_00314
OG0001038	Prbm	Prbg.g_00057	Prbm.g_00335
OG0001038	Prbb	Prbg.g_00057	Prbb.g_00331
OG0001038	Prbc	Prbg.g_00057	Prbc.g_01171
OG0001038	Syas	Prbg.g_00057	Syas.g_01751
OG0001038	Syan	Prbg.g_00057	Syan.g_02025
OG0001038	Syao	Prbg.g_00057	Syao.g_02065
OG0001038	Syap	Prbg.g_00057	Syap.g_01362
OG0001038	Syar	Prbg.g_00057	Syar.g_00223
OG0001038	Syat	Prbg.g_00057	Syat.g_02058
OG0001038	Praf	Prbg.g_00057	Praf.g_02277
OG0001038	Prah	Prbg.g_00057	Prah.g_02132
OG0001038	Prbj	Prbg.g_00057	Prbj.g_01403
OG0001038	Prbk	Prbg.g_00057	Prbk.g_00415
OG0001038	Prbl	Prbg.g_00057	Prbl.g_01455
OG0001038	Syab	Prbg.g_00057	Syab.g_00297
OG0001038	Syal	Prbg.g_00057	Syal.g_01261
OG0001038	Syac	Prbg.g_00057	Syac.g_02251
OG0001038	Syah	Prbg.g_00057	Syah.g_00626
OG0001038	Syai	Prbg.g_00057	Syai.g_00261
OG0001038	Syaf	Prbg.g_00057	Syaf.g_00242
OG0001038	Syam	Prbg.g_00057	Syam.g_00232
OG0001038	Syae	Prbg.g_00057	Syae.g_01971
OG0001038	Syaa	Prbg.g_00057	Syaa.g_00264
OG0001038	Syaj	Prbg.g_00057	Syaj.g_02567
OG0001038	Syaq	Prbg.g_00057	Syaq.g_00761
OG0001038	Syag	Prbg.g_00057	Syag.g_02600
OG0001038	Syak	Prbg.g_00057	Syak.g_01457
OG0001038	Pral	Prbg.g_00057	Pral.g_00761
OG0001038	Prat	Prbg.g_00057	Prat.g_00285
OG0001038	Pram	Prbg.g_00057	Pram.g_00266
OG0001038	Prbh	Prbg.g_00057	Prbh.g_00501
OG0001038	Prak	Prbg.g_00057	Prak.g_00296
OG0001038	Prap	Prbg.g_00057	Prap.g_01432
OG0001038	Prbe	Prbg.g_00057	Prbe.g_01832
OG0001038	Prbf	Prbg.g_00057	Prbf.g_01618
OG0001038	Prbn	Prbg.g_00057	Prbn.g_00045
OG0001039	Pras	Prbg.g_00060	Pras.g_01133
OG0001039	Prau	Prbg.g_00060	Prau.g_00283
OG0001039	Prag	Prbg.g_00060	Prag.g_00272
OG0001039	Praw	Prbg.g_00060	Praw.g_00853
OG0001039	Prav	Prbg.g_00060	Prav.g_01927
OG0001039	Prac	Prbg.g_00060	Prac.g_01650
OG0001039	Praq	Prbg.g_00060	Praq.g_01722
OG0001039	Prar	Prbg.g_00060	Prar.g_00306
OG0001039	Prax	Prbg.g_00060	Prax.g_00894
OG0001039	Prad	Prbg.g_00060	Prad.g_01710
OG0001039	Prbi	Prbg.g_00060	Prbi.g_00305
OG0001039	Prae	Prbg.g_00060	Prae.g_00282
OG0001039	Prbd	Prbg.g_00060	Prbd.g_00958
OG0001039	Praa	Prbg.g_00060	Praa.g_00281
OG0001039	Pray	Prbg.g_00060	Pray.g_00760
OG0001039	Praz	Prbg.g_00060	Praz.g_00639
OG0001039	Prba	Prbg.g_00060	Prba.g_00498
OG0001039	Prao	Prbg.g_00060	Prao.g_00418
OG0001039	Prab	Prbg.g_00060	Prab.g_00269
OG0001039	Pran	Prbg.g_00060	Pran.g_01913
OG0001039	Prai	Prbg.g_00060	Prai.g_00294
OG0001039	Pral	Prbg.g_00060	Pral.g_00758
OG0001039	Prbm	Prbg.g_00060	Prbm.g_00337
OG0001039	Praj	Prbg.g_00060	Praj.g_00316
OG0001039	Prbc	Prbg.g_00060	Prbc.g_01173
OG0001039	Praf	Prbg.g_00060	Praf.g_02280
OG0001039	Prah	Prbg.g_00060	Prah.g_02135
OG0001039	Prbj	Prbg.g_00060	Prbj.g_01406
OG0001039	Prbk	Prbg.g_00060	Prbk.g_00418
OG0001039	Prbl	Prbg.g_00060	Prbl.g_01452
OG0001039	Syak	Prbg.g_00060	Syak.g_01460
OG0001039	Syab	Prbg.g_00060	Syab.g_00294
OG0001039	Syal	Prbg.g_00060	Syal.g_01264
OG0001039	Syag	Prbg.g_00060	Syag.g_02597
OG0001039	Syaq	Prbg.g_00060	Syaq.g_00764
OG0001039	Syac	Prbg.g_00060	Syac.g_02254
OG0001039	Syah	Prbg.g_00060	Syah.g_00623
OG0001039	Syaf	Prbg.g_00060	Syaf.g_00245
OG0001039	Syai	Prbg.g_00060	Syai.g_00258
OG0001039	Syam	Prbg.g_00060	Syam.g_00229
OG0001039	Syad	Prbg.g_00060	Syad.g_00522
OG0001039	Syaj	Prbg.g_00060	Syaj.g_02564
OG0001039	Syae	Prbg.g_00060	Syae.g_01968
OG0001039	Syaa	Prbg.g_00060	Syaa.g_00261
OG0001039	Syat	Prbg.g_00060	Syat.g_02061
OG0001039	Syar	Prbg.g_00060	Syar.g_00226
OG0001039	Syan	Prbg.g_00060	Syan.g_02022
OG0001039	Syao	Prbg.g_00060	Syao.g_02062
OG0001039	Syas	Prbg.g_00060	Syas.g_01754
OG0001039	Syap	Prbg.g_00060	Syap.g_01359
OG0001039	Prat	Prbg.g_00060	Prat.g_00288
OG0001039	Pram	Prbg.g_00060	Pram.g_00269
OG0001039	Prbh	Prbg.g_00060	Prbh.g_00498
OG0001039	Prak	Prbg.g_00060	Prak.g_00299
OG0001039	Prap	Prbg.g_00060	Prap.g_01429
OG0001039	Prbe	Prbg.g_00060	Prbe.g_01835
OG0001039	Prbf	Prbg.g_00060	Prbf.g_01621
OG0001039	Prbn	Prbg.g_00060	Prbn.g_00048
OG0001040	Prai	Prbg.g_00062	Prai.g_00296
OG0001040	Prab	Prbg.g_00062	Prab.g_00271
OG0001040	Pran	Prbg.g_00062	Pran.g_01911
OG0001040	Prac	Prbg.g_00062	Prac.g_01648
OG0001040	Prar	Prbg.g_00062	Prar.g_00304
OG0001040	Praq	Prbg.g_00062	Praq.g_01719
OG0001040	Pray	Prbg.g_00062	Pray.g_00762
OG0001040	Praz	Prbg.g_00062	Praz.g_00641
OG0001040	Prba	Prbg.g_00062	Prba.g_00500
OG0001040	Praa	Prbg.g_00062	Praa.g_00283
OG0001040	Prbd	Prbg.g_00062	Prbd.g_00956
OG0001040	Prag	Prbg.g_00062	Prag.g_00274
OG0001040	Praw	Prbg.g_00062	Praw.g_00851
OG0001040	Prav	Prbg.g_00062	Prav.g_01929
OG0001040	Prbi	Prbg.g_00062	Prbi.g_00307
OG0001040	Prax	Prbg.g_00062	Prax.g_00892
OG0001040	Prae	Prbg.g_00062	Prae.g_00284
OG0001040	Prad	Prbg.g_00062	Prad.g_01708
OG0001040	Pras	Prbg.g_00062	Pras.g_01135
OG0001040	Prau	Prbg.g_00062	Prau.g_00285
OG0001040	Prao	Prbg.g_00062	Prao.g_00420
OG0001040	Prbm	Prbg.g_00062	Prbm.g_00340
OG0001040	Praj	Prbg.g_00062	Praj.g_00319
OG0001040	Prbb	Prbg.g_00062	Prbb.g_00335
OG0001040	Prbc	Prbg.g_00062	Prbc.g_01176
OG0001040	Pral	Prbg.g_00062	Pral.g_00755
OG0001040	Prat	Prbg.g_00062	Prat.g_00291
OG0001040	Prah	Prbg.g_00062	Prah.g_02138
OG0001040	Praf	Prbg.g_00062	Praf.g_02283
OG0001040	Prbj	Prbg.g_00062	Prbj.g_01409
OG0001040	Prbk	Prbg.g_00062	Prbk.g_00421
OG0001040	Prbl	Prbg.g_00062	Prbl.g_01449
OG0001040	Syab	Prbg.g_00062	Syab.g_00291
OG0001040	Syal	Prbg.g_00062	Syal.g_01267
OG0001040	Syaq	Prbg.g_00062	Syaq.g_00767
OG0001040	Syan	Prbg.g_00062	Syan.g_02019
OG0001040	Syao	Prbg.g_00062	Syao.g_02059
OG0001040	Syar	Prbg.g_00062	Syar.g_00229
OG0001040	Syap	Prbg.g_00062	Syap.g_01356
OG0001040	Syat	Prbg.g_00062	Syat.g_02064
OG0001040	Syag	Prbg.g_00062	Syag.g_02594
OG0001040	Syak	Prbg.g_00062	Syak.g_01463
OG0001040	Syae	Prbg.g_00062	Syae.g_01965
OG0001040	Syad	Prbg.g_00062	Syad.g_00519
OG0001040	Syaj	Prbg.g_00062	Syaj.g_02561
OG0001040	Syac	Prbg.g_00062	Syac.g_00292
OG0001040	Syah	Prbg.g_00062	Syah.g_00090
OG0001040	Syaa	Prbg.g_00062	Syaa.g_00258
OG0001040	Syaf	Prbg.g_00062	Syaf.g_00248
OG0001040	Syai	Prbg.g_00062	Syai.g_00255
OG0001040	Syam	Prbg.g_00062	Syam.g_00226
OG0001040	Pram	Prbg.g_00062	Pram.g_00271
OG0001040	Prbh	Prbg.g_00062	Prbh.g_00496
OG0001040	Prak	Prbg.g_00062	Prak.g_00301
OG0001040	Prap	Prbg.g_00062	Prap.g_01427
OG0001040	Prbe	Prbg.g_00062	Prbe.g_01837
OG0001040	Prbf	Prbg.g_00062	Prbf.g_01623
OG0001040	Prbn	Prbg.g_00062	Prbn.g_00050
OG0001041	Prai	Prbg.g_00067	Prai.g_00300
OG0001041	Prab	Prbg.g_00067	Prab.g_00275
OG0001041	Pran	Prbg.g_00067	Pran.g_01907
OG0001041	Prac	Prbg.g_00067	Prac.g_01644
OG0001041	Praq	Prbg.g_00067	Praq.g_01715
OG0001041	Prar	Prbg.g_00067	Prar.g_00300
OG0001041	Prag	Prbg.g_00067	Prag.g_00278
OG0001041	Praw	Prbg.g_00067	Praw.g_00847
OG0001041	Pras	Prbg.g_00067	Pras.g_01139
OG0001041	Prau	Prbg.g_00067	Prau.g_00289
OG0001041	Prbi	Prbg.g_00067	Prbi.g_00311
OG0001041	Prax	Prbg.g_00067	Prax.g_00888
OG0001041	Prbd	Prbg.g_00067	Prbd.g_00952
OG0001041	Praa	Prbg.g_00067	Praa.g_00287
OG0001041	Prad	Prbg.g_00067	Prad.g_01704
OG0001041	Pray	Prbg.g_00067	Pray.g_00766
OG0001041	Praz	Prbg.g_00067	Praz.g_00645
OG0001041	Prba	Prbg.g_00067	Prba.g_00504
OG0001041	Prae	Prbg.g_00067	Prae.g_00288
OG0001041	Prao	Prbg.g_00067	Prao.g_00424
OG0001041	Prav	Prbg.g_00067	Prav.g_01933
OG0001041	Pral	Prbg.g_00067	Pral.g_00751
OG0001041	Prat	Prbg.g_00067	Prat.g_00295
OG0001041	Prbm	Prbg.g_00067	Prbm.g_00344
OG0001041	Prbc	Prbg.g_00067	Prbc.g_01180
OG0001041	Praj	Prbg.g_00067	Praj.g_00323
OG0001041	Prbb	Prbg.g_00067	Prbb.g_00339
OG0001041	Syan	Prbg.g_00067	Syan.g_02015
OG0001041	Syao	Prbg.g_00067	Syao.g_02055
OG0001041	Syap	Prbg.g_00067	Syap.g_01352
OG0001041	Syas	Prbg.g_00067	Syas.g_01761
OG0001041	Syar	Prbg.g_00067	Syar.g_00234
OG0001041	Syat	Prbg.g_00067	Syat.g_02070
OG0001041	Prbj	Prbg.g_00067	Prbj.g_01414
OG0001041	Prbk	Prbg.g_00067	Prbk.g_00426
OG0001041	Prbl	Prbg.g_00067	Prbl.g_01444
OG0001041	Praf	Prbg.g_00067	Praf.g_02288
OG0001041	Prah	Prbg.g_00067	Prah.g_02143
OG0001041	Syag	Prbg.g_00067	Syag.g_02589
OG0001041	Syae	Prbg.g_00067	Syae.g_01960
OG0001041	Syad	Prbg.g_00067	Syad.g_00514
OG0001041	Syaj	Prbg.g_00067	Syaj.g_02556
OG0001041	Syaa	Prbg.g_00067	Syaa.g_00253
OG0001041	Syac	Prbg.g_00067	Syac.g_00287
OG0001041	Syam	Prbg.g_00067	Syam.g_00221
OG0001041	Syaf	Prbg.g_00067	Syaf.g_00253
OG0001041	Syai	Prbg.g_00067	Syai.g_00250
OG0001041	Syaq	Prbg.g_00067	Syaq.g_00772
OG0001041	Syak	Prbg.g_00067	Syak.g_01468
OG0001041	Syab	Prbg.g_00067	Syab.g_00286
OG0001041	Syal	Prbg.g_00067	Syal.g_01272
OG0001041	Pram	Prbg.g_00067	Pram.g_00276
OG0001041	Prbh	Prbg.g_00067	Prbh.g_00491
OG0001041	Prak	Prbg.g_00067	Prak.g_00306
OG0001041	Prap	Prbg.g_00067	Prap.g_01422
OG0001041	Prbe	Prbg.g_00067	Prbe.g_01842
OG0001041	Prbf	Prbg.g_00067	Prbf.g_01628
OG0001041	Prbn	Prbg.g_00067	Prbn.g_00055
OG0001042	Prai	Prbg.g_00084	Prai.g_00317
OG0001042	Prac	Prbg.g_00084	Prac.g_01627
OG0001042	Praq	Prbg.g_00084	Praq.g_01698
OG0001042	Prar	Prbg.g_00084	Prar.g_00283
OG0001042	Prag	Prbg.g_00084	Prag.g_00295
OG0001042	Praw	Prbg.g_00084	Praw.g_00830
OG0001042	Pras	Prbg.g_00084	Pras.g_01156
OG0001042	Prad	Prbg.g_00084	Prad.g_01687
OG0001042	Prau	Prbg.g_00084	Prau.g_00306
OG0001042	Prae	Prbg.g_00084	Prae.g_00305
OG0001042	Praa	Prbg.g_00084	Praa.g_00304
OG0001042	Prao	Prbg.g_00084	Prao.g_00441
OG0001042	Prax	Prbg.g_00084	Prax.g_00871
OG0001042	Prbd	Prbg.g_00084	Prbd.g_00935
OG0001042	Prab	Prbg.g_00084	Prab.g_00292
OG0001042	Pran	Prbg.g_00084	Pran.g_01890
OG0001042	Prbi	Prbg.g_00084	Prbi.g_00328
OG0001042	Prav	Prbg.g_00084	Prav.g_01950
OG0001042	Pray	Prbg.g_00084	Pray.g_00782
OG0001042	Praz	Prbg.g_00084	Praz.g_00661
OG0001042	Prba	Prbg.g_00084	Prba.g_00520
OG0001042	Prbj	Prbg.g_00084	Prbj.g_01439
OG0001042	Prbk	Prbg.g_00084	Prbk.g_00451
OG0001042	Prbl	Prbg.g_00084	Prbl.g_01419
OG0001042	Praf	Prbg.g_00084	Praf.g_02316
OG0001042	Prah	Prbg.g_00084	Prah.g_02168
OG0001042	Syan	Prbg.g_00084	Syan.g_01992
OG0001042	Syao	Prbg.g_00084	Syao.g_02032
OG0001042	Syar	Prbg.g_00084	Syar.g_00831
OG0001042	Syas	Prbg.g_00084	Syas.g_01821
OG0001042	Syat	Prbg.g_00084	Syat.g_02100
OG0001042	Syak	Prbg.g_00084	Syak.g_01500
OG0001042	Syaq	Prbg.g_00084	Syaq.g_00858
OG0001042	Syag	Prbg.g_00084	Syag.g_02564
OG0001042	Syaj	Prbg.g_00084	Syaj.g_02527
OG0001042	Syad	Prbg.g_00084	Syad.g_00485
OG0001042	Syae	Prbg.g_00084	Syae.g_01935
OG0001042	Syac	Prbg.g_00084	Syac.g_00258
OG0001042	Syah	Prbg.g_00084	Syah.g_00122
OG0001042	Syaf	Prbg.g_00084	Syaf.g_00275
OG0001042	Syaa	Prbg.g_00084	Syaa.g_00227
OG0001042	Syai	Prbg.g_00084	Syai.g_00225
OG0001042	Syam	Prbg.g_00084	Syam.g_00196
OG0001042	Syab	Prbg.g_00084	Syab.g_00254
OG0001042	Syal	Prbg.g_00084	Syal.g_01300
OG0001042	Praj	Prbg.g_00084	Praj.g_00339
OG0001042	Prbb	Prbg.g_00084	Prbb.g_00355
OG0001042	Prbc	Prbg.g_00084	Prbc.g_01196
OG0001042	Prbm	Prbg.g_00084	Prbm.g_00360
OG0001042	Prat	Prbg.g_00084	Prat.g_00312
OG0001042	Pral	Prbg.g_00084	Pral.g_00734
OG0001042	Pram	Prbg.g_00084	Pram.g_00293
OG0001042	Prbh	Prbg.g_00084	Prbh.g_00474
OG0001042	Prak	Prbg.g_00084	Prak.g_00323
OG0001042	Prap	Prbg.g_00084	Prap.g_01405
OG0001042	Prbe	Prbg.g_00084	Prbe.g_01859
OG0001042	Prbf	Prbg.g_00084	Prbf.g_01645
OG0001042	Prbn	Prbg.g_00084	Prbn.g_00072
OG0001043	Prai	Prbg.g_00085	Prai.g_00318
OG0001043	Prac	Prbg.g_00085	Prac.g_01626
OG0001043	Praq	Prbg.g_00085	Praq.g_01697
OG0001043	Prar	Prbg.g_00085	Prar.g_00282
OG0001043	Prao	Prbg.g_00085	Prao.g_00442
OG0001043	Prag	Prbg.g_00085	Prag.g_00296
OG0001043	Praw	Prbg.g_00085	Praw.g_00829
OG0001043	Pras	Prbg.g_00085	Pras.g_01157
OG0001043	Prau	Prbg.g_00085	Prau.g_00307
OG0001043	Prav	Prbg.g_00085	Prav.g_01951
OG0001043	Prab	Prbg.g_00085	Prab.g_00293
OG0001043	Pran	Prbg.g_00085	Pran.g_01889
OG0001043	Prad	Prbg.g_00085	Prad.g_01686
OG0001043	Prax	Prbg.g_00085	Prax.g_00870
OG0001043	Prbi	Prbg.g_00085	Prbi.g_00329
OG0001043	Praa	Prbg.g_00085	Praa.g_00305
OG0001043	Prbd	Prbg.g_00085	Prbd.g_00934
OG0001043	Prae	Prbg.g_00085	Prae.g_00306
OG0001043	Pray	Prbg.g_00085	Pray.g_00783
OG0001043	Praz	Prbg.g_00085	Praz.g_00662
OG0001043	Prba	Prbg.g_00085	Prba.g_00521
OG0001043	Praj	Prbg.g_00085	Praj.g_00340
OG0001043	Prbc	Prbg.g_00085	Prbc.g_01197
OG0001043	Prbb	Prbg.g_00085	Prbb.g_00356
OG0001043	Prbm	Prbg.g_00085	Prbm.g_00361
OG0001043	Prah	Prbg.g_00085	Prah.g_02170
OG0001043	Praf	Prbg.g_00085	Praf.g_02318
OG0001043	Prbj	Prbg.g_00085	Prbj.g_01441
OG0001043	Prbk	Prbg.g_00085	Prbk.g_00453
OG0001043	Prbl	Prbg.g_00085	Prbl.g_01417
OG0001043	Syag	Prbg.g_00085	Syag.g_02560
OG0001043	Syab	Prbg.g_00085	Syab.g_00250
OG0001043	Syal	Prbg.g_00085	Syal.g_01304
OG0001043	Syak	Prbg.g_00085	Syak.g_01504
OG0001043	Syaa	Prbg.g_00085	Syaa.g_00223
OG0001043	Syac	Prbg.g_00085	Syac.g_00254
OG0001043	Syah	Prbg.g_00085	Syah.g_00126
OG0001043	Syaf	Prbg.g_00085	Syaf.g_00279
OG0001043	Syai	Prbg.g_00085	Syai.g_00221
OG0001043	Syam	Prbg.g_00085	Syam.g_00192
OG0001043	Syae	Prbg.g_00085	Syae.g_01931
OG0001043	Syad	Prbg.g_00085	Syad.g_00481
OG0001043	Syaj	Prbg.g_00085	Syaj.g_02523
OG0001043	Syar	Prbg.g_00085	Syar.g_00826
OG0001043	Syan	Prbg.g_00085	Syan.g_01988
OG0001043	Syao	Prbg.g_00085	Syao.g_02028
OG0001043	Syat	Prbg.g_00085	Syat.g_02103
OG0001043	Syap	Prbg.g_00085	Syap.g_01676
OG0001043	Syas	Prbg.g_00085	Syas.g_01817
OG0001043	Pral	Prbg.g_00085	Pral.g_00733
OG0001043	Prat	Prbg.g_00085	Prat.g_00313
OG0001043	Pram	Prbg.g_00085	Pram.g_00294
OG0001043	Prbh	Prbg.g_00085	Prbh.g_00473
OG0001043	Prak	Prbg.g_00085	Prak.g_00324
OG0001043	Prap	Prbg.g_00085	Prap.g_01404
OG0001043	Prbe	Prbg.g_00085	Prbe.g_01860
OG0001043	Prbf	Prbg.g_00085	Prbf.g_01646
OG0001043	Prbn	Prbg.g_00085	Prbn.g_00073
OG0001044	Prab	Prbg.g_00116	Prab.g_00321
OG0001044	Pran	Prbg.g_00116	Pran.g_01861
OG0001044	Prac	Prbg.g_00116	Prac.g_01201
OG0001044	Praq	Prbg.g_00116	Praq.g_01212
OG0001044	Prar	Prbg.g_00116	Prar.g_00393
OG0001044	Prag	Prbg.g_00116	Prag.g_00328
OG0001044	Praw	Prbg.g_00116	Praw.g_00797
OG0001044	Praa	Prbg.g_00116	Praa.g_00333
OG0001044	Prax	Prbg.g_00116	Prax.g_00840
OG0001044	Pray	Prbg.g_00116	Pray.g_00811
OG0001044	Prba	Prbg.g_00116	Prba.g_00549
OG0001044	Praz	Prbg.g_00116	Praz.g_00690
OG0001044	Prbd	Prbg.g_00116	Prbd.g_00906
OG0001044	Pras	Prbg.g_00116	Pras.g_01186
OG0001044	Prau	Prbg.g_00116	Prau.g_00335
OG0001044	Prbi	Prbg.g_00116	Prbi.g_00357
OG0001044	Prae	Prbg.g_00116	Prae.g_00334
OG0001044	Prav	Prbg.g_00116	Prav.g_01979
OG0001044	Prao	Prbg.g_00116	Prao.g_00469
OG0001044	Prad	Prbg.g_00116	Prad.g_01658
OG0001044	Pral	Prbg.g_00116	Pral.g_00699
OG0001044	Prat	Prbg.g_00116	Prat.g_00347
OG0001044	Prbm	Prbg.g_00116	Prbm.g_00399
OG0001044	Prbc	Prbg.g_00116	Prbc.g_01245
OG0001044	Praj	Prbg.g_00116	Praj.g_00379
OG0001044	Prbb	Prbg.g_00116	Prbb.g_00393
OG0001044	Prbj	Prbg.g_00116	Prbj.g_00342
OG0001044	Prbk	Prbg.g_00116	Prbk.g_00870
OG0001044	Prbl	Prbg.g_00116	Prbl.g_01200
OG0001044	Praf	Prbg.g_00116	Praf.g_02055
OG0001044	Prah	Prbg.g_00116	Prah.g_01941
OG0001044	Syab	Prbg.g_00116	Syab.g_00522
OG0001044	Syal	Prbg.g_00116	Syal.g_00346
OG0001044	Syak	Prbg.g_00116	Syak.g_01247
OG0001044	Syag	Prbg.g_00116	Syag.g_02842
OG0001044	Syaq	Prbg.g_00116	Syaq.g_00560
OG0001044	Syan	Prbg.g_00116	Syan.g_02145
OG0001044	Syao	Prbg.g_00116	Syao.g_01878
OG0001044	Syap	Prbg.g_00116	Syap.g_00571
OG0001044	Syas	Prbg.g_00116	Syas.g_01542
OG0001044	Syat	Prbg.g_00116	Syat.g_01615
OG0001044	Syar	Prbg.g_00116	Syar.g_01117
OG0001044	Syaf	Prbg.g_00116	Syaf.g_00024
OG0001044	Syai	Prbg.g_00116	Syai.g_00485
OG0001044	Syam	Prbg.g_00116	Syam.g_00456
OG0001044	Syaa	Prbg.g_00116	Syaa.g_02183
OG0001044	Syae	Prbg.g_00116	Syae.g_02191
OG0001044	Syac	Prbg.g_00116	Syac.g_02021
OG0001044	Syah	Prbg.g_00116	Syah.g_00857
OG0001044	Syad	Prbg.g_00116	Syad.g_00760
OG0001044	Syaj	Prbg.g_00116	Syaj.g_02804
OG0001044	Pram	Prbg.g_00116	Pram.g_00327
OG0001044	Prbh	Prbg.g_00116	Prbh.g_00440
OG0001044	Prak	Prbg.g_00116	Prak.g_00355
OG0001044	Prap	Prbg.g_00116	Prap.g_01373
OG0001044	Prbe	Prbg.g_00116	Prbe.g_01891
OG0001044	Prbf	Prbg.g_00116	Prbf.g_01677
OG0001044	Prbn	Prbg.g_00116	Prbn.g_00104
OG0001045	Prab	Prbg.g_00125	Prab.g_00329
OG0001045	Pran	Prbg.g_00125	Pran.g_01853
OG0001045	Prai	Prbg.g_00125	Prai.g_00355
OG0001045	Prad	Prbg.g_00125	Prad.g_01649
OG0001045	Praa	Prbg.g_00125	Praa.g_00341
OG0001045	Prax	Prbg.g_00125	Prax.g_00831
OG0001045	Pras	Prbg.g_00125	Pras.g_01195
OG0001045	Prau	Prbg.g_00125	Prau.g_00344
OG0001045	Prae	Prbg.g_00125	Prae.g_00342
OG0001045	Prbd	Prbg.g_00125	Prbd.g_00897
OG0001045	Prbi	Prbg.g_00125	Prbi.g_00366
OG0001045	Prag	Prbg.g_00125	Prag.g_00337
OG0001045	Praw	Prbg.g_00125	Praw.g_00789
OG0001045	Pray	Prbg.g_00125	Pray.g_00820
OG0001045	Praz	Prbg.g_00125	Praz.g_00344
OG0001045	Prba	Prbg.g_00125	Prba.g_00558
OG0001045	Prac	Prbg.g_00125	Prac.g_01192
OG0001045	Praq	Prbg.g_00125	Praq.g_01203
OG0001045	Prar	Prbg.g_00125	Prar.g_00402
OG0001045	Prav	Prbg.g_00125	Prav.g_01988
OG0001045	Prao	Prbg.g_00125	Prao.g_00477
OG0001045	Prbc	Prbg.g_00125	Prbc.g_01254
OG0001045	Prbm	Prbg.g_00125	Prbm.g_00408
OG0001045	Praj	Prbg.g_00125	Praj.g_00388
OG0001045	Prbb	Prbg.g_00125	Prbb.g_00402
OG0001045	Prbj	Prbg.g_00125	Prbj.g_00330
OG0001045	Prbk	Prbg.g_00125	Prbk.g_00882
OG0001045	Prbl	Prbg.g_00125	Prbl.g_01211
OG0001045	Praf	Prbg.g_00125	Praf.g_02044
OG0001045	Prah	Prbg.g_00125	Prah.g_01929
OG0001045	Syak	Prbg.g_00125	Syak.g_01234
OG0001045	Syag	Prbg.g_00125	Syag.g_02856
OG0001045	Syaq	Prbg.g_00125	Syaq.g_00547
OG0001045	Syab	Prbg.g_00125	Syab.g_00534
OG0001045	Syal	Prbg.g_00125	Syal.g_00359
OG0001045	Syas	Prbg.g_00125	Syas.g_01529
OG0001045	Syat	Prbg.g_00125	Syat.g_01602
OG0001045	Syan	Prbg.g_00125	Syan.g_02132
OG0001045	Syao	Prbg.g_00125	Syao.g_01865
OG0001045	Syar	Prbg.g_00125	Syar.g_01130
OG0001045	Syad	Prbg.g_00125	Syad.g_00773
OG0001045	Syaj	Prbg.g_00125	Syaj.g_02817
OG0001045	Syac	Prbg.g_00125	Syac.g_02008
OG0001045	Syah	Prbg.g_00125	Syah.g_00870
OG0001045	Syaf	Prbg.g_00125	Syaf.g_00011
OG0001045	Syai	Prbg.g_00125	Syai.g_00498
OG0001045	Syam	Prbg.g_00125	Syam.g_00469
OG0001045	Syae	Prbg.g_00125	Syae.g_02204
OG0001045	Syaa	Prbg.g_00125	Syaa.g_02170
OG0001045	Pral	Prbg.g_00125	Pral.g_00690
OG0001045	Prat	Prbg.g_00125	Prat.g_00356
OG0001045	Pram	Prbg.g_00125	Pram.g_00337
OG0001045	Prbh	Prbg.g_00125	Prbh.g_00430
OG0001045	Prak	Prbg.g_00125	Prak.g_00364
OG0001045	Prap	Prbg.g_00125	Prap.g_01364
OG0001045	Prbe	Prbg.g_00125	Prbe.g_01900
OG0001045	Prbf	Prbg.g_00125	Prbf.g_01686
OG0001045	Prbn	Prbg.g_00125	Prbn.g_00113
OG0001046	Prai	Prbg.g_01602	Prai.g_00390
OG0001046	Prab	Prbg.g_01602	Prab.g_00367
OG0001046	Pran	Prbg.g_01602	Pran.g_01816
OG0001046	Prac	Prbg.g_01602	Prac.g_01154
OG0001046	Praq	Prbg.g_01602	Praq.g_01164
OG0001046	Prar	Prbg.g_01602	Prar.g_00440
OG0001046	Prag	Prbg.g_01602	Prag.g_00372
OG0001046	Praw	Prbg.g_01602	Praw.g_00754
OG0001046	Prad	Prbg.g_01602	Prad.g_00730
OG0001046	Prbi	Prbg.g_01602	Prbi.g_00403
OG0001046	Prav	Prbg.g_01602	Prav.g_00996
OG0001046	Prao	Prbg.g_01602	Prao.g_00513
OG0001046	Prax	Prbg.g_01602	Prax.g_00795
OG0001046	Pray	Prbg.g_01602	Pray.g_00857
OG0001046	Praz	Prbg.g_01602	Praz.g_00795
OG0001046	Prba	Prbg.g_01602	Prba.g_00873
OG0001046	Praa	Prbg.g_01602	Praa.g_00378
OG0001046	Pras	Prbg.g_01602	Pras.g_01232
OG0001046	Prau	Prbg.g_01602	Prau.g_00382
OG0001046	Prae	Prbg.g_01602	Prae.g_00379
OG0001046	Prbd	Prbg.g_01602	Prbd.g_00859
OG0001046	Prat	Prbg.g_01602	Prat.g_01469
OG0001046	Syab	Prbg.g_01602	Syab.g_01352
OG0001046	Syal	Prbg.g_01602	Syal.g_01967
OG0001046	Syaq	Prbg.g_01602	Syaq.g_02509
OG0001046	Syak	Prbg.g_01602	Syak.g_00479
OG0001046	Syas	Prbg.g_01602	Syas.g_00532
OG0001046	Syat	Prbg.g_01602	Syat.g_00552
OG0001046	Syar	Prbg.g_01602	Syar.g_02514
OG0001046	Syan	Prbg.g_01602	Syan.g_00591
OG0001046	Syao	Prbg.g_01602	Syao.g_00827
OG0001046	Syam	Prbg.g_01602	Syam.g_01151
OG0001046	Syaa	Prbg.g_01602	Syaa.g_01332
OG0001046	Syai	Prbg.g_01602	Syai.g_01471
OG0001046	Syaf	Prbg.g_01602	Syaf.g_01894
OG0001046	Syac	Prbg.g_01602	Syac.g_01207
OG0001046	Syah	Prbg.g_01602	Syah.g_01647
OG0001046	Syae	Prbg.g_01602	Syae.g_00385
OG0001046	Syad	Prbg.g_01602	Syad.g_01722
OG0001046	Syaj	Prbg.g_01602	Syaj.g_00851
OG0001046	Syag	Prbg.g_01602	Syag.g_00836
OG0001046	Praj	Prbg.g_01602	Praj.g_01081
OG0001046	Prbb	Prbg.g_01602	Prbb.g_01124
OG0001046	Prbc	Prbg.g_01602	Prbc.g_02168
OG0001046	Prbm	Prbg.g_01602	Prbm.g_01121
OG0001046	Prbj	Prbg.g_01602	Prbj.g_00874
OG0001046	Prbk	Prbg.g_01602	Prbk.g_00924
OG0001046	Prbl	Prbg.g_01602	Prbl.g_00410
OG0001046	Praf	Prbg.g_01602	Praf.g_00495
OG0001046	Prah	Prbg.g_01602	Prah.g_01661
OG0001046	Pral	Prbg.g_01602	Pral.g_01039
OG0001046	Pram	Prbg.g_01602	Pram.g_01537
OG0001046	Prbh	Prbg.g_01602	Prbh.g_01877
OG0001046	Prak	Prbg.g_01602	Prak.g_01597
OG0001046	Prap	Prbg.g_01602	Prap.g_01827
OG0001046	Prbe	Prbg.g_01602	Prbe.g_01033
OG0001046	Prbf	Prbg.g_01602	Prbf.g_00741
OG0001046	Prbn	Prbg.g_01602	Prbn.g_01697
OG0001047	Prai	Prbg.g_00159	Prai.g_00470
OG0001047	Prab	Prbg.g_00159	Prab.g_00442
OG0001047	Pran	Prbg.g_00159	Pran.g_01741
OG0001047	Prav	Prbg.g_00159	Prav.g_01038
OG0001047	Prag	Prbg.g_00159	Prag.g_00418
OG0001047	Praw	Prbg.g_00159	Praw.g_00708
OG0001047	Prac	Prbg.g_00159	Prac.g_01108
OG0001047	Praq	Prbg.g_00159	Praq.g_01118
OG0001047	Prar	Prbg.g_00159	Prar.g_00487
OG0001047	Prao	Prbg.g_00159	Prao.g_00543
OG0001047	Pray	Prbg.g_00159	Pray.g_00929
OG0001047	Praz	Prbg.g_00159	Praz.g_01889
OG0001047	Prba	Prbg.g_00159	Prba.g_01022
OG0001047	Prad	Prbg.g_00159	Prad.g_00068
OG0001047	Pras	Prbg.g_00159	Pras.g_01317
OG0001047	Prau	Prbg.g_00159	Prau.g_00480
OG0001047	Praa	Prbg.g_00159	Praa.g_00438
OG0001047	Prbd	Prbg.g_00159	Prbd.g_00803
OG0001047	Prbi	Prbg.g_00159	Prbi.g_00440
OG0001047	Prae	Prbg.g_00159	Prae.g_00413
OG0001047	Prax	Prbg.g_00159	Prax.g_00761
OG0001047	Prbm	Prbg.g_00159	Prbm.g_00449
OG0001047	Prbc	Prbg.g_00159	Prbc.g_01500
OG0001047	Praj	Prbg.g_00159	Praj.g_00433
OG0001047	Prbb	Prbg.g_00159	Prbb.g_00444
OG0001047	Syan	Prbg.g_00159	Syan.g_02399
OG0001047	Syao	Prbg.g_00159	Syao.g_01739
OG0001047	Syas	Prbg.g_00159	Syas.g_01494
OG0001047	Syar	Prbg.g_00159	Syar.g_01180
OG0001047	Syat	Prbg.g_00159	Syat.g_02973
OG0001047	Syag	Prbg.g_00159	Syag.g_00036
OG0001047	Syaq	Prbg.g_00159	Syaq.g_00498
OG0001047	Syab	Prbg.g_00159	Syab.g_00586
OG0001047	Syal	Prbg.g_00159	Syal.g_00522
OG0001047	Syak	Prbg.g_00159	Syak.g_01188
OG0001047	Syaa	Prbg.g_00159	Syaa.g_00706
OG0001047	Syae	Prbg.g_00159	Syae.g_00991
OG0001047	Syad	Prbg.g_00159	Syad.g_02447
OG0001047	Syaj	Prbg.g_00159	Syaj.g_01552
OG0001047	Syac	Prbg.g_00159	Syac.g_00695
OG0001047	Syah	Prbg.g_00159	Syah.g_02233
OG0001047	Syaf	Prbg.g_00159	Syaf.g_01217
OG0001047	Syai	Prbg.g_00159	Syai.g_02225
OG0001047	Syam	Prbg.g_00159	Syam.g_01864
OG0001047	Prah	Prbg.g_00159	Prah.g_00233
OG0001047	Praf	Prbg.g_00159	Praf.g_01986
OG0001047	Prbj	Prbg.g_00159	Prbj.g_00103
OG0001047	Prbk	Prbg.g_00159	Prbk.g_00325
OG0001047	Prbl	Prbg.g_00159	Prbl.g_00649
OG0001047	Pral	Prbg.g_00159	Pral.g_00655
OG0001047	Prat	Prbg.g_00159	Prat.g_00399
OG0001047	Pram	Prbg.g_00159	Pram.g_00374
OG0001047	Prbh	Prbg.g_00159	Prbh.g_00393
OG0001047	Prak	Prbg.g_00159	Prak.g_00401
OG0001047	Prap	Prbg.g_00159	Prap.g_01327
OG0001047	Prbe	Prbg.g_00159	Prbe.g_01937
OG0001047	Prbf	Prbg.g_00159	Prbf.g_01723
OG0001047	Prbn	Prbg.g_00159	Prbn.g_00674
OG0001048	Prab	Prbg.g_00160	Prab.g_00443
OG0001048	Pran	Prbg.g_00160	Pran.g_01740
OG0001048	Prao	Prbg.g_00160	Prao.g_00544
OG0001048	Prav	Prbg.g_00160	Prav.g_01039
OG0001048	Prag	Prbg.g_00160	Prag.g_00419
OG0001048	Praw	Prbg.g_00160	Praw.g_00707
OG0001048	Prac	Prbg.g_00160	Prac.g_01107
OG0001048	Praq	Prbg.g_00160	Praq.g_01117
OG0001048	Prar	Prbg.g_00160	Prar.g_00488
OG0001048	Pras	Prbg.g_00160	Pras.g_01318
OG0001048	Prau	Prbg.g_00160	Prau.g_00481
OG0001048	Prbi	Prbg.g_00160	Prbi.g_00441
OG0001048	Pray	Prbg.g_00160	Pray.g_00930
OG0001048	Praz	Prbg.g_00160	Praz.g_01888
OG0001048	Prba	Prbg.g_00160	Prba.g_01021
OG0001048	Prad	Prbg.g_00160	Prad.g_00067
OG0001048	Prae	Prbg.g_00160	Prae.g_00414
OG0001048	Prax	Prbg.g_00160	Prax.g_00760
OG0001048	Prbd	Prbg.g_00160	Prbd.g_00802
OG0001048	Praa	Prbg.g_00160	Praa.g_00439
OG0001048	Prai	Prbg.g_00160	Prai.g_00471
OG0001048	Prbb	Prbg.g_00160	Prbb.g_00445
OG0001048	Prbc	Prbg.g_00160	Prbc.g_01501
OG0001048	Praj	Prbg.g_00160	Praj.g_00434
OG0001048	Prbm	Prbg.g_00160	Prbm.g_00450
OG0001048	Praf	Prbg.g_00160	Praf.g_01985
OG0001048	Prbj	Prbg.g_00160	Prbj.g_00104
OG0001048	Prbk	Prbg.g_00160	Prbk.g_00324
OG0001048	Prbl	Prbg.g_00160	Prbl.g_00648
OG0001048	Prah	Prbg.g_00160	Prah.g_00234
OG0001048	Syab	Prbg.g_00160	Syab.g_00587
OG0001048	Syal	Prbg.g_00160	Syal.g_00521
OG0001048	Syag	Prbg.g_00160	Syag.g_00037
OG0001048	Syaq	Prbg.g_00160	Syaq.g_00497
OG0001048	Syak	Prbg.g_00160	Syak.g_01187
OG0001048	Syar	Prbg.g_00160	Syar.g_01181
OG0001048	Syas	Prbg.g_00160	Syas.g_01493
OG0001048	Syat	Prbg.g_00160	Syat.g_02974
OG0001048	Syaf	Prbg.g_00160	Syaf.g_01218
OG0001048	Syao	Prbg.g_00160	Syao.g_01740
OG0001048	Syan	Prbg.g_00160	Syan.g_02400
OG0001048	Syac	Prbg.g_00160	Syac.g_00696
OG0001048	Syah	Prbg.g_00160	Syah.g_02232
OG0001048	Syaa	Prbg.g_00160	Syaa.g_00707
OG0001048	Syai	Prbg.g_00160	Syai.g_02224
OG0001048	Syam	Prbg.g_00160	Syam.g_01863
OG0001048	Syad	Prbg.g_00160	Syad.g_02446
OG0001048	Syaj	Prbg.g_00160	Syaj.g_01551
OG0001048	Syae	Prbg.g_00160	Syae.g_00990
OG0001048	Pral	Prbg.g_00160	Pral.g_00654
OG0001048	Prat	Prbg.g_00160	Prat.g_00400
OG0001048	Pram	Prbg.g_00160	Pram.g_00375
OG0001048	Prbh	Prbg.g_00160	Prbh.g_00392
OG0001048	Prak	Prbg.g_00160	Prak.g_00402
OG0001048	Prap	Prbg.g_00160	Prap.g_01326
OG0001048	Prbe	Prbg.g_00160	Prbe.g_01938
OG0001048	Prbf	Prbg.g_00160	Prbf.g_01724
OG0001048	Prbn	Prbg.g_00160	Prbn.g_00673
OG0001049	Prab	Prbg.g_00162	Prab.g_00445
OG0001049	Pran	Prbg.g_00162	Pran.g_01738
OG0001049	Prai	Prbg.g_00162	Prai.g_00473
OG0001049	Prao	Prbg.g_00162	Prao.g_00546
OG0001049	Pray	Prbg.g_00162	Pray.g_00932
OG0001049	Praz	Prbg.g_00162	Praz.g_01886
OG0001049	Prba	Prbg.g_00162	Prba.g_01019
OG0001049	Praa	Prbg.g_00162	Praa.g_00441
OG0001049	Prae	Prbg.g_00162	Prae.g_00416
OG0001049	Prag	Prbg.g_00162	Prag.g_00421
OG0001049	Praw	Prbg.g_00162	Praw.g_00705
OG0001049	Prav	Prbg.g_00162	Prav.g_01041
OG0001049	Prad	Prbg.g_00162	Prad.g_00065
OG0001049	Prbd	Prbg.g_00162	Prbd.g_00800
OG0001049	Prac	Prbg.g_00162	Prac.g_01105
OG0001049	Praq	Prbg.g_00162	Praq.g_01115
OG0001049	Prar	Prbg.g_00162	Prar.g_00490
OG0001049	Prbi	Prbg.g_00162	Prbi.g_00443
OG0001049	Prax	Prbg.g_00162	Prax.g_00758
OG0001049	Pras	Prbg.g_00162	Pras.g_01320
OG0001049	Prau	Prbg.g_00162	Prau.g_00483
OG0001049	Prbm	Prbg.g_00162	Prbm.g_00452
OG0001049	Praj	Prbg.g_00162	Praj.g_00436
OG0001049	Prbb	Prbg.g_00162	Prbb.g_00447
OG0001049	Prbc	Prbg.g_00162	Prbc.g_01503
OG0001049	Syar	Prbg.g_00162	Syar.g_02872
OG0001049	Syas	Prbg.g_00162	Syas.g_02742
OG0001049	Syat	Prbg.g_00162	Syat.g_01290
OG0001049	Syan	Prbg.g_00162	Syan.g_01340
OG0001049	Syao	Prbg.g_00162	Syao.g_01616
OG0001049	Syaa	Prbg.g_00162	Syaa.g_00710
OG0001049	Syac	Prbg.g_00162	Syac.g_00703
OG0001049	Syah	Prbg.g_00162	Syah.g_02225
OG0001049	Syaf	Prbg.g_00162	Syaf.g_01226
OG0001049	Syai	Prbg.g_00162	Syai.g_02215
OG0001049	Syam	Prbg.g_00162	Syam.g_01855
OG0001049	Syad	Prbg.g_00162	Syad.g_02443
OG0001049	Syaj	Prbg.g_00162	Syaj.g_01548
OG0001049	Syae	Prbg.g_00162	Syae.g_00987
OG0001049	Prbj	Prbg.g_00162	Prbj.g_00107
OG0001049	Prbk	Prbg.g_00162	Prbk.g_00321
OG0001049	Prbl	Prbg.g_00162	Prbl.g_00645
OG0001049	Praf	Prbg.g_00162	Praf.g_01982
OG0001049	Prah	Prbg.g_00162	Prah.g_00237
OG0001049	Syak	Prbg.g_00162	Syak.g_01184
OG0001049	Syab	Prbg.g_00162	Syab.g_00590
OG0001049	Syal	Prbg.g_00162	Syal.g_00518
OG0001049	Syaq	Prbg.g_00162	Syaq.g_00494
OG0001049	Syag	Prbg.g_00162	Syag.g_00040
OG0001049	Pral	Prbg.g_00162	Pral.g_00651
OG0001049	Prat	Prbg.g_00162	Prat.g_00403
OG0001049	Pram	Prbg.g_00162	Pram.g_00377
OG0001049	Prbh	Prbg.g_00162	Prbh.g_00390
OG0001049	Prak	Prbg.g_00162	Prak.g_00404
OG0001049	Prap	Prbg.g_00162	Prap.g_01324
OG0001049	Prbe	Prbg.g_00162	Prbe.g_01940
OG0001049	Prbf	Prbg.g_00162	Prbf.g_01726
OG0001049	Prbn	Prbg.g_00162	Prbn.g_00671
OG0001050	Prab	Prbg.g_00163	Prab.g_00446
OG0001050	Pran	Prbg.g_00163	Pran.g_01737
OG0001050	Prai	Prbg.g_00163	Prai.g_00474
OG0001050	Prac	Prbg.g_00163	Prac.g_01104
OG0001050	Praq	Prbg.g_00163	Praq.g_01114
OG0001050	Prar	Prbg.g_00163	Prar.g_00491
OG0001050	Prbi	Prbg.g_00163	Prbi.g_00444
OG0001050	Pras	Prbg.g_00163	Pras.g_01321
OG0001050	Prau	Prbg.g_00163	Prau.g_00484
OG0001050	Prag	Prbg.g_00163	Prag.g_00422
OG0001050	Praw	Prbg.g_00163	Praw.g_00704
OG0001050	Prav	Prbg.g_00163	Prav.g_01042
OG0001050	Prax	Prbg.g_00163	Prax.g_00757
OG0001050	Pray	Prbg.g_00163	Pray.g_00933
OG0001050	Praz	Prbg.g_00163	Praz.g_01885
OG0001050	Prba	Prbg.g_00163	Prba.g_01018
OG0001050	Prao	Prbg.g_00163	Prao.g_00547
OG0001050	Praa	Prbg.g_00163	Praa.g_00442
OG0001050	Prae	Prbg.g_00163	Prae.g_00417
OG0001050	Prad	Prbg.g_00163	Prad.g_00064
OG0001050	Prbd	Prbg.g_00163	Prbd.g_00799
OG0001050	Prbm	Prbg.g_00163	Prbm.g_00453
OG0001050	Praj	Prbg.g_00163	Praj.g_00437
OG0001050	Prbc	Prbg.g_00163	Prbc.g_01504
OG0001050	Prbb	Prbg.g_00163	Prbb.g_00448
OG0001050	Syat	Prbg.g_00163	Syat.g_01289
OG0001050	Syas	Prbg.g_00163	Syas.g_02743
OG0001050	Syar	Prbg.g_00163	Syar.g_02871
OG0001050	Syan	Prbg.g_00163	Syan.g_01339
OG0001050	Syao	Prbg.g_00163	Syao.g_01618
OG0001050	Syaf	Prbg.g_00163	Syaf.g_01227
OG0001050	Syai	Prbg.g_00163	Syai.g_02214
OG0001050	Syam	Prbg.g_00163	Syam.g_01854
OG0001050	Syad	Prbg.g_00163	Syad.g_02442
OG0001050	Syaj	Prbg.g_00163	Syaj.g_01547
OG0001050	Syae	Prbg.g_00163	Syae.g_00986
OG0001050	Syac	Prbg.g_00163	Syac.g_00704
OG0001050	Syah	Prbg.g_00163	Syah.g_02224
OG0001050	Syaa	Prbg.g_00163	Syaa.g_00711
OG0001050	Syak	Prbg.g_00163	Syak.g_01183
OG0001050	Syab	Prbg.g_00163	Syab.g_00591
OG0001050	Syal	Prbg.g_00163	Syal.g_00517
OG0001050	Syag	Prbg.g_00163	Syag.g_00041
OG0001050	Syaq	Prbg.g_00163	Syaq.g_00493
OG0001050	Praf	Prbg.g_00163	Praf.g_01981
OG0001050	Prbj	Prbg.g_00163	Prbj.g_00108
OG0001050	Prbk	Prbg.g_00163	Prbk.g_00320
OG0001050	Prbl	Prbg.g_00163	Prbl.g_00644
OG0001050	Prah	Prbg.g_00163	Prah.g_00238
OG0001050	Pral	Prbg.g_00163	Pral.g_00650
OG0001050	Prat	Prbg.g_00163	Prat.g_00404
OG0001050	Pram	Prbg.g_00163	Pram.g_00378
OG0001050	Prbh	Prbg.g_00163	Prbh.g_00389
OG0001050	Prak	Prbg.g_00163	Prak.g_00405
OG0001050	Prap	Prbg.g_00163	Prap.g_01323
OG0001050	Prbe	Prbg.g_00163	Prbe.g_01941
OG0001050	Prbf	Prbg.g_00163	Prbf.g_01727
OG0001050	Prbn	Prbg.g_00163	Prbn.g_00670
OG0001051	Prav	Prbg.g_00164	Prav.g_01043
OG0001051	Prag	Prbg.g_00164	Prag.g_00423
OG0001051	Praw	Prbg.g_00164	Praw.g_00703
OG0001051	Prao	Prbg.g_00164	Prao.g_00548
OG0001051	Praa	Prbg.g_00164	Praa.g_00443
OG0001051	Prax	Prbg.g_00164	Prax.g_00756
OG0001051	Prad	Prbg.g_00164	Prad.g_00063
OG0001051	Prbd	Prbg.g_00164	Prbd.g_00798
OG0001051	Prae	Prbg.g_00164	Prae.g_00418
OG0001051	Pray	Prbg.g_00164	Pray.g_00934
OG0001051	Praz	Prbg.g_00164	Praz.g_01884
OG0001051	Prba	Prbg.g_00164	Prba.g_01017
OG0001051	Prac	Prbg.g_00164	Prac.g_01103
OG0001051	Praq	Prbg.g_00164	Praq.g_01113
OG0001051	Prar	Prbg.g_00164	Prar.g_00492
OG0001051	Prbi	Prbg.g_00164	Prbi.g_00445
OG0001051	Pras	Prbg.g_00164	Pras.g_01322
OG0001051	Prau	Prbg.g_00164	Prau.g_00485
OG0001051	Prab	Prbg.g_00164	Prab.g_00447
OG0001051	Pran	Prbg.g_00164	Pran.g_01736
OG0001051	Prai	Prbg.g_00164	Prai.g_00475
OG0001051	Praj	Prbg.g_00164	Praj.g_00438
OG0001051	Prbm	Prbg.g_00164	Prbm.g_00454
OG0001051	Prbb	Prbg.g_00164	Prbb.g_00449
OG0001051	Prbc	Prbg.g_00164	Prbc.g_01505
OG0001051	Syab	Prbg.g_00164	Syab.g_00592
OG0001051	Syal	Prbg.g_00164	Syal.g_00516
OG0001051	Syan	Prbg.g_00164	Syan.g_01338
OG0001051	Syao	Prbg.g_00164	Syao.g_01619
OG0001051	Syar	Prbg.g_00164	Syar.g_02870
OG0001051	Syas	Prbg.g_00164	Syas.g_02744
OG0001051	Syat	Prbg.g_00164	Syat.g_01288
OG0001051	Syak	Prbg.g_00164	Syak.g_01182
OG0001051	Syac	Prbg.g_00164	Syac.g_00705
OG0001051	Syah	Prbg.g_00164	Syah.g_02223
OG0001051	Syae	Prbg.g_00164	Syae.g_00985
OG0001051	Syad	Prbg.g_00164	Syad.g_02441
OG0001051	Syaj	Prbg.g_00164	Syaj.g_01546
OG0001051	Syaa	Prbg.g_00164	Syaa.g_00712
OG0001051	Syaf	Prbg.g_00164	Syaf.g_01228
OG0001051	Syai	Prbg.g_00164	Syai.g_02213
OG0001051	Syam	Prbg.g_00164	Syam.g_01853
OG0001051	Syaq	Prbg.g_00164	Syaq.g_00492
OG0001051	Prbj	Prbg.g_00164	Prbj.g_00109
OG0001051	Prbk	Prbg.g_00164	Prbk.g_00319
OG0001051	Prbl	Prbg.g_00164	Prbl.g_00643
OG0001051	Praf	Prbg.g_00164	Praf.g_01980
OG0001051	Prah	Prbg.g_00164	Prah.g_00239
OG0001051	Syag	Prbg.g_00164	Syag.g_00042
OG0001051	Pral	Prbg.g_00164	Pral.g_00649
OG0001051	Prat	Prbg.g_00164	Prat.g_00405
OG0001051	Pram	Prbg.g_00164	Pram.g_00379
OG0001051	Prbh	Prbg.g_00164	Prbh.g_00388
OG0001051	Prak	Prbg.g_00164	Prak.g_00406
OG0001051	Prap	Prbg.g_00164	Prap.g_01322
OG0001051	Prbe	Prbg.g_00164	Prbe.g_01942
OG0001051	Prbf	Prbg.g_00164	Prbf.g_01728
OG0001051	Prbn	Prbg.g_00164	Prbn.g_00669
OG0001052	Prab	Prbg.g_00190	Prab.g_00475
OG0001052	Pran	Prbg.g_00190	Pran.g_01707
OG0001052	Prai	Prbg.g_00190	Prai.g_00501
OG0001052	Prav	Prbg.g_00190	Prav.g_01069
OG0001052	Prac	Prbg.g_00190	Prac.g_01073
OG0001052	Praq	Prbg.g_00190	Praq.g_00522
OG0001052	Prar	Prbg.g_00190	Prar.g_00521
OG0001052	Prad	Prbg.g_00190	Prad.g_00036
OG0001052	Prau	Prbg.g_00190	Prau.g_00512
OG0001052	Prao	Prbg.g_00190	Prao.g_00577
OG0001052	Pras	Prbg.g_00190	Pras.g_01349
OG0001052	Prag	Prbg.g_00190	Prag.g_00450
OG0001052	Praw	Prbg.g_00190	Praw.g_00676
OG0001052	Pray	Prbg.g_00190	Pray.g_00961
OG0001052	Praz	Prbg.g_00190	Praz.g_01857
OG0001052	Prba	Prbg.g_00190	Prba.g_00990
OG0001052	Prbd	Prbg.g_00190	Prbd.g_00771
OG0001052	Praa	Prbg.g_00190	Praa.g_00471
OG0001052	Prbi	Prbg.g_00190	Prbi.g_00474
OG0001052	Prax	Prbg.g_00190	Prax.g_00731
OG0001052	Prae	Prbg.g_00190	Prae.g_00445
OG0001052	Prbm	Prbg.g_00190	Prbm.g_00497
OG0001052	Prbb	Prbg.g_00190	Prbb.g_00475
OG0001052	Praj	Prbg.g_00190	Praj.g_00464
OG0001052	Prbc	Prbg.g_00190	Prbc.g_01531
OG0001052	Pral	Prbg.g_00190	Pral.g_00621
OG0001052	Prat	Prbg.g_00190	Prat.g_00430
OG0001052	Prbj	Prbg.g_00190	Prbj.g_00132
OG0001052	Prbk	Prbg.g_00190	Prbk.g_02109
OG0001052	Prbl	Prbg.g_00190	Prbl.g_01344
OG0001052	Praf	Prbg.g_00190	Praf.g_01911
OG0001052	Prah	Prbg.g_00190	Prah.g_00308
OG0001052	Syan	Prbg.g_00190	Syan.g_02850
OG0001052	Syao	Prbg.g_00190	Syao.g_02686
OG0001052	Syar	Prbg.g_00190	Syar.g_01269
OG0001052	Syas	Prbg.g_00190	Syas.g_01337
OG0001052	Syat	Prbg.g_00190	Syat.g_01375
OG0001052	Syad	Prbg.g_00190	Syad.g_02357
OG0001052	Syaj	Prbg.g_00190	Syaj.g_01448
OG0001052	Syae	Prbg.g_00190	Syae.g_02526
OG0001052	Syaa	Prbg.g_00190	Syaa.g_01846
OG0001052	Syac	Prbg.g_00190	Syac.g_01704
OG0001052	Syah	Prbg.g_00190	Syah.g_01217
OG0001052	Syaf	Prbg.g_00190	Syaf.g_02502
OG0001052	Syai	Prbg.g_00190	Syai.g_00861
OG0001052	Syam	Prbg.g_00190	Syam.g_01672
OG0001052	Syag	Prbg.g_00190	Syag.g_01352
OG0001052	Syaq	Prbg.g_00190	Syaq.g_00446
OG0001052	Syak	Prbg.g_00190	Syak.g_01122
OG0001052	Syab	Prbg.g_00190	Syab.g_00693
OG0001052	Syal	Prbg.g_00190	Syal.g_00467
OG0001052	Pram	Prbg.g_00190	Pram.g_00407
OG0001052	Prbh	Prbg.g_00190	Prbh.g_00360
OG0001052	Prak	Prbg.g_00190	Prak.g_00432
OG0001052	Prap	Prbg.g_00190	Prap.g_01296
OG0001052	Prbe	Prbg.g_00190	Prbe.g_00662
OG0001052	Prbf	Prbg.g_00190	Prbf.g_01754
OG0001052	Prbn	Prbg.g_00190	Prbn.g_00643
OG0001053	Prab	Prbg.g_00202	Prab.g_00487
OG0001053	Pran	Prbg.g_00202	Pran.g_01695
OG0001053	Prai	Prbg.g_00202	Prai.g_00513
OG0001053	Prax	Prbg.g_00202	Prax.g_00719
OG0001053	Prbd	Prbg.g_00202	Prbd.g_00759
OG0001053	Pray	Prbg.g_00202	Pray.g_00973
OG0001053	Praz	Prbg.g_00202	Praz.g_01845
OG0001053	Prba	Prbg.g_00202	Prba.g_00978
OG0001053	Pras	Prbg.g_00202	Pras.g_01361
OG0001053	Prau	Prbg.g_00202	Prau.g_00524
OG0001053	Prbi	Prbg.g_00202	Prbi.g_00486
OG0001053	Prad	Prbg.g_00202	Prad.g_00024
OG0001053	Praa	Prbg.g_00202	Praa.g_00483
OG0001053	Prae	Prbg.g_00202	Prae.g_00457
OG0001053	Prao	Prbg.g_00202	Prao.g_00589
OG0001053	Prac	Prbg.g_00202	Prac.g_01061
OG0001053	Praq	Prbg.g_00202	Praq.g_00534
OG0001053	Prar	Prbg.g_00202	Prar.g_00533
OG0001053	Prav	Prbg.g_00202	Prav.g_01081
OG0001053	Prag	Prbg.g_00202	Prag.g_00462
OG0001053	Praw	Prbg.g_00202	Praw.g_00665
OG0001053	Prbc	Prbg.g_00202	Prbc.g_01543
OG0001053	Prbm	Prbg.g_00202	Prbm.g_00509
OG0001053	Praj	Prbg.g_00202	Praj.g_00476
OG0001053	Prbb	Prbg.g_00202	Prbb.g_00488
OG0001053	Syaj	Prbg.g_00202	Syaj.g_00075
OG0001053	Syae	Prbg.g_00202	Syae.g_02312
OG0001053	Syaf	Prbg.g_00202	Syaf.g_02718
OG0001053	Syam	Prbg.g_00202	Syam.g_00586
OG0001053	Syai	Prbg.g_00202	Syai.g_00641
OG0001053	Syaa	Prbg.g_00202	Syaa.g_02048
OG0001053	Syac	Prbg.g_00202	Syac.g_01901
OG0001053	Syah	Prbg.g_00202	Syah.g_01000
OG0001053	Prah	Prbg.g_00202	Prah.g_01563
OG0001053	Praf	Prbg.g_00202	Praf.g_00598
OG0001053	Prbj	Prbg.g_00202	Prbj.g_01627
OG0001053	Prbk	Prbg.g_00202	Prbk.g_02064
OG0001053	Prbl	Prbg.g_00202	Prbl.g_00514
OG0001053	Syag	Prbg.g_00202	Syag.g_01525
OG0001053	Syaq	Prbg.g_00202	Syaq.g_01775
OG0001053	Syar	Prbg.g_00202	Syar.g_01472
OG0001053	Syat	Prbg.g_00202	Syat.g_03173
OG0001053	Syas	Prbg.g_00202	Syas.g_01250
OG0001053	Syap	Prbg.g_00202	Syap.g_02253
OG0001053	Syan	Prbg.g_00202	Syan.g_02761
OG0001053	Syao	Prbg.g_00202	Syao.g_00025
OG0001053	Syak	Prbg.g_00202	Syak.g_02577
OG0001053	Syab	Prbg.g_00202	Syab.g_02099
OG0001053	Syal	Prbg.g_00202	Syal.g_02900
OG0001053	Pral	Prbg.g_00202	Pral.g_00608
OG0001053	Prat	Prbg.g_00202	Prat.g_00443
OG0001053	Pram	Prbg.g_00202	Pram.g_00419
OG0001053	Prbh	Prbg.g_00202	Prbh.g_00348
OG0001053	Prak	Prbg.g_00202	Prak.g_00444
OG0001053	Prap	Prbg.g_00202	Prap.g_01284
OG0001053	Prbe	Prbg.g_00202	Prbe.g_00650
OG0001053	Prbf	Prbg.g_00202	Prbf.g_01766
OG0001053	Prbn	Prbg.g_00202	Prbn.g_00631
OG0001054	Prad	Prbg.g_00217	Prad.g_00131
OG0001054	Prag	Prbg.g_00217	Prag.g_00477
OG0001054	Pras	Prbg.g_00217	Pras.g_01376
OG0001054	Prau	Prbg.g_00217	Prau.g_00539
OG0001054	Praw	Prbg.g_00217	Praw.g_00650
OG0001054	Prav	Prbg.g_00217	Prav.g_01096
OG0001054	Praa	Prbg.g_00217	Praa.g_00498
OG0001054	Prax	Prbg.g_00217	Prax.g_00703
OG0001054	Prbi	Prbg.g_00217	Prbi.g_00501
OG0001054	Prac	Prbg.g_00217	Prac.g_00873
OG0001054	Praq	Prbg.g_00217	Praq.g_01104
OG0001054	Prar	Prbg.g_00217	Prar.g_01329
OG0001054	Prae	Prbg.g_00217	Prae.g_00472
OG0001054	Prao	Prbg.g_00217	Prao.g_00604
OG0001054	Pray	Prbg.g_00217	Pray.g_00989
OG0001054	Praz	Prbg.g_00217	Praz.g_01830
OG0001054	Prba	Prbg.g_00217	Prba.g_00963
OG0001054	Prbd	Prbg.g_00217	Prbd.g_00744
OG0001054	Prai	Prbg.g_00217	Prai.g_00528
OG0001054	Prab	Prbg.g_00217	Prab.g_00502
OG0001054	Pran	Prbg.g_00217	Pran.g_01680
OG0001054	Syap	Prbg.g_00217	Syap.g_00274
OG0001054	Syas	Prbg.g_00217	Syas.g_01231
OG0001054	Syat	Prbg.g_00217	Syat.g_03192
OG0001054	Syar	Prbg.g_00217	Syar.g_01492
OG0001054	Syan	Prbg.g_00217	Syan.g_02742
OG0001054	Syao	Prbg.g_00217	Syao.g_00104
OG0001054	Syaq	Prbg.g_00217	Syaq.g_01794
OG0001054	Syab	Prbg.g_00217	Syab.g_02118
OG0001054	Syal	Prbg.g_00217	Syal.g_02919
OG0001054	Syaa	Prbg.g_00217	Syaa.g_02031
OG0001054	Syag	Prbg.g_00217	Syag.g_01506
OG0001054	Syaf	Prbg.g_00217	Syaf.g_02701
OG0001054	Syai	Prbg.g_00217	Syai.g_00658
OG0001054	Syam	Prbg.g_00217	Syam.g_00603
OG0001054	Syae	Prbg.g_00217	Syae.g_02329
OG0001054	Syad	Prbg.g_00217	Syad.g_00925
OG0001054	Syaj	Prbg.g_00217	Syaj.g_00092
OG0001054	Syac	Prbg.g_00217	Syac.g_01884
OG0001054	Syah	Prbg.g_00217	Syah.g_01017
OG0001054	Praf	Prbg.g_00217	Praf.g_00615
OG0001054	Prah	Prbg.g_00217	Prah.g_01545
OG0001054	Prbj	Prbg.g_00217	Prbj.g_01609
OG0001054	Prbk	Prbg.g_00217	Prbk.g_01861
OG0001054	Prbl	Prbg.g_00217	Prbl.g_00532
OG0001054	Syak	Prbg.g_00217	Syak.g_02596
OG0001054	Prbm	Prbg.g_00217	Prbm.g_00523
OG0001054	Prat	Prbg.g_00217	Prat.g_00459
OG0001054	Praj	Prbg.g_00217	Praj.g_00490
OG0001054	Prbc	Prbg.g_00217	Prbc.g_01557
OG0001054	Prbb	Prbg.g_00217	Prbb.g_00502
OG0001054	Pram	Prbg.g_00217	Pram.g_00434
OG0001054	Prbh	Prbg.g_00217	Prbh.g_00333
OG0001054	Prak	Prbg.g_00217	Prak.g_00459
OG0001054	Prap	Prbg.g_00217	Prap.g_01269
OG0001054	Prbe	Prbg.g_00217	Prbe.g_00635
OG0001054	Prbf	Prbg.g_00217	Prbf.g_01781
OG0001054	Prbn	Prbg.g_00217	Prbn.g_00616
OG0001055	Prad	Prbg.g_00236	Prad.g_00112
OG0001055	Prag	Prbg.g_00236	Prag.g_00496
OG0001055	Praw	Prbg.g_00236	Praw.g_00631
OG0001055	Pray	Prbg.g_00236	Pray.g_01008
OG0001055	Praz	Prbg.g_00236	Praz.g_01811
OG0001055	Prba	Prbg.g_00236	Prba.g_00944
OG0001055	Prbi	Prbg.g_00236	Prbi.g_00520
OG0001055	Pras	Prbg.g_00236	Pras.g_01395
OG0001055	Prae	Prbg.g_00236	Prae.g_00491
OG0001055	Prac	Prbg.g_00236	Prac.g_00855
OG0001055	Praq	Prbg.g_00236	Praq.g_01085
OG0001055	Prar	Prbg.g_00236	Prar.g_01347
OG0001055	Prav	Prbg.g_00236	Prav.g_01115
OG0001055	Prau	Prbg.g_00236	Prau.g_00558
OG0001055	Prao	Prbg.g_00236	Prao.g_00623
OG0001055	Prax	Prbg.g_00236	Prax.g_00684
OG0001055	Prbd	Prbg.g_00236	Prbd.g_00725
OG0001055	Praa	Prbg.g_00236	Praa.g_00517
OG0001055	Prab	Prbg.g_00236	Prab.g_00521
OG0001055	Pran	Prbg.g_00236	Pran.g_01661
OG0001055	Prai	Prbg.g_00236	Prai.g_00546
OG0001055	Pram	Prbg.g_00236	Pram.g_00454
OG0001055	Prbh	Prbg.g_00236	Prbh.g_00313
OG0001055	Pral	Prbg.g_00236	Pral.g_00573
OG0001055	Prat	Prbg.g_00236	Prat.g_00480
OG0001055	Prbm	Prbg.g_00236	Prbm.g_00551
OG0001055	Prbb	Prbg.g_00236	Prbb.g_00521
OG0001055	Praj	Prbg.g_00236	Praj.g_00509
OG0001055	Prbc	Prbg.g_00236	Prbc.g_01597
OG0001055	Praf	Prbg.g_00236	Praf.g_00636
OG0001055	Prbj	Prbg.g_00236	Prbj.g_02103
OG0001055	Prbk	Prbg.g_00236	Prbk.g_01056
OG0001055	Prbl	Prbg.g_00236	Prbl.g_00790
OG0001055	Prah	Prbg.g_00236	Prah.g_01524
OG0001055	Syag	Prbg.g_00236	Syag.g_01485
OG0001055	Syaq	Prbg.g_00236	Syaq.g_01815
OG0001055	Syae	Prbg.g_00236	Syae.g_02350
OG0001055	Syad	Prbg.g_00236	Syad.g_00946
OG0001055	Syaj	Prbg.g_00236	Syaj.g_00113
OG0001055	Syai	Prbg.g_00236	Syai.g_00679
OG0001055	Syam	Prbg.g_00236	Syam.g_00624
OG0001055	Syaa	Prbg.g_00236	Syaa.g_02010
OG0001055	Syac	Prbg.g_00236	Syac.g_01863
OG0001055	Syah	Prbg.g_00236	Syah.g_01037
OG0001055	Syak	Prbg.g_00236	Syak.g_02617
OG0001055	Syab	Prbg.g_00236	Syab.g_02139
OG0001055	Syal	Prbg.g_00236	Syal.g_02940
OG0001055	Syat	Prbg.g_00236	Syat.g_03224
OG0001055	Syar	Prbg.g_00236	Syar.g_01513
OG0001055	Syan	Prbg.g_00236	Syan.g_02721
OG0001055	Syao	Prbg.g_00236	Syao.g_00156
OG0001055	Syas	Prbg.g_00236	Syas.g_01210
OG0001055	Syap	Prbg.g_00236	Syap.g_00252
OG0001055	Prak	Prbg.g_00236	Prak.g_00478
OG0001055	Prap	Prbg.g_00236	Prap.g_01250
OG0001055	Prbe	Prbg.g_00236	Prbe.g_00616
OG0001055	Prbf	Prbg.g_00236	Prbf.g_01800
OG0001055	Prbn	Prbg.g_00236	Prbn.g_00597
OG0001056	Prab	Prbg.g_00253	Prab.g_00540
OG0001056	Pran	Prbg.g_00253	Pran.g_01642
OG0001056	Prai	Prbg.g_00253	Prai.g_00564
OG0001056	Pray	Prbg.g_00253	Pray.g_01225
OG0001056	Praz	Prbg.g_00253	Praz.g_01792
OG0001056	Prba	Prbg.g_00253	Prba.g_00925
OG0001056	Prao	Prbg.g_00253	Prao.g_01855
OG0001056	Prav	Prbg.g_00253	Prav.g_01134
OG0001056	Prag	Prbg.g_00253	Prag.g_00515
OG0001056	Praw	Prbg.g_00253	Praw.g_00612
OG0001056	Prad	Prbg.g_00253	Prad.g_00093
OG0001056	Prac	Prbg.g_00253	Prac.g_00836
OG0001056	Praq	Prbg.g_00253	Praq.g_01066
OG0001056	Prar	Prbg.g_00253	Prar.g_01366
OG0001056	Prbi	Prbg.g_00253	Prbi.g_00539
OG0001056	Pras	Prbg.g_00253	Pras.g_01413
OG0001056	Prau	Prbg.g_00253	Prau.g_00576
OG0001056	Prax	Prbg.g_00253	Prax.g_00665
OG0001056	Praa	Prbg.g_00253	Praa.g_00536
OG0001056	Prae	Prbg.g_00253	Prae.g_00511
OG0001056	Prbd	Prbg.g_00253	Prbd.g_00706
OG0001056	Prbm	Prbg.g_00253	Prbm.g_00569
OG0001056	Prbc	Prbg.g_00253	Prbc.g_01615
OG0001056	Praj	Prbg.g_00253	Praj.g_00527
OG0001056	Prbb	Prbg.g_00253	Prbb.g_00539
OG0001056	Prbj	Prbg.g_00253	Prbj.g_02132
OG0001056	Prbk	Prbg.g_00253	Prbk.g_01085
OG0001056	Prbl	Prbg.g_00253	Prbl.g_00761
OG0001056	Praf	Prbg.g_00253	Praf.g_00665
OG0001056	Prah	Prbg.g_00253	Prah.g_01496
OG0001056	Syac	Prbg.g_00253	Syac.g_01831
OG0001056	Syah	Prbg.g_00253	Syah.g_01069
OG0001056	Syai	Prbg.g_00253	Syai.g_00713
OG0001056	Syaf	Prbg.g_00253	Syaf.g_02649
OG0001056	Syam	Prbg.g_00253	Syam.g_00656
OG0001056	Syae	Prbg.g_00253	Syae.g_02379
OG0001056	Syaa	Prbg.g_00253	Syaa.g_01975
OG0001056	Syad	Prbg.g_00253	Syad.g_00982
OG0001056	Syaj	Prbg.g_00253	Syaj.g_00149
OG0001056	Syag	Prbg.g_00253	Syag.g_01449
OG0001056	Syaq	Prbg.g_00253	Syaq.g_01843
OG0001056	Syak	Prbg.g_00253	Syak.g_02645
OG0001056	Syab	Prbg.g_00253	Syab.g_02036
OG0001056	Syal	Prbg.g_00253	Syal.g_02833
OG0001056	Syar	Prbg.g_00253	Syar.g_02349
OG0001056	Syan	Prbg.g_00253	Syan.g_01161
OG0001056	Syao	Prbg.g_00253	Syao.g_01417
OG0001056	Syas	Prbg.g_00253	Syas.g_00068
OG0001056	Syat	Prbg.g_00253	Syat.g_03275
OG0001056	Pral	Prbg.g_00253	Pral.g_00554
OG0001056	Prat	Prbg.g_00253	Prat.g_00498
OG0001056	Pram	Prbg.g_00253	Pram.g_00474
OG0001056	Prbh	Prbg.g_00253	Prbh.g_00293
OG0001056	Prak	Prbg.g_00253	Prak.g_00495
OG0001056	Prap	Prbg.g_00253	Prap.g_01233
OG0001056	Prbe	Prbg.g_00253	Prbe.g_00599
OG0001056	Prbf	Prbg.g_00253	Prbf.g_01817
OG0001056	Prbn	Prbg.g_00253	Prbn.g_00580
OG0001057	Prab	Prbg.g_00258	Prab.g_00545
OG0001057	Pran	Prbg.g_00258	Pran.g_01637
OG0001057	Prai	Prbg.g_00258	Prai.g_00569
OG0001057	Prac	Prbg.g_00258	Prac.g_00831
OG0001057	Praq	Prbg.g_00258	Praq.g_01061
OG0001057	Prar	Prbg.g_00258	Prar.g_01371
OG0001057	Prad	Prbg.g_00258	Prad.g_01331
OG0001057	Pras	Prbg.g_00258	Pras.g_01418
OG0001057	Prau	Prbg.g_00258	Prau.g_00581
OG0001057	Prav	Prbg.g_00258	Prav.g_01139
OG0001057	Prag	Prbg.g_00258	Prag.g_00520
OG0001057	Praw	Prbg.g_00258	Praw.g_00607
OG0001057	Prax	Prbg.g_00258	Prax.g_00002
OG0001057	Pray	Prbg.g_00258	Pray.g_01220
OG0001057	Praz	Prbg.g_00258	Praz.g_01787
OG0001057	Prba	Prbg.g_00258	Prba.g_01774
OG0001057	Prao	Prbg.g_00258	Prao.g_01160
OG0001057	Praa	Prbg.g_00258	Praa.g_00541
OG0001057	Prbi	Prbg.g_00258	Prbi.g_00544
OG0001057	Prae	Prbg.g_00258	Prae.g_00516
OG0001057	Prbd	Prbg.g_00258	Prbd.g_00701
OG0001057	Syae	Prbg.g_00258	Syae.g_02388
OG0001057	Syad	Prbg.g_00258	Syad.g_00996
OG0001057	Syaj	Prbg.g_00258	Syaj.g_00160
OG0001057	Syak	Prbg.g_00258	Syak.g_00964
OG0001057	Syaq	Prbg.g_00258	Syaq.g_00334
OG0001057	Syao	Prbg.g_00258	Syao.g_00879
OG0001057	Syaa	Prbg.g_00258	Syaa.g_01966
OG0001057	Syaf	Prbg.g_00258	Syaf.g_02638
OG0001057	Syai	Prbg.g_00258	Syai.g_00721
OG0001057	Syam	Prbg.g_00258	Syam.g_00664
OG0001057	Syac	Prbg.g_00258	Syac.g_01825
OG0001057	Syah	Prbg.g_00258	Syah.g_01075
OG0001057	Syag	Prbg.g_00258	Syag.g_01241
OG0001057	Syab	Prbg.g_00258	Syab.g_00882
OG0001057	Syal	Prbg.g_00258	Syal.g_01574
OG0001057	Syat	Prbg.g_00258	Syat.g_00102
OG0001057	Syar	Prbg.g_00258	Syar.g_02341
OG0001057	Syan	Prbg.g_00258	Syan.g_00832
OG0001057	Syas	Prbg.g_00258	Syas.g_00763
OG0001057	Prbj	Prbg.g_00258	Prbj.g_02144
OG0001057	Prbk	Prbg.g_00258	Prbk.g_01097
OG0001057	Prbl	Prbg.g_00258	Prbl.g_00749
OG0001057	Praf	Prbg.g_00258	Praf.g_00675
OG0001057	Prah	Prbg.g_00258	Prah.g_01482
OG0001057	Pral	Prbg.g_00258	Pral.g_00549
OG0001057	Prat	Prbg.g_00258	Prat.g_00502
OG0001057	Prbm	Prbg.g_00258	Prbm.g_00574
OG0001057	Praj	Prbg.g_00258	Praj.g_00532
OG0001057	Prbb	Prbg.g_00258	Prbb.g_00544
OG0001057	Prbc	Prbg.g_00258	Prbc.g_01620
OG0001057	Pram	Prbg.g_00258	Pram.g_00478
OG0001057	Prbh	Prbg.g_00258	Prbh.g_00289
OG0001057	Prak	Prbg.g_00258	Prak.g_00500
OG0001057	Prap	Prbg.g_00258	Prap.g_01228
OG0001057	Prbe	Prbg.g_00258	Prbe.g_00594
OG0001057	Prbf	Prbg.g_00258	Prbf.g_01822
OG0001057	Prbn	Prbg.g_00258	Prbn.g_00575
OG0001058	Prab	Prbg.g_00267	Prab.g_00553
OG0001058	Pran	Prbg.g_00267	Pran.g_01629
OG0001058	Prai	Prbg.g_00267	Prai.g_00577
OG0001058	Prac	Prbg.g_00267	Prac.g_00823
OG0001058	Praq	Prbg.g_00267	Praq.g_01053
OG0001058	Prar	Prbg.g_00267	Prar.g_01379
OG0001058	Pray	Prbg.g_00267	Pray.g_01212
OG0001058	Praz	Prbg.g_00267	Praz.g_01779
OG0001058	Prba	Prbg.g_00267	Prba.g_01766
OG0001058	Prax	Prbg.g_00267	Prax.g_00010
OG0001058	Prag	Prbg.g_00267	Prag.g_00528
OG0001058	Praw	Prbg.g_00267	Praw.g_00599
OG0001058	Prad	Prbg.g_00267	Prad.g_01339
OG0001058	Prav	Prbg.g_00267	Prav.g_01147
OG0001058	Prae	Prbg.g_00267	Prae.g_00524
OG0001058	Prbd	Prbg.g_00267	Prbd.g_00693
OG0001058	Prao	Prbg.g_00267	Prao.g_01168
OG0001058	Pras	Prbg.g_00267	Pras.g_01426
OG0001058	Prau	Prbg.g_00267	Prau.g_00589
OG0001058	Prbi	Prbg.g_00267	Prbi.g_00552
OG0001058	Praa	Prbg.g_00267	Praa.g_00550
OG0001058	Praj	Prbg.g_00267	Praj.g_00540
OG0001058	Prbc	Prbg.g_00267	Prbc.g_01629
OG0001058	Prbb	Prbg.g_00267	Prbb.g_00553
OG0001058	Prbm	Prbg.g_00267	Prbm.g_00582
OG0001058	Prbj	Prbg.g_00267	Prbj.g_01863
OG0001058	Prbk	Prbg.g_00267	Prbk.g_01893
OG0001058	Prbl	Prbg.g_00267	Prbl.g_01883
OG0001058	Praf	Prbg.g_00267	Praf.g_00689
OG0001058	Prah	Prbg.g_00267	Prah.g_01468
OG0001058	Syar	Prbg.g_00267	Syar.g_02324
OG0001058	Syat	Prbg.g_00267	Syat.g_00079
OG0001058	Syas	Prbg.g_00267	Syas.g_00787
OG0001058	Syan	Prbg.g_00267	Syan.g_00851
OG0001058	Syao	Prbg.g_00267	Syao.g_00862
OG0001058	Syae	Prbg.g_00267	Syae.g_02402
OG0001058	Syaa	Prbg.g_00267	Syaa.g_01951
OG0001058	Syad	Prbg.g_00267	Syad.g_01015
OG0001058	Syaj	Prbg.g_00267	Syaj.g_00183
OG0001058	Syak	Prbg.g_00267	Syak.g_02668
OG0001058	Syab	Prbg.g_00267	Syab.g_02014
OG0001058	Syal	Prbg.g_00267	Syal.g_02812
OG0001058	Syaq	Prbg.g_00267	Syaq.g_01931
OG0001058	Syac	Prbg.g_00267	Syac.g_01810
OG0001058	Syah	Prbg.g_00267	Syah.g_01091
OG0001058	Syam	Prbg.g_00267	Syam.g_00677
OG0001058	Syaf	Prbg.g_00267	Syaf.g_02624
OG0001058	Syai	Prbg.g_00267	Syai.g_00734
OG0001058	Syag	Prbg.g_00267	Syag.g_00271
OG0001058	Pral	Prbg.g_00267	Pral.g_00541
OG0001058	Prat	Prbg.g_00267	Prat.g_00510
OG0001058	Pram	Prbg.g_00267	Pram.g_00486
OG0001058	Prbh	Prbg.g_00267	Prbh.g_00281
OG0001058	Prak	Prbg.g_00267	Prak.g_00509
OG0001058	Prap	Prbg.g_00267	Prap.g_01220
OG0001058	Prbe	Prbg.g_00267	Prbe.g_00586
OG0001058	Prbf	Prbg.g_00267	Prbf.g_01830
OG0001058	Prbn	Prbg.g_00267	Prbn.g_00567
OG0001059	Pray	Prbg.g_00271	Pray.g_01208
OG0001059	Praz	Prbg.g_00271	Praz.g_01775
OG0001059	Prba	Prbg.g_00271	Prba.g_01762
OG0001059	Prac	Prbg.g_00271	Prac.g_00819
OG0001059	Praq	Prbg.g_00271	Praq.g_01049
OG0001059	Prar	Prbg.g_00271	Prar.g_01383
OG0001059	Prav	Prbg.g_00271	Prav.g_01151
OG0001059	Prad	Prbg.g_00271	Prad.g_01343
OG0001059	Prbi	Prbg.g_00271	Prbi.g_00556
OG0001059	Prao	Prbg.g_00271	Prao.g_01172
OG0001059	Pras	Prbg.g_00271	Pras.g_01430
OG0001059	Prau	Prbg.g_00271	Prau.g_00593
OG0001059	Prae	Prbg.g_00271	Prae.g_00528
OG0001059	Prbd	Prbg.g_00271	Prbd.g_00689
OG0001059	Praa	Prbg.g_00271	Praa.g_00554
OG0001059	Prax	Prbg.g_00271	Prax.g_00014
OG0001059	Prag	Prbg.g_00271	Prag.g_00532
OG0001059	Praw	Prbg.g_00271	Praw.g_00595
OG0001059	Prab	Prbg.g_00271	Prab.g_00557
OG0001059	Pran	Prbg.g_00271	Pran.g_01625
OG0001059	Prai	Prbg.g_00271	Prai.g_00581
OG0001059	Prbb	Prbg.g_00271	Prbb.g_00557
OG0001059	Prbm	Prbg.g_00271	Prbm.g_00586
OG0001059	Prbc	Prbg.g_00271	Prbc.g_01633
OG0001059	Praj	Prbg.g_00271	Praj.g_00544
OG0001059	Pral	Prbg.g_00271	Pral.g_00537
OG0001059	Prat	Prbg.g_00271	Prat.g_00515
OG0001059	Prbj	Prbg.g_00271	Prbj.g_01867
OG0001059	Prbk	Prbg.g_00271	Prbk.g_01889
OG0001059	Prbl	Prbg.g_00271	Prbl.g_01887
OG0001059	Praf	Prbg.g_00271	Praf.g_00693
OG0001059	Prah	Prbg.g_00271	Prah.g_01464
OG0001059	Syac	Prbg.g_00271	Syac.g_01806
OG0001059	Syah	Prbg.g_00271	Syah.g_01095
OG0001059	Syae	Prbg.g_00271	Syae.g_02406
OG0001059	Syaa	Prbg.g_00271	Syaa.g_01947
OG0001059	Syai	Prbg.g_00271	Syai.g_00738
OG0001059	Syaf	Prbg.g_00271	Syaf.g_02620
OG0001059	Syam	Prbg.g_00271	Syam.g_00681
OG0001059	Syab	Prbg.g_00271	Syab.g_02010
OG0001059	Syal	Prbg.g_00271	Syal.g_02808
OG0001059	Syad	Prbg.g_00271	Syad.g_01018
OG0001059	Syaj	Prbg.g_00271	Syaj.g_00187
OG0001059	Syan	Prbg.g_00271	Syan.g_00855
OG0001059	Syas	Prbg.g_00271	Syas.g_00791
OG0001059	Syao	Prbg.g_00271	Syao.g_00858
OG0001059	Syap	Prbg.g_00271	Syap.g_00306
OG0001059	Syat	Prbg.g_00271	Syat.g_00075
OG0001059	Syag	Prbg.g_00271	Syag.g_00275
OG0001059	Syaq	Prbg.g_00271	Syaq.g_01935
OG0001059	Pram	Prbg.g_00271	Pram.g_00490
OG0001059	Prbh	Prbg.g_00271	Prbh.g_00277
OG0001059	Syar	Prbg.g_00271	Syar.g_00422
OG0001059	Prak	Prbg.g_00271	Prak.g_00513
OG0001059	Prap	Prbg.g_00271	Prap.g_01216
OG0001059	Prbe	Prbg.g_00271	Prbe.g_00582
OG0001059	Prbf	Prbg.g_00271	Prbf.g_01834
OG0001059	Prbn	Prbg.g_00271	Prbn.g_00563
OG0001060	Prab	Prbg.g_00277	Prab.g_00564
OG0001060	Pran	Prbg.g_00277	Pran.g_01618
OG0001060	Prai	Prbg.g_00277	Prai.g_00588
OG0001060	Prad	Prbg.g_00277	Prad.g_01350
OG0001060	Praa	Prbg.g_00277	Praa.g_00561
OG0001060	Pras	Prbg.g_00277	Pras.g_01437
OG0001060	Prau	Prbg.g_00277	Prau.g_00600
OG0001060	Prac	Prbg.g_00277	Prac.g_00812
OG0001060	Praq	Prbg.g_00277	Praq.g_01042
OG0001060	Prar	Prbg.g_00277	Prar.g_01390
OG0001060	Prag	Prbg.g_00277	Prag.g_00539
OG0001060	Praw	Prbg.g_00277	Praw.g_00588
OG0001060	Prav	Prbg.g_00277	Prav.g_01158
OG0001060	Prao	Prbg.g_00277	Prao.g_01179
OG0001060	Pray	Prbg.g_00277	Pray.g_01201
OG0001060	Praz	Prbg.g_00277	Praz.g_01768
OG0001060	Prba	Prbg.g_00277	Prba.g_01755
OG0001060	Prbi	Prbg.g_00277	Prbi.g_00563
OG0001060	Prae	Prbg.g_00277	Prae.g_00535
OG0001060	Prax	Prbg.g_00277	Prax.g_00021
OG0001060	Prbd	Prbg.g_00277	Prbd.g_00682
OG0001060	Prat	Prbg.g_00277	Prat.g_00522
OG0001060	Pral	Prbg.g_00277	Pral.g_00530
OG0001060	Praj	Prbg.g_00277	Praj.g_00551
OG0001060	Prbb	Prbg.g_00277	Prbb.g_00564
OG0001060	Prbc	Prbg.g_00277	Prbc.g_01640
OG0001060	Prbm	Prbg.g_00277	Prbm.g_00593
OG0001060	Syao	Prbg.g_00277	Syao.g_00852
OG0001060	Syap	Prbg.g_00277	Syap.g_00299
OG0001060	Syas	Prbg.g_00277	Syas.g_00797
OG0001060	Syan	Prbg.g_00277	Syan.g_00861
OG0001060	Syar	Prbg.g_00277	Syar.g_02315
OG0001060	Syac	Prbg.g_00277	Syac.g_01799
OG0001060	Syah	Prbg.g_00277	Syah.g_01102
OG0001060	Syaf	Prbg.g_00277	Syaf.g_02614
OG0001060	Syai	Prbg.g_00277	Syai.g_00744
OG0001060	Syam	Prbg.g_00277	Syam.g_00688
OG0001060	Syae	Prbg.g_00277	Syae.g_02412
OG0001060	Syaa	Prbg.g_00277	Syaa.g_01941
OG0001060	Syad	Prbg.g_00277	Syad.g_01025
OG0001060	Syaj	Prbg.g_00277	Syaj.g_00193
OG0001060	Syag	Prbg.g_00277	Syag.g_00282
OG0001060	Syaq	Prbg.g_00277	Syaq.g_01941
OG0001060	Syak	Prbg.g_00277	Syak.g_02677
OG0001060	Syab	Prbg.g_00277	Syab.g_02003
OG0001060	Syal	Prbg.g_00277	Syal.g_02801
OG0001060	Prah	Prbg.g_00277	Prah.g_01458
OG0001060	Praf	Prbg.g_00277	Praf.g_00700
OG0001060	Prbj	Prbg.g_00277	Prbj.g_01874
OG0001060	Prbk	Prbg.g_00277	Prbk.g_01882
OG0001060	Prbl	Prbg.g_00277	Prbl.g_01894
OG0001060	Pram	Prbg.g_00277	Pram.g_00497
OG0001060	Prbh	Prbg.g_00277	Prbh.g_00270
OG0001060	Prak	Prbg.g_00277	Prak.g_00519
OG0001060	Prap	Prbg.g_00277	Prap.g_01210
OG0001060	Prbe	Prbg.g_00277	Prbe.g_00576
OG0001060	Prbf	Prbg.g_00277	Prbf.g_01840
OG0001060	Prbn	Prbg.g_00277	Prbn.g_00557
OG0001061	Prab	Prbg.g_00292	Prab.g_00578
OG0001061	Pran	Prbg.g_00292	Pran.g_01604
OG0001061	Prai	Prbg.g_00292	Prai.g_00602
OG0001061	Prao	Prbg.g_00292	Prao.g_01866
OG0001061	Prag	Prbg.g_00292	Prag.g_00552
OG0001061	Praw	Prbg.g_00292	Praw.g_00575
OG0001061	Prav	Prbg.g_00292	Prav.g_01171
OG0001061	Prad	Prbg.g_00292	Prad.g_01363
OG0001061	Prac	Prbg.g_00292	Prac.g_00799
OG0001061	Praq	Prbg.g_00292	Praq.g_01029
OG0001061	Prar	Prbg.g_00292	Prar.g_01403
OG0001061	Pray	Prbg.g_00292	Pray.g_01188
OG0001061	Praz	Prbg.g_00292	Praz.g_01755
OG0001061	Prba	Prbg.g_00292	Prba.g_01742
OG0001061	Prbd	Prbg.g_00292	Prbd.g_00669
OG0001061	Praa	Prbg.g_00292	Praa.g_00574
OG0001061	Pras	Prbg.g_00292	Pras.g_01450
OG0001061	Prau	Prbg.g_00292	Prau.g_00613
OG0001061	Prae	Prbg.g_00292	Prae.g_00548
OG0001061	Prbi	Prbg.g_00292	Prbi.g_00576
OG0001061	Prax	Prbg.g_00292	Prax.g_00034
OG0001061	Syas	Prbg.g_00292	Syas.g_00816
OG0001061	Syan	Prbg.g_00292	Syan.g_00880
OG0001061	Syap	Prbg.g_00292	Syap.g_01309
OG0001061	Syar	Prbg.g_00292	Syar.g_02297
OG0001061	Syat	Prbg.g_00292	Syat.g_00051
OG0001061	Prbj	Prbg.g_00292	Prbj.g_01802
OG0001061	Prbk	Prbg.g_00292	Prbk.g_01109
OG0001061	Prbl	Prbg.g_00292	Prbl.g_01796
OG0001061	Praf	Prbg.g_00292	Praf.g_00717
OG0001061	Prah	Prbg.g_00292	Prah.g_01440
OG0001061	Syaq	Prbg.g_00292	Syaq.g_01961
OG0001061	Syad	Prbg.g_00292	Syad.g_01047
OG0001061	Syaj	Prbg.g_00292	Syaj.g_00214
OG0001061	Syaa	Prbg.g_00292	Syaa.g_01919
OG0001061	Syak	Prbg.g_00292	Syak.g_02697
OG0001061	Syaf	Prbg.g_00292	Syaf.g_02590
OG0001061	Syai	Prbg.g_00292	Syai.g_00765
OG0001061	Syam	Prbg.g_00292	Syam.g_01744
OG0001061	Syae	Prbg.g_00292	Syae.g_02434
OG0001061	Syac	Prbg.g_00292	Syac.g_01779
OG0001061	Syah	Prbg.g_00292	Syah.g_01123
OG0001061	Syag	Prbg.g_00292	Syag.g_00302
OG0001061	Syab	Prbg.g_00292	Syab.g_01985
OG0001061	Syal	Prbg.g_00292	Syal.g_02783
OG0001061	Prbm	Prbg.g_00292	Prbm.g_00606
OG0001061	Prbb	Prbg.g_00292	Prbb.g_00577
OG0001061	Praj	Prbg.g_00292	Praj.g_00564
OG0001061	Prbc	Prbg.g_00292	Prbc.g_01653
OG0001061	Pral	Prbg.g_00292	Pral.g_00514
OG0001061	Prat	Prbg.g_00292	Prat.g_00538
OG0001061	Pram	Prbg.g_00292	Pram.g_00512
OG0001061	Prbh	Prbg.g_00292	Prbh.g_00255
OG0001061	Prak	Prbg.g_00292	Prak.g_00534
OG0001061	Prap	Prbg.g_00292	Prap.g_01195
OG0001061	Prbe	Prbg.g_00292	Prbe.g_00561
OG0001061	Prbf	Prbg.g_00292	Prbf.g_01855
OG0001061	Prbn	Prbg.g_00292	Prbn.g_00542
OG0001062	Prab	Prbg.g_00294	Prab.g_00580
OG0001062	Pran	Prbg.g_00294	Pran.g_01602
OG0001062	Prai	Prbg.g_00294	Prai.g_00604
OG0001062	Prag	Prbg.g_00294	Prag.g_00554
OG0001062	Praw	Prbg.g_00294	Praw.g_01923
OG0001062	Prao	Prbg.g_00294	Prao.g_01868
OG0001062	Praa	Prbg.g_00294	Praa.g_00576
OG0001062	Prbd	Prbg.g_00294	Prbd.g_00667
OG0001062	Prac	Prbg.g_00294	Prac.g_00797
OG0001062	Praq	Prbg.g_00294	Praq.g_01027
OG0001062	Prar	Prbg.g_00294	Prar.g_01405
OG0001062	Pray	Prbg.g_00294	Pray.g_01186
OG0001062	Praz	Prbg.g_00294	Praz.g_01753
OG0001062	Prba	Prbg.g_00294	Prba.g_01740
OG0001062	Prae	Prbg.g_00294	Prae.g_00550
OG0001062	Prad	Prbg.g_00294	Prad.g_01365
OG0001062	Prax	Prbg.g_00294	Prax.g_00036
OG0001062	Prbi	Prbg.g_00294	Prbi.g_00578
OG0001062	Pras	Prbg.g_00294	Pras.g_01452
OG0001062	Prau	Prbg.g_00294	Prau.g_00615
OG0001062	Prav	Prbg.g_00294	Prav.g_01173
OG0001062	Prbb	Prbg.g_00294	Prbb.g_00579
OG0001062	Prbm	Prbg.g_00294	Prbm.g_00608
OG0001062	Praj	Prbg.g_00294	Praj.g_00566
OG0001062	Prbc	Prbg.g_00294	Prbc.g_01655
OG0001062	Syaq	Prbg.g_00294	Syaq.g_01963
OG0001062	Prbj	Prbg.g_00294	Prbj.g_01800
OG0001062	Prbk	Prbg.g_00294	Prbk.g_01111
OG0001062	Prbl	Prbg.g_00294	Prbl.g_01794
OG0001062	Praf	Prbg.g_00294	Praf.g_00719
OG0001062	Prah	Prbg.g_00294	Prah.g_01438
OG0001062	Syac	Prbg.g_00294	Syac.g_01777
OG0001062	Syah	Prbg.g_00294	Syah.g_01125
OG0001062	Syai	Prbg.g_00294	Syai.g_00767
OG0001062	Syaf	Prbg.g_00294	Syaf.g_02588
OG0001062	Syam	Prbg.g_00294	Syam.g_01742
OG0001062	Syae	Prbg.g_00294	Syae.g_02436
OG0001062	Syad	Prbg.g_00294	Syad.g_01049
OG0001062	Syaj	Prbg.g_00294	Syaj.g_00216
OG0001062	Syaa	Prbg.g_00294	Syaa.g_01917
OG0001062	Syap	Prbg.g_00294	Syap.g_01314
OG0001062	Syas	Prbg.g_00294	Syas.g_00819
OG0001062	Syat	Prbg.g_00294	Syat.g_00048
OG0001062	Syar	Prbg.g_00294	Syar.g_02294
OG0001062	Syag	Prbg.g_00294	Syag.g_00304
OG0001062	Syak	Prbg.g_00294	Syak.g_02699
OG0001062	Syao	Prbg.g_00294	Syao.g_01050
OG0001062	Syab	Prbg.g_00294	Syab.g_01983
OG0001062	Syal	Prbg.g_00294	Syal.g_02781
OG0001062	Pral	Prbg.g_00294	Pral.g_00512
OG0001062	Prat	Prbg.g_00294	Prat.g_00540
OG0001062	Pram	Prbg.g_00294	Pram.g_00514
OG0001062	Prbh	Prbg.g_00294	Prbh.g_00253
OG0001062	Prak	Prbg.g_00294	Prak.g_00536
OG0001062	Prap	Prbg.g_00294	Prap.g_01193
OG0001062	Prbe	Prbg.g_00294	Prbe.g_00559
OG0001062	Prbf	Prbg.g_00294	Prbf.g_01857
OG0001062	Prbn	Prbg.g_00294	Prbn.g_00540
OG0001063	Prai	Prbg.g_00296	Prai.g_00606
OG0001063	Prab	Prbg.g_00296	Prab.g_00582
OG0001063	Pran	Prbg.g_00296	Pran.g_01600
OG0001063	Prav	Prbg.g_00296	Prav.g_01175
OG0001063	Prag	Prbg.g_00296	Prag.g_00556
OG0001063	Praw	Prbg.g_00296	Praw.g_01925
OG0001063	Prac	Prbg.g_00296	Prac.g_00795
OG0001063	Praq	Prbg.g_00296	Praq.g_01025
OG0001063	Prar	Prbg.g_00296	Prar.g_01407
OG0001063	Pray	Prbg.g_00296	Pray.g_01184
OG0001063	Praz	Prbg.g_00296	Praz.g_01751
OG0001063	Prba	Prbg.g_00296	Prba.g_01738
OG0001063	Prao	Prbg.g_00296	Prao.g_01870
OG0001063	Prax	Prbg.g_00296	Prax.g_00038
OG0001063	Pras	Prbg.g_00296	Pras.g_01454
OG0001063	Prau	Prbg.g_00296	Prau.g_00617
OG0001063	Prae	Prbg.g_00296	Prae.g_00552
OG0001063	Praa	Prbg.g_00296	Praa.g_00578
OG0001063	Prbi	Prbg.g_00296	Prbi.g_00580
OG0001063	Prad	Prbg.g_00296	Prad.g_01367
OG0001063	Prbd	Prbg.g_00296	Prbd.g_00665
OG0001063	Prbm	Prbg.g_00296	Prbm.g_00609
OG0001063	Prbc	Prbg.g_00296	Prbc.g_01656
OG0001063	Praj	Prbg.g_00296	Praj.g_00567
OG0001063	Prbb	Prbg.g_00296	Prbb.g_00580
OG0001063	Syas	Prbg.g_00296	Syas.g_00830
OG0001063	Syat	Prbg.g_00296	Syat.g_00042
OG0001063	Syan	Prbg.g_00296	Syan.g_00945
OG0001063	Syao	Prbg.g_00296	Syao.g_01042
OG0001063	Syar	Prbg.g_00296	Syar.g_02209
OG0001063	Syag	Prbg.g_00296	Syag.g_00310
OG0001063	Syaq	Prbg.g_00296	Syaq.g_01968
OG0001063	Syak	Prbg.g_00296	Syak.g_02704
OG0001063	Syab	Prbg.g_00296	Syab.g_01979
OG0001063	Syal	Prbg.g_00296	Syal.g_02776
OG0001063	Syad	Prbg.g_00296	Syad.g_01056
OG0001063	Syaj	Prbg.g_00296	Syaj.g_00222
OG0001063	Syae	Prbg.g_00296	Syae.g_02440
OG0001063	Syaa	Prbg.g_00296	Syaa.g_01912
OG0001063	Syai	Prbg.g_00296	Syai.g_00774
OG0001063	Syaf	Prbg.g_00296	Syaf.g_02583
OG0001063	Syam	Prbg.g_00296	Syam.g_01737
OG0001063	Syac	Prbg.g_00296	Syac.g_01773
OG0001063	Syah	Prbg.g_00296	Syah.g_01129
OG0001063	Praf	Prbg.g_00296	Praf.g_00723
OG0001063	Prbj	Prbg.g_00296	Prbj.g_01796
OG0001063	Prbk	Prbg.g_00296	Prbk.g_01115
OG0001063	Prbl	Prbg.g_00296	Prbl.g_01790
OG0001063	Prah	Prbg.g_00296	Prah.g_01434
OG0001063	Pral	Prbg.g_00296	Pral.g_00510
OG0001063	Prat	Prbg.g_00296	Prat.g_00542
OG0001063	Pram	Prbg.g_00296	Pram.g_00516
OG0001063	Prbh	Prbg.g_00296	Prbh.g_00251
OG0001063	Prak	Prbg.g_00296	Prak.g_00538
OG0001063	Prap	Prbg.g_00296	Prap.g_01191
OG0001063	Prbe	Prbg.g_00296	Prbe.g_00557
OG0001063	Prbf	Prbg.g_00296	Prbf.g_01859
OG0001063	Prbn	Prbg.g_00296	Prbn.g_00538
OG0001064	Prab	Prbg.g_00297	Prab.g_00583
OG0001064	Pran	Prbg.g_00297	Pran.g_01599
OG0001064	Prai	Prbg.g_00297	Prai.g_00607
OG0001064	Prar	Prbg.g_00297	Prar.g_01408
OG0001064	Prac	Prbg.g_00297	Prac.g_00794
OG0001064	Praq	Prbg.g_00297	Praq.g_01024
OG0001064	Prag	Prbg.g_00297	Prag.g_00557
OG0001064	Praw	Prbg.g_00297	Praw.g_01926
OG0001064	Prav	Prbg.g_00297	Prav.g_01176
OG0001064	Prao	Prbg.g_00297	Prao.g_00018
OG0001064	Praa	Prbg.g_00297	Praa.g_00579
OG0001064	Prad	Prbg.g_00297	Prad.g_01368
OG0001064	Pray	Prbg.g_00297	Pray.g_01183
OG0001064	Praz	Prbg.g_00297	Praz.g_01750
OG0001064	Prba	Prbg.g_00297	Prba.g_01737
OG0001064	Prau	Prbg.g_00297	Prau.g_00618
OG0001064	Prbd	Prbg.g_00297	Prbd.g_00664
OG0001064	Prax	Prbg.g_00297	Prax.g_00039
OG0001064	Prae	Prbg.g_00297	Prae.g_00553
OG0001064	Pras	Prbg.g_00297	Pras.g_01455
OG0001064	Prbi	Prbg.g_00297	Prbi.g_00581
OG0001064	Prbm	Prbg.g_00297	Prbm.g_00610
OG0001064	Prbb	Prbg.g_00297	Prbb.g_00581
OG0001064	Praj	Prbg.g_00297	Praj.g_00568
OG0001064	Prbc	Prbg.g_00297	Prbc.g_01657
OG0001064	Prbj	Prbg.g_00297	Prbj.g_01795
OG0001064	Prbk	Prbg.g_00297	Prbk.g_01116
OG0001064	Prbl	Prbg.g_00297	Prbl.g_01789
OG0001064	Praf	Prbg.g_00297	Praf.g_00724
OG0001064	Prah	Prbg.g_00297	Prah.g_01433
OG0001064	Syae	Prbg.g_00297	Syae.g_02441
OG0001064	Syad	Prbg.g_00297	Syad.g_01057
OG0001064	Syaj	Prbg.g_00297	Syaj.g_00223
OG0001064	Syaf	Prbg.g_00297	Syaf.g_02582
OG0001064	Syai	Prbg.g_00297	Syai.g_00775
OG0001064	Syam	Prbg.g_00297	Syam.g_01736
OG0001064	Syac	Prbg.g_00297	Syac.g_01772
OG0001064	Syah	Prbg.g_00297	Syah.g_01130
OG0001064	Syaa	Prbg.g_00297	Syaa.g_01911
OG0001064	Syas	Prbg.g_00297	Syas.g_00831
OG0001064	Syan	Prbg.g_00297	Syan.g_00946
OG0001064	Syao	Prbg.g_00297	Syao.g_01041
OG0001064	Syar	Prbg.g_00297	Syar.g_02208
OG0001064	Syat	Prbg.g_00297	Syat.g_00041
OG0001064	Syak	Prbg.g_00297	Syak.g_02705
OG0001064	Syab	Prbg.g_00297	Syab.g_01978
OG0001064	Syal	Prbg.g_00297	Syal.g_02775
OG0001064	Syaq	Prbg.g_00297	Syaq.g_01969
OG0001064	Syag	Prbg.g_00297	Syag.g_00311
OG0001064	Pral	Prbg.g_00297	Pral.g_00509
OG0001064	Prat	Prbg.g_00297	Prat.g_00543
OG0001064	Pram	Prbg.g_00297	Pram.g_00517
OG0001064	Prbh	Prbg.g_00297	Prbh.g_00250
OG0001064	Prak	Prbg.g_00297	Prak.g_00539
OG0001064	Prap	Prbg.g_00297	Prap.g_01190
OG0001064	Prbe	Prbg.g_00297	Prbe.g_00556
OG0001064	Prbf	Prbg.g_00297	Prbf.g_01860
OG0001064	Prbn	Prbg.g_00297	Prbn.g_00537
OG0001065	Prab	Prbg.g_00298	Prab.g_00584
OG0001065	Pran	Prbg.g_00298	Pran.g_01598
OG0001065	Prai	Prbg.g_00298	Prai.g_00608
OG0001065	Prau	Prbg.g_00298	Prau.g_00619
OG0001065	Prac	Prbg.g_00298	Prac.g_00793
OG0001065	Praq	Prbg.g_00298	Praq.g_01023
OG0001065	Prar	Prbg.g_00298	Prar.g_01409
OG0001065	Prag	Prbg.g_00298	Prag.g_00558
OG0001065	Praw	Prbg.g_00298	Praw.g_01927
OG0001065	Prav	Prbg.g_00298	Prav.g_01177
OG0001065	Praa	Prbg.g_00298	Praa.g_00580
OG0001065	Prad	Prbg.g_00298	Prad.g_01369
OG0001065	Prao	Prbg.g_00298	Prao.g_00019
OG0001065	Prbd	Prbg.g_00298	Prbd.g_00663
OG0001065	Pras	Prbg.g_00298	Pras.g_01456
OG0001065	Prax	Prbg.g_00298	Prax.g_00040
OG0001065	Prae	Prbg.g_00298	Prae.g_00554
OG0001065	Pray	Prbg.g_00298	Pray.g_01182
OG0001065	Praz	Prbg.g_00298	Praz.g_01749
OG0001065	Prba	Prbg.g_00298	Prba.g_01736
OG0001065	Prbi	Prbg.g_00298	Prbi.g_00582
OG0001065	Praj	Prbg.g_00298	Praj.g_00569
OG0001065	Prbm	Prbg.g_00298	Prbm.g_00611
OG0001065	Prbb	Prbg.g_00298	Prbb.g_00582
OG0001065	Prbc	Prbg.g_00298	Prbc.g_01658
OG0001065	Prbj	Prbg.g_00298	Prbj.g_01794
OG0001065	Prbk	Prbg.g_00298	Prbk.g_01117
OG0001065	Prbl	Prbg.g_00298	Prbl.g_01788
OG0001065	Praf	Prbg.g_00298	Praf.g_00725
OG0001065	Prah	Prbg.g_00298	Prah.g_01432
OG0001065	Syag	Prbg.g_00298	Syag.g_00312
OG0001065	Syak	Prbg.g_00298	Syak.g_02706
OG0001065	Syab	Prbg.g_00298	Syab.g_01976
OG0001065	Syal	Prbg.g_00298	Syal.g_02774
OG0001065	Syaa	Prbg.g_00298	Syaa.g_01910
OG0001065	Syae	Prbg.g_00298	Syae.g_02442
OG0001065	Syac	Prbg.g_00298	Syac.g_01771
OG0001065	Syah	Prbg.g_00298	Syah.g_01131
OG0001065	Syaf	Prbg.g_00298	Syaf.g_02581
OG0001065	Syai	Prbg.g_00298	Syai.g_00776
OG0001065	Syam	Prbg.g_00298	Syam.g_01735
OG0001065	Syad	Prbg.g_00298	Syad.g_01058
OG0001065	Syaj	Prbg.g_00298	Syaj.g_00224
OG0001065	Syaq	Prbg.g_00298	Syaq.g_01970
OG0001065	Syan	Prbg.g_00298	Syan.g_00947
OG0001065	Syao	Prbg.g_00298	Syao.g_01040
OG0001065	Syar	Prbg.g_00298	Syar.g_02207
OG0001065	Syas	Prbg.g_00298	Syas.g_00832
OG0001065	Syat	Prbg.g_00298	Syat.g_00040
OG0001065	Pral	Prbg.g_00298	Pral.g_00508
OG0001065	Prat	Prbg.g_00298	Prat.g_00544
OG0001065	Pram	Prbg.g_00298	Pram.g_00518
OG0001065	Prbh	Prbg.g_00298	Prbh.g_00249
OG0001065	Prak	Prbg.g_00298	Prak.g_00540
OG0001065	Prap	Prbg.g_00298	Prap.g_01189
OG0001065	Prbe	Prbg.g_00298	Prbe.g_00555
OG0001065	Prbf	Prbg.g_00298	Prbf.g_01861
OG0001065	Prbn	Prbg.g_00298	Prbn.g_00536
OG0001066	Prac	Prbg.g_00299	Prac.g_00792
OG0001066	Praq	Prbg.g_00299	Praq.g_01022
OG0001066	Prar	Prbg.g_00299	Prar.g_01410
OG0001066	Prai	Prbg.g_00299	Prai.g_00609
OG0001066	Prau	Prbg.g_00299	Prau.g_00620
OG0001066	Prab	Prbg.g_00299	Prab.g_00585
OG0001066	Pran	Prbg.g_00299	Pran.g_01597
OG0001066	Pras	Prbg.g_00299	Pras.g_01457
OG0001066	Prag	Prbg.g_00299	Prag.g_00559
OG0001066	Praw	Prbg.g_00299	Praw.g_01928
OG0001066	Prad	Prbg.g_00299	Prad.g_01370
OG0001066	Prav	Prbg.g_00299	Prav.g_01178
OG0001066	Prao	Prbg.g_00299	Prao.g_00020
OG0001066	Prbd	Prbg.g_00299	Prbd.g_00662
OG0001066	Pray	Prbg.g_00299	Pray.g_01181
OG0001066	Praz	Prbg.g_00299	Praz.g_01748
OG0001066	Prba	Prbg.g_00299	Prba.g_01735
OG0001066	Prae	Prbg.g_00299	Prae.g_00555
OG0001066	Praa	Prbg.g_00299	Praa.g_00581
OG0001066	Prbi	Prbg.g_00299	Prbi.g_00583
OG0001066	Prax	Prbg.g_00299	Prax.g_00041
OG0001066	Prbm	Prbg.g_00299	Prbm.g_00612
OG0001066	Praj	Prbg.g_00299	Praj.g_00570
OG0001066	Prbb	Prbg.g_00299	Prbb.g_00583
OG0001066	Prbc	Prbg.g_00299	Prbc.g_01659
OG0001066	Syak	Prbg.g_00299	Syak.g_02707
OG0001066	Syaq	Prbg.g_00299	Syaq.g_01971
OG0001066	Syac	Prbg.g_00299	Syac.g_01770
OG0001066	Syah	Prbg.g_00299	Syah.g_01132
OG0001066	Syae	Prbg.g_00299	Syae.g_02443
OG0001066	Syad	Prbg.g_00299	Syad.g_01059
OG0001066	Syaj	Prbg.g_00299	Syaj.g_00225
OG0001066	Syaa	Prbg.g_00299	Syaa.g_01909
OG0001066	Syam	Prbg.g_00299	Syam.g_01734
OG0001066	Syaf	Prbg.g_00299	Syaf.g_02580
OG0001066	Syai	Prbg.g_00299	Syai.g_00777
OG0001066	Syag	Prbg.g_00299	Syag.g_00313
OG0001066	Syab	Prbg.g_00299	Syab.g_01975
OG0001066	Syal	Prbg.g_00299	Syal.g_02773
OG0001066	Prbj	Prbg.g_00299	Prbj.g_01793
OG0001066	Prbk	Prbg.g_00299	Prbk.g_01118
OG0001066	Prbl	Prbg.g_00299	Prbl.g_01787
OG0001066	Praf	Prbg.g_00299	Praf.g_00726
OG0001066	Prah	Prbg.g_00299	Prah.g_01431
OG0001066	Syan	Prbg.g_00299	Syan.g_00948
OG0001066	Syao	Prbg.g_00299	Syao.g_01039
OG0001066	Syat	Prbg.g_00299	Syat.g_00039
OG0001066	Syar	Prbg.g_00299	Syar.g_02206
OG0001066	Syas	Prbg.g_00299	Syas.g_00833
OG0001066	Pral	Prbg.g_00299	Pral.g_00507
OG0001066	Prat	Prbg.g_00299	Prat.g_00545
OG0001066	Pram	Prbg.g_00299	Pram.g_00519
OG0001066	Prbh	Prbg.g_00299	Prbh.g_00248
OG0001066	Prak	Prbg.g_00299	Prak.g_00541
OG0001066	Prap	Prbg.g_00299	Prap.g_01188
OG0001066	Prbe	Prbg.g_00299	Prbe.g_00554
OG0001066	Prbf	Prbg.g_00299	Prbf.g_01862
OG0001066	Prbn	Prbg.g_00299	Prbn.g_00535
OG0001067	Prab	Prbg.g_00300	Prab.g_00586
OG0001067	Pran	Prbg.g_00300	Pran.g_01596
OG0001067	Prai	Prbg.g_00300	Prai.g_00610
OG0001067	Prac	Prbg.g_00300	Prac.g_00791
OG0001067	Praq	Prbg.g_00300	Praq.g_01021
OG0001067	Prar	Prbg.g_00300	Prar.g_01411
OG0001067	Prag	Prbg.g_00300	Prag.g_00560
OG0001067	Praw	Prbg.g_00300	Praw.g_01929
OG0001067	Prav	Prbg.g_00300	Prav.g_01179
OG0001067	Prao	Prbg.g_00300	Prao.g_00021
OG0001067	Prad	Prbg.g_00300	Prad.g_01371
OG0001067	Pras	Prbg.g_00300	Pras.g_01459
OG0001067	Prau	Prbg.g_00300	Prau.g_00621
OG0001067	Pray	Prbg.g_00300	Pray.g_01180
OG0001067	Praz	Prbg.g_00300	Praz.g_01747
OG0001067	Prba	Prbg.g_00300	Prba.g_01734
OG0001067	Prax	Prbg.g_00300	Prax.g_00042
OG0001067	Prbd	Prbg.g_00300	Prbd.g_00661
OG0001067	Praa	Prbg.g_00300	Praa.g_00582
OG0001067	Prae	Prbg.g_00300	Prae.g_00556
OG0001067	Prbi	Prbg.g_00300	Prbi.g_00584
OG0001067	Prbm	Prbg.g_00300	Prbm.g_00613
OG0001067	Praj	Prbg.g_00300	Praj.g_00571
OG0001067	Prbc	Prbg.g_00300	Prbc.g_01660
OG0001067	Prbb	Prbg.g_00300	Prbb.g_00584
OG0001067	Prah	Prbg.g_00300	Prah.g_01430
OG0001067	Praf	Prbg.g_00300	Praf.g_00728
OG0001067	Prbj	Prbg.g_00300	Prbj.g_01792
OG0001067	Prbk	Prbg.g_00300	Prbk.g_01119
OG0001067	Prbl	Prbg.g_00300	Prbl.g_01786
OG0001067	Syad	Prbg.g_00300	Syad.g_01060
OG0001067	Syaj	Prbg.g_00300	Syaj.g_00226
OG0001067	Syaa	Prbg.g_00300	Syaa.g_01908
OG0001067	Syac	Prbg.g_00300	Syac.g_01769
OG0001067	Syah	Prbg.g_00300	Syah.g_01133
OG0001067	Syae	Prbg.g_00300	Syae.g_02444
OG0001067	Syam	Prbg.g_00300	Syam.g_01733
OG0001067	Syai	Prbg.g_00300	Syai.g_00778
OG0001067	Syaf	Prbg.g_00300	Syaf.g_02579
OG0001067	Syab	Prbg.g_00300	Syab.g_01974
OG0001067	Syal	Prbg.g_00300	Syal.g_02772
OG0001067	Syak	Prbg.g_00300	Syak.g_02708
OG0001067	Syag	Prbg.g_00300	Syag.g_00314
OG0001067	Syaq	Prbg.g_00300	Syaq.g_01972
OG0001067	Syan	Prbg.g_00300	Syan.g_00949
OG0001067	Syao	Prbg.g_00300	Syao.g_01038
OG0001067	Syar	Prbg.g_00300	Syar.g_02205
OG0001067	Syas	Prbg.g_00300	Syas.g_00834
OG0001067	Syat	Prbg.g_00300	Syat.g_00038
OG0001067	Pral	Prbg.g_00300	Pral.g_00506
OG0001067	Prat	Prbg.g_00300	Prat.g_00546
OG0001067	Pram	Prbg.g_00300	Pram.g_00520
OG0001067	Prbh	Prbg.g_00300	Prbh.g_00247
OG0001067	Prak	Prbg.g_00300	Prak.g_00542
OG0001067	Prap	Prbg.g_00300	Prap.g_01187
OG0001067	Prbe	Prbg.g_00300	Prbe.g_00553
OG0001067	Prbf	Prbg.g_00300	Prbf.g_01863
OG0001067	Prbn	Prbg.g_00300	Prbn.g_00534
OG0001068	Prab	Prbg.g_00301	Prab.g_00587
OG0001068	Pran	Prbg.g_00301	Pran.g_01595
OG0001068	Prai	Prbg.g_00301	Prai.g_00611
OG0001068	Prac	Prbg.g_00301	Prac.g_00790
OG0001068	Praq	Prbg.g_00301	Praq.g_01020
OG0001068	Prar	Prbg.g_00301	Prar.g_01412
OG0001068	Prag	Prbg.g_00301	Prag.g_00561
OG0001068	Praw	Prbg.g_00301	Praw.g_01930
OG0001068	Prav	Prbg.g_00301	Prav.g_01180
OG0001068	Pras	Prbg.g_00301	Pras.g_01460
OG0001068	Prau	Prbg.g_00301	Prau.g_00622
OG0001068	Praa	Prbg.g_00301	Praa.g_00583
OG0001068	Prbi	Prbg.g_00301	Prbi.g_00585
OG0001068	Prbd	Prbg.g_00301	Prbd.g_00660
OG0001068	Prae	Prbg.g_00301	Prae.g_00557
OG0001068	Pray	Prbg.g_00301	Pray.g_01179
OG0001068	Praz	Prbg.g_00301	Praz.g_01746
OG0001068	Prba	Prbg.g_00301	Prba.g_01733
OG0001068	Prax	Prbg.g_00301	Prax.g_00043
OG0001068	Prad	Prbg.g_00301	Prad.g_01372
OG0001068	Prao	Prbg.g_00301	Prao.g_00022
OG0001068	Prbj	Prbg.g_00301	Prbj.g_01791
OG0001068	Prbk	Prbg.g_00301	Prbk.g_01120
OG0001068	Prbl	Prbg.g_00301	Prbl.g_01785
OG0001068	Praf	Prbg.g_00301	Praf.g_00729
OG0001068	Prah	Prbg.g_00301	Prah.g_01429
OG0001068	Syag	Prbg.g_00301	Syag.g_00315
OG0001068	Syaq	Prbg.g_00301	Syaq.g_01973
OG0001068	Syas	Prbg.g_00301	Syas.g_00835
OG0001068	Syan	Prbg.g_00301	Syan.g_00950
OG0001068	Syao	Prbg.g_00301	Syao.g_01037
OG0001068	Syat	Prbg.g_00301	Syat.g_00037
OG0001068	Syar	Prbg.g_00301	Syar.g_02204
OG0001068	Syab	Prbg.g_00301	Syab.g_01973
OG0001068	Syal	Prbg.g_00301	Syal.g_02771
OG0001068	Syae	Prbg.g_00301	Syae.g_02445
OG0001068	Syad	Prbg.g_00301	Syad.g_01061
OG0001068	Syaj	Prbg.g_00301	Syaj.g_00227
OG0001068	Syam	Prbg.g_00301	Syam.g_01732
OG0001068	Syaf	Prbg.g_00301	Syaf.g_02578
OG0001068	Syai	Prbg.g_00301	Syai.g_00779
OG0001068	Syac	Prbg.g_00301	Syac.g_01768
OG0001068	Syah	Prbg.g_00301	Syah.g_01134
OG0001068	Syaa	Prbg.g_00301	Syaa.g_01907
OG0001068	Syak	Prbg.g_00301	Syak.g_02709
OG0001068	Prbm	Prbg.g_00301	Prbm.g_00614
OG0001068	Prbc	Prbg.g_00301	Prbc.g_01661
OG0001068	Praj	Prbg.g_00301	Praj.g_00572
OG0001068	Prbb	Prbg.g_00301	Prbb.g_00585
OG0001068	Pral	Prbg.g_00301	Pral.g_00505
OG0001068	Prat	Prbg.g_00301	Prat.g_00547
OG0001068	Pram	Prbg.g_00301	Pram.g_00521
OG0001068	Prbh	Prbg.g_00301	Prbh.g_00246
OG0001068	Prak	Prbg.g_00301	Prak.g_00543
OG0001068	Prap	Prbg.g_00301	Prap.g_01186
OG0001068	Prbe	Prbg.g_00301	Prbe.g_00552
OG0001068	Prbf	Prbg.g_00301	Prbf.g_01864
OG0001068	Prbn	Prbg.g_00301	Prbn.g_00533
OG0001069	Prab	Prbg.g_00302	Prab.g_00588
OG0001069	Pran	Prbg.g_00302	Pran.g_01594
OG0001069	Prai	Prbg.g_00302	Prai.g_00612
OG0001069	Prag	Prbg.g_00302	Prag.g_00562
OG0001069	Praw	Prbg.g_00302	Praw.g_01931
OG0001069	Prav	Prbg.g_00302	Prav.g_01181
OG0001069	Prac	Prbg.g_00302	Prac.g_00789
OG0001069	Praq	Prbg.g_00302	Praq.g_01019
OG0001069	Prar	Prbg.g_00302	Prar.g_01413
OG0001069	Prae	Prbg.g_00302	Prae.g_00558
OG0001069	Prbd	Prbg.g_00302	Prbd.g_00659
OG0001069	Pray	Prbg.g_00302	Pray.g_01178
OG0001069	Praz	Prbg.g_00302	Praz.g_01745
OG0001069	Prba	Prbg.g_00302	Prba.g_01732
OG0001069	Prbi	Prbg.g_00302	Prbi.g_00586
OG0001069	Praa	Prbg.g_00302	Praa.g_00584
OG0001069	Prax	Prbg.g_00302	Prax.g_00044
OG0001069	Prao	Prbg.g_00302	Prao.g_00023
OG0001069	Pras	Prbg.g_00302	Pras.g_01461
OG0001069	Prau	Prbg.g_00302	Prau.g_00623
OG0001069	Prad	Prbg.g_00302	Prad.g_01373
OG0001069	Prbm	Prbg.g_00302	Prbm.g_00615
OG0001069	Praj	Prbg.g_00302	Praj.g_00573
OG0001069	Prbb	Prbg.g_00302	Prbb.g_00586
OG0001069	Prbc	Prbg.g_00302	Prbc.g_01662
OG0001069	Pral	Prbg.g_00302	Pral.g_00504
OG0001069	Prat	Prbg.g_00302	Prat.g_00548
OG0001069	Prbj	Prbg.g_00302	Prbj.g_01790
OG0001069	Prbk	Prbg.g_00302	Prbk.g_01121
OG0001069	Prbl	Prbg.g_00302	Prbl.g_01784
OG0001069	Praf	Prbg.g_00302	Praf.g_00730
OG0001069	Prah	Prbg.g_00302	Prah.g_01428
OG0001069	Syaq	Prbg.g_00302	Syaq.g_01974
OG0001069	Syag	Prbg.g_00302	Syag.g_00317
OG0001069	Syak	Prbg.g_00302	Syak.g_02710
OG0001069	Syab	Prbg.g_00302	Syab.g_01972
OG0001069	Syal	Prbg.g_00302	Syal.g_02770
OG0001069	Syae	Prbg.g_00302	Syae.g_02446
OG0001069	Syad	Prbg.g_00302	Syad.g_01062
OG0001069	Syaj	Prbg.g_00302	Syaj.g_00228
OG0001069	Syac	Prbg.g_00302	Syac.g_01767
OG0001069	Syah	Prbg.g_00302	Syah.g_01135
OG0001069	Syaa	Prbg.g_00302	Syaa.g_01906
OG0001069	Syaf	Prbg.g_00302	Syaf.g_02577
OG0001069	Syai	Prbg.g_00302	Syai.g_00780
OG0001069	Syam	Prbg.g_00302	Syam.g_01731
OG0001069	Syat	Prbg.g_00302	Syat.g_00036
OG0001069	Syar	Prbg.g_00302	Syar.g_02203
OG0001069	Syas	Prbg.g_00302	Syas.g_00836
OG0001069	Syan	Prbg.g_00302	Syan.g_00951
OG0001069	Syao	Prbg.g_00302	Syao.g_01036
OG0001069	Pram	Prbg.g_00302	Pram.g_00522
OG0001069	Prbh	Prbg.g_00302	Prbh.g_00245
OG0001069	Prak	Prbg.g_00302	Prak.g_00544
OG0001069	Prap	Prbg.g_00302	Prap.g_01185
OG0001069	Prbe	Prbg.g_00302	Prbe.g_00551
OG0001069	Prbf	Prbg.g_00302	Prbf.g_01865
OG0001069	Prbn	Prbg.g_00302	Prbn.g_00532
OG0001070	Prab	Prbg.g_00306	Prab.g_00591
OG0001070	Pran	Prbg.g_00306	Pran.g_01591
OG0001070	Prai	Prbg.g_00306	Prai.g_00615
OG0001070	Prav	Prbg.g_00306	Prav.g_01184
OG0001070	Prac	Prbg.g_00306	Prac.g_00786
OG0001070	Praq	Prbg.g_00306	Praq.g_01016
OG0001070	Prar	Prbg.g_00306	Prar.g_01416
OG0001070	Prao	Prbg.g_00306	Prao.g_00026
OG0001070	Prag	Prbg.g_00306	Prag.g_00565
OG0001070	Praw	Prbg.g_00306	Praw.g_01934
OG0001070	Prad	Prbg.g_00306	Prad.g_01376
OG0001070	Pras	Prbg.g_00306	Pras.g_01464
OG0001070	Prau	Prbg.g_00306	Prau.g_00626
OG0001070	Pray	Prbg.g_00306	Pray.g_01175
OG0001070	Praz	Prbg.g_00306	Praz.g_01742
OG0001070	Prba	Prbg.g_00306	Prba.g_01729
OG0001070	Prbd	Prbg.g_00306	Prbd.g_00656
OG0001070	Praa	Prbg.g_00306	Praa.g_00587
OG0001070	Prae	Prbg.g_00306	Prae.g_00561
OG0001070	Prax	Prbg.g_00306	Prax.g_00047
OG0001070	Prbi	Prbg.g_00306	Prbi.g_00589
OG0001070	Prbm	Prbg.g_00306	Prbm.g_00617
OG0001070	Prbb	Prbg.g_00306	Prbb.g_00588
OG0001070	Praj	Prbg.g_00306	Praj.g_00575
OG0001070	Prbc	Prbg.g_00306	Prbc.g_01664
OG0001070	Prbj	Prbg.g_00306	Prbj.g_01786
OG0001070	Prbk	Prbg.g_00306	Prbk.g_01125
OG0001070	Prbl	Prbg.g_00306	Prbl.g_01780
OG0001070	Praf	Prbg.g_00306	Praf.g_00734
OG0001070	Prah	Prbg.g_00306	Prah.g_01424
OG0001070	Syag	Prbg.g_00306	Syag.g_00321
OG0001070	Syaq	Prbg.g_00306	Syaq.g_01978
OG0001070	Syak	Prbg.g_00306	Syak.g_02714
OG0001070	Syab	Prbg.g_00306	Syab.g_01968
OG0001070	Syal	Prbg.g_00306	Syal.g_02766
OG0001070	Syan	Prbg.g_00306	Syan.g_00955
OG0001070	Syao	Prbg.g_00306	Syao.g_01032
OG0001070	Syar	Prbg.g_00306	Syar.g_02200
OG0001070	Syas	Prbg.g_00306	Syas.g_00840
OG0001070	Syat	Prbg.g_00306	Syat.g_00032
OG0001070	Syaa	Prbg.g_00306	Syaa.g_01903
OG0001070	Syac	Prbg.g_00306	Syac.g_01764
OG0001070	Syah	Prbg.g_00306	Syah.g_01138
OG0001070	Syaf	Prbg.g_00306	Syaf.g_02574
OG0001070	Syai	Prbg.g_00306	Syai.g_00783
OG0001070	Syam	Prbg.g_00306	Syam.g_01728
OG0001070	Syae	Prbg.g_00306	Syae.g_02449
OG0001070	Syad	Prbg.g_00306	Syad.g_01065
OG0001070	Syaj	Prbg.g_00306	Syaj.g_00231
OG0001070	Pral	Prbg.g_00306	Pral.g_00502
OG0001070	Prat	Prbg.g_00306	Prat.g_00550
OG0001070	Pram	Prbg.g_00306	Pram.g_00524
OG0001070	Prbh	Prbg.g_00306	Prbh.g_00243
OG0001070	Prak	Prbg.g_00306	Prak.g_00548
OG0001070	Prap	Prbg.g_00306	Prap.g_01181
OG0001070	Prbe	Prbg.g_00306	Prbe.g_00547
OG0001070	Prbf	Prbg.g_00306	Prbf.g_01869
OG0001070	Prbn	Prbg.g_00306	Prbn.g_00528
OG0001071	Prab	Prbg.g_00307	Prab.g_00592
OG0001071	Pran	Prbg.g_00307	Pran.g_01590
OG0001071	Prai	Prbg.g_00307	Prai.g_00616
OG0001071	Prao	Prbg.g_00307	Prao.g_00027
OG0001071	Prav	Prbg.g_00307	Prav.g_01185
OG0001071	Prac	Prbg.g_00307	Prac.g_00785
OG0001071	Praq	Prbg.g_00307	Praq.g_01015
OG0001071	Prar	Prbg.g_00307	Prar.g_01417
OG0001071	Prag	Prbg.g_00307	Prag.g_00566
OG0001071	Praw	Prbg.g_00307	Praw.g_01935
OG0001071	Prbd	Prbg.g_00307	Prbd.g_00655
OG0001071	Prax	Prbg.g_00307	Prax.g_00048
OG0001071	Prbi	Prbg.g_00307	Prbi.g_00590
OG0001071	Prae	Prbg.g_00307	Prae.g_00562
OG0001071	Pray	Prbg.g_00307	Pray.g_01174
OG0001071	Praz	Prbg.g_00307	Praz.g_01741
OG0001071	Prba	Prbg.g_00307	Prba.g_01728
OG0001071	Praa	Prbg.g_00307	Praa.g_00588
OG0001071	Prad	Prbg.g_00307	Prad.g_01377
OG0001071	Pras	Prbg.g_00307	Pras.g_01465
OG0001071	Prau	Prbg.g_00307	Prau.g_00627
OG0001071	Prbm	Prbg.g_00307	Prbm.g_00618
OG0001071	Prbc	Prbg.g_00307	Prbc.g_01665
OG0001071	Praj	Prbg.g_00307	Praj.g_00576
OG0001071	Prbb	Prbg.g_00307	Prbb.g_00589
OG0001071	Syak	Prbg.g_00307	Syak.g_02715
OG0001071	Syab	Prbg.g_00307	Syab.g_01967
OG0001071	Syal	Prbg.g_00307	Syal.g_02765
OG0001071	Syag	Prbg.g_00307	Syag.g_00322
OG0001071	Syaq	Prbg.g_00307	Syaq.g_01979
OG0001071	Syar	Prbg.g_00307	Syar.g_02199
OG0001071	Syan	Prbg.g_00307	Syan.g_00956
OG0001071	Syao	Prbg.g_00307	Syao.g_01031
OG0001071	Syas	Prbg.g_00307	Syas.g_00841
OG0001071	Syat	Prbg.g_00307	Syat.g_00031
OG0001071	Syae	Prbg.g_00307	Syae.g_02450
OG0001071	Syad	Prbg.g_00307	Syad.g_01066
OG0001071	Syaj	Prbg.g_00307	Syaj.g_00232
OG0001071	Syaa	Prbg.g_00307	Syaa.g_01902
OG0001071	Syai	Prbg.g_00307	Syai.g_00784
OG0001071	Syaf	Prbg.g_00307	Syaf.g_02573
OG0001071	Syam	Prbg.g_00307	Syam.g_01727
OG0001071	Syac	Prbg.g_00307	Syac.g_01763
OG0001071	Syah	Prbg.g_00307	Syah.g_01139
OG0001071	Prbj	Prbg.g_00307	Prbj.g_01785
OG0001071	Prbk	Prbg.g_00307	Prbk.g_01126
OG0001071	Prbl	Prbg.g_00307	Prbl.g_01779
OG0001071	Praf	Prbg.g_00307	Praf.g_00735
OG0001071	Prah	Prbg.g_00307	Prah.g_01423
OG0001071	Pral	Prbg.g_00307	Pral.g_00501
OG0001071	Prat	Prbg.g_00307	Prat.g_00551
OG0001071	Pram	Prbg.g_00307	Pram.g_00525
OG0001071	Prbh	Prbg.g_00307	Prbh.g_00242
OG0001071	Prak	Prbg.g_00307	Prak.g_00549
OG0001071	Prap	Prbg.g_00307	Prap.g_01180
OG0001071	Prbe	Prbg.g_00307	Prbe.g_00546
OG0001071	Prbf	Prbg.g_00307	Prbf.g_01870
OG0001071	Prbn	Prbg.g_00307	Prbn.g_00527
OG0001072	Prab	Prbg.g_00309	Prab.g_00594
OG0001072	Pran	Prbg.g_00309	Pran.g_01588
OG0001072	Prai	Prbg.g_00309	Prai.g_00618
OG0001072	Prav	Prbg.g_00309	Prav.g_01186
OG0001072	Prag	Prbg.g_00309	Prag.g_00568
OG0001072	Praa	Prbg.g_00309	Praa.g_00590
OG0001072	Prao	Prbg.g_00309	Prao.g_00028
OG0001072	Prad	Prbg.g_00309	Prad.g_01379
OG0001072	Prbd	Prbg.g_00309	Prbd.g_00654
OG0001072	Prax	Prbg.g_00309	Prax.g_00049
OG0001072	Prbi	Prbg.g_00309	Prbi.g_00592
OG0001072	Prae	Prbg.g_00309	Prae.g_00564
OG0001072	Pray	Prbg.g_00309	Pray.g_01173
OG0001072	Praz	Prbg.g_00309	Praz.g_01740
OG0001072	Prba	Prbg.g_00309	Prba.g_01727
OG0001072	Pras	Prbg.g_00309	Pras.g_01466
OG0001072	Prau	Prbg.g_00309	Prau.g_00628
OG0001072	Prac	Prbg.g_00309	Prac.g_00783
OG0001072	Praq	Prbg.g_00309	Praq.g_01013
OG0001072	Prar	Prbg.g_00309	Prar.g_01419
OG0001072	Syan	Prbg.g_00309	Syan.g_00960
OG0001072	Syao	Prbg.g_00309	Syao.g_01027
OG0001072	Syar	Prbg.g_00309	Syar.g_02195
OG0001072	Syas	Prbg.g_00309	Syas.g_00844
OG0001072	Syap	Prbg.g_00309	Syap.g_00441
OG0001072	Syat	Prbg.g_00309	Syat.g_00028
OG0001072	Syac	Prbg.g_00309	Syac.g_01758
OG0001072	Syah	Prbg.g_00309	Syah.g_01144
OG0001072	Syad	Prbg.g_00309	Syad.g_01070
OG0001072	Syaj	Prbg.g_00309	Syaj.g_00236
OG0001072	Syae	Prbg.g_00309	Syae.g_02454
OG0001072	Syaa	Prbg.g_00309	Syaa.g_01898
OG0001072	Syaf	Prbg.g_00309	Syaf.g_02569
OG0001072	Syai	Prbg.g_00309	Syai.g_00788
OG0001072	Syam	Prbg.g_00309	Syam.g_01723
OG0001072	Syaq	Prbg.g_00309	Syaq.g_01983
OG0001072	Syag	Prbg.g_00309	Syag.g_00327
OG0001072	Praf	Prbg.g_00309	Praf.g_00738
OG0001072	Prbj	Prbg.g_00309	Prbj.g_01782
OG0001072	Prbk	Prbg.g_00309	Prbk.g_01129
OG0001072	Prbl	Prbg.g_00309	Prbl.g_01776
OG0001072	Prah	Prbg.g_00309	Prah.g_01418
OG0001072	Syak	Prbg.g_00309	Syak.g_02721
OG0001072	Syab	Prbg.g_00309	Syab.g_01962
OG0001072	Syal	Prbg.g_00309	Syal.g_02761
OG0001072	Prbm	Prbg.g_00309	Prbm.g_00619
OG0001072	Praj	Prbg.g_00309	Praj.g_00577
OG0001072	Prbb	Prbg.g_00309	Prbb.g_00590
OG0001072	Prbc	Prbg.g_00309	Prbc.g_01666
OG0001072	Pral	Prbg.g_00309	Pral.g_00499
OG0001072	Prat	Prbg.g_00309	Prat.g_00552
OG0001072	Pram	Prbg.g_00309	Pram.g_00527
OG0001072	Prbh	Prbg.g_00309	Prbh.g_00240
OG0001072	Prak	Prbg.g_00309	Prak.g_00551
OG0001072	Prap	Prbg.g_00309	Prap.g_01178
OG0001072	Prbe	Prbg.g_00309	Prbe.g_00544
OG0001072	Prbf	Prbg.g_00309	Prbf.g_01872
OG0001072	Prbn	Prbg.g_00309	Prbn.g_00525
OG0001073	Prab	Prbg.g_00323	Prab.g_00608
OG0001073	Pran	Prbg.g_00323	Pran.g_01574
OG0001073	Prai	Prbg.g_00323	Prai.g_00632
OG0001073	Praa	Prbg.g_00323	Praa.g_00604
OG0001073	Prav	Prbg.g_00323	Prav.g_01200
OG0001073	Prbd	Prbg.g_00323	Prbd.g_00640
OG0001073	Prbi	Prbg.g_00323	Prbi.g_00606
OG0001073	Prag	Prbg.g_00323	Prag.g_00582
OG0001073	Praw	Prbg.g_00323	Praw.g_00140
OG0001073	Prax	Prbg.g_00323	Prax.g_00063
OG0001073	Pray	Prbg.g_00323	Pray.g_01159
OG0001073	Praz	Prbg.g_00323	Praz.g_01726
OG0001073	Prba	Prbg.g_00323	Prba.g_01713
OG0001073	Prae	Prbg.g_00323	Prae.g_00578
OG0001073	Prao	Prbg.g_00323	Prao.g_00042
OG0001073	Pras	Prbg.g_00323	Pras.g_01480
OG0001073	Prac	Prbg.g_00323	Prac.g_00767
OG0001073	Praq	Prbg.g_00323	Praq.g_00998
OG0001073	Prar	Prbg.g_00323	Prar.g_01434
OG0001073	Prad	Prbg.g_00323	Prad.g_01393
OG0001073	Prau	Prbg.g_00323	Prau.g_00642
OG0001073	Syad	Prbg.g_00323	Syad.g_01090
OG0001073	Syag	Prbg.g_00323	Syag.g_00342
OG0001073	Syab	Prbg.g_00323	Syab.g_01947
OG0001073	Syal	Prbg.g_00323	Syal.g_02746
OG0001073	Syaf	Prbg.g_00323	Syaf.g_02555
OG0001073	Syai	Prbg.g_00323	Syai.g_00807
OG0001073	Syam	Prbg.g_00323	Syam.g_01709
OG0001073	Syaj	Prbg.g_00323	Syaj.g_00254
OG0001073	Syak	Prbg.g_00323	Syak.g_02736
OG0001073	Syaa	Prbg.g_00323	Syaa.g_01884
OG0001073	Syae	Prbg.g_00323	Syae.g_02468
OG0001073	Syaq	Prbg.g_00323	Syaq.g_01998
OG0001073	Pral	Prbg.g_00323	Pral.g_00485
OG0001073	Praj	Prbg.g_00323	Praj.g_00591
OG0001073	Prbb	Prbg.g_00323	Prbb.g_00604
OG0001073	Prbc	Prbg.g_00323	Prbc.g_01680
OG0001073	Prbm	Prbg.g_00323	Prbm.g_00634
OG0001073	Praf	Prbg.g_00323	Praf.g_00758
OG0001073	Prbj	Prbg.g_00323	Prbj.g_01763
OG0001073	Prbk	Prbg.g_00323	Prbk.g_01148
OG0001073	Prbl	Prbg.g_00323	Prbl.g_01757
OG0001073	Prah	Prbg.g_00323	Prah.g_01399
OG0001073	Prat	Prbg.g_00323	Prat.g_00566
OG0001073	Syan	Prbg.g_00323	Syan.g_01012
OG0001073	Syao	Prbg.g_00323	Syao.g_00991
OG0001073	Syar	Prbg.g_00323	Syar.g_02182
OG0001073	Syas	Prbg.g_00323	Syas.g_00855
OG0001073	Syap	Prbg.g_00323	Syap.g_00122, Syap.g_00455
OG0001073	Syat	Prbg.g_00323	Syat.g_00009
OG0001073	Pram	Prbg.g_00323	Pram.g_00541
OG0001073	Prbh	Prbg.g_00323	Prbh.g_00226
OG0001073	Prak	Prbg.g_00323	Prak.g_00565
OG0001073	Prap	Prbg.g_00323	Prap.g_01164
OG0001073	Prbe	Prbg.g_00323	Prbe.g_00530
OG0001073	Prbf	Prbg.g_00323	Prbf.g_01886
OG0001073	Prbn	Prbg.g_00323	Prbn.g_00511
OG0001074	Prab	Prbg.g_00335	Prab.g_00619
OG0001074	Pran	Prbg.g_00335	Pran.g_01563
OG0001074	Prai	Prbg.g_00335	Prai.g_00643
OG0001074	Prag	Prbg.g_00335	Prag.g_00593
OG0001074	Praw	Prbg.g_00335	Praw.g_00151
OG0001074	Prao	Prbg.g_00335	Prao.g_00053
OG0001074	Prad	Prbg.g_00335	Prad.g_01404
OG0001074	Prac	Prbg.g_00335	Prac.g_00756
OG0001074	Praq	Prbg.g_00335	Praq.g_00987
OG0001074	Prar	Prbg.g_00335	Prar.g_01445
OG0001074	Prav	Prbg.g_00335	Prav.g_01211
OG0001074	Pras	Prbg.g_00335	Pras.g_01491
OG0001074	Prau	Prbg.g_00335	Prau.g_00653
OG0001074	Prbi	Prbg.g_00335	Prbi.g_00617
OG0001074	Prae	Prbg.g_00335	Prae.g_00589
OG0001074	Pray	Prbg.g_00335	Pray.g_01148
OG0001074	Praz	Prbg.g_00335	Praz.g_01715
OG0001074	Prba	Prbg.g_00335	Prba.g_01702
OG0001074	Praa	Prbg.g_00335	Praa.g_00615
OG0001074	Prax	Prbg.g_00335	Prax.g_00074
OG0001074	Prbd	Prbg.g_00335	Prbd.g_00629
OG0001074	Prbc	Prbg.g_00335	Prbc.g_01692
OG0001074	Prbm	Prbg.g_00335	Prbm.g_00646
OG0001074	Praj	Prbg.g_00335	Praj.g_00603
OG0001074	Prbb	Prbg.g_00335	Prbb.g_00616
OG0001074	Prah	Prbg.g_00335	Prah.g_00532
OG0001074	Praf	Prbg.g_00335	Praf.g_01659
OG0001074	Prbj	Prbg.g_00335	Prbj.g_02544
OG0001074	Prbk	Prbg.g_00335	Prbk.g_02602
OG0001074	Prbl	Prbg.g_00335	Prbl.g_01610
OG0001074	Syaa	Prbg.g_00335	Syaa.g_01678
OG0001074	Syac	Prbg.g_00335	Syac.g_00945
OG0001074	Syah	Prbg.g_00335	Syah.g_01970
OG0001074	Syae	Prbg.g_00335	Syae.g_00027
OG0001074	Syad	Prbg.g_00335	Syad.g_02197
OG0001074	Syaj	Prbg.g_00335	Syaj.g_01327
OG0001074	Syaf	Prbg.g_00335	Syaf.g_02365
OG0001074	Syai	Prbg.g_00335	Syai.g_01051
OG0001074	Syam	Prbg.g_00335	Syam.g_01504
OG0001074	Syag	Prbg.g_00335	Syag.g_00467
OG0001074	Syab	Prbg.g_00335	Syab.g_01815
OG0001074	Syal	Prbg.g_00335	Syal.g_02575
OG0001074	Syak	Prbg.g_00335	Syak.g_00098
OG0001074	Syaq	Prbg.g_00335	Syaq.g_02132
OG0001074	Syat	Prbg.g_00335	Syat.g_01015
OG0001074	Syar	Prbg.g_00335	Syar.g_02031
OG0001074	Syan	Prbg.g_00335	Syan.g_00202
OG0001074	Syao	Prbg.g_00335	Syao.g_00392
OG0001074	Syas	Prbg.g_00335	Syas.g_00157
OG0001074	Prat	Prbg.g_00335	Prat.g_00579
OG0001074	Pral	Prbg.g_00335	Pral.g_00472
OG0001074	Pram	Prbg.g_00335	Pram.g_00553
OG0001074	Prbh	Prbg.g_00335	Prbh.g_00214
OG0001074	Prak	Prbg.g_00335	Prak.g_00577
OG0001074	Prap	Prbg.g_00335	Prap.g_01152
OG0001074	Prbe	Prbg.g_00335	Prbe.g_00518
OG0001074	Prbf	Prbg.g_00335	Prbf.g_01898
OG0001074	Prbn	Prbg.g_00335	Prbn.g_00499
OG0001075	Prab	Prbg.g_00336	Prab.g_00620
OG0001075	Pran	Prbg.g_00336	Pran.g_01562
OG0001075	Prai	Prbg.g_00336	Prai.g_00644
OG0001075	Prag	Prbg.g_00336	Prag.g_00594
OG0001075	Praw	Prbg.g_00336	Praw.g_00152
OG0001075	Pray	Prbg.g_00336	Pray.g_01147
OG0001075	Praz	Prbg.g_00336	Praz.g_01714
OG0001075	Prba	Prbg.g_00336	Prba.g_01701
OG0001075	Prao	Prbg.g_00336	Prao.g_00054
OG0001075	Prad	Prbg.g_00336	Prad.g_01405
OG0001075	Prac	Prbg.g_00336	Prac.g_00755
OG0001075	Praq	Prbg.g_00336	Praq.g_00986
OG0001075	Prar	Prbg.g_00336	Prar.g_01446
OG0001075	Prav	Prbg.g_00336	Prav.g_01212
OG0001075	Pras	Prbg.g_00336	Pras.g_01492
OG0001075	Prau	Prbg.g_00336	Prau.g_00654
OG0001075	Prae	Prbg.g_00336	Prae.g_00590
OG0001075	Prbi	Prbg.g_00336	Prbi.g_00618
OG0001075	Prbd	Prbg.g_00336	Prbd.g_00628
OG0001075	Praa	Prbg.g_00336	Praa.g_00616
OG0001075	Prax	Prbg.g_00336	Prax.g_00075
OG0001075	Prbm	Prbg.g_00336	Prbm.g_00647
OG0001075	Prbc	Prbg.g_00336	Prbc.g_01693
OG0001075	Praj	Prbg.g_00336	Praj.g_00604
OG0001075	Prbb	Prbg.g_00336	Prbb.g_00617
OG0001075	Prbj	Prbg.g_00336	Prbj.g_02545
OG0001075	Prbk	Prbg.g_00336	Prbk.g_02603
OG0001075	Prbl	Prbg.g_00336	Prbl.g_01611
OG0001075	Praf	Prbg.g_00336	Praf.g_01661
OG0001075	Prah	Prbg.g_00336	Prah.g_00531
OG0001075	Syab	Prbg.g_00336	Syab.g_01919
OG0001075	Syal	Prbg.g_00336	Syal.g_02726
OG0001075	Syaq	Prbg.g_00336	Syaq.g_02025
OG0001075	Syak	Prbg.g_00336	Syak.g_02760
OG0001075	Syag	Prbg.g_00336	Syag.g_00362
OG0001075	Syar	Prbg.g_00336	Syar.g_02215
OG0001075	Syan	Prbg.g_00336	Syan.g_00200
OG0001075	Syao	Prbg.g_00336	Syao.g_00391
OG0001075	Syas	Prbg.g_00336	Syas.g_00163
OG0001075	Syat	Prbg.g_00336	Syat.g_01037
OG0001075	Syaa	Prbg.g_00336	Syaa.g_01676
OG0001075	Syac	Prbg.g_00336	Syac.g_00946
OG0001075	Syah	Prbg.g_00336	Syah.g_01969
OG0001075	Syaf	Prbg.g_00336	Syaf.g_02363
OG0001075	Syai	Prbg.g_00336	Syai.g_01053
OG0001075	Syam	Prbg.g_00336	Syam.g_01502
OG0001075	Syae	Prbg.g_00336	Syae.g_00029
OG0001075	Syad	Prbg.g_00336	Syad.g_02196
OG0001075	Syaj	Prbg.g_00336	Syaj.g_01325
OG0001075	Pral	Prbg.g_00336	Pral.g_00471
OG0001075	Prat	Prbg.g_00336	Prat.g_00580
OG0001075	Pram	Prbg.g_00336	Pram.g_00554
OG0001075	Prbh	Prbg.g_00336	Prbh.g_00213
OG0001075	Prak	Prbg.g_00336	Prak.g_00578
OG0001075	Prap	Prbg.g_00336	Prap.g_01151
OG0001075	Prbe	Prbg.g_00336	Prbe.g_00517
OG0001075	Prbf	Prbg.g_00336	Prbf.g_01899
OG0001075	Prbn	Prbg.g_00336	Prbn.g_00498
OG0001076	Prab	Prbg.g_00343	Prab.g_00629
OG0001076	Pran	Prbg.g_00343	Pran.g_01554
OG0001076	Prai	Prbg.g_00343	Prai.g_00653
OG0001076	Pray	Prbg.g_00343	Pray.g_01139
OG0001076	Praz	Prbg.g_00343	Praz.g_01706
OG0001076	Prba	Prbg.g_00343	Prba.g_01693
OG0001076	Prao	Prbg.g_00343	Prao.g_00063
OG0001076	Prag	Prbg.g_00343	Prag.g_00602
OG0001076	Praw	Prbg.g_00343	Praw.g_00160
OG0001076	Prav	Prbg.g_00343	Prav.g_01222
OG0001076	Prbi	Prbg.g_00343	Prbi.g_00626
OG0001076	Prac	Prbg.g_00343	Prac.g_00747
OG0001076	Praq	Prbg.g_00343	Praq.g_00978
OG0001076	Prar	Prbg.g_00343	Prar.g_01454
OG0001076	Prad	Prbg.g_00343	Prad.g_01413
OG0001076	Prae	Prbg.g_00343	Prae.g_00598
OG0001076	Prau	Prbg.g_00343	Prau.g_00664
OG0001076	Praa	Prbg.g_00343	Praa.g_00624
OG0001076	Pras	Prbg.g_00343	Pras.g_01500
OG0001076	Prbd	Prbg.g_00343	Prbd.g_00620
OG0001076	Prax	Prbg.g_00343	Prax.g_00083
OG0001076	Pral	Prbg.g_00343	Pral.g_00464
OG0001076	Prat	Prbg.g_00343	Prat.g_00587
OG0001076	Pram	Prbg.g_00343	Pram.g_00562
OG0001076	Prbh	Prbg.g_00343	Prbh.g_01459
OG0001076	Praf	Prbg.g_00343	Praf.g_01669
OG0001076	Prah	Prbg.g_00343	Prah.g_00523
OG0001076	Prbj	Prbg.g_00343	Prbj.g_02553
OG0001076	Prbk	Prbg.g_00343	Prbk.g_02611
OG0001076	Prbl	Prbg.g_00343	Prbl.g_01619
OG0001076	Syag	Prbg.g_00343	Syag.g_00378
OG0001076	Syak	Prbg.g_00343	Syak.g_00011
OG0001076	Syab	Prbg.g_00343	Syab.g_01897
OG0001076	Syal	Prbg.g_00343	Syal.g_02712
OG0001076	Syas	Prbg.g_00343	Syas.g_00113
OG0001076	Syar	Prbg.g_00343	Syar.g_02253
OG0001076	Syat	Prbg.g_00343	Syat.g_03315
OG0001076	Syan	Prbg.g_00343	Syan.g_00012
OG0001076	Syao	Prbg.g_00343	Syao.g_01339
OG0001076	Syaq	Prbg.g_00343	Syaq.g_02060
OG0001076	Syaa	Prbg.g_00343	Syaa.g_01659
OG0001076	Syam	Prbg.g_00343	Syam.g_01491
OG0001076	Syaf	Prbg.g_00343	Syaf.g_02337
OG0001076	Syai	Prbg.g_00343	Syai.g_01069
OG0001076	Syac	Prbg.g_00343	Syac.g_00956
OG0001076	Syah	Prbg.g_00343	Syah.g_01959
OG0001076	Syae	Prbg.g_00343	Syae.g_00050
OG0001076	Syad	Prbg.g_00343	Syad.g_02175
OG0001076	Syaj	Prbg.g_00343	Syaj.g_01305
OG0001076	Prbm	Prbg.g_00343	Prbm.g_00654
OG0001076	Prbb	Prbg.g_00343	Prbb.g_00624
OG0001076	Praj	Prbg.g_00343	Praj.g_00611
OG0001076	Prbc	Prbg.g_00343	Prbc.g_01700
OG0001076	Prak	Prbg.g_00343	Prak.g_00585
OG0001076	Prap	Prbg.g_00343	Prap.g_01144
OG0001076	Prbe	Prbg.g_00343	Prbe.g_00510
OG0001076	Prbf	Prbg.g_00343	Prbf.g_01906
OG0001076	Prbn	Prbg.g_00343	Prbn.g_00491
OG0001077	Prab	Prbg.g_00349	Prab.g_00633
OG0001077	Pran	Prbg.g_00349	Pran.g_01550
OG0001077	Prai	Prbg.g_00349	Prai.g_00657
OG0001077	Prao	Prbg.g_00349	Prao.g_00067
OG0001077	Prbi	Prbg.g_00349	Prbi.g_00630
OG0001077	Prac	Prbg.g_00349	Prac.g_00743
OG0001077	Praq	Prbg.g_00349	Praq.g_00974
OG0001077	Prar	Prbg.g_00349	Prar.g_01458
OG0001077	Pray	Prbg.g_00349	Pray.g_01135
OG0001077	Praz	Prbg.g_00349	Praz.g_01702
OG0001077	Prba	Prbg.g_00349	Prba.g_01689
OG0001077	Prad	Prbg.g_00349	Prad.g_01417
OG0001077	Prag	Prbg.g_00349	Prag.g_00606
OG0001077	Praw	Prbg.g_00349	Praw.g_00164
OG0001077	Prav	Prbg.g_00349	Prav.g_01226
OG0001077	Prae	Prbg.g_00349	Prae.g_00602
OG0001077	Praa	Prbg.g_00349	Praa.g_00628
OG0001077	Prau	Prbg.g_00349	Prau.g_00668
OG0001077	Pras	Prbg.g_00349	Pras.g_01504
OG0001077	Prax	Prbg.g_00349	Prax.g_00087
OG0001077	Prbd	Prbg.g_00349	Prbd.g_00616
OG0001077	Prbm	Prbg.g_00349	Prbm.g_00659
OG0001077	Praj	Prbg.g_00349	Praj.g_00616
OG0001077	Prbb	Prbg.g_00349	Prbb.g_00629
OG0001077	Prbc	Prbg.g_00349	Prbc.g_01705
OG0001077	Prbj	Prbg.g_00349	Prbj.g_02563
OG0001077	Prbk	Prbg.g_00349	Prbk.g_02621
OG0001077	Prbl	Prbg.g_00349	Prbl.g_01629
OG0001077	Praf	Prbg.g_00349	Praf.g_01680
OG0001077	Prah	Prbg.g_00349	Prah.g_00513
OG0001077	Syar	Prbg.g_00349	Syar.g_02240
OG0001077	Syac	Prbg.g_00349	Syac.g_00967
OG0001077	Syah	Prbg.g_00349	Syah.g_01948
OG0001077	Syaa	Prbg.g_00349	Syaa.g_01647
OG0001077	Syak	Prbg.g_00349	Syak.g_00024
OG0001077	Syaf	Prbg.g_00349	Syaf.g_02325
OG0001077	Syai	Prbg.g_00349	Syai.g_01081
OG0001077	Syam	Prbg.g_00349	Syam.g_01480
OG0001077	Syag	Prbg.g_00349	Syag.g_00388
OG0001077	Syan	Prbg.g_00349	Syan.g_01140
OG0001077	Syao	Prbg.g_00349	Syao.g_01323
OG0001077	Syas	Prbg.g_00349	Syas.g_00101
OG0001077	Syat	Prbg.g_00349	Syat.g_03290
OG0001077	Syab	Prbg.g_00349	Syab.g_01887
OG0001077	Syal	Prbg.g_00349	Syal.g_02702
OG0001077	Syaq	Prbg.g_00349	Syaq.g_02071
OG0001077	Syae	Prbg.g_00349	Syae.g_00061
OG0001077	Syad	Prbg.g_00349	Syad.g_02164
OG0001077	Syaj	Prbg.g_00349	Syaj.g_01294
OG0001077	Pral	Prbg.g_00349	Pral.g_00459
OG0001077	Prat	Prbg.g_00349	Prat.g_00592
OG0001077	Pram	Prbg.g_00349	Pram.g_00568
OG0001077	Prbh	Prbg.g_00349	Prbh.g_01453
OG0001077	Prak	Prbg.g_00349	Prak.g_00591
OG0001077	Prap	Prbg.g_00349	Prap.g_01138
OG0001077	Prbe	Prbg.g_00349	Prbe.g_00504
OG0001077	Prbf	Prbg.g_00349	Prbf.g_01912
OG0001077	Prbn	Prbg.g_00349	Prbn.g_00485
OG0001078	Prab	Prbg.g_01421	Prab.g_00641
OG0001078	Pran	Prbg.g_01421	Pran.g_01542
OG0001078	Prai	Prbg.g_01421	Prai.g_00665
OG0001078	Prac	Prbg.g_01421	Prac.g_00735
OG0001078	Praq	Prbg.g_01421	Praq.g_00966
OG0001078	Prar	Prbg.g_01421	Prar.g_01466
OG0001078	Prav	Prbg.g_01421	Prav.g_01234
OG0001078	Prag	Prbg.g_01421	Prag.g_00614
OG0001078	Praw	Prbg.g_01421	Praw.g_01886
OG0001078	Prad	Prbg.g_01421	Prad.g_01425
OG0001078	Pray	Prbg.g_01421	Pray.g_01127
OG0001078	Praz	Prbg.g_01421	Praz.g_01694
OG0001078	Prba	Prbg.g_01421	Prba.g_01681
OG0001078	Praa	Prbg.g_01421	Praa.g_00636
OG0001078	Prbd	Prbg.g_01421	Prbd.g_00608
OG0001078	Pras	Prbg.g_01421	Pras.g_01512
OG0001078	Prau	Prbg.g_01421	Prau.g_00676
OG0001078	Prax	Prbg.g_01421	Prax.g_00095
OG0001078	Prae	Prbg.g_01421	Prae.g_00610
OG0001078	Prao	Prbg.g_01421	Prao.g_00075
OG0001078	Prbi	Prbg.g_01421	Prbi.g_00639
OG0001078	Praj	Prbg.g_01421	Praj.g_00624
OG0001078	Prbb	Prbg.g_01421	Prbb.g_00637
OG0001078	Prbc	Prbg.g_01421	Prbc.g_01713
OG0001078	Prbm	Prbg.g_01421	Prbm.g_00667
OG0001078	Pral	Prbg.g_01421	Pral.g_01437
OG0001078	Syaq	Prbg.g_01421	Syaq.g_02083
OG0001078	Syag	Prbg.g_01421	Syag.g_00411
OG0001078	Syat	Prbg.g_01421	Syat.g_00118
OG0001078	Syap	Prbg.g_01421	Syap.g_00896
OG0001078	Syas	Prbg.g_01421	Syas.g_00745
OG0001078	Syar	Prbg.g_01421	Syar.g_02419
OG0001078	Syan	Prbg.g_01421	Syan.g_00815
OG0001078	Syao	Prbg.g_01421	Syao.g_00895
OG0001078	Syak	Prbg.g_01421	Syak.g_00036
OG0001078	Syal	Prbg.g_01421	Syal.g_02635
OG0001078	Syad	Prbg.g_01421	Syad.g_02151
OG0001078	Syaj	Prbg.g_01421	Syaj.g_01282
OG0001078	Syae	Prbg.g_01421	Syae.g_00075
OG0001078	Syac	Prbg.g_01421	Syac.g_00980
OG0001078	Syah	Prbg.g_01421	Syah.g_01934
OG0001078	Syaa	Prbg.g_01421	Syaa.g_01632
OG0001078	Syai	Prbg.g_01421	Syai.g_01105
OG0001078	Syaf	Prbg.g_01421	Syaf.g_02309
OG0001078	Syam	Prbg.g_01421	Syam.g_01467
OG0001078	Praf	Prbg.g_01421	Praf.g_01693
OG0001078	Prah	Prbg.g_01421	Prah.g_00500
OG0001078	Prbj	Prbg.g_01421	Prbj.g_02574
OG0001078	Prbk	Prbg.g_01421	Prbk.g_02632
OG0001078	Prbl	Prbg.g_01421	Prbl.g_01640
OG0001078	Prat	Prbg.g_01421	Prat.g_01089
OG0001078	Pram	Prbg.g_01421	Pram.g_01074
OG0001078	Prbh	Prbg.g_01421	Prbh.g_01217
OG0001078	Prak	Prbg.g_01421	Prak.g_01107
OG0001078	Prap	Prbg.g_01421	Prap.g_00391
OG0001078	Prbe	Prbg.g_01421	Prbe.g_01484
OG0001078	Prbf	Prbg.g_01421	Prbf.g_00983
OG0001078	Prbn	Prbg.g_01421	Prbn.g_00427
OG0001079	Prai	Prbg.g_01409	Prai.g_00676
OG0001079	Prab	Prbg.g_01409	Prab.g_00652
OG0001079	Pran	Prbg.g_01409	Pran.g_01531
OG0001079	Prao	Prbg.g_01409	Prao.g_00086
OG0001079	Prac	Prbg.g_01409	Prac.g_00724
OG0001079	Praq	Prbg.g_01409	Praq.g_00776
OG0001079	Prar	Prbg.g_01409	Prar.g_01477
OG0001079	Prav	Prbg.g_01409	Prav.g_01245
OG0001079	Prad	Prbg.g_01409	Prad.g_01221
OG0001079	Prag	Prbg.g_01409	Prag.g_00625
OG0001079	Praw	Prbg.g_01409	Praw.g_01875
OG0001079	Pras	Prbg.g_01409	Pras.g_01523
OG0001079	Prau	Prbg.g_01409	Prau.g_00687
OG0001079	Prbd	Prbg.g_01409	Prbd.g_00597
OG0001079	Praa	Prbg.g_01409	Praa.g_00647
OG0001079	Prae	Prbg.g_01409	Prae.g_00621
OG0001079	Pray	Prbg.g_01409	Pray.g_01116
OG0001079	Praz	Prbg.g_01409	Praz.g_01683
OG0001079	Prba	Prbg.g_01409	Prba.g_01670
OG0001079	Prax	Prbg.g_01409	Prax.g_00106
OG0001079	Prbi	Prbg.g_01409	Prbi.g_00650
OG0001079	Syas	Prbg.g_01409	Syas.g_00729
OG0001079	Syad	Prbg.g_01409	Syad.g_02138
OG0001079	Syaj	Prbg.g_01409	Syaj.g_01269
OG0001079	Syac	Prbg.g_01409	Syac.g_00993
OG0001079	Syah	Prbg.g_01409	Syah.g_01921
OG0001079	Syab	Prbg.g_01409	Syab.g_01856
OG0001079	Syal	Prbg.g_01409	Syal.g_02618
OG0001079	Syae	Prbg.g_01409	Syae.g_00088
OG0001079	Syaa	Prbg.g_01409	Syaa.g_01619
OG0001079	Syak	Prbg.g_01409	Syak.g_00049
OG0001079	Syaf	Prbg.g_01409	Syaf.g_02296
OG0001079	Syai	Prbg.g_01409	Syai.g_01118
OG0001079	Syam	Prbg.g_01409	Syam.g_01454
OG0001079	Syaq	Prbg.g_01409	Syaq.g_02100
OG0001079	Syag	Prbg.g_01409	Syag.g_00428
OG0001079	Syar	Prbg.g_01409	Syar.g_02431
OG0001079	Syat	Prbg.g_01409	Syat.g_00378
OG0001079	Syan	Prbg.g_01409	Syan.g_00799
OG0001079	Syao	Prbg.g_01409	Syao.g_00911
OG0001079	Praj	Prbg.g_01409	Praj.g_00635
OG0001079	Prbb	Prbg.g_01409	Prbb.g_00648
OG0001079	Prbc	Prbg.g_01409	Prbc.g_01724
OG0001079	Prbm	Prbg.g_01409	Prbm.g_00678
OG0001079	Prah	Prbg.g_01409	Prah.g_00482
OG0001079	Praf	Prbg.g_01409	Praf.g_01713
OG0001079	Prbj	Prbg.g_01409	Prbj.g_02593
OG0001079	Prbk	Prbg.g_01409	Prbk.g_02651
OG0001079	Prbl	Prbg.g_01409	Prbl.g_01659
OG0001079	Pral	Prbg.g_01409	Pral.g_01448
OG0001079	Prat	Prbg.g_01409	Prat.g_01077
OG0001079	Pram	Prbg.g_01409	Pram.g_01063
OG0001079	Prbh	Prbg.g_01409	Prbh.g_01206
OG0001079	Prak	Prbg.g_01409	Prak.g_01095
OG0001079	Prap	Prbg.g_01409	Prap.g_00379
OG0001079	Prbe	Prbg.g_01409	Prbe.g_01472
OG0001079	Prbf	Prbg.g_01409	Prbf.g_00995
OG0001079	Prbn	Prbg.g_01409	Prbn.g_00439
OG0001080	Prag	Prbg.g_01403	Prag.g_00631
OG0001080	Praw	Prbg.g_01403	Praw.g_01869
OG0001080	Prav	Prbg.g_01403	Prav.g_01251
OG0001080	Prab	Prbg.g_01403	Prab.g_00658
OG0001080	Pran	Prbg.g_01403	Pran.g_01525
OG0001080	Prai	Prbg.g_01403	Prai.g_00682
OG0001080	Prao	Prbg.g_01403	Prao.g_00092
OG0001080	Praa	Prbg.g_01403	Praa.g_00653
OG0001080	Prad	Prbg.g_01403	Prad.g_01227
OG0001080	Pray	Prbg.g_01403	Pray.g_01110
OG0001080	Praz	Prbg.g_01403	Praz.g_01677
OG0001080	Prba	Prbg.g_01403	Prba.g_01664
OG0001080	Prax	Prbg.g_01403	Prax.g_00112
OG0001080	Prae	Prbg.g_01403	Prae.g_00627
OG0001080	Prbi	Prbg.g_01403	Prbi.g_00656
OG0001080	Prac	Prbg.g_01403	Prac.g_00718
OG0001080	Praq	Prbg.g_01403	Praq.g_00782
OG0001080	Prar	Prbg.g_01403	Prar.g_01483
OG0001080	Pras	Prbg.g_01403	Pras.g_01529
OG0001080	Prau	Prbg.g_01403	Prau.g_00693
OG0001080	Prbd	Prbg.g_01403	Prbd.g_00591
OG0001080	Pral	Prbg.g_01403	Pral.g_01454
OG0001080	Prat	Prbg.g_01403	Prat.g_01071
OG0001080	Praj	Prbg.g_01403	Praj.g_00641
OG0001080	Prbc	Prbg.g_01403	Prbc.g_01730
OG0001080	Prbm	Prbg.g_01403	Prbm.g_00684
OG0001080	Prbb	Prbg.g_01403	Prbb.g_00654
OG0001080	Syar	Prbg.g_01403	Syar.g_02442
OG0001080	Syat	Prbg.g_01403	Syat.g_00368
OG0001080	Syas	Prbg.g_01403	Syas.g_00717
OG0001080	Syac	Prbg.g_01403	Syac.g_01092
OG0001080	Syah	Prbg.g_01403	Syah.g_01538
OG0001080	Syae	Prbg.g_01403	Syae.g_00267
OG0001080	Syad	Prbg.g_01403	Syad.g_02008
OG0001080	Syaj	Prbg.g_01403	Syaj.g_01135
OG0001080	Syaf	Prbg.g_01403	Syaf.g_01740
OG0001080	Syai	Prbg.g_01403	Syai.g_01606
OG0001080	Syam	Prbg.g_01403	Syam.g_01034
OG0001080	Syaa	Prbg.g_01403	Syaa.g_01443
OG0001080	Syag	Prbg.g_01403	Syag.g_00495
OG0001080	Syab	Prbg.g_01403	Syab.g_01756
OG0001080	Syal	Prbg.g_01403	Syal.g_02514
OG0001080	Syak	Prbg.g_01403	Syak.g_00264
OG0001080	Syaq	Prbg.g_01403	Syaq.g_02161
OG0001080	Syan	Prbg.g_01403	Syan.g_00781
OG0001080	Syap	Prbg.g_01403	Syap.g_02505
OG0001080	Prah	Prbg.g_01403	Prah.g_00472
OG0001080	Praf	Prbg.g_01403	Praf.g_01722
OG0001080	Prbj	Prbg.g_01403	Prbj.g_00794
OG0001080	Prbk	Prbg.g_01403	Prbk.g_00738
OG0001080	Prbl	Prbg.g_01403	Prbl.g_01041
OG0001080	Pram	Prbg.g_01403	Pram.g_01057
OG0001080	Prbh	Prbg.g_01403	Prbh.g_01200
OG0001080	Prak	Prbg.g_01403	Prak.g_01089
OG0001080	Prap	Prbg.g_01403	Prap.g_00373
OG0001080	Prbe	Prbg.g_01403	Prbe.g_01466
OG0001080	Prbf	Prbg.g_01403	Prbf.g_01001
OG0001080	Prbn	Prbg.g_01403	Prbn.g_00445
OG0001081	Prab	Prbg.g_01401	Prab.g_00660
OG0001081	Pran	Prbg.g_01401	Pran.g_01523
OG0001081	Prai	Prbg.g_01401	Prai.g_00684
OG0001081	Prax	Prbg.g_01401	Prax.g_00114
OG0001081	Pray	Prbg.g_01401	Pray.g_01108
OG0001081	Praz	Prbg.g_01401	Praz.g_01675
OG0001081	Prba	Prbg.g_01401	Prba.g_01662
OG0001081	Prac	Prbg.g_01401	Prac.g_00716
OG0001081	Praq	Prbg.g_01401	Praq.g_00784
OG0001081	Prar	Prbg.g_01401	Prar.g_01485
OG0001081	Prav	Prbg.g_01401	Prav.g_01253
OG0001081	Prao	Prbg.g_01401	Prao.g_00094
OG0001081	Pras	Prbg.g_01401	Pras.g_01531
OG0001081	Praa	Prbg.g_01401	Praa.g_00655
OG0001081	Prag	Prbg.g_01401	Prag.g_00633
OG0001081	Praw	Prbg.g_01401	Praw.g_01867
OG0001081	Prad	Prbg.g_01401	Prad.g_01229
OG0001081	Prau	Prbg.g_01401	Prau.g_00695
OG0001081	Prbi	Prbg.g_01401	Prbi.g_00658
OG0001081	Prbd	Prbg.g_01401	Prbd.g_00589
OG0001081	Prae	Prbg.g_01401	Prae.g_00629
OG0001081	Pram	Prbg.g_01401	Pram.g_01055
OG0001081	Prbh	Prbg.g_01401	Prbh.g_01198
OG0001081	Pral	Prbg.g_01401	Pral.g_01456
OG0001081	Prat	Prbg.g_01401	Prat.g_01069
OG0001081	Prah	Prbg.g_01401	Prah.g_00465
OG0001081	Praf	Prbg.g_01401	Praf.g_01728
OG0001081	Prbk	Prbg.g_01401	Prbk.g_00728
OG0001081	Prbl	Prbg.g_01401	Prbl.g_01031
OG0001081	Prbj	Prbg.g_01401	Prbj.g_00804
OG0001081	Syan	Prbg.g_01401	Syan.g_00779
OG0001081	Syao	Prbg.g_01401	Syao.g_00925
OG0001081	Syar	Prbg.g_01401	Syar.g_02444
OG0001081	Syas	Prbg.g_01401	Syas.g_00715
OG0001081	Syat	Prbg.g_01401	Syat.g_00366
OG0001081	Syac	Prbg.g_01401	Syac.g_01432
OG0001081	Syah	Prbg.g_01401	Syah.g_01487
OG0001081	Syae	Prbg.g_01401	Syae.g_00615
OG0001081	Syad	Prbg.g_01401	Syad.g_01568
OG0001081	Syaj	Prbg.g_01401	Syaj.g_00699
OG0001081	Syaa	Prbg.g_01401	Syaa.g_01056
OG0001081	Syaf	Prbg.g_01401	Syaf.g_02144
OG0001081	Syai	Prbg.g_01401	Syai.g_01222
OG0001081	Syam	Prbg.g_01401	Syam.g_01386
OG0001081	Syak	Prbg.g_01401	Syak.g_00327
OG0001081	Syag	Prbg.g_01401	Syag.g_00551
OG0001081	Syaq	Prbg.g_01401	Syaq.g_02232
OG0001081	Syab	Prbg.g_01401	Syab.g_01530
OG0001081	Syal	Prbg.g_01401	Syal.g_02175
OG0001081	Praj	Prbg.g_01401	Praj.g_00643
OG0001081	Prbb	Prbg.g_01401	Prbb.g_00656
OG0001081	Prbc	Prbg.g_01401	Prbc.g_01732
OG0001081	Prbm	Prbg.g_01401	Prbm.g_00686
OG0001081	Prak	Prbg.g_01401	Prak.g_01087
OG0001081	Prap	Prbg.g_01401	Prap.g_00371
OG0001081	Prbe	Prbg.g_01401	Prbe.g_01464
OG0001081	Prbf	Prbg.g_01401	Prbf.g_01003
OG0001081	Prbn	Prbg.g_01401	Prbn.g_00447
OG0001082	Praa	Prbg.g_01400	Praa.g_00656
OG0001082	Prab	Prbg.g_01400	Prab.g_00661
OG0001082	Pran	Prbg.g_01400	Pran.g_01522
OG0001082	Prai	Prbg.g_01400	Prai.g_00685
OG0001082	Prae	Prbg.g_01400	Prae.g_00630
OG0001082	Prax	Prbg.g_01400	Prax.g_00115
OG0001082	Pray	Prbg.g_01400	Pray.g_01107
OG0001082	Praz	Prbg.g_01400	Praz.g_01674
OG0001082	Prba	Prbg.g_01400	Prba.g_01661
OG0001082	Prag	Prbg.g_01400	Prag.g_00634
OG0001082	Praw	Prbg.g_01400	Praw.g_01866
OG0001082	Prav	Prbg.g_01400	Prav.g_01254
OG0001082	Prbd	Prbg.g_01400	Prbd.g_00588
OG0001082	Prao	Prbg.g_01400	Prao.g_00095
OG0001082	Prbi	Prbg.g_01400	Prbi.g_00659
OG0001082	Pras	Prbg.g_01400	Pras.g_01532
OG0001082	Prau	Prbg.g_01400	Prau.g_00696
OG0001082	Prac	Prbg.g_01400	Prac.g_00715
OG0001082	Praq	Prbg.g_01400	Praq.g_00785
OG0001082	Prar	Prbg.g_01400	Prar.g_01486
OG0001082	Prad	Prbg.g_01400	Prad.g_01230
OG0001082	Syak	Prbg.g_01400	Syak.g_00328
OG0001082	Syaq	Prbg.g_01400	Syaq.g_02233
OG0001082	Syag	Prbg.g_01400	Syag.g_00552
OG0001082	Syab	Prbg.g_01400	Syab.g_01531
OG0001082	Syal	Prbg.g_01400	Syal.g_02176
OG0001082	Syac	Prbg.g_01400	Syac.g_01431
OG0001082	Syah	Prbg.g_01400	Syah.g_01488
OG0001082	Syaa	Prbg.g_01400	Syaa.g_01057
OG0001082	Syaf	Prbg.g_01400	Syaf.g_02143
OG0001082	Syai	Prbg.g_01400	Syai.g_01223
OG0001082	Syam	Prbg.g_01400	Syam.g_01385
OG0001082	Syae	Prbg.g_01400	Syae.g_00614
OG0001082	Syad	Prbg.g_01400	Syad.g_01569
OG0001082	Syaj	Prbg.g_01400	Syaj.g_00700
OG0001082	Prah	Prbg.g_01400	Prah.g_00464
OG0001082	Praf	Prbg.g_01400	Praf.g_01729
OG0001082	Prbj	Prbg.g_01400	Prbj.g_00805
OG0001082	Prbk	Prbg.g_01400	Prbk.g_00727
OG0001082	Prbl	Prbg.g_01400	Prbl.g_01030
OG0001082	Syan	Prbg.g_01400	Syan.g_00778
OG0001082	Syao	Prbg.g_01400	Syao.g_00926
OG0001082	Syar	Prbg.g_01400	Syar.g_02445
OG0001082	Syas	Prbg.g_01400	Syas.g_00714
OG0001082	Syat	Prbg.g_01400	Syat.g_00365
OG0001082	Prbm	Prbg.g_01400	Prbm.g_00687
OG0001082	Praj	Prbg.g_01400	Praj.g_00644
OG0001082	Prbc	Prbg.g_01400	Prbc.g_01733
OG0001082	Prbb	Prbg.g_01400	Prbb.g_00657
OG0001082	Pram	Prbg.g_01400	Pram.g_01054
OG0001082	Prbh	Prbg.g_01400	Prbh.g_01197
OG0001082	Pral	Prbg.g_01400	Pral.g_01457
OG0001082	Prat	Prbg.g_01400	Prat.g_01068
OG0001082	Prak	Prbg.g_01400	Prak.g_01086
OG0001082	Prap	Prbg.g_01400	Prap.g_00370
OG0001082	Prbe	Prbg.g_01400	Prbe.g_01463
OG0001082	Prbf	Prbg.g_01400	Prbf.g_01004
OG0001082	Prbn	Prbg.g_01400	Prbn.g_00448
OG0001083	Pray	Prbg.g_01395	Pray.g_01102
OG0001083	Praz	Prbg.g_01395	Praz.g_01669
OG0001083	Prba	Prbg.g_01395	Prba.g_01656
OG0001083	Prao	Prbg.g_01395	Prao.g_00100
OG0001083	Prax	Prbg.g_01395	Prax.g_00120
OG0001083	Prae	Prbg.g_01395	Prae.g_00635
OG0001083	Pras	Prbg.g_01395	Pras.g_01537
OG0001083	Prau	Prbg.g_01395	Prau.g_00701
OG0001083	Prbi	Prbg.g_01395	Prbi.g_00664
OG0001083	Praa	Prbg.g_01395	Praa.g_00661
OG0001083	Prad	Prbg.g_01395	Prad.g_01235
OG0001083	Prav	Prbg.g_01395	Prav.g_01259
OG0001083	Prbd	Prbg.g_01395	Prbd.g_00583
OG0001083	Prac	Prbg.g_01395	Prac.g_00710
OG0001083	Praq	Prbg.g_01395	Praq.g_00790
OG0001083	Prar	Prbg.g_01395	Prar.g_01491
OG0001083	Prag	Prbg.g_01395	Prag.g_00639
OG0001083	Praw	Prbg.g_01395	Praw.g_01861
OG0001083	Prab	Prbg.g_01395	Prab.g_00666
OG0001083	Pran	Prbg.g_01395	Pran.g_01517
OG0001083	Prai	Prbg.g_01395	Prai.g_00690
OG0001083	Pram	Prbg.g_01395	Pram.g_01049
OG0001083	Prbh	Prbg.g_01395	Prbh.g_01192
OG0001083	Pral	Prbg.g_01395	Pral.g_01462
OG0001083	Prat	Prbg.g_01395	Prat.g_01063
OG0001083	Prbb	Prbg.g_01395	Prbb.g_00662
OG0001083	Prbm	Prbg.g_01395	Prbm.g_00692
OG0001083	Praj	Prbg.g_01395	Praj.g_00649
OG0001083	Prbc	Prbg.g_01395	Prbc.g_01738
OG0001083	Prbj	Prbg.g_01395	Prbj.g_00813
OG0001083	Prbk	Prbg.g_01395	Prbk.g_00719
OG0001083	Prbl	Prbg.g_01395	Prbl.g_01405
OG0001083	Praf	Prbg.g_01395	Praf.g_01737
OG0001083	Prah	Prbg.g_01395	Prah.g_00456
OG0001083	Syan	Prbg.g_01395	Syan.g_00771
OG0001083	Syao	Prbg.g_01395	Syao.g_00934
OG0001083	Syas	Prbg.g_01395	Syas.g_00707
OG0001083	Syar	Prbg.g_01395	Syar.g_02473
OG0001083	Syat	Prbg.g_01395	Syat.g_00390
OG0001083	Syag	Prbg.g_01395	Syag.g_00565
OG0001083	Syaa	Prbg.g_01395	Syaa.g_01064
OG0001083	Syad	Prbg.g_01395	Syad.g_01578
OG0001083	Syaj	Prbg.g_01395	Syaj.g_00709
OG0001083	Syae	Prbg.g_01395	Syae.g_00605
OG0001083	Syac	Prbg.g_01395	Syac.g_01424
OG0001083	Syah	Prbg.g_01395	Syah.g_01495
OG0001083	Syaf	Prbg.g_01395	Syaf.g_02136
OG0001083	Syai	Prbg.g_01395	Syai.g_01230
OG0001083	Syam	Prbg.g_01395	Syam.g_01377
OG0001083	Syab	Prbg.g_01395	Syab.g_01540
OG0001083	Syal	Prbg.g_01395	Syal.g_02184
OG0001083	Syak	Prbg.g_01395	Syak.g_00336
OG0001083	Syaq	Prbg.g_01395	Syaq.g_02240
OG0001083	Prak	Prbg.g_01395	Prak.g_01081
OG0001083	Prap	Prbg.g_01395	Prap.g_00365
OG0001083	Prbe	Prbg.g_01395	Prbe.g_01458
OG0001083	Prbf	Prbg.g_01395	Prbf.g_01009
OG0001083	Prbn	Prbg.g_01395	Prbn.g_00836
OG0001084	Prac	Prbg.g_01394	Prac.g_00709
OG0001084	Praq	Prbg.g_01394	Praq.g_00791
OG0001084	Prar	Prbg.g_01394	Prar.g_01492
OG0001084	Prbd	Prbg.g_01394	Prbd.g_00582
OG0001084	Pray	Prbg.g_01394	Pray.g_01101
OG0001084	Praz	Prbg.g_01394	Praz.g_01668
OG0001084	Prba	Prbg.g_01394	Prba.g_01655
OG0001084	Prav	Prbg.g_01394	Prav.g_01260
OG0001084	Prax	Prbg.g_01394	Prax.g_00121
OG0001084	Prae	Prbg.g_01394	Prae.g_00636
OG0001084	Pras	Prbg.g_01394	Pras.g_01538
OG0001084	Prau	Prbg.g_01394	Prau.g_00702
OG0001084	Praa	Prbg.g_01394	Praa.g_00662
OG0001084	Prad	Prbg.g_01394	Prad.g_01236
OG0001084	Prbi	Prbg.g_01394	Prbi.g_00665
OG0001084	Prao	Prbg.g_01394	Prao.g_00101
OG0001084	Prag	Prbg.g_01394	Prag.g_00640
OG0001084	Praw	Prbg.g_01394	Praw.g_01860
OG0001084	Prab	Prbg.g_01394	Prab.g_00667
OG0001084	Pran	Prbg.g_01394	Pran.g_01516
OG0001084	Prai	Prbg.g_01394	Prai.g_00691
OG0001084	Prbm	Prbg.g_01394	Prbm.g_00693
OG0001084	Praj	Prbg.g_01394	Praj.g_00650
OG0001084	Prbc	Prbg.g_01394	Prbc.g_01739
OG0001084	Prbb	Prbg.g_01394	Prbb.g_00664
OG0001084	Pral	Prbg.g_01394	Pral.g_01463
OG0001084	Prat	Prbg.g_01394	Prat.g_01062
OG0001084	Praf	Prbg.g_01394	Praf.g_01738
OG0001084	Syat	Prbg.g_01394	Syat.g_00391
OG0001084	Syan	Prbg.g_01394	Syan.g_00770
OG0001084	Syao	Prbg.g_01394	Syao.g_00935
OG0001084	Syar	Prbg.g_01394	Syar.g_02474
OG0001084	Syas	Prbg.g_01394	Syas.g_00706
OG0001084	Syab	Prbg.g_01394	Syab.g_01543
OG0001084	Syal	Prbg.g_01394	Syal.g_02187
OG0001084	Syag	Prbg.g_01394	Syag.g_00569
OG0001084	Syaq	Prbg.g_01394	Syaq.g_02241
OG0001084	Syac	Prbg.g_01394	Syac.g_01423
OG0001084	Syah	Prbg.g_01394	Syah.g_01496
OG0001084	Prah	Prbg.g_01394	Prah.g_00455
OG0001084	Prbj	Prbg.g_01394	Prbj.g_00815
OG0001084	Prbk	Prbg.g_01394	Prbk.g_00718
OG0001084	Prbl	Prbg.g_01394	Prbl.g_01404
OG0001084	Syaj	Prbg.g_01394	Syaj.g_00711
OG0001084	Syak	Prbg.g_01394	Syak.g_00337
OG0001084	Syaf	Prbg.g_01394	Syaf.g_02135
OG0001084	Syai	Prbg.g_01394	Syai.g_01231
OG0001084	Syam	Prbg.g_01394	Syam.g_01376
OG0001084	Syae	Prbg.g_01394	Syae.g_00604
OG0001084	Syaa	Prbg.g_01394	Syaa.g_01065
OG0001084	Syad	Prbg.g_01394	Syad.g_01586
OG0001084	Pram	Prbg.g_01394	Pram.g_01048
OG0001084	Prbh	Prbg.g_01394	Prbh.g_01191
OG0001084	Prak	Prbg.g_01394	Prak.g_01080
OG0001084	Prap	Prbg.g_01394	Prap.g_00364
OG0001084	Prbe	Prbg.g_01394	Prbe.g_01457
OG0001084	Prbf	Prbg.g_01394	Prbf.g_01010
OG0001084	Prbn	Prbg.g_01394	Prbn.g_00837
OG0001085	Prab	Prbg.g_01111	Prab.g_00675
OG0001085	Pran	Prbg.g_01111	Pran.g_01508
OG0001085	Prai	Prbg.g_01111	Prai.g_00699
OG0001085	Prav	Prbg.g_01111	Prav.g_01268
OG0001085	Prag	Prbg.g_01111	Prag.g_00648
OG0001085	Praw	Prbg.g_01111	Praw.g_01852
OG0001085	Prbi	Prbg.g_01111	Prbi.g_00673
OG0001085	Prac	Prbg.g_01111	Prac.g_00701
OG0001085	Praq	Prbg.g_01111	Praq.g_00799
OG0001085	Prar	Prbg.g_01111	Prar.g_01500
OG0001085	Prao	Prbg.g_01111	Prao.g_00109
OG0001085	Praa	Prbg.g_01111	Praa.g_00670
OG0001085	Prbd	Prbg.g_01111	Prbd.g_00574
OG0001085	Pray	Prbg.g_01111	Pray.g_01093
OG0001085	Praz	Prbg.g_01111	Praz.g_01660
OG0001085	Prba	Prbg.g_01111	Prba.g_01647
OG0001085	Prad	Prbg.g_01111	Prad.g_01244
OG0001085	Pras	Prbg.g_01111	Pras.g_01546
OG0001085	Prau	Prbg.g_01111	Prau.g_00710
OG0001085	Prae	Prbg.g_01111	Prae.g_00644
OG0001085	Prax	Prbg.g_01111	Prax.g_00972
OG0001085	Prbm	Prbg.g_01111	Prbm.g_00703
OG0001085	Prbb	Prbg.g_01111	Prbb.g_00674
OG0001085	Praj	Prbg.g_01111	Praj.g_00660
OG0001085	Prbc	Prbg.g_01111	Prbc.g_01749
OG0001085	Prbj	Prbg.g_01111	Prbj.g_00825
OG0001085	Prbk	Prbg.g_01111	Prbk.g_00708
OG0001085	Prbl	Prbg.g_01111	Prbl.g_01394
OG0001085	Praf	Prbg.g_01111	Praf.g_01749
OG0001085	Prah	Prbg.g_01111	Prah.g_00444
OG0001085	Syar	Prbg.g_01111	Syar.g_01688
OG0001085	Syap	Prbg.g_01111	Syap.g_01953
OG0001085	Syas	Prbg.g_01111	Syas.g_00693
OG0001085	Syat	Prbg.g_01111	Syat.g_00408
OG0001085	Syao	Prbg.g_01111	Syao.g_00947
OG0001085	Syai	Prbg.g_01111	Syai.g_01241
OG0001085	Syaf	Prbg.g_01111	Syaf.g_02125
OG0001085	Syam	Prbg.g_01111	Syam.g_01366
OG0001085	Syac	Prbg.g_01111	Syac.g_01412
OG0001085	Syah	Prbg.g_01111	Syah.g_01506
OG0001085	Syaa	Prbg.g_01111	Syaa.g_01075
OG0001085	Syae	Prbg.g_01111	Syae.g_00594
OG0001085	Syad	Prbg.g_01111	Syad.g_01596
OG0001085	Syaj	Prbg.g_01111	Syaj.g_00721
OG0001085	Syag	Prbg.g_01111	Syag.g_00592
OG0001085	Syaq	Prbg.g_01111	Syaq.g_02251
OG0001085	Syak	Prbg.g_01111	Syak.g_00354
OG0001085	Syab	Prbg.g_01111	Syab.g_01563
OG0001085	Syal	Prbg.g_01111	Syal.g_02206
OG0001085	Pral	Prbg.g_01111	Pral.g_01772
OG0001085	Prat	Prbg.g_01111	Prat.g_00744
OG0001085	Pram	Prbg.g_01111	Pram.g_00760
OG0001085	Prbh	Prbg.g_01111	Prbh.g_00904
OG0001085	Prak	Prbg.g_01111	Prak.g_00797
OG0001085	Prap	Prbg.g_01111	Prap.g_00831
OG0001085	Prbe	Prbg.g_01111	Prbe.g_00444
OG0001085	Prbf	Prbg.g_01111	Prbf.g_01293
OG0001085	Prbn	Prbg.g_01111	Prbn.g_01594
OG0001086	Prab	Prbg.g_01112	Prab.g_00676
OG0001086	Pran	Prbg.g_01112	Pran.g_01507
OG0001086	Prai	Prbg.g_01112	Prai.g_00700
OG0001086	Prao	Prbg.g_01112	Prao.g_00110
OG0001086	Prac	Prbg.g_01112	Prac.g_00700
OG0001086	Praq	Prbg.g_01112	Praq.g_00800
OG0001086	Prar	Prbg.g_01112	Prar.g_01501
OG0001086	Pras	Prbg.g_01112	Pras.g_01547
OG0001086	Prau	Prbg.g_01112	Prau.g_00711
OG0001086	Prae	Prbg.g_01112	Prae.g_00645
OG0001086	Prbd	Prbg.g_01112	Prbd.g_00573
OG0001086	Prax	Prbg.g_01112	Prax.g_00971
OG0001086	Prad	Prbg.g_01112	Prad.g_01245
OG0001086	Prbi	Prbg.g_01112	Prbi.g_00674
OG0001086	Prag	Prbg.g_01112	Prag.g_00649
OG0001086	Praw	Prbg.g_01112	Praw.g_01851
OG0001086	Praa	Prbg.g_01112	Praa.g_00671
OG0001086	Pray	Prbg.g_01112	Pray.g_01092
OG0001086	Praz	Prbg.g_01112	Praz.g_01659
OG0001086	Prba	Prbg.g_01112	Prba.g_01646
OG0001086	Prav	Prbg.g_01112	Prav.g_01269
OG0001086	Prbm	Prbg.g_01112	Prbm.g_00704
OG0001086	Prbc	Prbg.g_01112	Prbc.g_01750
OG0001086	Praj	Prbg.g_01112	Praj.g_00661
OG0001086	Prbb	Prbg.g_01112	Prbb.g_00675
OG0001086	Pral	Prbg.g_01112	Pral.g_01771
OG0001086	Prat	Prbg.g_01112	Prat.g_00745
OG0001086	Syan	Prbg.g_01112	Syan.g_00757
OG0001086	Syao	Prbg.g_01112	Syao.g_00949
OG0001086	Syar	Prbg.g_01112	Syar.g_01686
OG0001086	Syas	Prbg.g_01112	Syas.g_00691
OG0001086	Syat	Prbg.g_01112	Syat.g_00410
OG0001086	Syaa	Prbg.g_01112	Syaa.g_01077
OG0001086	Syac	Prbg.g_01112	Syac.g_01410
OG0001086	Syah	Prbg.g_01112	Syah.g_01508
OG0001086	Praf	Prbg.g_01112	Praf.g_01751
OG0001086	Prbk	Prbg.g_01112	Prbk.g_00706
OG0001086	Prbl	Prbg.g_01112	Prbl.g_01392
OG0001086	Prbj	Prbg.g_01112	Prbj.g_02707
OG0001086	Prah	Prbg.g_01112	Prah.g_00442
OG0001086	Syad	Prbg.g_01112	Syad.g_01598
OG0001086	Syaj	Prbg.g_01112	Syaj.g_00723
OG0001086	Syae	Prbg.g_01112	Syae.g_00592
OG0001086	Syam	Prbg.g_01112	Syam.g_01364
OG0001086	Syai	Prbg.g_01112	Syai.g_01243
OG0001086	Syaf	Prbg.g_01112	Syaf.g_02123
OG0001086	Syak	Prbg.g_01112	Syak.g_00356
OG0001086	Syaq	Prbg.g_01112	Syaq.g_02253
OG0001086	Syag	Prbg.g_01112	Syag.g_00594
OG0001086	Syab	Prbg.g_01112	Syab.g_01565
OG0001086	Syal	Prbg.g_01112	Syal.g_02208
OG0001086	Pram	Prbg.g_01112	Pram.g_00761
OG0001086	Prbh	Prbg.g_01112	Prbh.g_00905
OG0001086	Prak	Prbg.g_01112	Prak.g_00798
OG0001086	Prap	Prbg.g_01112	Prap.g_00830
OG0001086	Prbe	Prbg.g_01112	Prbe.g_00445
OG0001086	Prbf	Prbg.g_01112	Prbf.g_01292
OG0001086	Prbn	Prbg.g_01112	Prbn.g_01593
OG0001087	Prac	Prbg.g_01130	Prac.g_00683
OG0001087	Praq	Prbg.g_01130	Praq.g_00817
OG0001087	Prar	Prbg.g_01130	Prar.g_01518
OG0001087	Prab	Prbg.g_01130	Prab.g_00693
OG0001087	Pran	Prbg.g_01130	Pran.g_01490
OG0001087	Prai	Prbg.g_01130	Prai.g_00717
OG0001087	Pras	Prbg.g_01130	Pras.g_01564
OG0001087	Prau	Prbg.g_01130	Prau.g_00728
OG0001087	Pray	Prbg.g_01130	Pray.g_01075
OG0001087	Praz	Prbg.g_01130	Praz.g_01642
OG0001087	Prba	Prbg.g_01130	Prba.g_01629
OG0001087	Prbd	Prbg.g_01130	Prbd.g_00556
OG0001087	Prav	Prbg.g_01130	Prav.g_01286
OG0001087	Prad	Prbg.g_01130	Prad.g_01262
OG0001087	Prbi	Prbg.g_01130	Prbi.g_00691
OG0001087	Prae	Prbg.g_01130	Prae.g_00662
OG0001087	Prax	Prbg.g_01130	Prax.g_00954
OG0001087	Praa	Prbg.g_01130	Praa.g_00688
OG0001087	Prag	Prbg.g_01130	Prag.g_00666
OG0001087	Praw	Prbg.g_01130	Praw.g_01834
OG0001087	Prao	Prbg.g_01130	Prao.g_00126
OG0001087	Praj	Prbg.g_01130	Praj.g_00681
OG0001087	Prbb	Prbg.g_01130	Prbb.g_00694
OG0001087	Prbm	Prbg.g_01130	Prbm.g_00725
OG0001087	Prbc	Prbg.g_01130	Prbc.g_01770
OG0001087	Syag	Prbg.g_01130	Syag.g_01018
OG0001087	Syaq	Prbg.g_01130	Syaq.g_02574
OG0001087	Syat	Prbg.g_01130	Syat.g_03277
OG0001087	Syas	Prbg.g_01130	Syas.g_00071
OG0001087	Syar	Prbg.g_01130	Syar.g_02347
OG0001087	Syan	Prbg.g_01130	Syan.g_01159
OG0001087	Syao	Prbg.g_01130	Syao.g_01419
OG0001087	Syaf	Prbg.g_01130	Syaf.g_01482
OG0001087	Syam	Prbg.g_01130	Syam.g_00813
OG0001087	Syai	Prbg.g_01130	Syai.g_01953
OG0001087	Syaa	Prbg.g_01130	Syaa.g_00920
OG0001087	Syac	Prbg.g_01130	Syac.g_00923
OG0001087	Syah	Prbg.g_01130	Syah.g_01992
OG0001087	Syae	Prbg.g_01130	Syae.g_00751
OG0001087	Syad	Prbg.g_01130	Syad.g_01372
OG0001087	Syaj	Prbg.g_01130	Syaj.g_00498
OG0001087	Syak	Prbg.g_01130	Syak.g_00691
OG0001087	Syab	Prbg.g_01130	Syab.g_01167
OG0001087	Syal	Prbg.g_01130	Syal.g_01782
OG0001087	Prbj	Prbg.g_01130	Prbj.g_00927
OG0001087	Prbk	Prbg.g_01130	Prbk.g_01821
OG0001087	Prbl	Prbg.g_01130	Prbl.g_01853
OG0001087	Praf	Prbg.g_01130	Praf.g_01225
OG0001087	Prah	Prbg.g_01130	Prah.g_00968
OG0001087	Pral	Prbg.g_01130	Pral.g_01753
OG0001087	Prat	Prbg.g_01130	Prat.g_00762
OG0001087	Pram	Prbg.g_01130	Pram.g_00779
OG0001087	Prbh	Prbg.g_01130	Prbh.g_00923
OG0001087	Prak	Prbg.g_01130	Prak.g_00816
OG0001087	Prap	Prbg.g_01130	Prap.g_00812
OG0001087	Prbe	Prbg.g_01130	Prbe.g_00463
OG0001087	Prbf	Prbg.g_01130	Prbf.g_01274
OG0001087	Prbn	Prbg.g_01130	Prbn.g_01575
OG0001088	Prab	Prbg.g_01131	Prab.g_00694
OG0001088	Pran	Prbg.g_01131	Pran.g_01489
OG0001088	Prai	Prbg.g_01131	Prai.g_00718
OG0001088	Prac	Prbg.g_01131	Prac.g_00682
OG0001088	Praq	Prbg.g_01131	Praq.g_00818
OG0001088	Prar	Prbg.g_01131	Prar.g_01519
OG0001088	Prax	Prbg.g_01131	Prax.g_00953
OG0001088	Pray	Prbg.g_01131	Pray.g_01074
OG0001088	Praz	Prbg.g_01131	Praz.g_01641
OG0001088	Prba	Prbg.g_01131	Prba.g_01628
OG0001088	Prae	Prbg.g_01131	Prae.g_00663
OG0001088	Prag	Prbg.g_01131	Prag.g_00667
OG0001088	Praw	Prbg.g_01131	Praw.g_01833
OG0001088	Prav	Prbg.g_01131	Prav.g_01287
OG0001088	Prad	Prbg.g_01131	Prad.g_01263
OG0001088	Pras	Prbg.g_01131	Pras.g_01565
OG0001088	Prau	Prbg.g_01131	Prau.g_00729
OG0001088	Praa	Prbg.g_01131	Praa.g_00689
OG0001088	Prao	Prbg.g_01131	Prao.g_00127
OG0001088	Prbd	Prbg.g_01131	Prbd.g_00555
OG0001088	Prbi	Prbg.g_01131	Prbi.g_00692
OG0001088	Prbc	Prbg.g_01131	Prbc.g_01771
OG0001088	Prbm	Prbg.g_01131	Prbm.g_00726
OG0001088	Prbb	Prbg.g_01131	Prbb.g_00695
OG0001088	Praj	Prbg.g_01131	Praj.g_00682
OG0001088	Pral	Prbg.g_01131	Pral.g_01752
OG0001088	Prat	Prbg.g_01131	Prat.g_00763
OG0001088	Syan	Prbg.g_01131	Syan.g_02688
OG0001088	Syao	Prbg.g_01131	Syao.g_00211
OG0001088	Syat	Prbg.g_01131	Syat.g_02496
OG0001088	Syar	Prbg.g_01131	Syar.g_00431
OG0001088	Syas	Prbg.g_01131	Syas.g_01060
OG0001088	Prbj	Prbg.g_01131	Prbj.g_00931
OG0001088	Prbk	Prbg.g_01131	Prbk.g_01817
OG0001088	Prbl	Prbg.g_01131	Prbl.g_01857
OG0001088	Praf	Prbg.g_01131	Praf.g_01221
OG0001088	Prah	Prbg.g_01131	Prah.g_00972
OG0001088	Syaf	Prbg.g_01131	Syaf.g_01478
OG0001088	Syai	Prbg.g_01131	Syai.g_01957
OG0001088	Syam	Prbg.g_01131	Syam.g_00809
OG0001088	Syaa	Prbg.g_01131	Syaa.g_00916
OG0001088	Syac	Prbg.g_01131	Syac.g_00920
OG0001088	Syah	Prbg.g_01131	Syah.g_01995
OG0001088	Syae	Prbg.g_01131	Syae.g_00755
OG0001088	Syad	Prbg.g_01131	Syad.g_01368
OG0001088	Syaj	Prbg.g_01131	Syaj.g_00494
OG0001088	Syag	Prbg.g_01131	Syag.g_01016
OG0001088	Syaq	Prbg.g_01131	Syaq.g_02576
OG0001088	Syak	Prbg.g_01131	Syak.g_00694
OG0001088	Syab	Prbg.g_01131	Syab.g_01170
OG0001088	Syal	Prbg.g_01131	Syal.g_01785
OG0001088	Pram	Prbg.g_01131	Pram.g_00780
OG0001088	Prbh	Prbg.g_01131	Prbh.g_00924
OG0001088	Prak	Prbg.g_01131	Prak.g_00817
OG0001088	Prap	Prbg.g_01131	Prap.g_00811
OG0001088	Prbe	Prbg.g_01131	Prbe.g_00464
OG0001088	Prbf	Prbg.g_01131	Prbf.g_01273
OG0001088	Prbn	Prbg.g_01131	Prbn.g_01574
OG0001089	Prab	Prbg.g_01142	Prab.g_00702
OG0001089	Pran	Prbg.g_01142	Pran.g_01481
OG0001089	Prai	Prbg.g_01142	Prai.g_00726
OG0001089	Pras	Prbg.g_01142	Pras.g_01573
OG0001089	Prau	Prbg.g_01142	Prau.g_00737
OG0001089	Prav	Prbg.g_01142	Prav.g_01295
OG0001089	Prac	Prbg.g_01142	Prac.g_00674
OG0001089	Praq	Prbg.g_01142	Praq.g_00826
OG0001089	Prar	Prbg.g_01142	Prar.g_01527
OG0001089	Prag	Prbg.g_01142	Prag.g_00675
OG0001089	Praw	Prbg.g_01142	Praw.g_01825
OG0001089	Prbi	Prbg.g_01142	Prbi.g_00700
OG0001089	Prae	Prbg.g_01142	Prae.g_00671
OG0001089	Prax	Prbg.g_01142	Prax.g_00945
OG0001089	Prbd	Prbg.g_01142	Prbd.g_00547
OG0001089	Prao	Prbg.g_01142	Prao.g_00135
OG0001089	Prad	Prbg.g_01142	Prad.g_01271
OG0001089	Praa	Prbg.g_01142	Praa.g_00697
OG0001089	Pray	Prbg.g_01142	Pray.g_01066
OG0001089	Praz	Prbg.g_01142	Praz.g_01633
OG0001089	Prba	Prbg.g_01142	Prba.g_01620
OG0001089	Prbm	Prbg.g_01142	Prbm.g_00734
OG0001089	Prbc	Prbg.g_01142	Prbc.g_01779
OG0001089	Praj	Prbg.g_01142	Praj.g_00690
OG0001089	Prbb	Prbg.g_01142	Prbb.g_00705
OG0001089	Praf	Prbg.g_01142	Praf.g_01124
OG0001089	Prah	Prbg.g_01142	Prah.g_01025
OG0001089	Prbj	Prbg.g_01142	Prbj.g_00757
OG0001089	Prbl	Prbg.g_01142	Prbl.g_00024
OG0001089	Prbk	Prbg.g_01142	Prbk.g_01764
OG0001089	Syag	Prbg.g_01142	Syag.g_00986
OG0001089	Syab	Prbg.g_01142	Syab.g_01198
OG0001089	Syal	Prbg.g_01142	Syal.g_01811
OG0001089	Syak	Prbg.g_01142	Syak.g_00722
OG0001089	Syaq	Prbg.g_01142	Syaq.g_02604
OG0001089	Syaa	Prbg.g_01142	Syaa.g_00890
OG0001089	Syac	Prbg.g_01142	Syac.g_00896
OG0001089	Syah	Prbg.g_01142	Syah.g_02019
OG0001089	Syam	Prbg.g_01142	Syam.g_00785
OG0001089	Syaf	Prbg.g_01142	Syaf.g_01453
OG0001089	Syai	Prbg.g_01142	Syai.g_01996
OG0001089	Syae	Prbg.g_01142	Syae.g_00781
OG0001089	Syad	Prbg.g_01142	Syad.g_01302
OG0001089	Syaj	Prbg.g_01142	Syaj.g_00439
OG0001089	Syan	Prbg.g_01142	Syan.g_00185
OG0001089	Syao	Prbg.g_01142	Syao.g_00376
OG0001089	Syar	Prbg.g_01142	Syar.g_01942
OG0001089	Syas	Prbg.g_01142	Syas.g_01039
OG0001089	Syat	Prbg.g_01142	Syat.g_00818
OG0001089	Pral	Prbg.g_01142	Pral.g_01741
OG0001089	Prat	Prbg.g_01142	Prat.g_00774
OG0001089	Pram	Prbg.g_01142	Pram.g_00791
OG0001089	Prbh	Prbg.g_01142	Prbh.g_00935
OG0001089	Prbf	Prbg.g_01142	Prbf.g_01262
OG0001089	Prak	Prbg.g_01142	Prak.g_00828
OG0001089	Prap	Prbg.g_01142	Prap.g_00800
OG0001089	Prbe	Prbg.g_01142	Prbe.g_01205
OG0001089	Prbn	Prbg.g_01142	Prbn.g_01563
OG0001090	Prab	Prbg.g_01152	Prab.g_00724
OG0001090	Pran	Prbg.g_01152	Pran.g_01459
OG0001090	Prai	Prbg.g_01152	Prai.g_00749
OG0001090	Prac	Prbg.g_01152	Prac.g_01559
OG0001090	Praq	Prbg.g_01152	Praq.g_00584
OG0001090	Prar	Prbg.g_01152	Prar.g_01600
OG0001090	Prav	Prbg.g_01152	Prav.g_00307
OG0001090	Pras	Prbg.g_01152	Pras.g_01607
OG0001090	Prau	Prbg.g_01152	Prau.g_00756
OG0001090	Prbd	Prbg.g_01152	Prbd.g_00008
OG0001090	Prag	Prbg.g_01152	Prag.g_00693
OG0001090	Praw	Prbg.g_01152	Praw.g_01808
OG0001090	Prax	Prbg.g_01152	Prax.g_00484
OG0001090	Praa	Prbg.g_01152	Praa.g_00712
OG0001090	Prbi	Prbg.g_01152	Prbi.g_00746
OG0001090	Prae	Prbg.g_01152	Prae.g_00712
OG0001090	Pray	Prbg.g_01152	Pray.g_01039
OG0001090	Praz	Prbg.g_01152	Praz.g_01606
OG0001090	Prba	Prbg.g_01152	Prba.g_01593
OG0001090	Prad	Prbg.g_01152	Prad.g_01050
OG0001090	Prao	Prbg.g_01152	Prao.g_00649
OG0001090	Praj	Prbg.g_01152	Praj.g_00699
OG0001090	Prbb	Prbg.g_01152	Prbb.g_00714
OG0001090	Prbc	Prbg.g_01152	Prbc.g_01788
OG0001090	Prbm	Prbg.g_01152	Prbm.g_00743
OG0001090	Prbj	Prbg.g_01152	Prbj.g_02180
OG0001090	Prbk	Prbg.g_01152	Prbk.g_00617
OG0001090	Prbl	Prbg.g_01152	Prbl.g_02565
OG0001090	Praf	Prbg.g_01152	Praf.g_01303
OG0001090	Prah	Prbg.g_01152	Prah.g_00886
OG0001090	Syan	Prbg.g_01152	Syan.g_00317
OG0001090	Syao	Prbg.g_01152	Syao.g_00494
OG0001090	Syar	Prbg.g_01152	Syar.g_01582
OG0001090	Syas	Prbg.g_01152	Syas.g_00980
OG0001090	Syat	Prbg.g_01152	Syat.g_00659
OG0001090	Syae	Prbg.g_01152	Syae.g_00471
OG0001090	Syaa	Prbg.g_01152	Syaa.g_01237
OG0001090	Syad	Prbg.g_01152	Syad.g_01817
OG0001090	Syaj	Prbg.g_01152	Syaj.g_00959
OG0001090	Syac	Prbg.g_01152	Syac.g_01286
OG0001090	Syah	Prbg.g_01152	Syah.g_01728
OG0001090	Syaf	Prbg.g_01152	Syaf.g_01981
OG0001090	Syai	Prbg.g_01152	Syai.g_01387
OG0001090	Syam	Prbg.g_01152	Syam.g_01246
OG0001090	Syag	Prbg.g_01152	Syag.g_00922
OG0001090	Syaq	Prbg.g_01152	Syaq.g_00024
OG0001090	Syak	Prbg.g_01152	Syak.g_00806
OG0001090	Syab	Prbg.g_01152	Syab.g_01267
OG0001090	Syal	Prbg.g_01152	Syal.g_01859
OG0001090	Pral	Prbg.g_01152	Pral.g_01728
OG0001090	Prat	Prbg.g_01152	Prat.g_00789
OG0001090	Pram	Prbg.g_01152	Pram.g_00802
OG0001090	Prbh	Prbg.g_01152	Prbh.g_00946
OG0001090	Prak	Prbg.g_01152	Prak.g_00838
OG0001090	Prap	Prbg.g_01152	Prap.g_00790
OG0001090	Prbe	Prbg.g_01152	Prbe.g_01215
OG0001090	Prbf	Prbg.g_01152	Prbf.g_01252
OG0001090	Prbn	Prbg.g_01152	Prbn.g_01553
OG0001091	Prab	Prbg.g_01374	Prab.g_00726
OG0001091	Pran	Prbg.g_01374	Pran.g_01457
OG0001091	Prai	Prbg.g_01374	Prai.g_00751
OG0001091	Prag	Prbg.g_01374	Prag.g_00695
OG0001091	Praw	Prbg.g_01374	Praw.g_01806
OG0001091	Prac	Prbg.g_01374	Prac.g_01557
OG0001091	Praq	Prbg.g_01374	Praq.g_00586
OG0001091	Prar	Prbg.g_01374	Prar.g_01602
OG0001091	Prav	Prbg.g_01374	Prav.g_00309
OG0001091	Pray	Prbg.g_01374	Pray.g_01037
OG0001091	Praz	Prbg.g_01374	Praz.g_01604
OG0001091	Prba	Prbg.g_01374	Prba.g_01591
OG0001091	Pras	Prbg.g_01374	Pras.g_01609
OG0001091	Prau	Prbg.g_01374	Prau.g_00758
OG0001091	Prad	Prbg.g_01374	Prad.g_01052
OG0001091	Prae	Prbg.g_01374	Prae.g_00714
OG0001091	Praa	Prbg.g_01374	Praa.g_00714
OG0001091	Prax	Prbg.g_01374	Prax.g_00482
OG0001091	Prbi	Prbg.g_01374	Prbi.g_00748
OG0001091	Prbd	Prbg.g_01374	Prbd.g_00010
OG0001091	Prao	Prbg.g_01374	Prao.g_00651
OG0001091	Syag	Prbg.g_01374	Syag.g_00919
OG0001091	Syac	Prbg.g_01374	Syac.g_01284
OG0001091	Syah	Prbg.g_01374	Syah.g_01726
OG0001091	Syad	Prbg.g_01374	Syad.g_01815
OG0001091	Syaj	Prbg.g_01374	Syaj.g_00957
OG0001091	Syam	Prbg.g_01374	Syam.g_01244
OG0001091	Syai	Prbg.g_01374	Syai.g_01389
OG0001091	Syaf	Prbg.g_01374	Syaf.g_01979
OG0001091	Syaa	Prbg.g_01374	Syaa.g_01239
OG0001091	Syae	Prbg.g_01374	Syae.g_00469
OG0001091	Syas	Prbg.g_01374	Syas.g_00979
OG0001091	Syan	Prbg.g_01374	Syan.g_00320
OG0001091	Syao	Prbg.g_01374	Syao.g_00491
OG0001091	Syar	Prbg.g_01374	Syar.g_01580
OG0001091	Syat	Prbg.g_01374	Syat.g_00661
OG0001091	Syaq	Prbg.g_01374	Syaq.g_00027
OG0001091	Syak	Prbg.g_01374	Syak.g_00804
OG0001091	Syab	Prbg.g_01374	Syab.g_01270
OG0001091	Syal	Prbg.g_01374	Syal.g_01862
OG0001091	Prah	Prbg.g_01374	Prah.g_00884
OG0001091	Praf	Prbg.g_01374	Praf.g_01305
OG0001091	Prbj	Prbg.g_01374	Prbj.g_02182
OG0001091	Prbk	Prbg.g_01374	Prbk.g_00615
OG0001091	Prbl	Prbg.g_01374	Prbl.g_02563
OG0001091	Prbm	Prbg.g_01374	Prbm.g_00745
OG0001091	Praj	Prbg.g_01374	Praj.g_00701
OG0001091	Prbb	Prbg.g_01374	Prbb.g_00716
OG0001091	Prbc	Prbg.g_01374	Prbc.g_01790
OG0001091	Pral	Prbg.g_01374	Pral.g_01726
OG0001091	Prat	Prbg.g_01374	Prat.g_00791
OG0001091	Pram	Prbg.g_01374	Pram.g_01027
OG0001091	Prbh	Prbg.g_01374	Prbh.g_01170
OG0001091	Prak	Prbg.g_01374	Prak.g_01060
OG0001091	Prap	Prbg.g_01374	Prap.g_00344
OG0001091	Prbe	Prbg.g_01374	Prbe.g_01437
OG0001091	Prbf	Prbg.g_01374	Prbf.g_01030
OG0001091	Prbn	Prbg.g_01374	Prbn.g_00857
OG0001092	Prab	Prbg.g_01373	Prab.g_00727
OG0001092	Pran	Prbg.g_01373	Pran.g_01456
OG0001092	Prai	Prbg.g_01373	Prai.g_00752
OG0001092	Prav	Prbg.g_01373	Prav.g_00310
OG0001092	Prag	Prbg.g_01373	Prag.g_00696
OG0001092	Praw	Prbg.g_01373	Praw.g_01805
OG0001092	Prac	Prbg.g_01373	Prac.g_01556
OG0001092	Praq	Prbg.g_01373	Praq.g_00587
OG0001092	Prar	Prbg.g_01373	Prar.g_01603
OG0001092	Prae	Prbg.g_01373	Prae.g_00715
OG0001092	Prax	Prbg.g_01373	Prax.g_00481
OG0001092	Pray	Prbg.g_01373	Pray.g_01036
OG0001092	Praz	Prbg.g_01373	Praz.g_01603
OG0001092	Prba	Prbg.g_01373	Prba.g_01590
OG0001092	Prao	Prbg.g_01373	Prao.g_00652
OG0001092	Pras	Prbg.g_01373	Pras.g_01610
OG0001092	Prau	Prbg.g_01373	Prau.g_00759
OG0001092	Prad	Prbg.g_01373	Prad.g_01053
OG0001092	Praa	Prbg.g_01373	Praa.g_00715
OG0001092	Prbd	Prbg.g_01373	Prbd.g_00011
OG0001092	Prbi	Prbg.g_01373	Prbi.g_00749
OG0001092	Pral	Prbg.g_01373	Pral.g_01725
OG0001092	Prat	Prbg.g_01373	Prat.g_00792
OG0001092	Prbm	Prbg.g_01373	Prbm.g_00746
OG0001092	Praj	Prbg.g_01373	Praj.g_00702
OG0001092	Prbb	Prbg.g_01373	Prbb.g_00717
OG0001092	Prbc	Prbg.g_01373	Prbc.g_01791
OG0001092	Prbj	Prbg.g_01373	Prbj.g_02183
OG0001092	Prbk	Prbg.g_01373	Prbk.g_00614
OG0001092	Prbl	Prbg.g_01373	Prbl.g_02562
OG0001092	Praf	Prbg.g_01373	Praf.g_01307
OG0001092	Prah	Prbg.g_01373	Prah.g_00882
OG0001092	Syan	Prbg.g_01373	Syan.g_00322
OG0001092	Syar	Prbg.g_01373	Syar.g_01578
OG0001092	Syas	Prbg.g_01373	Syas.g_00178
OG0001092	Syat	Prbg.g_01373	Syat.g_00663
OG0001092	Syao	Prbg.g_01373	Syao.g_00489
OG0001092	Syab	Prbg.g_01373	Syab.g_01272
OG0001092	Syal	Prbg.g_01373	Syal.g_01864
OG0001092	Syak	Prbg.g_01373	Syak.g_00801
OG0001092	Syag	Prbg.g_01373	Syag.g_00917
OG0001092	Syaq	Prbg.g_01373	Syaq.g_00029
OG0001092	Syad	Prbg.g_01373	Syad.g_01812
OG0001092	Syaj	Prbg.g_01373	Syaj.g_00954
OG0001092	Syae	Prbg.g_01373	Syae.g_00466
OG0001092	Syaa	Prbg.g_01373	Syaa.g_01242
OG0001092	Syaf	Prbg.g_01373	Syaf.g_01977
OG0001092	Syai	Prbg.g_01373	Syai.g_01391
OG0001092	Syam	Prbg.g_01373	Syam.g_01242
OG0001092	Syac	Prbg.g_01373	Syac.g_01282
OG0001092	Syah	Prbg.g_01373	Syah.g_01724
OG0001092	Pram	Prbg.g_01373	Pram.g_01026
OG0001092	Prbh	Prbg.g_01373	Prbh.g_01169
OG0001092	Prak	Prbg.g_01373	Prak.g_01059
OG0001092	Prap	Prbg.g_01373	Prap.g_00343
OG0001092	Prbe	Prbg.g_01373	Prbe.g_01436
OG0001092	Prbf	Prbg.g_01373	Prbf.g_01031
OG0001092	Prbn	Prbg.g_01373	Prbn.g_00858
OG0001093	Prab	Prbg.g_01368	Prab.g_00732
OG0001093	Pran	Prbg.g_01368	Pran.g_01451
OG0001093	Prai	Prbg.g_01368	Prai.g_00757
OG0001093	Prav	Prbg.g_01368	Prav.g_00315
OG0001093	Prac	Prbg.g_01368	Prac.g_01551
OG0001093	Praq	Prbg.g_01368	Praq.g_00592
OG0001093	Prar	Prbg.g_01368	Prar.g_01608
OG0001093	Prag	Prbg.g_01368	Prag.g_00701
OG0001093	Praw	Prbg.g_01368	Praw.g_01800
OG0001093	Prau	Prbg.g_01368	Prau.g_00764
OG0001093	Pray	Prbg.g_01368	Pray.g_01031
OG0001093	Praz	Prbg.g_01368	Praz.g_01598
OG0001093	Prba	Prbg.g_01368	Prba.g_01585
OG0001093	Prbd	Prbg.g_01368	Prbd.g_00016
OG0001093	Prae	Prbg.g_01368	Prae.g_00720
OG0001093	Prax	Prbg.g_01368	Prax.g_00476
OG0001093	Prao	Prbg.g_01368	Prao.g_00657
OG0001093	Prbi	Prbg.g_01368	Prbi.g_00754
OG0001093	Prad	Prbg.g_01368	Prad.g_01058
OG0001093	Praa	Prbg.g_01368	Praa.g_00720
OG0001093	Pras	Prbg.g_01368	Pras.g_01615
OG0001093	Pral	Prbg.g_01368	Pral.g_01720
OG0001093	Syag	Prbg.g_01368	Syag.g_00910
OG0001093	Syae	Prbg.g_01368	Syae.g_00460
OG0001093	Syaf	Prbg.g_01368	Syaf.g_01971
OG0001093	Syai	Prbg.g_01368	Syai.g_01397
OG0001093	Syam	Prbg.g_01368	Syam.g_01236
OG0001093	Syaa	Prbg.g_01368	Syaa.g_01248
OG0001093	Syac	Prbg.g_01368	Syac.g_01276
OG0001093	Syah	Prbg.g_01368	Syah.g_01718
OG0001093	Syad	Prbg.g_01368	Syad.g_01806
OG0001093	Syaj	Prbg.g_01368	Syaj.g_00948
OG0001093	Syak	Prbg.g_01368	Syak.g_00794
OG0001093	Syab	Prbg.g_01368	Syab.g_01664
OG0001093	Syal	Prbg.g_01368	Syal.g_02419
OG0001093	Syaq	Prbg.g_01368	Syaq.g_00035
OG0001093	Prbj	Prbg.g_01368	Prbj.g_02187
OG0001093	Prbk	Prbg.g_01368	Prbk.g_00610
OG0001093	Prbl	Prbg.g_01368	Prbl.g_02558
OG0001093	Praf	Prbg.g_01368	Praf.g_01311
OG0001093	Prah	Prbg.g_01368	Prah.g_00878
OG0001093	Syar	Prbg.g_01368	Syar.g_01572
OG0001093	Syas	Prbg.g_01368	Syas.g_00184
OG0001093	Syat	Prbg.g_01368	Syat.g_00669
OG0001093	Syan	Prbg.g_01368	Syan.g_00328
OG0001093	Syao	Prbg.g_01368	Syao.g_00482
OG0001093	Prat	Prbg.g_01368	Prat.g_00800
OG0001093	Praj	Prbg.g_01368	Praj.g_00707
OG0001093	Prbm	Prbg.g_01368	Prbm.g_00751
OG0001093	Prbc	Prbg.g_01368	Prbc.g_01796
OG0001093	Prbb	Prbg.g_01368	Prbb.g_00722
OG0001093	Pram	Prbg.g_01368	Pram.g_01021
OG0001093	Prbh	Prbg.g_01368	Prbh.g_01164
OG0001093	Prak	Prbg.g_01368	Prak.g_01054
OG0001093	Prap	Prbg.g_01368	Prap.g_00338
OG0001093	Prbe	Prbg.g_01368	Prbe.g_01431
OG0001093	Prbf	Prbg.g_01368	Prbf.g_01036
OG0001093	Prbn	Prbg.g_01368	Prbn.g_00863
OG0001094	Prab	Prbg.g_01375	Prab.g_00834
OG0001094	Pran	Prbg.g_01375	Pran.g_01349
OG0001094	Prai	Prbg.g_01375	Prai.g_00854
OG0001094	Prad	Prbg.g_01375	Prad.g_01140
OG0001094	Prac	Prbg.g_01375	Prac.g_01481
OG0001094	Praq	Prbg.g_01375	Praq.g_00664
OG0001094	Prar	Prbg.g_01375	Prar.g_01678
OG0001094	Prag	Prbg.g_01375	Prag.g_00800
OG0001094	Praw	Prbg.g_01375	Praw.g_01703
OG0001094	Prao	Prbg.g_01375	Prao.g_00735
OG0001094	Prav	Prbg.g_01375	Prav.g_00391
OG0001094	Pras	Prbg.g_01375	Pras.g_01695
OG0001094	Prau	Prbg.g_01375	Prau.g_00848
OG0001094	Prax	Prbg.g_01375	Prax.g_00379
OG0001094	Prbi	Prbg.g_01375	Prbi.g_00841
OG0001094	Pray	Prbg.g_01375	Pray.g_00342
OG0001094	Praz	Prbg.g_01375	Praz.g_01518
OG0001094	Prba	Prbg.g_01375	Prba.g_01505
OG0001094	Prbd	Prbg.g_01375	Prbd.g_00096
OG0001094	Praa	Prbg.g_01375	Praa.g_00797
OG0001094	Prae	Prbg.g_01375	Prae.g_00800
OG0001094	Prat	Prbg.g_01375	Prat.g_01043
OG0001094	Pral	Prbg.g_01375	Pral.g_01482
OG0001094	Prbm	Prbg.g_01375	Prbm.g_00808
OG0001094	Praj	Prbg.g_01375	Praj.g_00763
OG0001094	Prbb	Prbg.g_01375	Prbb.g_00777
OG0001094	Prbc	Prbg.g_01375	Prbc.g_01852
OG0001094	Syag	Prbg.g_01375	Syag.g_00661
OG0001094	Syaf	Prbg.g_01375	Syaf.g_02055
OG0001094	Syai	Prbg.g_01375	Syai.g_01315
OG0001094	Syam	Prbg.g_01375	Syam.g_01296
OG0001094	Syaa	Prbg.g_01375	Syaa.g_01148
OG0001094	Syae	Prbg.g_01375	Syae.g_00527
OG0001094	Syac	Prbg.g_01375	Syac.g_01347
OG0001094	Syah	Prbg.g_01375	Syah.g_01785
OG0001094	Syad	Prbg.g_01375	Syad.g_01895
OG0001094	Syaj	Prbg.g_01375	Syaj.g_01032
OG0001094	Syak	Prbg.g_01375	Syak.g_00428
OG0001094	Syab	Prbg.g_01375	Syab.g_01567
OG0001094	Syal	Prbg.g_01375	Syal.g_02216
OG0001094	Syan	Prbg.g_01375	Syan.g_00696
OG0001094	Syar	Prbg.g_01375	Syar.g_02633
OG0001094	Syao	Prbg.g_01375	Syao.g_00750
OG0001094	Syap	Prbg.g_01375	Syap.g_00187
OG0001094	Syat	Prbg.g_01375	Syat.g_00473
OG0001094	Syaq	Prbg.g_01375	Syaq.g_02334
OG0001094	Prbj	Prbg.g_01375	Prbj.g_02406
OG0001094	Prbk	Prbg.g_01375	Prbk.g_02462
OG0001094	Prbl	Prbg.g_01375	Prbl.g_02341
OG0001094	Praf	Prbg.g_01375	Praf.g_01524
OG0001094	Prah	Prbg.g_01375	Prah.g_00673
OG0001094	Pram	Prbg.g_01375	Pram.g_01028
OG0001094	Prbh	Prbg.g_01375	Prbh.g_01171
OG0001094	Prak	Prbg.g_01375	Prak.g_01061
OG0001094	Prap	Prbg.g_01375	Prap.g_00345
OG0001094	Prbe	Prbg.g_01375	Prbe.g_01438
OG0001094	Prbf	Prbg.g_01375	Prbf.g_01029
OG0001094	Prbn	Prbg.g_01375	Prbn.g_00856
OG0001095	Prab	Prbg.g_01172	Prab.g_00853
OG0001095	Pran	Prbg.g_01172	Pran.g_01330
OG0001095	Prai	Prbg.g_01172	Prai.g_00834
OG0001095	Prac	Prbg.g_01172	Prac.g_01462
OG0001095	Praq	Prbg.g_01172	Praq.g_01411
OG0001095	Prar	Prbg.g_01172	Prar.g_01697
OG0001095	Prav	Prbg.g_01172	Prav.g_00410
OG0001095	Prae	Prbg.g_01172	Prae.g_00819
OG0001095	Pray	Prbg.g_01172	Pray.g_00361
OG0001095	Praz	Prbg.g_01172	Praz.g_01499
OG0001095	Prba	Prbg.g_01172	Prba.g_01486
OG0001095	Prbi	Prbg.g_01172	Prbi.g_00860
OG0001095	Praa	Prbg.g_01172	Praa.g_00817
OG0001095	Prag	Prbg.g_01172	Prag.g_00819
OG0001095	Praw	Prbg.g_01172	Praw.g_01684
OG0001095	Pras	Prbg.g_01172	Pras.g_01714
OG0001095	Prau	Prbg.g_01172	Prau.g_00867
OG0001095	Prax	Prbg.g_01172	Prax.g_00360
OG0001095	Prad	Prbg.g_01172	Prad.g_01159
OG0001095	Prao	Prbg.g_01172	Prao.g_00754
OG0001095	Prbd	Prbg.g_01172	Prbd.g_00115
OG0001095	Syac	Prbg.g_01172	Syac.g_01326
OG0001095	Syah	Prbg.g_01172	Syah.g_01764
OG0001095	Syaf	Prbg.g_01172	Syaf.g_02034
OG0001095	Syam	Prbg.g_01172	Syam.g_01276
OG0001095	Syad	Prbg.g_01172	Syad.g_01874
OG0001095	Syaj	Prbg.g_01172	Syaj.g_01008
OG0001095	Syaa	Prbg.g_01172	Syaa.g_01185
OG0001095	Syae	Prbg.g_01172	Syae.g_00506
OG0001095	Syag	Prbg.g_01172	Syag.g_00681
OG0001095	Syaq	Prbg.g_01172	Syaq.g_02354
OG0001095	Syap	Prbg.g_01172	Syap.g_02725
OG0001095	Syan	Prbg.g_01172	Syan.g_00675
OG0001095	Syao	Prbg.g_01172	Syao.g_00771
OG0001095	Syar	Prbg.g_01172	Syar.g_02653
OG0001095	Syas	Prbg.g_01172	Syas.g_00582
OG0001095	Syat	Prbg.g_01172	Syat.g_00497
OG0001095	Syak	Prbg.g_01172	Syak.g_00448
OG0001095	Syab	Prbg.g_01172	Syab.g_01287
OG0001095	Syal	Prbg.g_01172	Syal.g_01879
OG0001095	Prbj	Prbg.g_01172	Prbj.g_02425
OG0001095	Prbk	Prbg.g_01172	Prbk.g_02481
OG0001095	Prbl	Prbg.g_01172	Prbl.g_02322
OG0001095	Praf	Prbg.g_01172	Praf.g_01543
OG0001095	Prah	Prbg.g_01172	Prah.g_00654
OG0001095	Praj	Prbg.g_01172	Praj.g_00782
OG0001095	Prbc	Prbg.g_01172	Prbc.g_01871
OG0001095	Prbb	Prbg.g_01172	Prbb.g_00796
OG0001095	Prbm	Prbg.g_01172	Prbm.g_00827
OG0001095	Pral	Prbg.g_01172	Pral.g_01501
OG0001095	Prat	Prbg.g_01172	Prat.g_01024
OG0001095	Pram	Prbg.g_01172	Pram.g_00822
OG0001095	Prbh	Prbg.g_01172	Prbh.g_00966
OG0001095	Prak	Prbg.g_01172	Prak.g_00858
OG0001095	Prap	Prbg.g_01172	Prap.g_00770
OG0001095	Prbe	Prbg.g_01172	Prbe.g_01235
OG0001095	Prbf	Prbg.g_01172	Prbf.g_01232
OG0001095	Prbn	Prbg.g_01172	Prbn.g_01533
OG0001096	Prab	Prbg.g_01186	Prab.g_00866
OG0001096	Pran	Prbg.g_01186	Pran.g_01317
OG0001096	Prai	Prbg.g_01186	Prai.g_00821
OG0001096	Prac	Prbg.g_01186	Prac.g_01449
OG0001096	Praq	Prbg.g_01186	Praq.g_01424
OG0001096	Prar	Prbg.g_01186	Prar.g_01710
OG0001096	Pras	Prbg.g_01186	Pras.g_01727
OG0001096	Prau	Prbg.g_01186	Prau.g_00880
OG0001096	Prav	Prbg.g_01186	Prav.g_00423
OG0001096	Prag	Prbg.g_01186	Prag.g_00832
OG0001096	Praw	Prbg.g_01186	Praw.g_01671
OG0001096	Praa	Prbg.g_01186	Praa.g_00830
OG0001096	Prbi	Prbg.g_01186	Prbi.g_00873
OG0001096	Prad	Prbg.g_01186	Prad.g_01172
OG0001096	Prbd	Prbg.g_01186	Prbd.g_00128
OG0001096	Prae	Prbg.g_01186	Prae.g_00832
OG0001096	Prao	Prbg.g_01186	Prao.g_00767
OG0001096	Prax	Prbg.g_01186	Prax.g_00347
OG0001096	Pray	Prbg.g_01186	Pray.g_00374
OG0001096	Praz	Prbg.g_01186	Praz.g_01486
OG0001096	Prba	Prbg.g_01186	Prba.g_01473
OG0001096	Prbb	Prbg.g_01186	Prbb.g_00811
OG0001096	Prbm	Prbg.g_01186	Prbm.g_00842
OG0001096	Praj	Prbg.g_01186	Praj.g_00797
OG0001096	Prbc	Prbg.g_01186	Prbc.g_01886
OG0001096	Prah	Prbg.g_01186	Prah.g_00637
OG0001096	Praf	Prbg.g_01186	Praf.g_01560
OG0001096	Prbj	Prbg.g_01186	Prbj.g_02441
OG0001096	Prbk	Prbg.g_01186	Prbk.g_02497
OG0001096	Prbl	Prbg.g_01186	Prbl.g_02306
OG0001096	Syaa	Prbg.g_01186	Syaa.g_01200
OG0001096	Syac	Prbg.g_01186	Syac.g_01310
OG0001096	Syah	Prbg.g_01186	Syah.g_01748
OG0001096	Syad	Prbg.g_01186	Syad.g_01847
OG0001096	Syaj	Prbg.g_01186	Syaj.g_00988
OG0001096	Syae	Prbg.g_01186	Syae.g_00490
OG0001096	Syai	Prbg.g_01186	Syai.g_01371
OG0001096	Syaf	Prbg.g_01186	Syaf.g_02018
OG0001096	Syam	Prbg.g_01186	Syam.g_01260
OG0001096	Syag	Prbg.g_01186	Syag.g_00703
OG0001096	Syaq	Prbg.g_01186	Syaq.g_02370
OG0001096	Syab	Prbg.g_01186	Syab.g_01693
OG0001096	Syal	Prbg.g_01186	Syal.g_02447
OG0001096	Syak	Prbg.g_01186	Syak.g_00623
OG0001096	Syap	Prbg.g_01186	Syap.g_02709
OG0001096	Syar	Prbg.g_01186	Syar.g_02476
OG0001096	Syan	Prbg.g_01186	Syan.g_00659
OG0001096	Syao	Prbg.g_01186	Syao.g_00786
OG0001096	Syat	Prbg.g_01186	Syat.g_00516
OG0001096	Prat	Prbg.g_01186	Prat.g_01010
OG0001096	Pral	Prbg.g_01186	Pral.g_01515
OG0001096	Pram	Prbg.g_01186	Pram.g_00836
OG0001096	Prbh	Prbg.g_01186	Prbh.g_00980
OG0001096	Prak	Prbg.g_01186	Prak.g_00872
OG0001096	Prap	Prbg.g_01186	Prap.g_00756
OG0001096	Prbe	Prbg.g_01186	Prbe.g_01249
OG0001096	Prbf	Prbg.g_01186	Prbf.g_01218
OG0001096	Prbn	Prbg.g_01186	Prbn.g_01519
OG0001097	Prab	Prbg.g_01206	Prab.g_00884
OG0001097	Pran	Prbg.g_01206	Pran.g_01299
OG0001097	Prai	Prbg.g_01206	Prai.g_00802
OG0001097	Prag	Prbg.g_01206	Prag.g_00849
OG0001097	Praw	Prbg.g_01206	Praw.g_01654
OG0001097	Prav	Prbg.g_01206	Prav.g_00441
OG0001097	Prau	Prbg.g_01206	Prau.g_00898
OG0001097	Pray	Prbg.g_01206	Pray.g_00393
OG0001097	Praz	Prbg.g_01206	Praz.g_01467
OG0001097	Prba	Prbg.g_01206	Prba.g_01454
OG0001097	Prad	Prbg.g_01206	Prad.g_00303
OG0001097	Prao	Prbg.g_01206	Prao.g_00786
OG0001097	Prbd	Prbg.g_01206	Prbd.g_00147
OG0001097	Pras	Prbg.g_01206	Pras.g_01745
OG0001097	Prax	Prbg.g_01206	Prax.g_00328
OG0001097	Praa	Prbg.g_01206	Praa.g_00849
OG0001097	Prae	Prbg.g_01206	Prae.g_00850
OG0001097	Prbi	Prbg.g_01206	Prbi.g_00892
OG0001097	Prac	Prbg.g_01206	Prac.g_01431
OG0001097	Praq	Prbg.g_01206	Praq.g_01442
OG0001097	Prar	Prbg.g_01206	Prar.g_01728
OG0001097	Prbm	Prbg.g_01206	Prbm.g_00860
OG0001097	Prbc	Prbg.g_01206	Prbc.g_01906
OG0001097	Praj	Prbg.g_01206	Praj.g_00817
OG0001097	Prbb	Prbg.g_01206	Prbb.g_00830
OG0001097	Prbj	Prbg.g_01206	Prbj.g_02486
OG0001097	Prbk	Prbg.g_01206	Prbk.g_02542
OG0001097	Prbl	Prbg.g_01206	Prbl.g_01550
OG0001097	Praf	Prbg.g_01206	Praf.g_01602
OG0001097	Prah	Prbg.g_01206	Prah.g_00593
OG0001097	Syae	Prbg.g_01206	Syae.g_00845
OG0001097	Syaf	Prbg.g_01206	Syaf.g_01373
OG0001097	Syai	Prbg.g_01206	Syai.g_02057
OG0001097	Syam	Prbg.g_01206	Syam.g_00727
OG0001097	Syaa	Prbg.g_01206	Syaa.g_00828
OG0001097	Syac	Prbg.g_01206	Syac.g_00834
OG0001097	Syah	Prbg.g_01206	Syah.g_02094
OG0001097	Syad	Prbg.g_01206	Syad.g_01223
OG0001097	Syaj	Prbg.g_01206	Syaj.g_00371
OG0001097	Syat	Prbg.g_01206	Syat.g_00743
OG0001097	Syar	Prbg.g_01206	Syar.g_01823
OG0001097	Syas	Prbg.g_01206	Syas.g_00243
OG0001097	Syan	Prbg.g_01206	Syan.g_00386
OG0001097	Syao	Prbg.g_01206	Syao.g_00552
OG0001097	Syag	Prbg.g_01206	Syag.g_00729
OG0001097	Syaq	Prbg.g_01206	Syaq.g_02393
OG0001097	Syak	Prbg.g_01206	Syak.g_00598
OG0001097	Syab	Prbg.g_01206	Syab.g_01718
OG0001097	Syal	Prbg.g_01206	Syal.g_02473
OG0001097	Pral	Prbg.g_01206	Pral.g_01533
OG0001097	Prat	Prbg.g_01206	Prat.g_00993
OG0001097	Pram	Prbg.g_01206	Pram.g_00855
OG0001097	Prbh	Prbg.g_01206	Prbh.g_00999
OG0001097	Prak	Prbg.g_01206	Prak.g_00892
OG0001097	Prap	Prbg.g_01206	Prap.g_00736
OG0001097	Prbe	Prbg.g_01206	Prbe.g_01269
OG0001097	Prbf	Prbg.g_01206	Prbf.g_01198
OG0001097	Prbn	Prbg.g_01206	Prbn.g_01499
OG0001098	Prab	Prbg.g_01225	Prab.g_00900
OG0001098	Pran	Prbg.g_01225	Pran.g_01283
OG0001098	Prai	Prbg.g_01225	Prai.g_00787
OG0001098	Prac	Prbg.g_01225	Prac.g_01416
OG0001098	Praq	Prbg.g_01225	Praq.g_01458
OG0001098	Prar	Prbg.g_01225	Prar.g_01744
OG0001098	Prag	Prbg.g_01225	Prag.g_00864
OG0001098	Praw	Prbg.g_01225	Praw.g_01639
OG0001098	Prao	Prbg.g_01225	Prao.g_00801
OG0001098	Prav	Prbg.g_01225	Prav.g_00456
OG0001098	Pras	Prbg.g_01225	Pras.g_01760
OG0001098	Prau	Prbg.g_01225	Prau.g_00914
OG0001098	Praa	Prbg.g_01225	Praa.g_00864
OG0001098	Prbi	Prbg.g_01225	Prbi.g_00907
OG0001098	Prad	Prbg.g_01225	Prad.g_00288
OG0001098	Pray	Prbg.g_01225	Pray.g_00408
OG0001098	Praz	Prbg.g_01225	Praz.g_01452
OG0001098	Prba	Prbg.g_01225	Prba.g_01439
OG0001098	Prbd	Prbg.g_01225	Prbd.g_00162
OG0001098	Prax	Prbg.g_01225	Prax.g_00313
OG0001098	Prae	Prbg.g_01225	Prae.g_00865
OG0001098	Praj	Prbg.g_01225	Praj.g_00835
OG0001098	Prbm	Prbg.g_01225	Prbm.g_00877
OG0001098	Prbb	Prbg.g_01225	Prbb.g_00847
OG0001098	Prbc	Prbg.g_01225	Prbc.g_01923
OG0001098	Prbj	Prbg.g_01225	Prbj.g_02323
OG0001098	Prbk	Prbg.g_01225	Prbk.g_02379
OG0001098	Prbl	Prbg.g_01225	Prbl.g_02423
OG0001098	Praf	Prbg.g_01225	Praf.g_01444
OG0001098	Prah	Prbg.g_01225	Prah.g_00743
OG0001098	Syab	Prbg.g_01225	Syab.g_01497
OG0001098	Syal	Prbg.g_01225	Syal.g_02083
OG0001098	Syaj	Prbg.g_01225	Syaj.g_01132
OG0001098	Syad	Prbg.g_01225	Syad.g_02005, Syad.g_01995
OG0001098	Syae	Prbg.g_01225	Syae.g_00269
OG0001098	Syac	Prbg.g_01225	Syac.g_01096
OG0001098	Syah	Prbg.g_01225	Syah.g_01542
OG0001098	Syaa	Prbg.g_01225	Syaa.g_01441
OG0001098	Syaf	Prbg.g_01225	Syaf.g_01743
OG0001098	Syai	Prbg.g_01225	Syai.g_01603
OG0001098	Syam	Prbg.g_01225	Syam.g_01037
OG0001098	Syao	Prbg.g_01225	Syao.g_00731
OG0001098	Syat	Prbg.g_01225	Syat.g_01672
OG0001098	Syas	Prbg.g_01225	Syas.g_00880
OG0001098	Syar	Prbg.g_01225	Syar.g_01672
OG0001098	Syag	Prbg.g_01225	Syag.g_00744
OG0001098	Syak	Prbg.g_01225	Syak.g_00578
OG0001098	Syaq	Prbg.g_01225	Syaq.g_02415
OG0001098	Prat	Prbg.g_01225	Prat.g_00974
OG0001098	Pram	Prbg.g_01225	Pram.g_00876
OG0001098	Prbh	Prbg.g_01225	Prbh.g_01019
OG0001098	Pral	Prbg.g_01225	Pral.g_01552
OG0001098	Prak	Prbg.g_01225	Prak.g_00911
OG0001098	Prap	Prbg.g_01225	Prap.g_00717
OG0001098	Prbe	Prbg.g_01225	Prbe.g_01288
OG0001098	Prbf	Prbg.g_01225	Prbf.g_01179
OG0001098	Prbn	Prbg.g_01225	Prbn.g_01480
OG0001099	Prab	Prbg.g_01067	Prab.g_01079
OG0001099	Pran	Prbg.g_01067	Pran.g_00418
OG0001099	Prai	Prbg.g_01067	Prai.g_01057
OG0001099	Prac	Prbg.g_01067	Prac.g_01396
OG0001099	Praq	Prbg.g_01067	Praq.g_01478
OG0001099	Prar	Prbg.g_01067	Prar.g_01764
OG0001099	Pras	Prbg.g_01067	Pras.g_01791
OG0001099	Prau	Prbg.g_01067	Prau.g_00946
OG0001099	Prbi	Prbg.g_01067	Prbi.g_00939
OG0001099	Prbd	Prbg.g_01067	Prbd.g_00194
OG0001099	Prae	Prbg.g_01067	Prae.g_00897
OG0001099	Prax	Prbg.g_01067	Prax.g_00550
OG0001099	Praa	Prbg.g_01067	Praa.g_00896
OG0001099	Prag	Prbg.g_01067	Prag.g_00895
OG0001099	Praw	Prbg.g_01067	Praw.g_01608
OG0001099	Prav	Prbg.g_01067	Prav.g_00487
OG0001099	Prao	Prbg.g_01067	Prao.g_00834
OG0001099	Pray	Prbg.g_01067	Pray.g_00440
OG0001099	Praz	Prbg.g_01067	Praz.g_01420
OG0001099	Prba	Prbg.g_01067	Prba.g_01407
OG0001099	Prad	Prbg.g_01067	Prad.g_00256
OG0001099	Prbc	Prbg.g_01067	Prbc.g_01962
OG0001099	Prbm	Prbg.g_01067	Prbm.g_00914
OG0001099	Prbb	Prbg.g_01067	Prbb.g_00917
OG0001099	Praj	Prbg.g_01067	Praj.g_00872
OG0001099	Pral	Prbg.g_01067	Pral.g_01815
OG0001099	Prat	Prbg.g_01067	Prat.g_00699
OG0001099	Syad	Prbg.g_01067	Syad.g_02820
OG0001099	Syaj	Prbg.g_01067	Syaj.g_01906
OG0001099	Prah	Prbg.g_01067	Prah.g_00192
OG0001099	Praf	Prbg.g_01067	Praf.g_00222
OG0001099	Prbj	Prbg.g_01067	Prbj.g_01553
OG0001099	Prbk	Prbg.g_01067	Prbk.g_00193
OG0001099	Prbl	Prbg.g_01067	Prbl.g_01329
OG0001099	Syag	Prbg.g_01067	Syag.g_01905
OG0001099	Syaq	Prbg.g_01067	Syaq.g_01471
OG0001099	Syak	Prbg.g_01067	Syak.g_02175
OG0001099	Syab	Prbg.g_01067	Syab.g_02518
OG0001099	Syal	Prbg.g_01067	Syal.g_00837
OG0001099	Syar	Prbg.g_01067	Syar.g_00035
OG0001099	Syas	Prbg.g_01067	Syas.g_02404
OG0001099	Syat	Prbg.g_01067	Syat.g_02943
OG0001099	Syan	Prbg.g_01067	Syan.g_02304
OG0001099	Syao	Prbg.g_01067	Syao.g_02569
OG0001099	Syaa	Prbg.g_01067	Syaa.g_02400
OG0001099	Syae	Prbg.g_01067	Syae.g_01380
OG0001099	Syaf	Prbg.g_01067	Syaf.g_00881
OG0001099	Syai	Prbg.g_01067	Syai.g_02558
OG0001099	Syam	Prbg.g_01067	Syam.g_02138
OG0001099	Syac	Prbg.g_01067	Syac.g_00377
OG0001099	Syah	Prbg.g_01067	Syah.g_00004
OG0001099	Pram	Prbg.g_01067	Pram.g_00717
OG0001099	Prbh	Prbg.g_01067	Prbh.g_00861
OG0001099	Prak	Prbg.g_01067	Prak.g_00753
OG0001099	Prap	Prbg.g_01067	Prap.g_00655
OG0001099	Prbe	Prbg.g_01067	Prbe.g_00110
OG0001099	Prbf	Prbg.g_01067	Prbf.g_00833
OG0001099	Prbn	Prbg.g_01067	Prbn.g_01925
OG0001100	Prab	Prbg.g_01075	Prab.g_01075
OG0001100	Pran	Prbg.g_01075	Pran.g_00422
OG0001100	Prai	Prbg.g_01075	Prai.g_01053
OG0001100	Pray	Prbg.g_01075	Pray.g_00444
OG0001100	Praz	Prbg.g_01075	Praz.g_01416
OG0001100	Prba	Prbg.g_01075	Prba.g_01403
OG0001100	Prag	Prbg.g_01075	Prag.g_00899
OG0001100	Praw	Prbg.g_01075	Praw.g_01604
OG0001100	Prac	Prbg.g_01075	Prac.g_01392
OG0001100	Praq	Prbg.g_01075	Praq.g_01482
OG0001100	Prar	Prbg.g_01075	Prar.g_01768
OG0001100	Prao	Prbg.g_01075	Prao.g_00838
OG0001100	Prad	Prbg.g_01075	Prad.g_00252
OG0001100	Pras	Prbg.g_01075	Pras.g_01793
OG0001100	Prau	Prbg.g_01075	Prau.g_00950
OG0001100	Praa	Prbg.g_01075	Praa.g_00900
OG0001100	Prax	Prbg.g_01075	Prax.g_00554
OG0001100	Prbi	Prbg.g_01075	Prbi.g_00943
OG0001100	Prbd	Prbg.g_01075	Prbd.g_00198
OG0001100	Prae	Prbg.g_01075	Prae.g_00901
OG0001100	Prav	Prbg.g_01075	Prav.g_00491
OG0001100	Prbm	Prbg.g_01075	Prbm.g_00921
OG0001100	Prbb	Prbg.g_01075	Prbb.g_00924
OG0001100	Praj	Prbg.g_01075	Praj.g_00879
OG0001100	Prbc	Prbg.g_01075	Prbc.g_01969
OG0001100	Syar	Prbg.g_01075	Syar.g_01625
OG0001100	Syan	Prbg.g_01075	Syan.g_00749
OG0001100	Syao	Prbg.g_01075	Syao.g_00957
OG0001100	Syat	Prbg.g_01075	Syat.g_00418
OG0001100	Syap	Prbg.g_01075	Syap.g_02369
OG0001100	Syas	Prbg.g_01075	Syas.g_00682
OG0001100	Syac	Prbg.g_01075	Syac.g_01402
OG0001100	Syah	Prbg.g_01075	Syah.g_01522
OG0001100	Syaf	Prbg.g_01075	Syaf.g_02110
OG0001100	Syai	Prbg.g_01075	Syai.g_01253
OG0001100	Syam	Prbg.g_01075	Syam.g_01356
OG0001100	Syae	Prbg.g_01075	Syae.g_00583
OG0001100	Syaa	Prbg.g_01075	Syaa.g_01086
OG0001100	Syad	Prbg.g_01075	Syad.g_01608
OG0001100	Syaj	Prbg.g_01075	Syaj.g_00732
OG0001100	Syaq	Prbg.g_01075	Syaq.g_02262
OG0001100	Syak	Prbg.g_01075	Syak.g_00365
OG0001100	Syab	Prbg.g_01075	Syab.g_01640
OG0001100	Syal	Prbg.g_01075	Syal.g_02293
OG0001100	Prbj	Prbg.g_01075	Prbj.g_02333
OG0001100	Prbk	Prbg.g_01075	Prbk.g_02389
OG0001100	Prbl	Prbg.g_01075	Prbl.g_02414
OG0001100	Praf	Prbg.g_01075	Praf.g_01454
OG0001100	Prah	Prbg.g_01075	Prah.g_00740
OG0001100	Pral	Prbg.g_01075	Pral.g_01807
OG0001100	Prat	Prbg.g_01075	Prat.g_00707
OG0001100	Pram	Prbg.g_01075	Pram.g_00726
OG0001100	Prbh	Prbg.g_01075	Prbh.g_00870
OG0001100	Prak	Prbg.g_01075	Prak.g_00761
OG0001100	Prap	Prbg.g_01075	Prap.g_00867
OG0001100	Prbe	Prbg.g_01075	Prbe.g_00408
OG0001100	Prbf	Prbg.g_01075	Prbf.g_01329
OG0001100	Prbn	Prbg.g_01075	Prbn.g_01630
OG0001101	Prab	Prbg.g_01078	Prab.g_01073
OG0001101	Pran	Prbg.g_01078	Pran.g_00424
OG0001101	Prai	Prbg.g_01078	Prai.g_01051
OG0001101	Prac	Prbg.g_01078	Prac.g_01390
OG0001101	Praq	Prbg.g_01078	Praq.g_01484
OG0001101	Prar	Prbg.g_01078	Prar.g_01770
OG0001101	Prag	Prbg.g_01078	Prag.g_00901
OG0001101	Praw	Prbg.g_01078	Praw.g_01602
OG0001101	Pray	Prbg.g_01078	Pray.g_00446
OG0001101	Praz	Prbg.g_01078	Praz.g_01414
OG0001101	Prba	Prbg.g_01078	Prba.g_01401
OG0001101	Prao	Prbg.g_01078	Prao.g_00840
OG0001101	Prad	Prbg.g_01078	Prad.g_00250
OG0001101	Prae	Prbg.g_01078	Prae.g_00903
OG0001101	Praa	Prbg.g_01078	Praa.g_00902
OG0001101	Prbd	Prbg.g_01078	Prbd.g_00200
OG0001101	Prav	Prbg.g_01078	Prav.g_00493
OG0001101	Prax	Prbg.g_01078	Prax.g_00556
OG0001101	Pras	Prbg.g_01078	Pras.g_01795
OG0001101	Prau	Prbg.g_01078	Prau.g_00952
OG0001101	Prbi	Prbg.g_01078	Prbi.g_00945
OG0001101	Praj	Prbg.g_01078	Praj.g_00881
OG0001101	Prbc	Prbg.g_01078	Prbc.g_01971
OG0001101	Prbm	Prbg.g_01078	Prbm.g_00923
OG0001101	Prbb	Prbg.g_01078	Prbb.g_00926
OG0001101	Prah	Prbg.g_01078	Prah.g_00739
OG0001101	Praf	Prbg.g_01078	Praf.g_01455
OG0001101	Prbj	Prbg.g_01078	Prbj.g_02334
OG0001101	Prbk	Prbg.g_01078	Prbk.g_02390
OG0001101	Prbl	Prbg.g_01078	Prbl.g_02413
OG0001101	Syab	Prbg.g_01078	Syab.g_01639
OG0001101	Syal	Prbg.g_01078	Syal.g_02292
OG0001101	Syak	Prbg.g_01078	Syak.g_00367
OG0001101	Syag	Prbg.g_01078	Syag.g_00603
OG0001101	Syaq	Prbg.g_01078	Syaq.g_02263
OG0001101	Syar	Prbg.g_01078	Syar.g_01623
OG0001101	Syas	Prbg.g_01078	Syas.g_00680
OG0001101	Syat	Prbg.g_01078	Syat.g_00420
OG0001101	Syan	Prbg.g_01078	Syan.g_00747
OG0001101	Syao	Prbg.g_01078	Syao.g_00959
OG0001101	Syad	Prbg.g_01078	Syad.g_01610
OG0001101	Syaj	Prbg.g_01078	Syaj.g_00734
OG0001101	Syai	Prbg.g_01078	Syai.g_01254
OG0001101	Syaf	Prbg.g_01078	Syaf.g_02109
OG0001101	Syam	Prbg.g_01078	Syam.g_01355
OG0001101	Syaa	Prbg.g_01078	Syaa.g_01088
OG0001101	Syae	Prbg.g_01078	Syae.g_00581
OG0001101	Syac	Prbg.g_01078	Syac.g_01401
OG0001101	Syah	Prbg.g_01078	Syah.g_01523
OG0001101	Pral	Prbg.g_01078	Pral.g_01805
OG0001101	Prat	Prbg.g_01078	Prat.g_00709
OG0001101	Pram	Prbg.g_01078	Pram.g_00728
OG0001101	Prbh	Prbg.g_01078	Prbh.g_00872
OG0001101	Prak	Prbg.g_01078	Prak.g_00764
OG0001101	Prap	Prbg.g_01078	Prap.g_00864
OG0001101	Prbe	Prbg.g_01078	Prbe.g_00411
OG0001101	Prbf	Prbg.g_01078	Prbf.g_01326
OG0001101	Prbn	Prbg.g_01078	Prbn.g_01627
OG0001102	Prao	Prbg.g_01081	Prao.g_00842
OG0001102	Prab	Prbg.g_01081	Prab.g_01071
OG0001102	Pran	Prbg.g_01081	Pran.g_00426
OG0001102	Prai	Prbg.g_01081	Prai.g_01049
OG0001102	Prav	Prbg.g_01081	Prav.g_00496
OG0001102	Prac	Prbg.g_01081	Prac.g_01387
OG0001102	Praq	Prbg.g_01081	Praq.g_01487
OG0001102	Prar	Prbg.g_01081	Prar.g_01773
OG0001102	Prag	Prbg.g_01081	Prag.g_00903
OG0001102	Praw	Prbg.g_01081	Praw.g_01600
OG0001102	Pray	Prbg.g_01081	Pray.g_00449
OG0001102	Praz	Prbg.g_01081	Praz.g_01411
OG0001102	Prba	Prbg.g_01081	Prba.g_01398
OG0001102	Prae	Prbg.g_01081	Prae.g_00905
OG0001102	Prad	Prbg.g_01081	Prad.g_00248
OG0001102	Prbd	Prbg.g_01081	Prbd.g_00203
OG0001102	Prbi	Prbg.g_01081	Prbi.g_00948
OG0001102	Praa	Prbg.g_01081	Praa.g_00904
OG0001102	Pras	Prbg.g_01081	Pras.g_01798
OG0001102	Prau	Prbg.g_01081	Prau.g_00954
OG0001102	Prax	Prbg.g_01081	Prax.g_00558
OG0001102	Prbb	Prbg.g_01081	Prbb.g_00929
OG0001102	Prbm	Prbg.g_01081	Prbm.g_00926
OG0001102	Praj	Prbg.g_01081	Praj.g_00884
OG0001102	Prbc	Prbg.g_01081	Prbc.g_01974
OG0001102	Syan	Prbg.g_01081	Syan.g_00744
OG0001102	Syao	Prbg.g_01081	Syao.g_00962
OG0001102	Syar	Prbg.g_01081	Syar.g_01620
OG0001102	Syat	Prbg.g_01081	Syat.g_00423
OG0001102	Syap	Prbg.g_01081	Syap.g_01258
OG0001102	Syas	Prbg.g_01081	Syas.g_00677
OG0001102	Syab	Prbg.g_01081	Syab.g_01636
OG0001102	Syal	Prbg.g_01081	Syal.g_02289
OG0001102	Syak	Prbg.g_01081	Syak.g_00370
OG0001102	Praf	Prbg.g_01081	Praf.g_01458
OG0001102	Prah	Prbg.g_01081	Prah.g_00736
OG0001102	Prbj	Prbg.g_01081	Prbj.g_02337
OG0001102	Prbk	Prbg.g_01081	Prbk.g_02393
OG0001102	Prbl	Prbg.g_01081	Prbl.g_02410
OG0001102	Syad	Prbg.g_01081	Syad.g_01613
OG0001102	Syaj	Prbg.g_01081	Syaj.g_00737
OG0001102	Syag	Prbg.g_01081	Syag.g_00606
OG0001102	Syaq	Prbg.g_01081	Syaq.g_02266
OG0001102	Syac	Prbg.g_01081	Syac.g_01398
OG0001102	Syah	Prbg.g_01081	Syah.g_01526
OG0001102	Syaf	Prbg.g_01081	Syaf.g_02106
OG0001102	Syai	Prbg.g_01081	Syai.g_01257
OG0001102	Syaa	Prbg.g_01081	Syaa.g_01091
OG0001102	Syae	Prbg.g_01081	Syae.g_00578
OG0001102	Pral	Prbg.g_01081	Pral.g_01802
OG0001102	Prat	Prbg.g_01081	Prat.g_00712
OG0001102	Pram	Prbg.g_01081	Pram.g_00731
OG0001102	Prbh	Prbg.g_01081	Prbh.g_00875
OG0001102	Prak	Prbg.g_01081	Prak.g_00767
OG0001102	Prap	Prbg.g_01081	Prap.g_00861
OG0001102	Prbe	Prbg.g_01081	Prbe.g_00414
OG0001102	Prbf	Prbg.g_01081	Prbf.g_01323
OG0001102	Prbn	Prbg.g_01081	Prbn.g_01624
OG0001103	Prab	Prbg.g_01083	Prab.g_01069
OG0001103	Pran	Prbg.g_01083	Pran.g_00428
OG0001103	Prai	Prbg.g_01083	Prai.g_01047
OG0001103	Prav	Prbg.g_01083	Prav.g_00498
OG0001103	Prao	Prbg.g_01083	Prao.g_00844
OG0001103	Prag	Prbg.g_01083	Prag.g_00905
OG0001103	Praw	Prbg.g_01083	Praw.g_01598
OG0001103	Pray	Prbg.g_01083	Pray.g_00451
OG0001103	Praz	Prbg.g_01083	Praz.g_01409
OG0001103	Prba	Prbg.g_01083	Prba.g_01396
OG0001103	Prae	Prbg.g_01083	Prae.g_00907
OG0001103	Prbd	Prbg.g_01083	Prbd.g_00205
OG0001103	Praa	Prbg.g_01083	Praa.g_00906
OG0001103	Prax	Prbg.g_01083	Prax.g_00560
OG0001103	Prbi	Prbg.g_01083	Prbi.g_00950
OG0001103	Prad	Prbg.g_01083	Prad.g_00246
OG0001103	Prac	Prbg.g_01083	Prac.g_01385
OG0001103	Praq	Prbg.g_01083	Praq.g_01489
OG0001103	Prar	Prbg.g_01083	Prar.g_01775
OG0001103	Pras	Prbg.g_01083	Pras.g_01800
OG0001103	Pral	Prbg.g_01083	Pral.g_01800
OG0001103	Prbc	Prbg.g_01083	Prbc.g_01976
OG0001103	Praj	Prbg.g_01083	Praj.g_00886
OG0001103	Prbb	Prbg.g_01083	Prbb.g_00931
OG0001103	Prbm	Prbg.g_01083	Prbm.g_00928
OG0001103	Prbj	Prbg.g_01083	Prbj.g_02339
OG0001103	Prbk	Prbg.g_01083	Prbk.g_02395
OG0001103	Prbl	Prbg.g_01083	Prbl.g_02408
OG0001103	Praf	Prbg.g_01083	Praf.g_01460
OG0001103	Prah	Prbg.g_01083	Prah.g_00734
OG0001103	Syar	Prbg.g_01083	Syar.g_01618
OG0001103	Syas	Prbg.g_01083	Syas.g_00675
OG0001103	Syap	Prbg.g_01083	Syap.g_01256
OG0001103	Syat	Prbg.g_01083	Syat.g_00425
OG0001103	Syak	Prbg.g_01083	Syak.g_00372
OG0001103	Syan	Prbg.g_01083	Syan.g_00742
OG0001103	Syao	Prbg.g_01083	Syao.g_00964
OG0001103	Syab	Prbg.g_01083	Syab.g_01634
OG0001103	Syal	Prbg.g_01083	Syal.g_02287
OG0001103	Syam	Prbg.g_01083	Syam.g_01350
OG0001103	Syaf	Prbg.g_01083	Syaf.g_02104
OG0001103	Syai	Prbg.g_01083	Syai.g_01260
OG0001103	Syac	Prbg.g_01083	Syac.g_01395
OG0001103	Syah	Prbg.g_01083	Syah.g_01528
OG0001103	Syaa	Prbg.g_01083	Syaa.g_01093
OG0001103	Syae	Prbg.g_01083	Syae.g_00576
OG0001103	Syad	Prbg.g_01083	Syad.g_01616
OG0001103	Syaj	Prbg.g_01083	Syaj.g_00740
OG0001103	Syag	Prbg.g_01083	Syag.g_00608
OG0001103	Syaq	Prbg.g_01083	Syaq.g_02268
OG0001103	Prat	Prbg.g_01083	Prat.g_00715
OG0001103	Pram	Prbg.g_01083	Pram.g_00733
OG0001103	Prbh	Prbg.g_01083	Prbh.g_00877
OG0001103	Prak	Prbg.g_01083	Prak.g_00769
OG0001103	Prap	Prbg.g_01083	Prap.g_00859
OG0001103	Prbe	Prbg.g_01083	Prbe.g_00416
OG0001103	Prbf	Prbg.g_01083	Prbf.g_01321
OG0001103	Prbn	Prbg.g_01083	Prbn.g_01622
OG0001104	Prab	Prbg.g_01106	Prab.g_01047
OG0001104	Pran	Prbg.g_01106	Pran.g_00450
OG0001104	Prai	Prbg.g_01106	Prai.g_01026
OG0001104	Prag	Prbg.g_01106	Prag.g_00927
OG0001104	Praw	Prbg.g_01106	Praw.g_01576
OG0001104	Prav	Prbg.g_01106	Prav.g_00520
OG0001104	Prae	Prbg.g_01106	Prae.g_00928
OG0001104	Prbi	Prbg.g_01106	Prbi.g_00972
OG0001104	Praa	Prbg.g_01106	Praa.g_00927
OG0001104	Prac	Prbg.g_01106	Prac.g_01364
OG0001104	Praq	Prbg.g_01106	Praq.g_01511
OG0001104	Prar	Prbg.g_01106	Prar.g_01796
OG0001104	Prax	Prbg.g_01106	Prax.g_00583
OG0001104	Prbd	Prbg.g_01106	Prbd.g_00227
OG0001104	Pray	Prbg.g_01106	Pray.g_00474
OG0001104	Praz	Prbg.g_01106	Praz.g_01387
OG0001104	Prba	Prbg.g_01106	Prba.g_01374
OG0001104	Prad	Prbg.g_01106	Prad.g_00223
OG0001104	Prao	Prbg.g_01106	Prao.g_00865
OG0001104	Pras	Prbg.g_01106	Pras.g_01822
OG0001104	Prau	Prbg.g_01106	Prau.g_00978
OG0001104	Pral	Prbg.g_01106	Pral.g_01777
OG0001104	Prat	Prbg.g_01106	Prat.g_00739
OG0001104	Syaa	Prbg.g_01106	Syaa.g_01133
OG0001104	Syae	Prbg.g_01106	Syae.g_00544
OG0001104	Syaf	Prbg.g_01106	Syaf.g_02071
OG0001104	Syai	Prbg.g_01106	Syai.g_01300
OG0001104	Syam	Prbg.g_01106	Syam.g_01311
OG0001104	Syac	Prbg.g_01106	Syac.g_01364
OG0001104	Syah	Prbg.g_01106	Syah.g_01801
OG0001104	Syad	Prbg.g_01106	Syad.g_01911
OG0001104	Syaj	Prbg.g_01106	Syaj.g_01050
OG0001104	Syag	Prbg.g_01106	Syag.g_00642
OG0001104	Syak	Prbg.g_01106	Syak.g_00410
OG0001104	Syab	Prbg.g_01106	Syab.g_01590
OG0001104	Syal	Prbg.g_01106	Syal.g_02241
OG0001104	Prah	Prbg.g_01106	Prah.g_00684
OG0001104	Praf	Prbg.g_01106	Praf.g_01511
OG0001104	Prbj	Prbg.g_01106	Prbj.g_02396
OG0001104	Prbk	Prbg.g_01106	Prbk.g_02452
OG0001104	Prbl	Prbg.g_01106	Prbl.g_02351
OG0001104	Prbm	Prbg.g_01106	Prbm.g_00794
OG0001104	Praj	Prbg.g_01106	Praj.g_00749
OG0001104	Prbb	Prbg.g_01106	Prbb.g_00763
OG0001104	Prbc	Prbg.g_01106	Prbc.g_01838
OG0001104	Syaq	Prbg.g_01106	Syaq.g_02316
OG0001104	Syat	Prbg.g_01106	Syat.g_00458
OG0001104	Syap	Prbg.g_01106	Syap.g_00171
OG0001104	Syas	Prbg.g_01106	Syas.g_00620
OG0001104	Syar	Prbg.g_01106	Syar.g_02616
OG0001104	Syan	Prbg.g_01106	Syan.g_00714
OG0001104	Pram	Prbg.g_01106	Pram.g_00755
OG0001104	Prbh	Prbg.g_01106	Prbh.g_00899
OG0001104	Prak	Prbg.g_01106	Prak.g_00792
OG0001104	Prap	Prbg.g_01106	Prap.g_00836
OG0001104	Prbe	Prbg.g_01106	Prbe.g_00439
OG0001104	Prbf	Prbg.g_01106	Prbf.g_01298
OG0001104	Prbn	Prbg.g_01106	Prbn.g_01599
OG0001105	Prab	Prbg.g_01110	Prab.g_01043
OG0001105	Pran	Prbg.g_01110	Pran.g_00454
OG0001105	Prai	Prbg.g_01110	Prai.g_01022
OG0001105	Prac	Prbg.g_01110	Prac.g_01360
OG0001105	Praq	Prbg.g_01110	Praq.g_01515
OG0001105	Prar	Prbg.g_01110	Prar.g_01800
OG0001105	Prag	Prbg.g_01110	Prag.g_00931
OG0001105	Praw	Prbg.g_01110	Praw.g_01572
OG0001105	Prav	Prbg.g_01110	Prav.g_00524
OG0001105	Praa	Prbg.g_01110	Praa.g_00931
OG0001105	Prae	Prbg.g_01110	Prae.g_00932
OG0001105	Prax	Prbg.g_01110	Prax.g_00587
OG0001105	Prbd	Prbg.g_01110	Prbd.g_00231
OG0001105	Prbi	Prbg.g_01110	Prbi.g_00976
OG0001105	Pray	Prbg.g_01110	Pray.g_00478
OG0001105	Praz	Prbg.g_01110	Praz.g_01383
OG0001105	Prba	Prbg.g_01110	Prba.g_01370
OG0001105	Prau	Prbg.g_01110	Prau.g_00982
OG0001105	Prao	Prbg.g_01110	Prao.g_00869
OG0001105	Pras	Prbg.g_01110	Pras.g_01826
OG0001105	Prad	Prbg.g_01110	Prad.g_00219
OG0001105	Syao	Prbg.g_01110	Syao.g_00736
OG0001105	Syas	Prbg.g_01110	Syas.g_00617
OG0001105	Syat	Prbg.g_01110	Syat.g_00461
OG0001105	Syap	Prbg.g_01110	Syap.g_00175
OG0001105	Syar	Prbg.g_01110	Syar.g_02620
OG0001105	Syaa	Prbg.g_01110	Syaa.g_01137
OG0001105	Syaf	Prbg.g_01110	Syaf.g_02067
OG0001105	Syai	Prbg.g_01110	Syai.g_01304
OG0001105	Syam	Prbg.g_01110	Syam.g_01307
OG0001105	Syad	Prbg.g_01110	Syad.g_01907
OG0001105	Syaj	Prbg.g_01110	Syaj.g_01046
OG0001105	Prah	Prbg.g_01110	Prah.g_00689
OG0001105	Praf	Prbg.g_01110	Praf.g_01506
OG0001105	Prbj	Prbg.g_01110	Prbj.g_02391
OG0001105	Prbk	Prbg.g_01110	Prbk.g_02447
OG0001105	Prbl	Prbg.g_01110	Prbl.g_02356
OG0001105	Syag	Prbg.g_01110	Syag.g_00646
OG0001105	Syaq	Prbg.g_01110	Syaq.g_02320
OG0001105	Syab	Prbg.g_01110	Syab.g_01585
OG0001105	Syal	Prbg.g_01110	Syal.g_02236
OG0001105	Syak	Prbg.g_01110	Syak.g_00414
OG0001105	Syae	Prbg.g_01110	Syae.g_00540
OG0001105	Syac	Prbg.g_01110	Syac.g_01360
OG0001105	Syah	Prbg.g_01110	Syah.g_01797
OG0001105	Prbm	Prbg.g_01110	Prbm.g_00798
OG0001105	Prbc	Prbg.g_01110	Prbc.g_01842
OG0001105	Praj	Prbg.g_01110	Praj.g_00753
OG0001105	Prbb	Prbg.g_01110	Prbb.g_00767
OG0001105	Pral	Prbg.g_01110	Pral.g_01773
OG0001105	Prat	Prbg.g_01110	Prat.g_00743
OG0001105	Pram	Prbg.g_01110	Pram.g_00759
OG0001105	Prbh	Prbg.g_01110	Prbh.g_00903
OG0001105	Prak	Prbg.g_01110	Prak.g_00796
OG0001105	Prap	Prbg.g_01110	Prap.g_00832
OG0001105	Prbe	Prbg.g_01110	Prbe.g_00443
OG0001105	Prbf	Prbg.g_01110	Prbf.g_01294
OG0001105	Prbn	Prbg.g_01110	Prbn.g_01595
OG0001106	Prab	Prbg.g_01278	Prab.g_01019
OG0001106	Pran	Prbg.g_01278	Pran.g_00478
OG0001106	Prai	Prbg.g_01278	Prai.g_00998
OG0001106	Prac	Prbg.g_01278	Prac.g_01336
OG0001106	Praq	Prbg.g_01278	Praq.g_01539
OG0001106	Prar	Prbg.g_01278	Prar.g_01824
OG0001106	Prag	Prbg.g_01278	Prag.g_00955
OG0001106	Praw	Prbg.g_01278	Praw.g_01548
OG0001106	Prbi	Prbg.g_01278	Prbi.g_01000
OG0001106	Prao	Prbg.g_01278	Prao.g_00893
OG0001106	Praa	Prbg.g_01278	Praa.g_00955
OG0001106	Prae	Prbg.g_01278	Prae.g_00955
OG0001106	Prbd	Prbg.g_01278	Prbd.g_00255
OG0001106	Prax	Prbg.g_01278	Prax.g_00611
OG0001106	Pras	Prbg.g_01278	Pras.g_01850
OG0001106	Prau	Prbg.g_01278	Prau.g_01006
OG0001106	Prad	Prbg.g_01278	Prad.g_00195
OG0001106	Prav	Prbg.g_01278	Prav.g_00547
OG0001106	Pray	Prbg.g_01278	Pray.g_00502
OG0001106	Praz	Prbg.g_01278	Praz.g_01359
OG0001106	Prba	Prbg.g_01278	Prba.g_01346
OG0001106	Praj	Prbg.g_01278	Praj.g_00934
OG0001106	Prbm	Prbg.g_01278	Prbm.g_00976
OG0001106	Prbb	Prbg.g_01278	Prbb.g_00979
OG0001106	Prbc	Prbg.g_01278	Prbc.g_02024
OG0001106	Prbj	Prbg.g_01278	Prbj.g_02280
OG0001106	Prbk	Prbg.g_01278	Prbk.g_02336
OG0001106	Prbl	Prbg.g_01278	Prbl.g_02466
OG0001106	Praf	Prbg.g_01278	Praf.g_01404
OG0001106	Prah	Prbg.g_01278	Prah.g_00784
OG0001106	Syae	Prbg.g_01278	Syae.g_00346
OG0001106	Syad	Prbg.g_01278	Syad.g_01771
OG0001106	Syaj	Prbg.g_01278	Syaj.g_00912
OG0001106	Syac	Prbg.g_01278	Syac.g_01166
OG0001106	Syah	Prbg.g_01278	Syah.g_01609
OG0001106	Syaa	Prbg.g_01278	Syaa.g_01372
OG0001106	Syai	Prbg.g_01278	Syai.g_01517
OG0001106	Syaf	Prbg.g_01278	Syaf.g_01847
OG0001106	Syam	Prbg.g_01278	Syam.g_01110
OG0001106	Syar	Prbg.g_01278	Syar.g_02553
OG0001106	Syan	Prbg.g_01278	Syan.g_00551
OG0001106	Syao	Prbg.g_01278	Syao.g_00688
OG0001106	Syas	Prbg.g_01278	Syas.g_00447
OG0001106	Syat	Prbg.g_01278	Syat.g_00598
OG0001106	Syag	Prbg.g_01278	Syag.g_00796
OG0001106	Syaq	Prbg.g_01278	Syaq.g_02471
OG0001106	Syak	Prbg.g_01278	Syak.g_00518
OG0001106	Syab	Prbg.g_01278	Syab.g_01397
OG0001106	Syal	Prbg.g_01278	Syal.g_02007
OG0001106	Pral	Prbg.g_01278	Pral.g_01639
OG0001106	Prat	Prbg.g_01278	Prat.g_00884
OG0001106	Pram	Prbg.g_01278	Pram.g_00931
OG0001106	Prbh	Prbg.g_01278	Prbh.g_01074
OG0001106	Prak	Prbg.g_01278	Prak.g_00964
OG0001106	Prap	Prbg.g_01278	Prap.g_00248
OG0001106	Prbe	Prbg.g_01278	Prbe.g_01341
OG0001106	Prbf	Prbg.g_01278	Prbf.g_01126
OG0001106	Prbn	Prbg.g_01278	Prbn.g_01427
OG0001107	Prab	Prbg.g_01285	Prab.g_01012
OG0001107	Pran	Prbg.g_01285	Pran.g_00485
OG0001107	Prai	Prbg.g_01285	Prai.g_00991
OG0001107	Prac	Prbg.g_01285	Prac.g_01329
OG0001107	Praq	Prbg.g_01285	Praq.g_01546
OG0001107	Prar	Prbg.g_01285	Prar.g_01831
OG0001107	Prag	Prbg.g_01285	Prag.g_00962
OG0001107	Praw	Prbg.g_01285	Praw.g_01541
OG0001107	Prav	Prbg.g_01285	Prav.g_00554
OG0001107	Pray	Prbg.g_01285	Pray.g_00509
OG0001107	Praz	Prbg.g_01285	Praz.g_01352
OG0001107	Prba	Prbg.g_01285	Prba.g_01339
OG0001107	Prao	Prbg.g_01285	Prao.g_00900
OG0001107	Prbd	Prbg.g_01285	Prbd.g_00262
OG0001107	Prbi	Prbg.g_01285	Prbi.g_01007
OG0001107	Prad	Prbg.g_01285	Prad.g_00188
OG0001107	Praa	Prbg.g_01285	Praa.g_00962
OG0001107	Pras	Prbg.g_01285	Pras.g_01857
OG0001107	Prau	Prbg.g_01285	Prau.g_01013
OG0001107	Prae	Prbg.g_01285	Prae.g_00962
OG0001107	Prax	Prbg.g_01285	Prax.g_00618
OG0001107	Prbb	Prbg.g_01285	Prbb.g_00989
OG0001107	Prbm	Prbg.g_01285	Prbm.g_00986
OG0001107	Prbc	Prbg.g_01285	Prbc.g_02034
OG0001107	Praj	Prbg.g_01285	Praj.g_00944
OG0001107	Prbj	Prbg.g_01285	Prbj.g_02270
OG0001107	Prbk	Prbg.g_01285	Prbk.g_02326
OG0001107	Prbl	Prbg.g_01285	Prbl.g_02476
OG0001107	Praf	Prbg.g_01285	Praf.g_01394
OG0001107	Prah	Prbg.g_01285	Prah.g_00794
OG0001107	Syap	Prbg.g_01285	Syap.g_02015
OG0001107	Syat	Prbg.g_01285	Syat.g_00580
OG0001107	Syas	Prbg.g_01285	Syas.g_00459
OG0001107	Syar	Prbg.g_01285	Syar.g_02541
OG0001107	Syan	Prbg.g_01285	Syan.g_00563
OG0001107	Syao	Prbg.g_01285	Syao.g_00676
OG0001107	Syad	Prbg.g_01285	Syad.g_01759
OG0001107	Syaj	Prbg.g_01285	Syaj.g_00900
OG0001107	Syae	Prbg.g_01285	Syae.g_00358
OG0001107	Syaa	Prbg.g_01285	Syaa.g_01359
OG0001107	Syac	Prbg.g_01285	Syac.g_01180
OG0001107	Syah	Prbg.g_01285	Syah.g_01620
OG0001107	Syaf	Prbg.g_01285	Syaf.g_01859
OG0001107	Syai	Prbg.g_01285	Syai.g_01505
OG0001107	Syam	Prbg.g_01285	Syam.g_01122
OG0001107	Syag	Prbg.g_01285	Syag.g_00808
OG0001107	Syab	Prbg.g_01285	Syab.g_01385
OG0001107	Syal	Prbg.g_01285	Syal.g_01993
OG0001107	Syak	Prbg.g_01285	Syak.g_00505
OG0001107	Pral	Prbg.g_01285	Pral.g_01629
OG0001107	Prat	Prbg.g_01285	Prat.g_00894
OG0001107	Pram	Prbg.g_01285	Pram.g_00941
OG0001107	Prbh	Prbg.g_01285	Prbh.g_01084
OG0001107	Prak	Prbg.g_01285	Prak.g_00971
OG0001107	Prap	Prbg.g_01285	Prap.g_00255
OG0001107	Prbe	Prbg.g_01285	Prbe.g_01348
OG0001107	Prbf	Prbg.g_01285	Prbf.g_01119
OG0001107	Prbn	Prbg.g_01285	Prbn.g_01420
OG0001108	Prab	Prbg.g_01289	Prab.g_01008
OG0001108	Pran	Prbg.g_01289	Pran.g_00489
OG0001108	Prai	Prbg.g_01289	Prai.g_00987
OG0001108	Prac	Prbg.g_01289	Prac.g_01325
OG0001108	Praq	Prbg.g_01289	Praq.g_01550
OG0001108	Prar	Prbg.g_01289	Prar.g_01835
OG0001108	Prav	Prbg.g_01289	Prav.g_00558
OG0001108	Prao	Prbg.g_01289	Prao.g_00904
OG0001108	Prag	Prbg.g_01289	Prag.g_00966
OG0001108	Praw	Prbg.g_01289	Praw.g_01537
OG0001108	Prae	Prbg.g_01289	Prae.g_00966
OG0001108	Prbi	Prbg.g_01289	Prbi.g_01011
OG0001108	Praa	Prbg.g_01289	Praa.g_00966
OG0001108	Prbd	Prbg.g_01289	Prbd.g_00266
OG0001108	Prax	Prbg.g_01289	Prax.g_01131
OG0001108	Pray	Prbg.g_01289	Pray.g_00513
OG0001108	Praz	Prbg.g_01289	Praz.g_01348
OG0001108	Prba	Prbg.g_01289	Prba.g_01335
OG0001108	Prad	Prbg.g_01289	Prad.g_00184
OG0001108	Pras	Prbg.g_01289	Pras.g_01861
OG0001108	Prau	Prbg.g_01289	Prau.g_01017
OG0001108	Prbm	Prbg.g_01289	Prbm.g_00990
OG0001108	Praj	Prbg.g_01289	Praj.g_00948
OG0001108	Prbc	Prbg.g_01289	Prbc.g_02038
OG0001108	Prbb	Prbg.g_01289	Prbb.g_00993
OG0001108	Pral	Prbg.g_01289	Pral.g_01625
OG0001108	Prat	Prbg.g_01289	Prat.g_00898
OG0001108	Prbj	Prbg.g_01289	Prbj.g_02263
OG0001108	Prbk	Prbg.g_01289	Prbk.g_02319
OG0001108	Prbl	Prbg.g_01289	Prbl.g_02483
OG0001108	Praf	Prbg.g_01289	Praf.g_01387
OG0001108	Prah	Prbg.g_01289	Prah.g_00801
OG0001108	Syaa	Prbg.g_01289	Syaa.g_01350
OG0001108	Syac	Prbg.g_01289	Syac.g_01188
OG0001108	Syah	Prbg.g_01289	Syah.g_01628
OG0001108	Syaf	Prbg.g_01289	Syaf.g_01868
OG0001108	Syai	Prbg.g_01289	Syai.g_01496
OG0001108	Syam	Prbg.g_01289	Syam.g_01132
OG0001108	Syae	Prbg.g_01289	Syae.g_00366
OG0001108	Syad	Prbg.g_01289	Syad.g_01744
OG0001108	Syaj	Prbg.g_01289	Syaj.g_00870
OG0001108	Syat	Prbg.g_01289	Syat.g_00570
OG0001108	Syas	Prbg.g_01289	Syas.g_00494
OG0001108	Syap	Prbg.g_01289	Syap.g_00119
OG0001108	Syan	Prbg.g_01289	Syan.g_00571
OG0001108	Syao	Prbg.g_01289	Syao.g_00669
OG0001108	Syag	Prbg.g_01289	Syag.g_00817
OG0001108	Syak	Prbg.g_01289	Syak.g_00497
OG0001108	Syab	Prbg.g_01289	Syab.g_01377
OG0001108	Syal	Prbg.g_01289	Syal.g_01985
OG0001108	Syaq	Prbg.g_01289	Syaq.g_02491
OG0001108	Pram	Prbg.g_01289	Pram.g_00945
OG0001108	Prbh	Prbg.g_01289	Prbh.g_01088
OG0001108	Prak	Prbg.g_01289	Prak.g_00975
OG0001108	Prap	Prbg.g_01289	Prap.g_00259
OG0001108	Prbe	Prbg.g_01289	Prbe.g_01352
OG0001108	Prbf	Prbg.g_01289	Prbf.g_01115
OG0001108	Prbn	Prbg.g_01289	Prbn.g_01416
OG0001109	Prab	Prbg.g_01290	Prab.g_01007
OG0001109	Pran	Prbg.g_01290	Pran.g_00490
OG0001109	Prai	Prbg.g_01290	Prai.g_00986
OG0001109	Prac	Prbg.g_01290	Prac.g_01324
OG0001109	Praq	Prbg.g_01290	Praq.g_01551
OG0001109	Prar	Prbg.g_01290	Prar.g_01836
OG0001109	Prav	Prbg.g_01290	Prav.g_00559
OG0001109	Prao	Prbg.g_01290	Prao.g_00905
OG0001109	Prag	Prbg.g_01290	Prag.g_00967
OG0001109	Praw	Prbg.g_01290	Praw.g_01536
OG0001109	Prae	Prbg.g_01290	Prae.g_00967
OG0001109	Prax	Prbg.g_01290	Prax.g_01132
OG0001109	Praa	Prbg.g_01290	Praa.g_00967
OG0001109	Prbd	Prbg.g_01290	Prbd.g_00267
OG0001109	Prbi	Prbg.g_01290	Prbi.g_01012
OG0001109	Pras	Prbg.g_01290	Pras.g_01862
OG0001109	Prau	Prbg.g_01290	Prau.g_01018
OG0001109	Prad	Prbg.g_01290	Prad.g_00183
OG0001109	Pray	Prbg.g_01290	Pray.g_00514
OG0001109	Praz	Prbg.g_01290	Praz.g_01347
OG0001109	Prba	Prbg.g_01290	Prba.g_01334
OG0001109	Prbm	Prbg.g_01290	Prbm.g_00991
OG0001109	Praj	Prbg.g_01290	Praj.g_00949
OG0001109	Prbb	Prbg.g_01290	Prbb.g_00994
OG0001109	Prbc	Prbg.g_01290	Prbc.g_02039
OG0001109	Pral	Prbg.g_01290	Pral.g_01624
OG0001109	Prat	Prbg.g_01290	Prat.g_00899
OG0001109	Prbj	Prbg.g_01290	Prbj.g_02261
OG0001109	Prbk	Prbg.g_01290	Prbk.g_02317
OG0001109	Prbl	Prbg.g_01290	Prbl.g_02485
OG0001109	Praf	Prbg.g_01290	Praf.g_01385
OG0001109	Prah	Prbg.g_01290	Prah.g_00803
OG0001109	Syad	Prbg.g_01290	Syad.g_01739
OG0001109	Syaj	Prbg.g_01290	Syaj.g_00868
OG0001109	Syae	Prbg.g_01290	Syae.g_00368
OG0001109	Syaa	Prbg.g_01290	Syaa.g_01349
OG0001109	Syac	Prbg.g_01290	Syac.g_01190
OG0001109	Syah	Prbg.g_01290	Syah.g_01630
OG0001109	Syam	Prbg.g_01290	Syam.g_01134
OG0001109	Syaf	Prbg.g_01290	Syaf.g_01877
OG0001109	Syai	Prbg.g_01290	Syai.g_01488
OG0001109	Syag	Prbg.g_01290	Syag.g_00819
OG0001109	Syat	Prbg.g_01290	Syat.g_00568
OG0001109	Syar	Prbg.g_01290	Syar.g_02529
OG0001109	Syan	Prbg.g_01290	Syan.g_00573
OG0001109	Syao	Prbg.g_01290	Syao.g_00667
OG0001109	Syas	Prbg.g_01290	Syas.g_00496
OG0001109	Syaq	Prbg.g_01290	Syaq.g_02493
OG0001109	Syak	Prbg.g_01290	Syak.g_00495
OG0001109	Syab	Prbg.g_01290	Syab.g_01368
OG0001109	Syal	Prbg.g_01290	Syal.g_01983
OG0001109	Pram	Prbg.g_01290	Pram.g_00946
OG0001109	Prbh	Prbg.g_01290	Prbh.g_01089
OG0001109	Prak	Prbg.g_01290	Prak.g_00976
OG0001109	Prap	Prbg.g_01290	Prap.g_00260
OG0001109	Prbe	Prbg.g_01290	Prbe.g_01353
OG0001109	Prbf	Prbg.g_01290	Prbf.g_01114
OG0001109	Prbn	Prbg.g_01290	Prbn.g_01415
OG0001110	Prab	Prbg.g_01292	Prab.g_01005
OG0001110	Pran	Prbg.g_01292	Pran.g_00492
OG0001110	Prai	Prbg.g_01292	Prai.g_00984
OG0001110	Pras	Prbg.g_01292	Pras.g_01864
OG0001110	Prad	Prbg.g_01292	Prad.g_00181
OG0001110	Prao	Prbg.g_01292	Prao.g_00907
OG0001110	Prav	Prbg.g_01292	Prav.g_00561
OG0001110	Prac	Prbg.g_01292	Prac.g_01322
OG0001110	Praq	Prbg.g_01292	Praq.g_01553
OG0001110	Prar	Prbg.g_01292	Prar.g_01838
OG0001110	Prau	Prbg.g_01292	Prau.g_01020
OG0001110	Prbd	Prbg.g_01292	Prbd.g_00269
OG0001110	Pray	Prbg.g_01292	Pray.g_00516
OG0001110	Praz	Prbg.g_01292	Praz.g_01345
OG0001110	Prba	Prbg.g_01292	Prba.g_01332
OG0001110	Praa	Prbg.g_01292	Praa.g_00969
OG0001110	Prae	Prbg.g_01292	Prae.g_00969
OG0001110	Prax	Prbg.g_01292	Prax.g_01134
OG0001110	Prag	Prbg.g_01292	Prag.g_00969
OG0001110	Praw	Prbg.g_01292	Praw.g_01534
OG0001110	Prbi	Prbg.g_01292	Prbi.g_01014
OG0001110	Praj	Prbg.g_01292	Praj.g_00951
OG0001110	Prbc	Prbg.g_01292	Prbc.g_02041
OG0001110	Prbb	Prbg.g_01292	Prbb.g_00996
OG0001110	Prbm	Prbg.g_01292	Prbm.g_00993
OG0001110	Prbj	Prbg.g_01292	Prbj.g_02259
OG0001110	Prbk	Prbg.g_01292	Prbk.g_02315
OG0001110	Prbl	Prbg.g_01292	Prbl.g_02487
OG0001110	Praf	Prbg.g_01292	Praf.g_01382
OG0001110	Prah	Prbg.g_01292	Prah.g_00806
OG0001110	Syaf	Prbg.g_01292	Syaf.g_01879
OG0001110	Syai	Prbg.g_01292	Syai.g_01486
OG0001110	Syam	Prbg.g_01292	Syam.g_01136
OG0001110	Syaa	Prbg.g_01292	Syaa.g_01347
OG0001110	Syad	Prbg.g_01292	Syad.g_01737
OG0001110	Syaj	Prbg.g_01292	Syaj.g_00866
OG0001110	Syae	Prbg.g_01292	Syae.g_00370
OG0001110	Syac	Prbg.g_01292	Syac.g_01192
OG0001110	Syah	Prbg.g_01292	Syah.g_01632
OG0001110	Syas	Prbg.g_01292	Syas.g_00498
OG0001110	Syan	Prbg.g_01292	Syan.g_00575
OG0001110	Syao	Prbg.g_01292	Syao.g_00665
OG0001110	Syar	Prbg.g_01292	Syar.g_02527
OG0001110	Syat	Prbg.g_01292	Syat.g_00566
OG0001110	Syak	Prbg.g_01292	Syak.g_00493
OG0001110	Syab	Prbg.g_01292	Syab.g_01366
OG0001110	Syal	Prbg.g_01292	Syal.g_01981
OG0001110	Syag	Prbg.g_01292	Syag.g_00821
OG0001110	Syaq	Prbg.g_01292	Syaq.g_02495
OG0001110	Pral	Prbg.g_01292	Pral.g_01622
OG0001110	Prat	Prbg.g_01292	Prat.g_00901
OG0001110	Pram	Prbg.g_01292	Pram.g_00948
OG0001110	Prbh	Prbg.g_01292	Prbh.g_01091
OG0001110	Prak	Prbg.g_01292	Prak.g_00978
OG0001110	Prap	Prbg.g_01292	Prap.g_00262
OG0001110	Prbe	Prbg.g_01292	Prbe.g_01355
OG0001110	Prbf	Prbg.g_01292	Prbf.g_01112
OG0001110	Prbn	Prbg.g_01292	Prbn.g_01413
OG0001111	Prac	Prbg.g_01293	Prac.g_01321
OG0001111	Praq	Prbg.g_01293	Praq.g_01554
OG0001111	Prar	Prbg.g_01293	Prar.g_01839
OG0001111	Prav	Prbg.g_01293	Prav.g_00562
OG0001111	Prao	Prbg.g_01293	Prao.g_00908
OG0001111	Prax	Prbg.g_01293	Prax.g_01135
OG0001111	Prbd	Prbg.g_01293	Prbd.g_00270
OG0001111	Prae	Prbg.g_01293	Prae.g_00970
OG0001111	Praa	Prbg.g_01293	Praa.g_00970
OG0001111	Prag	Prbg.g_01293	Prag.g_00970
OG0001111	Praw	Prbg.g_01293	Praw.g_01533
OG0001111	Prbi	Prbg.g_01293	Prbi.g_01015
OG0001111	Pray	Prbg.g_01293	Pray.g_00517
OG0001111	Praz	Prbg.g_01293	Praz.g_01344
OG0001111	Prba	Prbg.g_01293	Prba.g_01331
OG0001111	Prad	Prbg.g_01293	Prad.g_00180
OG0001111	Pras	Prbg.g_01293	Pras.g_01865
OG0001111	Prau	Prbg.g_01293	Prau.g_01021
OG0001111	Prab	Prbg.g_01293	Prab.g_01004
OG0001111	Pran	Prbg.g_01293	Pran.g_00493
OG0001111	Prai	Prbg.g_01293	Prai.g_00983
OG0001111	Prbc	Prbg.g_01293	Prbc.g_02042
OG0001111	Praj	Prbg.g_01293	Praj.g_00952
OG0001111	Prbb	Prbg.g_01293	Prbb.g_00997
OG0001111	Prbm	Prbg.g_01293	Prbm.g_00994
OG0001111	Pral	Prbg.g_01293	Pral.g_01621
OG0001111	Prat	Prbg.g_01293	Prat.g_00902
OG0001111	Syan	Prbg.g_01293	Syan.g_00577
OG0001111	Syao	Prbg.g_01293	Syao.g_00663
OG0001111	Syar	Prbg.g_01293	Syar.g_02525
OG0001111	Syas	Prbg.g_01293	Syas.g_00500
OG0001111	Syat	Prbg.g_01293	Syat.g_00564
OG0001111	Syak	Prbg.g_01293	Syak.g_00491
OG0001111	Syab	Prbg.g_01293	Syab.g_01364
OG0001111	Syal	Prbg.g_01293	Syal.g_01979
OG0001111	Syae	Prbg.g_01293	Syae.g_00372
OG0001111	Syaa	Prbg.g_01293	Syaa.g_01345
OG0001111	Syac	Prbg.g_01293	Syac.g_01194
OG0001111	Syah	Prbg.g_01293	Syah.g_01634
OG0001111	Syaf	Prbg.g_01293	Syaf.g_01881
OG0001111	Syai	Prbg.g_01293	Syai.g_01484
OG0001111	Syam	Prbg.g_01293	Syam.g_01138
OG0001111	Syad	Prbg.g_01293	Syad.g_01735
OG0001111	Syaj	Prbg.g_01293	Syaj.g_00864
OG0001111	Prbj	Prbg.g_01293	Prbj.g_02257
OG0001111	Prbk	Prbg.g_01293	Prbk.g_02313
OG0001111	Prbl	Prbg.g_01293	Prbl.g_02489
OG0001111	Praf	Prbg.g_01293	Praf.g_01380
OG0001111	Prah	Prbg.g_01293	Prah.g_00808
OG0001111	Syag	Prbg.g_01293	Syag.g_00823
OG0001111	Syaq	Prbg.g_01293	Syaq.g_02497
OG0001111	Pram	Prbg.g_01293	Pram.g_00949
OG0001111	Prbh	Prbg.g_01293	Prbh.g_01092
OG0001111	Prak	Prbg.g_01293	Prak.g_00979
OG0001111	Prap	Prbg.g_01293	Prap.g_00263
OG0001111	Prbe	Prbg.g_01293	Prbe.g_01356
OG0001111	Prbf	Prbg.g_01293	Prbf.g_01111
OG0001111	Prbn	Prbg.g_01293	Prbn.g_01412
OG0001112	Prab	Prbg.g_01294	Prab.g_01003
OG0001112	Pran	Prbg.g_01294	Pran.g_00494
OG0001112	Prai	Prbg.g_01294	Prai.g_00982
OG0001112	Prac	Prbg.g_01294	Prac.g_01320
OG0001112	Praq	Prbg.g_01294	Praq.g_01555
OG0001112	Prar	Prbg.g_01294	Prar.g_01840
OG0001112	Prav	Prbg.g_01294	Prav.g_00563
OG0001112	Prad	Prbg.g_01294	Prad.g_00179
OG0001112	Pras	Prbg.g_01294	Pras.g_01866
OG0001112	Prau	Prbg.g_01294	Prau.g_01022
OG0001112	Prax	Prbg.g_01294	Prax.g_01136
OG0001112	Prag	Prbg.g_01294	Prag.g_00971
OG0001112	Praw	Prbg.g_01294	Praw.g_01532
OG0001112	Praa	Prbg.g_01294	Praa.g_00971
OG0001112	Prae	Prbg.g_01294	Prae.g_00971
OG0001112	Prbd	Prbg.g_01294	Prbd.g_00271
OG0001112	Pray	Prbg.g_01294	Pray.g_00518
OG0001112	Praz	Prbg.g_01294	Praz.g_01343
OG0001112	Prba	Prbg.g_01294	Prba.g_01330
OG0001112	Prao	Prbg.g_01294	Prao.g_00909
OG0001112	Prbi	Prbg.g_01294	Prbi.g_01016
OG0001112	Syac	Prbg.g_01294	Syac.g_01196
OG0001112	Syah	Prbg.g_01294	Syah.g_01636
OG0001112	Syaa	Prbg.g_01294	Syaa.g_01343
OG0001112	Syad	Prbg.g_01294	Syad.g_01733
OG0001112	Syaj	Prbg.g_01294	Syaj.g_00862
OG0001112	Syae	Prbg.g_01294	Syae.g_00374
OG0001112	Syai	Prbg.g_01294	Syai.g_01482
OG0001112	Syaf	Prbg.g_01294	Syaf.g_01883
OG0001112	Syam	Prbg.g_01294	Syam.g_01140
OG0001112	Syat	Prbg.g_01294	Syat.g_00562
OG0001112	Syas	Prbg.g_01294	Syas.g_00503
OG0001112	Syar	Prbg.g_01294	Syar.g_02523
OG0001112	Syan	Prbg.g_01294	Syan.g_00579
OG0001112	Syao	Prbg.g_01294	Syao.g_00661
OG0001112	Syag	Prbg.g_01294	Syag.g_00825
OG0001112	Syaq	Prbg.g_01294	Syaq.g_02499
OG0001112	Prbj	Prbg.g_01294	Prbj.g_02255
OG0001112	Prbk	Prbg.g_01294	Prbk.g_02311
OG0001112	Prbl	Prbg.g_01294	Prbl.g_02491
OG0001112	Prah	Prbg.g_01294	Prah.g_00810
OG0001112	Praf	Prbg.g_01294	Praf.g_01378
OG0001112	Syak	Prbg.g_01294	Syak.g_00489
OG0001112	Syab	Prbg.g_01294	Syab.g_01362
OG0001112	Syal	Prbg.g_01294	Syal.g_01977
OG0001112	Praj	Prbg.g_01294	Praj.g_00953
OG0001112	Prbb	Prbg.g_01294	Prbb.g_00998
OG0001112	Prbc	Prbg.g_01294	Prbc.g_02043
OG0001112	Prbm	Prbg.g_01294	Prbm.g_00995
OG0001112	Pral	Prbg.g_01294	Pral.g_01620
OG0001112	Prat	Prbg.g_01294	Prat.g_00903
OG0001112	Pram	Prbg.g_01294	Pram.g_00950
OG0001112	Prbh	Prbg.g_01294	Prbh.g_01093
OG0001112	Prak	Prbg.g_01294	Prak.g_00980
OG0001112	Prap	Prbg.g_01294	Prap.g_00264
OG0001112	Prbe	Prbg.g_01294	Prbe.g_01357
OG0001112	Prbf	Prbg.g_01294	Prbf.g_01110
OG0001112	Prbn	Prbg.g_01294	Prbn.g_01411
OG0001113	Prac	Prbg.g_01295	Prac.g_01319
OG0001113	Praq	Prbg.g_01295	Praq.g_01556
OG0001113	Prar	Prbg.g_01295	Prar.g_01841
OG0001113	Prab	Prbg.g_01295	Prab.g_01002
OG0001113	Pran	Prbg.g_01295	Pran.g_00495
OG0001113	Prai	Prbg.g_01295	Prai.g_00981
OG0001113	Pray	Prbg.g_01295	Pray.g_00519
OG0001113	Praz	Prbg.g_01295	Praz.g_01342
OG0001113	Prba	Prbg.g_01295	Prba.g_01329
OG0001113	Prag	Prbg.g_01295	Prag.g_00972
OG0001113	Praw	Prbg.g_01295	Praw.g_01531
OG0001113	Praa	Prbg.g_01295	Praa.g_00972
OG0001113	Prae	Prbg.g_01295	Prae.g_00972
OG0001113	Prbd	Prbg.g_01295	Prbd.g_00272
OG0001113	Prbi	Prbg.g_01295	Prbi.g_01017
OG0001113	Prao	Prbg.g_01295	Prao.g_00910
OG0001113	Prad	Prbg.g_01295	Prad.g_00178
OG0001113	Prax	Prbg.g_01295	Prax.g_01137
OG0001113	Prau	Prbg.g_01295	Prau.g_01023
OG0001113	Pras	Prbg.g_01295	Pras.g_01867
OG0001113	Prav	Prbg.g_01295	Prav.g_00564
OG0001113	Prah	Prbg.g_01295	Prah.g_00811
OG0001113	Praf	Prbg.g_01295	Praf.g_01377
OG0001113	Prbj	Prbg.g_01295	Prbj.g_02254
OG0001113	Prbk	Prbg.g_01295	Prbk.g_02310
OG0001113	Prbl	Prbg.g_01295	Prbl.g_02492
OG0001113	Syad	Prbg.g_01295	Syad.g_01732
OG0001113	Syaj	Prbg.g_01295	Syaj.g_00861
OG0001113	Syae	Prbg.g_01295	Syae.g_00375
OG0001113	Syaa	Prbg.g_01295	Syaa.g_01342
OG0001113	Syac	Prbg.g_01295	Syac.g_01197
OG0001113	Syah	Prbg.g_01295	Syah.g_01637
OG0001113	Syai	Prbg.g_01295	Syai.g_01481
OG0001113	Syaf	Prbg.g_01295	Syaf.g_01884
OG0001113	Syam	Prbg.g_01295	Syam.g_01141
OG0001113	Syag	Prbg.g_01295	Syag.g_00826
OG0001113	Syaq	Prbg.g_01295	Syaq.g_02539
OG0001113	Syar	Prbg.g_01295	Syar.g_02522
OG0001113	Syan	Prbg.g_01295	Syan.g_00580
OG0001113	Syao	Prbg.g_01295	Syao.g_00660
OG0001113	Syat	Prbg.g_01295	Syat.g_00561
OG0001113	Syas	Prbg.g_01295	Syas.g_00504
OG0001113	Syab	Prbg.g_01295	Syab.g_01593
OG0001113	Syal	Prbg.g_01295	Syal.g_02244
OG0001113	Syak	Prbg.g_01295	Syak.g_00406
OG0001113	Praj	Prbg.g_01295	Praj.g_00954
OG0001113	Prbb	Prbg.g_01295	Prbb.g_00999
OG0001113	Prbc	Prbg.g_01295	Prbc.g_02044
OG0001113	Prbm	Prbg.g_01295	Prbm.g_00996
OG0001113	Prat	Prbg.g_01295	Prat.g_00904
OG0001113	Pral	Prbg.g_01295	Pral.g_01619
OG0001113	Pram	Prbg.g_01295	Pram.g_00951
OG0001113	Prbh	Prbg.g_01295	Prbh.g_01094
OG0001113	Prak	Prbg.g_01295	Prak.g_00981
OG0001113	Prap	Prbg.g_01295	Prap.g_00265
OG0001113	Prbe	Prbg.g_01295	Prbe.g_01358
OG0001113	Prbf	Prbg.g_01295	Prbf.g_01109
OG0001113	Prbn	Prbg.g_01295	Prbn.g_01410
OG0001114	Prai	Prbg.g_01296	Prai.g_00980
OG0001114	Prac	Prbg.g_01296	Prac.g_01318
OG0001114	Praq	Prbg.g_01296	Praq.g_01557
OG0001114	Prar	Prbg.g_01296	Prar.g_01842
OG0001114	Prad	Prbg.g_01296	Prad.g_00177
OG0001114	Prau	Prbg.g_01296	Prau.g_01024
OG0001114	Pras	Prbg.g_01296	Pras.g_01868
OG0001114	Prab	Prbg.g_01296	Prab.g_01001
OG0001114	Pran	Prbg.g_01296	Pran.g_00496
OG0001114	Prav	Prbg.g_01296	Prav.g_00565
OG0001114	Prbi	Prbg.g_01296	Prbi.g_01018
OG0001114	Prao	Prbg.g_01296	Prao.g_00911
OG0001114	Prag	Prbg.g_01296	Prag.g_00973
OG0001114	Praw	Prbg.g_01296	Praw.g_01530
OG0001114	Praa	Prbg.g_01296	Praa.g_00973
OG0001114	Prax	Prbg.g_01296	Prax.g_01138
OG0001114	Prae	Prbg.g_01296	Prae.g_00973
OG0001114	Prbd	Prbg.g_01296	Prbd.g_00273
OG0001114	Pray	Prbg.g_01296	Pray.g_00520
OG0001114	Praz	Prbg.g_01296	Praz.g_01341
OG0001114	Prba	Prbg.g_01296	Prba.g_01328
OG0001114	Prbb	Prbg.g_01296	Prbb.g_01000
OG0001114	Praj	Prbg.g_01296	Praj.g_00955
OG0001114	Prbc	Prbg.g_01296	Prbc.g_02045
OG0001114	Prbm	Prbg.g_01296	Prbm.g_00997
OG0001114	Prbj	Prbg.g_01296	Prbj.g_02253
OG0001114	Prbk	Prbg.g_01296	Prbk.g_02309
OG0001114	Prbl	Prbg.g_01296	Prbl.g_02493
OG0001114	Praf	Prbg.g_01296	Praf.g_01376
OG0001114	Prah	Prbg.g_01296	Prah.g_00812
OG0001114	Syar	Prbg.g_01296	Syar.g_02521
OG0001114	Syat	Prbg.g_01296	Syat.g_00560
OG0001114	Syas	Prbg.g_01296	Syas.g_00505
OG0001114	Syan	Prbg.g_01296	Syan.g_00581
OG0001114	Syao	Prbg.g_01296	Syao.g_00659
OG0001114	Syab	Prbg.g_01296	Syab.g_01361
OG0001114	Syal	Prbg.g_01296	Syal.g_01976
OG0001114	Syag	Prbg.g_01296	Syag.g_00827
OG0001114	Syaq	Prbg.g_01296	Syaq.g_02500
OG0001114	Syad	Prbg.g_01296	Syad.g_01731
OG0001114	Syaj	Prbg.g_01296	Syaj.g_00860
OG0001114	Syae	Prbg.g_01296	Syae.g_00376
OG0001114	Syak	Prbg.g_01296	Syak.g_00488
OG0001114	Syaa	Prbg.g_01296	Syaa.g_01341
OG0001114	Syac	Prbg.g_01296	Syac.g_01198
OG0001114	Syah	Prbg.g_01296	Syah.g_01638
OG0001114	Syai	Prbg.g_01296	Syai.g_01480
OG0001114	Syaf	Prbg.g_01296	Syaf.g_01885
OG0001114	Syam	Prbg.g_01296	Syam.g_01142
OG0001114	Pral	Prbg.g_01296	Pral.g_01618
OG0001114	Prat	Prbg.g_01296	Prat.g_00905
OG0001114	Pram	Prbg.g_01296	Pram.g_00952
OG0001114	Prbh	Prbg.g_01296	Prbh.g_01095
OG0001114	Prak	Prbg.g_01296	Prak.g_00982
OG0001114	Prap	Prbg.g_01296	Prap.g_00266
OG0001114	Prbe	Prbg.g_01296	Prbe.g_01359
OG0001114	Prbf	Prbg.g_01296	Prbf.g_01108
OG0001114	Prbn	Prbg.g_01296	Prbn.g_01409
OG0001115	Prad	Prbg.g_01298	Prad.g_00175
OG0001115	Prac	Prbg.g_01298	Prac.g_01316
OG0001115	Praq	Prbg.g_01298	Praq.g_01559
OG0001115	Prar	Prbg.g_01298	Prar.g_01844
OG0001115	Pras	Prbg.g_01298	Pras.g_01870
OG0001115	Prau	Prbg.g_01298	Prau.g_01026
OG0001115	Pray	Prbg.g_01298	Pray.g_00522
OG0001115	Praz	Prbg.g_01298	Praz.g_01339
OG0001115	Prba	Prbg.g_01298	Prba.g_01326
OG0001115	Prao	Prbg.g_01298	Prao.g_00913
OG0001115	Prae	Prbg.g_01298	Prae.g_00975
OG0001115	Prbd	Prbg.g_01298	Prbd.g_00275
OG0001115	Prav	Prbg.g_01298	Prav.g_00567
OG0001115	Prbi	Prbg.g_01298	Prbi.g_01020
OG0001115	Prag	Prbg.g_01298	Prag.g_00975
OG0001115	Praw	Prbg.g_01298	Praw.g_01528
OG0001115	Praa	Prbg.g_01298	Praa.g_00975
OG0001115	Prax	Prbg.g_01298	Prax.g_01140
OG0001115	Prab	Prbg.g_01298	Prab.g_00999
OG0001115	Pran	Prbg.g_01298	Pran.g_00498
OG0001115	Prai	Prbg.g_01298	Prai.g_00978
OG0001115	Pram	Prbg.g_01298	Pram.g_00954
OG0001115	Prbh	Prbg.g_01298	Prbh.g_01097
OG0001115	Prbb	Prbg.g_01298	Prbb.g_01002
OG0001115	Praj	Prbg.g_01298	Praj.g_00957
OG0001115	Prbc	Prbg.g_01298	Prbc.g_02047
OG0001115	Prbm	Prbg.g_01298	Prbm.g_00999
OG0001115	Prat	Prbg.g_01298	Prat.g_00907
OG0001115	Pral	Prbg.g_01298	Pral.g_01616
OG0001115	Prbj	Prbg.g_01298	Prbj.g_02251
OG0001115	Prbk	Prbg.g_01298	Prbk.g_02307
OG0001115	Prbl	Prbg.g_01298	Prbl.g_02495
OG0001115	Praf	Prbg.g_01298	Praf.g_01374
OG0001115	Prah	Prbg.g_01298	Prah.g_00814
OG0001115	Syad	Prbg.g_01298	Syad.g_01727
OG0001115	Syaj	Prbg.g_01298	Syaj.g_00856
OG0001115	Syae	Prbg.g_01298	Syae.g_00380
OG0001115	Syaa	Prbg.g_01298	Syaa.g_01337
OG0001115	Syaf	Prbg.g_01298	Syaf.g_01889
OG0001115	Syai	Prbg.g_01298	Syai.g_01476
OG0001115	Syam	Prbg.g_01298	Syam.g_01146
OG0001115	Syac	Prbg.g_01298	Syac.g_01202
OG0001115	Syah	Prbg.g_01298	Syah.g_01642
OG0001115	Syan	Prbg.g_01298	Syan.g_00586
OG0001115	Syao	Prbg.g_01298	Syao.g_00832
OG0001115	Syar	Prbg.g_01298	Syar.g_02519
OG0001115	Syas	Prbg.g_01298	Syas.g_00527
OG0001115	Syat	Prbg.g_01298	Syat.g_00557
OG0001115	Syag	Prbg.g_01298	Syag.g_00831
OG0001115	Syak	Prbg.g_01298	Syak.g_00484
OG0001115	Syab	Prbg.g_01298	Syab.g_01357
OG0001115	Syal	Prbg.g_01298	Syal.g_01972
OG0001115	Syaq	Prbg.g_01298	Syaq.g_02504
OG0001115	Prak	Prbg.g_01298	Prak.g_00984
OG0001115	Prap	Prbg.g_01298	Prap.g_00268
OG0001115	Prbe	Prbg.g_01298	Prbe.g_01361
OG0001115	Prbf	Prbg.g_01298	Prbf.g_01106
OG0001115	Prbn	Prbg.g_01298	Prbn.g_01407
OG0001116	Prai	Prbg.g_01299	Prai.g_00977
OG0001116	Prab	Prbg.g_01299	Prab.g_00998
OG0001116	Pran	Prbg.g_01299	Pran.g_00499
OG0001116	Prac	Prbg.g_01299	Prac.g_01315
OG0001116	Praq	Prbg.g_01299	Praq.g_01560
OG0001116	Prar	Prbg.g_01299	Prar.g_01845
OG0001116	Prad	Prbg.g_01299	Prad.g_00174
OG0001116	Pras	Prbg.g_01299	Pras.g_01871
OG0001116	Prau	Prbg.g_01299	Prau.g_01027
OG0001116	Prav	Prbg.g_01299	Prav.g_00568
OG0001116	Prbi	Prbg.g_01299	Prbi.g_01021
OG0001116	Prao	Prbg.g_01299	Prao.g_00914
OG0001116	Prae	Prbg.g_01299	Prae.g_00976
OG0001116	Prbd	Prbg.g_01299	Prbd.g_00276
OG0001116	Prag	Prbg.g_01299	Prag.g_00976
OG0001116	Praw	Prbg.g_01299	Praw.g_01527
OG0001116	Praa	Prbg.g_01299	Praa.g_00976
OG0001116	Prax	Prbg.g_01299	Prax.g_01141
OG0001116	Pray	Prbg.g_01299	Pray.g_00523
OG0001116	Praz	Prbg.g_01299	Praz.g_01338
OG0001116	Prba	Prbg.g_01299	Prba.g_01325
OG0001116	Prbm	Prbg.g_01299	Prbm.g_01000
OG0001116	Praj	Prbg.g_01299	Praj.g_00958
OG0001116	Prbb	Prbg.g_01299	Prbb.g_01003
OG0001116	Prbc	Prbg.g_01299	Prbc.g_02048
OG0001116	Syae	Prbg.g_01299	Syae.g_00382
OG0001116	Syad	Prbg.g_01299	Syad.g_01725
OG0001116	Syaj	Prbg.g_01299	Syaj.g_00854
OG0001116	Syac	Prbg.g_01299	Syac.g_01204
OG0001116	Syah	Prbg.g_01299	Syah.g_01644
OG0001116	Syaa	Prbg.g_01299	Syaa.g_01335
OG0001116	Syaf	Prbg.g_01299	Syaf.g_01891
OG0001116	Syam	Prbg.g_01299	Syam.g_01148
OG0001116	Syai	Prbg.g_01299	Syai.g_01474
OG0001116	Syag	Prbg.g_01299	Syag.g_00833
OG0001116	Syaq	Prbg.g_01299	Syaq.g_02506
OG0001116	Syab	Prbg.g_01299	Syab.g_01355
OG0001116	Syal	Prbg.g_01299	Syal.g_01970
OG0001116	Syak	Prbg.g_01299	Syak.g_00482
OG0001116	Syan	Prbg.g_01299	Syan.g_00588
OG0001116	Syao	Prbg.g_01299	Syao.g_00830
OG0001116	Syar	Prbg.g_01299	Syar.g_02517
OG0001116	Syas	Prbg.g_01299	Syas.g_00529
OG0001116	Syat	Prbg.g_01299	Syat.g_00555
OG0001116	Prbj	Prbg.g_01299	Prbj.g_02250
OG0001116	Prbk	Prbg.g_01299	Prbk.g_02306
OG0001116	Prbl	Prbg.g_01299	Prbl.g_02496
OG0001116	Praf	Prbg.g_01299	Praf.g_01372
OG0001116	Prah	Prbg.g_01299	Prah.g_00815
OG0001116	Pral	Prbg.g_01299	Pral.g_01615
OG0001116	Prat	Prbg.g_01299	Prat.g_00908
OG0001116	Pram	Prbg.g_01299	Pram.g_00955
OG0001116	Prbh	Prbg.g_01299	Prbh.g_01098
OG0001116	Prak	Prbg.g_01299	Prak.g_00985
OG0001116	Prap	Prbg.g_01299	Prap.g_00269
OG0001116	Prbe	Prbg.g_01299	Prbe.g_01362
OG0001116	Prbf	Prbg.g_01299	Prbf.g_01105
OG0001116	Prbn	Prbg.g_01299	Prbn.g_01406
OG0001117	Prab	Prbg.g_01300	Prab.g_00997
OG0001117	Pran	Prbg.g_01300	Pran.g_00500
OG0001117	Prai	Prbg.g_01300	Prai.g_00976
OG0001117	Prav	Prbg.g_01300	Prav.g_00569
OG0001117	Prac	Prbg.g_01300	Prac.g_01314
OG0001117	Praq	Prbg.g_01300	Praq.g_01561
OG0001117	Prar	Prbg.g_01300	Prar.g_01846
OG0001117	Prax	Prbg.g_01300	Prax.g_01142
OG0001117	Prag	Prbg.g_01300	Prag.g_00977
OG0001117	Praw	Prbg.g_01300	Praw.g_01526
OG0001117	Praa	Prbg.g_01300	Praa.g_00977
OG0001117	Pray	Prbg.g_01300	Pray.g_00524
OG0001117	Praz	Prbg.g_01300	Praz.g_01337
OG0001117	Prba	Prbg.g_01300	Prba.g_01324
OG0001117	Prad	Prbg.g_01300	Prad.g_00173
OG0001117	Prao	Prbg.g_01300	Prao.g_00915
OG0001117	Prae	Prbg.g_01300	Prae.g_00977
OG0001117	Prbd	Prbg.g_01300	Prbd.g_00277
OG0001117	Pras	Prbg.g_01300	Pras.g_01872
OG0001117	Prau	Prbg.g_01300	Prau.g_01028
OG0001117	Prbi	Prbg.g_01300	Prbi.g_01022
OG0001117	Prbb	Prbg.g_01300	Prbb.g_01004
OG0001117	Prbm	Prbg.g_01300	Prbm.g_01001
OG0001117	Praj	Prbg.g_01300	Praj.g_00959
OG0001117	Prbc	Prbg.g_01300	Prbc.g_02049
OG0001117	Syas	Prbg.g_01300	Syas.g_00530
OG0001117	Syat	Prbg.g_01300	Syat.g_00554
OG0001117	Syar	Prbg.g_01300	Syar.g_02516
OG0001117	Syan	Prbg.g_01300	Syan.g_00589
OG0001117	Syao	Prbg.g_01300	Syao.g_00829
OG0001117	Syaq	Prbg.g_01300	Syaq.g_02507
OG0001117	Syag	Prbg.g_01300	Syag.g_00834
OG0001117	Syak	Prbg.g_01300	Syak.g_00481
OG0001117	Syab	Prbg.g_01300	Syab.g_01354
OG0001117	Syal	Prbg.g_01300	Syal.g_01969
OG0001117	Syaa	Prbg.g_01300	Syaa.g_01334
OG0001117	Syae	Prbg.g_01300	Syae.g_00383
OG0001117	Syad	Prbg.g_01300	Syad.g_01724
OG0001117	Syaj	Prbg.g_01300	Syaj.g_00853
OG0001117	Syac	Prbg.g_01300	Syac.g_01205
OG0001117	Syah	Prbg.g_01300	Syah.g_01645
OG0001117	Syai	Prbg.g_01300	Syai.g_01473
OG0001117	Syaf	Prbg.g_01300	Syaf.g_01892
OG0001117	Syam	Prbg.g_01300	Syam.g_01149
OG0001117	Prah	Prbg.g_01300	Prah.g_00816
OG0001117	Praf	Prbg.g_01300	Praf.g_01371
OG0001117	Prbj	Prbg.g_01300	Prbj.g_02249
OG0001117	Prbk	Prbg.g_01300	Prbk.g_02305
OG0001117	Prbl	Prbg.g_01300	Prbl.g_02497
OG0001117	Pral	Prbg.g_01300	Pral.g_01614
OG0001117	Prat	Prbg.g_01300	Prat.g_00909
OG0001117	Pram	Prbg.g_01300	Pram.g_00956
OG0001117	Prbh	Prbg.g_01300	Prbh.g_01099
OG0001117	Prap	Prbg.g_01300	Prap.g_00270
OG0001117	Prak	Prbg.g_01300	Prak.g_00986
OG0001117	Prbe	Prbg.g_01300	Prbe.g_01363
OG0001117	Prbf	Prbg.g_01300	Prbf.g_01104
OG0001117	Prbn	Prbg.g_01300	Prbn.g_01405
OG0001118	Prab	Prbg.g_01301	Prab.g_00996
OG0001118	Pran	Prbg.g_01301	Pran.g_00501
OG0001118	Prai	Prbg.g_01301	Prai.g_00975
OG0001118	Prav	Prbg.g_01301	Prav.g_00570
OG0001118	Prac	Prbg.g_01301	Prac.g_01313
OG0001118	Praq	Prbg.g_01301	Praq.g_01562
OG0001118	Prar	Prbg.g_01301	Prar.g_01847
OG0001118	Prae	Prbg.g_01301	Prae.g_00978
OG0001118	Prbd	Prbg.g_01301	Prbd.g_00278
OG0001118	Pras	Prbg.g_01301	Pras.g_01873
OG0001118	Prau	Prbg.g_01301	Prau.g_01029
OG0001118	Prad	Prbg.g_01301	Prad.g_00172
OG0001118	Prao	Prbg.g_01301	Prao.g_00916
OG0001118	Prax	Prbg.g_01301	Prax.g_01143
OG0001118	Praa	Prbg.g_01301	Praa.g_00978
OG0001118	Prag	Prbg.g_01301	Prag.g_00978
OG0001118	Praw	Prbg.g_01301	Praw.g_01525
OG0001118	Pray	Prbg.g_01301	Pray.g_00525
OG0001118	Praz	Prbg.g_01301	Praz.g_01336
OG0001118	Prba	Prbg.g_01301	Prba.g_01323
OG0001118	Prbi	Prbg.g_01301	Prbi.g_01023
OG0001118	Praf	Prbg.g_01301	Praf.g_01370
OG0001118	Prbj	Prbg.g_01301	Prbj.g_02248
OG0001118	Prbk	Prbg.g_01301	Prbk.g_02304
OG0001118	Prbl	Prbg.g_01301	Prbl.g_02498
OG0001118	Prah	Prbg.g_01301	Prah.g_00817
OG0001118	Syak	Prbg.g_01301	Syak.g_00480
OG0001118	Syab	Prbg.g_01301	Syab.g_01353
OG0001118	Syal	Prbg.g_01301	Syal.g_01968
OG0001118	Syag	Prbg.g_01301	Syag.g_00835
OG0001118	Syaq	Prbg.g_01301	Syaq.g_02508
OG0001118	Syae	Prbg.g_01301	Syae.g_00384
OG0001118	Syad	Prbg.g_01301	Syad.g_01723
OG0001118	Syaj	Prbg.g_01301	Syaj.g_00852
OG0001118	Syac	Prbg.g_01301	Syac.g_01206
OG0001118	Syah	Prbg.g_01301	Syah.g_01646
OG0001118	Syaa	Prbg.g_01301	Syaa.g_01333
OG0001118	Syai	Prbg.g_01301	Syai.g_01472
OG0001118	Syaf	Prbg.g_01301	Syaf.g_01893
OG0001118	Syam	Prbg.g_01301	Syam.g_01150
OG0001118	Syan	Prbg.g_01301	Syan.g_00590
OG0001118	Syao	Prbg.g_01301	Syao.g_00828
OG0001118	Syas	Prbg.g_01301	Syas.g_00531
OG0001118	Syar	Prbg.g_01301	Syar.g_02515
OG0001118	Syat	Prbg.g_01301	Syat.g_00553
OG0001118	Prbm	Prbg.g_01301	Prbm.g_01002
OG0001118	Prbc	Prbg.g_01301	Prbc.g_02050
OG0001118	Praj	Prbg.g_01301	Praj.g_00960
OG0001118	Prbb	Prbg.g_01301	Prbb.g_01005
OG0001118	Pral	Prbg.g_01301	Pral.g_01613
OG0001118	Prat	Prbg.g_01301	Prat.g_00910
OG0001118	Pram	Prbg.g_01301	Pram.g_00957
OG0001118	Prbh	Prbg.g_01301	Prbh.g_01100
OG0001118	Prak	Prbg.g_01301	Prak.g_00987
OG0001118	Prap	Prbg.g_01301	Prap.g_00271
OG0001118	Prbe	Prbg.g_01301	Prbe.g_01364
OG0001118	Prbf	Prbg.g_01301	Prbf.g_01103
OG0001118	Prbn	Prbg.g_01301	Prbn.g_01404
OG0001119	Prbi	Prbg.g_01302	Prbi.g_01024
OG0001119	Prax	Prbg.g_01302	Prax.g_01144
OG0001119	Prac	Prbg.g_01302	Prac.g_01312
OG0001119	Praq	Prbg.g_01302	Praq.g_01563
OG0001119	Prar	Prbg.g_01302	Prar.g_01848
OG0001119	Prav	Prbg.g_01302	Prav.g_00571
OG0001119	Prag	Prbg.g_01302	Prag.g_00979
OG0001119	Praw	Prbg.g_01302	Praw.g_01524
OG0001119	Prao	Prbg.g_01302	Prao.g_00917
OG0001119	Prau	Prbg.g_01302	Prau.g_01030
OG0001119	Praa	Prbg.g_01302	Praa.g_00979
OG0001119	Pras	Prbg.g_01302	Pras.g_01874
OG0001119	Pray	Prbg.g_01302	Pray.g_00526
OG0001119	Praz	Prbg.g_01302	Praz.g_01335
OG0001119	Prba	Prbg.g_01302	Prba.g_01322
OG0001119	Prad	Prbg.g_01302	Prad.g_00171
OG0001119	Prbd	Prbg.g_01302	Prbd.g_00279
OG0001119	Prae	Prbg.g_01302	Prae.g_00979
OG0001119	Prab	Prbg.g_01302	Prab.g_00995
OG0001119	Pran	Prbg.g_01302	Pran.g_00502
OG0001119	Prai	Prbg.g_01302	Prai.g_00974
OG0001119	Pram	Prbg.g_01302	Pram.g_00958
OG0001119	Prbh	Prbg.g_01302	Prbh.g_01101
OG0001119	Praj	Prbg.g_01302	Praj.g_00961
OG0001119	Prbb	Prbg.g_01302	Prbb.g_01006
OG0001119	Prbc	Prbg.g_01302	Prbc.g_02051
OG0001119	Prbm	Prbg.g_01302	Prbm.g_01003
OG0001119	Pral	Prbg.g_01302	Pral.g_01612
OG0001119	Prat	Prbg.g_01302	Prat.g_00911
OG0001119	Syar	Prbg.g_01302	Syar.g_02513
OG0001119	Syas	Prbg.g_01302	Syas.g_00533
OG0001119	Syat	Prbg.g_01302	Syat.g_00551
OG0001119	Syan	Prbg.g_01302	Syan.g_00592
OG0001119	Syao	Prbg.g_01302	Syao.g_00826
OG0001119	Syaq	Prbg.g_01302	Syaq.g_02510
OG0001119	Praf	Prbg.g_01302	Praf.g_01369
OG0001119	Prah	Prbg.g_01302	Prah.g_00818
OG0001119	Prbj	Prbg.g_01302	Prbj.g_02247
OG0001119	Prbk	Prbg.g_01302	Prbk.g_02303
OG0001119	Prbl	Prbg.g_01302	Prbl.g_02499
OG0001119	Syaa	Prbg.g_01302	Syaa.g_01331
OG0001119	Syaf	Prbg.g_01302	Syaf.g_01895
OG0001119	Syai	Prbg.g_01302	Syai.g_01470
OG0001119	Syam	Prbg.g_01302	Syam.g_01152
OG0001119	Syab	Prbg.g_01302	Syab.g_01351
OG0001119	Syal	Prbg.g_01302	Syal.g_01966
OG0001119	Syag	Prbg.g_01302	Syag.g_00837
OG0001119	Syac	Prbg.g_01302	Syac.g_01208
OG0001119	Syah	Prbg.g_01302	Syah.g_01648
OG0001119	Syak	Prbg.g_01302	Syak.g_00478
OG0001119	Syad	Prbg.g_01302	Syad.g_01721
OG0001119	Syaj	Prbg.g_01302	Syaj.g_00850
OG0001119	Syae	Prbg.g_01302	Syae.g_00386
OG0001119	Prak	Prbg.g_01302	Prak.g_00988
OG0001119	Prap	Prbg.g_01302	Prap.g_00272
OG0001119	Prbe	Prbg.g_01302	Prbe.g_01365
OG0001119	Prbf	Prbg.g_01302	Prbf.g_01102
OG0001119	Prbn	Prbg.g_01302	Prbn.g_01403
OG0001120	Prac	Prbg.g_01304	Prac.g_01310
OG0001120	Praq	Prbg.g_01304	Praq.g_01565
OG0001120	Prar	Prbg.g_01304	Prar.g_01850
OG0001120	Prab	Prbg.g_01304	Prab.g_00993
OG0001120	Pran	Prbg.g_01304	Pran.g_00504
OG0001120	Prai	Prbg.g_01304	Prai.g_00972
OG0001120	Prav	Prbg.g_01304	Prav.g_00573
OG0001120	Prax	Prbg.g_01304	Prax.g_01146
OG0001120	Pras	Prbg.g_01304	Pras.g_01876
OG0001120	Prau	Prbg.g_01304	Prau.g_01032
OG0001120	Prad	Prbg.g_01304	Prad.g_00169
OG0001120	Praa	Prbg.g_01304	Praa.g_00981
OG0001120	Prae	Prbg.g_01304	Prae.g_00981
OG0001120	Prbd	Prbg.g_01304	Prbd.g_00281
OG0001120	Prao	Prbg.g_01304	Prao.g_00919
OG0001120	Prbi	Prbg.g_01304	Prbi.g_01026
OG0001120	Prag	Prbg.g_01304	Prag.g_00981
OG0001120	Praw	Prbg.g_01304	Praw.g_01522
OG0001120	Pray	Prbg.g_01304	Pray.g_00528
OG0001120	Praz	Prbg.g_01304	Praz.g_01333
OG0001120	Prba	Prbg.g_01304	Prba.g_01320
OG0001120	Pral	Prbg.g_01304	Pral.g_01611
OG0001120	Prat	Prbg.g_01304	Prat.g_00913
OG0001120	Prbm	Prbg.g_01304	Prbm.g_01004
OG0001120	Prbc	Prbg.g_01304	Prbc.g_02052
OG0001120	Praj	Prbg.g_01304	Praj.g_00963
OG0001120	Prbb	Prbg.g_01304	Prbb.g_01007
OG0001120	Prbj	Prbg.g_01304	Prbj.g_02245
OG0001120	Prbk	Prbg.g_01304	Prbk.g_02301
OG0001120	Prbl	Prbg.g_01304	Prbl.g_02501
OG0001120	Praf	Prbg.g_01304	Praf.g_01366
OG0001120	Prah	Prbg.g_01304	Prah.g_00821
OG0001120	Syad	Prbg.g_01304	Syad.g_01717
OG0001120	Syaj	Prbg.g_01304	Syaj.g_00846
OG0001120	Syaa	Prbg.g_01304	Syaa.g_01328
OG0001120	Syae	Prbg.g_01304	Syae.g_00390
OG0001120	Syac	Prbg.g_01304	Syac.g_01213
OG0001120	Syah	Prbg.g_01304	Syah.g_01652
OG0001120	Syaf	Prbg.g_01304	Syaf.g_01899
OG0001120	Syai	Prbg.g_01304	Syai.g_01466
OG0001120	Syam	Prbg.g_01304	Syam.g_01156
OG0001120	Syao	Prbg.g_01304	Syao.g_00822
OG0001120	Syan	Prbg.g_01304	Syan.g_00597
OG0001120	Syas	Prbg.g_01304	Syas.g_00539
OG0001120	Syat	Prbg.g_01304	Syat.g_00546
OG0001120	Syar	Prbg.g_01304	Syar.g_02507
OG0001120	Syaq	Prbg.g_01304	Syaq.g_02514
OG0001120	Syak	Prbg.g_01304	Syak.g_00474
OG0001120	Syab	Prbg.g_01304	Syab.g_01347
OG0001120	Syal	Prbg.g_01304	Syal.g_01962
OG0001120	Syag	Prbg.g_01304	Syag.g_00841
OG0001120	Pram	Prbg.g_01304	Pram.g_00959
OG0001120	Prbh	Prbg.g_01304	Prbh.g_01102
OG0001120	Prak	Prbg.g_01304	Prak.g_00990
OG0001120	Prap	Prbg.g_01304	Prap.g_00274
OG0001120	Prbe	Prbg.g_01304	Prbe.g_01367
OG0001120	Prbf	Prbg.g_01304	Prbf.g_01100
OG0001120	Prbn	Prbg.g_01304	Prbn.g_01401
OG0001122	Prab	Prbg.g_01324	Prab.g_00957
OG0001122	Pran	Prbg.g_01324	Pran.g_00540
OG0001122	Prai	Prbg.g_01324	Prai.g_00945
OG0001122	Prag	Prbg.g_01324	Prag.g_01008
OG0001122	Praw	Prbg.g_01324	Praw.g_01495
OG0001122	Prav	Prbg.g_01324	Prav.g_00905
OG0001122	Prao	Prbg.g_01324	Prao.g_00946
OG0001122	Prad	Prbg.g_01324	Prad.g_00141
OG0001122	Prbi	Prbg.g_01324	Prbi.g_01058
OG0001122	Praa	Prbg.g_01324	Praa.g_01011
OG0001122	Prac	Prbg.g_01324	Prac.g_01284
OG0001122	Prae	Prbg.g_01324	Prae.g_01012
OG0001122	Praq	Prbg.g_01324	Praq.g_01591
OG0001122	Prar	Prbg.g_01324	Prar.g_01876
OG0001122	Pras	Prbg.g_01324	Pras.g_01906
OG0001122	Prax	Prbg.g_01324	Prax.g_01176
OG0001122	Pray	Prbg.g_01324	Pray.g_00556
OG0001122	Praz	Prbg.g_01324	Praz.g_01305
OG0001122	Prba	Prbg.g_01324	Prba.g_01292
OG0001122	Prbd	Prbg.g_01324	Prbd.g_00312
OG0001122	Prau	Prbg.g_01324	Prau.g_01061
OG0001122	Pral	Prbg.g_01324	Pral.g_01593
OG0001122	Pram	Prbg.g_01324	Pram.g_00976
OG0001122	Prbh	Prbg.g_01324	Prbh.g_01119
OG0001122	Prat	Prbg.g_01324	Prat.g_00932
OG0001122	Syar	Prbg.g_01324	Syar.g_01803
OG0001122	Syat	Prbg.g_01324	Syat.g_00711
OG0001122	Syap	Prbg.g_01324	Syap.g_02766
OG0001122	Syas	Prbg.g_01324	Syas.g_00222
OG0001122	Syan	Prbg.g_01324	Syan.g_00366
OG0001122	Syao	Prbg.g_01324	Syao.g_00445
OG0001122	Praj	Prbg.g_01324	Praj.g_00993
OG0001122	Prbb	Prbg.g_01324	Prbb.g_01038
OG0001122	Prbc	Prbg.g_01324	Prbc.g_02081
OG0001122	Prbm	Prbg.g_01324	Prbm.g_01033
OG0001122	Syad	Prbg.g_01324	Syad.g_01689
OG0001122	Syaj	Prbg.g_01324	Syaj.g_00817
OG0001122	Syai	Prbg.g_01324	Syai.g_01437
OG0001122	Syam	Prbg.g_01324	Syam.g_01184
OG0001122	Syaf	Prbg.g_01324	Syaf.g_01927
OG0001122	Syac	Prbg.g_01324	Syac.g_01238
OG0001122	Syah	Prbg.g_01324	Syah.g_01679
OG0001122	Syaa	Prbg.g_01324	Syaa.g_01301
OG0001122	Syae	Prbg.g_01324	Syae.g_00417
OG0001122	Praf	Prbg.g_01324	Praf.g_01340
OG0001122	Prah	Prbg.g_01324	Prah.g_00849
OG0001122	Prbj	Prbg.g_01324	Prbj.g_02216
OG0001122	Prbk	Prbg.g_01324	Prbk.g_00581
OG0001122	Prbl	Prbg.g_01324	Prbl.g_02529
OG0001122	Syaq	Prbg.g_01324	Syaq.g_00069
OG0001122	Syag	Prbg.g_01324	Syag.g_00867
OG0001122	Syal	Prbg.g_01324	Syal.g_01921
OG0001122	Syab	Prbg.g_01324	Syab.g_01320
OG0001122	Prak	Prbg.g_01324	Prak.g_01010
OG0001122	Prap	Prbg.g_01324	Prap.g_00294
OG0001122	Prbe	Prbg.g_01324	Prbe.g_01387
OG0001122	Prbf	Prbg.g_01324	Prbf.g_01080
OG0001122	Prbn	Prbg.g_01324	Prbn.g_01381
OG0001123	Prav	Prbg.g_01330	Prav.g_00909
OG0001123	Prab	Prbg.g_01330	Prab.g_00953
OG0001123	Pran	Prbg.g_01330	Pran.g_00544
OG0001123	Prac	Prbg.g_01330	Prac.g_01280
OG0001123	Praq	Prbg.g_01330	Praq.g_01595
OG0001123	Prar	Prbg.g_01330	Prar.g_01880
OG0001123	Prao	Prbg.g_01330	Prao.g_00950
OG0001123	Prag	Prbg.g_01330	Prag.g_01012
OG0001123	Praw	Prbg.g_01330	Praw.g_01491
OG0001123	Prad	Prbg.g_01330	Prad.g_00137
OG0001123	Prbd	Prbg.g_01330	Prbd.g_00316
OG0001123	Pras	Prbg.g_01330	Pras.g_01910
OG0001123	Prau	Prbg.g_01330	Prau.g_01065
OG0001123	Pray	Prbg.g_01330	Pray.g_00560
OG0001123	Praz	Prbg.g_01330	Praz.g_01301
OG0001123	Prba	Prbg.g_01330	Prba.g_01288
OG0001123	Prax	Prbg.g_01330	Prax.g_01180
OG0001123	Prae	Prbg.g_01330	Prae.g_01016
OG0001123	Praa	Prbg.g_01330	Praa.g_01015
OG0001123	Prbi	Prbg.g_01330	Prbi.g_01062
OG0001123	Prbm	Prbg.g_01330	Prbm.g_01037
OG0001123	Prbb	Prbg.g_01330	Prbb.g_01043
OG0001123	Praj	Prbg.g_01330	Praj.g_00997
OG0001123	Prbc	Prbg.g_01330	Prbc.g_02086
OG0001123	Syaq	Prbg.g_01330	Syaq.g_00061
OG0001123	Syag	Prbg.g_01330	Syag.g_00875
OG0001123	Syak	Prbg.g_01330	Syak.g_00650
OG0001123	Syab	Prbg.g_01330	Syab.g_01312
OG0001123	Syal	Prbg.g_01330	Syal.g_01913
OG0001123	Syaa	Prbg.g_01330	Syaa.g_01294
OG0001123	Syac	Prbg.g_01330	Syac.g_01245
OG0001123	Syah	Prbg.g_01330	Syah.g_01686
OG0001123	Syaf	Prbg.g_01330	Syaf.g_01934
OG0001123	Syam	Prbg.g_01330	Syam.g_01191
OG0001123	Syai	Prbg.g_01330	Syai.g_01430
OG0001123	Syae	Prbg.g_01330	Syae.g_00424
OG0001123	Syad	Prbg.g_01330	Syad.g_01682
OG0001123	Syaj	Prbg.g_01330	Syaj.g_00810
OG0001123	Prah	Prbg.g_01330	Prah.g_00856
OG0001123	Praf	Prbg.g_01330	Praf.g_01333
OG0001123	Prbj	Prbg.g_01330	Prbj.g_02209
OG0001123	Prbk	Prbg.g_01330	Prbk.g_00588
OG0001123	Prbl	Prbg.g_01330	Prbl.g_02536
OG0001123	Syar	Prbg.g_01330	Syar.g_01796
OG0001123	Syan	Prbg.g_01330	Syan.g_00359
OG0001123	Syao	Prbg.g_01330	Syao.g_00451
OG0001123	Syat	Prbg.g_01330	Syat.g_00704
OG0001123	Syap	Prbg.g_01330	Syap.g_01872
OG0001123	Syas	Prbg.g_01330	Syas.g_00214
OG0001123	Pral	Prbg.g_01330	Pral.g_01598
OG0001123	Prat	Prbg.g_01330	Prat.g_00937
OG0001123	Pram	Prbg.g_01330	Pram.g_00981
OG0001123	Prbh	Prbg.g_01330	Prbh.g_01124
OG0001123	Prbe	Prbg.g_01330	Prbe.g_01393
OG0001123	Prak	Prbg.g_01330	Prak.g_01016
OG0001123	Prap	Prbg.g_01330	Prap.g_00300
OG0001123	Prbf	Prbg.g_01330	Prbf.g_01074
OG0001123	Prbn	Prbg.g_01330	Prbn.g_01375
OG0001124	Prab	Prbg.g_01332	Prab.g_00951
OG0001124	Pran	Prbg.g_01332	Pran.g_00546
OG0001124	Prai	Prbg.g_01332	Prai.g_00940
OG0001124	Prac	Prbg.g_01332	Prac.g_01278
OG0001124	Praq	Prbg.g_01332	Praq.g_01597
OG0001124	Prar	Prbg.g_01332	Prar.g_01882
OG0001124	Prao	Prbg.g_01332	Prao.g_00952
OG0001124	Prag	Prbg.g_01332	Prag.g_01014
OG0001124	Praw	Prbg.g_01332	Praw.g_01489
OG0001124	Prav	Prbg.g_01332	Prav.g_00911
OG0001124	Prad	Prbg.g_01332	Prad.g_00135
OG0001124	Prbi	Prbg.g_01332	Prbi.g_01064
OG0001124	Pras	Prbg.g_01332	Pras.g_01912
OG0001124	Prau	Prbg.g_01332	Prau.g_01067
OG0001124	Prax	Prbg.g_01332	Prax.g_01182
OG0001124	Pray	Prbg.g_01332	Pray.g_00562
OG0001124	Praz	Prbg.g_01332	Praz.g_01299
OG0001124	Prba	Prbg.g_01332	Prba.g_01286
OG0001124	Praa	Prbg.g_01332	Praa.g_01017
OG0001124	Prbd	Prbg.g_01332	Prbd.g_00318
OG0001124	Prae	Prbg.g_01332	Prae.g_01018
OG0001124	Prbm	Prbg.g_01332	Prbm.g_01039
OG0001124	Praj	Prbg.g_01332	Praj.g_00999
OG0001124	Prbb	Prbg.g_01332	Prbb.g_01045
OG0001124	Prbc	Prbg.g_01332	Prbc.g_02088
OG0001124	Prah	Prbg.g_01332	Prah.g_00858
OG0001124	Praf	Prbg.g_01332	Praf.g_01331
OG0001124	Prbj	Prbg.g_01332	Prbj.g_02207
OG0001124	Prbk	Prbg.g_01332	Prbk.g_00590
OG0001124	Prbl	Prbg.g_01332	Prbl.g_02538
OG0001124	Syar	Prbg.g_01332	Syar.g_01793
OG0001124	Syan	Prbg.g_01332	Syan.g_00357
OG0001124	Syao	Prbg.g_01332	Syao.g_00453
OG0001124	Syas	Prbg.g_01332	Syas.g_00212
OG0001124	Syat	Prbg.g_01332	Syat.g_00702
OG0001124	Syad	Prbg.g_01332	Syad.g_01680
OG0001124	Syaj	Prbg.g_01332	Syaj.g_00808
OG0001124	Syae	Prbg.g_01332	Syae.g_00426
OG0001124	Syaa	Prbg.g_01332	Syaa.g_01292
OG0001124	Syac	Prbg.g_01332	Syac.g_01247
OG0001124	Syah	Prbg.g_01332	Syah.g_01688
OG0001124	Syaf	Prbg.g_01332	Syaf.g_01936
OG0001124	Syai	Prbg.g_01332	Syai.g_01428
OG0001124	Syam	Prbg.g_01332	Syam.g_01194
OG0001124	Syag	Prbg.g_01332	Syag.g_00877
OG0001124	Syak	Prbg.g_01332	Syak.g_00652
OG0001124	Syab	Prbg.g_01332	Syab.g_01310
OG0001124	Syal	Prbg.g_01332	Syal.g_01911
OG0001124	Syaq	Prbg.g_01332	Syaq.g_00060
OG0001124	Pral	Prbg.g_01332	Pral.g_01600
OG0001124	Prat	Prbg.g_01332	Prat.g_00939
OG0001124	Pram	Prbg.g_01332	Pram.g_00983
OG0001124	Prbh	Prbg.g_01332	Prbh.g_01126
OG0001124	Prak	Prbg.g_01332	Prak.g_01018
OG0001124	Prap	Prbg.g_01332	Prap.g_00302
OG0001124	Prbe	Prbg.g_01332	Prbe.g_01395
OG0001124	Prbf	Prbg.g_01332	Prbf.g_01072
OG0001124	Prbn	Prbg.g_01332	Prbn.g_01373
OG0001125	Prab	Prbg.g_01334	Prab.g_00950
OG0001125	Pran	Prbg.g_01334	Pran.g_00547
OG0001125	Prai	Prbg.g_01334	Prai.g_00939
OG0001125	Prac	Prbg.g_01334	Prac.g_01277
OG0001125	Praq	Prbg.g_01334	Praq.g_01598
OG0001125	Prar	Prbg.g_01334	Prar.g_01883
OG0001125	Prae	Prbg.g_01334	Prae.g_01019
OG0001125	Praa	Prbg.g_01334	Praa.g_01018
OG0001125	Pray	Prbg.g_01334	Pray.g_00563
OG0001125	Praz	Prbg.g_01334	Praz.g_01298
OG0001125	Prba	Prbg.g_01334	Prba.g_01285
OG0001125	Prax	Prbg.g_01334	Prax.g_01183
OG0001125	Prbd	Prbg.g_01334	Prbd.g_00319
OG0001125	Prbi	Prbg.g_01334	Prbi.g_01065
OG0001125	Pras	Prbg.g_01334	Pras.g_01913
OG0001125	Prau	Prbg.g_01334	Prau.g_01068
OG0001125	Prao	Prbg.g_01334	Prao.g_00953
OG0001125	Prag	Prbg.g_01334	Prag.g_01015
OG0001125	Praw	Prbg.g_01334	Praw.g_01488
OG0001125	Prav	Prbg.g_01334	Prav.g_00912
OG0001125	Prad	Prbg.g_01334	Prad.g_00134
OG0001125	Prbm	Prbg.g_01334	Prbm.g_01041
OG0001125	Praj	Prbg.g_01334	Praj.g_01001
OG0001125	Prbc	Prbg.g_01334	Prbc.g_02090
OG0001125	Prbb	Prbg.g_01334	Prbb.g_01047
OG0001125	Prat	Prbg.g_01334	Prat.g_00941
OG0001125	Prbj	Prbg.g_01334	Prbj.g_02205
OG0001125	Prbk	Prbg.g_01334	Prbk.g_00592
OG0001125	Prbl	Prbg.g_01334	Prbl.g_02540
OG0001125	Prah	Prbg.g_01334	Prah.g_00860
OG0001125	Praf	Prbg.g_01334	Praf.g_01329
OG0001125	Syaa	Prbg.g_01334	Syaa.g_01290
OG0001125	Syac	Prbg.g_01334	Syac.g_01249
OG0001125	Syah	Prbg.g_01334	Syah.g_01690
OG0001125	Syaf	Prbg.g_01334	Syaf.g_01938
OG0001125	Syai	Prbg.g_01334	Syai.g_01426
OG0001125	Syam	Prbg.g_01334	Syam.g_01196
OG0001125	Syad	Prbg.g_01334	Syad.g_01678
OG0001125	Syaj	Prbg.g_01334	Syaj.g_00806
OG0001125	Syae	Prbg.g_01334	Syae.g_00428
OG0001125	Syag	Prbg.g_01334	Syag.g_00879
OG0001125	Syas	Prbg.g_01334	Syas.g_00210
OG0001125	Syat	Prbg.g_01334	Syat.g_00700
OG0001125	Syan	Prbg.g_01334	Syan.g_00355
OG0001125	Syao	Prbg.g_01334	Syao.g_00456
OG0001125	Syar	Prbg.g_01334	Syar.g_01791
OG0001125	Syaq	Prbg.g_01334	Syaq.g_00058
OG0001125	Syak	Prbg.g_01334	Syak.g_00654
OG0001125	Syab	Prbg.g_01334	Syab.g_01308
OG0001125	Syal	Prbg.g_01334	Syal.g_01909
OG0001125	Pral	Prbg.g_01334	Pral.g_01602
OG0001125	Pram	Prbg.g_01334	Pram.g_00985
OG0001125	Prbh	Prbg.g_01334	Prbh.g_01128
OG0001125	Prak	Prbg.g_01334	Prak.g_01020
OG0001125	Prap	Prbg.g_01334	Prap.g_00304
OG0001125	Prbe	Prbg.g_01334	Prbe.g_01397
OG0001125	Prbf	Prbg.g_01334	Prbf.g_01070
OG0001125	Prbn	Prbg.g_01334	Prbn.g_01371
OG0001126	Prab	Prbg.g_01245	Prab.g_00940
OG0001126	Pran	Prbg.g_01245	Pran.g_00557
OG0001126	Prai	Prbg.g_01245	Prai.g_00929
OG0001126	Prag	Prbg.g_01245	Prag.g_01025
OG0001126	Praw	Prbg.g_01245	Praw.g_01478
OG0001126	Prac	Prbg.g_01245	Prac.g_01267
OG0001126	Praq	Prbg.g_01245	Praq.g_01608
OG0001126	Prar	Prbg.g_01245	Prar.g_01893
OG0001126	Pray	Prbg.g_01245	Pray.g_00573
OG0001126	Praz	Prbg.g_01245	Praz.g_01287
OG0001126	Prba	Prbg.g_01245	Prba.g_01275
OG0001126	Pras	Prbg.g_01245	Pras.g_01923
OG0001126	Prau	Prbg.g_01245	Prau.g_01078
OG0001126	Praa	Prbg.g_01245	Praa.g_01028
OG0001126	Prbd	Prbg.g_01245	Prbd.g_00329
OG0001126	Prax	Prbg.g_01245	Prax.g_01193
OG0001126	Prae	Prbg.g_01245	Prae.g_01029
OG0001126	Prbi	Prbg.g_01245	Prbi.g_01075
OG0001126	Prad	Prbg.g_01245	Prad.g_01030
OG0001126	Prao	Prbg.g_01245	Prao.g_00963
OG0001126	Prav	Prbg.g_01245	Prav.g_00922
OG0001126	Pral	Prbg.g_01245	Pral.g_01571
OG0001126	Prat	Prbg.g_01245	Prat.g_00955
OG0001126	Prah	Prbg.g_01245	Prah.g_00903
OG0001126	Praf	Prbg.g_01245	Praf.g_01287
OG0001126	Prbj	Prbg.g_01245	Prbj.g_01850
OG0001126	Prbk	Prbg.g_01245	Prbk.g_00068
OG0001126	Prbl	Prbg.g_01245	Prbl.g_00939
OG0001126	Syar	Prbg.g_01245	Syar.g_01375
OG0001126	Syas	Prbg.g_01245	Syas.g_00991
OG0001126	Syat	Prbg.g_01245	Syat.g_00790
OG0001126	Syan	Prbg.g_01245	Syan.g_00307
OG0001126	Syao	Prbg.g_01245	Syao.g_00504
OG0001126	Syak	Prbg.g_01245	Syak.g_00757
OG0001126	Syab	Prbg.g_01245	Syab.g_01231
OG0001126	Syal	Prbg.g_01245	Syal.g_01837
OG0001126	Syae	Prbg.g_01245	Syae.g_00807
OG0001126	Syad	Prbg.g_01245	Syad.g_01276
OG0001126	Syaj	Prbg.g_01245	Syaj.g_00413
OG0001126	Syaa	Prbg.g_01245	Syaa.g_00864
OG0001126	Syac	Prbg.g_01245	Syac.g_00870
OG0001126	Syah	Prbg.g_01245	Syah.g_02058
OG0001126	Syai	Prbg.g_01245	Syai.g_02021
OG0001126	Syaf	Prbg.g_01245	Syaf.g_01409
OG0001126	Syam	Prbg.g_01245	Syam.g_00757
OG0001126	Syag	Prbg.g_01245	Syag.g_00957
OG0001126	Syaq	Prbg.g_01245	Syaq.g_02693
OG0001126	Prbm	Prbg.g_01245	Prbm.g_01052
OG0001126	Praj	Prbg.g_01245	Praj.g_01012
OG0001126	Prbc	Prbg.g_01245	Prbc.g_02101
OG0001126	Prbb	Prbg.g_01245	Prbb.g_01058
OG0001126	Pram	Prbg.g_01245	Pram.g_00899
OG0001126	Prbh	Prbg.g_01245	Prbh.g_01042
OG0001126	Prak	Prbg.g_01245	Prak.g_00931
OG0001126	Prap	Prbg.g_01245	Prap.g_00697
OG0001126	Prbe	Prbg.g_01245	Prbe.g_01308
OG0001126	Prbf	Prbg.g_01245	Prbf.g_01159
OG0001126	Prbn	Prbg.g_01245	Prbn.g_01460
OG0001127	Prag	Prbg.g_01244	Prag.g_01026
OG0001127	Praw	Prbg.g_01244	Praw.g_01477
OG0001127	Prav	Prbg.g_01244	Prav.g_00923
OG0001127	Prac	Prbg.g_01244	Prac.g_01266
OG0001127	Praq	Prbg.g_01244	Praq.g_01609
OG0001127	Prar	Prbg.g_01244	Prar.g_01894
OG0001127	Prad	Prbg.g_01244	Prad.g_01029
OG0001127	Prao	Prbg.g_01244	Prao.g_00964
OG0001127	Praa	Prbg.g_01244	Praa.g_01029
OG0001127	Prbd	Prbg.g_01244	Prbd.g_00330
OG0001127	Prbi	Prbg.g_01244	Prbi.g_01076
OG0001127	Prae	Prbg.g_01244	Prae.g_01030
OG0001127	Prax	Prbg.g_01244	Prax.g_01194
OG0001127	Pray	Prbg.g_01244	Pray.g_00574
OG0001127	Praz	Prbg.g_01244	Praz.g_01286
OG0001127	Prba	Prbg.g_01244	Prba.g_01274
OG0001127	Pras	Prbg.g_01244	Pras.g_01924
OG0001127	Prau	Prbg.g_01244	Prau.g_01079
OG0001127	Prab	Prbg.g_01244	Prab.g_00939
OG0001127	Pran	Prbg.g_01244	Pran.g_00558
OG0001127	Prai	Prbg.g_01244	Prai.g_00928
OG0001127	Prbm	Prbg.g_01244	Prbm.g_01053
OG0001127	Prbb	Prbg.g_01244	Prbb.g_01059
OG0001127	Praj	Prbg.g_01244	Praj.g_01013
OG0001127	Prbc	Prbg.g_01244	Prbc.g_02102
OG0001127	Pral	Prbg.g_01244	Pral.g_01570
OG0001127	Prat	Prbg.g_01244	Prat.g_00956
OG0001127	Syar	Prbg.g_01244	Syar.g_01374
OG0001127	Syat	Prbg.g_01244	Syat.g_00789
OG0001127	Syas	Prbg.g_01244	Syas.g_00992
OG0001127	Syan	Prbg.g_01244	Syan.g_00306
OG0001127	Syao	Prbg.g_01244	Syao.g_00505
OG0001127	Syad	Prbg.g_01244	Syad.g_01277
OG0001127	Syaj	Prbg.g_01244	Syaj.g_00414
OG0001127	Syae	Prbg.g_01244	Syae.g_00806
OG0001127	Syaa	Prbg.g_01244	Syaa.g_00865
OG0001127	Syac	Prbg.g_01244	Syac.g_00871
OG0001127	Syah	Prbg.g_01244	Syah.g_02057
OG0001127	Syaf	Prbg.g_01244	Syaf.g_01410
OG0001127	Syai	Prbg.g_01244	Syai.g_02020
OG0001127	Syam	Prbg.g_01244	Syam.g_00758
OG0001127	Prbj	Prbg.g_01244	Prbj.g_01849
OG0001127	Prbk	Prbg.g_01244	Prbk.g_00067
OG0001127	Prbl	Prbg.g_01244	Prbl.g_00938
OG0001127	Praf	Prbg.g_01244	Praf.g_01286
OG0001127	Prah	Prbg.g_01244	Prah.g_00904
OG0001127	Syak	Prbg.g_01244	Syak.g_00756
OG0001127	Syab	Prbg.g_01244	Syab.g_01230
OG0001127	Syal	Prbg.g_01244	Syal.g_01836
OG0001127	Syag	Prbg.g_01244	Syag.g_00958
OG0001127	Syaq	Prbg.g_01244	Syaq.g_02692
OG0001127	Pram	Prbg.g_01244	Pram.g_00898
OG0001127	Prbh	Prbg.g_01244	Prbh.g_01041
OG0001127	Prak	Prbg.g_01244	Prak.g_00930
OG0001127	Prap	Prbg.g_01244	Prap.g_00698
OG0001127	Prbe	Prbg.g_01244	Prbe.g_01307
OG0001127	Prbf	Prbg.g_01244	Prbf.g_01160
OG0001127	Prbn	Prbg.g_01244	Prbn.g_01461
OG0001128	Prai	Prbg.g_01242	Prai.g_00926
OG0001128	Prab	Prbg.g_01242	Prab.g_00937
OG0001128	Pran	Prbg.g_01242	Pran.g_00560
OG0001128	Prag	Prbg.g_01242	Prag.g_01028
OG0001128	Praw	Prbg.g_01242	Praw.g_01475
OG0001128	Prac	Prbg.g_01242	Prac.g_01264
OG0001128	Praq	Prbg.g_01242	Praq.g_01611
OG0001128	Prar	Prbg.g_01242	Prar.g_01896
OG0001128	Prav	Prbg.g_01242	Prav.g_00925
OG0001128	Prad	Prbg.g_01242	Prad.g_01026
OG0001128	Pray	Prbg.g_01242	Pray.g_00576
OG0001128	Praz	Prbg.g_01242	Praz.g_01284
OG0001128	Prba	Prbg.g_01242	Prba.g_01272
OG0001128	Pras	Prbg.g_01242	Pras.g_01926
OG0001128	Prau	Prbg.g_01242	Prau.g_01081
OG0001128	Prbi	Prbg.g_01242	Prbi.g_01078
OG0001128	Praa	Prbg.g_01242	Praa.g_01031
OG0001128	Prbd	Prbg.g_01242	Prbd.g_00332
OG0001128	Prao	Prbg.g_01242	Prao.g_00966
OG0001128	Prae	Prbg.g_01242	Prae.g_01032
OG0001128	Prax	Prbg.g_01242	Prax.g_01196
OG0001128	Pral	Prbg.g_01242	Pral.g_01569
OG0001128	Prat	Prbg.g_01242	Prat.g_00957
OG0001128	Prbm	Prbg.g_01242	Prbm.g_01056
OG0001128	Prbb	Prbg.g_01242	Prbb.g_01062
OG0001128	Praj	Prbg.g_01242	Praj.g_01016
OG0001128	Prbc	Prbg.g_01242	Prbc.g_02105
OG0001128	Syag	Prbg.g_01242	Syag.g_00961
OG0001128	Syaq	Prbg.g_01242	Syaq.g_02689
OG0001128	Syak	Prbg.g_01242	Syak.g_00753
OG0001128	Syas	Prbg.g_01242	Syas.g_00995
OG0001128	Syat	Prbg.g_01242	Syat.g_00786
OG0001128	Syar	Prbg.g_01242	Syar.g_01371
OG0001128	Syan	Prbg.g_01242	Syan.g_00303
OG0001128	Syao	Prbg.g_01242	Syao.g_00508
OG0001128	Syad	Prbg.g_01242	Syad.g_01280
OG0001128	Syaj	Prbg.g_01242	Syaj.g_00417
OG0001128	Syac	Prbg.g_01242	Syac.g_00875
OG0001128	Syah	Prbg.g_01242	Syah.g_02040
OG0001128	Syaf	Prbg.g_01242	Syaf.g_01413
OG0001128	Syai	Prbg.g_01242	Syai.g_02017
OG0001128	Syam	Prbg.g_01242	Syam.g_00764
OG0001128	Syae	Prbg.g_01242	Syae.g_00803
OG0001128	Syaa	Prbg.g_01242	Syaa.g_00868
OG0001128	Syab	Prbg.g_01242	Syab.g_01227
OG0001128	Syal	Prbg.g_01242	Syal.g_01833
OG0001128	Prah	Prbg.g_01242	Prah.g_00907
OG0001128	Praf	Prbg.g_01242	Praf.g_01283
OG0001128	Prbj	Prbg.g_01242	Prbj.g_01846
OG0001128	Prbk	Prbg.g_01242	Prbk.g_00064
OG0001128	Prbl	Prbg.g_01242	Prbl.g_00935
OG0001128	Pram	Prbg.g_01242	Pram.g_00896
OG0001128	Prbh	Prbg.g_01242	Prbh.g_01039
OG0001128	Prak	Prbg.g_01242	Prak.g_00928
OG0001128	Prap	Prbg.g_01242	Prap.g_00700
OG0001128	Prbe	Prbg.g_01242	Prbe.g_01305
OG0001128	Prbf	Prbg.g_01242	Prbf.g_01162
OG0001128	Prbn	Prbg.g_01242	Prbn.g_01463
OG0001129	Prab	Prbg.g_01241	Prab.g_00936
OG0001129	Pran	Prbg.g_01241	Pran.g_00561
OG0001129	Prai	Prbg.g_01241	Prai.g_00925
OG0001129	Prau	Prbg.g_01241	Prau.g_01082
OG0001129	Pras	Prbg.g_01241	Pras.g_01927
OG0001129	Pray	Prbg.g_01241	Pray.g_00577
OG0001129	Praz	Prbg.g_01241	Praz.g_01283
OG0001129	Prba	Prbg.g_01241	Prba.g_01271
OG0001129	Prac	Prbg.g_01241	Prac.g_01263
OG0001129	Praq	Prbg.g_01241	Praq.g_01612
OG0001129	Prar	Prbg.g_01241	Prar.g_01897
OG0001129	Prag	Prbg.g_01241	Prag.g_01029
OG0001129	Praw	Prbg.g_01241	Praw.g_01474
OG0001129	Prav	Prbg.g_01241	Prav.g_00926
OG0001129	Prae	Prbg.g_01241	Prae.g_01033
OG0001129	Prao	Prbg.g_01241	Prao.g_00967
OG0001129	Praa	Prbg.g_01241	Praa.g_01032
OG0001129	Prbd	Prbg.g_01241	Prbd.g_00333
OG0001129	Prax	Prbg.g_01241	Prax.g_01197
OG0001129	Prad	Prbg.g_01241	Prad.g_01025
OG0001129	Prbi	Prbg.g_01241	Prbi.g_01079
OG0001129	Prbm	Prbg.g_01241	Prbm.g_01057
OG0001129	Praj	Prbg.g_01241	Praj.g_01017
OG0001129	Prbb	Prbg.g_01241	Prbb.g_01063
OG0001129	Prbc	Prbg.g_01241	Prbc.g_02106
OG0001129	Syar	Prbg.g_01241	Syar.g_01369
OG0001129	Syat	Prbg.g_01241	Syat.g_00784
OG0001129	Syas	Prbg.g_01241	Syas.g_00997
OG0001129	Syan	Prbg.g_01241	Syan.g_00301
OG0001129	Syao	Prbg.g_01241	Syao.g_00510
OG0001129	Syaq	Prbg.g_01241	Syaq.g_02687
OG0001129	Syak	Prbg.g_01241	Syak.g_00751
OG0001129	Syab	Prbg.g_01241	Syab.g_01225
OG0001129	Syal	Prbg.g_01241	Syal.g_01831
OG0001129	Prbj	Prbg.g_01241	Prbj.g_01845
OG0001129	Prbk	Prbg.g_01241	Prbk.g_00063
OG0001129	Prbl	Prbg.g_01241	Prbl.g_00934
OG0001129	Praf	Prbg.g_01241	Praf.g_01281
OG0001129	Prah	Prbg.g_01241	Prah.g_00908
OG0001129	Syag	Prbg.g_01241	Syag.g_00963
OG0001129	Syaf	Prbg.g_01241	Syaf.g_01415
OG0001129	Syaa	Prbg.g_01241	Syaa.g_00870
OG0001129	Syai	Prbg.g_01241	Syai.g_02015
OG0001129	Syam	Prbg.g_01241	Syam.g_00766
OG0001129	Syac	Prbg.g_01241	Syac.g_00877
OG0001129	Syah	Prbg.g_01241	Syah.g_02038
OG0001129	Syae	Prbg.g_01241	Syae.g_00801
OG0001129	Syad	Prbg.g_01241	Syad.g_01282
OG0001129	Syaj	Prbg.g_01241	Syaj.g_00419
OG0001129	Pral	Prbg.g_01241	Pral.g_01568
OG0001129	Prat	Prbg.g_01241	Prat.g_00958
OG0001129	Pram	Prbg.g_01241	Pram.g_00895
OG0001129	Prbh	Prbg.g_01241	Prbh.g_01038
OG0001129	Prak	Prbg.g_01241	Prak.g_00927
OG0001129	Prap	Prbg.g_01241	Prap.g_00701
OG0001129	Prbe	Prbg.g_01241	Prbe.g_01304
OG0001129	Prbf	Prbg.g_01241	Prbf.g_01163
OG0001129	Prbn	Prbg.g_01241	Prbn.g_01464
OG0001130	Prac	Prbg.g_01240	Prac.g_01262
OG0001130	Praq	Prbg.g_01240	Praq.g_01613
OG0001130	Prar	Prbg.g_01240	Prar.g_01898
OG0001130	Pray	Prbg.g_01240	Pray.g_00578
OG0001130	Praz	Prbg.g_01240	Praz.g_01282
OG0001130	Prba	Prbg.g_01240	Prba.g_01270
OG0001130	Pras	Prbg.g_01240	Pras.g_01928
OG0001130	Prau	Prbg.g_01240	Prau.g_01083
OG0001130	Prav	Prbg.g_01240	Prav.g_00927
OG0001130	Prad	Prbg.g_01240	Prad.g_01024
OG0001130	Prbi	Prbg.g_01240	Prbi.g_01080
OG0001130	Prao	Prbg.g_01240	Prao.g_00968
OG0001130	Prbd	Prbg.g_01240	Prbd.g_00334
OG0001130	Prae	Prbg.g_01240	Prae.g_01034
OG0001130	Prax	Prbg.g_01240	Prax.g_01198
OG0001130	Praa	Prbg.g_01240	Praa.g_01033
OG0001130	Prag	Prbg.g_01240	Prag.g_01030
OG0001130	Praw	Prbg.g_01240	Praw.g_01473
OG0001130	Prab	Prbg.g_01240	Prab.g_00935
OG0001130	Pran	Prbg.g_01240	Pran.g_00562
OG0001130	Prai	Prbg.g_01240	Prai.g_00924
OG0001130	Pral	Prbg.g_01240	Pral.g_01567
OG0001130	Prat	Prbg.g_01240	Prat.g_00959
OG0001130	Pram	Prbg.g_01240	Pram.g_00894
OG0001130	Prbh	Prbg.g_01240	Prbh.g_01037
OG0001130	Prbb	Prbg.g_01240	Prbb.g_01064
OG0001130	Praj	Prbg.g_01240	Praj.g_01018
OG0001130	Prbm	Prbg.g_01240	Prbm.g_01058
OG0001130	Prbc	Prbg.g_01240	Prbc.g_02107
OG0001130	Syas	Prbg.g_01240	Syas.g_00998
OG0001130	Syan	Prbg.g_01240	Syan.g_00300
OG0001130	Syar	Prbg.g_01240	Syar.g_01368
OG0001130	Syat	Prbg.g_01240	Syat.g_00783
OG0001130	Syao	Prbg.g_01240	Syao.g_00511
OG0001130	Prbj	Prbg.g_01240	Prbj.g_01844
OG0001130	Prbk	Prbg.g_01240	Prbk.g_00062
OG0001130	Prbl	Prbg.g_01240	Prbl.g_00933
OG0001130	Praf	Prbg.g_01240	Praf.g_01280
OG0001130	Prah	Prbg.g_01240	Prah.g_00909
OG0001130	Syaq	Prbg.g_01240	Syaq.g_02686
OG0001130	Syag	Prbg.g_01240	Syag.g_00964
OG0001130	Syak	Prbg.g_01240	Syak.g_00750
OG0001130	Syab	Prbg.g_01240	Syab.g_01224
OG0001130	Syal	Prbg.g_01240	Syal.g_01830
OG0001130	Syac	Prbg.g_01240	Syac.g_00878
OG0001130	Syah	Prbg.g_01240	Syah.g_02037
OG0001130	Syad	Prbg.g_01240	Syad.g_01283
OG0001130	Syaj	Prbg.g_01240	Syaj.g_00420
OG0001130	Syaa	Prbg.g_01240	Syaa.g_00871
OG0001130	Syae	Prbg.g_01240	Syae.g_00800
OG0001130	Syaf	Prbg.g_01240	Syaf.g_01416
OG0001130	Syai	Prbg.g_01240	Syai.g_02014
OG0001130	Syam	Prbg.g_01240	Syam.g_00767
OG0001130	Prak	Prbg.g_01240	Prak.g_00926
OG0001130	Prap	Prbg.g_01240	Prap.g_00702
OG0001130	Prbe	Prbg.g_01240	Prbe.g_01303
OG0001130	Prbf	Prbg.g_01240	Prbf.g_01164
OG0001130	Prbn	Prbg.g_01240	Prbn.g_01465
OG0001131	Prag	Prbg.g_00141	Prag.g_01066
OG0001131	Praw	Prbg.g_00141	Praw.g_01437
OG0001131	Prav	Prbg.g_00141	Prav.g_00242
OG0001131	Prac	Prbg.g_00141	Prac.g_01225
OG0001131	Praq	Prbg.g_00141	Praq.g_01649
OG0001131	Prar	Prbg.g_00141	Prar.g_01935
OG0001131	Prab	Prbg.g_00141	Prab.g_01125
OG0001131	Pran	Prbg.g_00141	Pran.g_00154
OG0001131	Prai	Prbg.g_00141	Prai.g_01088
OG0001131	Prao	Prbg.g_00141	Prao.g_01007
OG0001131	Prad	Prbg.g_00141	Prad.g_00990
OG0001131	Praa	Prbg.g_00141	Praa.g_01070
OG0001131	Prae	Prbg.g_00141	Prae.g_01072
OG0001131	Prbi	Prbg.g_00141	Prbi.g_01117
OG0001131	Pray	Prbg.g_00141	Pray.g_00614
OG0001131	Praz	Prbg.g_00141	Praz.g_00096
OG0001131	Prba	Prbg.g_00141	Prba.g_01234
OG0001131	Prax	Prbg.g_00141	Prax.g_01235
OG0001131	Prbd	Prbg.g_00141	Prbd.g_00370
OG0001131	Pras	Prbg.g_00141	Pras.g_01964
OG0001131	Prau	Prbg.g_00141	Prau.g_01118
OG0001131	Praj	Prbg.g_00141	Praj.g_00852
OG0001131	Prbm	Prbg.g_00141	Prbm.g_00894
OG0001131	Prbb	Prbg.g_00141	Prbb.g_00897
OG0001131	Prbc	Prbg.g_00141	Prbc.g_01941
OG0001131	Syar	Prbg.g_00141	Syar.g_02448
OG0001131	Syan	Prbg.g_00141	Syan.g_00079
OG0001131	Syao	Prbg.g_00141	Syao.g_01387
OG0001131	Syas	Prbg.g_00141	Syas.g_01401
OG0001131	Syat	Prbg.g_00141	Syat.g_01674
OG0001131	Prbj	Prbg.g_00141	Prbj.g_02687
OG0001131	Prbk	Prbg.g_00141	Prbk.g_00627
OG0001131	Prbl	Prbg.g_00141	Prbl.g_02575
OG0001131	Praf	Prbg.g_00141	Praf.g_01296
OG0001131	Prah	Prbg.g_00141	Prah.g_00893
OG0001131	Syak	Prbg.g_00141	Syak.g_00389
OG0001131	Syaq	Prbg.g_00141	Syaq.g_02284
OG0001131	Syaa	Prbg.g_00141	Syaa.g_01108
OG0001131	Syad	Prbg.g_00141	Syad.g_01953
OG0001131	Syaj	Prbg.g_00141	Syaj.g_01070
OG0001131	Syae	Prbg.g_00141	Syae.g_00562
OG0001131	Syac	Prbg.g_00141	Syac.g_01382
OG0001131	Syah	Prbg.g_00141	Syah.g_01819
OG0001131	Syai	Prbg.g_00141	Syai.g_01281
OG0001131	Syaf	Prbg.g_00141	Syaf.g_02090
OG0001131	Syam	Prbg.g_00141	Syam.g_01337
OG0001131	Syag	Prbg.g_00141	Syag.g_00624
OG0001131	Syab	Prbg.g_00141	Syab.g_01609
OG0001131	Syal	Prbg.g_00141	Syal.g_02260
OG0001131	Pral	Prbg.g_00141	Pral.g_01321
OG0001131	Prat	Prbg.g_00141	Prat.g_01204
OG0001131	Pram	Prbg.g_00141	Pram.g_00356
OG0001131	Prbh	Prbg.g_00141	Prbh.g_00411
OG0001131	Prak	Prbg.g_00141	Prak.g_00383
OG0001131	Prap	Prbg.g_00141	Prap.g_01345
OG0001131	Prbe	Prbg.g_00141	Prbe.g_01919
OG0001131	Prbf	Prbg.g_00141	Prbf.g_01705
OG0001131	Prbn	Prbg.g_00141	Prbn.g_00692
OG0001132	Prab	Prbg.g_00022	Prab.g_01135
OG0001132	Pran	Prbg.g_00022	Pran.g_00144
OG0001132	Prai	Prbg.g_00022	Prai.g_01098
OG0001132	Prao	Prbg.g_00022	Prao.g_01016
OG0001132	Prax	Prbg.g_00022	Prax.g_01245
OG0001132	Praa	Prbg.g_00022	Praa.g_01080
OG0001132	Prbd	Prbg.g_00022	Prbd.g_00380
OG0001132	Prbi	Prbg.g_00022	Prbi.g_01127
OG0001132	Prae	Prbg.g_00022	Prae.g_01081
OG0001132	Pras	Prbg.g_00022	Pras.g_01973
OG0001132	Prau	Prbg.g_00022	Prau.g_01127
OG0001132	Prad	Prbg.g_00022	Prad.g_00981
OG0001132	Prac	Prbg.g_00022	Prac.g_01216
OG0001132	Praq	Prbg.g_00022	Praq.g_01658
OG0001132	Prar	Prbg.g_00022	Prar.g_01944
OG0001132	Prag	Prbg.g_00022	Prag.g_01076
OG0001132	Praw	Prbg.g_00022	Praw.g_01427
OG0001132	Prav	Prbg.g_00022	Prav.g_00252
OG0001132	Pray	Prbg.g_00022	Pray.g_00623
OG0001132	Praz	Prbg.g_00022	Praz.g_00105
OG0001132	Prba	Prbg.g_00022	Prba.g_01225
OG0001132	Pral	Prbg.g_00022	Pral.g_01033
OG0001132	Prat	Prbg.g_00022	Prat.g_01479
OG0001132	Prbm	Prbg.g_00022	Prbm.g_01103
OG0001132	Prbb	Prbg.g_00022	Prbb.g_01108
OG0001132	Praj	Prbg.g_00022	Praj.g_01063
OG0001132	Prbc	Prbg.g_00022	Prbc.g_02152
OG0001132	Praf	Prbg.g_00022	Praf.g_01652
OG0001132	Prah	Prbg.g_00022	Prah.g_00539
OG0001132	Prbj	Prbg.g_00022	Prbj.g_02537
OG0001132	Prbk	Prbg.g_00022	Prbk.g_02595
OG0001132	Prbl	Prbg.g_00022	Prbl.g_01603
OG0001132	Syar	Prbg.g_00022	Syar.g_00684
OG0001132	Syas	Prbg.g_00022	Syas.g_00525
OG0001132	Syaq	Prbg.g_00022	Syaq.g_01872
OG0001132	Syak	Prbg.g_00022	Syak.g_00120
OG0001132	Syab	Prbg.g_00022	Syab.g_01790
OG0001132	Syal	Prbg.g_00022	Syal.g_02553
OG0001132	Syaa	Prbg.g_00022	Syaa.g_01468
OG0001132	Syae	Prbg.g_00022	Syae.g_00242
OG0001132	Syag	Prbg.g_00022	Syag.g_00096
OG0001132	Syai	Prbg.g_00022	Syai.g_01620
OG0001132	Syaf	Prbg.g_00022	Syaf.g_01722
OG0001132	Syam	Prbg.g_00022	Syam.g_01020
OG0001132	Syac	Prbg.g_00022	Syac.g_01062
OG0001132	Syah	Prbg.g_00022	Syah.g_01850
OG0001132	Syad	Prbg.g_00022	Syad.g_02038
OG0001132	Syaj	Prbg.g_00022	Syaj.g_01166
OG0001132	Syat	Prbg.g_00022	Syat.g_00965
OG0001132	Syan	Prbg.g_00022	Syan.g_00100
OG0001132	Syao	Prbg.g_00022	Syao.g_01221
OG0001132	Pram	Prbg.g_00022	Pram.g_00683
OG0001132	Prbh	Prbg.g_00022	Prbh.g_00827
OG0001132	Prbn	Prbg.g_00022	Prbn.g_01039
OG0001132	Prak	Prbg.g_00022	Prak.g_00712
OG0001132	Prap	Prbg.g_00022	Prap.g_00020
OG0001132	Prbe	Prbg.g_00022	Prbe.g_00071
OG0001132	Prbf	Prbg.g_00022	Prbf.g_00296
OG0001133	Prab	Prbg.g_00528	Prab.g_01169
OG0001133	Pran	Prbg.g_00528	Pran.g_00110
OG0001133	Prai	Prbg.g_00528	Prai.g_01130
OG0001133	Prav	Prbg.g_00528	Prav.g_00019
OG0001133	Prag	Prbg.g_00528	Prag.g_01106
OG0001133	Praw	Prbg.g_00528	Praw.g_00187
OG0001133	Pras	Prbg.g_00528	Pras.g_00009
OG0001133	Prau	Prbg.g_00528	Prau.g_01160
OG0001133	Praa	Prbg.g_00528	Praa.g_01115
OG0001133	Prbd	Prbg.g_00528	Prbd.g_00414
OG0001133	Prbi	Prbg.g_00528	Prbi.g_01161
OG0001133	Prad	Prbg.g_00528	Prad.g_00655
OG0001133	Prao	Prbg.g_00528	Prao.g_01137
OG0001133	Prae	Prbg.g_00528	Prae.g_01115
OG0001133	Prax	Prbg.g_00528	Prax.g_00146
OG0001133	Pray	Prbg.g_00528	Pray.g_00112
OG0001133	Praz	Prbg.g_00528	Praz.g_00040
OG0001133	Prba	Prbg.g_00528	Prba.g_00729
OG0001133	Prac	Prbg.g_00528	Prac.g_01031
OG0001133	Praq	Prbg.g_00528	Praq.g_01287
OG0001133	Prar	Prbg.g_00528	Prar.g_01309
OG0001133	Prbm	Prbg.g_00528	Prbm.g_01079
OG0001133	Praj	Prbg.g_00528	Praj.g_01040
OG0001133	Prbc	Prbg.g_00528	Prbc.g_02128
OG0001133	Prbb	Prbg.g_00528	Prbb.g_01085
OG0001133	Pral	Prbg.g_00528	Pral.g_01314
OG0001133	Prat	Prbg.g_00528	Prat.g_01211
OG0001133	Pram	Prbg.g_00528	Pram.g_01469
OG0001133	Prbh	Prbg.g_00528	Prbh.g_00008
OG0001133	Prbj	Prbg.g_00528	Prbj.g_02555
OG0001133	Prbk	Prbg.g_00528	Prbk.g_02613
OG0001133	Prbl	Prbg.g_00528	Prbl.g_01621
OG0001133	Praf	Prbg.g_00528	Praf.g_01671
OG0001133	Prah	Prbg.g_00528	Prah.g_00521
OG0001133	Syak	Prbg.g_00528	Syak.g_00014
OG0001133	Syab	Prbg.g_00528	Syab.g_01895
OG0001133	Syal	Prbg.g_00528	Syal.g_02710
OG0001133	Syaq	Prbg.g_00528	Syaq.g_02063
OG0001133	Syag	Prbg.g_00528	Syag.g_00380
OG0001133	Syat	Prbg.g_00528	Syat.g_03311
OG0001133	Syap	Prbg.g_00528	Syap.g_01292
OG0001133	Syas	Prbg.g_00528	Syas.g_00109
OG0001133	Syar	Prbg.g_00528	Syar.g_02249
OG0001133	Syan	Prbg.g_00528	Syan.g_00006
OG0001133	Syao	Prbg.g_00528	Syao.g_01333
OG0001133	Syaa	Prbg.g_00528	Syaa.g_01656
OG0001133	Syae	Prbg.g_00528	Syae.g_00053
OG0001133	Syad	Prbg.g_00528	Syad.g_02172
OG0001133	Syaj	Prbg.g_00528	Syaj.g_01302
OG0001133	Syaf	Prbg.g_00528	Syaf.g_02334
OG0001133	Syai	Prbg.g_00528	Syai.g_01072
OG0001133	Syac	Prbg.g_00528	Syac.g_00958
OG0001133	Syah	Prbg.g_00528	Syah.g_01957
OG0001133	Prak	Prbg.g_00528	Prak.g_01328
OG0001133	Prap	Prbg.g_00528	Prap.g_00058
OG0001133	Prbe	Prbg.g_00528	Prbe.g_00374
OG0001133	Prbf	Prbg.g_00528	Prbf.g_00094
OG0001133	Prbn	Prbg.g_00528	Prbn.g_01239
OG0001134	Prab	Prbg.g_00749	Prab.g_01186
OG0001134	Pran	Prbg.g_00749	Pran.g_00093
OG0001134	Prai	Prbg.g_00749	Prai.g_01143
OG0001134	Prbd	Prbg.g_00749	Prbd.g_00427
OG0001134	Prao	Prbg.g_00749	Prao.g_01122
OG0001134	Prbi	Prbg.g_00749	Prbi.g_01174
OG0001134	Prad	Prbg.g_00749	Prad.g_01989
OG0001134	Prau	Prbg.g_00749	Prau.g_01174
OG0001134	Prag	Prbg.g_00749	Prag.g_01120
OG0001134	Praw	Prbg.g_00749	Praw.g_00201
OG0001134	Prax	Prbg.g_00749	Prax.g_00161
OG0001134	Prae	Prbg.g_00749	Prae.g_01130
OG0001134	Prac	Prbg.g_00749	Prac.g_01018
OG0001134	Praq	Prbg.g_00749	Praq.g_01300
OG0001134	Prar	Prbg.g_00749	Prar.g_01296
OG0001134	Prav	Prbg.g_00749	Prav.g_00033
OG0001134	Praa	Prbg.g_00749	Praa.g_01127
OG0001134	Pray	Prbg.g_00749	Pray.g_00097
OG0001134	Praz	Prbg.g_00749	Praz.g_00025
OG0001134	Prba	Prbg.g_00749	Prba.g_00097
OG0001134	Pras	Prbg.g_00749	Pras.g_00023
OG0001134	Pram	Prbg.g_00749	Pram.g_01546
OG0001134	Prbh	Prbg.g_00749	Prbh.g_01868
OG0001134	Syar	Prbg.g_00749	Syar.g_02235
OG0001134	Syan	Prbg.g_00749	Syan.g_01146
OG0001134	Syao	Prbg.g_00749	Syao.g_01428
OG0001134	Syaf	Prbg.g_00749	Syaf.g_01616
OG0001134	Syam	Prbg.g_00749	Syam.g_00915
OG0001134	Syac	Prbg.g_00749	Syac.g_01466
OG0001134	Syah	Prbg.g_00749	Syah.g_01437
OG0001134	Syai	Prbg.g_00749	Syai.g_01745
OG0001134	Syae	Prbg.g_00749	Syae.g_00638
OG0001134	Prbj	Prbg.g_00749	Prbj.g_01990
OG0001134	Prbk	Prbg.g_00749	Prbk.g_02195
OG0001134	Prbl	Prbg.g_00749	Prbl.g_02204
OG0001134	Praf	Prbg.g_00749	Praf.g_02690
OG0001134	Prah	Prbg.g_00749	Prah.g_02524
OG0001134	Syaa	Prbg.g_00749	Syaa.g_01028
OG0001134	Syad	Prbg.g_00749	Syad.g_01527
OG0001134	Syaj	Prbg.g_00749	Syaj.g_00645
OG0001134	Syag	Prbg.g_00749	Syag.g_02164
OG0001134	Syaq	Prbg.g_00749	Syaq.g_02213
OG0001134	Syab	Prbg.g_00749	Syab.g_01748
OG0001134	Syal	Prbg.g_00749	Syal.g_02506
OG0001134	Syak	Prbg.g_00749	Syak.g_00273
OG0001134	Prbm	Prbg.g_00749	Prbm.g_01910
OG0001134	Prbb	Prbg.g_00749	Prbb.g_01887
OG0001134	Praj	Prbg.g_00749	Praj.g_01832
OG0001134	Prbc	Prbg.g_00749	Prbc.g_00896
OG0001134	Pral	Prbg.g_00749	Pral.g_00056, Pral.g_00078
OG0001134	Prat	Prbg.g_00749	Prat.g_01495, Prat.g_01561
OG0001134	Prak	Prbg.g_00749	Prak.g_01550
OG0001134	Prap	Prbg.g_00749	Prap.g_01883
OG0001134	Prbe	Prbg.g_00749	Prbe.g_00041
OG0001134	Prbf	Prbg.g_00749	Prbf.g_00788
OG0001134	Prbn	Prbg.g_00749	Prbn.g_01650
OG0001135	Prbc	Prbg.g_00752	Prbc.g_00899
OG0001135	Prbm	Prbg.g_00752	Prbm.g_01913
OG0001135	Praj	Prbg.g_00752	Praj.g_01835
OG0001135	Prbb	Prbg.g_00752	Prbb.g_01890
OG0001135	Praa	Prbg.g_00752	Praa.g_01130
OG0001135	Prav	Prbg.g_00752	Prav.g_00036
OG0001135	Prai	Prbg.g_00752	Prai.g_01146
OG0001135	Prab	Prbg.g_00752	Prab.g_01189
OG0001135	Pran	Prbg.g_00752	Pran.g_00090
OG0001135	Prbd	Prbg.g_00752	Prbd.g_00430
OG0001135	Pray	Prbg.g_00752	Pray.g_00094
OG0001135	Praz	Prbg.g_00752	Praz.g_00022
OG0001135	Prba	Prbg.g_00752	Prba.g_00094
OG0001135	Pras	Prbg.g_00752	Pras.g_00026
OG0001135	Prad	Prbg.g_00752	Prad.g_01526
OG0001135	Prac	Prbg.g_00752	Prac.g_01015, Prac.g_01959
OG0001135	Praq	Prbg.g_00752	Praq.g_01303
OG0001135	Prar	Prbg.g_00752	Prar.g_01293
OG0001135	Prao	Prbg.g_00752	Prao.g_01119
OG0001135	Prau	Prbg.g_00752	Prau.g_01177
OG0001135	Prae	Prbg.g_00752	Prae.g_01133
OG0001135	Prbi	Prbg.g_00752	Prbi.g_01177
OG0001135	Prag	Prbg.g_00752	Prag.g_01123
OG0001135	Praw	Prbg.g_00752	Praw.g_00204
OG0001135	Prax	Prbg.g_00752	Prax.g_00164
OG0001135	Syar	Prbg.g_00752	Syar.g_02232
OG0001135	Syao	Prbg.g_00752	Syao.g_01424
OG0001135	Prbj	Prbg.g_00752	Prbj.g_01992
OG0001135	Prbk	Prbg.g_00752	Prbk.g_02197
OG0001135	Prbl	Prbg.g_00752	Prbl.g_02202
OG0001135	Praf	Prbg.g_00752	Praf.g_02692
OG0001135	Prah	Prbg.g_00752	Prah.g_02526
OG0001135	Syad	Prbg.g_00752	Syad.g_01529
OG0001135	Syaj	Prbg.g_00752	Syaj.g_00647
OG0001135	Syac	Prbg.g_00752	Syac.g_01464
OG0001135	Syah	Prbg.g_00752	Syah.g_01439
OG0001135	Syae	Prbg.g_00752	Syae.g_00636
OG0001135	Syaa	Prbg.g_00752	Syaa.g_01030
OG0001135	Syai	Prbg.g_00752	Syai.g_01742
OG0001135	Syaf	Prbg.g_00752	Syaf.g_01618
OG0001135	Syam	Prbg.g_00752	Syam.g_00917
OG0001135	Syan	Prbg.g_00752	Syan.g_02542, Syan.g_01150
OG0001135	Syaq	Prbg.g_00752	Syaq.g_02212
OG0001135	Syak	Prbg.g_00752	Syak.g_00274
OG0001135	Syab	Prbg.g_00752	Syab.g_01747
OG0001135	Syal	Prbg.g_00752	Syal.g_02505
OG0001135	Syag	Prbg.g_00752	Syag.g_00147
OG0001135	Pral	Prbg.g_00752	Pral.g_00075
OG0001135	Prat	Prbg.g_00752	Prat.g_01557
OG0001135	Pram	Prbg.g_00752	Pram.g_01549
OG0001135	Prbh	Prbg.g_00752	Prbh.g_01865
OG0001135	Prak	Prbg.g_00752	Prak.g_01553
OG0001135	Prap	Prbg.g_00752	Prap.g_01880
OG0001135	Prbe	Prbg.g_00752	Prbe.g_00044
OG0001135	Prbf	Prbg.g_00752	Prbf.g_00785
OG0001135	Prbn	Prbg.g_00752	Prbn.g_01653
OG0001136	Prab	Prbg.g_01489	Prab.g_01216
OG0001136	Pran	Prbg.g_01489	Pran.g_00063
OG0001136	Prav	Prbg.g_01489	Prav.g_00062
OG0001136	Prac	Prbg.g_01489	Prac.g_00988
OG0001136	Praq	Prbg.g_01489	Praq.g_01330
OG0001136	Prar	Prbg.g_01489	Prar.g_01266
OG0001136	Prag	Prbg.g_01489	Prag.g_01150
OG0001136	Praw	Prbg.g_01489	Praw.g_00231
OG0001136	Prad	Prbg.g_01489	Prad.g_01499
OG0001136	Prae	Prbg.g_01489	Prae.g_01160
OG0001136	Pras	Prbg.g_01489	Pras.g_00053
OG0001136	Prau	Prbg.g_01489	Prau.g_01204
OG0001136	Prbi	Prbg.g_01489	Prbi.g_01204
OG0001136	Prao	Prbg.g_01489	Prao.g_01092
OG0001136	Praa	Prbg.g_01489	Praa.g_01157
OG0001136	Prax	Prbg.g_01489	Prax.g_00197
OG0001136	Pray	Prbg.g_01489	Pray.g_00067
OG0001136	Praz	Prbg.g_01489	Praz.g_00758
OG0001136	Prba	Prbg.g_01489	Prba.g_00067
OG0001136	Prbd	Prbg.g_01489	Prbd.g_00465
OG0001136	Prbj	Prbg.g_01489	Prbj.g_00969
OG0001136	Prbk	Prbg.g_01489	Prbk.g_01021
OG0001136	Prbl	Prbg.g_01489	Prbl.g_02082
OG0001136	Praf	Prbg.g_01489	Praf.g_00852
OG0001136	Prah	Prbg.g_01489	Prah.g_01324
OG0001136	Syar	Prbg.g_01489	Syar.g_01536
OG0001136	Syap	Prbg.g_01489	Syap.g_00230
OG0001136	Syas	Prbg.g_01489	Syas.g_01187
OG0001136	Syat	Prbg.g_01489	Syat.g_03257
OG0001136	Syan	Prbg.g_01489	Syan.g_02699
OG0001136	Syao	Prbg.g_01489	Syao.g_00126
OG0001136	Syad	Prbg.g_01489	Syad.g_01150
OG0001136	Syaj	Prbg.g_01489	Syaj.g_00300
OG0001136	Syaa	Prbg.g_01489	Syaa.g_00767
OG0001136	Syae	Prbg.g_01489	Syae.g_00923
OG0001136	Syac	Prbg.g_01489	Syac.g_00767
OG0001136	Syah	Prbg.g_01489	Syah.g_02160
OG0001136	Syam	Prbg.g_01489	Syam.g_01797
OG0001136	Syai	Prbg.g_01489	Syai.g_02146
OG0001136	Syaf	Prbg.g_01489	Syaf.g_01286
OG0001136	Syaq	Prbg.g_01489	Syaq.g_00252
OG0001136	Syag	Prbg.g_01489	Syag.g_01144
OG0001136	Syab	Prbg.g_01489	Syab.g_00966
OG0001136	Syal	Prbg.g_01489	Syal.g_01650
OG0001136	Syak	Prbg.g_01489	Syak.g_00901
OG0001136	Prbm	Prbg.g_01489	Prbm.g_01552
OG0001136	Praj	Prbg.g_01489	Praj.g_01463
OG0001136	Prbc	Prbg.g_01489	Prbc.g_01449
OG0001136	Prbb	Prbg.g_01489	Prbb.g_01520
OG0001136	Pral	Prbg.g_01489	Pral.g_01364
OG0001136	Prat	Prbg.g_01489	Prat.g_01158
OG0001136	Pram	Prbg.g_01489	Pram.g_01143
OG0001136	Prbh	Prbg.g_01489	Prbh.g_01286
OG0001136	Prak	Prbg.g_01489	Prak.g_01175
OG0001136	Prap	Prbg.g_01489	Prap.g_00459
OG0001136	Prbe	Prbg.g_01489	Prbe.g_01552
OG0001136	Prbf	Prbg.g_01489	Prbf.g_00915
OG0001136	Prbn	Prbg.g_01489	Prbn.g_01186
OG0001137	Prab	Prbg.g_01477	Prab.g_01227
OG0001137	Pran	Prbg.g_01477	Pran.g_00052
OG0001137	Prai	Prbg.g_01477	Prai.g_01179
OG0001137	Prac	Prbg.g_01477	Prac.g_00977
OG0001137	Praq	Prbg.g_01477	Praq.g_01341
OG0001137	Prar	Prbg.g_01477	Prar.g_01255
OG0001137	Prag	Prbg.g_01477	Prag.g_01161
OG0001137	Praw	Prbg.g_01477	Praw.g_00242
OG0001137	Prao	Prbg.g_01477	Prao.g_01081
OG0001137	Prav	Prbg.g_01477	Prav.g_00073
OG0001137	Prae	Prbg.g_01477	Prae.g_01171
OG0001137	Prad	Prbg.g_01477	Prad.g_01488
OG0001137	Prax	Prbg.g_01477	Prax.g_00208
OG0001137	Prbd	Prbg.g_01477	Prbd.g_00476
OG0001137	Pray	Prbg.g_01477	Pray.g_00055
OG0001137	Praz	Prbg.g_01477	Praz.g_00746
OG0001137	Prba	Prbg.g_01477	Prba.g_00055
OG0001137	Pras	Prbg.g_01477	Pras.g_00064
OG0001137	Prau	Prbg.g_01477	Prau.g_01214
OG0001137	Praa	Prbg.g_01477	Praa.g_01167
OG0001137	Prbi	Prbg.g_01477	Prbi.g_01215
OG0001137	Prbm	Prbg.g_01477	Prbm.g_01539
OG0001137	Prbc	Prbg.g_01477	Prbc.g_01436
OG0001137	Praj	Prbg.g_01477	Praj.g_01452
OG0001137	Prbb	Prbg.g_01477	Prbb.g_01507
OG0001137	Syag	Prbg.g_01477	Syag.g_01123
OG0001137	Syak	Prbg.g_01477	Syak.g_00876
OG0001137	Syab	Prbg.g_01477	Syab.g_00990
OG0001137	Syal	Prbg.g_01477	Syal.g_01673
OG0001137	Syaq	Prbg.g_01477	Syaq.g_00228
OG0001137	Praf	Prbg.g_01477	Praf.g_00872
OG0001137	Prah	Prbg.g_01477	Prah.g_01305
OG0001137	Prbj	Prbg.g_01477	Prbj.g_00832
OG0001137	Prbk	Prbg.g_01477	Prbk.g_00155
OG0001137	Prbl	Prbg.g_01477	Prbl.g_02102
OG0001137	Syad	Prbg.g_01477	Syad.g_01169
OG0001137	Syaj	Prbg.g_01477	Syaj.g_00318
OG0001137	Syaa	Prbg.g_01477	Syaa.g_00786
OG0001137	Syae	Prbg.g_01477	Syae.g_00903
OG0001137	Syac	Prbg.g_01477	Syac.g_00786
OG0001137	Syah	Prbg.g_01477	Syah.g_02141
OG0001137	Syaf	Prbg.g_01477	Syaf.g_01306
OG0001137	Syai	Prbg.g_01477	Syai.g_02126
OG0001137	Syam	Prbg.g_01477	Syam.g_01780
OG0001137	Syar	Prbg.g_01477	Syar.g_01944
OG0001137	Syap	Prbg.g_01477	Syap.g_00213
OG0001137	Syat	Prbg.g_01477	Syat.g_00306
OG0001137	Syan	Prbg.g_01477	Syan.g_02670
OG0001137	Syao	Prbg.g_01477	Syao.g_00194
OG0001137	Pral	Prbg.g_01477	Pral.g_01377
OG0001137	Prat	Prbg.g_01477	Prat.g_01147
OG0001137	Pram	Prbg.g_01477	Pram.g_01130
OG0001137	Prbh	Prbg.g_01477	Prbh.g_01273
OG0001137	Prak	Prbg.g_01477	Prak.g_01163
OG0001137	Prap	Prbg.g_01477	Prap.g_00447
OG0001137	Prbe	Prbg.g_01477	Prbe.g_01540
OG0001137	Prbf	Prbg.g_01477	Prbf.g_00927
OG0001137	Prbn	Prbg.g_01477	Prbn.g_01198
OG0001138	Prab	Prbg.g_01456	Prab.g_01245
OG0001138	Pran	Prbg.g_01456	Pran.g_00034
OG0001138	Prai	Prbg.g_01456	Prai.g_01198
OG0001138	Prad	Prbg.g_01456	Prad.g_01469
OG0001138	Prac	Prbg.g_01456	Prac.g_00959
OG0001138	Praq	Prbg.g_01456	Praq.g_01359
OG0001138	Prar	Prbg.g_01456	Prar.g_01237
OG0001138	Prao	Prbg.g_01456	Prao.g_01063
OG0001138	Prav	Prbg.g_01456	Prav.g_01855
OG0001138	Pray	Prbg.g_01456	Pray.g_00037
OG0001138	Praz	Prbg.g_01456	Praz.g_00728
OG0001138	Prba	Prbg.g_01456	Prba.g_00037
OG0001138	Prag	Prbg.g_01456	Prag.g_01179
OG0001138	Praw	Prbg.g_01456	Praw.g_00260
OG0001138	Pras	Prbg.g_01456	Pras.g_00082
OG0001138	Prau	Prbg.g_01456	Prau.g_01232
OG0001138	Prae	Prbg.g_01456	Prae.g_01189
OG0001138	Prax	Prbg.g_01456	Prax.g_00226
OG0001138	Prbd	Prbg.g_01456	Prbd.g_00494
OG0001138	Praa	Prbg.g_01456	Praa.g_01185
OG0001138	Prbi	Prbg.g_01456	Prbi.g_01233
OG0001138	Praj	Prbg.g_01456	Praj.g_01432
OG0001138	Prbb	Prbg.g_01456	Prbb.g_01486
OG0001138	Prbc	Prbg.g_01456	Prbc.g_01416
OG0001138	Prbm	Prbg.g_01456	Prbm.g_01518
OG0001138	Pral	Prbg.g_01456	Pral.g_01401
OG0001138	Prat	Prbg.g_01456	Prat.g_01126
OG0001138	Syan	Prbg.g_01456	Syan.g_02638
OG0001138	Syao	Prbg.g_01456	Syao.g_00227
OG0001138	Syar	Prbg.g_01456	Syar.g_01977
OG0001138	Syas	Prbg.g_01456	Syas.g_01114
OG0001138	Syat	Prbg.g_01456	Syat.g_00214
OG0001138	Syad	Prbg.g_01456	Syad.g_01493
OG0001138	Syaj	Prbg.g_01456	Syaj.g_00620
OG0001138	Syaa	Prbg.g_01456	Syaa.g_01002
OG0001138	Syae	Prbg.g_01456	Syae.g_00654
OG0001138	Syac	Prbg.g_01456	Syac.g_01486
OG0001138	Syah	Prbg.g_01456	Syah.g_01421
OG0001138	Syaf	Prbg.g_01456	Syaf.g_01596
OG0001138	Syai	Prbg.g_01456	Syai.g_01763
OG0001138	Syam	Prbg.g_01456	Syam.g_00898
OG0001138	Syak	Prbg.g_01456	Syak.g_00839
OG0001138	Syab	Prbg.g_01456	Syab.g_01023
OG0001138	Syal	Prbg.g_01456	Syal.g_01709
OG0001138	Syaq	Prbg.g_01456	Syaq.g_00196
OG0001138	Syag	Prbg.g_01456	Syag.g_01090
OG0001138	Praf	Prbg.g_01456	Praf.g_00923
OG0001138	Prah	Prbg.g_01456	Prah.g_01253
OG0001138	Prbj	Prbg.g_01456	Prbj.g_00004
OG0001138	Prbk	Prbg.g_01456	Prbk.g_00137
OG0001138	Prbl	Prbg.g_01456	Prbl.g_01118
OG0001138	Pram	Prbg.g_01456	Pram.g_01109
OG0001138	Prbh	Prbg.g_01456	Prbh.g_01252
OG0001138	Prak	Prbg.g_01456	Prak.g_01142
OG0001138	Prap	Prbg.g_01456	Prap.g_00426
OG0001138	Prbe	Prbg.g_01456	Prbe.g_01519
OG0001138	Prbf	Prbg.g_01456	Prbf.g_00948
OG0001138	Prbn	Prbg.g_01456	Prbn.g_00392
OG0001139	Prab	Prbg.g_01454	Prab.g_01246
OG0001139	Pran	Prbg.g_01454	Pran.g_00033
OG0001139	Prai	Prbg.g_01454	Prai.g_01200
OG0001139	Pray	Prbg.g_01454	Pray.g_00036
OG0001139	Praz	Prbg.g_01454	Praz.g_00727
OG0001139	Prba	Prbg.g_01454	Prba.g_00036
OG0001139	Prac	Prbg.g_01454	Prac.g_00958
OG0001139	Praq	Prbg.g_01454	Praq.g_01360
OG0001139	Prar	Prbg.g_01454	Prar.g_01236
OG0001139	Prad	Prbg.g_01454	Prad.g_01468
OG0001139	Prbi	Prbg.g_01454	Prbi.g_01234
OG0001139	Prbd	Prbg.g_01454	Prbd.g_00495
OG0001139	Praa	Prbg.g_01454	Praa.g_01186
OG0001139	Prae	Prbg.g_01454	Prae.g_01190
OG0001139	Prax	Prbg.g_01454	Prax.g_00227
OG0001139	Pras	Prbg.g_01454	Pras.g_00083
OG0001139	Prau	Prbg.g_01454	Prau.g_01233
OG0001139	Prag	Prbg.g_01454	Prag.g_01180
OG0001139	Praw	Prbg.g_01454	Praw.g_00261
OG0001139	Prao	Prbg.g_01454	Prao.g_01062
OG0001139	Prav	Prbg.g_01454	Prav.g_01854
OG0001139	Prbm	Prbg.g_01454	Prbm.g_01516
OG0001139	Praj	Prbg.g_01454	Praj.g_01430
OG0001139	Prbb	Prbg.g_01454	Prbb.g_01484
OG0001139	Prbc	Prbg.g_01454	Prbc.g_01414
OG0001139	Praf	Prbg.g_01454	Praf.g_00925
OG0001139	Prbj	Prbg.g_01454	Prbj.g_00006
OG0001139	Prbk	Prbg.g_01454	Prbk.g_00135
OG0001139	Prbl	Prbg.g_01454	Prbl.g_01116
OG0001139	Prah	Prbg.g_01454	Prah.g_01251
OG0001139	Syaq	Prbg.g_01454	Syaq.g_00194
OG0001139	Syag	Prbg.g_01454	Syag.g_01088
OG0001139	Syab	Prbg.g_01454	Syab.g_01025
OG0001139	Syal	Prbg.g_01454	Syal.g_01711
OG0001139	Syar	Prbg.g_01454	Syar.g_01980
OG0001139	Syas	Prbg.g_01454	Syas.g_01112
OG0001139	Syan	Prbg.g_01454	Syan.g_02636
OG0001139	Syao	Prbg.g_01454	Syao.g_00225
OG0001139	Syat	Prbg.g_01454	Syat.g_00209
OG0001139	Syae	Prbg.g_01454	Syae.g_00656
OG0001139	Syad	Prbg.g_01454	Syad.g_01491
OG0001139	Syaj	Prbg.g_01454	Syaj.g_00618
OG0001139	Syaa	Prbg.g_01454	Syaa.g_01000
OG0001139	Syaf	Prbg.g_01454	Syaf.g_01594
OG0001139	Syam	Prbg.g_01454	Syam.g_00896
OG0001139	Syai	Prbg.g_01454	Syai.g_01765
OG0001139	Syak	Prbg.g_01454	Syak.g_00837
OG0001139	Syac	Prbg.g_01454	Syac.g_01488
OG0001139	Syah	Prbg.g_01454	Syah.g_01419
OG0001139	Pral	Prbg.g_01454	Pral.g_01403
OG0001139	Prat	Prbg.g_01454	Prat.g_01124
OG0001139	Pram	Prbg.g_01454	Pram.g_01107
OG0001139	Prbh	Prbg.g_01454	Prbh.g_01250
OG0001139	Prap	Prbg.g_01454	Prap.g_00424
OG0001139	Prak	Prbg.g_01454	Prak.g_01140
OG0001139	Prbe	Prbg.g_01454	Prbe.g_01517
OG0001139	Prbf	Prbg.g_01454	Prbf.g_00950
OG0001139	Prbn	Prbg.g_01454	Prbn.g_00394
OG0001140	Prac	Prbg.g_01453	Prac.g_00957
OG0001140	Praq	Prbg.g_01453	Praq.g_01361
OG0001140	Prar	Prbg.g_01453	Prar.g_01235
OG0001140	Prav	Prbg.g_01453	Prav.g_01853
OG0001140	Prad	Prbg.g_01453	Prad.g_01467
OG0001140	Prag	Prbg.g_01453	Prag.g_01181
OG0001140	Praw	Prbg.g_01453	Praw.g_00262
OG0001140	Pras	Prbg.g_01453	Pras.g_00084
OG0001140	Prau	Prbg.g_01453	Prau.g_01234
OG0001140	Praa	Prbg.g_01453	Praa.g_01187
OG0001140	Prae	Prbg.g_01453	Prae.g_01191
OG0001140	Prax	Prbg.g_01453	Prax.g_00228
OG0001140	Prbd	Prbg.g_01453	Prbd.g_00496
OG0001140	Prbi	Prbg.g_01453	Prbi.g_01235
OG0001140	Prao	Prbg.g_01453	Prao.g_01061
OG0001140	Pray	Prbg.g_01453	Pray.g_00035
OG0001140	Praz	Prbg.g_01453	Praz.g_00726
OG0001140	Prba	Prbg.g_01453	Prba.g_00035
OG0001140	Prab	Prbg.g_01453	Prab.g_01247
OG0001140	Pran	Prbg.g_01453	Pran.g_00032
OG0001140	Prai	Prbg.g_01453	Prai.g_01201
OG0001140	Prbm	Prbg.g_01453	Prbm.g_01515
OG0001140	Prbc	Prbg.g_01453	Prbc.g_01413
OG0001140	Praj	Prbg.g_01453	Praj.g_01429
OG0001140	Prbb	Prbg.g_01453	Prbb.g_01483
OG0001140	Prbj	Prbg.g_01453	Prbj.g_00007
OG0001140	Prbk	Prbg.g_01453	Prbk.g_00134
OG0001140	Prbl	Prbg.g_01453	Prbl.g_01115
OG0001140	Praf	Prbg.g_01453	Praf.g_00926
OG0001140	Prah	Prbg.g_01453	Prah.g_01250
OG0001140	Syap	Prbg.g_01453	Syap.g_02134
OG0001140	Syaq	Prbg.g_01453	Syaq.g_00193
OG0001140	Syag	Prbg.g_01453	Syag.g_01087
OG0001140	Syab	Prbg.g_01453	Syab.g_01026, Syab.g_00642
OG0001140	Syal	Prbg.g_01453	Syal.g_01712
OG0001140	Syas	Prbg.g_01453	Syas.g_01111
OG0001140	Syan	Prbg.g_01453	Syan.g_02635
OG0001140	Syao	Prbg.g_01453	Syao.g_00224
OG0001140	Syar	Prbg.g_01453	Syar.g_01981
OG0001140	Syat	Prbg.g_01453	Syat.g_00208
OG0001140	Syaa	Prbg.g_01453	Syaa.g_00999
OG0001140	Syae	Prbg.g_01453	Syae.g_00657
OG0001140	Syaf	Prbg.g_01453	Syaf.g_01593
OG0001140	Syai	Prbg.g_01453	Syai.g_01766
OG0001140	Syam	Prbg.g_01453	Syam.g_00895
OG0001140	Syac	Prbg.g_01453	Syac.g_01489
OG0001140	Syah	Prbg.g_01453	Syah.g_01418
OG0001140	Syak	Prbg.g_01453	Syak.g_00836
OG0001140	Syad	Prbg.g_01453	Syad.g_01490
OG0001140	Syaj	Prbg.g_01453	Syaj.g_00617
OG0001140	Pram	Prbg.g_01453	Pram.g_01106
OG0001140	Prbh	Prbg.g_01453	Prbh.g_01249
OG0001140	Prak	Prbg.g_01453	Prak.g_01139
OG0001140	Prap	Prbg.g_01453	Prap.g_00423
OG0001140	Prbe	Prbg.g_01453	Prbe.g_01516
OG0001140	Prbf	Prbg.g_01453	Prbf.g_00951
OG0001140	Prbn	Prbg.g_01453	Prbn.g_00395
OG0001141	Prab	Prbg.g_01452	Prab.g_01248
OG0001141	Pran	Prbg.g_01452	Pran.g_00031
OG0001141	Prai	Prbg.g_01452	Prai.g_01202
OG0001141	Prad	Prbg.g_01452	Prad.g_01466
OG0001141	Prac	Prbg.g_01452	Prac.g_00956
OG0001141	Praq	Prbg.g_01452	Praq.g_01362
OG0001141	Prar	Prbg.g_01452	Prar.g_01234
OG0001141	Praa	Prbg.g_01452	Praa.g_01188
OG0001141	Pras	Prbg.g_01452	Pras.g_00085
OG0001141	Prau	Prbg.g_01452	Prau.g_01235
OG0001141	Prax	Prbg.g_01452	Prax.g_00229
OG0001141	Prae	Prbg.g_01452	Prae.g_01192
OG0001141	Prbi	Prbg.g_01452	Prbi.g_01236
OG0001141	Prbd	Prbg.g_01452	Prbd.g_00497
OG0001141	Prag	Prbg.g_01452	Prag.g_01182
OG0001141	Praw	Prbg.g_01452	Praw.g_00263
OG0001141	Prao	Prbg.g_01452	Prao.g_01060
OG0001141	Pray	Prbg.g_01452	Pray.g_00034
OG0001141	Praz	Prbg.g_01452	Praz.g_00725
OG0001141	Prba	Prbg.g_01452	Prba.g_00034
OG0001141	Prav	Prbg.g_01452	Prav.g_01852
OG0001141	Pral	Prbg.g_01452	Pral.g_01404
OG0001141	Prat	Prbg.g_01452	Prat.g_01123
OG0001141	Prbm	Prbg.g_01452	Prbm.g_01514
OG0001141	Prbb	Prbg.g_01452	Prbb.g_01482
OG0001141	Praj	Prbg.g_01452	Praj.g_01428
OG0001141	Prbc	Prbg.g_01452	Prbc.g_01412
OG0001141	Prbj	Prbg.g_01452	Prbj.g_00008
OG0001141	Prbk	Prbg.g_01452	Prbk.g_00133
OG0001141	Prbl	Prbg.g_01452	Prbl.g_01114
OG0001141	Praf	Prbg.g_01452	Praf.g_00927
OG0001141	Prah	Prbg.g_01452	Prah.g_01249
OG0001141	Syac	Prbg.g_01452	Syac.g_01490
OG0001141	Syah	Prbg.g_01452	Syah.g_01417
OG0001141	Syam	Prbg.g_01452	Syam.g_00894
OG0001141	Syaf	Prbg.g_01452	Syaf.g_01592
OG0001141	Syai	Prbg.g_01452	Syai.g_01767
OG0001141	Syaa	Prbg.g_01452	Syaa.g_00998
OG0001141	Syae	Prbg.g_01452	Syae.g_00658
OG0001141	Syad	Prbg.g_01452	Syad.g_01489
OG0001141	Syaj	Prbg.g_01452	Syaj.g_00616
OG0001141	Syak	Prbg.g_01452	Syak.g_00835
OG0001141	Syab	Prbg.g_01452	Syab.g_01027
OG0001141	Syal	Prbg.g_01452	Syal.g_01713
OG0001141	Syag	Prbg.g_01452	Syag.g_01086
OG0001141	Syaq	Prbg.g_01452	Syaq.g_00192
OG0001141	Syar	Prbg.g_01452	Syar.g_01982
OG0001141	Syas	Prbg.g_01452	Syas.g_01110
OG0001141	Syan	Prbg.g_01452	Syan.g_02625
OG0001141	Syao	Prbg.g_01452	Syao.g_00254
OG0001141	Syat	Prbg.g_01452	Syat.g_00207
OG0001141	Pram	Prbg.g_01452	Pram.g_01105
OG0001141	Prbh	Prbg.g_01452	Prbh.g_01248
OG0001141	Prap	Prbg.g_01452	Prap.g_00422
OG0001141	Prak	Prbg.g_01452	Prak.g_01138
OG0001141	Prbe	Prbg.g_01452	Prbe.g_01515
OG0001141	Prbf	Prbg.g_01452	Prbf.g_00952
OG0001141	Prbn	Prbg.g_01452	Prbn.g_00396
OG0001142	Prao	Prbg.g_01451	Prao.g_01059
OG0001142	Prad	Prbg.g_01451	Prad.g_01465
OG0001142	Prag	Prbg.g_01451	Prag.g_01183
OG0001142	Praw	Prbg.g_01451	Praw.g_00264
OG0001142	Prav	Prbg.g_01451	Prav.g_01851
OG0001142	Pray	Prbg.g_01451	Pray.g_00033
OG0001142	Praz	Prbg.g_01451	Praz.g_00724
OG0001142	Prba	Prbg.g_01451	Prba.g_00033
OG0001142	Prac	Prbg.g_01451	Prac.g_00955
OG0001142	Praq	Prbg.g_01451	Praq.g_01363
OG0001142	Prar	Prbg.g_01451	Prar.g_01233
OG0001142	Prbd	Prbg.g_01451	Prbd.g_00498
OG0001142	Prae	Prbg.g_01451	Prae.g_01193
OG0001142	Prax	Prbg.g_01451	Prax.g_00230
OG0001142	Prbi	Prbg.g_01451	Prbi.g_01237
OG0001142	Praa	Prbg.g_01451	Praa.g_01189
OG0001142	Pras	Prbg.g_01451	Pras.g_00086
OG0001142	Prau	Prbg.g_01451	Prau.g_01236
OG0001142	Prab	Prbg.g_01451	Prab.g_01249
OG0001142	Pran	Prbg.g_01451	Pran.g_00030
OG0001142	Prai	Prbg.g_01451	Prai.g_01203
OG0001142	Praj	Prbg.g_01451	Praj.g_01427
OG0001142	Prbb	Prbg.g_01451	Prbb.g_01481
OG0001142	Prbc	Prbg.g_01451	Prbc.g_01411
OG0001142	Prbm	Prbg.g_01451	Prbm.g_01513
OG0001142	Pral	Prbg.g_01451	Pral.g_01405
OG0001142	Prat	Prbg.g_01451	Prat.g_01122
OG0001142	Praf	Prbg.g_01451	Praf.g_00928
OG0001142	Prbj	Prbg.g_01451	Prbj.g_00009
OG0001142	Prbk	Prbg.g_01451	Prbk.g_00132
OG0001142	Prbl	Prbg.g_01451	Prbl.g_01113
OG0001142	Prah	Prbg.g_01451	Prah.g_01248
OG0001142	Syaq	Prbg.g_01451	Syaq.g_00191
OG0001142	Syae	Prbg.g_01451	Syae.g_00660
OG0001142	Syac	Prbg.g_01451	Syac.g_01491
OG0001142	Syah	Prbg.g_01451	Syah.g_01416
OG0001142	Syam	Prbg.g_01451	Syam.g_00892
OG0001142	Syai	Prbg.g_01451	Syai.g_01768
OG0001142	Syaf	Prbg.g_01451	Syaf.g_01591
OG0001142	Syad	Prbg.g_01451	Syad.g_01488
OG0001142	Syaj	Prbg.g_01451	Syaj.g_00615
OG0001142	Syaa	Prbg.g_01451	Syaa.g_00997
OG0001142	Syan	Prbg.g_01451	Syan.g_02624
OG0001142	Syao	Prbg.g_01451	Syao.g_00253
OG0001142	Syak	Prbg.g_01451	Syak.g_00834
OG0001142	Syat	Prbg.g_01451	Syat.g_00206
OG0001142	Syag	Prbg.g_01451	Syag.g_01085
OG0001142	Syab	Prbg.g_01451	Syab.g_01028
OG0001142	Syal	Prbg.g_01451	Syal.g_01714
OG0001142	Syar	Prbg.g_01451	Syar.g_01983
OG0001142	Syas	Prbg.g_01451	Syas.g_01109
OG0001142	Pram	Prbg.g_01451	Pram.g_01104
OG0001142	Prbh	Prbg.g_01451	Prbh.g_01247
OG0001142	Prak	Prbg.g_01451	Prak.g_01137
OG0001142	Prap	Prbg.g_01451	Prap.g_00421
OG0001142	Prbe	Prbg.g_01451	Prbe.g_01514
OG0001142	Prbf	Prbg.g_01451	Prbf.g_00953
OG0001142	Prbn	Prbg.g_01451	Prbn.g_00397
OG0001143	Prab	Prbg.g_01444	Prab.g_01256
OG0001143	Pran	Prbg.g_01444	Pran.g_00023
OG0001143	Prai	Prbg.g_01444	Prai.g_01210
OG0001143	Prac	Prbg.g_01444	Prac.g_00948
OG0001143	Praq	Prbg.g_01444	Praq.g_01370
OG0001143	Prar	Prbg.g_01444	Prar.g_01226
OG0001143	Pray	Prbg.g_01444	Pray.g_00026
OG0001143	Praz	Prbg.g_01444	Praz.g_00717
OG0001143	Prba	Prbg.g_01444	Prba.g_00026
OG0001143	Praa	Prbg.g_01444	Praa.g_01196
OG0001143	Prao	Prbg.g_01444	Prao.g_01052
OG0001143	Prae	Prbg.g_01444	Prae.g_01200
OG0001143	Prad	Prbg.g_01444	Prad.g_01458
OG0001143	Prbd	Prbg.g_01444	Prbd.g_00505
OG0001143	Prax	Prbg.g_01444	Prax.g_00237
OG0001143	Prbi	Prbg.g_01444	Prbi.g_01244
OG0001143	Pras	Prbg.g_01444	Pras.g_00093
OG0001143	Prau	Prbg.g_01444	Prau.g_01243
OG0001143	Prag	Prbg.g_01444	Prag.g_01190
OG0001143	Praw	Prbg.g_01444	Praw.g_00271
OG0001143	Prav	Prbg.g_01444	Prav.g_01844
OG0001143	Pral	Prbg.g_01444	Pral.g_01412
OG0001143	Prat	Prbg.g_01444	Prat.g_01115
OG0001143	Prbm	Prbg.g_01444	Prbm.g_01506
OG0001143	Praj	Prbg.g_01444	Praj.g_01420
OG0001143	Prbb	Prbg.g_01444	Prbb.g_01474
OG0001143	Prbc	Prbg.g_01444	Prbc.g_01404
OG0001143	Prbj	Prbg.g_01444	Prbj.g_01907
OG0001143	Prbk	Prbg.g_01444	Prbk.g_01504
OG0001143	Prbl	Prbg.g_01444	Prbl.g_01376
OG0001143	Praf	Prbg.g_01444	Praf.g_00912
OG0001143	Prah	Prbg.g_01444	Prah.g_01264
OG0001143	Syak	Prbg.g_01444	Syak.g_00826
OG0001143	Syab	Prbg.g_01444	Syab.g_01037
OG0001143	Syal	Prbg.g_01444	Syal.g_01722
OG0001143	Syad	Prbg.g_01444	Syad.g_01473
OG0001143	Syaj	Prbg.g_01444	Syaj.g_00602
OG0001143	Syac	Prbg.g_01444	Syac.g_01499
OG0001143	Syah	Prbg.g_01444	Syah.g_01408
OG0001143	Syaa	Prbg.g_01444	Syaa.g_00987
OG0001143	Syae	Prbg.g_01444	Syae.g_00673
OG0001143	Syaf	Prbg.g_01444	Syaf.g_01583
OG0001143	Syai	Prbg.g_01444	Syai.g_01778
OG0001143	Syam	Prbg.g_01444	Syam.g_00883
OG0001143	Syag	Prbg.g_01444	Syag.g_01077
OG0001143	Syaq	Prbg.g_01444	Syaq.g_00182
OG0001143	Syan	Prbg.g_01444	Syan.g_02616
OG0001143	Syao	Prbg.g_01444	Syao.g_00243
OG0001143	Syar	Prbg.g_01444	Syar.g_01698
OG0001143	Syas	Prbg.g_01444	Syas.g_01092
OG0001143	Syat	Prbg.g_01444	Syat.g_00925
OG0001143	Pram	Prbg.g_01444	Pram.g_01097
OG0001143	Prbh	Prbg.g_01444	Prbh.g_01240
OG0001143	Prak	Prbg.g_01444	Prak.g_01130
OG0001143	Prap	Prbg.g_01444	Prap.g_00414
OG0001143	Prbe	Prbg.g_01444	Prbe.g_01507
OG0001143	Prbf	Prbg.g_01444	Prbf.g_00960
OG0001143	Prbn	Prbg.g_01444	Prbn.g_00404
OG0001144	Prab	Prbg.g_01439	Prab.g_01261
OG0001144	Pran	Prbg.g_01439	Pran.g_00018
OG0001144	Prai	Prbg.g_01439	Prai.g_01215
OG0001144	Prav	Prbg.g_01439	Prav.g_01839
OG0001144	Prag	Prbg.g_01439	Prag.g_01195
OG0001144	Praw	Prbg.g_01439	Praw.g_00276
OG0001144	Prac	Prbg.g_01439	Prac.g_00943
OG0001144	Praq	Prbg.g_01439	Praq.g_01375
OG0001144	Prar	Prbg.g_01439	Prar.g_01221
OG0001144	Prad	Prbg.g_01439	Prad.g_01453
OG0001144	Praa	Prbg.g_01439	Praa.g_01201
OG0001144	Prao	Prbg.g_01439	Prao.g_01047
OG0001144	Pras	Prbg.g_01439	Pras.g_00099
OG0001144	Prau	Prbg.g_01439	Prau.g_01248
OG0001144	Prae	Prbg.g_01439	Prae.g_01205
OG0001144	Prbd	Prbg.g_01439	Prbd.g_00510
OG0001144	Prax	Prbg.g_01439	Prax.g_00242
OG0001144	Prbi	Prbg.g_01439	Prbi.g_01249
OG0001144	Pray	Prbg.g_01439	Pray.g_00021
OG0001144	Praz	Prbg.g_01439	Praz.g_00712
OG0001144	Prba	Prbg.g_01439	Prba.g_00021
OG0001144	Prbm	Prbg.g_01439	Prbm.g_01501
OG0001144	Prbb	Prbg.g_01439	Prbb.g_01469
OG0001144	Praj	Prbg.g_01439	Praj.g_01415
OG0001144	Prbc	Prbg.g_01439	Prbc.g_01399
OG0001144	Prbj	Prbg.g_01439	Prbj.g_02153
OG0001144	Prbk	Prbg.g_01439	Prbk.g_00188
OG0001144	Prbl	Prbg.g_01439	Prbl.g_02580
OG0001144	Praf	Prbg.g_01439	Praf.g_00904
OG0001144	Prah	Prbg.g_01439	Prah.g_01273
OG0001144	Syan	Prbg.g_01439	Syan.g_02596
OG0001144	Syao	Prbg.g_01439	Syao.g_00276
OG0001144	Syar	Prbg.g_01439	Syar.g_01707
OG0001144	Syas	Prbg.g_01439	Syas.g_01084
OG0001144	Syat	Prbg.g_01439	Syat.g_00906
OG0001144	Syad	Prbg.g_01439	Syad.g_01457
OG0001144	Syaj	Prbg.g_01439	Syaj.g_00588
OG0001144	Syae	Prbg.g_01439	Syae.g_00684
OG0001144	Syaa	Prbg.g_01439	Syaa.g_00978
OG0001144	Syac	Prbg.g_01439	Syac.g_01508
OG0001144	Syah	Prbg.g_01439	Syah.g_01399
OG0001144	Syaf	Prbg.g_01439	Syaf.g_01573
OG0001144	Syai	Prbg.g_01439	Syai.g_01788
OG0001144	Syam	Prbg.g_01439	Syam.g_00873
OG0001144	Syab	Prbg.g_01439	Syab.g_01052
OG0001144	Syal	Prbg.g_01439	Syal.g_01736
OG0001144	Syak	Prbg.g_01439	Syak.g_00815
OG0001144	Syag	Prbg.g_01439	Syag.g_01064
OG0001144	Syaq	Prbg.g_01439	Syaq.g_00166
OG0001144	Pral	Prbg.g_01439	Pral.g_01417
OG0001144	Prat	Prbg.g_01439	Prat.g_01110
OG0001144	Pram	Prbg.g_01439	Pram.g_01092
OG0001144	Prbh	Prbg.g_01439	Prbh.g_01235
OG0001144	Prbn	Prbg.g_01439	Prbn.g_00409
OG0001144	Prak	Prbg.g_01439	Prak.g_01125
OG0001144	Prap	Prbg.g_01439	Prap.g_00409
OG0001144	Prbe	Prbg.g_01439	Prbe.g_01502
OG0001144	Prbf	Prbg.g_01439	Prbf.g_00965
OG0001145	Prab	Prbg.g_00469	Prab.g_01318
OG0001145	Pran	Prbg.g_00469	Pran.g_00884
OG0001145	Prai	Prbg.g_00469	Prai.g_01326
OG0001145	Pras	Prbg.g_00469	Pras.g_00200
OG0001145	Prau	Prbg.g_00469	Prau.g_01362
OG0001145	Prav	Prbg.g_00469	Prav.g_01430
OG0001145	Prae	Prbg.g_00469	Prae.g_01320
OG0001145	Prad	Prbg.g_00469	Prad.g_00362
OG0001145	Prac	Prbg.g_00469	Prac.g_00167
OG0001145	Praq	Prbg.g_00469	Praq.g_00125
OG0001145	Prar	Prbg.g_00469	Prar.g_00963
OG0001145	Prax	Prbg.g_00469	Prax.g_01907
OG0001145	Pray	Prbg.g_00469	Pray.g_01878
OG0001145	Praz	Prbg.g_00469	Praz.g_01188
OG0001145	Prba	Prbg.g_00469	Prba.g_01184
OG0001145	Praa	Prbg.g_00469	Praa.g_01310
OG0001145	Prbd	Prbg.g_00469	Prbd.g_01809
OG0001145	Prao	Prbg.g_00469	Prao.g_01284
OG0001145	Prbi	Prbg.g_00469	Prbi.g_01383
OG0001145	Prag	Prbg.g_00469	Prag.g_01345
OG0001145	Praw	Prbg.g_00469	Praw.g_00971
OG0001145	Prbm	Prbg.g_00469	Prbm.g_01603
OG0001145	Prbc	Prbg.g_00469	Prbc.g_00558
OG0001145	Praj	Prbg.g_00469	Praj.g_01520
OG0001145	Prbb	Prbg.g_00469	Prbb.g_01578
OG0001145	Prbj	Prbg.g_00469	Prbj.g_01717
OG0001145	Prbk	Prbg.g_00469	Prbk.g_01194
OG0001145	Prbl	Prbg.g_00469	Prbl.g_01711
OG0001145	Praf	Prbg.g_00469	Praf.g_00806
OG0001145	Prah	Prbg.g_00469	Prah.g_01353
OG0001145	Syas	Prbg.g_00469	Syas.g_02867
OG0001145	Syan	Prbg.g_00469	Syan.g_01200
OG0001145	Syao	Prbg.g_00469	Syao.g_01446
OG0001145	Syat	Prbg.g_00469	Syat.g_01117
OG0001145	Syar	Prbg.g_00469	Syar.g_02769
OG0001145	Syal	Prbg.g_00469	Syal.g_01614
OG0001145	Syab	Prbg.g_00469	Syab.g_00928
OG0001145	Syag	Prbg.g_00469	Syag.g_01169
OG0001145	Syaf	Prbg.g_00469	Syaf.g_01267
OG0001145	Syai	Prbg.g_00469	Syai.g_02165
OG0001145	Syad	Prbg.g_00469	Syad.g_01112
OG0001145	Syaj	Prbg.g_00469	Syaj.g_00276
OG0001145	Syak	Prbg.g_00469	Syak.g_00922
OG0001145	Syaq	Prbg.g_00469	Syaq.g_00284
OG0001145	Syac	Prbg.g_00469	Syac.g_00740
OG0001145	Syah	Prbg.g_00469	Syah.g_02188
OG0001145	Syam	Prbg.g_00469	Syam.g_01817
OG0001145	Syaa	Prbg.g_00469	Syaa.g_00748
OG0001145	Syae	Prbg.g_00469	Syae.g_00948
OG0001145	Pral	Prbg.g_00469	Pral.g_01289
OG0001145	Prat	Prbg.g_00469	Prat.g_01241
OG0001145	Pram	Prbg.g_00469	Pram.g_01222
OG0001145	Prbh	Prbg.g_00469	Prbh.g_01365
OG0001145	Prap	Prbg.g_00469	Prap.g_00553
OG0001145	Prbe	Prbg.g_00469	Prbe.g_00901
OG0001145	Prbf	Prbg.g_00469	Prbf.g_00034
OG0001145	Prbn	Prbg.g_00469	Prbn.g_01092
OG0001145	Prak	Prbg.g_00469	Prak.g_01269
OG0001146	Prav	Prbg.g_00481	Prav.g_01442
OG0001146	Prag	Prbg.g_00481	Prag.g_01359
OG0001146	Praw	Prbg.g_00481	Praw.g_00985
OG0001146	Prab	Prbg.g_00481	Prab.g_01330
OG0001146	Pran	Prbg.g_00481	Pran.g_00872
OG0001146	Prai	Prbg.g_00481	Prai.g_01339
OG0001146	Prac	Prbg.g_00481	Prac.g_00179
OG0001146	Praq	Prbg.g_00481	Praq.g_00137
OG0001146	Prar	Prbg.g_00481	Prar.g_00951
OG0001146	Pray	Prbg.g_00481	Pray.g_01866
OG0001146	Praz	Prbg.g_00481	Praz.g_01176
OG0001146	Prba	Prbg.g_00481	Prba.g_01196
OG0001146	Pras	Prbg.g_00481	Pras.g_00213
OG0001146	Prau	Prbg.g_00481	Prau.g_01375
OG0001146	Prbi	Prbg.g_00481	Prbi.g_01395
OG0001146	Prae	Prbg.g_00481	Prae.g_01333
OG0001146	Prad	Prbg.g_00481	Prad.g_00624
OG0001146	Prax	Prbg.g_00481	Prax.g_01895
OG0001146	Prbd	Prbg.g_00481	Prbd.g_01797
OG0001146	Praa	Prbg.g_00481	Praa.g_01322
OG0001146	Prao	Prbg.g_00481	Prao.g_01272
OG0001146	Prbm	Prbg.g_00481	Prbm.g_01615
OG0001146	Praj	Prbg.g_00481	Praj.g_01532
OG0001146	Prbb	Prbg.g_00481	Prbb.g_01590
OG0001146	Prbc	Prbg.g_00481	Prbc.g_00570
OG0001146	Prah	Prbg.g_00481	Prah.g_01369
OG0001146	Praf	Prbg.g_00481	Praf.g_00790
OG0001146	Prbj	Prbg.g_00481	Prbj.g_01733
OG0001146	Prbk	Prbg.g_00481	Prbk.g_01178
OG0001146	Prbl	Prbg.g_00481	Prbl.g_01727
OG0001146	Syar	Prbg.g_00481	Syar.g_02782
OG0001146	Syan	Prbg.g_00481	Syan.g_01219
OG0001146	Syao	Prbg.g_00481	Syao.g_01455
OG0001146	Syas	Prbg.g_00481	Syas.g_02846
OG0001146	Syat	Prbg.g_00481	Syat.g_01158
OG0001146	Syag	Prbg.g_00481	Syag.g_01218
OG0001146	Syaq	Prbg.g_00481	Syaq.g_00305
OG0001146	Syak	Prbg.g_00481	Syak.g_00943
OG0001146	Syab	Prbg.g_00481	Syab.g_00907
OG0001146	Syal	Prbg.g_00481	Syal.g_01593
OG0001146	Syaa	Prbg.g_00481	Syaa.g_00729
OG0001146	Syac	Prbg.g_00481	Syac.g_00722
OG0001146	Syah	Prbg.g_00481	Syah.g_02206
OG0001146	Syaf	Prbg.g_00481	Syaf.g_01248
OG0001146	Syai	Prbg.g_00481	Syai.g_02185
OG0001146	Syam	Prbg.g_00481	Syam.g_01836
OG0001146	Syae	Prbg.g_00481	Syae.g_00968
OG0001146	Syad	Prbg.g_00481	Syad.g_02412
OG0001146	Syaj	Prbg.g_00481	Syaj.g_01518
OG0001146	Pral	Prbg.g_00481	Pral.g_01277
OG0001146	Prat	Prbg.g_00481	Prat.g_01253
OG0001146	Pram	Prbg.g_00481	Pram.g_01234
OG0001146	Prbh	Prbg.g_00481	Prbh.g_01377
OG0001146	Prak	Prbg.g_00481	Prak.g_01281
OG0001146	Prbn	Prbg.g_00481	Prbn.g_01080
OG0001146	Prbf	Prbg.g_00481	Prbf.g_00022
OG0001146	Prap	Prbg.g_00481	Prap.g_00565
OG0001146	Prbe	Prbg.g_00481	Prbe.g_00889
OG0001147	Pray	Prbg.g_00501	Pray.g_01843
OG0001147	Praz	Prbg.g_00501	Praz.g_01153
OG0001147	Prba	Prbg.g_00501	Prba.g_00210
OG0001147	Prab	Prbg.g_00501	Prab.g_01347
OG0001147	Pran	Prbg.g_00501	Pran.g_00854
OG0001147	Prac	Prbg.g_00501	Prac.g_00203
OG0001147	Praq	Prbg.g_00501	Praq.g_00161
OG0001147	Prar	Prbg.g_00501	Prar.g_00925
OG0001147	Prai	Prbg.g_00501	Prai.g_01357
OG0001147	Prad	Prbg.g_00501	Prad.g_00608
OG0001147	Praa	Prbg.g_00501	Praa.g_01352
OG0001147	Prbd	Prbg.g_00501	Prbd.g_01778
OG0001147	Pras	Prbg.g_00501	Pras.g_00236
OG0001147	Prau	Prbg.g_00501	Prau.g_01395
OG0001147	Prbi	Prbg.g_00501	Prbi.g_01425
OG0001147	Prax	Prbg.g_00501	Prax.g_01877
OG0001147	Prae	Prbg.g_00501	Prae.g_01354
OG0001147	Prag	Prbg.g_00501	Prag.g_01375
OG0001147	Praw	Prbg.g_00501	Praw.g_01001
OG0001147	Prav	Prbg.g_00501	Prav.g_01459
OG0001147	Prao	Prbg.g_00501	Prao.g_01253
OG0001147	Prbm	Prbg.g_00501	Prbm.g_01634
OG0001147	Prbc	Prbg.g_00501	Prbc.g_00589
OG0001147	Praj	Prbg.g_00501	Praj.g_01550
OG0001147	Prbb	Prbg.g_00501	Prbb.g_01612
OG0001147	Prat	Prbg.g_00501	Prat.g_01287
OG0001147	Prbj	Prbg.g_00501	Prbj.g_00121
OG0001147	Prbk	Prbg.g_00501	Prbk.g_02120
OG0001147	Prbl	Prbg.g_00501	Prbl.g_01333
OG0001147	Praf	Prbg.g_00501	Praf.g_01897
OG0001147	Prah	Prbg.g_00501	Prah.g_00323
OG0001147	Syac	Prbg.g_00501	Syac.g_01689
OG0001147	Syah	Prbg.g_00501	Syah.g_01234
OG0001147	Syak	Prbg.g_00501	Syak.g_01113
OG0001147	Syae	Prbg.g_00501	Syae.g_02536
OG0001147	Syaq	Prbg.g_00501	Syaq.g_00438
OG0001147	Syab	Prbg.g_00501	Syab.g_00716
OG0001147	Syal	Prbg.g_00501	Syal.g_00458
OG0001147	Syag	Prbg.g_00501	Syag.g_01360
OG0001147	Syai	Prbg.g_00501	Syai.g_00869
OG0001147	Syaf	Prbg.g_00501	Syaf.g_02489
OG0001147	Syad	Prbg.g_00501	Syad.g_02349
OG0001147	Syaj	Prbg.g_00501	Syaj.g_01438
OG0001147	Syaa	Prbg.g_00501	Syaa.g_01837
OG0001147	Syam	Prbg.g_00501	Syam.g_01665
OG0001147	Syas	Prbg.g_00501	Syas.g_01329
OG0001147	Syar	Prbg.g_00501	Syar.g_01276
OG0001147	Syat	Prbg.g_00501	Syat.g_01368
OG0001147	Syan	Prbg.g_00501	Syan.g_02842
OG0001147	Syao	Prbg.g_00501	Syao.g_00095
OG0001147	Pral	Prbg.g_00501	Pral.g_01235
OG0001147	Pram	Prbg.g_00501	Pram.g_01475
OG0001147	Prbh	Prbg.g_00501	Prbh.g_00002
OG0001147	Prak	Prbg.g_00501	Prak.g_01301
OG0001147	Prap	Prbg.g_00501	Prap.g_00585
OG0001147	Prbe	Prbg.g_00501	Prbe.g_00869
OG0001147	Prbf	Prbg.g_00501	Prbf.g_00002
OG0001147	Prbn	Prbg.g_00501	Prbn.g_01060
OG0001148	Prab	Prbg.g_00531	Prab.g_01362
OG0001148	Pran	Prbg.g_00531	Pran.g_00839
OG0001148	Prai	Prbg.g_00531	Prai.g_01372
OG0001148	Prac	Prbg.g_00531	Prac.g_00219
OG0001148	Praq	Prbg.g_00531	Praq.g_00179
OG0001148	Prar	Prbg.g_00531	Prar.g_00909
OG0001148	Prav	Prbg.g_00531	Prav.g_01475
OG0001148	Prag	Prbg.g_00531	Prag.g_01391
OG0001148	Praw	Prbg.g_00531	Praw.g_01018
OG0001148	Prad	Prbg.g_00531	Prad.g_00592
OG0001148	Pray	Prbg.g_00531	Pray.g_01827
OG0001148	Praz	Prbg.g_00531	Praz.g_01137
OG0001148	Prba	Prbg.g_00531	Prba.g_00194
OG0001148	Prao	Prbg.g_00531	Prao.g_01237
OG0001148	Prae	Prbg.g_00531	Prae.g_01370
OG0001148	Prbi	Prbg.g_00531	Prbi.g_01441
OG0001148	Prbd	Prbg.g_00531	Prbd.g_01762
OG0001148	Prax	Prbg.g_00531	Prax.g_01861
OG0001148	Praa	Prbg.g_00531	Praa.g_01368
OG0001148	Pras	Prbg.g_00531	Pras.g_00252
OG0001148	Prau	Prbg.g_00531	Prau.g_01411
OG0001148	Praj	Prbg.g_00531	Praj.g_01577
OG0001148	Prbc	Prbg.g_00531	Prbc.g_00659
OG0001148	Prbb	Prbg.g_00531	Prbb.g_01641
OG0001148	Prbm	Prbg.g_00531	Prbm.g_01662
OG0001148	Prbj	Prbg.g_00531	Prbj.g_01640
OG0001148	Prbk	Prbg.g_00531	Prbk.g_02051
OG0001148	Prbl	Prbg.g_00531	Prbl.g_00501
OG0001148	Praf	Prbg.g_00531	Praf.g_00582
OG0001148	Prah	Prbg.g_00531	Prah.g_01577
OG0001148	Syan	Prbg.g_00531	Syan.g_02775
OG0001148	Syao	Prbg.g_00531	Syao.g_00038
OG0001148	Syat	Prbg.g_00531	Syat.g_01297
OG0001148	Syas	Prbg.g_00531	Syas.g_01263
OG0001148	Syar	Prbg.g_00531	Syar.g_01459
OG0001148	Syag	Prbg.g_00531	Syag.g_01539
OG0001148	Syaq	Prbg.g_00531	Syaq.g_01761
OG0001148	Syak	Prbg.g_00531	Syak.g_02563
OG0001148	Syab	Prbg.g_00531	Syab.g_02085
OG0001148	Syal	Prbg.g_00531	Syal.g_02886
OG0001148	Syae	Prbg.g_00531	Syae.g_02297
OG0001148	Syac	Prbg.g_00531	Syac.g_01918
OG0001148	Syah	Prbg.g_00531	Syah.g_00984
OG0001148	Syaa	Prbg.g_00531	Syaa.g_02061
OG0001148	Syaf	Prbg.g_00531	Syaf.g_02735
OG0001148	Syai	Prbg.g_00531	Syai.g_00626
OG0001148	Syam	Prbg.g_00531	Syam.g_00573
OG0001148	Syad	Prbg.g_00531	Syad.g_00889
OG0001148	Syaj	Prbg.g_00531	Syaj.g_00057
OG0001148	Pral	Prbg.g_00531	Pral.g_01220
OG0001148	Prat	Prbg.g_00531	Prat.g_01293
OG0001148	Pram	Prbg.g_00531	Pram.g_01466
OG0001148	Prbh	Prbg.g_00531	Prbh.g_00011
OG0001148	Prbn	Prbg.g_00531	Prbn.g_01242
OG0001148	Prak	Prbg.g_00531	Prak.g_01331
OG0001148	Prap	Prbg.g_00531	Prap.g_00061
OG0001148	Prbe	Prbg.g_00531	Prbe.g_00371
OG0001148	Prbf	Prbg.g_00531	Prbf.g_00097
OG0001149	Prab	Prbg.g_00532	Prab.g_01363
OG0001149	Pran	Prbg.g_00532	Pran.g_00838
OG0001149	Prai	Prbg.g_00532	Prai.g_01373
OG0001149	Prao	Prbg.g_00532	Prao.g_01236
OG0001149	Prac	Prbg.g_00532	Prac.g_00220
OG0001149	Praq	Prbg.g_00532	Praq.g_00180
OG0001149	Prar	Prbg.g_00532	Prar.g_00908
OG0001149	Prad	Prbg.g_00532	Prad.g_00591
OG0001149	Prag	Prbg.g_00532	Prag.g_01392
OG0001149	Praw	Prbg.g_00532	Praw.g_01019
OG0001149	Prav	Prbg.g_00532	Prav.g_01476
OG0001149	Pray	Prbg.g_00532	Pray.g_01826
OG0001149	Praz	Prbg.g_00532	Praz.g_01136
OG0001149	Prba	Prbg.g_00532	Prba.g_00193
OG0001149	Pras	Prbg.g_00532	Pras.g_00253
OG0001149	Prau	Prbg.g_00532	Prau.g_01412
OG0001149	Prae	Prbg.g_00532	Prae.g_01371
OG0001149	Praa	Prbg.g_00532	Praa.g_01369
OG0001149	Prbi	Prbg.g_00532	Prbi.g_01442
OG0001149	Prax	Prbg.g_00532	Prax.g_01860
OG0001149	Prbd	Prbg.g_00532	Prbd.g_01761
OG0001149	Prbc	Prbg.g_00532	Prbc.g_00660
OG0001149	Praj	Prbg.g_00532	Praj.g_01578
OG0001149	Prbb	Prbg.g_00532	Prbb.g_01642
OG0001149	Prbm	Prbg.g_00532	Prbm.g_01663
OG0001149	Pral	Prbg.g_00532	Pral.g_01219
OG0001149	Prat	Prbg.g_00532	Prat.g_01294
OG0001149	Prah	Prbg.g_00532	Prah.g_01578
OG0001149	Praf	Prbg.g_00532	Praf.g_00581
OG0001149	Prbj	Prbg.g_00532	Prbj.g_01641
OG0001149	Prbk	Prbg.g_00532	Prbk.g_02050
OG0001149	Prbl	Prbg.g_00532	Prbl.g_00500
OG0001149	Syaa	Prbg.g_00532	Syaa.g_02062
OG0001149	Syac	Prbg.g_00532	Syac.g_01919
OG0001149	Syah	Prbg.g_00532	Syah.g_00983
OG0001149	Syaf	Prbg.g_00532	Syaf.g_02736
OG0001149	Syai	Prbg.g_00532	Syai.g_00625
OG0001149	Syam	Prbg.g_00532	Syam.g_00572
OG0001149	Syae	Prbg.g_00532	Syae.g_02296
OG0001149	Syad	Prbg.g_00532	Syad.g_00888
OG0001149	Syaj	Prbg.g_00532	Syaj.g_00056
OG0001149	Syar	Prbg.g_00532	Syar.g_01458
OG0001149	Syas	Prbg.g_00532	Syas.g_01264
OG0001149	Syat	Prbg.g_00532	Syat.g_01298
OG0001149	Syan	Prbg.g_00532	Syan.g_02776
OG0001149	Syao	Prbg.g_00532	Syao.g_00039
OG0001149	Syak	Prbg.g_00532	Syak.g_02562
OG0001149	Syab	Prbg.g_00532	Syab.g_02084
OG0001149	Syal	Prbg.g_00532	Syal.g_02885
OG0001149	Syag	Prbg.g_00532	Syag.g_01540
OG0001149	Syaq	Prbg.g_00532	Syaq.g_01760
OG0001149	Pram	Prbg.g_00532	Pram.g_01465
OG0001149	Prbh	Prbg.g_00532	Prbh.g_00012
OG0001149	Prak	Prbg.g_00532	Prak.g_01332
OG0001149	Prap	Prbg.g_00532	Prap.g_00062
OG0001149	Prbe	Prbg.g_00532	Prbe.g_00370
OG0001149	Prbf	Prbg.g_00532	Prbf.g_00098
OG0001149	Prbn	Prbg.g_00532	Prbn.g_00153
OG0001150	Prai	Prbg.g_00533	Prai.g_01374
OG0001150	Prab	Prbg.g_00533	Prab.g_01364
OG0001150	Pran	Prbg.g_00533	Pran.g_00837
OG0001150	Pray	Prbg.g_00533	Pray.g_01825
OG0001150	Praz	Prbg.g_00533	Praz.g_01135
OG0001150	Prba	Prbg.g_00533	Prba.g_00192
OG0001150	Prac	Prbg.g_00533	Prac.g_00221
OG0001150	Praq	Prbg.g_00533	Praq.g_00181
OG0001150	Prar	Prbg.g_00533	Prar.g_00907
OG0001150	Prad	Prbg.g_00533	Prad.g_00590
OG0001150	Prax	Prbg.g_00533	Prax.g_01859
OG0001150	Prbd	Prbg.g_00533	Prbd.g_01760
OG0001150	Praa	Prbg.g_00533	Praa.g_01370
OG0001150	Prae	Prbg.g_00533	Prae.g_01372
OG0001150	Prao	Prbg.g_00533	Prao.g_01235
OG0001150	Prbi	Prbg.g_00533	Prbi.g_01443
OG0001150	Prag	Prbg.g_00533	Prag.g_01393
OG0001150	Praw	Prbg.g_00533	Praw.g_01020
OG0001150	Prav	Prbg.g_00533	Prav.g_01477
OG0001150	Pras	Prbg.g_00533	Pras.g_00254
OG0001150	Prau	Prbg.g_00533	Prau.g_01413
OG0001150	Praj	Prbg.g_00533	Praj.g_01579
OG0001150	Prbb	Prbg.g_00533	Prbb.g_01643
OG0001150	Prbc	Prbg.g_00533	Prbc.g_00661
OG0001150	Prbm	Prbg.g_00533	Prbm.g_01664
OG0001150	Prbj	Prbg.g_00533	Prbj.g_01642
OG0001150	Prbk	Prbg.g_00533	Prbk.g_02049
OG0001150	Prbl	Prbg.g_00533	Prbl.g_00499
OG0001150	Praf	Prbg.g_00533	Praf.g_00580
OG0001150	Prah	Prbg.g_00533	Prah.g_01579
OG0001150	Syag	Prbg.g_00533	Syag.g_01541
OG0001150	Syaq	Prbg.g_00533	Syaq.g_01759
OG0001150	Syak	Prbg.g_00533	Syak.g_02561
OG0001150	Syab	Prbg.g_00533	Syab.g_02083
OG0001150	Syal	Prbg.g_00533	Syal.g_02884
OG0001150	Syas	Prbg.g_00533	Syas.g_01265
OG0001150	Syar	Prbg.g_00533	Syar.g_01457
OG0001150	Syat	Prbg.g_00533	Syat.g_01299
OG0001150	Syan	Prbg.g_00533	Syan.g_02777
OG0001150	Syao	Prbg.g_00533	Syao.g_00040
OG0001150	Syaa	Prbg.g_00533	Syaa.g_02063
OG0001150	Syac	Prbg.g_00533	Syac.g_01920
OG0001150	Syah	Prbg.g_00533	Syah.g_00982
OG0001150	Syaf	Prbg.g_00533	Syaf.g_02737
OG0001150	Syai	Prbg.g_00533	Syai.g_00624
OG0001150	Syam	Prbg.g_00533	Syam.g_00571
OG0001150	Syae	Prbg.g_00533	Syae.g_02295
OG0001150	Syad	Prbg.g_00533	Syad.g_00887
OG0001150	Syaj	Prbg.g_00533	Syaj.g_00055
OG0001150	Pral	Prbg.g_00533	Pral.g_01218
OG0001150	Prat	Prbg.g_00533	Prat.g_01295
OG0001150	Pram	Prbg.g_00533	Pram.g_01464
OG0001150	Prbh	Prbg.g_00533	Prbh.g_00013
OG0001150	Prbn	Prbg.g_00533	Prbn.g_00154
OG0001150	Prak	Prbg.g_00533	Prak.g_01333
OG0001150	Prap	Prbg.g_00533	Prap.g_00063
OG0001150	Prbe	Prbg.g_00533	Prbe.g_00369
OG0001150	Prbf	Prbg.g_00533	Prbf.g_00099
OG0001151	Prbi	Prbg.g_00544	Prbi.g_01454
OG0001151	Prag	Prbg.g_00544	Prag.g_01404
OG0001151	Praw	Prbg.g_00544	Praw.g_01031
OG0001151	Prav	Prbg.g_00544	Prav.g_01488
OG0001151	Pray	Prbg.g_00544	Pray.g_01814
OG0001151	Praz	Prbg.g_00544	Praz.g_01124
OG0001151	Prba	Prbg.g_00544	Prba.g_00181
OG0001151	Prao	Prbg.g_00544	Prao.g_01224
OG0001151	Praa	Prbg.g_00544	Praa.g_01381
OG0001151	Pras	Prbg.g_00544	Pras.g_00265
OG0001151	Prau	Prbg.g_00544	Prau.g_01424
OG0001151	Prbd	Prbg.g_00544	Prbd.g_01749
OG0001151	Prac	Prbg.g_00544	Prac.g_00232
OG0001151	Praq	Prbg.g_00544	Praq.g_00192
OG0001151	Prar	Prbg.g_00544	Prar.g_00896
OG0001151	Prax	Prbg.g_00544	Prax.g_01848
OG0001151	Prai	Prbg.g_00544	Prai.g_01385
OG0001151	Prae	Prbg.g_00544	Prae.g_01383
OG0001151	Prad	Prbg.g_00544	Prad.g_00579
OG0001151	Prab	Prbg.g_00544	Prab.g_01375
OG0001151	Pran	Prbg.g_00544	Pran.g_00826
OG0001151	Prbm	Prbg.g_00544	Prbm.g_01675
OG0001151	Prbb	Prbg.g_00544	Prbb.g_01654
OG0001151	Praj	Prbg.g_00544	Praj.g_01590
OG0001151	Prbc	Prbg.g_00544	Prbc.g_00672
OG0001151	Pral	Prbg.g_00544	Pral.g_01207
OG0001151	Prat	Prbg.g_00544	Prat.g_01306
OG0001151	Syas	Prbg.g_00544	Syas.g_01366
OG0001151	Syar	Prbg.g_00544	Syar.g_01238
OG0001151	Syan	Prbg.g_00544	Syan.g_02884
OG0001151	Syao	Prbg.g_00544	Syao.g_02706
OG0001151	Syat	Prbg.g_00544	Syat.g_01420
OG0001151	Praf	Prbg.g_00544	Praf.g_00568
OG0001151	Prah	Prbg.g_00544	Prah.g_01591
OG0001151	Prbj	Prbg.g_00544	Prbj.g_01654
OG0001151	Prbk	Prbg.g_00544	Prbk.g_02037
OG0001151	Prbl	Prbg.g_00544	Prbl.g_00487
OG0001151	Syaa	Prbg.g_00544	Syaa.g_02076
OG0001151	Syaf	Prbg.g_00544	Syaf.g_02750
OG0001151	Syam	Prbg.g_00544	Syam.g_00558
OG0001151	Syai	Prbg.g_00544	Syai.g_00611
OG0001151	Syac	Prbg.g_00544	Syac.g_01932
OG0001151	Syah	Prbg.g_00544	Syah.g_00970
OG0001151	Syae	Prbg.g_00544	Syae.g_02282
OG0001151	Syad	Prbg.g_00544	Syad.g_00875
OG0001151	Syaj	Prbg.g_00544	Syaj.g_00043
OG0001151	Syab	Prbg.g_00544	Syab.g_02070
OG0001151	Syal	Prbg.g_00544	Syal.g_02872
OG0001151	Syaq	Prbg.g_00544	Syaq.g_01746
OG0001151	Syak	Prbg.g_00544	Syak.g_02548
OG0001151	Syag	Prbg.g_00544	Syag.g_01554
OG0001151	Pram	Prbg.g_00544	Pram.g_01452
OG0001151	Prbh	Prbg.g_00544	Prbh.g_00025
OG0001151	Prak	Prbg.g_00544	Prak.g_01344
OG0001151	Prap	Prbg.g_00544	Prap.g_00074
OG0001151	Prbe	Prbg.g_00544	Prbe.g_00358
OG0001151	Prbf	Prbg.g_00544	Prbf.g_00110
OG0001151	Prbn	Prbg.g_00544	Prbn.g_00165
OG0001152	Prao	Prbg.g_00545	Prao.g_01223
OG0001152	Pray	Prbg.g_00545	Pray.g_01813
OG0001152	Praz	Prbg.g_00545	Praz.g_01123
OG0001152	Prba	Prbg.g_00545	Prba.g_00180
OG0001152	Prau	Prbg.g_00545	Prau.g_01425
OG0001152	Praa	Prbg.g_00545	Praa.g_01382
OG0001152	Pras	Prbg.g_00545	Pras.g_00266
OG0001152	Prag	Prbg.g_00545	Prag.g_01405
OG0001152	Praw	Prbg.g_00545	Praw.g_01032
OG0001152	Prav	Prbg.g_00545	Prav.g_01489
OG0001152	Prbd	Prbg.g_00545	Prbd.g_01748
OG0001152	Prbi	Prbg.g_00545	Prbi.g_01455
OG0001152	Prai	Prbg.g_00545	Prai.g_01386
OG0001152	Prac	Prbg.g_00545	Prac.g_00233
OG0001152	Praq	Prbg.g_00545	Praq.g_00193
OG0001152	Prar	Prbg.g_00545	Prar.g_00895
OG0001152	Prax	Prbg.g_00545	Prax.g_01847
OG0001152	Prad	Prbg.g_00545	Prad.g_00578
OG0001152	Prab	Prbg.g_00545	Prab.g_01376
OG0001152	Pran	Prbg.g_00545	Pran.g_00825
OG0001152	Prae	Prbg.g_00545	Prae.g_01384
OG0001152	Pral	Prbg.g_00545	Pral.g_01206
OG0001152	Prat	Prbg.g_00545	Prat.g_01307
OG0001152	Prbm	Prbg.g_00545	Prbm.g_01676
OG0001152	Prbb	Prbg.g_00545	Prbb.g_01655
OG0001152	Praj	Prbg.g_00545	Praj.g_01591
OG0001152	Prbc	Prbg.g_00545	Prbc.g_00673
OG0001152	Syar	Prbg.g_00545	Syar.g_01237
OG0001152	Syas	Prbg.g_00545	Syas.g_01367
OG0001152	Syat	Prbg.g_00545	Syat.g_01421
OG0001152	Syap	Prbg.g_00545	Syap.g_02447
OG0001152	Syan	Prbg.g_00545	Syan.g_02885
OG0001152	Syao	Prbg.g_00545	Syao.g_02707
OG0001152	Syaf	Prbg.g_00545	Syaf.g_02751
OG0001152	Syai	Prbg.g_00545	Syai.g_00610
OG0001152	Syam	Prbg.g_00545	Syam.g_00557
OG0001152	Syac	Prbg.g_00545	Syac.g_01933
OG0001152	Syah	Prbg.g_00545	Syah.g_00969
OG0001152	Syaa	Prbg.g_00545	Syaa.g_02077
OG0001152	Syae	Prbg.g_00545	Syae.g_02281
OG0001152	Syad	Prbg.g_00545	Syad.g_00872
OG0001152	Syaj	Prbg.g_00545	Syaj.g_00040
OG0001152	Prbj	Prbg.g_00545	Prbj.g_01655
OG0001152	Prbk	Prbg.g_00545	Prbk.g_02036
OG0001152	Prbl	Prbg.g_00545	Prbl.g_00486
OG0001152	Praf	Prbg.g_00545	Praf.g_00567
OG0001152	Prah	Prbg.g_00545	Prah.g_01592
OG0001152	Syag	Prbg.g_00545	Syag.g_01555
OG0001152	Syaq	Prbg.g_00545	Syaq.g_01745
OG0001152	Syab	Prbg.g_00545	Syab.g_02069
OG0001152	Syal	Prbg.g_00545	Syal.g_02871
OG0001152	Pram	Prbg.g_00545	Pram.g_01451
OG0001152	Prbh	Prbg.g_00545	Prbh.g_00026
OG0001152	Prak	Prbg.g_00545	Prak.g_01345
OG0001152	Prap	Prbg.g_00545	Prap.g_00075
OG0001152	Prbe	Prbg.g_00545	Prbe.g_00357
OG0001152	Prbf	Prbg.g_00545	Prbf.g_00111
OG0001152	Prbn	Prbg.g_00545	Prbn.g_00166
OG0001153	Prab	Prbg.g_00623	Prab.g_01498
OG0001153	Pran	Prbg.g_00623	Pran.g_00701
OG0001153	Prai	Prbg.g_00623	Prai.g_01494
OG0001153	Prac	Prbg.g_00623	Prac.g_00379
OG0001153	Praq	Prbg.g_00623	Praq.g_00326
OG0001153	Prar	Prbg.g_00623	Prar.g_00815
OG0001153	Prad	Prbg.g_00623	Prad.g_00482
OG0001153	Prav	Prbg.g_00623	Prav.g_01610
OG0001153	Prbi	Prbg.g_00623	Prbi.g_01622
OG0001153	Prax	Prbg.g_00623	Prax.g_01696
OG0001153	Praa	Prbg.g_00623	Praa.g_01508
OG0001153	Prae	Prbg.g_00623	Prae.g_01491
OG0001153	Prbd	Prbg.g_00623	Prbd.g_01657
OG0001153	Pray	Prbg.g_00623	Pray.g_01690
OG0001153	Praz	Prbg.g_00623	Praz.g_01009
OG0001153	Prba	Prbg.g_00623	Prba.g_00681
OG0001153	Pras	Prbg.g_00623	Pras.g_00382
OG0001153	Prau	Prbg.g_00623	Prau.g_01563
OG0001153	Prao	Prbg.g_00623	Prao.g_01428
OG0001153	Prag	Prbg.g_00623	Prag.g_01521
OG0001153	Praw	Prbg.g_00623	Praw.g_00368
OG0001153	Prbm	Prbg.g_00623	Prbm.g_01740
OG0001153	Praj	Prbg.g_00623	Praj.g_01662
OG0001153	Prbc	Prbg.g_00623	Prbc.g_00739
OG0001153	Prbb	Prbg.g_00623	Prbb.g_01716
OG0001153	Prbj	Prbg.g_00623	Prbj.g_00651
OG0001153	Prbk	Prbg.g_00623	Prbk.g_01217
OG0001153	Prbl	Prbg.g_00623	Prbl.g_00704
OG0001153	Praf	Prbg.g_00623	Praf.g_01842
OG0001153	Prah	Prbg.g_00623	Prah.g_00366
OG0001153	Syaq	Prbg.g_00623	Syaq.g_00413
OG0001153	Syag	Prbg.g_00623	Syag.g_01375
OG0001153	Syae	Prbg.g_00623	Syae.g_02613
OG0001153	Syad	Prbg.g_00623	Syad.g_02318
OG0001153	Syaj	Prbg.g_00623	Syaj.g_01425
OG0001153	Syaa	Prbg.g_00623	Syaa.g_01811
OG0001153	Syac	Prbg.g_00623	Syac.g_01670
OG0001153	Syah	Prbg.g_00623	Syah.g_01253
OG0001153	Syaf	Prbg.g_00623	Syaf.g_02463
OG0001153	Syai	Prbg.g_00623	Syai.g_00903
OG0001153	Syam	Prbg.g_00623	Syam.g_01652
OG0001153	Syan	Prbg.g_00623	Syan.g_02828
OG0001153	Syao	Prbg.g_00623	Syao.g_00083
OG0001153	Syar	Prbg.g_00623	Syar.g_01398
OG0001153	Syas	Prbg.g_00623	Syas.g_01301
OG0001153	Syat	Prbg.g_00623	Syat.g_01346
OG0001153	Syak	Prbg.g_00623	Syak.g_01084
OG0001153	Syab	Prbg.g_00623	Syab.g_00731
OG0001153	Syal	Prbg.g_00623	Syal.g_00421
OG0001153	Pral	Prbg.g_00623	Pral.g_01128
OG0001153	Prat	Prbg.g_00623	Prat.g_01387
OG0001153	Pram	Prbg.g_00623	Pram.g_01346
OG0001153	Prbh	Prbg.g_00623	Prbh.g_00131
OG0001153	Prak	Prbg.g_00623	Prak.g_01423
OG0001153	Prap	Prbg.g_00623	Prap.g_00153
OG0001153	Prbe	Prbg.g_00623	Prbe.g_00279
OG0001153	Prbf	Prbg.g_00623	Prbf.g_00189
OG0001153	Prbn	Prbg.g_00623	Prbn.g_00244
OG0001154	Prab	Prbg.g_00624	Prab.g_01499
OG0001154	Pran	Prbg.g_00624	Pran.g_00700
OG0001154	Prai	Prbg.g_00624	Prai.g_01495
OG0001154	Prad	Prbg.g_00624	Prad.g_00481
OG0001154	Prag	Prbg.g_00624	Prag.g_01523
OG0001154	Praw	Prbg.g_00624	Praw.g_00370
OG0001154	Prao	Prbg.g_00624	Prao.g_01429
OG0001154	Praa	Prbg.g_00624	Praa.g_01509
OG0001154	Prax	Prbg.g_00624	Prax.g_01695
OG0001154	Prae	Prbg.g_00624	Prae.g_01492
OG0001154	Prbd	Prbg.g_00624	Prbd.g_01656
OG0001154	Prbi	Prbg.g_00624	Prbi.g_01623
OG0001154	Pras	Prbg.g_00624	Pras.g_00384
OG0001154	Prau	Prbg.g_00624	Prau.g_01564
OG0001154	Prav	Prbg.g_00624	Prav.g_01611
OG0001154	Pray	Prbg.g_00624	Pray.g_01689
OG0001154	Praz	Prbg.g_00624	Praz.g_01008
OG0001154	Prba	Prbg.g_00624	Prba.g_00680
OG0001154	Prac	Prbg.g_00624	Prac.g_00378
OG0001154	Praq	Prbg.g_00624	Praq.g_00327
OG0001154	Prar	Prbg.g_00624	Prar.g_00814
OG0001154	Prbm	Prbg.g_00624	Prbm.g_01741
OG0001154	Prbc	Prbg.g_00624	Prbc.g_00740
OG0001154	Praj	Prbg.g_00624	Praj.g_01663
OG0001154	Prbb	Prbg.g_00624	Prbb.g_01717
OG0001154	Prbj	Prbg.g_00624	Prbj.g_00652
OG0001154	Prbk	Prbg.g_00624	Prbk.g_01216
OG0001154	Prbl	Prbg.g_00624	Prbl.g_00705
OG0001154	Praf	Prbg.g_00624	Praf.g_01843
OG0001154	Prah	Prbg.g_00624	Prah.g_00365
OG0001154	Syag	Prbg.g_00624	Syag.g_01374
OG0001154	Syaq	Prbg.g_00624	Syaq.g_00414
OG0001154	Syak	Prbg.g_00624	Syak.g_01085
OG0001154	Syab	Prbg.g_00624	Syab.g_00730
OG0001154	Syal	Prbg.g_00624	Syal.g_00422
OG0001154	Syan	Prbg.g_00624	Syan.g_02829
OG0001154	Syao	Prbg.g_00624	Syao.g_00084
OG0001154	Syar	Prbg.g_00624	Syar.g_01397
OG0001154	Syat	Prbg.g_00624	Syat.g_01347
OG0001154	Syap	Prbg.g_00624	Syap.g_00013
OG0001154	Syas	Prbg.g_00624	Syas.g_01302
OG0001154	Syad	Prbg.g_00624	Syad.g_02319
OG0001154	Syaj	Prbg.g_00624	Syaj.g_01426
OG0001154	Syac	Prbg.g_00624	Syac.g_01671
OG0001154	Syah	Prbg.g_00624	Syah.g_01252
OG0001154	Syaa	Prbg.g_00624	Syaa.g_01812
OG0001154	Syaf	Prbg.g_00624	Syaf.g_02464
OG0001154	Syai	Prbg.g_00624	Syai.g_00901
OG0001154	Syam	Prbg.g_00624	Syam.g_01654
OG0001154	Pral	Prbg.g_00624	Pral.g_01127
OG0001154	Prat	Prbg.g_00624	Prat.g_01388
OG0001154	Pram	Prbg.g_00624	Pram.g_01345
OG0001154	Prbh	Prbg.g_00624	Prbh.g_00132
OG0001154	Prak	Prbg.g_00624	Prak.g_01424
OG0001154	Prap	Prbg.g_00624	Prap.g_00154
OG0001154	Prbe	Prbg.g_00624	Prbe.g_00278
OG0001154	Prbf	Prbg.g_00624	Prbf.g_00190
OG0001154	Prbn	Prbg.g_00624	Prbn.g_00245
OG0001155	Prab	Prbg.g_00641	Prab.g_01511
OG0001155	Pran	Prbg.g_00641	Pran.g_00688
OG0001155	Prai	Prbg.g_00641	Prai.g_01507
OG0001155	Prac	Prbg.g_00641	Prac.g_00366
OG0001155	Praq	Prbg.g_00641	Praq.g_00339
OG0001155	Prar	Prbg.g_00641	Prar.g_00802
OG0001155	Prag	Prbg.g_00641	Prag.g_01535
OG0001155	Praw	Prbg.g_00641	Praw.g_00382
OG0001155	Prav	Prbg.g_00641	Prav.g_01623
OG0001155	Prae	Prbg.g_00641	Prae.g_01504
OG0001155	Prax	Prbg.g_00641	Prax.g_01683
OG0001155	Prbi	Prbg.g_00641	Prbi.g_01635
OG0001155	Prbd	Prbg.g_00641	Prbd.g_01644
OG0001155	Prau	Prbg.g_00641	Prau.g_01576
OG0001155	Pras	Prbg.g_00641	Pras.g_00396, Pras.g_00397
OG0001155	Praa	Prbg.g_00641	Praa.g_01521
OG0001155	Prao	Prbg.g_00641	Prao.g_01441
OG0001155	Prad	Prbg.g_00641	Prad.g_00469
OG0001155	Pray	Prbg.g_00641	Pray.g_01677
OG0001155	Praz	Prbg.g_00641	Praz.g_00996
OG0001155	Prba	Prbg.g_00641	Prba.g_00343
OG0001155	Syat	Prbg.g_00641	Syat.g_02774
OG0001155	Prbj	Prbg.g_00641	Prbj.g_01686
OG0001155	Prbk	Prbg.g_00641	Prbk.g_02004
OG0001155	Prbl	Prbg.g_00641	Prbl.g_00454
OG0001155	Praf	Prbg.g_00641	Praf.g_00540
OG0001155	Prah	Prbg.g_00641	Prah.g_01617
OG0001155	Syap	Prbg.g_00641	Syap.g_00750
OG0001155	Syas	Prbg.g_00641	Syas.g_01478
OG0001155	Syao	Prbg.g_00641	Syao.g_01747
OG0001155	Syar	Prbg.g_00641	Syar.g_01211
OG0001155	Syad	Prbg.g_00641	Syad.g_02540
OG0001155	Syaj	Prbg.g_00641	Syaj.g_01637
OG0001155	Syae	Prbg.g_00641	Syae.g_01083
OG0001155	Syai	Prbg.g_00641	Syai.g_02298
OG0001155	Syaf	Prbg.g_00641	Syaf.g_01107
OG0001155	Syam	Prbg.g_00641	Syam.g_01925
OG0001155	Syac	Prbg.g_00641	Syac.g_00621
OG0001155	Syah	Prbg.g_00641	Syah.g_02313
OG0001155	Syak	Prbg.g_00641	Syak.g_02480
OG0001155	Syab	Prbg.g_00641	Syab.g_02171
OG0001155	Syal	Prbg.g_00641	Syal.g_02969
OG0001155	Syaq	Prbg.g_00641	Syaq.g_01739
OG0001155	Syag	Prbg.g_00641	Syag.g_01616
OG0001155	Prbm	Prbg.g_00641	Prbm.g_01757
OG0001155	Praj	Prbg.g_00641	Praj.g_01679
OG0001155	Prbb	Prbg.g_00641	Prbb.g_01733
OG0001155	Prbc	Prbg.g_00641	Prbc.g_00756
OG0001155	Pral	Prbg.g_00641	Pral.g_01108
OG0001155	Prat	Prbg.g_00641	Prat.g_01407
OG0001155	Pram	Prbg.g_00641	Pram.g_01328
OG0001155	Prbh	Prbg.g_00641	Prbh.g_00149
OG0001155	Prak	Prbg.g_00641	Prak.g_01441
OG0001155	Prap	Prbg.g_00641	Prap.g_00171
OG0001155	Prbe	Prbg.g_00641	Prbe.g_00261
OG0001155	Prbf	Prbg.g_00641	Prbf.g_00207
OG0001155	Prbn	Prbg.g_00641	Prbn.g_00262
OG0001156	Prav	Prbg.g_00644	Prav.g_01626
OG0001156	Prad	Prbg.g_00644	Prad.g_00466
OG0001156	Prac	Prbg.g_00644	Prac.g_00363
OG0001156	Praq	Prbg.g_00644	Praq.g_00342
OG0001156	Prar	Prbg.g_00644	Prar.g_00799
OG0001156	Prab	Prbg.g_00644	Prab.g_01514
OG0001156	Pran	Prbg.g_00644	Pran.g_00685
OG0001156	Prai	Prbg.g_00644	Prai.g_01510
OG0001156	Prag	Prbg.g_00644	Prag.g_01538
OG0001156	Praw	Prbg.g_00644	Praw.g_00385
OG0001156	Prao	Prbg.g_00644	Prao.g_01444
OG0001156	Praa	Prbg.g_00644	Praa.g_01524
OG0001156	Prae	Prbg.g_00644	Prae.g_01507
OG0001156	Prax	Prbg.g_00644	Prax.g_01680
OG0001156	Pras	Prbg.g_00644	Pras.g_00400
OG0001156	Prau	Prbg.g_00644	Prau.g_01579
OG0001156	Prbd	Prbg.g_00644	Prbd.g_01641
OG0001156	Pray	Prbg.g_00644	Pray.g_01674
OG0001156	Praz	Prbg.g_00644	Praz.g_00993
OG0001156	Prba	Prbg.g_00644	Prba.g_00340
OG0001156	Prbi	Prbg.g_00644	Prbi.g_01638
OG0001156	Prbc	Prbg.g_00644	Prbc.g_00759
OG0001156	Praj	Prbg.g_00644	Praj.g_01682
OG0001156	Prbb	Prbg.g_00644	Prbb.g_01736
OG0001156	Prbm	Prbg.g_00644	Prbm.g_01760
OG0001156	Prah	Prbg.g_00644	Prah.g_01620
OG0001156	Praf	Prbg.g_00644	Praf.g_00537
OG0001156	Prbj	Prbg.g_00644	Prbj.g_01689
OG0001156	Prbk	Prbg.g_00644	Prbk.g_02001
OG0001156	Prbl	Prbg.g_00644	Prbl.g_00451
OG0001156	Syan	Prbg.g_00644	Syan.g_02404
OG0001156	Syao	Prbg.g_00644	Syao.g_01744
OG0001156	Syar	Prbg.g_00644	Syar.g_01185
OG0001156	Syas	Prbg.g_00644	Syas.g_01489
OG0001156	Syat	Prbg.g_00644	Syat.g_02978
OG0001156	Syae	Prbg.g_00644	Syae.g_01093
OG0001156	Syam	Prbg.g_00644	Syam.g_01928
OG0001156	Syaf	Prbg.g_00644	Syaf.g_01104
OG0001156	Syai	Prbg.g_00644	Syai.g_02301
OG0001156	Syaa	Prbg.g_00644	Syaa.g_00623
OG0001156	Syad	Prbg.g_00644	Syad.g_02543
OG0001156	Syaj	Prbg.g_00644	Syaj.g_01640
OG0001156	Syac	Prbg.g_00644	Syac.g_00618
OG0001156	Syah	Prbg.g_00644	Syah.g_02316
OG0001156	Syag	Prbg.g_00644	Syag.g_01619
OG0001156	Syak	Prbg.g_00644	Syak.g_02477
OG0001156	Syab	Prbg.g_00644	Syab.g_02174
OG0001156	Syal	Prbg.g_00644	Syal.g_02972
OG0001156	Syaq	Prbg.g_00644	Syaq.g_01729
OG0001156	Pral	Prbg.g_00644	Pral.g_01105
OG0001156	Prat	Prbg.g_00644	Prat.g_01410
OG0001156	Pram	Prbg.g_00644	Pram.g_01325
OG0001156	Prbh	Prbg.g_00644	Prbh.g_00152
OG0001156	Prak	Prbg.g_00644	Prak.g_01444
OG0001156	Prap	Prbg.g_00644	Prap.g_00174
OG0001156	Prbe	Prbg.g_00644	Prbe.g_00258
OG0001156	Prbf	Prbg.g_00644	Prbf.g_00210
OG0001156	Prbn	Prbg.g_00644	Prbn.g_00265
OG0001157	Prab	Prbg.g_00645	Prab.g_01515
OG0001157	Pran	Prbg.g_00645	Pran.g_00684
OG0001157	Prai	Prbg.g_00645	Prai.g_01511
OG0001157	Prao	Prbg.g_00645	Prao.g_01445
OG0001157	Prac	Prbg.g_00645	Prac.g_00362
OG0001157	Praq	Prbg.g_00645	Praq.g_00343
OG0001157	Prar	Prbg.g_00645	Prar.g_00798
OG0001157	Prag	Prbg.g_00645	Prag.g_01539
OG0001157	Praw	Prbg.g_00645	Praw.g_00386
OG0001157	Prav	Prbg.g_00645	Prav.g_01627
OG0001157	Prad	Prbg.g_00645	Prad.g_00465
OG0001157	Pray	Prbg.g_00645	Pray.g_01673
OG0001157	Praz	Prbg.g_00645	Praz.g_00992
OG0001157	Prba	Prbg.g_00645	Prba.g_00339
OG0001157	Prbd	Prbg.g_00645	Prbd.g_01640
OG0001157	Pras	Prbg.g_00645	Pras.g_00401
OG0001157	Prbi	Prbg.g_00645	Prbi.g_01639
OG0001157	Prae	Prbg.g_00645	Prae.g_01508
OG0001157	Praa	Prbg.g_00645	Praa.g_01525
OG0001157	Prau	Prbg.g_00645	Prau.g_01580
OG0001157	Prax	Prbg.g_00645	Prax.g_01679
OG0001157	Prat	Prbg.g_00645	Prat.g_01411
OG0001157	Pral	Prbg.g_00645	Pral.g_01104
OG0001157	Praf	Prbg.g_00645	Praf.g_01653
OG0001157	Prah	Prbg.g_00645	Prah.g_00538
OG0001157	Prbj	Prbg.g_00645	Prbj.g_02538
OG0001157	Prbk	Prbg.g_00645	Prbk.g_02596
OG0001157	Prbl	Prbg.g_00645	Prbl.g_01604
OG0001157	Syar	Prbg.g_00645	Syar.g_01184
OG0001157	Syat	Prbg.g_00645	Syat.g_02977
OG0001157	Syas	Prbg.g_00645	Syas.g_01490
OG0001157	Syan	Prbg.g_00645	Syan.g_02403
OG0001157	Syao	Prbg.g_00645	Syao.g_01743
OG0001157	Syag	Prbg.g_00645	Syag.g_01620
OG0001157	Syac	Prbg.g_00645	Syac.g_00617
OG0001157	Syah	Prbg.g_00645	Syah.g_02317
OG0001157	Syae	Prbg.g_00645	Syae.g_01094
OG0001157	Syaj	Prbg.g_00645	Syaj.g_01641
OG0001157	Syaa	Prbg.g_00645	Syaa.g_00622
OG0001157	Syad	Prbg.g_00645	Syad.g_02544
OG0001157	Syaf	Prbg.g_00645	Syaf.g_01103
OG0001157	Syai	Prbg.g_00645	Syai.g_02302
OG0001157	Syam	Prbg.g_00645	Syam.g_01929
OG0001157	Syaq	Prbg.g_00645	Syaq.g_01728
OG0001157	Syak	Prbg.g_00645	Syak.g_02476
OG0001157	Syab	Prbg.g_00645	Syab.g_02175
OG0001157	Syal	Prbg.g_00645	Syal.g_02973
OG0001157	Prbm	Prbg.g_00645	Prbm.g_01761
OG0001157	Praj	Prbg.g_00645	Praj.g_01683
OG0001157	Prbb	Prbg.g_00645	Prbb.g_01737
OG0001157	Prbc	Prbg.g_00645	Prbc.g_00760
OG0001157	Pram	Prbg.g_00645	Pram.g_01324
OG0001157	Prbh	Prbg.g_00645	Prbh.g_00153
OG0001157	Prak	Prbg.g_00645	Prak.g_01445
OG0001157	Prap	Prbg.g_00645	Prap.g_00175
OG0001157	Prbe	Prbg.g_00645	Prbe.g_00257
OG0001157	Prbf	Prbg.g_00645	Prbf.g_00211
OG0001157	Prbn	Prbg.g_00645	Prbn.g_00266
OG0001158	Prag	Prbg.g_00646	Prag.g_01540
OG0001158	Praw	Prbg.g_00646	Praw.g_00387
OG0001158	Prao	Prbg.g_00646	Prao.g_01446
OG0001158	Prav	Prbg.g_00646	Prav.g_01628
OG0001158	Prac	Prbg.g_00646	Prac.g_00361
OG0001158	Praq	Prbg.g_00646	Praq.g_00344
OG0001158	Prar	Prbg.g_00646	Prar.g_00797
OG0001158	Prab	Prbg.g_00646	Prab.g_01516
OG0001158	Pran	Prbg.g_00646	Pran.g_00683
OG0001158	Prai	Prbg.g_00646	Prai.g_01512
OG0001158	Prad	Prbg.g_00646	Prad.g_00464
OG0001158	Pray	Prbg.g_00646	Pray.g_01672
OG0001158	Praz	Prbg.g_00646	Praz.g_00991
OG0001158	Prba	Prbg.g_00646	Prba.g_00338
OG0001158	Prax	Prbg.g_00646	Prax.g_01678
OG0001158	Prbd	Prbg.g_00646	Prbd.g_01639
OG0001158	Pras	Prbg.g_00646	Pras.g_00402
OG0001158	Prau	Prbg.g_00646	Prau.g_01581
OG0001158	Prae	Prbg.g_00646	Prae.g_01509
OG0001158	Praa	Prbg.g_00646	Praa.g_01526
OG0001158	Prbi	Prbg.g_00646	Prbi.g_01640
OG0001158	Prbm	Prbg.g_00646	Prbm.g_01762
OG0001158	Prbc	Prbg.g_00646	Prbc.g_00761
OG0001158	Prbb	Prbg.g_00646	Prbb.g_01738
OG0001158	Praj	Prbg.g_00646	Praj.g_01684
OG0001158	Prbj	Prbg.g_00646	Prbj.g_01690
OG0001158	Prbk	Prbg.g_00646	Prbk.g_02000
OG0001158	Prbl	Prbg.g_00646	Prbl.g_00450
OG0001158	Praf	Prbg.g_00646	Praf.g_00536
OG0001158	Prah	Prbg.g_00646	Prah.g_01621
OG0001158	Syaq	Prbg.g_00646	Syaq.g_01727
OG0001158	Syab	Prbg.g_00646	Syab.g_02176
OG0001158	Syal	Prbg.g_00646	Syal.g_02974
OG0001158	Syak	Prbg.g_00646	Syak.g_02475
OG0001158	Syag	Prbg.g_00646	Syag.g_01621
OG0001158	Syaf	Prbg.g_00646	Syaf.g_01102
OG0001158	Syai	Prbg.g_00646	Syai.g_02303
OG0001158	Syam	Prbg.g_00646	Syam.g_01930
OG0001158	Syaa	Prbg.g_00646	Syaa.g_00619
OG0001158	Syae	Prbg.g_00646	Syae.g_01100
OG0001158	Syad	Prbg.g_00646	Syad.g_02546
OG0001158	Syaj	Prbg.g_00646	Syaj.g_01643
OG0001158	Syac	Prbg.g_00646	Syac.g_00616
OG0001158	Syah	Prbg.g_00646	Syah.g_02318
OG0001158	Syas	Prbg.g_00646	Syas.g_01491
OG0001158	Syan	Prbg.g_00646	Syan.g_02402
OG0001158	Syao	Prbg.g_00646	Syao.g_01742
OG0001158	Syar	Prbg.g_00646	Syar.g_01183
OG0001158	Syat	Prbg.g_00646	Syat.g_02976
OG0001158	Pral	Prbg.g_00646	Pral.g_01103
OG0001158	Prat	Prbg.g_00646	Prat.g_01412
OG0001158	Pram	Prbg.g_00646	Pram.g_01323
OG0001158	Prbh	Prbg.g_00646	Prbh.g_00154
OG0001158	Prak	Prbg.g_00646	Prak.g_01446
OG0001158	Prap	Prbg.g_00646	Prap.g_00176
OG0001158	Prbe	Prbg.g_00646	Prbe.g_00256
OG0001158	Prbf	Prbg.g_00646	Prbf.g_00212
OG0001158	Prbn	Prbg.g_00646	Prbn.g_00267
OG0001159	Prab	Prbg.g_00647	Prab.g_01517
OG0001159	Pran	Prbg.g_00647	Pran.g_00682
OG0001159	Prai	Prbg.g_00647	Prai.g_01513
OG0001159	Prag	Prbg.g_00647	Prag.g_01541
OG0001159	Praw	Prbg.g_00647	Praw.g_00388
OG0001159	Prac	Prbg.g_00647	Prac.g_00360
OG0001159	Praq	Prbg.g_00647	Praq.g_00345
OG0001159	Prar	Prbg.g_00647	Prar.g_00796
OG0001159	Prav	Prbg.g_00647	Prav.g_01629
OG0001159	Prao	Prbg.g_00647	Prao.g_01447
OG0001159	Praa	Prbg.g_00647	Praa.g_01527
OG0001159	Prad	Prbg.g_00647	Prad.g_00463
OG0001159	Pray	Prbg.g_00647	Pray.g_01671
OG0001159	Praz	Prbg.g_00647	Praz.g_00990
OG0001159	Prba	Prbg.g_00647	Prba.g_00337
OG0001159	Prbi	Prbg.g_00647	Prbi.g_01641
OG0001159	Prax	Prbg.g_00647	Prax.g_01677
OG0001159	Prbd	Prbg.g_00647	Prbd.g_01638
OG0001159	Prau	Prbg.g_00647	Prau.g_01582
OG0001159	Prae	Prbg.g_00647	Prae.g_01510
OG0001159	Pral	Prbg.g_00647	Pral.g_01102
OG0001159	Prat	Prbg.g_00647	Prat.g_01413
OG0001159	Praf	Prbg.g_00647	Praf.g_00535
OG0001159	Prbj	Prbg.g_00647	Prbj.g_01691
OG0001159	Prbk	Prbg.g_00647	Prbk.g_01999
OG0001159	Prbl	Prbg.g_00647	Prbl.g_00449
OG0001159	Prah	Prbg.g_00647	Prah.g_01622
OG0001159	Syar	Prbg.g_00647	Syar.g_01182
OG0001159	Syas	Prbg.g_00647	Syas.g_01492
OG0001159	Syat	Prbg.g_00647	Syat.g_02975
OG0001159	Syan	Prbg.g_00647	Syan.g_02401
OG0001159	Syao	Prbg.g_00647	Syao.g_01741
OG0001159	Syag	Prbg.g_00647	Syag.g_01622, Syag.g_01625
OG0001159	Syak	Prbg.g_00647	Syak.g_02474
OG0001159	Syaq	Prbg.g_00647	Syaq.g_01726
OG0001159	Syab	Prbg.g_00647	Syab.g_02177
OG0001159	Syal	Prbg.g_00647	Syal.g_02975
OG0001159	Syac	Prbg.g_00647	Syac.g_00615
OG0001159	Syah	Prbg.g_00647	Syah.g_02319
OG0001159	Syam	Prbg.g_00647	Syam.g_01931
OG0001159	Syaf	Prbg.g_00647	Syaf.g_01101
OG0001159	Syai	Prbg.g_00647	Syai.g_02304
OG0001159	Syaa	Prbg.g_00647	Syaa.g_00618
OG0001159	Syae	Prbg.g_00647	Syae.g_01103
OG0001159	Syad	Prbg.g_00647	Syad.g_02547
OG0001159	Syaj	Prbg.g_00647	Syaj.g_01644
OG0001159	Prbm	Prbg.g_00647	Prbm.g_01763
OG0001159	Praj	Prbg.g_00647	Praj.g_01685
OG0001159	Prbb	Prbg.g_00647	Prbb.g_01739
OG0001159	Prbc	Prbg.g_00647	Prbc.g_00762
OG0001159	Pram	Prbg.g_00647	Pram.g_01322
OG0001159	Prbh	Prbg.g_00647	Prbh.g_00155
OG0001159	Prak	Prbg.g_00647	Prak.g_01447
OG0001159	Prap	Prbg.g_00647	Prap.g_00177
OG0001159	Prbe	Prbg.g_00647	Prbe.g_00255
OG0001159	Prbf	Prbg.g_00647	Prbf.g_00213
OG0001159	Prbn	Prbg.g_00647	Prbn.g_00268
OG0001160	Prag	Prbg.g_00673	Prag.g_01565
OG0001160	Praw	Prbg.g_00673	Praw.g_00412
OG0001160	Prav	Prbg.g_00673	Prav.g_01653
OG0001160	Prab	Prbg.g_00673	Prab.g_01541
OG0001160	Pran	Prbg.g_00673	Pran.g_00658
OG0001160	Prai	Prbg.g_00673	Prai.g_01537
OG0001160	Prbi	Prbg.g_00673	Prbi.g_01665
OG0001160	Praa	Prbg.g_00673	Praa.g_01552
OG0001160	Prac	Prbg.g_00673	Prac.g_00336
OG0001160	Prar	Prbg.g_00673	Prar.g_00772
OG0001160	Praq	Prbg.g_00673	Praq.g_00369
OG0001160	Pray	Prbg.g_00673	Pray.g_01647
OG0001160	Praz	Prbg.g_00673	Praz.g_00966
OG0001160	Prba	Prbg.g_00673	Prba.g_00313
OG0001160	Prau	Prbg.g_00673	Prau.g_01606
OG0001160	Pras	Prbg.g_00673	Pras.g_00428
OG0001160	Prad	Prbg.g_00673	Prad.g_00439
OG0001160	Prao	Prbg.g_00673	Prao.g_01471
OG0001160	Prae	Prbg.g_00673	Prae.g_01534
OG0001160	Prax	Prbg.g_00673	Prax.g_01653
OG0001160	Prbd	Prbg.g_00673	Prbd.g_01613
OG0001160	Prbm	Prbg.g_00673	Prbm.g_01789
OG0001160	Prbc	Prbg.g_00673	Prbc.g_00787
OG0001160	Praj	Prbg.g_00673	Praj.g_01711
OG0001160	Prbb	Prbg.g_00673	Prbb.g_01765
OG0001160	Prbj	Prbg.g_00673	Prbj.g_00884
OG0001160	Prbk	Prbg.g_00673	Prbk.g_00934
OG0001160	Prbl	Prbg.g_00673	Prbl.g_00420
OG0001160	Praf	Prbg.g_00673	Praf.g_00504
OG0001160	Prah	Prbg.g_00673	Prah.g_01651
OG0001160	Syar	Prbg.g_00673	Syar.g_02908
OG0001160	Syat	Prbg.g_00673	Syat.g_03104
OG0001160	Syap	Prbg.g_00673	Syap.g_01217
OG0001160	Syas	Prbg.g_00673	Syas.g_02705
OG0001160	Syao	Prbg.g_00673	Syao.g_01579
OG0001160	Syan	Prbg.g_00673	Syan.g_01377
OG0001160	Syab	Prbg.g_00673	Syab.g_02231
OG0001160	Syal	Prbg.g_00673	Syal.g_00564
OG0001160	Syaq	Prbg.g_00673	Syaq.g_01693
OG0001160	Syag	Prbg.g_00673	Syag.g_01666
OG0001160	Syae	Prbg.g_00673	Syae.g_01142
OG0001160	Syad	Prbg.g_00673	Syad.g_02595
OG0001160	Syaj	Prbg.g_00673	Syaj.g_01697
OG0001160	Syac	Prbg.g_00673	Syac.g_00570
OG0001160	Syaf	Prbg.g_00673	Syaf.g_01058
OG0001160	Syai	Prbg.g_00673	Syai.g_02355
OG0001160	Syam	Prbg.g_00673	Syam.g_01969
OG0001160	Syaa	Prbg.g_00673	Syaa.g_00574
OG0001160	Syak	Prbg.g_00673	Syak.g_02437
OG0001160	Pral	Prbg.g_00673	Pral.g_01076
OG0001160	Prat	Prbg.g_00673	Prat.g_01439
OG0001160	Pram	Prbg.g_00673	Pram.g_01296
OG0001160	Prbh	Prbg.g_00673	Prbh.g_00181
OG0001160	Prbe	Prbg.g_00673	Prbe.g_00229
OG0001160	Prbn	Prbg.g_00673	Prbn.g_00900
OG0001160	Prak	Prbg.g_00673	Prak.g_01473
OG0001160	Prap	Prbg.g_00673	Prap.g_00203
OG0001160	Prbf	Prbg.g_00673	Prbf.g_00239
OG0001161	Prab	Prbg.g_01593	Prab.g_01553
OG0001161	Pran	Prbg.g_01593	Pran.g_00646
OG0001161	Prai	Prbg.g_01593	Prai.g_01550
OG0001161	Prag	Prbg.g_01593	Prag.g_01576
OG0001161	Praw	Prbg.g_01593	Praw.g_00423
OG0001161	Prav	Prbg.g_01593	Prav.g_01664
OG0001161	Prac	Prbg.g_01593	Prac.g_00324
OG0001161	Praq	Prbg.g_01593	Praq.g_00382
OG0001161	Prar	Prbg.g_01593	Prar.g_00760
OG0001161	Pras	Prbg.g_01593	Pras.g_00441
OG0001161	Prau	Prbg.g_01593	Prau.g_01619
OG0001161	Praa	Prbg.g_01593	Praa.g_01565
OG0001161	Prad	Prbg.g_01593	Prad.g_00426
OG0001161	Prbi	Prbg.g_01593	Prbi.g_01678
OG0001161	Prae	Prbg.g_01593	Prae.g_01547
OG0001161	Prao	Prbg.g_01593	Prao.g_01484
OG0001161	Prax	Prbg.g_01593	Prax.g_01640
OG0001161	Pray	Prbg.g_01593	Pray.g_01634
OG0001161	Praz	Prbg.g_01593	Praz.g_00953
OG0001161	Prba	Prbg.g_01593	Prba.g_00300
OG0001161	Prbd	Prbg.g_01593	Prbd.g_01600
OG0001161	Prbb	Prbg.g_01593	Prbb.g_01555
OG0001161	Prbm	Prbg.g_01593	Prbm.g_01586
OG0001161	Prbc	Prbg.g_01593	Prbc.g_01485
OG0001161	Praj	Prbg.g_01593	Praj.g_01499
OG0001161	Prbj	Prbg.g_01593	Prbj.g_02535
OG0001161	Prbk	Prbg.g_01593	Prbk.g_02593
OG0001161	Prbl	Prbg.g_01593	Prbl.g_01601
OG0001161	Praf	Prbg.g_01593	Praf.g_01650
OG0001161	Prah	Prbg.g_01593	Prah.g_00541
OG0001161	Syad	Prbg.g_01593	Syad.g_00026
OG0001161	Syaj	Prbg.g_01593	Syaj.g_02148
OG0001161	Syaa	Prbg.g_01593	Syaa.g_02620
OG0001161	Syae	Prbg.g_01593	Syae.g_01597
OG0001161	Syaf	Prbg.g_01593	Syaf.g_00617
OG0001161	Syai	Prbg.g_01593	Syai.g_02803
OG0001161	Syam	Prbg.g_01593	Syam.g_02338
OG0001161	Syac	Prbg.g_01593	Syac.g_02385
OG0001161	Syah	Prbg.g_01593	Syah.g_00475
OG0001161	Syar	Prbg.g_01593	Syar.g_00382
OG0001161	Syas	Prbg.g_01593	Syas.g_02030
OG0001161	Syat	Prbg.g_01593	Syat.g_02384
OG0001161	Syan	Prbg.g_01593	Syan.g_01594
OG0001161	Syao	Prbg.g_01593	Syao.g_02373
OG0001161	Syak	Prbg.g_01593	Syak.g_01906
OG0001161	Syab	Prbg.g_01593	Syab.g_02797
OG0001161	Syal	Prbg.g_01593	Syal.g_01104
OG0001161	Syag	Prbg.g_01593	Syag.g_02163
OG0001161	Syaq	Prbg.g_01593	Syaq.g_01233
OG0001161	Prat	Prbg.g_01593	Prat.g_01502
OG0001161	Pral	Prbg.g_01593	Pral.g_00045
OG0001161	Pram	Prbg.g_01593	Pram.g_01577
OG0001161	Prbh	Prbg.g_01593	Prbh.g_01837
OG0001161	Prak	Prbg.g_01593	Prak.g_01588
OG0001161	Prap	Prbg.g_01593	Prap.g_01836
OG0001161	Prbe	Prbg.g_01593	Prbe.g_01042
OG0001161	Prbf	Prbg.g_01593	Prbf.g_00750
OG0001161	Prbn	Prbg.g_01593	Prbn.g_01688
OG0001162	Prab	Prbg.g_00726	Prab.g_01567
OG0001162	Pran	Prbg.g_00726	Pran.g_00632
OG0001162	Prai	Prbg.g_00726	Prai.g_01563
OG0001162	Prav	Prbg.g_00726	Prav.g_01675
OG0001162	Prag	Prbg.g_00726	Prag.g_01587
OG0001162	Praw	Prbg.g_00726	Praw.g_00434
OG0001162	Prac	Prbg.g_00726	Prac.g_00313
OG0001162	Praq	Prbg.g_00726	Praq.g_00005
OG0001162	Prar	Prbg.g_00726	Prar.g_00749
OG0001162	Prad	Prbg.g_00726	Prad.g_00415
OG0001162	Pray	Prbg.g_00726	Pray.g_01623
OG0001162	Praz	Prbg.g_00726	Praz.g_00942
OG0001162	Prba	Prbg.g_00726	Prba.g_00289
OG0001162	Prbi	Prbg.g_00726	Prbi.g_01689
OG0001162	Pras	Prbg.g_00726	Pras.g_00452
OG0001162	Prau	Prbg.g_00726	Prau.g_01630
OG0001162	Praa	Prbg.g_00726	Praa.g_01576
OG0001162	Prae	Prbg.g_00726	Prae.g_01558
OG0001162	Prbd	Prbg.g_00726	Prbd.g_01589
OG0001162	Prao	Prbg.g_00726	Prao.g_01495
OG0001162	Prax	Prbg.g_00726	Prax.g_01629
OG0001162	Prbm	Prbg.g_00726	Prbm.g_01801
OG0001162	Prbb	Prbg.g_00726	Prbb.g_01778
OG0001162	Praj	Prbg.g_00726	Praj.g_01723
OG0001162	Prbc	Prbg.g_00726	Prbc.g_00799
OG0001162	Syae	Prbg.g_00726	Syae.g_00487
OG0001162	Syaa	Prbg.g_00726	Syaa.g_01203
OG0001162	Syad	Prbg.g_00726	Syad.g_01844
OG0001162	Syaj	Prbg.g_00726	Syaj.g_00979
OG0001162	Syac	Prbg.g_00726	Syac.g_01307
OG0001162	Syah	Prbg.g_00726	Syah.g_01745
OG0001162	Syam	Prbg.g_00726	Syam.g_01257
OG0001162	Syaf	Prbg.g_00726	Syaf.g_02015
OG0001162	Syai	Prbg.g_00726	Syai.g_01374
OG0001162	Syag	Prbg.g_00726	Syag.g_01238
OG0001162	Syaq	Prbg.g_00726	Syaq.g_00331
OG0001162	Syak	Prbg.g_00726	Syak.g_00959
OG0001162	Syab	Prbg.g_00726	Syab.g_00893
OG0001162	Syal	Prbg.g_00726	Syal.g_01577
OG0001162	Prah	Prbg.g_00726	Prah.g_01050
OG0001162	Praf	Prbg.g_00726	Praf.g_01145
OG0001162	Prbj	Prbg.g_00726	Prbj.g_00780
OG0001162	Prbk	Prbg.g_00726	Prbk.g_01788
OG0001162	Prbl	Prbg.g_00726	Prbl.g_00048
OG0001162	Syar	Prbg.g_00726	Syar.g_03081
OG0001162	Syat	Prbg.g_00726	Syat.g_01528
OG0001162	Syap	Prbg.g_00726	Syap.g_02366
OG0001162	Syas	Prbg.g_00726	Syas.g_02473
OG0001162	Syao	Prbg.g_00726	Syao.g_02650
OG0001162	Syan	Prbg.g_00726	Syan.g_02943
OG0001162	Pram	Prbg.g_00726	Pram.g_01590
OG0001162	Prbh	Prbg.g_00726	Prbh.g_01824
OG0001162	Prat	Prbg.g_00726	Prat.g_01500
OG0001162	Prak	Prbg.g_00726	Prak.g_01526
OG0001162	Prap	Prbg.g_00726	Prap.g_01907
OG0001162	Prbe	Prbg.g_00726	Prbe.g_00017
OG0001162	Prbf	Prbg.g_00726	Prbf.g_00812
OG0001162	Prbn	Prbg.g_00726	Prbn.g_00134
OG0001163	Prag	Prbg.g_01641	Prag.g_01661
OG0001163	Praw	Prbg.g_01641	Praw.g_00507
OG0001163	Prao	Prbg.g_01641	Prao.g_01544
OG0001163	Prac	Prbg.g_01641	Prac.g_00633
OG0001163	Prar	Prbg.g_01641	Prar.g_01151
OG0001163	Prav	Prbg.g_01641	Prav.g_01753
OG0001163	Pray	Prbg.g_01641	Pray.g_01567
OG0001163	Praz	Prbg.g_01641	Praz.g_00885
OG0001163	Prba	Prbg.g_01641	Prba.g_00234
OG0001163	Praa	Prbg.g_01641	Praa.g_01627
OG0001163	Prbd	Prbg.g_01641	Prbd.g_01533
OG0001163	Pras	Prbg.g_01641	Pras.g_00542
OG0001163	Prau	Prbg.g_01641	Prau.g_01724
OG0001163	Prae	Prbg.g_01641	Prae.g_01615
OG0001163	Prax	Prbg.g_01641	Prax.g_01567
OG0001163	Prbi	Prbg.g_01641	Prbi.g_01779
OG0001163	Prab	Prbg.g_01641	Prab.g_01661
OG0001163	Pran	Prbg.g_01641	Pran.g_00962
OG0001163	Prai	Prbg.g_01641	Prai.g_01630
OG0001163	Prad	Prbg.g_01641	Prad.g_00949
OG0001163	Syaq	Prbg.g_01641	Syaq.g_01685
OG0001163	Syat	Prbg.g_01641	Syat.g_03112
OG0001163	Syar	Prbg.g_01641	Syar.g_02917
OG0001163	Syap	Prbg.g_01641	Syap.g_00609
OG0001163	Syas	Prbg.g_01641	Syas.g_02697
OG0001163	Syan	Prbg.g_01641	Syan.g_01385
OG0001163	Syao	Prbg.g_01641	Syao.g_01571
OG0001163	Prbj	Prbg.g_01641	Prbj.g_00870
OG0001163	Prbk	Prbg.g_01641	Prbk.g_00920
OG0001163	Prbl	Prbg.g_01641	Prbl.g_00406
OG0001163	Praf	Prbg.g_01641	Praf.g_00492
OG0001163	Prah	Prbg.g_01641	Prah.g_01665
OG0001163	Syae	Prbg.g_01641	Syae.g_01150
OG0001163	Syad	Prbg.g_01641	Syad.g_02610
OG0001163	Syaj	Prbg.g_01641	Syaj.g_01705
OG0001163	Syai	Prbg.g_01641	Syai.g_02363
OG0001163	Syaf	Prbg.g_01641	Syaf.g_01050
OG0001163	Syam	Prbg.g_01641	Syam.g_01977
OG0001163	Syaa	Prbg.g_01641	Syaa.g_00566
OG0001163	Syac	Prbg.g_01641	Syac.g_00562
OG0001163	Syah	Prbg.g_01641	Syah.g_02370
OG0001163	Syag	Prbg.g_01641	Syag.g_01674
OG0001163	Syak	Prbg.g_01641	Syak.g_02429
OG0001163	Syab	Prbg.g_01641	Syab.g_02241
OG0001163	Syal	Prbg.g_01641	Syal.g_00573
OG0001163	Prbm	Prbg.g_01641	Prbm.g_01833
OG0001163	Praj	Prbg.g_01641	Praj.g_01761
OG0001163	Prbc	Prbg.g_01641	Prbc.g_00825
OG0001163	Prbb	Prbg.g_01641	Prbb.g_01815
OG0001163	Pral	Prbg.g_01641	Pral.g_00098
OG0001163	Prat	Prbg.g_01641	Prat.g_01583
OG0001163	Pram	Prbg.g_01641	Pram.g_01624
OG0001163	Prbh	Prbg.g_01641	Prbh.g_01790
OG0001163	Prak	Prbg.g_01641	Prak.g_01636
OG0001163	Prap	Prbg.g_01641	Prap.g_01788
OG0001163	Prbe	Prbg.g_01641	Prbe.g_00994
OG0001163	Prbf	Prbg.g_01641	Prbf.g_00702
OG0001163	Prbn	Prbg.g_01641	Prbn.g_01736
OG0001164	Prab	Prbg.g_01645	Prab.g_01665
OG0001164	Pran	Prbg.g_01645	Pran.g_00966
OG0001164	Prai	Prbg.g_01645	Prai.g_01634
OG0001164	Praa	Prbg.g_01645	Praa.g_01631
OG0001164	Prbi	Prbg.g_01645	Prbi.g_01783
OG0001164	Pras	Prbg.g_01645	Pras.g_00546
OG0001164	Prau	Prbg.g_01645	Prau.g_01728
OG0001164	Prao	Prbg.g_01645	Prao.g_01548
OG0001164	Prad	Prbg.g_01645	Prad.g_00945
OG0001164	Prac	Prbg.g_01645	Prac.g_00629
OG0001164	Prar	Prbg.g_01645	Prar.g_01147
OG0001164	Prag	Prbg.g_01645	Prag.g_01665
OG0001164	Praw	Prbg.g_01645	Praw.g_00511
OG0001164	Prav	Prbg.g_01645	Prav.g_01757
OG0001164	Pray	Prbg.g_01645	Pray.g_01563
OG0001164	Praz	Prbg.g_01645	Praz.g_00881
OG0001164	Prba	Prbg.g_01645	Prba.g_00230
OG0001164	Prae	Prbg.g_01645	Prae.g_01619
OG0001164	Prax	Prbg.g_01645	Prax.g_01563
OG0001164	Prbd	Prbg.g_01645	Prbd.g_01529
OG0001164	Prbm	Prbg.g_01645	Prbm.g_01837
OG0001164	Praj	Prbg.g_01645	Praj.g_01765
OG0001164	Prbb	Prbg.g_01645	Prbb.g_01819
OG0001164	Prbc	Prbg.g_01645	Prbc.g_00829
OG0001164	Prah	Prbg.g_01645	Prah.g_01670
OG0001164	Praf	Prbg.g_01645	Praf.g_00487
OG0001164	Prbj	Prbg.g_01645	Prbj.g_00865
OG0001164	Prbk	Prbg.g_01645	Prbk.g_00915
OG0001164	Prbl	Prbg.g_01645	Prbl.g_00401
OG0001164	Syaq	Prbg.g_01645	Syaq.g_01679
OG0001164	Syag	Prbg.g_01645	Syag.g_01680
OG0001164	Syak	Prbg.g_01645	Syak.g_02423
OG0001164	Syab	Prbg.g_01645	Syab.g_02247
OG0001164	Syal	Prbg.g_01645	Syal.g_00579
OG0001164	Syan	Prbg.g_01645	Syan.g_01392
OG0001164	Syao	Prbg.g_01645	Syao.g_01564
OG0001164	Syar	Prbg.g_01645	Syar.g_02922
OG0001164	Syat	Prbg.g_01645	Syat.g_03116
OG0001164	Syap	Prbg.g_01645	Syap.g_00614
OG0001164	Syas	Prbg.g_01645	Syas.g_02691
OG0001164	Syaa	Prbg.g_01645	Syaa.g_00560
OG0001164	Syad	Prbg.g_01645	Syad.g_02616
OG0001164	Syaj	Prbg.g_01645	Syaj.g_01711
OG0001164	Syae	Prbg.g_01645	Syae.g_01156
OG0001164	Syac	Prbg.g_01645	Syac.g_00556
OG0001164	Syah	Prbg.g_01645	Syah.g_02376
OG0001164	Syaf	Prbg.g_01645	Syaf.g_01044
OG0001164	Syai	Prbg.g_01645	Syai.g_02369
OG0001164	Syam	Prbg.g_01645	Syam.g_01983
OG0001164	Pral	Prbg.g_01645	Pral.g_00102
OG0001164	Prat	Prbg.g_01645	Prat.g_01587
OG0001164	Pram	Prbg.g_01645	Pram.g_01627
OG0001164	Prbh	Prbg.g_01645	Prbh.g_01787
OG0001164	Prak	Prbg.g_01645	Prak.g_01640
OG0001164	Prap	Prbg.g_01645	Prap.g_01784
OG0001164	Prbe	Prbg.g_01645	Prbe.g_00990
OG0001164	Prbf	Prbg.g_01645	Prbf.g_00698
OG0001164	Prbn	Prbg.g_01645	Prbn.g_01740
OG0001165	Prab	Prbg.g_01648	Prab.g_01668
OG0001165	Pran	Prbg.g_01648	Pran.g_00969
OG0001165	Prai	Prbg.g_01648	Prai.g_01637
OG0001165	Prad	Prbg.g_01648	Prad.g_00942
OG0001165	Prac	Prbg.g_01648	Prac.g_00626
OG0001165	Praq	Prbg.g_01648	Praq.g_00498
OG0001165	Prar	Prbg.g_01648	Prar.g_01144
OG0001165	Prag	Prbg.g_01648	Prag.g_01668
OG0001165	Praw	Prbg.g_01648	Praw.g_00514
OG0001165	Prav	Prbg.g_01648	Prav.g_01760
OG0001165	Prbd	Prbg.g_01648	Prbd.g_01526
OG0001165	Prae	Prbg.g_01648	Prae.g_01622
OG0001165	Prax	Prbg.g_01648	Prax.g_01560
OG0001165	Pray	Prbg.g_01648	Pray.g_01560
OG0001165	Praz	Prbg.g_01648	Praz.g_00878
OG0001165	Prba	Prbg.g_01648	Prba.g_00227
OG0001165	Praa	Prbg.g_01648	Praa.g_01634
OG0001165	Prao	Prbg.g_01648	Prao.g_01551
OG0001165	Pras	Prbg.g_01648	Pras.g_00549
OG0001165	Prau	Prbg.g_01648	Prau.g_01731
OG0001165	Prbj	Prbg.g_01648	Prbj.g_00862
OG0001165	Prbk	Prbg.g_01648	Prbk.g_00912
OG0001165	Prbl	Prbg.g_01648	Prbl.g_00398
OG0001165	Praf	Prbg.g_01648	Praf.g_00484
OG0001165	Prah	Prbg.g_01648	Prah.g_01673
OG0001165	Syak	Prbg.g_01648	Syak.g_02418
OG0001165	Syab	Prbg.g_01648	Syab.g_02252
OG0001165	Syal	Prbg.g_01648	Syal.g_00584
OG0001165	Syag	Prbg.g_01648	Syag.g_01685
OG0001165	Syan	Prbg.g_01648	Syan.g_01397
OG0001165	Syao	Prbg.g_01648	Syao.g_01559
OG0001165	Syas	Prbg.g_01648	Syas.g_02686
OG0001165	Syap	Prbg.g_01648	Syap.g_00619
OG0001165	Syar	Prbg.g_01648	Syar.g_02927
OG0001165	Syat	Prbg.g_01648	Syat.g_03121
OG0001165	Syad	Prbg.g_01648	Syad.g_02621
OG0001165	Syaj	Prbg.g_01648	Syaj.g_01716
OG0001165	Syaq	Prbg.g_01648	Syaq.g_01674
OG0001165	Syac	Prbg.g_01648	Syac.g_00551
OG0001165	Syah	Prbg.g_01648	Syah.g_02381
OG0001165	Syam	Prbg.g_01648	Syam.g_01988
OG0001165	Syai	Prbg.g_01648	Syai.g_02374
OG0001165	Syaf	Prbg.g_01648	Syaf.g_01039
OG0001165	Syaa	Prbg.g_01648	Syaa.g_00555
OG0001165	Syae	Prbg.g_01648	Syae.g_01161
OG0001165	Praj	Prbg.g_01648	Praj.g_01767
OG0001165	Prbb	Prbg.g_01648	Prbb.g_01822
OG0001165	Prbc	Prbg.g_01648	Prbc.g_00831
OG0001165	Prbm	Prbg.g_01648	Prbm.g_01840
OG0001165	Pral	Prbg.g_01648	Pral.g_00105
OG0001165	Prat	Prbg.g_01648	Prat.g_01590
OG0001165	Pram	Prbg.g_01648	Pram.g_01630
OG0001165	Prbh	Prbg.g_01648	Prbh.g_01784
OG0001165	Prak	Prbg.g_01648	Prak.g_01643
OG0001165	Prap	Prbg.g_01648	Prap.g_01781
OG0001165	Prbe	Prbg.g_01648	Prbe.g_00987
OG0001165	Prbf	Prbg.g_01648	Prbf.g_00695
OG0001165	Prbn	Prbg.g_01648	Prbn.g_01743
OG0001166	Praa	Prbg.g_01669	Praa.g_01654
OG0001166	Prab	Prbg.g_01669	Prab.g_01688
OG0001166	Prad	Prbg.g_01669	Prad.g_00922
OG0001166	Prae	Prbg.g_01669	Prae.g_01642
OG0001166	Prag	Prbg.g_01669	Prag.g_01688
OG0001166	Prai	Prbg.g_01669	Prai.g_01657
OG0001166	Pran	Prbg.g_01669	Pran.g_00989
OG0001166	Prao	Prbg.g_01669	Prao.g_01571
OG0001166	Pras	Prbg.g_01669	Pras.g_00569
OG0001166	Prau	Prbg.g_01669	Prau.g_01751
OG0001166	Prav	Prbg.g_01669	Prav.g_01780
OG0001166	Praw	Prbg.g_01669	Praw.g_00534
OG0001166	Prax	Prbg.g_01669	Prax.g_01540
OG0001166	Pray	Prbg.g_01669	Pray.g_01540
OG0001166	Praz	Prbg.g_01669	Praz.g_00858
OG0001166	Prba	Prbg.g_01669	Prba.g_00601
OG0001166	Prbd	Prbg.g_01669	Prbd.g_01506
OG0001166	Prbi	Prbg.g_01669	Prbi.g_01806
OG0001166	Prac	Prbg.g_01669	Prac.g_00606
OG0001166	Praq	Prbg.g_01669	Praq.g_00478
OG0001166	Prar	Prbg.g_01669	Prar.g_01124
OG0001166	Syag	Prbg.g_01669	Syag.g_01715
OG0001166	Syab	Prbg.g_01669	Syab.g_02296
OG0001166	Syal	Prbg.g_01669	Syal.g_00613
OG0001166	Syaa	Prbg.g_01669	Syaa.g_00527
OG0001166	Syad	Prbg.g_01669	Syad.g_02647
OG0001166	Syae	Prbg.g_01669	Syae.g_01186
OG0001166	Syaf	Prbg.g_01669	Syaf.g_01010
OG0001166	Syai	Prbg.g_01669	Syai.g_02400
OG0001166	Syaj	Prbg.g_01669	Syaj.g_01746
OG0001166	Syam	Prbg.g_01669	Syam.g_02011
OG0001166	Syac	Prbg.g_01669	Syac.g_00520
OG0001166	Syah	Prbg.g_01669	Syah.g_02410
OG0001166	Syat	Prbg.g_01669	Syat.g_03050
OG0001166	Syao	Prbg.g_01669	Syao.g_01673
OG0001166	Syar	Prbg.g_01669	Syar.g_02959
OG0001166	Syak	Prbg.g_01669	Syak.g_02394
OG0001166	Syaq	Prbg.g_01669	Syaq.g_01652
OG0001166	Syas	Prbg.g_01669	Syas.g_02658
OG0001166	Syan	Prbg.g_01669	Syan.g_01430
OG0001166	Praf	Prbg.g_01669	Praf.g_00459
OG0001166	Prah	Prbg.g_01669	Prah.g_01699
OG0001166	Prbj	Prbg.g_01669	Prbj.g_00482
OG0001166	Prbk	Prbg.g_01669	Prbk.g_01438
OG0001166	Prbl	Prbg.g_01669	Prbl.g_00371
OG0001166	Pram	Prbg.g_01669	Pram.g_01651
OG0001166	Prbh	Prbg.g_01669	Prbh.g_01763
OG0001166	Prat	Prbg.g_01669	Prat.g_01610
OG0001166	Praj	Prbg.g_01669	Praj.g_01785
OG0001166	Prak	Prbg.g_01669	Prak.g_01664
OG0001166	Pral	Prbg.g_01669	Pral.g_00126
OG0001166	Prap	Prbg.g_01669	Prap.g_01760
OG0001166	Prbb	Prbg.g_01669	Prbb.g_01840
OG0001166	Prbc	Prbg.g_01669	Prbc.g_00849
OG0001166	Prbe	Prbg.g_01669	Prbe.g_00966
OG0001166	Prbf	Prbg.g_01669	Prbf.g_00674
OG0001166	Prbm	Prbg.g_01669	Prbm.g_01858
OG0001166	Prbn	Prbg.g_01669	Prbn.g_01764
OG0001167	Prab	Prbg.g_01686	Prab.g_01705
OG0001167	Pran	Prbg.g_01686	Pran.g_01006
OG0001167	Prai	Prbg.g_01686	Prai.g_01674
OG0001167	Prag	Prbg.g_01686	Prag.g_01705
OG0001167	Praw	Prbg.g_01686	Praw.g_00551
OG0001167	Prac	Prbg.g_01686	Prac.g_00589
OG0001167	Praq	Prbg.g_01686	Praq.g_00461
OG0001167	Prar	Prbg.g_01686	Prar.g_01959
OG0001167	Prav	Prbg.g_01686	Prav.g_01797
OG0001167	Prbd	Prbg.g_01686	Prbd.g_01489
OG0001167	Prao	Prbg.g_01686	Prao.g_01588
OG0001167	Pray	Prbg.g_01686	Pray.g_01523
OG0001167	Praz	Prbg.g_01686	Praz.g_00841
OG0001167	Prba	Prbg.g_01686	Prba.g_00584
OG0001167	Pras	Prbg.g_01686	Pras.g_00586
OG0001167	Prad	Prbg.g_01686	Prad.g_00905
OG0001167	Praa	Prbg.g_01686	Praa.g_01672
OG0001167	Prae	Prbg.g_01686	Prae.g_01659
OG0001167	Prbi	Prbg.g_01686	Prbi.g_01823
OG0001167	Prau	Prbg.g_01686	Prau.g_01768
OG0001167	Prax	Prbg.g_01686	Prax.g_01523
OG0001167	Prbm	Prbg.g_01686	Prbm.g_01876
OG0001167	Prbc	Prbg.g_01686	Prbc.g_00867
OG0001167	Praj	Prbg.g_01686	Praj.g_01803
OG0001167	Prbb	Prbg.g_01686	Prbb.g_01858
OG0001167	Pral	Prbg.g_01686	Pral.g_00143
OG0001167	Prat	Prbg.g_01686	Prat.g_01628
OG0001167	Prbj	Prbg.g_01686	Prbj.g_00461
OG0001167	Prbk	Prbg.g_01686	Prbk.g_01417
OG0001167	Prbl	Prbg.g_01686	Prbl.g_00350
OG0001167	Praf	Prbg.g_01686	Praf.g_00437
OG0001167	Prah	Prbg.g_01686	Prah.g_01725
OG0001167	Syae	Prbg.g_01686	Syae.g_01031
OG0001167	Syaf	Prbg.g_01686	Syaf.g_01182
OG0001167	Syai	Prbg.g_01686	Syai.g_02254
OG0001167	Syam	Prbg.g_01686	Syam.g_01888
OG0001167	Syac	Prbg.g_01686	Syac.g_00667
OG0001167	Syah	Prbg.g_01686	Syah.g_02259
OG0001167	Syaa	Prbg.g_01686	Syaa.g_00673
OG0001167	Syad	Prbg.g_01686	Syad.g_02486
OG0001167	Syaj	Prbg.g_01686	Syaj.g_01592
OG0001167	Syak	Prbg.g_01686	Syak.g_02366
OG0001167	Syab	Prbg.g_01686	Syab.g_02322
OG0001167	Syal	Prbg.g_01686	Syal.g_00638
OG0001167	Syat	Prbg.g_01686	Syat.g_03019
OG0001167	Syar	Prbg.g_01686	Syar.g_02982
OG0001167	Syas	Prbg.g_01686	Syas.g_01046
OG0001167	Syao	Prbg.g_01686	Syao.g_01006
OG0001167	Syan	Prbg.g_01686	Syan.g_00992
OG0001167	Syag	Prbg.g_01686	Syag.g_02383
OG0001167	Syaq	Prbg.g_01686	Syaq.g_01039
OG0001167	Pram	Prbg.g_01686	Pram.g_01669
OG0001167	Prbh	Prbg.g_01686	Prbh.g_01745
OG0001167	Prak	Prbg.g_01686	Prak.g_01681
OG0001167	Prap	Prbg.g_01686	Prap.g_01742
OG0001167	Prbe	Prbg.g_01686	Prbe.g_00949
OG0001167	Prbf	Prbg.g_01686	Prbf.g_00657
OG0001167	Prbn	Prbg.g_01686	Prbn.g_01782
OG0001168	Prab	Prbg.g_01688	Prab.g_01707
OG0001168	Pran	Prbg.g_01688	Pran.g_01008
OG0001168	Prai	Prbg.g_01688	Prai.g_01676
OG0001168	Prav	Prbg.g_01688	Prav.g_01799
OG0001168	Prac	Prbg.g_01688	Prac.g_00587
OG0001168	Praq	Prbg.g_01688	Praq.g_00459
OG0001168	Prar	Prbg.g_01688	Prar.g_01957
OG0001168	Prad	Prbg.g_01688	Prad.g_00903
OG0001168	Pray	Prbg.g_01688	Pray.g_01521
OG0001168	Praz	Prbg.g_01688	Praz.g_00839
OG0001168	Prba	Prbg.g_01688	Prba.g_00582
OG0001168	Prao	Prbg.g_01688	Prao.g_01590
OG0001168	Prbd	Prbg.g_01688	Prbd.g_01487
OG0001168	Pras	Prbg.g_01688	Pras.g_00588
OG0001168	Prag	Prbg.g_01688	Prag.g_01707
OG0001168	Praw	Prbg.g_01688	Praw.g_00553
OG0001168	Prax	Prbg.g_01688	Prax.g_01521
OG0001168	Prau	Prbg.g_01688	Prau.g_01770
OG0001168	Prae	Prbg.g_01688	Prae.g_01661
OG0001168	Prbi	Prbg.g_01688	Prbi.g_01825
OG0001168	Praa	Prbg.g_01688	Praa.g_01674
OG0001168	Prbc	Prbg.g_01688	Prbc.g_00868
OG0001168	Prbm	Prbg.g_01688	Prbm.g_01877
OG0001168	Praj	Prbg.g_01688	Praj.g_01804
OG0001168	Prbb	Prbg.g_01688	Prbb.g_01859
OG0001168	Syan	Prbg.g_01688	Syan.g_01456
OG0001168	Syao	Prbg.g_01688	Syao.g_01648
OG0001168	Syar	Prbg.g_01688	Syar.g_02983
OG0001168	Syap	Prbg.g_01688	Syap.g_01372
OG0001168	Syat	Prbg.g_01688	Syat.g_03017
OG0001168	Syas	Prbg.g_01688	Syas.g_02597
OG0001168	Prah	Prbg.g_01688	Prah.g_01727
OG0001168	Praf	Prbg.g_01688	Praf.g_00435
OG0001168	Prbj	Prbg.g_01688	Prbj.g_00459
OG0001168	Prbk	Prbg.g_01688	Prbk.g_01415
OG0001168	Prbl	Prbg.g_01688	Prbl.g_00348
OG0001168	Syad	Prbg.g_01688	Syad.g_02488
OG0001168	Syaj	Prbg.g_01688	Syaj.g_01594
OG0001168	Syaa	Prbg.g_01688	Syaa.g_00672
OG0001168	Syae	Prbg.g_01688	Syae.g_01033
OG0001168	Syac	Prbg.g_01688	Syac.g_00665
OG0001168	Syah	Prbg.g_01688	Syah.g_02261
OG0001168	Syaf	Prbg.g_01688	Syaf.g_01180
OG0001168	Syai	Prbg.g_01688	Syai.g_02256
OG0001168	Syam	Prbg.g_01688	Syam.g_01890
OG0001168	Syag	Prbg.g_01688	Syag.g_01740
OG0001168	Syak	Prbg.g_01688	Syak.g_02364
OG0001168	Syab	Prbg.g_01688	Syab.g_02324
OG0001168	Syal	Prbg.g_01688	Syal.g_00640
OG0001168	Pral	Prbg.g_01688	Pral.g_00145
OG0001168	Prat	Prbg.g_01688	Prat.g_01630
OG0001168	Pram	Prbg.g_01688	Pram.g_01671
OG0001168	Prbh	Prbg.g_01688	Prbh.g_01743
OG0001168	Prak	Prbg.g_01688	Prak.g_01683
OG0001168	Prap	Prbg.g_01688	Prap.g_01740
OG0001168	Prbe	Prbg.g_01688	Prbe.g_00947
OG0001168	Prbf	Prbg.g_01688	Prbf.g_00655
OG0001168	Prbn	Prbg.g_01688	Prbn.g_01784
OG0001169	Prab	Prbg.g_01690	Prab.g_01709
OG0001169	Pran	Prbg.g_01690	Pran.g_01010
OG0001169	Prai	Prbg.g_01690	Prai.g_01678
OG0001169	Prac	Prbg.g_01690	Prac.g_00585
OG0001169	Praq	Prbg.g_01690	Praq.g_00457
OG0001169	Prar	Prbg.g_01690	Prar.g_00596
OG0001169	Prad	Prbg.g_01690	Prad.g_00901
OG0001169	Prbi	Prbg.g_01690	Prbi.g_01827
OG0001169	Prae	Prbg.g_01690	Prae.g_01663
OG0001169	Praa	Prbg.g_01690	Praa.g_01676
OG0001169	Prax	Prbg.g_01690	Prax.g_01519
OG0001169	Pras	Prbg.g_01690	Pras.g_00590
OG0001169	Prau	Prbg.g_01690	Prau.g_01772
OG0001169	Prbd	Prbg.g_01690	Prbd.g_01485
OG0001169	Prao	Prbg.g_01690	Prao.g_01592
OG0001169	Prag	Prbg.g_01690	Prag.g_01709
OG0001169	Praw	Prbg.g_01690	Praw.g_00555
OG0001169	Pray	Prbg.g_01690	Pray.g_01519
OG0001169	Praz	Prbg.g_01690	Praz.g_00837
OG0001169	Prba	Prbg.g_01690	Prba.g_00580
OG0001169	Prav	Prbg.g_01690	Prav.g_01801
OG0001169	Prbm	Prbg.g_01690	Prbm.g_01879
OG0001169	Praj	Prbg.g_01690	Praj.g_01806
OG0001169	Prbb	Prbg.g_01690	Prbb.g_01861
OG0001169	Prbc	Prbg.g_01690	Prbc.g_00870
OG0001169	Pral	Prbg.g_01690	Pral.g_00147
OG0001169	Prat	Prbg.g_01690	Prat.g_01632
OG0001169	Prbj	Prbg.g_01690	Prbj.g_00457
OG0001169	Prbk	Prbg.g_01690	Prbk.g_01413
OG0001169	Prbl	Prbg.g_01690	Prbl.g_00346
OG0001169	Praf	Prbg.g_01690	Praf.g_00433
OG0001169	Prah	Prbg.g_01690	Prah.g_01729
OG0001169	Syag	Prbg.g_01690	Syag.g_01742
OG0001169	Syaq	Prbg.g_01690	Syaq.g_01620
OG0001169	Syak	Prbg.g_01690	Syak.g_02362
OG0001169	Syab	Prbg.g_01690	Syab.g_02326
OG0001169	Syal	Prbg.g_01690	Syal.g_00642
OG0001169	Syao	Prbg.g_01690	Syao.g_01646
OG0001169	Syas	Prbg.g_01690	Syas.g_02595
OG0001169	Syan	Prbg.g_01690	Syan.g_01458
OG0001169	Syat	Prbg.g_01690	Syat.g_03015
OG0001169	Syar	Prbg.g_01690	Syar.g_02985
OG0001169	Syaa	Prbg.g_01690	Syaa.g_00670
OG0001169	Syac	Prbg.g_01690	Syac.g_00663
OG0001169	Syah	Prbg.g_01690	Syah.g_02263
OG0001169	Syaf	Prbg.g_01690	Syaf.g_01178
OG0001169	Syai	Prbg.g_01690	Syai.g_02258
OG0001169	Syam	Prbg.g_01690	Syam.g_01892
OG0001169	Syae	Prbg.g_01690	Syae.g_01035
OG0001169	Syad	Prbg.g_01690	Syad.g_02490
OG0001169	Syaj	Prbg.g_01690	Syaj.g_01596
OG0001169	Pram	Prbg.g_01690	Pram.g_01673
OG0001169	Prbh	Prbg.g_01690	Prbh.g_01741
OG0001169	Prak	Prbg.g_01690	Prak.g_01685
OG0001169	Prap	Prbg.g_01690	Prap.g_01738
OG0001169	Prbe	Prbg.g_01690	Prbe.g_00945
OG0001169	Prbf	Prbg.g_01690	Prbf.g_00653
OG0001169	Prbn	Prbg.g_01690	Prbn.g_01786
OG0001170	Pray	Prbg.g_01692	Pray.g_01517
OG0001170	Praz	Prbg.g_01692	Praz.g_00835
OG0001170	Prba	Prbg.g_01692	Prba.g_00578
OG0001170	Prao	Prbg.g_01692	Prao.g_01594
OG0001170	Prbi	Prbg.g_01692	Prbi.g_01829
OG0001170	Praa	Prbg.g_01692	Praa.g_01678
OG0001170	Prae	Prbg.g_01692	Prae.g_01665
OG0001170	Prab	Prbg.g_01692	Prab.g_01711
OG0001170	Pran	Prbg.g_01692	Pran.g_01012
OG0001170	Prai	Prbg.g_01692	Prai.g_01680
OG0001170	Pras	Prbg.g_01692	Pras.g_00592
OG0001170	Prau	Prbg.g_01692	Prau.g_01774
OG0001170	Prag	Prbg.g_01692	Prag.g_01711
OG0001170	Praw	Prbg.g_01692	Praw.g_00557
OG0001170	Prbd	Prbg.g_01692	Prbd.g_01483
OG0001170	Prax	Prbg.g_01692	Prax.g_01517
OG0001170	Prad	Prbg.g_01692	Prad.g_00899
OG0001170	Prav	Prbg.g_01692	Prav.g_01803
OG0001170	Prac	Prbg.g_01692	Prac.g_00583
OG0001170	Praq	Prbg.g_01692	Praq.g_00455
OG0001170	Prar	Prbg.g_01692	Prar.g_00598
OG0001170	Prbj	Prbg.g_01692	Prbj.g_00455
OG0001170	Prbk	Prbg.g_01692	Prbk.g_01411
OG0001170	Prbl	Prbg.g_01692	Prbl.g_00344
OG0001170	Praf	Prbg.g_01692	Praf.g_00431
OG0001170	Prah	Prbg.g_01692	Prah.g_01731
OG0001170	Syas	Prbg.g_01692	Syas.g_02593
OG0001170	Syat	Prbg.g_01692	Syat.g_03013
OG0001170	Syan	Prbg.g_01692	Syan.g_01460
OG0001170	Syao	Prbg.g_01692	Syao.g_01644
OG0001170	Syar	Prbg.g_01692	Syar.g_02987
OG0001170	Syaa	Prbg.g_01692	Syaa.g_00668
OG0001170	Syad	Prbg.g_01692	Syad.g_02492
OG0001170	Syaj	Prbg.g_01692	Syaj.g_01597
OG0001170	Syam	Prbg.g_01692	Syam.g_01894
OG0001170	Syaf	Prbg.g_01692	Syaf.g_01176
OG0001170	Syai	Prbg.g_01692	Syai.g_02260
OG0001170	Syac	Prbg.g_01692	Syac.g_00661
OG0001170	Syah	Prbg.g_01692	Syah.g_02265
OG0001170	Syae	Prbg.g_01692	Syae.g_01037
OG0001170	Syag	Prbg.g_01692	Syag.g_01744
OG0001170	Syaq	Prbg.g_01692	Syaq.g_01618
OG0001170	Syak	Prbg.g_01692	Syak.g_02360
OG0001170	Syab	Prbg.g_01692	Syab.g_02328
OG0001170	Syal	Prbg.g_01692	Syal.g_00644
OG0001170	Praj	Prbg.g_01692	Praj.g_01808
OG0001170	Prbc	Prbg.g_01692	Prbc.g_00872
OG0001170	Prbm	Prbg.g_01692	Prbm.g_01881
OG0001170	Prbb	Prbg.g_01692	Prbb.g_01863
OG0001170	Prat	Prbg.g_01692	Prat.g_01634
OG0001170	Pral	Prbg.g_01692	Pral.g_00149
OG0001170	Pram	Prbg.g_01692	Pram.g_01675
OG0001170	Prbh	Prbg.g_01692	Prbh.g_01739
OG0001170	Prak	Prbg.g_01692	Prak.g_01687
OG0001170	Prap	Prbg.g_01692	Prap.g_01736
OG0001170	Prbe	Prbg.g_01692	Prbe.g_00943
OG0001170	Prbf	Prbg.g_01692	Prbf.g_00651
OG0001170	Prbn	Prbg.g_01692	Prbn.g_01788
OG0001171	Prab	Prbg.g_01702	Prab.g_01720
OG0001171	Pran	Prbg.g_01702	Pran.g_01021
OG0001171	Prai	Prbg.g_01702	Prai.g_01689
OG0001171	Prav	Prbg.g_01702	Prav.g_01813
OG0001171	Prao	Prbg.g_01702	Prao.g_01603
OG0001171	Prbi	Prbg.g_01702	Prbi.g_01838
OG0001171	Prbd	Prbg.g_01702	Prbd.g_01473
OG0001171	Pray	Prbg.g_01702	Pray.g_01508
OG0001171	Praz	Prbg.g_01702	Praz.g_00826
OG0001171	Prba	Prbg.g_01702	Prba.g_00569
OG0001171	Prae	Prbg.g_01702	Prae.g_01674
OG0001171	Prag	Prbg.g_01702	Prag.g_01721
OG0001171	Praw	Prbg.g_01702	Praw.g_00567
OG0001171	Prad	Prbg.g_01702	Prad.g_00889
OG0001171	Prax	Prbg.g_01702	Prax.g_01507
OG0001171	Praa	Prbg.g_01702	Praa.g_01688
OG0001171	Pras	Prbg.g_01702	Pras.g_00602
OG0001171	Prau	Prbg.g_01702	Prau.g_01783
OG0001171	Prac	Prbg.g_01702	Prac.g_00574
OG0001171	Praq	Prbg.g_01702	Praq.g_00446
OG0001171	Prar	Prbg.g_01702	Prar.g_00607
OG0001171	Pram	Prbg.g_01702	Pram.g_01685
OG0001171	Prbh	Prbg.g_01702	Prbh.g_01729
OG0001171	Prat	Prbg.g_01702	Prat.g_01645
OG0001171	Prbj	Prbg.g_01702	Prbj.g_00445
OG0001171	Prbl	Prbg.g_01702	Prbl.g_00334
OG0001171	Prbk	Prbg.g_01702	Prbk.g_01401
OG0001171	Prah	Prbg.g_01702	Prah.g_01742
OG0001171	Praf	Prbg.g_01702	Praf.g_00421
OG0001171	Syab	Prbg.g_01702	Syab.g_02339
OG0001171	Syak	Prbg.g_01702	Syak.g_02349
OG0001171	Syaa	Prbg.g_01702	Syaa.g_00655
OG0001171	Syad	Prbg.g_01702	Syad.g_02503
OG0001171	Syaj	Prbg.g_01702	Syaj.g_01607
OG0001171	Syaf	Prbg.g_01702	Syaf.g_01166
OG0001171	Syai	Prbg.g_01702	Syai.g_02270
OG0001171	Syam	Prbg.g_01702	Syam.g_01904
OG0001171	Syae	Prbg.g_01702	Syae.g_01047
OG0001171	Syac	Prbg.g_01702	Syac.g_00650
OG0001171	Syah	Prbg.g_01702	Syah.g_02276
OG0001171	Syag	Prbg.g_01702	Syag.g_01755
OG0001171	Syaq	Prbg.g_01702	Syaq.g_01607
OG0001171	Syar	Prbg.g_01702	Syar.g_02999
OG0001171	Syap	Prbg.g_01702	Syap.g_01505
OG0001171	Syan	Prbg.g_01702	Syan.g_01470
OG0001171	Syao	Prbg.g_01702	Syao.g_01632
OG0001171	Syas	Prbg.g_01702	Syas.g_02580
OG0001171	Syat	Prbg.g_01702	Syat.g_03001
OG0001171	Praj	Prbg.g_01702	Praj.g_01818
OG0001171	Prbb	Prbg.g_01702	Prbb.g_01873
OG0001171	Prbc	Prbg.g_01702	Prbc.g_00882
OG0001171	Prbm	Prbg.g_01702	Prbm.g_01891
OG0001171	Pral	Prbg.g_01702	Pral.g_00160
OG0001171	Prak	Prbg.g_01702	Prak.g_01697
OG0001171	Prap	Prbg.g_01702	Prap.g_01726
OG0001171	Prbe	Prbg.g_01702	Prbe.g_00933
OG0001171	Prbf	Prbg.g_01702	Prbf.g_00641
OG0001171	Prbn	Prbg.g_01702	Prbn.g_01798
OG0001172	Prab	Prbg.g_01718	Prab.g_01734
OG0001172	Pran	Prbg.g_01718	Pran.g_01035
OG0001172	Prai	Prbg.g_01718	Prai.g_01704
OG0001172	Prao	Prbg.g_01718	Prao.g_01618
OG0001172	Prac	Prbg.g_01718	Prac.g_00479
OG0001172	Praq	Prbg.g_01718	Praq.g_00948
OG0001172	Prar	Prbg.g_01718	Prar.g_01111
OG0001172	Pray	Prbg.g_01718	Pray.g_01237
OG0001172	Praz	Prbg.g_01718	Praz.g_00332
OG0001172	Prba	Prbg.g_01718	Prba.g_00360
OG0001172	Prad	Prbg.g_01718	Prad.g_00876
OG0001172	Prag	Prbg.g_01718	Prag.g_01735
OG0001172	Praw	Prbg.g_01718	Praw.g_01914
OG0001172	Prav	Prbg.g_01718	Prav.g_00271
OG0001172	Praa	Prbg.g_01718	Praa.g_01702
OG0001172	Prbi	Prbg.g_01718	Prbi.g_01851
OG0001172	Pras	Prbg.g_01718	Pras.g_00616
OG0001172	Prau	Prbg.g_01718	Prau.g_01797
OG0001172	Prae	Prbg.g_01718	Prae.g_01689
OG0001172	Prax	Prbg.g_01718	Prax.g_01265
OG0001172	Prbd	Prbg.g_01718	Prbd.g_01460
OG0001172	Prbm	Prbg.g_01718	Prbm.g_01952
OG0001172	Prbc	Prbg.g_01718	Prbc.g_00937
OG0001172	Praj	Prbg.g_01718	Praj.g_01872
OG0001172	Prbb	Prbg.g_01718	Prbb.g_01926
OG0001172	Syab	Prbg.g_01718	Syab.g_00371
OG0001172	Syal	Prbg.g_01718	Syal.g_00198
OG0001172	Syak	Prbg.g_01718	Syak.g_01388
OG0001172	Syae	Prbg.g_01718	Syae.g_02036
OG0001172	Syad	Prbg.g_01718	Syad.g_00594
OG0001172	Syaj	Prbg.g_01718	Syaj.g_02641
OG0001172	Syaa	Prbg.g_01718	Syaa.g_02347
OG0001172	Syac	Prbg.g_01718	Syac.g_02187
OG0001172	Syah	Prbg.g_01718	Syah.g_00692
OG0001172	Syaf	Prbg.g_01718	Syaf.g_00173
OG0001172	Syai	Prbg.g_01718	Syai.g_00323
OG0001172	Syam	Prbg.g_01718	Syam.g_00292
OG0001172	Syaq	Prbg.g_01718	Syaq.g_00690
OG0001172	Syag	Prbg.g_01718	Syag.g_02693
OG0001172	Syan	Prbg.g_01718	Syan.g_02110
OG0001172	Syao	Prbg.g_01718	Syao.g_01914
OG0001172	Syas	Prbg.g_01718	Syas.g_01665
OG0001172	Syat	Prbg.g_01718	Syat.g_01858
OG0001172	Syar	Prbg.g_01718	Syar.g_00143
OG0001172	Syap	Prbg.g_01718	Syap.g_00547
OG0001172	Prbj	Prbg.g_01718	Prbj.g_02653
OG0001172	Prbk	Prbg.g_01718	Prbk.g_01908
OG0001172	Praf	Prbg.g_01718	Praf.g_02197
OG0001172	Prah	Prbg.g_01718	Prah.g_02068
OG0001172	Pral	Prbg.g_01718	Pral.g_00175
OG0001172	Prat	Prbg.g_01718	Prat.g_01660
OG0001172	Pram	Prbg.g_01718	Pram.g_01700
OG0001172	Prbh	Prbg.g_01718	Prbh.g_01714
OG0001172	Prbe	Prbg.g_01718	Prbe.g_01113
OG0001172	Prak	Prbg.g_01718	Prak.g_01713
OG0001172	Prap	Prbg.g_01718	Prap.g_01710
OG0001172	Prbf	Prbg.g_01718	Prbf.g_00625
OG0001172	Prbn	Prbg.g_01718	Prbn.g_01814
OG0001173	Prab	Prbg.g_01719	Prab.g_01735
OG0001173	Pran	Prbg.g_01719	Pran.g_01036
OG0001173	Prao	Prbg.g_01719	Prao.g_01619
OG0001173	Prac	Prbg.g_01719	Prac.g_00480
OG0001173	Praq	Prbg.g_01719	Praq.g_00947
OG0001173	Prar	Prbg.g_01719	Prar.g_01110
OG0001173	Prag	Prbg.g_01719	Prag.g_01736
OG0001173	Praw	Prbg.g_01719	Praw.g_01913
OG0001173	Prav	Prbg.g_01719	Prav.g_00272
OG0001173	Prax	Prbg.g_01719	Prax.g_01266
OG0001173	Praa	Prbg.g_01719	Praa.g_01703
OG0001173	Prbd	Prbg.g_01719	Prbd.g_01459
OG0001173	Prae	Prbg.g_01719	Prae.g_01690
OG0001173	Pras	Prbg.g_01719	Pras.g_00617
OG0001173	Prau	Prbg.g_01719	Prau.g_01798
OG0001173	Prbi	Prbg.g_01719	Prbi.g_01852
OG0001173	Pray	Prbg.g_01719	Pray.g_01238
OG0001173	Praz	Prbg.g_01719	Praz.g_00331
OG0001173	Prba	Prbg.g_01719	Prba.g_00361
OG0001173	Prad	Prbg.g_01719	Prad.g_00875
OG0001173	Prai	Prbg.g_01719	Prai.g_01705
OG0001173	Pram	Prbg.g_01719	Pram.g_01701
OG0001173	Prbh	Prbg.g_01719	Prbh.g_01713
OG0001173	Pral	Prbg.g_01719	Pral.g_00176
OG0001173	Prat	Prbg.g_01719	Prat.g_01661
OG0001173	Prbm	Prbg.g_01719	Prbm.g_01953
OG0001173	Praj	Prbg.g_01719	Praj.g_01873
OG0001173	Prbb	Prbg.g_01719	Prbb.g_01927
OG0001173	Prbc	Prbg.g_01719	Prbc.g_00938
OG0001173	Syar	Prbg.g_01719	Syar.g_00142
OG0001173	Syas	Prbg.g_01719	Syas.g_01664
OG0001173	Syat	Prbg.g_01719	Syat.g_01857
OG0001173	Syae	Prbg.g_01719	Syae.g_02037
OG0001173	Syaa	Prbg.g_01719	Syaa.g_02346
OG0001173	Syac	Prbg.g_01719	Syac.g_02186
OG0001173	Syah	Prbg.g_01719	Syah.g_00693
OG0001173	Syaf	Prbg.g_01719	Syaf.g_00172
OG0001173	Syai	Prbg.g_01719	Syai.g_00324
OG0001173	Syam	Prbg.g_01719	Syam.g_00293
OG0001173	Syad	Prbg.g_01719	Syad.g_00595
OG0001173	Syaj	Prbg.g_01719	Syaj.g_02642
OG0001173	Syab	Prbg.g_01719	Syab.g_00372
OG0001173	Syal	Prbg.g_01719	Syal.g_00199
OG0001173	Syan	Prbg.g_01719	Syan.g_02111
OG0001173	Syao	Prbg.g_01719	Syao.g_01915
OG0001173	Syag	Prbg.g_01719	Syag.g_02694
OG0001173	Syak	Prbg.g_01719	Syak.g_01387
OG0001173	Syaq	Prbg.g_01719	Syaq.g_00689
OG0001173	Prah	Prbg.g_01719	Prah.g_02067
OG0001173	Praf	Prbg.g_01719	Praf.g_02196
OG0001173	Prbj	Prbg.g_01719	Prbj.g_02652
OG0001173	Prbk	Prbg.g_01719	Prbk.g_01909
OG0001173	Prbl	Prbg.g_01719	Prbl.g_01062
OG0001173	Prak	Prbg.g_01719	Prak.g_01714
OG0001173	Prap	Prbg.g_01719	Prap.g_01709
OG0001173	Prbe	Prbg.g_01719	Prbe.g_01112
OG0001173	Prbf	Prbg.g_01719	Prbf.g_00624
OG0001173	Prbn	Prbg.g_01719	Prbn.g_01815
OG0001174	Prax	Prbg.g_01727	Prax.g_01274
OG0001174	Prbi	Prbg.g_01727	Prbi.g_01860
OG0001174	Prao	Prbg.g_01727	Prao.g_01627
OG0001174	Prae	Prbg.g_01727	Prae.g_01698
OG0001174	Pras	Prbg.g_01727	Pras.g_00625
OG0001174	Prau	Prbg.g_01727	Prau.g_01806
OG0001174	Pray	Prbg.g_01727	Pray.g_01246
OG0001174	Praz	Prbg.g_01727	Praz.g_00323
OG0001174	Prba	Prbg.g_01727	Prba.g_00369
OG0001174	Prbd	Prbg.g_01727	Prbd.g_01451
OG0001174	Prag	Prbg.g_01727	Prag.g_01744
OG0001174	Praw	Prbg.g_01727	Praw.g_01905
OG0001174	Praa	Prbg.g_01727	Praa.g_01711
OG0001174	Prav	Prbg.g_01727	Prav.g_00280
OG0001174	Prab	Prbg.g_01727	Prab.g_01743
OG0001174	Prai	Prbg.g_01727	Prai.g_01713
OG0001174	Pran	Prbg.g_01727	Pran.g_01045
OG0001174	Prad	Prbg.g_01727	Prad.g_00867
OG0001174	Prac	Prbg.g_01727	Prac.g_00488
OG0001174	Praq	Prbg.g_01727	Praq.g_00939
OG0001174	Prar	Prbg.g_01727	Prar.g_01102
OG0001174	Syag	Prbg.g_01727	Syag.g_02703
OG0001174	Syak	Prbg.g_01727	Syak.g_01379
OG0001174	Syab	Prbg.g_01727	Syab.g_00380
OG0001174	Syal	Prbg.g_01727	Syal.g_00207
OG0001174	Syac	Prbg.g_01727	Syac.g_02178
OG0001174	Syah	Prbg.g_01727	Syah.g_00701
OG0001174	Syaf	Prbg.g_01727	Syaf.g_00164
OG0001174	Syai	Prbg.g_01727	Syai.g_00332
OG0001174	Syam	Prbg.g_01727	Syam.g_00301
OG0001174	Syaa	Prbg.g_01727	Syaa.g_02338
OG0001174	Syae	Prbg.g_01727	Syae.g_02045
OG0001174	Syaq	Prbg.g_01727	Syaq.g_00681
OG0001174	Syao	Prbg.g_01727	Syao.g_01923
OG0001174	Syar	Prbg.g_01727	Syar.g_00134
OG0001174	Syas	Prbg.g_01727	Syas.g_01656
OG0001174	Syat	Prbg.g_01727	Syat.g_01849
OG0001174	Syan	Prbg.g_01727	Syan.g_02119
OG0001174	Syaj	Prbg.g_01727	Syaj.g_02650
OG0001174	Syad	Prbg.g_01727	Syad.g_00603
OG0001174	Pral	Prbg.g_01727	Pral.g_00184
OG0001174	Prat	Prbg.g_01727	Prat.g_01669
OG0001174	Praj	Prbg.g_01727	Praj.g_01881
OG0001174	Prbb	Prbg.g_01727	Prbb.g_01935
OG0001174	Prbc	Prbg.g_01727	Prbc.g_00946
OG0001174	Prbm	Prbg.g_01727	Prbm.g_01961
OG0001174	Praf	Prbg.g_01727	Praf.g_02188
OG0001174	Prah	Prbg.g_01727	Prah.g_02059
OG0001174	Prbj	Prbg.g_01727	Prbj.g_02644
OG0001174	Prbk	Prbg.g_01727	Prbk.g_01917
OG0001174	Prbl	Prbg.g_01727	Prbl.g_01054
OG0001174	Pram	Prbg.g_01727	Pram.g_01709
OG0001174	Prbh	Prbg.g_01727	Prbh.g_01705
OG0001174	Prak	Prbg.g_01727	Prak.g_01722
OG0001174	Prap	Prbg.g_01727	Prap.g_01701
OG0001174	Prbe	Prbg.g_01727	Prbe.g_01104
OG0001174	Prbf	Prbg.g_01727	Prbf.g_00616
OG0001174	Prbn	Prbg.g_01727	Prbn.g_01823
OG0001175	Prab	Prbg.g_01728	Prab.g_01744
OG0001175	Pran	Prbg.g_01728	Pran.g_01046
OG0001175	Prai	Prbg.g_01728	Prai.g_01714
OG0001175	Prag	Prbg.g_01728	Prag.g_01745
OG0001175	Praw	Prbg.g_01728	Praw.g_01904
OG0001175	Prac	Prbg.g_01728	Prac.g_00489
OG0001175	Praq	Prbg.g_01728	Praq.g_00938
OG0001175	Prar	Prbg.g_01728	Prar.g_01101
OG0001175	Prae	Prbg.g_01728	Prae.g_01699
OG0001175	Prao	Prbg.g_01728	Prao.g_01628
OG0001175	Prbd	Prbg.g_01728	Prbd.g_01450
OG0001175	Praa	Prbg.g_01728	Praa.g_01712
OG0001175	Pras	Prbg.g_01728	Pras.g_00626
OG0001175	Prau	Prbg.g_01728	Prau.g_01807
OG0001175	Prav	Prbg.g_01728	Prav.g_00281
OG0001175	Prax	Prbg.g_01728	Prax.g_01275
OG0001175	Prad	Prbg.g_01728	Prad.g_00866
OG0001175	Pray	Prbg.g_01728	Pray.g_01247
OG0001175	Praz	Prbg.g_01728	Praz.g_00322
OG0001175	Prba	Prbg.g_01728	Prba.g_00370
OG0001175	Prbi	Prbg.g_01728	Prbi.g_01861
OG0001175	Pral	Prbg.g_01728	Pral.g_00185
OG0001175	Prat	Prbg.g_01728	Prat.g_01670
OG0001175	Pram	Prbg.g_01728	Pram.g_01710
OG0001175	Prbh	Prbg.g_01728	Prbh.g_01704
OG0001175	Syar	Prbg.g_01728	Syar.g_00133
OG0001175	Syat	Prbg.g_01728	Syat.g_01848
OG0001175	Syan	Prbg.g_01728	Syan.g_02120
OG0001175	Syao	Prbg.g_01728	Syao.g_01924
OG0001175	Syae	Prbg.g_01728	Syae.g_02046
OG0001175	Syac	Prbg.g_01728	Syac.g_02177
OG0001175	Syah	Prbg.g_01728	Syah.g_00702
OG0001175	Syaa	Prbg.g_01728	Syaa.g_02337
OG0001175	Syaf	Prbg.g_01728	Syaf.g_00163
OG0001175	Syai	Prbg.g_01728	Syai.g_00333
OG0001175	Syam	Prbg.g_01728	Syam.g_00302
OG0001175	Syad	Prbg.g_01728	Syad.g_00604
OG0001175	Syaj	Prbg.g_01728	Syaj.g_02651
OG0001175	Syaq	Prbg.g_01728	Syaq.g_00680
OG0001175	Syab	Prbg.g_01728	Syab.g_00381
OG0001175	Syal	Prbg.g_01728	Syal.g_00208
OG0001175	Prbm	Prbg.g_01728	Prbm.g_01962
OG0001175	Praj	Prbg.g_01728	Praj.g_01882
OG0001175	Prbb	Prbg.g_01728	Prbb.g_01936
OG0001175	Prbc	Prbg.g_01728	Prbc.g_00947
OG0001175	Syag	Prbg.g_01728	Syag.g_02704
OG0001175	Syak	Prbg.g_01728	Syak.g_01378
OG0001175	Praf	Prbg.g_01728	Praf.g_02187
OG0001175	Prah	Prbg.g_01728	Prah.g_02058
OG0001175	Prbj	Prbg.g_01728	Prbj.g_02643
OG0001175	Prbk	Prbg.g_01728	Prbk.g_01918
OG0001175	Prbl	Prbg.g_01728	Prbl.g_01053
OG0001175	Syas	Prbg.g_01728	Syas.g_01655
OG0001175	Prak	Prbg.g_01728	Prak.g_01723
OG0001175	Prap	Prbg.g_01728	Prap.g_01700
OG0001175	Prbe	Prbg.g_01728	Prbe.g_01103
OG0001175	Prbf	Prbg.g_01728	Prbf.g_00615
OG0001175	Prbn	Prbg.g_01728	Prbn.g_01824
OG0001176	Prab	Prbg.g_01736	Prab.g_01751
OG0001176	Pran	Prbg.g_01736	Pran.g_01053
OG0001176	Prai	Prbg.g_01736	Prai.g_01721
OG0001176	Pray	Prbg.g_01736	Pray.g_01254
OG0001176	Praz	Prbg.g_01736	Praz.g_00315
OG0001176	Prba	Prbg.g_01736	Prba.g_00377
OG0001176	Prad	Prbg.g_01736	Prad.g_00859
OG0001176	Prae	Prbg.g_01736	Prae.g_01706
OG0001176	Prax	Prbg.g_01736	Prax.g_01282
OG0001176	Prbd	Prbg.g_01736	Prbd.g_01443
OG0001176	Prbi	Prbg.g_01736	Prbi.g_01869
OG0001176	Prao	Prbg.g_01736	Prao.g_01635
OG0001176	Praa	Prbg.g_01736	Praa.g_01719
OG0001176	Prag	Prbg.g_01736	Prag.g_01752
OG0001176	Praw	Prbg.g_01736	Praw.g_01897
OG0001176	Prav	Prbg.g_01736	Prav.g_00288
OG0001176	Prac	Prbg.g_01736	Prac.g_00496
OG0001176	Praq	Prbg.g_01736	Praq.g_00931
OG0001176	Prar	Prbg.g_01736	Prar.g_01094
OG0001176	Pras	Prbg.g_01736	Pras.g_00633
OG0001176	Prau	Prbg.g_01736	Prau.g_01814
OG0001176	Prbc	Prbg.g_01736	Prbc.g_00959
OG0001176	Praj	Prbg.g_01736	Praj.g_01893
OG0001176	Prbm	Prbg.g_01736	Prbm.g_01974
OG0001176	Prbb	Prbg.g_01736	Prbb.g_01947
OG0001176	Pral	Prbg.g_01736	Pral.g_00194
OG0001176	Prat	Prbg.g_01736	Prat.g_01678
OG0001176	Prbj	Prbg.g_01736	Prbj.g_01028
OG0001176	Prbk	Prbg.g_01736	Prbk.g_00991
OG0001176	Prbl	Prbg.g_01736	Prbl.g_00953
OG0001176	Praf	Prbg.g_01736	Praf.g_02171
OG0001176	Prah	Prbg.g_01736	Prah.g_02042
OG0001176	Syag	Prbg.g_01736	Syag.g_02723
OG0001176	Syaq	Prbg.g_01736	Syaq.g_00656
OG0001176	Syab	Prbg.g_01736	Syab.g_00398
OG0001176	Syal	Prbg.g_01736	Syal.g_00226
OG0001176	Syak	Prbg.g_01736	Syak.g_01354
OG0001176	Syas	Prbg.g_01736	Syas.g_01638
OG0001176	Syat	Prbg.g_01736	Syat.g_01831
OG0001176	Syan	Prbg.g_01736	Syan.g_02253
OG0001176	Syao	Prbg.g_01736	Syao.g_01799
OG0001176	Syar	Prbg.g_01736	Syar.g_01025
OG0001176	Syad	Prbg.g_01736	Syad.g_00644
OG0001176	Syaj	Prbg.g_01736	Syaj.g_02688
OG0001176	Syaa	Prbg.g_01736	Syaa.g_02314
OG0001176	Syaf	Prbg.g_01736	Syaf.g_00142
OG0001176	Syai	Prbg.g_01736	Syai.g_00352
OG0001176	Syam	Prbg.g_01736	Syam.g_00321
OG0001176	Syae	Prbg.g_01736	Syae.g_02076
OG0001176	Syac	Prbg.g_01736	Syac.g_02141
OG0001176	Syah	Prbg.g_01736	Syah.g_00738
OG0001176	Pram	Prbg.g_01736	Pram.g_01718
OG0001176	Prbh	Prbg.g_01736	Prbh.g_01696
OG0001176	Prak	Prbg.g_01736	Prak.g_01731
OG0001176	Prap	Prbg.g_01736	Prap.g_01692
OG0001176	Prbe	Prbg.g_01736	Prbe.g_01095
OG0001176	Prbf	Prbg.g_01736	Prbf.g_00607
OG0001176	Prbn	Prbg.g_01736	Prbn.g_01832
OG0001177	Prab	Prbg.g_01738	Prab.g_01753
OG0001177	Pran	Prbg.g_01738	Pran.g_01055
OG0001177	Prai	Prbg.g_01738	Prai.g_01724
OG0001177	Prag	Prbg.g_01738	Prag.g_01754
OG0001177	Praw	Prbg.g_01738	Praw.g_01895
OG0001177	Prav	Prbg.g_01738	Prav.g_00291
OG0001177	Pray	Prbg.g_01738	Pray.g_01257
OG0001177	Praz	Prbg.g_01738	Praz.g_00312
OG0001177	Prba	Prbg.g_01738	Prba.g_00380
OG0001177	Prac	Prbg.g_01738	Prac.g_00499
OG0001177	Praq	Prbg.g_01738	Praq.g_00928
OG0001177	Prar	Prbg.g_01738	Prar.g_01091
OG0001177	Pras	Prbg.g_01738	Pras.g_00636
OG0001177	Prau	Prbg.g_01738	Prau.g_01817
OG0001177	Prad	Prbg.g_01738	Prad.g_00856
OG0001177	Praa	Prbg.g_01738	Praa.g_01722
OG0001177	Prao	Prbg.g_01738	Prao.g_01638
OG0001177	Prae	Prbg.g_01738	Prae.g_01709
OG0001177	Prbi	Prbg.g_01738	Prbi.g_01872
OG0001177	Prax	Prbg.g_01738	Prax.g_01285
OG0001177	Prbd	Prbg.g_01738	Prbd.g_01440
OG0001177	Prbm	Prbg.g_01738	Prbm.g_01972
OG0001177	Prbb	Prbg.g_01738	Prbb.g_01945
OG0001177	Praj	Prbg.g_01738	Praj.g_01891
OG0001177	Prbc	Prbg.g_01738	Prbc.g_00957
OG0001177	Pral	Prbg.g_01738	Pral.g_00196
OG0001177	Prat	Prbg.g_01738	Prat.g_01680
OG0001177	Syae	Prbg.g_01738	Syae.g_02073
OG0001177	Syad	Prbg.g_01738	Syad.g_00641
OG0001177	Syaj	Prbg.g_01738	Syaj.g_02685
OG0001177	Syaf	Prbg.g_01738	Syaf.g_00144
OG0001177	Syai	Prbg.g_01738	Syai.g_00350
OG0001177	Syam	Prbg.g_01738	Syam.g_00319
OG0001177	Syaa	Prbg.g_01738	Syaa.g_02316
OG0001177	Syac	Prbg.g_01738	Syac.g_02143
OG0001177	Syah	Prbg.g_01738	Syah.g_00736
OG0001177	Syan	Prbg.g_01738	Syan.g_02256
OG0001177	Syao	Prbg.g_01738	Syao.g_01802
OG0001177	Syar	Prbg.g_01738	Syar.g_01023
OG0001177	Syap	Prbg.g_01738	Syap.g_01920
OG0001177	Syas	Prbg.g_01738	Syas.g_01640
OG0001177	Syak	Prbg.g_01738	Syak.g_01356
OG0001177	Syal	Prbg.g_01738	Syal.g_00224
OG0001177	Prbj	Prbg.g_01738	Prbj.g_01030
OG0001177	Prbk	Prbg.g_01738	Prbk.g_00993
OG0001177	Prbl	Prbg.g_01738	Prbl.g_00951
OG0001177	Praf	Prbg.g_01738	Praf.g_02173
OG0001177	Prah	Prbg.g_01738	Prah.g_02044
OG0001177	Syab	Prbg.g_01738	Syab.g_00396
OG0001177	Syag	Prbg.g_01738	Syag.g_02720
OG0001177	Syaq	Prbg.g_01738	Syaq.g_00658
OG0001177	Pram	Prbg.g_01738	Pram.g_01720
OG0001177	Prbh	Prbg.g_01738	Prbh.g_01694
OG0001177	Prak	Prbg.g_01738	Prak.g_01733
OG0001177	Prap	Prbg.g_01738	Prap.g_01690
OG0001177	Prbe	Prbg.g_01738	Prbe.g_01093
OG0001177	Prbf	Prbg.g_01738	Prbf.g_00605
OG0001177	Prbn	Prbg.g_01738	Prbn.g_01834
OG0001178	Prab	Prbg.g_01655	Prab.g_01758
OG0001178	Pran	Prbg.g_01655	Pran.g_01060
OG0001178	Prai	Prbg.g_01655	Prai.g_01729
OG0001178	Prac	Prbg.g_01655	Prac.g_00504
OG0001178	Praq	Prbg.g_01655	Praq.g_00923
OG0001178	Prar	Prbg.g_01655	Prar.g_01086
OG0001178	Prao	Prbg.g_01655	Prao.g_01643
OG0001178	Pras	Prbg.g_01655	Pras.g_00641
OG0001178	Prau	Prbg.g_01655	Prau.g_01822
OG0001178	Prad	Prbg.g_01655	Prad.g_00851
OG0001178	Prbd	Prbg.g_01655	Prbd.g_01435
OG0001178	Praa	Prbg.g_01655	Praa.g_01727
OG0001178	Prae	Prbg.g_01655	Prae.g_01714
OG0001178	Prax	Prbg.g_01655	Prax.g_01290
OG0001178	Prbi	Prbg.g_01655	Prbi.g_01877
OG0001178	Pray	Prbg.g_01655	Pray.g_01262
OG0001178	Praz	Prbg.g_01655	Praz.g_00307
OG0001178	Prba	Prbg.g_01655	Prba.g_00385
OG0001178	Prag	Prbg.g_01655	Prag.g_01759
OG0001178	Praw	Prbg.g_01655	Praw.g_01890
OG0001178	Prav	Prbg.g_01655	Prav.g_00296
OG0001178	Prbb	Prbg.g_01655	Prbb.g_01279
OG0001178	Prbm	Prbg.g_01655	Prbm.g_01345
OG0001178	Praj	Prbg.g_01655	Praj.g_01236
OG0001178	Prbc	Prbg.g_01655	Prbc.g_01309
OG0001178	Syab	Prbg.g_01655	Syab.g_02263
OG0001178	Syal	Prbg.g_01655	Syal.g_00592
OG0001178	Syao	Prbg.g_01655	Syao.g_01541
OG0001178	Syar	Prbg.g_01655	Syar.g_02943
OG0001178	Syat	Prbg.g_01655	Syat.g_03137
OG0001178	Syap	Prbg.g_01655	Syap.g_01786, Syap.g_01787
OG0001178	Syas	Prbg.g_01655	Syas.g_02676
OG0001178	Syaf	Prbg.g_01655	Syaf.g_01028
OG0001178	Syam	Prbg.g_01655	Syam.g_01995
OG0001178	Syak	Prbg.g_01655	Syak.g_02411
OG0001178	Syag	Prbg.g_01655	Syag.g_01694
OG0001178	Syaq	Prbg.g_01655	Syaq.g_01667
OG0001178	Syae	Prbg.g_01655	Syae.g_01168
OG0001178	Syai	Prbg.g_01655	Syai.g_02383
OG0001178	Syaa	Prbg.g_01655	Syaa.g_00546
OG0001178	Syaj	Prbg.g_01655	Syaj.g_01726
OG0001178	Syad	Prbg.g_01655	Syad.g_02629
OG0001178	Syac	Prbg.g_01655	Syac.g_00539
OG0001178	Syah	Prbg.g_01655	Syah.g_02390
OG0001178	Praf	Prbg.g_01655	Praf.g_00474
OG0001178	Prbj	Prbg.g_01655	Prbj.g_00851
OG0001178	Prbk	Prbg.g_01655	Prbk.g_00901
OG0001178	Prah	Prbg.g_01655	Prah.g_01682
OG0001178	Pral	Prbg.g_01655	Pral.g_00112
OG0001178	Prat	Prbg.g_01655	Prat.g_01597
OG0001178	Pram	Prbg.g_01655	Pram.g_01637
OG0001178	Prbh	Prbg.g_01655	Prbh.g_01777
OG0001178	Prak	Prbg.g_01655	Prak.g_01650
OG0001178	Prap	Prbg.g_01655	Prap.g_01774
OG0001178	Prbe	Prbg.g_01655	Prbe.g_00980
OG0001178	Prbf	Prbg.g_01655	Prbf.g_00688
OG0001178	Prbn	Prbg.g_01655	Prbn.g_01750
OG0001179	Praa	Prbg.g_01768	Praa.g_01759
OG0001179	Prae	Prbg.g_01768	Prae.g_01742
OG0001179	Prax	Prbg.g_01768	Prax.g_01322
OG0001179	Prbd	Prbg.g_01768	Prbd.g_01407
OG0001179	Prbi	Prbg.g_01768	Prbi.g_01922
OG0001179	Pras	Prbg.g_01768	Pras.g_00671
OG0001179	Prau	Prbg.g_01768	Prau.g_01853
OG0001179	Pray	Prbg.g_01768	Pray.g_01290
OG0001179	Praz	Prbg.g_01768	Praz.g_00279
OG0001179	Prba	Prbg.g_01768	Prba.g_00413
OG0001179	Prao	Prbg.g_01768	Prao.g_01671
OG0001179	Prab	Prbg.g_01768	Prab.g_01786
OG0001179	Pran	Prbg.g_01768	Pran.g_01089
OG0001179	Prai	Prbg.g_01768	Prai.g_01761
OG0001179	Prag	Prbg.g_01768	Prag.g_01788
OG0001179	Praw	Prbg.g_01768	Praw.g_00112
OG0001179	Prad	Prbg.g_01768	Prad.g_00823
OG0001179	Prac	Prbg.g_01768	Prac.g_00532
OG0001179	Praq	Prbg.g_01768	Praq.g_00895
OG0001179	Prar	Prbg.g_01768	Prar.g_01043
OG0001179	Prav	Prbg.g_01768	Prav.g_00616
OG0001179	Praj	Prbg.g_01768	Praj.g_01935
OG0001179	Prbb	Prbg.g_01768	Prbb.g_01984
OG0001179	Prbm	Prbg.g_01768	Prbm.g_02016
OG0001179	Prbc	Prbg.g_01768	Prbc.g_00301
OG0001179	Pral	Prbg.g_01768	Pral.g_00226
OG0001179	Prat	Prbg.g_01768	Prat.g_01710
OG0001179	Syaa	Prbg.g_01768	Syaa.g_02268
OG0001179	Syac	Prbg.g_01768	Syac.g_02112
OG0001179	Syah	Prbg.g_01768	Syah.g_00767
OG0001179	Syae	Prbg.g_01768	Syae.g_02106
OG0001179	Syad	Prbg.g_01768	Syad.g_00675
OG0001179	Syaj	Prbg.g_01768	Syaj.g_02719
OG0001179	Syaf	Prbg.g_01768	Syaf.g_00112
OG0001179	Syai	Prbg.g_01768	Syai.g_00385
OG0001179	Syam	Prbg.g_01768	Syam.g_00351
OG0001179	Praf	Prbg.g_01768	Praf.g_02137
OG0001179	Prah	Prbg.g_01768	Prah.g_02013
OG0001179	Prbj	Prbg.g_01768	Prbj.g_00999
OG0001179	Prbk	Prbg.g_01768	Prbk.g_00962
OG0001179	Prbl	Prbg.g_01768	Prbl.g_00982
OG0001179	Syab	Prbg.g_01768	Syab.g_00427
OG0001179	Syag	Prbg.g_01768	Syag.g_02754
OG0001179	Syal	Prbg.g_01768	Syal.g_00256
OG0001179	Syak	Prbg.g_01768	Syak.g_01324
OG0001179	Syaq	Prbg.g_01768	Syaq.g_00626
OG0001179	Syan	Prbg.g_01768	Syan.g_02218
OG0001179	Syao	Prbg.g_01768	Syao.g_01768
OG0001179	Syap	Prbg.g_01768	Syap.g_00491
OG0001179	Syar	Prbg.g_01768	Syar.g_01055
OG0001179	Syas	Prbg.g_01768	Syas.g_01608
OG0001179	Pram	Prbg.g_01768	Pram.g_01753
OG0001179	Prbh	Prbg.g_01768	Prbh.g_01661
OG0001179	Prak	Prbg.g_01768	Prak.g_01763
OG0001179	Prap	Prbg.g_01768	Prap.g_01660
OG0001179	Prbe	Prbg.g_01768	Prbe.g_00853
OG0001179	Prbf	Prbg.g_01768	Prbf.g_00575
OG0001179	Prbn	Prbg.g_01768	Prbn.g_01864
OG0001180	Prai	Prbg.g_01791	Prai.g_01788
OG0001180	Prab	Prbg.g_01791	Prab.g_01808
OG0001180	Pran	Prbg.g_01791	Pran.g_01111
OG0001180	Prac	Prbg.g_01791	Prac.g_00553
OG0001180	Praq	Prbg.g_01791	Praq.g_00874
OG0001180	Prar	Prbg.g_01791	Prar.g_01022
OG0001180	Prao	Prbg.g_01791	Prao.g_01693
OG0001180	Pray	Prbg.g_01791	Pray.g_01312
OG0001180	Praz	Prbg.g_01791	Praz.g_00257
OG0001180	Prba	Prbg.g_01791	Prba.g_00435
OG0001180	Prag	Prbg.g_01791	Prag.g_01810
OG0001180	Praw	Prbg.g_01791	Praw.g_00090
OG0001180	Prav	Prbg.g_01791	Prav.g_00638
OG0001180	Prax	Prbg.g_01791	Prax.g_01344
OG0001180	Prbi	Prbg.g_01791	Prbi.g_01944
OG0001180	Prad	Prbg.g_01791	Prad.g_00801
OG0001180	Pras	Prbg.g_01791	Pras.g_00693
OG0001180	Prau	Prbg.g_01791	Prau.g_01875
OG0001180	Prae	Prbg.g_01791	Prae.g_01765
OG0001180	Praa	Prbg.g_01791	Praa.g_01781
OG0001180	Prbd	Prbg.g_01791	Prbd.g_01385
OG0001180	Prbm	Prbg.g_01791	Prbm.g_02039
OG0001180	Praj	Prbg.g_01791	Praj.g_01958
OG0001180	Prbb	Prbg.g_01791	Prbb.g_02007
OG0001180	Prbc	Prbg.g_01791	Prbc.g_00278
OG0001180	Prbj	Prbg.g_01791	Prbj.g_00407
OG0001180	Prbk	Prbg.g_01791	Prbk.g_00804
OG0001180	Prbl	Prbg.g_01791	Prbl.g_01134
OG0001180	Praf	Prbg.g_01791	Praf.g_02109
OG0001180	Prah	Prbg.g_01791	Prah.g_01988
OG0001180	Syab	Prbg.g_01791	Syab.g_00453
OG0001180	Syal	Prbg.g_01791	Syal.g_00282
OG0001180	Syag	Prbg.g_01791	Syag.g_02780
OG0001180	Syat	Prbg.g_01791	Syat.g_01654
OG0001180	Syap	Prbg.g_01791	Syap.g_00097, Syap.g_00465
OG0001180	Syas	Prbg.g_01791	Syas.g_01583
OG0001180	Syan	Prbg.g_01791	Syan.g_02191
OG0001180	Syao	Prbg.g_01791	Syao.g_01833
OG0001180	Syaq	Prbg.g_01791	Syaq.g_00600
OG0001180	Syai	Prbg.g_01791	Syai.g_00410
OG0001180	Syaf	Prbg.g_01791	Syaf.g_00087
OG0001180	Syam	Prbg.g_01791	Syam.g_00378
OG0001180	Syac	Prbg.g_01791	Syac.g_02087
OG0001180	Syah	Prbg.g_01791	Syah.g_00792
OG0001180	Syad	Prbg.g_01791	Syad.g_00700
OG0001180	Syaj	Prbg.g_01791	Syaj.g_02744
OG0001180	Syae	Prbg.g_01791	Syae.g_02130
OG0001180	Syaa	Prbg.g_01791	Syaa.g_02243
OG0001180	Pral	Prbg.g_01791	Pral.g_00249
OG0001180	Prat	Prbg.g_01791	Prat.g_01732
OG0001180	Pram	Prbg.g_01791	Pram.g_01776
OG0001180	Prbh	Prbg.g_01791	Prbh.g_01638
OG0001180	Prak	Prbg.g_01791	Prak.g_01786
OG0001180	Prap	Prbg.g_01791	Prap.g_01636
OG0001180	Prbe	Prbg.g_01791	Prbe.g_00830
OG0001180	Prbf	Prbg.g_01791	Prbf.g_00552
OG0001180	Prbn	Prbg.g_01791	Prbn.g_01887
OG0001181	Prab	Prbg.g_01795	Prab.g_01812
OG0001181	Pran	Prbg.g_01795	Pran.g_01115
OG0001181	Prai	Prbg.g_01795	Prai.g_01792
OG0001181	Prac	Prbg.g_01795	Prac.g_00557
OG0001181	Praq	Prbg.g_01795	Praq.g_00870
OG0001181	Prar	Prbg.g_01795	Prar.g_01018
OG0001181	Prao	Prbg.g_01795	Prao.g_01697
OG0001181	Pras	Prbg.g_01795	Pras.g_00697
OG0001181	Prau	Prbg.g_01795	Prau.g_01879
OG0001181	Prbd	Prbg.g_01795	Prbd.g_01381
OG0001181	Prbi	Prbg.g_01795	Prbi.g_01948
OG0001181	Praa	Prbg.g_01795	Praa.g_01785
OG0001181	Prax	Prbg.g_01795	Prax.g_01348
OG0001181	Prae	Prbg.g_01795	Prae.g_01769
OG0001181	Prad	Prbg.g_01795	Prad.g_00797
OG0001181	Pray	Prbg.g_01795	Pray.g_01316
OG0001181	Praz	Prbg.g_01795	Praz.g_00253
OG0001181	Prba	Prbg.g_01795	Prba.g_01048
OG0001181	Prav	Prbg.g_01795	Prav.g_00642
OG0001181	Prag	Prbg.g_01795	Prag.g_01814
OG0001181	Praw	Prbg.g_01795	Praw.g_00086
OG0001181	Syap	Prbg.g_01795	Syap.g_00459
OG0001181	Syas	Prbg.g_01795	Syas.g_01579
OG0001181	Syan	Prbg.g_01795	Syan.g_02187
OG0001181	Syao	Prbg.g_01795	Syao.g_01829
OG0001181	Syar	Prbg.g_01795	Syar.g_01082
OG0001181	Syat	Prbg.g_01795	Syat.g_01650
OG0001181	Praf	Prbg.g_01795	Praf.g_02105
OG0001181	Prah	Prbg.g_01795	Prah.g_01984
OG0001181	Prbj	Prbg.g_01795	Prbj.g_00403
OG0001181	Prbk	Prbg.g_01795	Prbk.g_00808
OG0001181	Prbl	Prbg.g_01795	Prbl.g_01138
OG0001181	Syaq	Prbg.g_01795	Syaq.g_00596
OG0001181	Syag	Prbg.g_01795	Syag.g_02784
OG0001181	Syak	Prbg.g_01795	Syak.g_01296
OG0001181	Syad	Prbg.g_01795	Syad.g_00704
OG0001181	Syaj	Prbg.g_01795	Syaj.g_02748
OG0001181	Syaa	Prbg.g_01795	Syaa.g_02239
OG0001181	Syae	Prbg.g_01795	Syae.g_02134
OG0001181	Syaf	Prbg.g_01795	Syaf.g_00083
OG0001181	Syai	Prbg.g_01795	Syai.g_00414
OG0001181	Syam	Prbg.g_01795	Syam.g_00382
OG0001181	Syac	Prbg.g_01795	Syac.g_02083
OG0001181	Syah	Prbg.g_01795	Syah.g_00796
OG0001181	Syab	Prbg.g_01795	Syab.g_00457
OG0001181	Praj	Prbg.g_01795	Praj.g_01962
OG0001181	Prbb	Prbg.g_01795	Prbb.g_02011
OG0001181	Prbc	Prbg.g_01795	Prbc.g_00274
OG0001181	Prbm	Prbg.g_01795	Prbm.g_02043
OG0001181	Pral	Prbg.g_01795	Pral.g_00253
OG0001181	Prat	Prbg.g_01795	Prat.g_01736
OG0001181	Pram	Prbg.g_01795	Pram.g_01780
OG0001181	Prbh	Prbg.g_01795	Prbh.g_01634
OG0001181	Prak	Prbg.g_01795	Prak.g_01790
OG0001181	Prap	Prbg.g_01795	Prap.g_01632
OG0001181	Prbe	Prbg.g_01795	Prbe.g_00826
OG0001181	Prbf	Prbg.g_01795	Prbf.g_00548
OG0001181	Prbn	Prbg.g_01795	Prbn.g_01891
OG0001182	Prab	Prbg.g_01803	Prab.g_01819
OG0001182	Pran	Prbg.g_01803	Pran.g_01122
OG0001182	Prai	Prbg.g_01803	Prai.g_01799
OG0001182	Prac	Prbg.g_01803	Prac.g_00564
OG0001182	Praq	Prbg.g_01803	Praq.g_00863
OG0001182	Prar	Prbg.g_01803	Prar.g_01011
OG0001182	Prav	Prbg.g_01803	Prav.g_00649
OG0001182	Prag	Prbg.g_01803	Prag.g_01821
OG0001182	Praw	Prbg.g_01803	Praw.g_00079
OG0001182	Pras	Prbg.g_01803	Pras.g_00704
OG0001182	Prau	Prbg.g_01803	Prau.g_01886
OG0001182	Prad	Prbg.g_01803	Prad.g_00790
OG0001182	Prae	Prbg.g_01803	Prae.g_01776
OG0001182	Prbd	Prbg.g_01803	Prbd.g_01374
OG0001182	Prao	Prbg.g_01803	Prao.g_01704
OG0001182	Prbi	Prbg.g_01803	Prbi.g_01955
OG0001182	Praa	Prbg.g_01803	Praa.g_01792
OG0001182	Prax	Prbg.g_01803	Prax.g_01355
OG0001182	Pray	Prbg.g_01803	Pray.g_01323
OG0001182	Praz	Prbg.g_01803	Praz.g_00246
OG0001182	Prba	Prbg.g_01803	Prba.g_01055
OG0001182	Prbc	Prbg.g_01803	Prbc.g_00266
OG0001182	Praj	Prbg.g_01803	Praj.g_01970
OG0001182	Prbb	Prbg.g_01803	Prbb.g_02019
OG0001182	Prbm	Prbg.g_01803	Prbm.g_02052
OG0001182	Syag	Prbg.g_01803	Syag.g_02793
OG0001182	Syaq	Prbg.g_01803	Syaq.g_00587
OG0001182	Syak	Prbg.g_01803	Syak.g_01287
OG0001182	Syab	Prbg.g_01803	Syab.g_00467
OG0001182	Syal	Prbg.g_01803	Syal.g_00295
OG0001182	Prbj	Prbg.g_01803	Prbj.g_00394
OG0001182	Prbk	Prbg.g_01803	Prbk.g_00817
OG0001182	Prbl	Prbg.g_01803	Prbl.g_01147
OG0001182	Praf	Prbg.g_01803	Praf.g_02096
OG0001182	Prah	Prbg.g_01803	Prah.g_01976
OG0001182	Syan	Prbg.g_01803	Syan.g_02179
OG0001182	Syao	Prbg.g_01803	Syao.g_01820
OG0001182	Syar	Prbg.g_01803	Syar.g_01090
OG0001182	Syas	Prbg.g_01803	Syas.g_01571
OG0001182	Syat	Prbg.g_01803	Syat.g_01642
OG0001182	Syad	Prbg.g_01803	Syad.g_00712
OG0001182	Syaj	Prbg.g_01803	Syaj.g_02757
OG0001182	Syae	Prbg.g_01803	Syae.g_02143
OG0001182	Syaa	Prbg.g_01803	Syaa.g_02230
OG0001182	Syac	Prbg.g_01803	Syac.g_02074
OG0001182	Syah	Prbg.g_01803	Syah.g_00805
OG0001182	Syai	Prbg.g_01803	Syai.g_00423
OG0001182	Syaf	Prbg.g_01803	Syaf.g_00074
OG0001182	Syam	Prbg.g_01803	Syam.g_00391
OG0001182	Pram	Prbg.g_01803	Pram.g_01788
OG0001182	Prbh	Prbg.g_01803	Prbh.g_01626
OG0001182	Pral	Prbg.g_01803	Pral.g_00261
OG0001182	Prat	Prbg.g_01803	Prat.g_01745
OG0001182	Prak	Prbg.g_01803	Prak.g_01798
OG0001182	Prap	Prbg.g_01803	Prap.g_01624
OG0001182	Prbe	Prbg.g_01803	Prbe.g_00818
OG0001182	Prbf	Prbg.g_01803	Prbf.g_00540
OG0001182	Prbn	Prbg.g_01803	Prbn.g_01899
OG0001183	Prab	Prbg.g_01808	Prab.g_01823
OG0001183	Pran	Prbg.g_01808	Pran.g_01126
OG0001183	Prai	Prbg.g_01808	Prai.g_01803
OG0001183	Prac	Prbg.g_01808	Prac.g_00006
OG0001183	Praq	Prbg.g_01808	Praq.g_00728
OG0001183	Prar	Prbg.g_01808	Prar.g_00618
OG0001183	Prav	Prbg.g_01808	Prav.g_00654
OG0001183	Pras	Prbg.g_01808	Pras.g_00708
OG0001183	Prau	Prbg.g_01808	Prau.g_01890
OG0001183	Prax	Prbg.g_01808	Prax.g_01359
OG0001183	Prbd	Prbg.g_01808	Prbd.g_01370
OG0001183	Praa	Prbg.g_01808	Praa.g_01797
OG0001183	Prad	Prbg.g_01808	Prad.g_00786
OG0001183	Prbi	Prbg.g_01808	Prbi.g_01959
OG0001183	Prae	Prbg.g_01808	Prae.g_01780
OG0001183	Prao	Prbg.g_01808	Prao.g_01708
OG0001183	Prag	Prbg.g_01808	Prag.g_01825
OG0001183	Praw	Prbg.g_01808	Praw.g_00075
OG0001183	Pray	Prbg.g_01808	Pray.g_01328
OG0001183	Praz	Prbg.g_01808	Praz.g_00241
OG0001183	Prba	Prbg.g_01808	Prba.g_01060
OG0001183	Prbb	Prbg.g_01808	Prbb.g_02025
OG0001183	Prbm	Prbg.g_01808	Prbm.g_02058
OG0001183	Praj	Prbg.g_01808	Praj.g_01976
OG0001183	Prbc	Prbg.g_01808	Prbc.g_00247
OG0001183	Prbj	Prbg.g_01808	Prbj.g_00367
OG0001183	Prbk	Prbg.g_01808	Prbk.g_00845
OG0001183	Prbl	Prbg.g_01808	Prbl.g_01175
OG0001183	Praf	Prbg.g_01808	Praf.g_02081
OG0001183	Prah	Prbg.g_01808	Prah.g_01965
OG0001183	Syar	Prbg.g_01808	Syar.g_01096
OG0001183	Syat	Prbg.g_01808	Syat.g_01632
OG0001183	Syan	Prbg.g_01808	Syan.g_02166
OG0001183	Syao	Prbg.g_01808	Syao.g_01851
OG0001183	Syap	Prbg.g_01808	Syap.g_00594
OG0001183	Syas	Prbg.g_01808	Syas.g_01564
OG0001183	Syaq	Prbg.g_01808	Syaq.g_00579
OG0001183	Syag	Prbg.g_01808	Syag.g_02798
OG0001183	Syak	Prbg.g_01808	Syak.g_01282
OG0001183	Syab	Prbg.g_01808	Syab.g_00474
OG0001183	Syal	Prbg.g_01808	Syal.g_00302
OG0001183	Syae	Prbg.g_01808	Syae.g_02147
OG0001183	Syad	Prbg.g_01808	Syad.g_00717
OG0001183	Syaj	Prbg.g_01808	Syaj.g_02762
OG0001183	Syaa	Prbg.g_01808	Syaa.g_02224
OG0001183	Syac	Prbg.g_01808	Syac.g_02070
OG0001183	Syah	Prbg.g_01808	Syah.g_00810
OG0001183	Syai	Prbg.g_01808	Syai.g_00429
OG0001183	Syam	Prbg.g_01808	Syam.g_00396
OG0001183	Pral	Prbg.g_01808	Pral.g_00267
OG0001183	Prat	Prbg.g_01808	Prat.g_01749
OG0001183	Pram	Prbg.g_01808	Pram.g_01794
OG0001183	Prbh	Prbg.g_01808	Prbh.g_01620
OG0001183	Prak	Prbg.g_01808	Prak.g_01803
OG0001183	Prap	Prbg.g_01808	Prap.g_01619
OG0001183	Prbe	Prbg.g_01808	Prbe.g_00813
OG0001183	Prbf	Prbg.g_01808	Prbf.g_00535
OG0001183	Prbn	Prbg.g_01808	Prbn.g_01904
OG0001184	Prab	Prbg.g_01826	Prab.g_01838
OG0001184	Pran	Prbg.g_01826	Pran.g_01141
OG0001184	Prai	Prbg.g_01826	Prai.g_01819
OG0001184	Prad	Prbg.g_01826	Prad.g_00770
OG0001184	Prac	Prbg.g_01826	Prac.g_00022
OG0001184	Praq	Prbg.g_01826	Praq.g_00744
OG0001184	Prar	Prbg.g_01826	Prar.g_00634
OG0001184	Prav	Prbg.g_01826	Prav.g_00670
OG0001184	Pras	Prbg.g_01826	Pras.g_00724
OG0001184	Prau	Prbg.g_01826	Prau.g_01906
OG0001184	Prbd	Prbg.g_01826	Prbd.g_01354
OG0001184	Prag	Prbg.g_01826	Prag.g_01841
OG0001184	Praw	Prbg.g_01826	Praw.g_00059
OG0001184	Prae	Prbg.g_01826	Prae.g_01796
OG0001184	Praa	Prbg.g_01826	Praa.g_01813
OG0001184	Prao	Prbg.g_01826	Prao.g_01724
OG0001184	Prbi	Prbg.g_01826	Prbi.g_01975
OG0001184	Prax	Prbg.g_01826	Prax.g_01375
OG0001184	Pray	Prbg.g_01826	Pray.g_01344
OG0001184	Praz	Prbg.g_01826	Praz.g_00225
OG0001184	Prba	Prbg.g_01826	Prba.g_01076
OG0001184	Prbb	Prbg.g_01826	Prbb.g_02041
OG0001184	Prbc	Prbg.g_01826	Prbc.g_00231
OG0001184	Praj	Prbg.g_01826	Praj.g_01992
OG0001184	Prbm	Prbg.g_01826	Prbm.g_02074
OG0001184	Prbj	Prbg.g_01826	Prbj.g_01509
OG0001184	Prbk	Prbg.g_01826	Prbk.g_00521
OG0001184	Prbl	Prbg.g_01826	Prbl.g_00848
OG0001184	Praf	Prbg.g_01826	Praf.g_02391
OG0001184	Prah	Prbg.g_01826	Prah.g_02239
OG0001184	Syan	Prbg.g_01826	Syan.g_01929
OG0001184	Syab	Prbg.g_01826	Syab.g_00196
OG0001184	Syal	Prbg.g_01826	Syal.g_01359
OG0001184	Syak	Prbg.g_01826	Syak.g_01571
OG0001184	Syaq	Prbg.g_01826	Syaq.g_00995
OG0001184	Syar	Prbg.g_01826	Syar.g_00653
OG0001184	Syao	Prbg.g_01826	Syao.g_02264
OG0001184	Syas	Prbg.g_01826	Syas.g_02188
OG0001184	Syat	Prbg.g_01826	Syat.g_02160
OG0001184	Syag	Prbg.g_01826	Syag.g_02428
OG0001184	Syaa	Prbg.g_01826	Syaa.g_00151
OG0001184	Syac	Prbg.g_01826	Syac.g_00186
OG0001184	Syah	Prbg.g_01826	Syah.g_00192
OG0001184	Syai	Prbg.g_01826	Syai.g_00156
OG0001184	Syaf	Prbg.g_01826	Syaf.g_00360
OG0001184	Syam	Prbg.g_01826	Syam.g_00143
OG0001184	Syae	Prbg.g_01826	Syae.g_01862
OG0001184	Syad	Prbg.g_01826	Syad.g_00378
OG0001184	Syaj	Prbg.g_01826	Syaj.g_02449
OG0001184	Pral	Prbg.g_01826	Pral.g_00284
OG0001184	Prat	Prbg.g_01826	Prat.g_01766
OG0001184	Pram	Prbg.g_01826	Pram.g_01812
OG0001184	Prbh	Prbg.g_01826	Prbh.g_01602
OG0001184	Prak	Prbg.g_01826	Prak.g_01821
OG0001184	Prap	Prbg.g_01826	Prap.g_01601
OG0001184	Prbe	Prbg.g_01826	Prbe.g_00795
OG0001184	Prbf	Prbg.g_01826	Prbf.g_00517
OG0001184	Prbn	Prbg.g_01826	Prbn.g_01017
OG0001185	Prab	Prbg.g_01842	Prab.g_01852
OG0001185	Pran	Prbg.g_01842	Pran.g_01155
OG0001185	Prai	Prbg.g_01842	Prai.g_01833
OG0001185	Prad	Prbg.g_01842	Prad.g_01636
OG0001185	Prag	Prbg.g_01842	Prag.g_01855
OG0001185	Praw	Prbg.g_01842	Praw.g_00045
OG0001185	Pray	Prbg.g_01842	Pray.g_01358
OG0001185	Praz	Prbg.g_01842	Praz.g_00211
OG0001185	Prba	Prbg.g_01842	Prba.g_00762
OG0001185	Prbi	Prbg.g_01842	Prbi.g_01989
OG0001185	Prao	Prbg.g_01842	Prao.g_01738
OG0001185	Pras	Prbg.g_01842	Pras.g_00738
OG0001185	Prau	Prbg.g_01842	Prau.g_01920
OG0001185	Prav	Prbg.g_01842	Prav.g_00684
OG0001185	Prae	Prbg.g_01842	Prae.g_01810
OG0001185	Prax	Prbg.g_01842	Prax.g_01389
OG0001185	Prac	Prbg.g_01842	Prac.g_00036
OG0001185	Praq	Prbg.g_01842	Praq.g_00758
OG0001185	Prar	Prbg.g_01842	Prar.g_00648
OG0001185	Praa	Prbg.g_01842	Praa.g_01827
OG0001185	Prbd	Prbg.g_01842	Prbd.g_01340
OG0001185	Prbb	Prbg.g_01842	Prbb.g_02056
OG0001185	Praj	Prbg.g_01842	Praj.g_02007
OG0001185	Prbc	Prbg.g_01842	Prbc.g_00216
OG0001185	Prbm	Prbg.g_01842	Prbm.g_02089
OG0001185	Syar	Prbg.g_01842	Syar.g_00614
OG0001185	Syan	Prbg.g_01842	Syan.g_01902
OG0001185	Syat	Prbg.g_01842	Syat.g_02200
OG0001185	Syas	Prbg.g_01842	Syas.g_02162
OG0001185	Syap	Prbg.g_01842	Syap.g_01104
OG0001185	Syao	Prbg.g_01842	Syao.g_02147
OG0001185	Syac	Prbg.g_01842	Syac.g_00162
OG0001185	Syad	Prbg.g_01842	Syad.g_00354
OG0001185	Syae	Prbg.g_01842	Syae.g_01835
OG0001185	Syaf	Prbg.g_01842	Syaf.g_00382
OG0001185	Syah	Prbg.g_01842	Syah.g_00244
OG0001185	Syai	Prbg.g_01842	Syai.g_00117
OG0001185	Syaj	Prbg.g_01842	Syaj.g_02423
OG0001185	Syam	Prbg.g_01842	Syam.g_00121
OG0001185	Praf	Prbg.g_01842	Praf.g_00184
OG0001185	Prah	Prbg.g_01842	Prah.g_00156
OG0001185	Prbj	Prbg.g_01842	Prbj.g_01592
OG0001185	Prbk	Prbg.g_01842	Prbk.g_00231
OG0001185	Prbl	Prbg.g_01842	Prbl.g_01291
OG0001185	Syab	Prbg.g_01842	Syab.g_00119
OG0001185	Syag	Prbg.g_01842	Syag.g_02399
OG0001185	Syak	Prbg.g_01842	Syak.g_01643
OG0001185	Syal	Prbg.g_01842	Syal.g_01453
OG0001185	Syaq	Prbg.g_01842	Syaq.g_01022
OG0001185	Pral	Prbg.g_01842	Pral.g_00300
OG0001185	Prat	Prbg.g_01842	Prat.g_01783
OG0001185	Pram	Prbg.g_01842	Pram.g_01828
OG0001185	Prbh	Prbg.g_01842	Prbh.g_01586
OG0001185	Prak	Prbg.g_01842	Prak.g_01837
OG0001185	Prap	Prbg.g_01842	Prap.g_01585
OG0001185	Prbe	Prbg.g_01842	Prbe.g_00779
OG0001185	Prbf	Prbg.g_01842	Prbf.g_00501
OG0001185	Prbn	Prbg.g_01842	Prbn.g_01001
OG0001186	Prab	Prbg.g_01866	Prab.g_01875
OG0001186	Pran	Prbg.g_01866	Pran.g_01178
OG0001186	Prai	Prbg.g_01866	Prai.g_01856
OG0001186	Prbi	Prbg.g_01866	Prbi.g_02012
OG0001186	Praa	Prbg.g_01866	Praa.g_01850
OG0001186	Prad	Prbg.g_01866	Prad.g_01614
OG0001186	Prbd	Prbg.g_01866	Prbd.g_01316
OG0001186	Pras	Prbg.g_01866	Pras.g_00762
OG0001186	Prau	Prbg.g_01866	Prau.g_01943
OG0001186	Prae	Prbg.g_01866	Prae.g_01833
OG0001186	Prax	Prbg.g_01866	Prax.g_01412
OG0001186	Prao	Prbg.g_01866	Prao.g_01761
OG0001186	Prag	Prbg.g_01866	Prag.g_01879
OG0001186	Praw	Prbg.g_01866	Praw.g_00021
OG0001186	Prav	Prbg.g_01866	Prav.g_00707
OG0001186	Pray	Prbg.g_01866	Pray.g_01382
OG0001186	Praz	Prbg.g_01866	Praz.g_00187
OG0001186	Prba	Prbg.g_01866	Prba.g_00786
OG0001186	Prac	Prbg.g_01866	Prac.g_00058
OG0001186	Praq	Prbg.g_01866	Praq.g_00684
OG0001186	Prar	Prbg.g_01866	Prar.g_00670
OG0001186	Prbm	Prbg.g_01866	Prbm.g_02140
OG0001186	Prbb	Prbg.g_01866	Prbb.g_02097
OG0001186	Praj	Prbg.g_01866	Praj.g_02046
OG0001186	Prbc	Prbg.g_01866	Prbc.g_00189
OG0001186	Pram	Prbg.g_01866	Pram.g_01852
OG0001186	Prbh	Prbg.g_01866	Prbh.g_01562
OG0001186	Pral	Prbg.g_01866	Pral.g_00324
OG0001186	Prat	Prbg.g_01866	Prat.g_01807
OG0001186	Syas	Prbg.g_01866	Syas.g_02113
OG0001186	Syap	Prbg.g_01866	Syap.g_01140
OG0001186	Syaa	Prbg.g_01866	Syaa.g_00081
OG0001186	Syaj	Prbg.g_01866	Syaj.g_02339
OG0001186	Syam	Prbg.g_01866	Syam.g_00076
OG0001186	Syaf	Prbg.g_01866	Syaf.g_00418
OG0001186	Syai	Prbg.g_01866	Syai.g_00084
OG0001186	Syad	Prbg.g_01866	Syad.g_00247
OG0001186	Syac	Prbg.g_01866	Syac.g_00082
OG0001186	Syah	Prbg.g_01866	Syah.g_00294
OG0001186	Syao	Prbg.g_01866	Syao.g_02173
OG0001186	Syar	Prbg.g_01866	Syar.g_00562
OG0001186	Syan	Prbg.g_01866	Syan.g_01864
OG0001186	Syat	Prbg.g_01866	Syat.g_02235
OG0001186	Syag	Prbg.g_01866	Syag.g_02364
OG0001186	Syab	Prbg.g_01866	Syab.g_00085
OG0001186	Syal	Prbg.g_01866	Syal.g_00179
OG0001186	Syak	Prbg.g_01866	Syak.g_01709
OG0001186	Syaq	Prbg.g_01866	Syaq.g_01058
OG0001186	Praf	Prbg.g_01866	Praf.g_00091
OG0001186	Prah	Prbg.g_01866	Prah.g_00088
OG0001186	Prbj	Prbg.g_01866	Prbj.g_01253
OG0001186	Prbk	Prbg.g_01866	Prbk.g_01568
OG0001186	Prbl	Prbg.g_01866	Prbl.g_02026
OG0001186	Prak	Prbg.g_01866	Prak.g_01861
OG0001186	Prap	Prbg.g_01866	Prap.g_01561
OG0001186	Prbe	Prbg.g_01866	Prbe.g_00747
OG0001186	Prbf	Prbg.g_01866	Prbf.g_00476
OG0001186	Prbn	Prbg.g_01866	Prbn.g_00977
OG0001187	Prab	Prbg.g_01869	Prab.g_01880
OG0001187	Pran	Prbg.g_01869	Pran.g_01183
OG0001187	Praa	Prbg.g_01869	Praa.g_01854
OG0001187	Prad	Prbg.g_01869	Prad.g_01610
OG0001187	Prae	Prbg.g_01869	Prae.g_01837
OG0001187	Prao	Prbg.g_01869	Prao.g_01765
OG0001187	Pras	Prbg.g_01869	Pras.g_00766
OG0001187	Prau	Prbg.g_01869	Prau.g_01947
OG0001187	Prax	Prbg.g_01869	Prax.g_01416
OG0001187	Pray	Prbg.g_01869	Pray.g_01386
OG0001187	Praz	Prbg.g_01869	Praz.g_00183
OG0001187	Prba	Prbg.g_01869	Prba.g_00790
OG0001187	Prbd	Prbg.g_01869	Prbd.g_01311
OG0001187	Prbi	Prbg.g_01869	Prbi.g_02028
OG0001187	Prai	Prbg.g_01869	Prai.g_01862
OG0001187	Prac	Prbg.g_01869	Prac.g_00062
OG0001187	Praq	Prbg.g_01869	Praq.g_00688
OG0001187	Prar	Prbg.g_01869	Prar.g_00674
OG0001187	Prag	Prbg.g_01869	Prag.g_01883
OG0001187	Praw	Prbg.g_01869	Praw.g_00017
OG0001187	Prav	Prbg.g_01869	Prav.g_00711
OG0001187	Praj	Prbg.g_01869	Praj.g_02060
OG0001187	Prbm	Prbg.g_01869	Prbm.g_02145
OG0001187	Prbb	Prbg.g_01869	Prbb.g_02100
OG0001187	Prbc	Prbg.g_01869	Prbc.g_00966
OG0001187	Praf	Prbg.g_01869	Praf.g_00088
OG0001187	Prah	Prbg.g_01869	Prah.g_00085
OG0001187	Prbj	Prbg.g_01869	Prbj.g_01249
OG0001187	Prbk	Prbg.g_01869	Prbk.g_01572
OG0001187	Prbl	Prbg.g_01869	Prbl.g_02022
OG0001187	Syac	Prbg.g_01869	Syac.g_00085
OG0001187	Syad	Prbg.g_01869	Syad.g_00245
OG0001187	Syaa	Prbg.g_01869	Syaa.g_00082
OG0001187	Syaf	Prbg.g_01869	Syaf.g_00422
OG0001187	Syai	Prbg.g_01869	Syai.g_00081
OG0001187	Syam	Prbg.g_01869	Syam.g_00073
OG0001187	Syaj	Prbg.g_01869	Syaj.g_02369
OG0001187	Syah	Prbg.g_01869	Syah.g_00289
OG0001187	Syat	Prbg.g_01869	Syat.g_02256
OG0001187	Syar	Prbg.g_01869	Syar.g_00548
OG0001187	Syap	Prbg.g_01869	Syap.g_01142
OG0001187	Syas	Prbg.g_01869	Syas.g_02111
OG0001187	Syan	Prbg.g_01869	Syan.g_01811
OG0001187	Syao	Prbg.g_01869	Syao.g_02171
OG0001187	Syak	Prbg.g_01869	Syak.g_01712
OG0001187	Syaq	Prbg.g_01869	Syaq.g_01061
OG0001187	Syab	Prbg.g_01869	Syab.g_00081
OG0001187	Syal	Prbg.g_01869	Syal.g_00175
OG0001187	Syag	Prbg.g_01869	Syag.g_02361
OG0001187	Pral	Prbg.g_01869	Pral.g_00327
OG0001187	Prat	Prbg.g_01869	Prat.g_01810
OG0001187	Pram	Prbg.g_01869	Pram.g_01855
OG0001187	Prbh	Prbg.g_01869	Prbh.g_01559
OG0001187	Prak	Prbg.g_01869	Prak.g_01864
OG0001187	Prap	Prbg.g_01869	Prap.g_01558
OG0001187	Prbe	Prbg.g_01869	Prbe.g_00750
OG0001187	Prbf	Prbg.g_01869	Prbf.g_00473
OG0001187	Prbn	Prbg.g_01869	Prbn.g_00974
OG0001188	Prab	Prbg.g_01871	Prab.g_01882
OG0001188	Pran	Prbg.g_01871	Pran.g_01185
OG0001188	Prai	Prbg.g_01871	Prai.g_01864
OG0001188	Prag	Prbg.g_01871	Prag.g_01885
OG0001188	Praw	Prbg.g_01871	Praw.g_00015
OG0001188	Prav	Prbg.g_01871	Prav.g_00713
OG0001188	Prbi	Prbg.g_01871	Prbi.g_02031
OG0001188	Pray	Prbg.g_01871	Pray.g_01389
OG0001188	Praz	Prbg.g_01871	Praz.g_00180
OG0001188	Prba	Prbg.g_01871	Prba.g_00793
OG0001188	Pras	Prbg.g_01871	Pras.g_00769
OG0001188	Prau	Prbg.g_01871	Prau.g_01950
OG0001188	Prao	Prbg.g_01871	Prao.g_01768
OG0001188	Prae	Prbg.g_01871	Prae.g_01839
OG0001188	Prad	Prbg.g_01871	Prad.g_01608
OG0001188	Prax	Prbg.g_01871	Prax.g_01419
OG0001188	Praa	Prbg.g_01871	Praa.g_01857
OG0001188	Prbd	Prbg.g_01871	Prbd.g_01309
OG0001188	Prac	Prbg.g_01871	Prac.g_00064
OG0001188	Praq	Prbg.g_01871	Praq.g_00690
OG0001188	Prar	Prbg.g_01871	Prar.g_00676
OG0001188	Prbc	Prbg.g_01871	Prbc.g_00968
OG0001188	Prbm	Prbg.g_01871	Prbm.g_02147
OG0001188	Praj	Prbg.g_01871	Praj.g_02062
OG0001188	Prbb	Prbg.g_01871	Prbb.g_02102
OG0001188	Syad	Prbg.g_01871	Syad.g_00238
OG0001188	Prah	Prbg.g_01871	Prah.g_00080
OG0001188	Praf	Prbg.g_01871	Praf.g_00083
OG0001188	Prbj	Prbg.g_01871	Prbj.g_01245
OG0001188	Prbk	Prbg.g_01871	Prbk.g_01576
OG0001188	Prbl	Prbg.g_01871	Prbl.g_02018
OG0001188	Syap	Prbg.g_01871	Syap.g_00634
OG0001188	Syar	Prbg.g_01871	Syar.g_00546
OG0001188	Syat	Prbg.g_01871	Syat.g_02261
OG0001188	Syan	Prbg.g_01871	Syan.g_01806
OG0001188	Syao	Prbg.g_01871	Syao.g_02169
OG0001188	Syae	Prbg.g_01871	Syae.g_01783
OG0001188	Syaj	Prbg.g_01871	Syaj.g_02336
OG0001188	Syac	Prbg.g_01871	Syac.g_00076
OG0001188	Syah	Prbg.g_01871	Syah.g_00299
OG0001188	Syaa	Prbg.g_01871	Syaa.g_00075
OG0001188	Syai	Prbg.g_01871	Syai.g_00078
OG0001188	Syaf	Prbg.g_01871	Syaf.g_00425
OG0001188	Syam	Prbg.g_01871	Syam.g_00070
OG0001188	Syag	Prbg.g_01871	Syag.g_02359
OG0001188	Syak	Prbg.g_01871	Syak.g_01714
OG0001188	Syaq	Prbg.g_01871	Syaq.g_01065
OG0001188	Syab	Prbg.g_01871	Syab.g_00079
OG0001188	Syal	Prbg.g_01871	Syal.g_00172
OG0001188	Pral	Prbg.g_01871	Pral.g_00329
OG0001188	Prat	Prbg.g_01871	Prat.g_01812
OG0001188	Pram	Prbg.g_01871	Pram.g_01857
OG0001188	Prbh	Prbg.g_01871	Prbh.g_01557
OG0001188	Prak	Prbg.g_01871	Prak.g_01866
OG0001188	Prap	Prbg.g_01871	Prap.g_01556
OG0001188	Prbe	Prbg.g_01871	Prbe.g_00752
OG0001188	Prbf	Prbg.g_01871	Prbf.g_00471
OG0001188	Prbn	Prbg.g_01871	Prbn.g_00972
OG0001189	Prab	Prbg.g_01888	Prab.g_01899
OG0001189	Prai	Prbg.g_01888	Prai.g_01881
OG0001189	Prae	Prbg.g_01888	Prae.g_01856
OG0001189	Prag	Prbg.g_01888	Prag.g_01902
OG0001189	Praw	Prbg.g_01888	Praw.g_01191
OG0001189	Prav	Prbg.g_01888	Prav.g_00730
OG0001189	Prac	Prbg.g_01888	Prac.g_00081
OG0001189	Praq	Prbg.g_01888	Praq.g_00707
OG0001189	Prar	Prbg.g_01888	Prar.g_00693
OG0001189	Pray	Prbg.g_01888	Pray.g_01406
OG0001189	Praz	Prbg.g_01888	Praz.g_00163
OG0001189	Prba	Prbg.g_01888	Prba.g_00810
OG0001189	Pras	Prbg.g_01888	Pras.g_00786
OG0001189	Prau	Prbg.g_01888	Prau.g_01967
OG0001189	Prao	Prbg.g_01888	Prao.g_01785
OG0001189	Prad	Prbg.g_01888	Prad.g_01591
OG0001189	Prbd	Prbg.g_01888	Prbd.g_01292
OG0001189	Praa	Prbg.g_01888	Praa.g_01874
OG0001189	Prbi	Prbg.g_01888	Prbi.g_02048
OG0001189	Prax	Prbg.g_01888	Prax.g_01436
OG0001189	Prbc	Prbg.g_01888	Prbc.g_00985
OG0001189	Prbm	Prbg.g_01888	Prbm.g_02164
OG0001189	Praj	Prbg.g_01888	Praj.g_02079
OG0001189	Prbb	Prbg.g_01888	Prbb.g_02119
OG0001189	Syap	Prbg.g_01888	Syap.g_00979
OG0001189	Syas	Prbg.g_01888	Syas.g_02089
OG0001189	Syan	Prbg.g_01888	Syan.g_01723
OG0001189	Syao	Prbg.g_01888	Syao.g_02215
OG0001189	Syat	Prbg.g_01888	Syat.g_02287
OG0001189	Syar	Prbg.g_01888	Syar.g_00525
OG0001189	Syag	Prbg.g_01888	Syag.g_02334
OG0001189	Syaq	Prbg.g_01888	Syaq.g_01095
OG0001189	Syak	Prbg.g_01888	Syak.g_01736
OG0001189	Syab	Prbg.g_01888	Syab.g_00058
OG0001189	Syal	Prbg.g_01888	Syal.g_00152
OG0001189	Praf	Prbg.g_01888	Praf.g_00058
OG0001189	Prah	Prbg.g_01888	Prah.g_00057
OG0001189	Prbj	Prbg.g_01888	Prbj.g_01223
OG0001189	Prbk	Prbg.g_01888	Prbk.g_01598
OG0001189	Prbl	Prbg.g_01888	Prbl.g_01996
OG0001189	Syae	Prbg.g_01888	Syae.g_01767
OG0001189	Syad	Prbg.g_01888	Syad.g_00217
OG0001189	Syaj	Prbg.g_01888	Syaj.g_02318
OG0001189	Syam	Prbg.g_01888	Syam.g_00054
OG0001189	Syai	Prbg.g_01888	Syai.g_00061
OG0001189	Syaf	Prbg.g_01888	Syaf.g_00441
OG0001189	Syac	Prbg.g_01888	Syac.g_00054
OG0001189	Syah	Prbg.g_01888	Syah.g_00316
OG0001189	Syaa	Prbg.g_01888	Syaa.g_00057
OG0001189	Pral	Prbg.g_01888	Pral.g_00346
OG0001189	Prat	Prbg.g_01888	Prat.g_01829
OG0001189	Pram	Prbg.g_01888	Pram.g_01874
OG0001189	Prbh	Prbg.g_01888	Prbh.g_01540
OG0001189	Prak	Prbg.g_01888	Prak.g_01883
OG0001189	Prap	Prbg.g_01888	Prap.g_01540
OG0001189	Prbe	Prbg.g_01888	Prbe.g_01146
OG0001189	Prbf	Prbg.g_01888	Prbf.g_00455
OG0001189	Prbn	Prbg.g_01888	Prbn.g_00956
OG0001190	Prab	Prbg.g_01893	Prab.g_01903
OG0001190	Pran	Prbg.g_01893	Pran.g_01205
OG0001190	Prai	Prbg.g_01893	Prai.g_01885
OG0001190	Prac	Prbg.g_01893	Prac.g_00085
OG0001190	Praq	Prbg.g_01893	Praq.g_00711
OG0001190	Prar	Prbg.g_01893	Prar.g_00697
OG0001190	Pray	Prbg.g_01893	Pray.g_01410
OG0001190	Praz	Prbg.g_01893	Praz.g_00159
OG0001190	Prba	Prbg.g_01893	Prba.g_00814
OG0001190	Prad	Prbg.g_01893	Prad.g_01587
OG0001190	Prao	Prbg.g_01893	Prao.g_01789
OG0001190	Prax	Prbg.g_01893	Prax.g_01440
OG0001190	Prag	Prbg.g_01893	Prag.g_01906
OG0001190	Praw	Prbg.g_01893	Praw.g_01187
OG0001190	Prav	Prbg.g_01893	Prav.g_00734
OG0001190	Praa	Prbg.g_01893	Praa.g_01878
OG0001190	Pras	Prbg.g_01893	Pras.g_00790
OG0001190	Prau	Prbg.g_01893	Prau.g_01971
OG0001190	Prae	Prbg.g_01893	Prae.g_01860
OG0001190	Prbd	Prbg.g_01893	Prbd.g_01288
OG0001190	Prbi	Prbg.g_01893	Prbi.g_02052
OG0001190	Prbm	Prbg.g_01893	Prbm.g_02169
OG0001190	Praj	Prbg.g_01893	Praj.g_02084
OG0001190	Prbb	Prbg.g_01893	Prbb.g_02124
OG0001190	Prbc	Prbg.g_01893	Prbc.g_00990
OG0001190	Syae	Prbg.g_01893	Syae.g_01567
OG0001190	Syaa	Prbg.g_01893	Syaa.g_02592
OG0001190	Syac	Prbg.g_01893	Syac.g_02353
OG0001190	Syah	Prbg.g_01893	Syah.g_00512
OG0001190	Syai	Prbg.g_01893	Syai.g_02776
OG0001190	Syaf	Prbg.g_01893	Syaf.g_00646
OG0001190	Syam	Prbg.g_01893	Syam.g_02313
OG0001190	Syad	Prbg.g_01893	Syad.g_03034
OG0001190	Syaj	Prbg.g_01893	Syaj.g_02111
OG0001190	Syar	Prbg.g_01893	Syar.g_00330
OG0001190	Syan	Prbg.g_01893	Syan.g_01565
OG0001190	Syao	Prbg.g_01893	Syao.g_02436
OG0001190	Syas	Prbg.g_01893	Syas.g_01881
OG0001190	Syat	Prbg.g_01893	Syat.g_02692
OG0001190	Syag	Prbg.g_01893	Syag.g_02126
OG0001190	Syaq	Prbg.g_01893	Syaq.g_01264
OG0001190	Syak	Prbg.g_01893	Syak.g_01942
OG0001190	Syab	Prbg.g_01893	Syab.g_02755
OG0001190	Syal	Prbg.g_01893	Syal.g_01067
OG0001190	Prbj	Prbg.g_01893	Prbj.g_01955
OG0001190	Prbk	Prbg.g_01893	Prbk.g_02160
OG0001190	Prbl	Prbg.g_01893	Prbl.g_02239
OG0001190	Praf	Prbg.g_01893	Praf.g_02656
OG0001190	Prah	Prbg.g_01893	Prah.g_02490
OG0001190	Pral	Prbg.g_01893	Pral.g_00351
OG0001190	Prat	Prbg.g_01893	Prat.g_01834
OG0001190	Pram	Prbg.g_01893	Pram.g_01879
OG0001190	Prbh	Prbg.g_01893	Prbh.g_01535
OG0001190	Prak	Prbg.g_01893	Prak.g_01888
OG0001190	Prap	Prbg.g_01893	Prap.g_01535
OG0001190	Prbe	Prbg.g_01893	Prbe.g_01151
OG0001190	Prbf	Prbg.g_01893	Prbf.g_00450
OG0001190	Prbn	Prbg.g_01893	Prbn.g_00951
OG0001191	Prab	Prbg.g_01903	Prab.g_01913
OG0001191	Pran	Prbg.g_01903	Pran.g_01215
OG0001191	Prai	Prbg.g_01903	Prai.g_01895
OG0001191	Prao	Prbg.g_01903	Prao.g_01799
OG0001191	Prad	Prbg.g_01903	Prad.g_01577
OG0001191	Prae	Prbg.g_01903	Prae.g_01870
OG0001191	Pray	Prbg.g_01903	Pray.g_01420
OG0001191	Praz	Prbg.g_01903	Praz.g_00149
OG0001191	Prba	Prbg.g_01903	Prba.g_00824
OG0001191	Prbi	Prbg.g_01903	Prbi.g_02062
OG0001191	Prax	Prbg.g_01903	Prax.g_01450
OG0001191	Praa	Prbg.g_01903	Praa.g_01888
OG0001191	Prbd	Prbg.g_01903	Prbd.g_01278
OG0001191	Prav	Prbg.g_01903	Prav.g_00744
OG0001191	Prac	Prbg.g_01903	Prac.g_00095
OG0001191	Praq	Prbg.g_01903	Praq.g_00721
OG0001191	Prar	Prbg.g_01903	Prar.g_00707
OG0001191	Prag	Prbg.g_01903	Prag.g_01916
OG0001191	Praw	Prbg.g_01903	Praw.g_01177
OG0001191	Pras	Prbg.g_01903	Pras.g_00800
OG0001191	Prau	Prbg.g_01903	Prau.g_01981
OG0001191	Syaq	Prbg.g_01903	Syaq.g_01248
OG0001191	Prbj	Prbg.g_01903	Prbj.g_01968
OG0001191	Prbk	Prbg.g_01903	Prbk.g_02173
OG0001191	Prbl	Prbg.g_01903	Prbl.g_02226
OG0001191	Prah	Prbg.g_01903	Prah.g_02503
OG0001191	Praf	Prbg.g_01903	Praf.g_02669
OG0001191	Syag	Prbg.g_01903	Syag.g_02142
OG0001191	Syak	Prbg.g_01903	Syak.g_01928
OG0001191	Syab	Prbg.g_01903	Syab.g_02771
OG0001191	Syal	Prbg.g_01903	Syal.g_01083
OG0001191	Syan	Prbg.g_01903	Syan.g_01578
OG0001191	Syao	Prbg.g_01903	Syao.g_02449
OG0001191	Syar	Prbg.g_01903	Syar.g_00349
OG0001191	Syat	Prbg.g_01903	Syat.g_02675
OG0001191	Syap	Prbg.g_01903	Syap.g_01030
OG0001191	Syas	Prbg.g_01903	Syas.g_01900
OG0001191	Syaa	Prbg.g_01903	Syaa.g_02605
OG0001191	Syaf	Prbg.g_01903	Syaf.g_00635
OG0001191	Syai	Prbg.g_01903	Syai.g_02788
OG0001191	Syam	Prbg.g_01903	Syam.g_02324
OG0001191	Syac	Prbg.g_01903	Syac.g_02368
OG0001191	Syah	Prbg.g_01903	Syah.g_00491
OG0001191	Syae	Prbg.g_01903	Syae.g_01580
OG0001191	Syaj	Prbg.g_01903	Syaj.g_02128
OG0001191	Prbm	Prbg.g_01903	Prbm.g_02179
OG0001191	Prbb	Prbg.g_01903	Prbb.g_02134
OG0001191	Prbc	Prbg.g_01903	Prbc.g_01000
OG0001191	Praj	Prbg.g_01903	Praj.g_02094
OG0001191	Pral	Prbg.g_01903	Pral.g_00361
OG0001191	Prat	Prbg.g_01903	Prat.g_01844
OG0001191	Pram	Prbg.g_01903	Pram.g_01889
OG0001191	Prbh	Prbg.g_01903	Prbh.g_01525
OG0001191	Prak	Prbg.g_01903	Prak.g_01898
OG0001191	Prap	Prbg.g_01903	Prap.g_01525
OG0001191	Prbe	Prbg.g_01903	Prbe.g_01161
OG0001191	Prbf	Prbg.g_01903	Prbf.g_00440
OG0001191	Prbn	Prbg.g_01903	Prbn.g_00941
OG0001192	Prab	Prbg.g_01908	Prab.g_01918
OG0001192	Pran	Prbg.g_01908	Pran.g_01220
OG0001192	Prai	Prbg.g_01908	Prai.g_01899
OG0001192	Prac	Prbg.g_01908	Prac.g_00099
OG0001192	Praq	Prbg.g_01908	Praq.g_00390
OG0001192	Prar	Prbg.g_01908	Prar.g_00074
OG0001192	Prad	Prbg.g_01908	Prad.g_01572
OG0001192	Prao	Prbg.g_01908	Prao.g_01804
OG0001192	Prav	Prbg.g_01908	Prav.g_00749
OG0001192	Prag	Prbg.g_01908	Prag.g_01921
OG0001192	Praw	Prbg.g_01908	Praw.g_01172
OG0001192	Prbi	Prbg.g_01908	Prbi.g_02067
OG0001192	Pray	Prbg.g_01908	Pray.g_01425
OG0001192	Praz	Prbg.g_01908	Praz.g_00144
OG0001192	Prba	Prbg.g_01908	Prba.g_00829
OG0001192	Prae	Prbg.g_01908	Prae.g_01875
OG0001192	Praa	Prbg.g_01908	Praa.g_01892
OG0001192	Prax	Prbg.g_01908	Prax.g_01454
OG0001192	Pras	Prbg.g_01908	Pras.g_00804
OG0001192	Prau	Prbg.g_01908	Prau.g_01985
OG0001192	Prbd	Prbg.g_01908	Prbd.g_01274
OG0001192	Pral	Prbg.g_01908	Pral.g_00366
OG0001192	Prat	Prbg.g_01908	Prat.g_01849
OG0001192	Prbm	Prbg.g_01908	Prbm.g_02184
OG0001192	Prbc	Prbg.g_01908	Prbc.g_01005
OG0001192	Praj	Prbg.g_01908	Praj.g_02099
OG0001192	Prbb	Prbg.g_01908	Prbb.g_02139
OG0001192	Syaa	Prbg.g_01908	Syaa.g_02612
OG0001192	Syae	Prbg.g_01908	Syae.g_01587
OG0001192	Syai	Prbg.g_01908	Syai.g_02793
OG0001192	Syam	Prbg.g_01908	Syam.g_02330
OG0001192	Syaj	Prbg.g_01908	Syaj.g_02138
OG0001192	Syad	Prbg.g_01908	Syad.g_00013
OG0001192	Syaf	Prbg.g_01908	Syaf.g_00630
OG0001192	Syag	Prbg.g_01908	Syag.g_02149
OG0001192	Syac	Prbg.g_01908	Syac.g_02374
OG0001192	Syah	Prbg.g_01908	Syah.g_00485
OG0001192	Syak	Prbg.g_01908	Syak.g_01921
OG0001192	Syab	Prbg.g_01908	Syab.g_02778
OG0001192	Syal	Prbg.g_01908	Syal.g_01090
OG0001192	Syar	Prbg.g_01908	Syar.g_00356
OG0001192	Syat	Prbg.g_01908	Syat.g_02663
OG0001192	Syap	Prbg.g_01908	Syap.g_01021
OG0001192	Prbj	Prbg.g_01908	Prbj.g_01975
OG0001192	Prbk	Prbg.g_01908	Prbk.g_02180
OG0001192	Prbl	Prbg.g_01908	Prbl.g_02219
OG0001192	Prah	Prbg.g_01908	Prah.g_02508
OG0001192	Praf	Prbg.g_01908	Praf.g_02674
OG0001192	Syao	Prbg.g_01908	Syao.g_02367
OG0001192	Syan	Prbg.g_01908	Syan.g_01585
OG0001192	Syaq	Prbg.g_01908	Syaq.g_01242
OG0001192	Pram	Prbg.g_01908	Pram.g_01894
OG0001192	Prbh	Prbg.g_01908	Prbh.g_01520
OG0001192	Prak	Prbg.g_01908	Prak.g_01903
OG0001192	Prap	Prbg.g_01908	Prap.g_01520
OG0001192	Prbe	Prbg.g_01908	Prbe.g_01166
OG0001192	Prbf	Prbg.g_01908	Prbf.g_00435
OG0001192	Prbn	Prbg.g_01908	Prbn.g_00936
OG0001193	Prab	Prbg.g_01920	Prab.g_01928
OG0001193	Pran	Prbg.g_01920	Pran.g_01230
OG0001193	Prai	Prbg.g_01920	Prai.g_01909
OG0001193	Prag	Prbg.g_01920	Prag.g_01931
OG0001193	Praw	Prbg.g_01920	Praw.g_01162
OG0001193	Prad	Prbg.g_01920	Prad.g_01562
OG0001193	Pras	Prbg.g_01920	Pras.g_00815
OG0001193	Prau	Prbg.g_01920	Prau.g_01995
OG0001193	Prae	Prbg.g_01920	Prae.g_01885
OG0001193	Prao	Prbg.g_01920	Prao.g_01814
OG0001193	Prax	Prbg.g_01920	Prax.g_01464
OG0001193	Prbd	Prbg.g_01920	Prbd.g_01264
OG0001193	Prac	Prbg.g_01920	Prac.g_00109
OG0001193	Praq	Prbg.g_01920	Praq.g_00400
OG0001193	Prar	Prbg.g_01920	Prar.g_00064
OG0001193	Praa	Prbg.g_01920	Praa.g_01902
OG0001193	Prav	Prbg.g_01920	Prav.g_00759
OG0001193	Prbi	Prbg.g_01920	Prbi.g_02077
OG0001193	Pray	Prbg.g_01920	Pray.g_01435
OG0001193	Praz	Prbg.g_01920	Praz.g_00134
OG0001193	Prba	Prbg.g_01920	Prba.g_00839
OG0001193	Prbj	Prbg.g_01920	Prbj.g_02013
OG0001193	Prbk	Prbg.g_01920	Prbk.g_02218
OG0001193	Prbl	Prbg.g_01920	Prbl.g_02181
OG0001193	Praf	Prbg.g_01920	Praf.g_02724
OG0001193	Prah	Prbg.g_01920	Prah.g_02548
OG0001193	Syar	Prbg.g_01920	Syar.g_00711
OG0001193	Syan	Prbg.g_01920	Syan.g_01626
OG0001193	Syat	Prbg.g_01920	Syat.g_02513
OG0001193	Syag	Prbg.g_01920	Syag.g_02182
OG0001193	Syab	Prbg.g_01920	Syab.g_02827
OG0001193	Syal	Prbg.g_01920	Syal.g_01128
OG0001193	Syao	Prbg.g_01920	Syao.g_02284
OG0001193	Syaq	Prbg.g_01920	Syaq.g_01217
OG0001193	Syak	Prbg.g_01920	Syak.g_01888
OG0001193	Syac	Prbg.g_01920	Syac.g_02406
OG0001193	Syah	Prbg.g_01920	Syah.g_00456
OG0001193	Syaf	Prbg.g_01920	Syaf.g_00596
OG0001193	Syai	Prbg.g_01920	Syai.g_02835
OG0001193	Syam	Prbg.g_01920	Syam.g_02355
OG0001193	Syad	Prbg.g_01920	Syad.g_00072
OG0001193	Syaj	Prbg.g_01920	Syaj.g_02178
OG0001193	Syas	Prbg.g_01920	Syas.g_01952
OG0001193	Syaa	Prbg.g_01920	Syaa.g_02658
OG0001193	Syae	Prbg.g_01920	Syae.g_01617
OG0001193	Prbc	Prbg.g_01920	Prbc.g_01018
OG0001193	Praj	Prbg.g_01920	Praj.g_02112
OG0001193	Prbb	Prbg.g_01920	Prbb.g_02152
OG0001193	Prbm	Prbg.g_01920	Prbm.g_02197
OG0001193	Pral	Prbg.g_01920	Pral.g_00380
OG0001193	Prat	Prbg.g_01920	Prat.g_01863
OG0001193	Pram	Prbg.g_01920	Pram.g_01907
OG0001193	Prbh	Prbg.g_01920	Prbh.g_01507
OG0001193	Prak	Prbg.g_01920	Prak.g_01915
OG0001193	Prap	Prbg.g_01920	Prap.g_01508
OG0001193	Prbe	Prbg.g_01920	Prbe.g_01178
OG0001193	Prbf	Prbg.g_01920	Prbf.g_00423
OG0001193	Prbn	Prbg.g_01920	Prbn.g_00924
OG0001194	Prad	Prbg.g_01921	Prad.g_01561
OG0001194	Prab	Prbg.g_01921	Prab.g_01929
OG0001194	Pran	Prbg.g_01921	Pran.g_01231
OG0001194	Prai	Prbg.g_01921	Prai.g_01910
OG0001194	Pray	Prbg.g_01921	Pray.g_01436
OG0001194	Praz	Prbg.g_01921	Praz.g_00133
OG0001194	Prba	Prbg.g_01921	Prba.g_00840
OG0001194	Prbd	Prbg.g_01921	Prbd.g_01263
OG0001194	Prav	Prbg.g_01921	Prav.g_00760
OG0001194	Prbi	Prbg.g_01921	Prbi.g_02078
OG0001194	Pras	Prbg.g_01921	Pras.g_00816
OG0001194	Prau	Prbg.g_01921	Prau.g_01996
OG0001194	Prae	Prbg.g_01921	Prae.g_01886
OG0001194	Prao	Prbg.g_01921	Prao.g_01815
OG0001194	Praa	Prbg.g_01921	Praa.g_01903
OG0001194	Prax	Prbg.g_01921	Prax.g_01465
OG0001194	Prac	Prbg.g_01921	Prac.g_00110
OG0001194	Praq	Prbg.g_01921	Praq.g_00401
OG0001194	Prar	Prbg.g_01921	Prar.g_00063
OG0001194	Prag	Prbg.g_01921	Prag.g_01932
OG0001194	Praw	Prbg.g_01921	Praw.g_01161
OG0001194	Praj	Prbg.g_01921	Praj.g_02113
OG0001194	Prbc	Prbg.g_01921	Prbc.g_01019
OG0001194	Prbb	Prbg.g_01921	Prbb.g_02153
OG0001194	Prbm	Prbg.g_01921	Prbm.g_02198
OG0001194	Prbj	Prbg.g_01921	Prbj.g_02019
OG0001194	Prbk	Prbg.g_01921	Prbk.g_02224
OG0001194	Prbl	Prbg.g_01921	Prbl.g_02175
OG0001194	Praf	Prbg.g_01921	Praf.g_02728
OG0001194	Prah	Prbg.g_01921	Prah.g_02550
OG0001194	Syag	Prbg.g_01921	Syag.g_02185
OG0001194	Syaq	Prbg.g_01921	Syaq.g_01214
OG0001194	Syak	Prbg.g_01921	Syak.g_01882
OG0001194	Syab	Prbg.g_01921	Syab.g_02833
OG0001194	Syal	Prbg.g_01921	Syal.g_01130
OG0001194	Syas	Prbg.g_01921	Syas.g_01953
OG0001194	Syar	Prbg.g_01921	Syar.g_00622
OG0001194	Syat	Prbg.g_01921	Syat.g_02515
OG0001194	Syan	Prbg.g_01921	Syan.g_01627
OG0001194	Syao	Prbg.g_01921	Syao.g_02285
OG0001194	Syaf	Prbg.g_01921	Syaf.g_00594
OG0001194	Syai	Prbg.g_01921	Syai.g_02838
OG0001194	Syam	Prbg.g_01921	Syam.g_02357
OG0001194	Syaa	Prbg.g_01921	Syaa.g_02660
OG0001194	Syae	Prbg.g_01921	Syae.g_01625
OG0001194	Syac	Prbg.g_01921	Syac.g_02408
OG0001194	Syah	Prbg.g_01921	Syah.g_00454
OG0001194	Syad	Prbg.g_01921	Syad.g_00075
OG0001194	Syaj	Prbg.g_01921	Syaj.g_02180
OG0001194	Pral	Prbg.g_01921	Pral.g_00381
OG0001194	Prat	Prbg.g_01921	Prat.g_01864
OG0001194	Pram	Prbg.g_01921	Pram.g_01908
OG0001194	Prbh	Prbg.g_01921	Prbh.g_01506
OG0001194	Prak	Prbg.g_01921	Prak.g_01916
OG0001194	Prap	Prbg.g_01921	Prap.g_01507
OG0001194	Prbe	Prbg.g_01921	Prbe.g_01179
OG0001194	Prbf	Prbg.g_01921	Prbf.g_00422
OG0001194	Prbn	Prbg.g_01921	Prbn.g_00923
OG0001195	Prab	Prbg.g_01922	Prab.g_01930
OG0001195	Pran	Prbg.g_01922	Pran.g_01232
OG0001195	Prai	Prbg.g_01922	Prai.g_01911
OG0001195	Prag	Prbg.g_01922	Prag.g_01933
OG0001195	Praw	Prbg.g_01922	Praw.g_01160
OG0001195	Prao	Prbg.g_01922	Prao.g_01816
OG0001195	Pras	Prbg.g_01922	Pras.g_00817
OG0001195	Prau	Prbg.g_01922	Prau.g_01997
OG0001195	Prad	Prbg.g_01922	Prad.g_01560
OG0001195	Prac	Prbg.g_01922	Prac.g_00111
OG0001195	Praq	Prbg.g_01922	Praq.g_00402
OG0001195	Prar	Prbg.g_01922	Prar.g_00062
OG0001195	Prae	Prbg.g_01922	Prae.g_01887
OG0001195	Prbd	Prbg.g_01922	Prbd.g_01262
OG0001195	Pray	Prbg.g_01922	Pray.g_01437
OG0001195	Praz	Prbg.g_01922	Praz.g_00132
OG0001195	Prba	Prbg.g_01922	Prba.g_00841
OG0001195	Prav	Prbg.g_01922	Prav.g_00761
OG0001195	Praa	Prbg.g_01922	Praa.g_01904
OG0001195	Prax	Prbg.g_01922	Prax.g_01466
OG0001195	Prbi	Prbg.g_01922	Prbi.g_02079
OG0001195	Prat	Prbg.g_01922	Prat.g_01865
OG0001195	Pral	Prbg.g_01922	Pral.g_00382
OG0001195	Praj	Prbg.g_01922	Praj.g_02114
OG0001195	Prbb	Prbg.g_01922	Prbb.g_02154
OG0001195	Prbm	Prbg.g_01922	Prbm.g_02199
OG0001195	Prbc	Prbg.g_01922	Prbc.g_01020
OG0001195	Prbj	Prbg.g_01922	Prbj.g_02020
OG0001195	Prbk	Prbg.g_01922	Prbk.g_02225
OG0001195	Prbl	Prbg.g_01922	Prbl.g_02174
OG0001195	Praf	Prbg.g_01922	Praf.g_02729
OG0001195	Prah	Prbg.g_01922	Prah.g_02551
OG0001195	Syan	Prbg.g_01922	Syan.g_01628
OG0001195	Syar	Prbg.g_01922	Syar.g_00623
OG0001195	Syat	Prbg.g_01922	Syat.g_02516
OG0001195	Syas	Prbg.g_01922	Syas.g_01954
OG0001195	Syao	Prbg.g_01922	Syao.g_02286
OG0001195	Syag	Prbg.g_01922	Syag.g_02186
OG0001195	Syak	Prbg.g_01922	Syak.g_01881
OG0001195	Syaq	Prbg.g_01922	Syaq.g_01213
OG0001195	Syab	Prbg.g_01922	Syab.g_02834
OG0001195	Syal	Prbg.g_01922	Syal.g_01131
OG0001195	Syad	Prbg.g_01922	Syad.g_00076
OG0001195	Syaj	Prbg.g_01922	Syaj.g_02181
OG0001195	Syac	Prbg.g_01922	Syac.g_02409
OG0001195	Syah	Prbg.g_01922	Syah.g_00453
OG0001195	Syaf	Prbg.g_01922	Syaf.g_00593
OG0001195	Syai	Prbg.g_01922	Syai.g_02839
OG0001195	Syam	Prbg.g_01922	Syam.g_02358
OG0001195	Syaa	Prbg.g_01922	Syaa.g_02661
OG0001195	Syae	Prbg.g_01922	Syae.g_01626
OG0001195	Pram	Prbg.g_01922	Pram.g_01909
OG0001195	Prbh	Prbg.g_01922	Prbh.g_01505
OG0001195	Prak	Prbg.g_01922	Prak.g_01917
OG0001195	Prap	Prbg.g_01922	Prap.g_01506
OG0001195	Prbe	Prbg.g_01922	Prbe.g_01180
OG0001195	Prbf	Prbg.g_01922	Prbf.g_00421
OG0001195	Prbn	Prbg.g_01922	Prbn.g_00922
OG0001196	Prab	Prbg.g_01938	Prab.g_01943
OG0001196	Pran	Prbg.g_01938	Pran.g_01245
OG0001196	Prai	Prbg.g_01938	Prai.g_01924
OG0001196	Prao	Prbg.g_01938	Prao.g_01829
OG0001196	Prad	Prbg.g_01938	Prad.g_01547
OG0001196	Prav	Prbg.g_01938	Prav.g_00774
OG0001196	Prag	Prbg.g_01938	Prag.g_01946
OG0001196	Praw	Prbg.g_01938	Praw.g_01147
OG0001196	Prax	Prbg.g_01938	Prax.g_01479
OG0001196	Praa	Prbg.g_01938	Praa.g_01917
OG0001196	Prbd	Prbg.g_01938	Prbd.g_01249
OG0001196	Prac	Prbg.g_01938	Prac.g_00124
OG0001196	Praq	Prbg.g_01938	Praq.g_00415
OG0001196	Prar	Prbg.g_01938	Prar.g_00049
OG0001196	Prbi	Prbg.g_01938	Prbi.g_02092
OG0001196	Pray	Prbg.g_01938	Pray.g_01450
OG0001196	Praz	Prbg.g_01938	Praz.g_00119
OG0001196	Prba	Prbg.g_01938	Prba.g_01782
OG0001196	Prae	Prbg.g_01938	Prae.g_01900
OG0001196	Pras	Prbg.g_01938	Pras.g_00830
OG0001196	Prau	Prbg.g_01938	Prau.g_02010
OG0001196	Pral	Prbg.g_01938	Pral.g_00398
OG0001196	Prat	Prbg.g_01938	Prat.g_01881
OG0001196	Praj	Prbg.g_01938	Praj.g_02136
OG0001196	Prbm	Prbg.g_01938	Prbm.g_02219
OG0001196	Prbb	Prbg.g_01938	Prbb.g_02175
OG0001196	Prbc	Prbg.g_01938	Prbc.g_01054
OG0001196	Prbj	Prbg.g_01938	Prbj.g_02056
OG0001196	Prbk	Prbg.g_01938	Prbk.g_02261
OG0001196	Prbl	Prbg.g_01938	Prbl.g_02138
OG0001196	Praf	Prbg.g_01938	Praf.g_02766
OG0001196	Prah	Prbg.g_01938	Prah.g_02587
OG0001196	Syak	Prbg.g_01938	Syak.g_01811
OG0001196	Syab	Prbg.g_01938	Syab.g_02896
OG0001196	Syal	Prbg.g_01938	Syal.g_00078
OG0001196	Syad	Prbg.g_01938	Syad.g_00144
OG0001196	Syaj	Prbg.g_01938	Syaj.g_02244
OG0001196	Syaf	Prbg.g_01938	Syaf.g_00519
OG0001196	Syam	Prbg.g_01938	Syam.g_02429
OG0001196	Syai	Prbg.g_01938	Syai.g_02913
OG0001196	Syae	Prbg.g_01938	Syae.g_01695
OG0001196	Syaa	Prbg.g_01938	Syaa.g_02741
OG0001196	Syac	Prbg.g_01938	Syac.g_02477
OG0001196	Syah	Prbg.g_01938	Syah.g_00390
OG0001196	Syag	Prbg.g_01938	Syag.g_02254
OG0001196	Syaq	Prbg.g_01938	Syaq.g_01169
OG0001196	Syas	Prbg.g_01938	Syas.g_02010
OG0001196	Syat	Prbg.g_01938	Syat.g_02398
OG0001196	Syar	Prbg.g_01938	Syar.g_00453
OG0001196	Syan	Prbg.g_01938	Syan.g_01693
OG0001196	Syao	Prbg.g_01938	Syao.g_02341
OG0001196	Pram	Prbg.g_01938	Pram.g_01926
OG0001196	Prbh	Prbg.g_01938	Prbh.g_01488
OG0001196	Prak	Prbg.g_01938	Prak.g_01933
OG0001196	Prap	Prbg.g_01938	Prap.g_01490
OG0001196	Prbe	Prbg.g_01938	Prbe.g_01196
OG0001196	Prbf	Prbg.g_01938	Prbf.g_00405
OG0001196	Prbn	Prbg.g_01938	Prbn.g_00906
OG0001197	Prad	Prbg.g_01940	Prad.g_01546
OG0001197	Prae	Prbg.g_01940	Prae.g_01901
OG0001197	Prag	Prbg.g_01940	Prag.g_01947
OG0001197	Praw	Prbg.g_01940	Praw.g_01146
OG0001197	Praa	Prbg.g_01940	Praa.g_01918
OG0001197	Prbd	Prbg.g_01940	Prbd.g_01248
OG0001197	Prao	Prbg.g_01940	Prao.g_01830
OG0001197	Prav	Prbg.g_01940	Prav.g_00775
OG0001197	Prax	Prbg.g_01940	Prax.g_01480
OG0001197	Prac	Prbg.g_01940	Prac.g_00125
OG0001197	Praq	Prbg.g_01940	Praq.g_00416
OG0001197	Prar	Prbg.g_01940	Prar.g_00048
OG0001197	Pray	Prbg.g_01940	Pray.g_01451
OG0001197	Praz	Prbg.g_01940	Praz.g_00118
OG0001197	Prba	Prbg.g_01940	Prba.g_01783
OG0001197	Prbi	Prbg.g_01940	Prbi.g_02093
OG0001197	Pras	Prbg.g_01940	Pras.g_00831
OG0001197	Prau	Prbg.g_01940	Prau.g_02011
OG0001197	Prab	Prbg.g_01940	Prab.g_01944
OG0001197	Pran	Prbg.g_01940	Pran.g_01246
OG0001197	Prai	Prbg.g_01940	Prai.g_01925
OG0001197	Prbm	Prbg.g_01940	Prbm.g_02221
OG0001197	Praj	Prbg.g_01940	Praj.g_02138
OG0001197	Prbb	Prbg.g_01940	Prbb.g_02177
OG0001197	Prbc	Prbg.g_01940	Prbc.g_01056
OG0001197	Syar	Prbg.g_01940	Syar.g_00455
OG0001197	Syan	Prbg.g_01940	Syan.g_01695
OG0001197	Syao	Prbg.g_01940	Syao.g_02343
OG0001197	Syat	Prbg.g_01940	Syat.g_02396
OG0001197	Syap	Prbg.g_01940	Syap.g_00126
OG0001197	Syas	Prbg.g_01940	Syas.g_02012
OG0001197	Praf	Prbg.g_01940	Praf.g_02768
OG0001197	Prbj	Prbg.g_01940	Prbj.g_02058
OG0001197	Prbk	Prbg.g_01940	Prbk.g_02263
OG0001197	Prbl	Prbg.g_01940	Prbl.g_02136
OG0001197	Prah	Prbg.g_01940	Prah.g_02589
OG0001197	Syac	Prbg.g_01940	Syac.g_02479
OG0001197	Syah	Prbg.g_01940	Syah.g_00388
OG0001197	Syab	Prbg.g_01940	Syab.g_02898
OG0001197	Syal	Prbg.g_01940	Syal.g_00080
OG0001197	Syaq	Prbg.g_01940	Syaq.g_01167
OG0001197	Syak	Prbg.g_01940	Syak.g_01809
OG0001197	Syaa	Prbg.g_01940	Syaa.g_02743
OG0001197	Syai	Prbg.g_01940	Syai.g_02915
OG0001197	Syaf	Prbg.g_01940	Syaf.g_00517
OG0001197	Syam	Prbg.g_01940	Syam.g_02431
OG0001197	Syad	Prbg.g_01940	Syad.g_00146
OG0001197	Syaj	Prbg.g_01940	Syaj.g_02246
OG0001197	Syae	Prbg.g_01940	Syae.g_01697
OG0001197	Syag	Prbg.g_01940	Syag.g_02256
OG0001197	Pral	Prbg.g_01940	Pral.g_00400
OG0001197	Prat	Prbg.g_01940	Prat.g_01883
OG0001197	Pram	Prbg.g_01940	Pram.g_01928
OG0001197	Prbh	Prbg.g_01940	Prbh.g_01486
OG0001197	Prbf	Prbg.g_01940	Prbf.g_00403
OG0001197	Prap	Prbg.g_01940	Prap.g_01488
OG0001197	Prak	Prbg.g_01940	Prak.g_01935
OG0001197	Prbe	Prbg.g_01940	Prbe.g_01198
OG0001198	Prab	Prbg.g_00764	Prab.g_01952
OG0001198	Pran	Prbg.g_00764	Pran.g_01254
OG0001198	Prai	Prbg.g_00764	Prai.g_01933
OG0001198	Prag	Prbg.g_00764	Prag.g_01954
OG0001198	Praw	Prbg.g_00764	Praw.g_01139
OG0001198	Prad	Prbg.g_00764	Prad.g_01539
OG0001198	Prao	Prbg.g_00764	Prao.g_01838
OG0001198	Prbi	Prbg.g_00764	Prbi.g_02100
OG0001198	Prax	Prbg.g_00764	Prax.g_01487
OG0001198	Pray	Prbg.g_00764	Pray.g_01458
OG0001198	Praz	Prbg.g_00764	Praz.g_00362
OG0001198	Prba	Prbg.g_00764	Prba.g_01790
OG0001198	Prae	Prbg.g_00764	Prae.g_01908
OG0001198	Praa	Prbg.g_00764	Praa.g_01925
OG0001198	Prbd	Prbg.g_00764	Prbd.g_01240
OG0001198	Pras	Prbg.g_00764	Pras.g_00839
OG0001198	Prau	Prbg.g_00764	Prau.g_02019
OG0001198	Prac	Prbg.g_00764	Prac.g_01950
OG0001198	Praq	Prbg.g_00764	Praq.g_00423
OG0001198	Prar	Prbg.g_00764	Prar.g_00041
OG0001198	Prav	Prbg.g_00764	Prav.g_00783
OG0001198	Prbm	Prbg.g_00764	Prbm.g_02230
OG0001198	Prbc	Prbg.g_00764	Prbc.g_01066
OG0001198	Praj	Prbg.g_00764	Praj.g_02146
OG0001198	Prbb	Prbg.g_00764	Prbb.g_02186
OG0001198	Praf	Prbg.g_00764	Praf.g_02780
OG0001198	Prbj	Prbg.g_00764	Prbj.g_02070
OG0001198	Prbk	Prbg.g_00764	Prbk.g_02275
OG0001198	Prbl	Prbg.g_00764	Prbl.g_02124
OG0001198	Syad	Prbg.g_00764	Syad.g_00159
OG0001198	Syaj	Prbg.g_00764	Syaj.g_02259
OG0001198	Syae	Prbg.g_00764	Syae.g_01709
OG0001198	Syac	Prbg.g_00764	Syac.g_02491
OG0001198	Syah	Prbg.g_00764	Syah.g_00376
OG0001198	Syaa	Prbg.g_00764	Syaa.g_02755
OG0001198	Syai	Prbg.g_00764	Syai.g_02930
OG0001198	Syam	Prbg.g_00764	Syam.g_02443
OG0001198	Prah	Prbg.g_00764	Prah.g_02601
OG0001198	Syaf	Prbg.g_00764	Syaf.g_00501
OG0001198	Syar	Prbg.g_00764	Syar.g_00467
OG0001198	Syas	Prbg.g_00764	Syas.g_02031
OG0001198	Syap	Prbg.g_00764	Syap.g_00052
OG0001198	Syan	Prbg.g_00764	Syan.g_01793
OG0001198	Syao	Prbg.g_00764	Syao.g_02158
OG0001198	Syag	Prbg.g_00764	Syag.g_02269
OG0001198	Syaq	Prbg.g_00764	Syaq.g_01153
OG0001198	Syak	Prbg.g_00764	Syak.g_01798
OG0001198	Syab	Prbg.g_00764	Syab.g_02911
OG0001198	Syal	Prbg.g_00764	Syal.g_00093
OG0001198	Pral	Prbg.g_00764	Pral.g_00407
OG0001198	Prat	Prbg.g_00764	Prat.g_01890
OG0001198	Pram	Prbg.g_00764	Pram.g_01935
OG0001198	Prbh	Prbg.g_00764	Prbh.g_01479
OG0001198	Prak	Prbg.g_00764	Prak.g_01942
OG0001198	Prap	Prbg.g_00764	Prap.g_01868
OG0001198	Prbe	Prbg.g_00764	Prbe.g_01062
OG0001198	Prbf	Prbg.g_00764	Prbf.g_00396
OG0001198	Prbn	Prbg.g_00764	Prbn.g_00297
OG0001199	Pras	Prbg.g_00795	Pras.g_00925
OG0001199	Prau	Prbg.g_00795	Prau.g_00075
OG0001199	Prac	Prbg.g_00795	Prac.g_01857
OG0001199	Praq	Prbg.g_00795	Praq.g_01929
OG0001199	Prar	Prbg.g_00795	Prar.g_00254
OG0001199	Pray	Prbg.g_00795	Pray.g_00215
OG0001199	Praz	Prbg.g_00795	Praz.g_00434
OG0001199	Prba	Prbg.g_00795	Prba.g_01862
OG0001199	Prad	Prbg.g_00795	Prad.g_01919
OG0001199	Prav	Prbg.g_00795	Prav.g_00139
OG0001199	Prbi	Prbg.g_00795	Prbi.g_00081
OG0001199	Prao	Prbg.g_00795	Prao.g_00213
OG0001199	Praa	Prbg.g_00795	Praa.g_00074
OG0001199	Prax	Prbg.g_00795	Prax.g_00645
OG0001199	Prag	Prbg.g_00795	Prag.g_00068
OG0001199	Praw	Prbg.g_00795	Praw.g_01360
OG0001199	Prbd	Prbg.g_00795	Prbd.g_01170
OG0001199	Prae	Prbg.g_00795	Prae.g_00074
OG0001199	Prai	Prbg.g_00795	Prai.g_00074
OG0001199	Prab	Prbg.g_00795	Prab.g_00066
OG0001199	Pran	Prbg.g_00795	Pran.g_00358
OG0001199	Syab	Prbg.g_00795	Syab.g_02440
OG0001199	Syal	Prbg.g_00795	Syal.g_00757
OG0001199	Syak	Prbg.g_00795	Syak.g_02249
OG0001199	Syaq	Prbg.g_00795	Syaq.g_01553
OG0001199	Prbj	Prbg.g_00795	Prbj.g_00570
OG0001199	Prbk	Prbg.g_00795	Prbk.g_01314
OG0001199	Prbl	Prbg.g_00795	Prbl.g_00602
OG0001199	Praf	Prbg.g_00795	Praf.g_00315
OG0001199	Prah	Prbg.g_00795	Prah.g_01844
OG0001199	Syan	Prbg.g_00795	Syan.g_02913
OG0001199	Syao	Prbg.g_00795	Syao.g_02623
OG0001199	Syar	Prbg.g_00795	Syar.g_03045
OG0001199	Syat	Prbg.g_00795	Syat.g_01475
OG0001199	Syap	Prbg.g_00795	Syap.g_01696
OG0001199	Syas	Prbg.g_00795	Syas.g_02516
OG0001199	Syaa	Prbg.g_00795	Syaa.g_00347
OG0001199	Syam	Prbg.g_00795	Syam.g_02068
OG0001199	Syai	Prbg.g_00795	Syai.g_02480
OG0001199	Syaf	Prbg.g_00795	Syaf.g_00957
OG0001199	Syac	Prbg.g_00795	Syac.g_00445
OG0001199	Syah	Prbg.g_00795	Syah.g_02488
OG0001199	Syad	Prbg.g_00795	Syad.g_02735
OG0001199	Syaj	Prbg.g_00795	Syaj.g_01825
OG0001199	Syae	Prbg.g_00795	Syae.g_01291
OG0001199	Syag	Prbg.g_00795	Syag.g_01825
OG0001199	Prbm	Prbg.g_00795	Prbm.g_00131
OG0001199	Prbc	Prbg.g_00795	Prbc.g_00499
OG0001199	Praj	Prbg.g_00795	Praj.g_00112
OG0001199	Prbb	Prbg.g_00795	Prbb.g_00129
OG0001199	Pram	Prbg.g_00795	Pram.g_00059
OG0001199	Prbh	Prbg.g_00795	Prbh.g_00708
OG0001199	Prbe	Prbg.g_00795	Prbe.g_00179
OG0001199	Prbf	Prbg.g_00795	Prbf.g_01401
OG0001199	Prak	Prbg.g_00795	Prak.g_00079
OG0001199	Prap	Prbg.g_00795	Prap.g_00876
OG0001199	Prbn	Prbg.g_00795	Prbn.g_00703
OG0001200	Prab	Prbg.g_00793	Prab.g_00068
OG0001200	Pran	Prbg.g_00793	Pran.g_00356
OG0001200	Prai	Prbg.g_00793	Prai.g_00076
OG0001200	Prac	Prbg.g_00793	Prac.g_01855
OG0001200	Praq	Prbg.g_00793	Praq.g_01927
OG0001200	Prar	Prbg.g_00793	Prar.g_00252
OG0001200	Prag	Prbg.g_00793	Prag.g_00070
OG0001200	Praw	Prbg.g_00793	Praw.g_01358
OG0001200	Pras	Prbg.g_00793	Pras.g_00927
OG0001200	Prau	Prbg.g_00793	Prau.g_00077
OG0001200	Pray	Prbg.g_00793	Pray.g_00213
OG0001200	Praz	Prbg.g_00793	Praz.g_00436
OG0001200	Prba	Prbg.g_00793	Prba.g_01864
OG0001200	Prad	Prbg.g_00793	Prad.g_01917
OG0001200	Prae	Prbg.g_00793	Prae.g_00076
OG0001200	Prbd	Prbg.g_00793	Prbd.g_01168
OG0001200	Praa	Prbg.g_00793	Praa.g_00076
OG0001200	Prao	Prbg.g_00793	Prao.g_00215
OG0001200	Prax	Prbg.g_00793	Prax.g_00647
OG0001200	Prbi	Prbg.g_00793	Prbi.g_00083
OG0001200	Prav	Prbg.g_00793	Prav.g_00141
OG0001200	Syap	Prbg.g_00793	Syap.g_01698
OG0001200	Praj	Prbg.g_00793	Praj.g_00114
OG0001200	Prbc	Prbg.g_00793	Prbc.g_00497
OG0001200	Prbm	Prbg.g_00793	Prbm.g_00133
OG0001200	Prbb	Prbg.g_00793	Prbb.g_00131
OG0001200	Syac	Prbg.g_00793	Syac.g_00443
OG0001200	Syah	Prbg.g_00793	Syah.g_02490
OG0001200	Syaa	Prbg.g_00793	Syaa.g_00345
OG0001200	Syaf	Prbg.g_00793	Syaf.g_00955
OG0001200	Syai	Prbg.g_00793	Syai.g_02482
OG0001200	Syam	Prbg.g_00793	Syam.g_02070
OG0001200	Syae	Prbg.g_00793	Syae.g_01293
OG0001200	Syad	Prbg.g_00793	Syad.g_02737
OG0001200	Syaj	Prbg.g_00793	Syaj.g_01827
OG0001200	Syas	Prbg.g_00793	Syas.g_02514
OG0001200	Syat	Prbg.g_00793	Syat.g_01477
OG0001200	Syan	Prbg.g_00793	Syan.g_02915
OG0001200	Syao	Prbg.g_00793	Syao.g_02625
OG0001200	Syar	Prbg.g_00793	Syar.g_03047
OG0001200	Praf	Prbg.g_00793	Praf.g_00313
OG0001200	Prah	Prbg.g_00793	Prah.g_01846
OG0001200	Prbj	Prbg.g_00793	Prbj.g_00572
OG0001200	Prbk	Prbg.g_00793	Prbk.g_01312
OG0001200	Prbl	Prbg.g_00793	Prbl.g_00600
OG0001200	Syaq	Prbg.g_00793	Syaq.g_01551
OG0001200	Syag	Prbg.g_00793	Syag.g_01827
OG0001200	Syak	Prbg.g_00793	Syak.g_02247
OG0001200	Syab	Prbg.g_00793	Syab.g_02442
OG0001200	Syal	Prbg.g_00793	Syal.g_00759
OG0001200	Pral	Prbg.g_00793	Pral.g_00971
OG0001200	Prat	Prbg.g_00793	Prat.g_00073
OG0001200	Pram	Prbg.g_00793	Pram.g_00061
OG0001200	Prbh	Prbg.g_00793	Prbh.g_00706
OG0001200	Prak	Prbg.g_00793	Prak.g_00081
OG0001200	Prbe	Prbg.g_00793	Prbe.g_00181
OG0001200	Prbf	Prbg.g_00793	Prbf.g_01403
OG0001201	Prai	Prbg.g_00880	Prai.g_00108
OG0001201	Prab	Prbg.g_00880	Prab.g_00099
OG0001201	Pran	Prbg.g_00880	Pran.g_00325
OG0001201	Prad	Prbg.g_00880	Prad.g_01885
OG0001201	Prbi	Prbg.g_00880	Prbi.g_00115
OG0001201	Prac	Prbg.g_00880	Prac.g_01823
OG0001201	Praq	Prbg.g_00880	Praq.g_01895
OG0001201	Prar	Prbg.g_00880	Prar.g_00220
OG0001201	Prag	Prbg.g_00880	Prag.g_00101
OG0001201	Praw	Prbg.g_00880	Praw.g_01327
OG0001201	Prav	Prbg.g_00880	Prav.g_00173
OG0001201	Prao	Prbg.g_00880	Prao.g_00246
OG0001201	Prae	Prbg.g_00880	Prae.g_00107
OG0001201	Pras	Prbg.g_00880	Pras.g_00959
OG0001201	Prax	Prbg.g_00880	Prax.g_01111
OG0001201	Praa	Prbg.g_00880	Praa.g_00108
OG0001201	Prbd	Prbg.g_00880	Prbd.g_01136
OG0001201	Prau	Prbg.g_00880	Prau.g_00109
OG0001201	Pray	Prbg.g_00880	Pray.g_00181
OG0001201	Praz	Prbg.g_00880	Praz.g_00468
OG0001201	Prba	Prbg.g_00880	Prba.g_01896
OG0001201	Syas	Prbg.g_00880	Syas.g_02419
OG0001201	Syar	Prbg.g_00880	Syar.g_03120
OG0001201	Syan	Prbg.g_00880	Syan.g_02975
OG0001201	Syao	Prbg.g_00880	Syao.g_02601
OG0001201	Syat	Prbg.g_00880	Syat.g_01572
OG0001201	Syae	Prbg.g_00880	Syae.g_01364
OG0001201	Syac	Prbg.g_00880	Syac.g_00395
OG0001201	Syah	Prbg.g_00880	Syah.g_02538
OG0001201	Syaf	Prbg.g_00880	Syaf.g_00902
OG0001201	Syam	Prbg.g_00880	Syam.g_02122
OG0001201	Syaa	Prbg.g_00880	Syaa.g_02381
OG0001201	Syad	Prbg.g_00880	Syad.g_02802
OG0001201	Syaj	Prbg.g_00880	Syaj.g_01888
OG0001201	Syag	Prbg.g_00880	Syag.g_01886
OG0001201	Syaq	Prbg.g_00880	Syaq.g_01486
OG0001201	Syab	Prbg.g_00880	Syab.g_02501
OG0001201	Syal	Prbg.g_00880	Syal.g_00821
OG0001201	Prah	Prbg.g_00880	Prah.g_01898
OG0001201	Praf	Prbg.g_00880	Praf.g_00243
OG0001201	Prbj	Prbg.g_00880	Prbj.g_00621
OG0001201	Prbk	Prbg.g_00880	Prbk.g_00010
OG0001201	Prbl	Prbg.g_00880	Prbl.g_00551
OG0001201	Syak	Prbg.g_00880	Syak.g_02191
OG0001201	Praj	Prbg.g_00880	Praj.g_00146
OG0001201	Prbb	Prbg.g_00880	Prbb.g_00163
OG0001201	Prbm	Prbg.g_00880	Prbm.g_00165
OG0001201	Prbc	Prbg.g_00880	Prbc.g_00465
OG0001201	Prat	Prbg.g_00880	Prat.g_00105
OG0001201	Pral	Prbg.g_00880	Pral.g_00939
OG0001201	Pram	Prbg.g_00880	Pram.g_00092
OG0001201	Prbh	Prbg.g_00880	Prbh.g_00675
OG0001201	Prak	Prbg.g_00880	Prak.g_00114
OG0001201	Prap	Prbg.g_00880	Prap.g_01068
OG0001201	Prbe	Prbg.g_00880	Prbe.g_01650
OG0001201	Prbf	Prbg.g_00880	Prbf.g_01436
OG0001201	Prbn	Prbg.g_00880	Prbn.g_01311
OG0001202	Prab	Prbg.g_00978	Prab.g_00190
OG0001202	Pran	Prbg.g_00978	Pran.g_00233
OG0001202	Prag	Prbg.g_00978	Prag.g_00192
OG0001202	Praw	Prbg.g_00978	Praw.g_01236
OG0001202	Prae	Prbg.g_00978	Prae.g_00202
OG0001202	Praa	Prbg.g_00978	Praa.g_00199
OG0001202	Pray	Prbg.g_00978	Pray.g_00680
OG0001202	Praz	Prbg.g_00978	Praz.g_00559
OG0001202	Prba	Prbg.g_00978	Prba.g_00655
OG0001202	Prbi	Prbg.g_00978	Prbi.g_00223
OG0001202	Prad	Prbg.g_00978	Prad.g_01792
OG0001202	Prac	Prbg.g_00978	Prac.g_01731
OG0001202	Praq	Prbg.g_00978	Praq.g_01803
OG0001202	Prar	Prbg.g_00978	Prar.g_00128
OG0001202	Pras	Prbg.g_00978	Pras.g_01050
OG0001202	Prav	Prbg.g_00978	Prav.g_00839
OG0001202	Prax	Prbg.g_00978	Prax.g_01019
OG0001202	Prao	Prbg.g_00978	Prao.g_00337
OG0001202	Prbd	Prbg.g_00978	Prbd.g_01041
OG0001202	Prau	Prbg.g_00978	Prau.g_00200
OG0001202	Prai	Prbg.g_00978	Prai.g_00210
OG0001202	Praj	Prbg.g_00978	Praj.g_00239
OG0001202	Prbb	Prbg.g_00978	Prbb.g_00256
OG0001202	Prbc	Prbg.g_00978	Prbc.g_00372
OG0001202	Prbm	Prbg.g_00978	Prbm.g_00259
OG0001202	Prat	Prbg.g_00978	Prat.g_00201
OG0001202	Prah	Prbg.g_00978	Prah.g_02359
OG0001202	Prbj	Prbg.g_00978	Prbj.g_01164
OG0001202	Prbk	Prbg.g_00978	Prbk.g_01254
OG0001202	Prbl	Prbg.g_00978	Prbl.g_00095
OG0001202	Syab	Prbg.g_00978	Syab.g_02635
OG0001202	Syal	Prbg.g_00978	Syal.g_00956
OG0001202	Syak	Prbg.g_00978	Syak.g_02061
OG0001202	Syar	Prbg.g_00978	Syar.g_00991
OG0001202	Syas	Prbg.g_00978	Syas.g_02270
OG0001202	Syap	Prbg.g_00978	Syap.g_01613
OG0001202	Syan	Prbg.g_00978	Syan.g_03084
OG0001202	Syao	Prbg.g_00978	Syao.g_02461
OG0001202	Syat	Prbg.g_00978	Syat.g_02812
OG0001202	Syaq	Prbg.g_00978	Syaq.g_01358
OG0001202	Syag	Prbg.g_00978	Syag.g_02032
OG0001202	Syac	Prbg.g_00978	Syac.g_02285
OG0001202	Syah	Prbg.g_00978	Syah.g_00594
OG0001202	Syad	Prbg.g_00978	Syad.g_02945
OG0001202	Syaj	Prbg.g_00978	Syaj.g_02032
OG0001202	Syae	Prbg.g_00978	Syae.g_01494
OG0001202	Syaa	Prbg.g_00978	Syaa.g_02528
OG0001202	Syaf	Prbg.g_00978	Syaf.g_00764
OG0001202	Syai	Prbg.g_00978	Syai.g_02674
OG0001202	Syam	Prbg.g_00978	Syam.g_02255
OG0001202	Pram	Prbg.g_00978	Pram.g_00184
OG0001202	Prbh	Prbg.g_00978	Prbh.g_00583
OG0001202	Prak	Prbg.g_00978	Prak.g_00212
OG0001202	Prap	Prbg.g_00978	Prap.g_00970
OG0001202	Prbe	Prbg.g_00978	Prbe.g_01748
OG0001202	Prbf	Prbg.g_00978	Prbf.g_01534
OG0001202	Prbn	Prbg.g_00978	Prbn.g_00354
OG0001203	Prai	Prbg.g_01020	Prai.g_00249
OG0001203	Pray	Prbg.g_01020	Pray.g_00719
OG0001203	Praz	Prbg.g_01020	Praz.g_00598
OG0001203	Prba	Prbg.g_01020	Prba.g_00457
OG0001203	Prbd	Prbg.g_01020	Prbd.g_01001
OG0001203	Praa	Prbg.g_01020	Praa.g_00238
OG0001203	Prac	Prbg.g_01020	Prac.g_01692
OG0001203	Prae	Prbg.g_01020	Prae.g_00241
OG0001203	Praq	Prbg.g_01020	Praq.g_01764
OG0001203	Prar	Prbg.g_01020	Prar.g_00089
OG0001203	Prau	Prbg.g_01020	Prau.g_00239
OG0001203	Prax	Prbg.g_01020	Prax.g_00980
OG0001203	Prbi	Prbg.g_01020	Prbi.g_00262
OG0001203	Pras	Prbg.g_01020	Pras.g_01090
OG0001203	Prao	Prbg.g_01020	Prao.g_00376
OG0001203	Prag	Prbg.g_01020	Prag.g_00231
OG0001203	Prav	Prbg.g_01020	Prav.g_00800
OG0001203	Praw	Prbg.g_01020	Praw.g_01197
OG0001203	Prad	Prbg.g_01020	Prad.g_01753
OG0001203	Syaq	Prbg.g_01020	Syaq.g_01581
OG0001203	Syar	Prbg.g_01020	Syar.g_03021
OG0001203	Syat	Prbg.g_01020	Syat.g_01447
OG0001203	Syan	Prbg.g_01020	Syan.g_02426
OG0001203	Syao	Prbg.g_01020	Syao.g_00296, Syao.g_01705
OG0001203	Syap	Prbg.g_01020	Syap.g_01154
OG0001203	Syas	Prbg.g_01020	Syas.g_02557
OG0001203	Syae	Prbg.g_01020	Syae.g_02240
OG0001203	Syad	Prbg.g_01020	Syad.g_00821
OG0001203	Syaj	Prbg.g_01020	Syaj.g_02877
OG0001203	Syam	Prbg.g_01020	Syam.g_00511
OG0001203	Syaf	Prbg.g_01020	Syaf.g_02785
OG0001203	Syai	Prbg.g_01020	Syai.g_00540
OG0001203	Syaa	Prbg.g_01020	Syaa.g_02106
OG0001203	Syac	Prbg.g_01020	Syac.g_01967
OG0001203	Syah	Prbg.g_01020	Syah.g_00909
OG0001203	Syab	Prbg.g_01020	Syab.g_02369
OG0001203	Syal	Prbg.g_01020	Syal.g_00683
OG0001203	Syag	Prbg.g_01020	Syag.g_01783
OG0001203	Syak	Prbg.g_01020	Syak.g_02307
OG0001203	Praf	Prbg.g_01020	Praf.g_00387
OG0001203	Prbj	Prbg.g_01020	Prbj.g_02610
OG0001203	Prbk	Prbg.g_01020	Prbk.g_01519
OG0001203	Prbl	Prbg.g_01020	Prbl.g_00197
OG0001203	Praj	Prbg.g_01020	Praj.g_00278
OG0001203	Prbb	Prbg.g_01020	Prbb.g_00295
OG0001203	Prbc	Prbg.g_01020	Prbc.g_00332
OG0001203	Prbm	Prbg.g_01020	Prbm.g_00298
OG0001203	Pram	Prbg.g_01020	Pram.g_00225
OG0001203	Prbh	Prbg.g_01020	Prbh.g_00542
OG0001203	Pral	Prbg.g_01020	Pral.g_00802
OG0001203	Prat	Prbg.g_01020	Prat.g_00243
OG0001203	Prak	Prbg.g_01020	Prak.g_00254
OG0001203	Prap	Prbg.g_01020	Prap.g_01474
OG0001203	Prbe	Prbg.g_01020	Prbe.g_01790
OG0001203	Prbf	Prbg.g_01020	Prbf.g_01576
OG0001203	Prbn	Prbg.g_01020	Prbn.g_00312
OG0001204	Prab	Prbg.g_01026	Prab.g_00233
OG0001204	Pran	Prbg.g_01026	Pran.g_01949
OG0001204	Prai	Prbg.g_01026	Prai.g_00256
OG0001204	Prao	Prbg.g_01026	Prao.g_00381
OG0001204	Prad	Prbg.g_01026	Prad.g_01748
OG0001204	Prbd	Prbg.g_01026	Prbd.g_00996
OG0001204	Praa	Prbg.g_01026	Praa.g_00243
OG0001204	Prae	Prbg.g_01026	Prae.g_00246
OG0001204	Prac	Prbg.g_01026	Prac.g_01687
OG0001204	Praq	Prbg.g_01026	Praq.g_01759
OG0001204	Prar	Prbg.g_01026	Prar.g_00084
OG0001204	Prag	Prbg.g_01026	Prag.g_00236
OG0001204	Praw	Prbg.g_01026	Praw.g_00890
OG0001204	Prbi	Prbg.g_01026	Prbi.g_00267
OG0001204	Pray	Prbg.g_01026	Pray.g_00724
OG0001204	Praz	Prbg.g_01026	Praz.g_00603
OG0001204	Prba	Prbg.g_01026	Prba.g_00462
OG0001204	Prax	Prbg.g_01026	Prax.g_00932
OG0001204	Pras	Prbg.g_01026	Pras.g_01095
OG0001204	Prau	Prbg.g_01026	Prau.g_00245
OG0001204	Prav	Prbg.g_01026	Prav.g_01890
OG0001204	Prbm	Prbg.g_01026	Prbm.g_00304
OG0001204	Prbb	Prbg.g_01026	Prbb.g_00301
OG0001204	Prbc	Prbg.g_01026	Prbc.g_01141
OG0001204	Praj	Prbg.g_01026	Praj.g_00284
OG0001204	Prbj	Prbg.g_01026	Prbj.g_01340
OG0001204	Prbk	Prbg.g_01026	Prbk.g_01013
OG0001204	Prbl	Prbg.g_01026	Prbl.g_02667
OG0001204	Prah	Prbg.g_01026	Prah.g_02077
OG0001204	Praf	Prbg.g_01026	Praf.g_02206
OG0001204	Syac	Prbg.g_01026	Syac.g_02200
OG0001204	Syah	Prbg.g_01026	Syah.g_00676
OG0001204	Syaa	Prbg.g_01026	Syaa.g_00316
OG0001204	Syae	Prbg.g_01026	Syae.g_02022
OG0001204	Syad	Prbg.g_01026	Syad.g_00577
OG0001204	Syaj	Prbg.g_01026	Syaj.g_02621
OG0001204	Syaf	Prbg.g_01026	Syaf.g_00185
OG0001204	Syai	Prbg.g_01026	Syai.g_00312
OG0001204	Syam	Prbg.g_01026	Syam.g_00282
OG0001204	Syag	Prbg.g_01026	Syag.g_02673
OG0001204	Syar	Prbg.g_01026	Syar.g_00154
OG0001204	Syao	Prbg.g_01026	Syao.g_02117
OG0001204	Syan	Prbg.g_01026	Syan.g_02097
OG0001204	Syap	Prbg.g_01026	Syap.g_01577
OG0001204	Syat	Prbg.g_01026	Syat.g_01867
OG0001204	Syas	Prbg.g_01026	Syas.g_01687
OG0001204	Syaq	Prbg.g_01026	Syaq.g_00709
OG0001204	Syak	Prbg.g_01026	Syak.g_01404
OG0001204	Syab	Prbg.g_01026	Syab.g_00353
OG0001204	Syal	Prbg.g_01026	Syal.g_01201
OG0001204	Pram	Prbg.g_01026	Pram.g_00231
OG0001204	Prbh	Prbg.g_01026	Prbh.g_00536
OG0001204	Prak	Prbg.g_01026	Prak.g_00260
OG0001204	Prap	Prbg.g_01026	Prap.g_01468
OG0001204	Prbe	Prbg.g_01026	Prbe.g_01796
OG0001204	Prbf	Prbg.g_01026	Prbf.g_01582
OG0001204	Prbn	Prbg.g_01026	Prbn.g_00306
OG0001205	Prac	Prbg.g_00165	Prac.g_01102
OG0001205	Praq	Prbg.g_00165	Praq.g_01112
OG0001205	Prar	Prbg.g_00165	Prar.g_00493
OG0001205	Prag	Prbg.g_00165	Prag.g_00424
OG0001205	Praw	Prbg.g_00165	Praw.g_00702
OG0001205	Pras	Prbg.g_00165	Pras.g_01323
OG0001205	Prau	Prbg.g_00165	Prau.g_00486
OG0001205	Pray	Prbg.g_00165	Pray.g_00935
OG0001205	Praz	Prbg.g_00165	Praz.g_01883
OG0001205	Prba	Prbg.g_00165	Prba.g_01016
OG0001205	Prbi	Prbg.g_00165	Prbi.g_00446
OG0001205	Praa	Prbg.g_00165	Praa.g_00444
OG0001205	Prbd	Prbg.g_00165	Prbd.g_00797
OG0001205	Prao	Prbg.g_00165	Prao.g_00549
OG0001205	Prad	Prbg.g_00165	Prad.g_00062
OG0001205	Prax	Prbg.g_00165	Prax.g_00755
OG0001205	Prae	Prbg.g_00165	Prae.g_00419
OG0001205	Prav	Prbg.g_00165	Prav.g_01044
OG0001205	Prab	Prbg.g_00165	Prab.g_00448
OG0001205	Pran	Prbg.g_00165	Pran.g_01735
OG0001205	Prai	Prbg.g_00165	Prai.g_00476
OG0001205	Prbm	Prbg.g_00165	Prbm.g_00455
OG0001205	Praj	Prbg.g_00165	Praj.g_00439
OG0001205	Prbb	Prbg.g_00165	Prbb.g_00450
OG0001205	Prbc	Prbg.g_00165	Prbc.g_01506
OG0001205	Prbj	Prbg.g_00165	Prbj.g_00110
OG0001205	Prbk	Prbg.g_00165	Prbk.g_00318
OG0001205	Prbl	Prbg.g_00165	Prbl.g_00642
OG0001205	Praf	Prbg.g_00165	Praf.g_01979
OG0001205	Prah	Prbg.g_00165	Prah.g_00240
OG0001205	Syaq	Prbg.g_00165	Syaq.g_00491
OG0001205	Syak	Prbg.g_00165	Syak.g_01181
OG0001205	Syab	Prbg.g_00165	Syab.g_00593
OG0001205	Syal	Prbg.g_00165	Syal.g_00515
OG0001205	Syar	Prbg.g_00165	Syar.g_02869
OG0001205	Syat	Prbg.g_00165	Syat.g_01287
OG0001205	Syas	Prbg.g_00165	Syas.g_02745
OG0001205	Syan	Prbg.g_00165	Syan.g_01337
OG0001205	Syao	Prbg.g_00165	Syao.g_01620
OG0001205	Syad	Prbg.g_00165	Syad.g_02440
OG0001205	Syaj	Prbg.g_00165	Syaj.g_01545
OG0001205	Syaf	Prbg.g_00165	Syaf.g_01229
OG0001205	Syai	Prbg.g_00165	Syai.g_02212
OG0001205	Syam	Prbg.g_00165	Syam.g_01852
OG0001205	Syac	Prbg.g_00165	Syac.g_00706
OG0001205	Syah	Prbg.g_00165	Syah.g_02222
OG0001205	Syaa	Prbg.g_00165	Syaa.g_00713
OG0001205	Syae	Prbg.g_00165	Syae.g_00984
OG0001205	Pral	Prbg.g_00165	Pral.g_00648
OG0001205	Prat	Prbg.g_00165	Prat.g_00406
OG0001205	Pram	Prbg.g_00165	Pram.g_00380
OG0001205	Prbh	Prbg.g_00165	Prbh.g_00387
OG0001205	Prak	Prbg.g_00165	Prak.g_00407
OG0001205	Prap	Prbg.g_00165	Prap.g_01321
OG0001205	Prbe	Prbg.g_00165	Prbe.g_01943
OG0001205	Prbf	Prbg.g_00165	Prbf.g_01729
OG0001205	Prbn	Prbg.g_00165	Prbn.g_00668
OG0001206	Prab	Prbg.g_00185	Prab.g_00467
OG0001206	Pran	Prbg.g_00185	Pran.g_01716
OG0001206	Prai	Prbg.g_00185	Prai.g_00493
OG0001206	Prag	Prbg.g_00185	Prag.g_00441
OG0001206	Praw	Prbg.g_00185	Praw.g_00685
OG0001206	Prae	Prbg.g_00185	Prae.g_00436
OG0001206	Prau	Prbg.g_00185	Prau.g_00504
OG0001206	Prbd	Prbg.g_00185	Prbd.g_00780
OG0001206	Prao	Prbg.g_00185	Prao.g_00568
OG0001206	Prbi	Prbg.g_00185	Prbi.g_00464
OG0001206	Pras	Prbg.g_00185	Pras.g_01340
OG0001206	Praa	Prbg.g_00185	Praa.g_00462
OG0001206	Pray	Prbg.g_00185	Pray.g_00952
OG0001206	Praz	Prbg.g_00185	Praz.g_01866
OG0001206	Prba	Prbg.g_00185	Prba.g_00999
OG0001206	Prac	Prbg.g_00185	Prac.g_01083
OG0001206	Praq	Prbg.g_00185	Praq.g_00512
OG0001206	Prar	Prbg.g_00185	Prar.g_00511
OG0001206	Prav	Prbg.g_00185	Prav.g_01060
OG0001206	Prax	Prbg.g_00185	Prax.g_00739
OG0001206	Prad	Prbg.g_00185	Prad.g_00044
OG0001206	Prbc	Prbg.g_00185	Prbc.g_01525
OG0001206	Prbb	Prbg.g_00185	Prbb.g_00469
OG0001206	Praj	Prbg.g_00185	Praj.g_00458
OG0001206	Prbm	Prbg.g_00185	Prbm.g_00491
OG0001206	Syat	Prbg.g_00185	Syat.g_03268
OG0001206	Syan	Prbg.g_00185	Syan.g_02880
OG0001206	Syao	Prbg.g_00185	Syao.g_02701, Syao.g_02702
OG0001206	Syad	Prbg.g_00185	Syad.g_02385
OG0001206	Syaj	Prbg.g_00185	Syaj.g_01484
OG0001206	Syac	Prbg.g_00185	Syac.g_01715
OG0001206	Syah	Prbg.g_00185	Syah.g_01208
OG0001206	Syae	Prbg.g_00185	Syae.g_02502
OG0001206	Syaa	Prbg.g_00185	Syaa.g_01855
OG0001206	Syaf	Prbg.g_00185	Syaf.g_02530
OG0001206	Syai	Prbg.g_00185	Syai.g_00853
OG0001206	Syam	Prbg.g_00185	Syam.g_01680
OG0001206	Syaq	Prbg.g_00185	Syaq.g_00468
OG0001206	Syak	Prbg.g_00185	Syak.g_01148
OG0001206	Syab	Prbg.g_00185	Syab.g_00641
OG0001206	Syal	Prbg.g_00185	Syal.g_00490
OG0001206	Syag	Prbg.g_00185	Syag.g_01328
OG0001206	Prbj	Prbg.g_00185	Prbj.g_00151
OG0001206	Prbk	Prbg.g_00185	Prbk.g_02089
OG0001206	Prbl	Prbg.g_00185	Prbl.g_01363
OG0001206	Praf	Prbg.g_00185	Praf.g_01941
OG0001206	Prah	Prbg.g_00185	Prah.g_00291
OG0001206	Pral	Prbg.g_00185	Pral.g_00626
OG0001206	Prat	Prbg.g_00185	Prat.g_00425
OG0001206	Pram	Prbg.g_00185	Pram.g_00401
OG0001206	Prbh	Prbg.g_00185	Prbh.g_00366
OG0001206	Prak	Prbg.g_00185	Prak.g_00427
OG0001206	Prap	Prbg.g_00185	Prap.g_01301
OG0001206	Prbe	Prbg.g_00185	Prbe.g_00667
OG0001206	Prbf	Prbg.g_00185	Prbf.g_01749
OG0001206	Prbn	Prbg.g_00185	Prbn.g_00648
OG0001207	Prad	Prbg.g_00196	Prad.g_00030
OG0001207	Pras	Prbg.g_00196	Pras.g_01355
OG0001207	Prau	Prbg.g_00196	Prau.g_00518
OG0001207	Prac	Prbg.g_00196	Prac.g_01067
OG0001207	Praq	Prbg.g_00196	Praq.g_00528
OG0001207	Prar	Prbg.g_00196	Prar.g_00527
OG0001207	Pray	Prbg.g_00196	Pray.g_00967
OG0001207	Praz	Prbg.g_00196	Praz.g_01851
OG0001207	Prba	Prbg.g_00196	Prba.g_00984
OG0001207	Prav	Prbg.g_00196	Prav.g_01075
OG0001207	Prao	Prbg.g_00196	Prao.g_00583
OG0001207	Prbi	Prbg.g_00196	Prbi.g_00480
OG0001207	Praa	Prbg.g_00196	Praa.g_00477
OG0001207	Prae	Prbg.g_00196	Prae.g_00451
OG0001207	Prax	Prbg.g_00196	Prax.g_00725
OG0001207	Prag	Prbg.g_00196	Prag.g_00456
OG0001207	Praw	Prbg.g_00196	Praw.g_00670
OG0001207	Prbd	Prbg.g_00196	Prbd.g_00765
OG0001207	Prai	Prbg.g_00196	Prai.g_00507
OG0001207	Prab	Prbg.g_00196	Prab.g_00481
OG0001207	Pran	Prbg.g_00196	Pran.g_01701
OG0001207	Prbm	Prbg.g_00196	Prbm.g_00502
OG0001207	Praj	Prbg.g_00196	Praj.g_00469
OG0001207	Prbb	Prbg.g_00196	Prbb.g_00480
OG0001207	Prbc	Prbg.g_00196	Prbc.g_01536
OG0001207	Prbj	Prbg.g_00196	Prbj.g_01638
OG0001207	Prbk	Prbg.g_00196	Prbk.g_02053
OG0001207	Prbl	Prbg.g_00196	Prbl.g_00503
OG0001207	Praf	Prbg.g_00196	Praf.g_00586
OG0001207	Prah	Prbg.g_00196	Prah.g_01575
OG0001207	Syaq	Prbg.g_00196	Syaq.g_01764
OG0001207	Syaa	Prbg.g_00196	Syaa.g_02058
OG0001207	Syad	Prbg.g_00196	Syad.g_00893
OG0001207	Syaj	Prbg.g_00196	Syaj.g_00061
OG0001207	Syae	Prbg.g_00196	Syae.g_02300
OG0001207	Syac	Prbg.g_00196	Syac.g_01915
OG0001207	Syah	Prbg.g_00196	Syah.g_00987
OG0001207	Syaf	Prbg.g_00196	Syaf.g_02732
OG0001207	Syai	Prbg.g_00196	Syai.g_00629
OG0001207	Syag	Prbg.g_00196	Syag.g_01536
OG0001207	Syak	Prbg.g_00196	Syak.g_02566
OG0001207	Syab	Prbg.g_00196	Syab.g_02088
OG0001207	Syal	Prbg.g_00196	Syal.g_02889
OG0001207	Syar	Prbg.g_00196	Syar.g_01462
OG0001207	Syan	Prbg.g_00196	Syan.g_02772
OG0001207	Syao	Prbg.g_00196	Syao.g_00035
OG0001207	Syas	Prbg.g_00196	Syas.g_01260
OG0001207	Syat	Prbg.g_00196	Syat.g_03162
OG0001207	Pral	Prbg.g_00196	Pral.g_00615
OG0001207	Prat	Prbg.g_00196	Prat.g_00436
OG0001207	Pram	Prbg.g_00196	Pram.g_00413
OG0001207	Prbh	Prbg.g_00196	Prbh.g_00354
OG0001207	Prak	Prbg.g_00196	Prak.g_00438
OG0001207	Prap	Prbg.g_00196	Prap.g_01290
OG0001207	Prbe	Prbg.g_00196	Prbe.g_00656
OG0001207	Prbf	Prbg.g_00196	Prbf.g_01760
OG0001207	Prbn	Prbg.g_00196	Prbn.g_00637
OG0001208	Prab	Prbg.g_00201	Prab.g_00486
OG0001208	Pran	Prbg.g_00201	Pran.g_01696
OG0001208	Prai	Prbg.g_00201	Prai.g_00512
OG0001208	Pras	Prbg.g_00201	Pras.g_01360
OG0001208	Prau	Prbg.g_00201	Prau.g_00523
OG0001208	Prav	Prbg.g_00201	Prav.g_01080
OG0001208	Prac	Prbg.g_00201	Prac.g_01062
OG0001208	Praq	Prbg.g_00201	Praq.g_00533
OG0001208	Prar	Prbg.g_00201	Prar.g_00532
OG0001208	Prag	Prbg.g_00201	Prag.g_00461
OG0001208	Pray	Prbg.g_00201	Pray.g_00972
OG0001208	Praz	Prbg.g_00201	Praz.g_01846
OG0001208	Prba	Prbg.g_00201	Prba.g_00979
OG0001208	Prax	Prbg.g_00201	Prax.g_00720
OG0001208	Prbi	Prbg.g_00201	Prbi.g_00485
OG0001208	Prao	Prbg.g_00201	Prao.g_00588
OG0001208	Prad	Prbg.g_00201	Prad.g_00025
OG0001208	Prae	Prbg.g_00201	Prae.g_00456
OG0001208	Praa	Prbg.g_00201	Praa.g_00482
OG0001208	Prbd	Prbg.g_00201	Prbd.g_00760
OG0001208	Prbm	Prbg.g_00201	Prbm.g_00508
OG0001208	Praj	Prbg.g_00201	Praj.g_00475
OG0001208	Prbb	Prbg.g_00201	Prbb.g_00487
OG0001208	Prbc	Prbg.g_00201	Prbc.g_01542
OG0001208	Prbj	Prbg.g_00201	Prbj.g_01628
OG0001208	Prbk	Prbg.g_00201	Prbk.g_02063
OG0001208	Prbl	Prbg.g_00201	Prbl.g_00513
OG0001208	Praf	Prbg.g_00201	Praf.g_00597
OG0001208	Prah	Prbg.g_00201	Prah.g_01564
OG0001208	Syab	Prbg.g_00201	Syab.g_02098
OG0001208	Syal	Prbg.g_00201	Syal.g_02899
OG0001208	Syag	Prbg.g_00201	Syag.g_01526
OG0001208	Syas	Prbg.g_00201	Syas.g_01251
OG0001208	Syan	Prbg.g_00201	Syan.g_02762
OG0001208	Syao	Prbg.g_00201	Syao.g_00026
OG0001208	Syar	Prbg.g_00201	Syar.g_01471
OG0001208	Syat	Prbg.g_00201	Syat.g_03172
OG0001208	Syad	Prbg.g_00201	Syad.g_00906
OG0001208	Syaj	Prbg.g_00201	Syaj.g_00074
OG0001208	Syac	Prbg.g_00201	Syac.g_01902
OG0001208	Syah	Prbg.g_00201	Syah.g_00999
OG0001208	Syaa	Prbg.g_00201	Syaa.g_02049
OG0001208	Syae	Prbg.g_00201	Syae.g_02311
OG0001208	Syaf	Prbg.g_00201	Syaf.g_02719
OG0001208	Syai	Prbg.g_00201	Syai.g_00640
OG0001208	Syam	Prbg.g_00201	Syam.g_00585
OG0001208	Syak	Prbg.g_00201	Syak.g_02576
OG0001208	Syaq	Prbg.g_00201	Syaq.g_01774
OG0001208	Pral	Prbg.g_00201	Pral.g_00609
OG0001208	Prat	Prbg.g_00201	Prat.g_00442
OG0001208	Pram	Prbg.g_00201	Pram.g_00418
OG0001208	Prbh	Prbg.g_00201	Prbh.g_00349
OG0001208	Prak	Prbg.g_00201	Prak.g_00443
OG0001208	Prap	Prbg.g_00201	Prap.g_01285
OG0001208	Prbe	Prbg.g_00201	Prbe.g_00651
OG0001208	Prbf	Prbg.g_00201	Prbf.g_01765
OG0001208	Prbn	Prbg.g_00201	Prbn.g_00632
OG0001209	Prab	Prbg.g_00252	Prab.g_00539
OG0001209	Pran	Prbg.g_00252	Pran.g_01643
OG0001209	Prai	Prbg.g_00252	Prai.g_00563
OG0001209	Prao	Prbg.g_00252	Prao.g_01856
OG0001209	Pray	Prbg.g_00252	Pray.g_01226
OG0001209	Praz	Prbg.g_00252	Praz.g_01793
OG0001209	Prba	Prbg.g_00252	Prba.g_00926
OG0001209	Prac	Prbg.g_00252	Prac.g_00837
OG0001209	Praq	Prbg.g_00252	Praq.g_01067
OG0001209	Prar	Prbg.g_00252	Prar.g_01365
OG0001209	Prad	Prbg.g_00252	Prad.g_00094
OG0001209	Prag	Prbg.g_00252	Prag.g_00514
OG0001209	Praw	Prbg.g_00252	Praw.g_00613
OG0001209	Prav	Prbg.g_00252	Prav.g_01133
OG0001209	Pras	Prbg.g_00252	Pras.g_01412
OG0001209	Prau	Prbg.g_00252	Prau.g_00575
OG0001209	Praa	Prbg.g_00252	Praa.g_00535
OG0001209	Prax	Prbg.g_00252	Prax.g_00666
OG0001209	Prbd	Prbg.g_00252	Prbd.g_00707
OG0001209	Prae	Prbg.g_00252	Prae.g_00510
OG0001209	Prbi	Prbg.g_00252	Prbi.g_00538
OG0001209	Prbm	Prbg.g_00252	Prbm.g_00568
OG0001209	Prbc	Prbg.g_00252	Prbc.g_01614
OG0001209	Praj	Prbg.g_00252	Praj.g_00526
OG0001209	Prbb	Prbg.g_00252	Prbb.g_00538
OG0001209	Pral	Prbg.g_00252	Pral.g_00555
OG0001209	Prat	Prbg.g_00252	Prat.g_00497
OG0001209	Prah	Prbg.g_00252	Prah.g_01498
OG0001209	Praf	Prbg.g_00252	Praf.g_00663
OG0001209	Prbj	Prbg.g_00252	Prbj.g_02130
OG0001209	Prbk	Prbg.g_00252	Prbk.g_01083
OG0001209	Prbl	Prbg.g_00252	Prbl.g_00763
OG0001209	Syaq	Prbg.g_00252	Syaq.g_01841
OG0001209	Syan	Prbg.g_00252	Syan.g_01163
OG0001209	Syao	Prbg.g_00252	Syao.g_01415
OG0001209	Syas	Prbg.g_00252	Syas.g_00065
OG0001209	Syat	Prbg.g_00252	Syat.g_03273
OG0001209	Syaa	Prbg.g_00252	Syaa.g_01977
OG0001209	Syad	Prbg.g_00252	Syad.g_00980
OG0001209	Syaj	Prbg.g_00252	Syaj.g_00147
OG0001209	Syae	Prbg.g_00252	Syae.g_02377
OG0001209	Syac	Prbg.g_00252	Syac.g_01833
OG0001209	Syah	Prbg.g_00252	Syah.g_01067
OG0001209	Syam	Prbg.g_00252	Syam.g_00654
OG0001209	Syaf	Prbg.g_00252	Syaf.g_02651
OG0001209	Syai	Prbg.g_00252	Syai.g_00711
OG0001209	Syag	Prbg.g_00252	Syag.g_01451
OG0001209	Syak	Prbg.g_00252	Syak.g_02643
OG0001209	Syab	Prbg.g_00252	Syab.g_02038
OG0001209	Syal	Prbg.g_00252	Syal.g_02835
OG0001209	Pram	Prbg.g_00252	Pram.g_00473
OG0001209	Prbh	Prbg.g_00252	Prbh.g_00294
OG0001209	Prak	Prbg.g_00252	Prak.g_00494
OG0001209	Prap	Prbg.g_00252	Prap.g_01234
OG0001209	Prbe	Prbg.g_00252	Prbe.g_00600
OG0001209	Prbf	Prbg.g_00252	Prbf.g_01816
OG0001209	Prbn	Prbg.g_00252	Prbn.g_00581
OG0001210	Prax	Prbg.g_00257	Prax.g_00001
OG0001210	Prab	Prbg.g_00257	Prab.g_00544
OG0001210	Pran	Prbg.g_00257	Pran.g_01638
OG0001210	Prai	Prbg.g_00257	Prai.g_00568
OG0001210	Prac	Prbg.g_00257	Prac.g_00832
OG0001210	Praq	Prbg.g_00257	Praq.g_01062
OG0001210	Prar	Prbg.g_00257	Prar.g_01370
OG0001210	Prag	Prbg.g_00257	Prag.g_00519
OG0001210	Praw	Prbg.g_00257	Praw.g_00608
OG0001210	Prbi	Prbg.g_00257	Prbi.g_00543
OG0001210	Pray	Prbg.g_00257	Pray.g_01221
OG0001210	Praz	Prbg.g_00257	Praz.g_01788
OG0001210	Prba	Prbg.g_00257	Prba.g_01775
OG0001210	Prad	Prbg.g_00257	Prad.g_01330
OG0001210	Prbd	Prbg.g_00257	Prbd.g_00702
OG0001210	Prao	Prbg.g_00257	Prao.g_01159
OG0001210	Prav	Prbg.g_00257	Prav.g_01138
OG0001210	Prau	Prbg.g_00257	Prau.g_00580
OG0001210	Praa	Prbg.g_00257	Praa.g_00540
OG0001210	Prae	Prbg.g_00257	Prae.g_00515
OG0001210	Pras	Prbg.g_00257	Pras.g_01417
OG0001210	Prbm	Prbg.g_00257	Prbm.g_00573
OG0001210	Prbb	Prbg.g_00257	Prbb.g_00543
OG0001210	Praj	Prbg.g_00257	Praj.g_00531
OG0001210	Prbc	Prbg.g_00257	Prbc.g_01619
OG0001210	Pral	Prbg.g_00257	Pral.g_00550
OG0001210	Prat	Prbg.g_00257	Prat.g_00501
OG0001210	Prah	Prbg.g_00257	Prah.g_01484
OG0001210	Praf	Prbg.g_00257	Praf.g_00673
OG0001210	Prbj	Prbg.g_00257	Prbj.g_02142
OG0001210	Prbk	Prbg.g_00257	Prbk.g_01095
OG0001210	Prbl	Prbg.g_00257	Prbl.g_00751
OG0001210	Syan	Prbg.g_00257	Syan.g_00830
OG0001210	Syat	Prbg.g_00257	Syat.g_00103
OG0001210	Syao	Prbg.g_00257	Syao.g_00882
OG0001210	Syas	Prbg.g_00257	Syas.g_00761
OG0001210	Syak	Prbg.g_00257	Syak.g_02654
OG0001210	Syac	Prbg.g_00257	Syac.g_01826
OG0001210	Syah	Prbg.g_00257	Syah.g_01074
OG0001210	Syaa	Prbg.g_00257	Syaa.g_01967
OG0001210	Syae	Prbg.g_00257	Syae.g_02387
OG0001210	Syad	Prbg.g_00257	Syad.g_00993
OG0001210	Syaj	Prbg.g_00257	Syaj.g_00158
OG0001210	Syam	Prbg.g_00257	Syam.g_00663
OG0001210	Syaf	Prbg.g_00257	Syaf.g_02642
OG0001210	Syai	Prbg.g_00257	Syai.g_00720
OG0001210	Syag	Prbg.g_00257	Syag.g_01442
OG0001210	Syaq	Prbg.g_00257	Syaq.g_01852
OG0001210	Syab	Prbg.g_00257	Syab.g_02030
OG0001210	Syal	Prbg.g_00257	Syal.g_02827
OG0001210	Pram	Prbg.g_00257	Pram.g_00477
OG0001210	Prbh	Prbg.g_00257	Prbh.g_00290
OG0001210	Prak	Prbg.g_00257	Prak.g_00499
OG0001210	Prap	Prbg.g_00257	Prap.g_01229
OG0001210	Prbe	Prbg.g_00257	Prbe.g_00595
OG0001210	Prbf	Prbg.g_00257	Prbf.g_01821
OG0001210	Prbn	Prbg.g_00257	Prbn.g_00576
OG0001211	Prab	Prbg.g_00268	Prab.g_00554
OG0001211	Pran	Prbg.g_00268	Pran.g_01628
OG0001211	Prai	Prbg.g_00268	Prai.g_00578
OG0001211	Pras	Prbg.g_00268	Pras.g_01427
OG0001211	Prax	Prbg.g_00268	Prax.g_00011
OG0001211	Prad	Prbg.g_00268	Prad.g_01340
OG0001211	Prae	Prbg.g_00268	Prae.g_00525
OG0001211	Prav	Prbg.g_00268	Prav.g_01148
OG0001211	Prag	Prbg.g_00268	Prag.g_00529
OG0001211	Praw	Prbg.g_00268	Praw.g_00598
OG0001211	Prao	Prbg.g_00268	Prao.g_01169
OG0001211	Prbi	Prbg.g_00268	Prbi.g_00553
OG0001211	Pray	Prbg.g_00268	Pray.g_01211
OG0001211	Praz	Prbg.g_00268	Praz.g_01778
OG0001211	Prba	Prbg.g_00268	Prba.g_01765
OG0001211	Prbd	Prbg.g_00268	Prbd.g_00692
OG0001211	Praa	Prbg.g_00268	Praa.g_00551
OG0001211	Prac	Prbg.g_00268	Prac.g_00822
OG0001211	Praq	Prbg.g_00268	Praq.g_01052
OG0001211	Prar	Prbg.g_00268	Prar.g_01380
OG0001211	Prau	Prbg.g_00268	Prau.g_00590
OG0001211	Syae	Prbg.g_00268	Syae.g_02403
OG0001211	Syaa	Prbg.g_00268	Syaa.g_01950
OG0001211	Syac	Prbg.g_00268	Syac.g_01809
OG0001211	Syah	Prbg.g_00268	Syah.g_01092
OG0001211	Syai	Prbg.g_00268	Syai.g_00735
OG0001211	Syaf	Prbg.g_00268	Syaf.g_02623
OG0001211	Syam	Prbg.g_00268	Syam.g_00678
OG0001211	Syaj	Prbg.g_00268	Syaj.g_00184
OG0001211	Syab	Prbg.g_00268	Syab.g_02013
OG0001211	Syal	Prbg.g_00268	Syal.g_02811
OG0001211	Prbj	Prbg.g_00268	Prbj.g_01864
OG0001211	Prbk	Prbg.g_00268	Prbk.g_01892
OG0001211	Prbl	Prbg.g_00268	Prbl.g_01884
OG0001211	Praf	Prbg.g_00268	Praf.g_00690
OG0001211	Prah	Prbg.g_00268	Prah.g_01467
OG0001211	Syaq	Prbg.g_00268	Syaq.g_01932
OG0001211	Syag	Prbg.g_00268	Syag.g_00272
OG0001211	Syak	Prbg.g_00268	Syak.g_02669
OG0001211	Syar	Prbg.g_00268	Syar.g_02323
OG0001211	Syan	Prbg.g_00268	Syan.g_00852
OG0001211	Syao	Prbg.g_00268	Syao.g_00861
OG0001211	Syat	Prbg.g_00268	Syat.g_00078
OG0001211	Syas	Prbg.g_00268	Syas.g_00788
OG0001211	Prbb	Prbg.g_00268	Prbb.g_00554
OG0001211	Prbc	Prbg.g_00268	Prbc.g_01630
OG0001211	Praj	Prbg.g_00268	Praj.g_00541
OG0001211	Prbm	Prbg.g_00268	Prbm.g_00583
OG0001211	Pral	Prbg.g_00268	Pral.g_00540
OG0001211	Prat	Prbg.g_00268	Prat.g_00511
OG0001211	Pram	Prbg.g_00268	Pram.g_00487
OG0001211	Prbh	Prbg.g_00268	Prbh.g_00280
OG0001211	Prak	Prbg.g_00268	Prak.g_00510
OG0001211	Prap	Prbg.g_00268	Prap.g_01219
OG0001211	Prbe	Prbg.g_00268	Prbe.g_00585
OG0001211	Prbf	Prbg.g_00268	Prbf.g_01831
OG0001211	Prbn	Prbg.g_00268	Prbn.g_00566
OG0001212	Prau	Prbg.g_00315	Prau.g_00634
OG0001212	Prad	Prbg.g_00315	Prad.g_01385
OG0001212	Prac	Prbg.g_00315	Prac.g_00776
OG0001212	Praq	Prbg.g_00315	Praq.g_01006
OG0001212	Prar	Prbg.g_00315	Prar.g_01426
OG0001212	Prab	Prbg.g_00315	Prab.g_00600
OG0001212	Pran	Prbg.g_00315	Pran.g_01582
OG0001212	Prai	Prbg.g_00315	Prai.g_00624
OG0001212	Prag	Prbg.g_00315	Prag.g_00574
OG0001212	Praw	Prbg.g_00315	Praw.g_01942
OG0001212	Pras	Prbg.g_00315	Pras.g_01472
OG0001212	Prbd	Prbg.g_00315	Prbd.g_00648
OG0001212	Prav	Prbg.g_00315	Prav.g_01192
OG0001212	Prax	Prbg.g_00315	Prax.g_00055
OG0001212	Praa	Prbg.g_00315	Praa.g_00596
OG0001212	Prae	Prbg.g_00315	Prae.g_00570
OG0001212	Pray	Prbg.g_00315	Pray.g_01167
OG0001212	Praz	Prbg.g_00315	Praz.g_01734
OG0001212	Prba	Prbg.g_00315	Prba.g_01721
OG0001212	Prao	Prbg.g_00315	Prao.g_00034
OG0001212	Prbi	Prbg.g_00315	Prbi.g_00598
OG0001212	Prat	Prbg.g_00315	Prat.g_00558
OG0001212	Pral	Prbg.g_00315	Pral.g_00493
OG0001212	Prbm	Prbg.g_00315	Prbm.g_00626
OG0001212	Prbc	Prbg.g_00315	Prbc.g_01672
OG0001212	Praj	Prbg.g_00315	Praj.g_00583
OG0001212	Prbb	Prbg.g_00315	Prbb.g_00596
OG0001212	Praf	Prbg.g_00315	Praf.g_00750
OG0001212	Prah	Prbg.g_00315	Prah.g_01407
OG0001212	Prbj	Prbg.g_00315	Prbj.g_01771
OG0001212	Prbk	Prbg.g_00315	Prbk.g_01140
OG0001212	Prbl	Prbg.g_00315	Prbl.g_01765
OG0001212	Syas	Prbg.g_00315	Syas.g_00847
OG0001212	Syan	Prbg.g_00315	Syan.g_01002
OG0001212	Syao	Prbg.g_00315	Syao.g_01001
OG0001212	Syar	Prbg.g_00315	Syar.g_02027
OG0001212	Syab	Prbg.g_00315	Syab.g_01955
OG0001212	Syal	Prbg.g_00315	Syal.g_02754
OG0001212	Syac	Prbg.g_00315	Syac.g_01751
OG0001212	Syah	Prbg.g_00315	Syah.g_01150
OG0001212	Syae	Prbg.g_00315	Syae.g_02460
OG0001212	Syag	Prbg.g_00315	Syag.g_00334
OG0001212	Syaa	Prbg.g_00315	Syaa.g_01892
OG0001212	Syam	Prbg.g_00315	Syam.g_01717
OG0001212	Syad	Prbg.g_00315	Syad.g_01082
OG0001212	Syaf	Prbg.g_00315	Syaf.g_02563
OG0001212	Syaj	Prbg.g_00315	Syaj.g_00246
OG0001212	Syai	Prbg.g_00315	Syai.g_00799
OG0001212	Syak	Prbg.g_00315	Syak.g_02728
OG0001212	Syaq	Prbg.g_00315	Syaq.g_01990
OG0001212	Pram	Prbg.g_00315	Pram.g_00533
OG0001212	Prbh	Prbg.g_00315	Prbh.g_00234
OG0001212	Prak	Prbg.g_00315	Prak.g_00557
OG0001212	Prap	Prbg.g_00315	Prap.g_01172
OG0001212	Prbe	Prbg.g_00315	Prbe.g_00538
OG0001212	Prbf	Prbg.g_00315	Prbf.g_01878
OG0001212	Prbn	Prbg.g_00315	Prbn.g_00519
OG0001213	Prab	Prbg.g_00350	Prab.g_00634
OG0001213	Pran	Prbg.g_00350	Pran.g_01549
OG0001213	Prai	Prbg.g_00350	Prai.g_00658
OG0001213	Prao	Prbg.g_00350	Prao.g_00068
OG0001213	Prae	Prbg.g_00350	Prae.g_00603
OG0001213	Prac	Prbg.g_00350	Prac.g_00742
OG0001213	Praq	Prbg.g_00350	Praq.g_00973
OG0001213	Prar	Prbg.g_00350	Prar.g_01459
OG0001213	Prag	Prbg.g_00350	Prag.g_00607
OG0001213	Praw	Prbg.g_00350	Praw.g_00165
OG0001213	Prav	Prbg.g_00350	Prav.g_01227
OG0001213	Prad	Prbg.g_00350	Prad.g_01418
OG0001213	Prbi	Prbg.g_00350	Prbi.g_00631
OG0001213	Prax	Prbg.g_00350	Prax.g_00088
OG0001213	Pray	Prbg.g_00350	Pray.g_01134
OG0001213	Praz	Prbg.g_00350	Praz.g_01701
OG0001213	Prba	Prbg.g_00350	Prba.g_01688
OG0001213	Pras	Prbg.g_00350	Pras.g_01505
OG0001213	Prau	Prbg.g_00350	Prau.g_00669
OG0001213	Praa	Prbg.g_00350	Praa.g_00629
OG0001213	Prbd	Prbg.g_00350	Prbd.g_00615
OG0001213	Prbm	Prbg.g_00350	Prbm.g_00660
OG0001213	Prbb	Prbg.g_00350	Prbb.g_00630
OG0001213	Praj	Prbg.g_00350	Praj.g_00617
OG0001213	Prbc	Prbg.g_00350	Prbc.g_01706
OG0001213	Syag	Prbg.g_00350	Syag.g_00394
OG0001213	Syak	Prbg.g_00350	Syak.g_00025
OG0001213	Prah	Prbg.g_00350	Prah.g_00510
OG0001213	Praf	Prbg.g_00350	Praf.g_01684
OG0001213	Prbj	Prbg.g_00350	Prbj.g_02565
OG0001213	Prbk	Prbg.g_00350	Prbk.g_02623
OG0001213	Prbl	Prbg.g_00350	Prbl.g_01631
OG0001213	Syat	Prbg.g_00350	Syat.g_03289
OG0001213	Syao	Prbg.g_00350	Syao.g_01322
OG0001213	Syan	Prbg.g_00350	Syan.g_01141
OG0001213	Syar	Prbg.g_00350	Syar.g_02239
OG0001213	Syaa	Prbg.g_00350	Syaa.g_01646
OG0001213	Syai	Prbg.g_00350	Syai.g_01082
OG0001213	Syad	Prbg.g_00350	Syad.g_02163
OG0001213	Syae	Prbg.g_00350	Syae.g_00062
OG0001213	Syac	Prbg.g_00350	Syac.g_00968
OG0001213	Syah	Prbg.g_00350	Syah.g_01946
OG0001213	Syaf	Prbg.g_00350	Syaf.g_02324
OG0001213	Syam	Prbg.g_00350	Syam.g_01479
OG0001213	Syas	Prbg.g_00350	Syas.g_00100
OG0001213	Syaq	Prbg.g_00350	Syaq.g_02072
OG0001213	Syab	Prbg.g_00350	Syab.g_01886
OG0001213	Syal	Prbg.g_00350	Syal.g_02701
OG0001213	Pral	Prbg.g_00350	Pral.g_00458
OG0001213	Prat	Prbg.g_00350	Prat.g_00593
OG0001213	Pram	Prbg.g_00350	Pram.g_00569
OG0001213	Prbh	Prbg.g_00350	Prbh.g_01452
OG0001213	Prak	Prbg.g_00350	Prak.g_00592
OG0001213	Prap	Prbg.g_00350	Prap.g_01137
OG0001213	Prbe	Prbg.g_00350	Prbe.g_00503
OG0001213	Prbf	Prbg.g_00350	Prbf.g_01913
OG0001213	Prbn	Prbg.g_00350	Prbn.g_00484
OG0001214	Prab	Prbg.g_01420	Prab.g_00642
OG0001214	Pran	Prbg.g_01420	Pran.g_01541
OG0001214	Prai	Prbg.g_01420	Prai.g_00666
OG0001214	Praa	Prbg.g_01420	Praa.g_00637
OG0001214	Prbd	Prbg.g_01420	Prbd.g_00607
OG0001214	Prad	Prbg.g_01420	Prad.g_01426
OG0001214	Prae	Prbg.g_01420	Prae.g_00611
OG0001214	Prao	Prbg.g_01420	Prao.g_00076
OG0001214	Prbi	Prbg.g_01420	Prbi.g_00640
OG0001214	Pras	Prbg.g_01420	Pras.g_01513
OG0001214	Prau	Prbg.g_01420	Prau.g_00677
OG0001214	Prax	Prbg.g_01420	Prax.g_00096
OG0001214	Pray	Prbg.g_01420	Pray.g_01126
OG0001214	Praz	Prbg.g_01420	Praz.g_01693
OG0001214	Prba	Prbg.g_01420	Prba.g_01680
OG0001214	Prav	Prbg.g_01420	Prav.g_01235
OG0001214	Prac	Prbg.g_01420	Prac.g_00734
OG0001214	Praq	Prbg.g_01420	Praq.g_00965
OG0001214	Prar	Prbg.g_01420	Prar.g_01467
OG0001214	Prag	Prbg.g_01420	Prag.g_00615
OG0001214	Praw	Prbg.g_01420	Praw.g_01885
OG0001214	Pral	Prbg.g_01420	Pral.g_01438
OG0001214	Prat	Prbg.g_01420	Prat.g_01088
OG0001214	Prbm	Prbg.g_01420	Prbm.g_00668
OG0001214	Prbc	Prbg.g_01420	Prbc.g_01714
OG0001214	Praj	Prbg.g_01420	Praj.g_00625
OG0001214	Prbb	Prbg.g_01420	Prbb.g_00638
OG0001214	Syaq	Prbg.g_01420	Syaq.g_02084
OG0001214	Praf	Prbg.g_01420	Praf.g_01694
OG0001214	Prah	Prbg.g_01420	Prah.g_00499
OG0001214	Prbj	Prbg.g_01420	Prbj.g_02575
OG0001214	Prbk	Prbg.g_01420	Prbk.g_02633
OG0001214	Prbl	Prbg.g_01420	Prbl.g_01641
OG0001214	Syag	Prbg.g_01420	Syag.g_00412
OG0001214	Syak	Prbg.g_01420	Syak.g_00037
OG0001214	Syab	Prbg.g_01420	Syab.g_01872
OG0001214	Syal	Prbg.g_01420	Syal.g_02634
OG0001214	Syaa	Prbg.g_01420	Syaa.g_01631
OG0001214	Syac	Prbg.g_01420	Syac.g_00981
OG0001214	Syah	Prbg.g_01420	Syah.g_01933
OG0001214	Syam	Prbg.g_01420	Syam.g_01466
OG0001214	Syai	Prbg.g_01420	Syai.g_01106
OG0001214	Syaf	Prbg.g_01420	Syaf.g_02308
OG0001214	Syae	Prbg.g_01420	Syae.g_00076
OG0001214	Syad	Prbg.g_01420	Syad.g_02150
OG0001214	Syaj	Prbg.g_01420	Syaj.g_01281
OG0001214	Syat	Prbg.g_01420	Syat.g_00128
OG0001214	Syas	Prbg.g_01420	Syas.g_00744
OG0001214	Syap	Prbg.g_01420	Syap.g_00897
OG0001214	Syar	Prbg.g_01420	Syar.g_02420
OG0001214	Syan	Prbg.g_01420	Syan.g_00814
OG0001214	Syao	Prbg.g_01420	Syao.g_00896
OG0001214	Prak	Prbg.g_01420	Prak.g_01106
OG0001214	Prap	Prbg.g_01420	Prap.g_00390
OG0001214	Prbe	Prbg.g_01420	Prbe.g_01483
OG0001214	Prbf	Prbg.g_01420	Prbf.g_00984
OG0001214	Prbn	Prbg.g_01420	Prbn.g_00428
OG0001215	Prab	Prbg.g_01132	Prab.g_00695
OG0001215	Pran	Prbg.g_01132	Pran.g_01488
OG0001215	Prai	Prbg.g_01132	Prai.g_00719
OG0001215	Prac	Prbg.g_01132	Prac.g_00681
OG0001215	Praq	Prbg.g_01132	Praq.g_00819
OG0001215	Prar	Prbg.g_01132	Prar.g_01520
OG0001215	Prav	Prbg.g_01132	Prav.g_01288
OG0001215	Prad	Prbg.g_01132	Prad.g_01264
OG0001215	Pras	Prbg.g_01132	Pras.g_01566
OG0001215	Prau	Prbg.g_01132	Prau.g_00730
OG0001215	Prao	Prbg.g_01132	Prao.g_00128
OG0001215	Prbd	Prbg.g_01132	Prbd.g_00554
OG0001215	Prbi	Prbg.g_01132	Prbi.g_00693
OG0001215	Prag	Prbg.g_01132	Prag.g_00668
OG0001215	Praw	Prbg.g_01132	Praw.g_01832
OG0001215	Pray	Prbg.g_01132	Pray.g_01073
OG0001215	Praz	Prbg.g_01132	Praz.g_01640
OG0001215	Prba	Prbg.g_01132	Prba.g_01627
OG0001215	Praa	Prbg.g_01132	Praa.g_00690
OG0001215	Prae	Prbg.g_01132	Prae.g_00664
OG0001215	Prax	Prbg.g_01132	Prax.g_00952
OG0001215	Pral	Prbg.g_01132	Pral.g_01751
OG0001215	Prat	Prbg.g_01132	Prat.g_00764
OG0001215	Prbm	Prbg.g_01132	Prbm.g_00727
OG0001215	Prbc	Prbg.g_01132	Prbc.g_01772
OG0001215	Praj	Prbg.g_01132	Praj.g_00683
OG0001215	Prbb	Prbg.g_01132	Prbb.g_00696
OG0001215	Syar	Prbg.g_01132	Syar.g_00965
OG0001215	Syas	Prbg.g_01132	Syas.g_02245
OG0001215	Syan	Prbg.g_01132	Syan.g_00539
OG0001215	Syao	Prbg.g_01132	Syao.g_00700
OG0001215	Syae	Prbg.g_01132	Syae.g_00757
OG0001215	Syad	Prbg.g_01132	Syad.g_01366
OG0001215	Syaj	Prbg.g_01132	Syaj.g_00492
OG0001215	Syaa	Prbg.g_01132	Syaa.g_00914
OG0001215	Syac	Prbg.g_01132	Syac.g_00919
OG0001215	Syah	Prbg.g_01132	Syah.g_01996
OG0001215	Syaf	Prbg.g_01132	Syaf.g_01477
OG0001215	Syai	Prbg.g_01132	Syai.g_01958
OG0001215	Syam	Prbg.g_01132	Syam.g_00808
OG0001215	Syag	Prbg.g_01132	Syag.g_01014
OG0001215	Syab	Prbg.g_01132	Syab.g_01171
OG0001215	Syal	Prbg.g_01132	Syal.g_01786
OG0001215	Syak	Prbg.g_01132	Syak.g_00697
OG0001215	Syaq	Prbg.g_01132	Syaq.g_02580
OG0001215	Prbj	Prbg.g_01132	Prbj.g_00932
OG0001215	Prbk	Prbg.g_01132	Prbk.g_01816
OG0001215	Prbl	Prbg.g_01132	Prbl.g_01858
OG0001215	Praf	Prbg.g_01132	Praf.g_01220
OG0001215	Prah	Prbg.g_01132	Prah.g_00973
OG0001215	Pram	Prbg.g_01132	Pram.g_00781
OG0001215	Prbh	Prbg.g_01132	Prbh.g_00925
OG0001215	Prak	Prbg.g_01132	Prak.g_00818
OG0001215	Prap	Prbg.g_01132	Prap.g_00810
OG0001215	Prbe	Prbg.g_01132	Prbe.g_00465
OG0001215	Prbf	Prbg.g_01132	Prbf.g_01272
OG0001215	Prbn	Prbg.g_01132	Prbn.g_01573
OG0001216	Prab	Prbg.g_01153	Prab.g_00725
OG0001216	Pran	Prbg.g_01153	Pran.g_01458
OG0001216	Prai	Prbg.g_01153	Prai.g_00750
OG0001216	Prac	Prbg.g_01153	Prac.g_01558
OG0001216	Praq	Prbg.g_01153	Praq.g_00585
OG0001216	Prar	Prbg.g_01153	Prar.g_01601
OG0001216	Prag	Prbg.g_01153	Prag.g_00694
OG0001216	Praw	Prbg.g_01153	Praw.g_01807
OG0001216	Prav	Prbg.g_01153	Prav.g_00308
OG0001216	Pray	Prbg.g_01153	Pray.g_01038
OG0001216	Praz	Prbg.g_01153	Praz.g_01605
OG0001216	Prba	Prbg.g_01153	Prba.g_01592
OG0001216	Prad	Prbg.g_01153	Prad.g_01051
OG0001216	Prae	Prbg.g_01153	Prae.g_00713
OG0001216	Prbd	Prbg.g_01153	Prbd.g_00009
OG0001216	Praa	Prbg.g_01153	Praa.g_00713
OG0001216	Prbi	Prbg.g_01153	Prbi.g_00747
OG0001216	Prax	Prbg.g_01153	Prax.g_00483
OG0001216	Prao	Prbg.g_01153	Prao.g_00650
OG0001216	Pras	Prbg.g_01153	Pras.g_01608
OG0001216	Prau	Prbg.g_01153	Prau.g_00757
OG0001216	Prbm	Prbg.g_01153	Prbm.g_00744
OG0001216	Prbc	Prbg.g_01153	Prbc.g_01789
OG0001216	Praj	Prbg.g_01153	Praj.g_00700
OG0001216	Prbb	Prbg.g_01153	Prbb.g_00715
OG0001216	Prbj	Prbg.g_01153	Prbj.g_02181
OG0001216	Prbk	Prbg.g_01153	Prbk.g_00616
OG0001216	Prbl	Prbg.g_01153	Prbl.g_02564
OG0001216	Praf	Prbg.g_01153	Praf.g_01304
OG0001216	Prah	Prbg.g_01153	Prah.g_00885
OG0001216	Syab	Prbg.g_01153	Syab.g_01269
OG0001216	Syal	Prbg.g_01153	Syal.g_01861
OG0001216	Syaq	Prbg.g_01153	Syaq.g_00026
OG0001216	Syak	Prbg.g_01153	Syak.g_00805
OG0001216	Syag	Prbg.g_01153	Syag.g_00920
OG0001216	Syan	Prbg.g_01153	Syan.g_00319
OG0001216	Syao	Prbg.g_01153	Syao.g_00492
OG0001216	Syar	Prbg.g_01153	Syar.g_01909
OG0001216	Syat	Prbg.g_01153	Syat.g_00660
OG0001216	Syaa	Prbg.g_01153	Syaa.g_01238
OG0001216	Syad	Prbg.g_01153	Syad.g_01816
OG0001216	Syaj	Prbg.g_01153	Syaj.g_00958
OG0001216	Syae	Prbg.g_01153	Syae.g_00470
OG0001216	Syac	Prbg.g_01153	Syac.g_01285
OG0001216	Syah	Prbg.g_01153	Syah.g_01727
OG0001216	Syai	Prbg.g_01153	Syai.g_01388
OG0001216	Syaf	Prbg.g_01153	Syaf.g_01980
OG0001216	Syam	Prbg.g_01153	Syam.g_01245
OG0001216	Pral	Prbg.g_01153	Pral.g_01727
OG0001216	Prat	Prbg.g_01153	Prat.g_00790
OG0001216	Pram	Prbg.g_01153	Pram.g_00803
OG0001216	Prbh	Prbg.g_01153	Prbh.g_00947
OG0001216	Prak	Prbg.g_01153	Prak.g_00839
OG0001216	Prap	Prbg.g_01153	Prap.g_00789
OG0001216	Prbe	Prbg.g_01153	Prbe.g_01216
OG0001216	Prbf	Prbg.g_01153	Prbf.g_01251
OG0001216	Prbn	Prbg.g_01153	Prbn.g_01552
OG0001217	Prab	Prbg.g_00006	Prab.g_00768
OG0001217	Pran	Prbg.g_00006	Pran.g_01415
OG0001217	Prai	Prbg.g_00006	Prai.g_00894
OG0001217	Prac	Prbg.g_00006	Prac.g_01521
OG0001217	Praq	Prbg.g_00006	Praq.g_00622
OG0001217	Prar	Prbg.g_00006	Prar.g_01638
OG0001217	Prav	Prbg.g_00006	Prav.g_00346
OG0001217	Prag	Prbg.g_00006	Prag.g_00744
OG0001217	Praw	Prbg.g_00006	Praw.g_01759
OG0001217	Pray	Prbg.g_00006	Pray.g_00293
OG0001217	Praz	Prbg.g_00006	Praz.g_01567
OG0001217	Prba	Prbg.g_00006	Prba.g_01554
OG0001217	Prbi	Prbg.g_00006	Prbi.g_00792
OG0001217	Prax	Prbg.g_00006	Prax.g_00428
OG0001217	Prbd	Prbg.g_00006	Prbd.g_00049
OG0001217	Pras	Prbg.g_00006	Pras.g_01649
OG0001217	Prau	Prbg.g_00006	Prau.g_00800
OG0001217	Praa	Prbg.g_00006	Praa.g_00751
OG0001217	Prae	Prbg.g_00006	Prae.g_00752
OG0001217	Prad	Prbg.g_00006	Prad.g_01092
OG0001217	Prao	Prbg.g_00006	Prao.g_00687
OG0001217	Praf	Prbg.g_00006	Praf.g_00710
OG0001217	Prah	Prbg.g_00006	Prah.g_01447
OG0001217	Prbj	Prbg.g_00006	Prbj.g_01884
OG0001217	Prbk	Prbg.g_00006	Prbk.g_01872
OG0001217	Prbl	Prbg.g_00006	Prbl.g_01904
OG0001217	Syar	Prbg.g_00006	Syar.g_02852
OG0001217	Syas	Prbg.g_00006	Syas.g_01397, Syas.g_02493
OG0001217	Syan	Prbg.g_00006	Syan.g_00617
OG0001217	Syak	Prbg.g_00006	Syak.g_00138
OG0001217	Syac	Prbg.g_00006	Syac.g_01043
OG0001217	Syah	Prbg.g_00006	Syah.g_01869
OG0001217	Syag	Prbg.g_00006	Syag.g_00151
OG0001217	Syab	Prbg.g_00006	Syab.g_01464
OG0001217	Syal	Prbg.g_00006	Syal.g_02067
OG0001217	Syaa	Prbg.g_00006	Syaa.g_01559
OG0001217	Syaf	Prbg.g_00006	Syaf.g_02237
OG0001217	Syai	Prbg.g_00006	Syai.g_01185
OG0001217	Syam	Prbg.g_00006	Syam.g_01403
OG0001217	Syae	Prbg.g_00006	Syae.g_00151
OG0001217	Syaq	Prbg.g_00006	Syaq.g_01885
OG0001217	Syat	Prbg.g_00006	Syat.g_02587
OG0001217	Syap	Prbg.g_00006	Syap.g_01464
OG0001217	Prbm	Prbg.g_00006	Prbm.g_00111
OG0001217	Prbb	Prbg.g_00006	Prbb.g_00108
OG0001217	Praj	Prbg.g_00006	Praj.g_00091
OG0001217	Prbc	Prbg.g_00006	Prbc.g_00521
OG0001217	Pral	Prbg.g_00006	Pral.g_00023
OG0001217	Pram	Prbg.g_00006	Pram.g_01539
OG0001217	Prbh	Prbg.g_00006	Prbh.g_01875
OG0001217	Prat	Prbg.g_00006	Prat.g_01486
OG0001217	Prak	Prbg.g_00006	Prak.g_00728
OG0001217	Prap	Prbg.g_00006	Prap.g_00036
OG0001217	Prbe	Prbg.g_00006	Prbe.g_00055
OG0001217	Prbf	Prbg.g_00006	Prbf.g_00280
OG0001217	Prbn	Prbg.g_00006	Prbn.g_01023
OG0001218	Prab	Prbg.g_01549	Prab.g_00776
OG0001218	Pran	Prbg.g_01549	Pran.g_01407
OG0001218	Prai	Prbg.g_01549	Prai.g_00887
OG0001218	Prag	Prbg.g_01549	Prag.g_00752
OG0001218	Praw	Prbg.g_01549	Praw.g_01751
OG0001218	Prav	Prbg.g_01549	Prav.g_00355
OG0001218	Praq	Prbg.g_01549	Praq.g_00630
OG0001218	Prad	Prbg.g_01549	Prad.g_01100
OG0001218	Prax	Prbg.g_01549	Prax.g_00420
OG0001218	Prao	Prbg.g_01549	Prao.g_00694
OG0001218	Prae	Prbg.g_01549	Prae.g_00759
OG0001218	Prbd	Prbg.g_01549	Prbd.g_00056
OG0001218	Praa	Prbg.g_01549	Praa.g_00758
OG0001218	Pray	Prbg.g_01549	Pray.g_00300
OG0001218	Praz	Prbg.g_01549	Praz.g_01560
OG0001218	Prba	Prbg.g_01549	Prba.g_01547
OG0001218	Prbi	Prbg.g_01549	Prbi.g_00800
OG0001218	Pras	Prbg.g_01549	Pras.g_01657
OG0001218	Prau	Prbg.g_01549	Prau.g_00809
OG0001218	Praj	Prbg.g_01549	Praj.g_00740
OG0001218	Prbb	Prbg.g_01549	Prbb.g_00754
OG0001218	Prbm	Prbg.g_01549	Prbm.g_00785
OG0001218	Prbc	Prbg.g_01549	Prbc.g_01829
OG0001218	Praf	Prbg.g_01549	Praf.g_01853
OG0001218	Prbj	Prbg.g_01549	Prbj.g_00663
OG0001218	Prbk	Prbg.g_01549	Prbk.g_01205
OG0001218	Prbl	Prbg.g_01549	Prbl.g_00716
OG0001218	Prah	Prbg.g_01549	Prah.g_00356
OG0001218	Syak	Prbg.g_01549	Syak.g_01093
OG0001218	Syaq	Prbg.g_01549	Syaq.g_00423
OG0001218	Syan	Prbg.g_01549	Syan.g_02837
OG0001218	Syas	Prbg.g_01549	Syas.g_01309
OG0001218	Syap	Prbg.g_01549	Syap.g_00020
OG0001218	Syar	Prbg.g_01549	Syar.g_01388
OG0001218	Syat	Prbg.g_01549	Syat.g_01356
OG0001218	Syao	Prbg.g_01549	Syao.g_00092
OG0001218	Syae	Prbg.g_01549	Syae.g_02605
OG0001218	Syab	Prbg.g_01549	Syab.g_00723
OG0001218	Syal	Prbg.g_01549	Syal.g_00429
OG0001218	Syaa	Prbg.g_01549	Syaa.g_01820
OG0001218	Syac	Prbg.g_01549	Syac.g_01679
OG0001218	Syah	Prbg.g_01549	Syah.g_01244
OG0001218	Syai	Prbg.g_01549	Syai.g_00893
OG0001218	Syaf	Prbg.g_01549	Syaf.g_02473
OG0001218	Syam	Prbg.g_01549	Syam.g_01662
OG0001218	Syag	Prbg.g_01549	Syag.g_01364
OG0001218	Syad	Prbg.g_01549	Syad.g_02328
OG0001218	Syaj	Prbg.g_01549	Syaj.g_01434
OG0001218	Pral	Prbg.g_01549	Pral.g_01308
OG0001218	Prat	Prbg.g_01549	Prat.g_01217
OG0001218	Pram	Prbg.g_01549	Pram.g_01196
OG0001218	Prbh	Prbg.g_01549	Prbh.g_01339
OG0001218	Prak	Prbg.g_01549	Prak.g_01235
OG0001218	Prap	Prbg.g_01549	Prap.g_00519
OG0001218	Prbe	Prbg.g_01549	Prbe.g_01612
OG0001218	Prbf	Prbg.g_01549	Prbf.g_00855
OG0001218	Prbn	Prbg.g_01549	Prbn.g_01126
OG0001219	Pras	Prbg.g_01258	Pras.g_01690
OG0001219	Prau	Prbg.g_01258	Prau.g_00843
OG0001219	Prbi	Prbg.g_01258	Prbi.g_00835
OG0001219	Pray	Prbg.g_01258	Pray.g_00337
OG0001219	Praz	Prbg.g_01258	Praz.g_01523
OG0001219	Prba	Prbg.g_01258	Prba.g_01510
OG0001219	Prao	Prbg.g_01258	Prao.g_00729
OG0001219	Prab	Prbg.g_01258	Prab.g_00829
OG0001219	Pran	Prbg.g_01258	Pran.g_01354
OG0001219	Prai	Prbg.g_01258	Prai.g_00858
OG0001219	Prax	Prbg.g_01258	Prax.g_00384
OG0001219	Prae	Prbg.g_01258	Prae.g_00794
OG0001219	Praa	Prbg.g_01258	Praa.g_00791
OG0001219	Prbd	Prbg.g_01258	Prbd.g_00091
OG0001219	Prag	Prbg.g_01258	Prag.g_00795
OG0001219	Praw	Prbg.g_01258	Praw.g_01708
OG0001219	Prav	Prbg.g_01258	Prav.g_00385
OG0001219	Prac	Prbg.g_01258	Prac.g_01487
OG0001219	Praq	Prbg.g_01258	Praq.g_00658
OG0001219	Prar	Prbg.g_01258	Prar.g_01672
OG0001219	Prad	Prbg.g_01258	Prad.g_01134
OG0001219	Prbm	Prbg.g_01258	Prbm.g_00957
OG0001219	Praj	Prbg.g_01258	Praj.g_00915
OG0001219	Prbb	Prbg.g_01258	Prbb.g_00960
OG0001219	Prbc	Prbg.g_01258	Prbc.g_02005
OG0001219	Syap	Prbg.g_01258	Syap.g_02794
OG0001219	Syas	Prbg.g_01258	Syas.g_00399
OG0001219	Syat	Prbg.g_01258	Syat.g_00629
OG0001219	Syar	Prbg.g_01258	Syar.g_02585
OG0001219	Syan	Prbg.g_01258	Syan.g_00477
OG0001219	Syao	Prbg.g_01258	Syao.g_00651
OG0001219	Syal	Prbg.g_01258	Syal.g_02036
OG0001219	Syak	Prbg.g_01258	Syak.g_00551
OG0001219	Syag	Prbg.g_01258	Syag.g_00767
OG0001219	Syaq	Prbg.g_01258	Syaq.g_02434
OG0001219	Prah	Prbg.g_01258	Prah.g_00755
OG0001219	Praf	Prbg.g_01258	Praf.g_01432
OG0001219	Prbj	Prbg.g_01258	Prbj.g_02311
OG0001219	Prbk	Prbg.g_01258	Prbk.g_02367
OG0001219	Prbl	Prbg.g_01258	Prbl.g_02435
OG0001219	Syad	Prbg.g_01258	Syad.g_01653
OG0001219	Syaj	Prbg.g_01258	Syaj.g_00782
OG0001219	Syaf	Prbg.g_01258	Syaf.g_01796
OG0001219	Syai	Prbg.g_01258	Syai.g_01561
OG0001219	Syam	Prbg.g_01258	Syam.g_01080
OG0001219	Syae	Prbg.g_01258	Syae.g_00312
OG0001219	Syaa	Prbg.g_01258	Syaa.g_01404
OG0001219	Syah	Prbg.g_01258	Syah.g_01578
OG0001219	Pral	Prbg.g_01258	Pral.g_01660
OG0001219	Prat	Prbg.g_01258	Prat.g_00863
OG0001219	Pram	Prbg.g_01258	Pram.g_00911
OG0001219	Prbh	Prbg.g_01258	Prbh.g_01054
OG0001219	Prak	Prbg.g_01258	Prak.g_00944
OG0001219	Prap	Prbg.g_01258	Prap.g_00685
OG0001219	Prbe	Prbg.g_01258	Prbe.g_01321
OG0001219	Prbf	Prbg.g_01258	Prbf.g_01146
OG0001219	Prbn	Prbg.g_01258	Prbn.g_01447
OG0001220	Prai	Prbg.g_01215	Prai.g_00795
OG0001220	Prab	Prbg.g_01215	Prab.g_00891
OG0001220	Pran	Prbg.g_01215	Pran.g_01292
OG0001220	Prag	Prbg.g_01215	Prag.g_00856
OG0001220	Praw	Prbg.g_01215	Praw.g_01647
OG0001220	Prac	Prbg.g_01215	Prac.g_01424
OG0001220	Praq	Prbg.g_01215	Praq.g_01449
OG0001220	Prar	Prbg.g_01215	Prar.g_01735
OG0001220	Prao	Prbg.g_01215	Prao.g_00793
OG0001220	Prad	Prbg.g_01215	Prad.g_00296
OG0001220	Prav	Prbg.g_01215	Prav.g_00448
OG0001220	Prbd	Prbg.g_01215	Prbd.g_00154
OG0001220	Prbi	Prbg.g_01215	Prbi.g_00899
OG0001220	Praa	Prbg.g_01215	Praa.g_00856
OG0001220	Prae	Prbg.g_01215	Prae.g_00857
OG0001220	Pras	Prbg.g_01215	Pras.g_01752
OG0001220	Prau	Prbg.g_01215	Prau.g_00906
OG0001220	Pray	Prbg.g_01215	Pray.g_00400
OG0001220	Praz	Prbg.g_01215	Praz.g_01460
OG0001220	Prba	Prbg.g_01215	Prba.g_01447
OG0001220	Prax	Prbg.g_01215	Prax.g_00321
OG0001220	Praj	Prbg.g_01215	Praj.g_00825
OG0001220	Prbb	Prbg.g_01215	Prbb.g_00837
OG0001220	Prbc	Prbg.g_01215	Prbc.g_01913
OG0001220	Prbm	Prbg.g_01215	Prbm.g_00867
OG0001220	Syak	Prbg.g_01215	Syak.g_00580
OG0001220	Syab	Prbg.g_01215	Syab.g_01737
OG0001220	Syal	Prbg.g_01215	Syal.g_02494
OG0001220	Syae	Prbg.g_01215	Syae.g_00880
OG0001220	Syac	Prbg.g_01215	Syac.g_00813
OG0001220	Syah	Prbg.g_01215	Syah.g_02113
OG0001220	Syaa	Prbg.g_01215	Syaa.g_00812
OG0001220	Syaf	Prbg.g_01215	Syaf.g_01335
OG0001220	Syai	Prbg.g_01215	Syai.g_02087
OG0001220	Syam	Prbg.g_01215	Syam.g_01754
OG0001220	Syad	Prbg.g_01215	Syad.g_01195
OG0001220	Syaj	Prbg.g_01215	Syaj.g_00345
OG0001220	Syaq	Prbg.g_01215	Syaq.g_02412
OG0001220	Syag	Prbg.g_01215	Syag.g_00743
OG0001220	Prah	Prbg.g_01215	Prah.g_00575
OG0001220	Praf	Prbg.g_01215	Praf.g_01619
OG0001220	Prbj	Prbg.g_01215	Prbj.g_02503
OG0001220	Prbk	Prbg.g_01215	Prbk.g_02559
OG0001220	Prbl	Prbg.g_01215	Prbl.g_01567
OG0001220	Syat	Prbg.g_01215	Syat.g_01534
OG0001220	Syas	Prbg.g_01215	Syas.g_02447
OG0001220	Syan	Prbg.g_01215	Syan.g_00203
OG0001220	Syao	Prbg.g_01215	Syao.g_00393
OG0001220	Pram	Prbg.g_01215	Pram.g_00865
OG0001220	Prbh	Prbg.g_01215	Prbh.g_01009
OG0001220	Pral	Prbg.g_01215	Pral.g_01542
OG0001220	Prat	Prbg.g_01215	Prat.g_00984
OG0001220	Prak	Prbg.g_01215	Prak.g_00901
OG0001220	Prap	Prbg.g_01215	Prap.g_00727
OG0001220	Prbe	Prbg.g_01215	Prbe.g_01278
OG0001220	Prbf	Prbg.g_01215	Prbf.g_01189
OG0001220	Prbn	Prbg.g_01215	Prbn.g_01490
OG0001221	Prai	Prbg.g_01095	Prai.g_01035
OG0001221	Prab	Prbg.g_01095	Prab.g_01057
OG0001221	Pran	Prbg.g_01095	Pran.g_00440
OG0001221	Praa	Prbg.g_01095	Praa.g_00918
OG0001221	Prae	Prbg.g_01095	Prae.g_00919
OG0001221	Prad	Prbg.g_01095	Prad.g_00234
OG0001221	Prbd	Prbg.g_01095	Prbd.g_00217
OG0001221	Prax	Prbg.g_01095	Prax.g_00572
OG0001221	Prac	Prbg.g_01095	Prac.g_01373
OG0001221	Praq	Prbg.g_01095	Praq.g_01501
OG0001221	Prar	Prbg.g_01095	Prar.g_01787
OG0001221	Pray	Prbg.g_01095	Pray.g_00463
OG0001221	Praz	Prbg.g_01095	Praz.g_01397
OG0001221	Prba	Prbg.g_01095	Prba.g_01384
OG0001221	Pras	Prbg.g_01095	Pras.g_01812
OG0001221	Prau	Prbg.g_01095	Prau.g_00967
OG0001221	Prav	Prbg.g_01095	Prav.g_00510
OG0001221	Prag	Prbg.g_01095	Prag.g_00917
OG0001221	Praw	Prbg.g_01095	Praw.g_01586
OG0001221	Prao	Prbg.g_01095	Prao.g_00856
OG0001221	Prbi	Prbg.g_01095	Prbi.g_00962
OG0001221	Prbm	Prbg.g_01095	Prbm.g_00941
OG0001221	Praj	Prbg.g_01095	Praj.g_00899
OG0001221	Prbc	Prbg.g_01095	Prbc.g_01989
OG0001221	Prbb	Prbg.g_01095	Prbb.g_00944
OG0001221	Pram	Prbg.g_01095	Pram.g_00745
OG0001221	Prbh	Prbg.g_01095	Prbh.g_00889
OG0001221	Prbj	Prbg.g_01095	Prbj.g_02364
OG0001221	Prbk	Prbg.g_01095	Prbk.g_02420
OG0001221	Prbl	Prbg.g_01095	Prbl.g_02383
OG0001221	Praf	Prbg.g_01095	Praf.g_01480
OG0001221	Prah	Prbg.g_01095	Prah.g_00715
OG0001221	Syad	Prbg.g_01095	Syad.g_01950
OG0001221	Syaj	Prbg.g_01095	Syaj.g_01067
OG0001221	Syae	Prbg.g_01095	Syae.g_00559
OG0001221	Syaa	Prbg.g_01095	Syaa.g_01111
OG0001221	Syah	Prbg.g_01095	Syah.g_01816
OG0001221	Syac	Prbg.g_01095	Syac.g_01379
OG0001221	Syaf	Prbg.g_01095	Syaf.g_02087
OG0001221	Syai	Prbg.g_01095	Syai.g_01284
OG0001221	Syam	Prbg.g_01095	Syam.g_01334
OG0001221	Syak	Prbg.g_01095	Syak.g_00390
OG0001221	Syaq	Prbg.g_01095	Syaq.g_02300
OG0001221	Syag	Prbg.g_01095	Syag.g_00628
OG0001221	Syab	Prbg.g_01095	Syab.g_01607
OG0001221	Syal	Prbg.g_01095	Syal.g_02258
OG0001221	Syan	Prbg.g_01095	Syan.g_01446
OG0001221	Syao	Prbg.g_01095	Syao.g_01657
OG0001221	Syas	Prbg.g_01095	Syas.g_02669
OG0001221	Syap	Prbg.g_01095	Syap.g_01777
OG0001221	Prat	Prbg.g_01095	Prat.g_00728
OG0001221	Pral	Prbg.g_01095	Pral.g_01788
OG0001221	Prak	Prbg.g_01095	Prak.g_00781
OG0001221	Prap	Prbg.g_01095	Prap.g_00847
OG0001221	Prbe	Prbg.g_01095	Prbe.g_00428
OG0001221	Prbf	Prbg.g_01095	Prbf.g_01309
OG0001221	Prbn	Prbg.g_01095	Prbn.g_01610
OG0001222	Prab	Prbg.g_01337	Prab.g_01018
OG0001222	Pran	Prbg.g_01337	Pran.g_00479
OG0001222	Prai	Prbg.g_01337	Prai.g_00997
OG0001222	Prac	Prbg.g_01337	Prac.g_01335
OG0001222	Praq	Prbg.g_01337	Praq.g_01540
OG0001222	Prar	Prbg.g_01337	Prar.g_01825
OG0001222	Prag	Prbg.g_01337	Prag.g_00956
OG0001222	Praw	Prbg.g_01337	Praw.g_01547
OG0001222	Pras	Prbg.g_01337	Pras.g_01851
OG0001222	Prau	Prbg.g_01337	Prau.g_01007
OG0001222	Prad	Prbg.g_01337	Prad.g_00194
OG0001222	Praa	Prbg.g_01337	Praa.g_00956
OG0001222	Prbd	Prbg.g_01337	Prbd.g_00256
OG0001222	Prbi	Prbg.g_01337	Prbi.g_01001
OG0001222	Prae	Prbg.g_01337	Prae.g_00956
OG0001222	Pray	Prbg.g_01337	Pray.g_00503
OG0001222	Praz	Prbg.g_01337	Praz.g_01358
OG0001222	Prba	Prbg.g_01337	Prba.g_01345
OG0001222	Prax	Prbg.g_01337	Prax.g_00612
OG0001222	Prao	Prbg.g_01337	Prao.g_00894
OG0001222	Prav	Prbg.g_01337	Prav.g_00548
OG0001222	Syap	Prbg.g_01337	Syap.g_02027
OG0001222	Syas	Prbg.g_01337	Syas.g_00448
OG0001222	Syan	Prbg.g_01337	Syan.g_00552
OG0001222	Syao	Prbg.g_01337	Syao.g_00687
OG0001222	Syar	Prbg.g_01337	Syar.g_02552
OG0001222	Syat	Prbg.g_01337	Syat.g_00597
OG0001222	Syak	Prbg.g_01337	Syak.g_00517
OG0001222	Syaf	Prbg.g_01337	Syaf.g_01848
OG0001222	Syai	Prbg.g_01337	Syai.g_01516
OG0001222	Syam	Prbg.g_01337	Syam.g_01111
OG0001222	Syab	Prbg.g_01337	Syab.g_01396
OG0001222	Syal	Prbg.g_01337	Syal.g_02006
OG0001222	Syaa	Prbg.g_01337	Syaa.g_01371
OG0001222	Syae	Prbg.g_01337	Syae.g_00347
OG0001222	Syad	Prbg.g_01337	Syad.g_01770
OG0001222	Syaj	Prbg.g_01337	Syaj.g_00911
OG0001222	Syag	Prbg.g_01337	Syag.g_00797
OG0001222	Syaq	Prbg.g_01337	Syaq.g_02472
OG0001222	Praj	Prbg.g_01337	Praj.g_00847
OG0001222	Prbb	Prbg.g_01337	Prbb.g_00893
OG0001222	Prbm	Prbg.g_01337	Prbm.g_00889
OG0001222	Prbc	Prbg.g_01337	Prbc.g_01936
OG0001222	Prbj	Prbg.g_01337	Prbj.g_01984
OG0001222	Prbk	Prbg.g_01337	Prbk.g_02189
OG0001222	Prbl	Prbg.g_01337	Prbl.g_02210
OG0001222	Praf	Prbg.g_01337	Praf.g_02684
OG0001222	Prah	Prbg.g_01337	Prah.g_02517
OG0001222	Pral	Prbg.g_01337	Pral.g_01605
OG0001222	Prat	Prbg.g_01337	Prat.g_00944
OG0001222	Pram	Prbg.g_01337	Pram.g_00988
OG0001222	Prbh	Prbg.g_01337	Prbh.g_01131
OG0001222	Prak	Prbg.g_01337	Prak.g_01023
OG0001222	Prap	Prbg.g_01337	Prap.g_00307
OG0001222	Prbe	Prbg.g_01337	Prbe.g_01400
OG0001222	Prbf	Prbg.g_01337	Prbf.g_01067
OG0001222	Prbn	Prbg.g_01337	Prbn.g_01368
OG0001223	Prab	Prbg.g_01305	Prab.g_00992
OG0001223	Pran	Prbg.g_01305	Pran.g_00505
OG0001223	Prad	Prbg.g_01305	Prad.g_00168
OG0001223	Prai	Prbg.g_01305	Prai.g_00971
OG0001223	Prac	Prbg.g_01305	Prac.g_01309
OG0001223	Praq	Prbg.g_01305	Praq.g_01566
OG0001223	Prar	Prbg.g_01305	Prar.g_01851
OG0001223	Prao	Prbg.g_01305	Prao.g_00920
OG0001223	Prav	Prbg.g_01305	Prav.g_00574
OG0001223	Pray	Prbg.g_01305	Pray.g_00529
OG0001223	Praz	Prbg.g_01305	Praz.g_01332
OG0001223	Prba	Prbg.g_01305	Prba.g_01319
OG0001223	Prae	Prbg.g_01305	Prae.g_00982
OG0001223	Prbd	Prbg.g_01305	Prbd.g_00282
OG0001223	Prau	Prbg.g_01305	Prau.g_01033
OG0001223	Prag	Prbg.g_01305	Prag.g_00982
OG0001223	Praw	Prbg.g_01305	Praw.g_01521
OG0001223	Pras	Prbg.g_01305	Pras.g_01877
OG0001223	Praa	Prbg.g_01305	Praa.g_00982
OG0001223	Prbi	Prbg.g_01305	Prbi.g_01027
OG0001223	Prax	Prbg.g_01305	Prax.g_01147
OG0001223	Praj	Prbg.g_01305	Praj.g_00964
OG0001223	Prbb	Prbg.g_01305	Prbb.g_01008
OG0001223	Prbm	Prbg.g_01305	Prbm.g_01005
OG0001223	Prbc	Prbg.g_01305	Prbc.g_02053
OG0001223	Prah	Prbg.g_01305	Prah.g_00824
OG0001223	Prbj	Prbg.g_01305	Prbj.g_02243
OG0001223	Prbk	Prbg.g_01305	Prbk.g_02299
OG0001223	Prbl	Prbg.g_01305	Prbl.g_02503
OG0001223	Praf	Prbg.g_01305	Praf.g_01364
OG0001223	Syae	Prbg.g_01305	Syae.g_00392
OG0001223	Syaa	Prbg.g_01305	Syaa.g_01326
OG0001223	Syaf	Prbg.g_01305	Syaf.g_01902
OG0001223	Syai	Prbg.g_01305	Syai.g_01463
OG0001223	Syad	Prbg.g_01305	Syad.g_01715
OG0001223	Syaj	Prbg.g_01305	Syaj.g_00844
OG0001223	Syas	Prbg.g_01305	Syas.g_00541
OG0001223	Syat	Prbg.g_01305	Syat.g_00544
OG0001223	Syan	Prbg.g_01305	Syan.g_00599
OG0001223	Syao	Prbg.g_01305	Syao.g_00820
OG0001223	Syar	Prbg.g_01305	Syar.g_02505
OG0001223	Syac	Prbg.g_01305	Syac.g_01215
OG0001223	Syah	Prbg.g_01305	Syah.g_01654
OG0001223	Syag	Prbg.g_01305	Syag.g_00843
OG0001223	Syab	Prbg.g_01305	Syab.g_01345
OG0001223	Syal	Prbg.g_01305	Syal.g_01960
OG0001223	Syak	Prbg.g_01305	Syak.g_00472
OG0001223	Syaq	Prbg.g_01305	Syaq.g_02516
OG0001223	Pral	Prbg.g_01305	Pral.g_01610
OG0001223	Prat	Prbg.g_01305	Prat.g_00914
OG0001223	Pram	Prbg.g_01305	Pram.g_00960
OG0001223	Prbh	Prbg.g_01305	Prbh.g_01103
OG0001223	Prak	Prbg.g_01305	Prak.g_00991
OG0001223	Prap	Prbg.g_01305	Prap.g_00275
OG0001223	Prbe	Prbg.g_01305	Prbe.g_01368
OG0001223	Prbf	Prbg.g_01305	Prbf.g_01099
OG0001223	Prbn	Prbg.g_01305	Prbn.g_01400
OG0001224	Prai	Prbg.g_01238	Prai.g_00922
OG0001224	Pray	Prbg.g_01238	Pray.g_00580
OG0001224	Praz	Prbg.g_01238	Praz.g_01280
OG0001224	Prba	Prbg.g_01238	Prba.g_01268
OG0001224	Prac	Prbg.g_01238	Prac.g_01260
OG0001224	Praq	Prbg.g_01238	Praq.g_01615
OG0001224	Prar	Prbg.g_01238	Prar.g_01900
OG0001224	Prao	Prbg.g_01238	Prao.g_00970
OG0001224	Prag	Prbg.g_01238	Prag.g_01032
OG0001224	Praw	Prbg.g_01238	Praw.g_01471
OG0001224	Prbi	Prbg.g_01238	Prbi.g_01082
OG0001224	Prax	Prbg.g_01238	Prax.g_01200
OG0001224	Prav	Prbg.g_01238	Prav.g_00929
OG0001224	Prae	Prbg.g_01238	Prae.g_01036
OG0001224	Pras	Prbg.g_01238	Pras.g_01930
OG0001224	Prau	Prbg.g_01238	Prau.g_01085
OG0001224	Prbd	Prbg.g_01238	Prbd.g_00336
OG0001224	Praa	Prbg.g_01238	Praa.g_01035
OG0001224	Prad	Prbg.g_01238	Prad.g_01022
OG0001224	Prat	Prbg.g_01238	Prat.g_00961
OG0001224	Pral	Prbg.g_01238	Pral.g_01565
OG0001224	Prah	Prbg.g_01238	Prah.g_00911
OG0001224	Praf	Prbg.g_01238	Praf.g_01278
OG0001224	Prbj	Prbg.g_01238	Prbj.g_01842
OG0001224	Prbk	Prbg.g_01238	Prbk.g_00060
OG0001224	Prbl	Prbg.g_01238	Prbl.g_00931
OG0001224	Syag	Prbg.g_01238	Syag.g_00969
OG0001224	Syar	Prbg.g_01238	Syar.g_01361
OG0001224	Syat	Prbg.g_01238	Syat.g_00804
OG0001224	Syap	Prbg.g_01238	Syap.g_01551
OG0001224	Syas	Prbg.g_01238	Syas.g_01015
OG0001224	Syaq	Prbg.g_01238	Syaq.g_02683
OG0001224	Syan	Prbg.g_01238	Syan.g_00294
OG0001224	Syao	Prbg.g_01238	Syao.g_00427
OG0001224	Syak	Prbg.g_01238	Syak.g_00739
OG0001224	Syab	Prbg.g_01238	Syab.g_01214
OG0001224	Syal	Prbg.g_01238	Syal.g_01827
OG0001224	Syae	Prbg.g_01238	Syae.g_00797
OG0001224	Syad	Prbg.g_01238	Syad.g_01286
OG0001224	Syaj	Prbg.g_01238	Syaj.g_00423
OG0001224	Syac	Prbg.g_01238	Syac.g_00880
OG0001224	Syah	Prbg.g_01238	Syah.g_02034
OG0001224	Syaa	Prbg.g_01238	Syaa.g_00874
OG0001224	Syaf	Prbg.g_01238	Syaf.g_01438
OG0001224	Syai	Prbg.g_01238	Syai.g_02011
OG0001224	Syam	Prbg.g_01238	Syam.g_00770
OG0001224	Praj	Prbg.g_01238	Praj.g_01020
OG0001224	Prbm	Prbg.g_01238	Prbm.g_01060
OG0001224	Prbc	Prbg.g_01238	Prbc.g_02109
OG0001224	Prbb	Prbg.g_01238	Prbb.g_01066
OG0001224	Pram	Prbg.g_01238	Pram.g_00892
OG0001224	Prbh	Prbg.g_01238	Prbh.g_01035
OG0001224	Prak	Prbg.g_01238	Prak.g_00924
OG0001224	Prap	Prbg.g_01238	Prap.g_00704
OG0001224	Prbe	Prbg.g_01238	Prbe.g_01301
OG0001224	Prbf	Prbg.g_01238	Prbf.g_01166
OG0001224	Prbn	Prbg.g_01238	Prbn.g_01467
OG0001225	Prab	Prbg.g_01236	Prab.g_00931
OG0001225	Pran	Prbg.g_01236	Pran.g_00566
OG0001225	Prai	Prbg.g_01236	Prai.g_00920
OG0001225	Prao	Prbg.g_01236	Prao.g_00972
OG0001225	Prac	Prbg.g_01236	Prac.g_01258
OG0001225	Prar	Prbg.g_01236	Prar.g_01902
OG0001225	Praq	Prbg.g_01236	Praq.g_01617
OG0001225	Pray	Prbg.g_01236	Pray.g_00582
OG0001225	Praz	Prbg.g_01236	Praz.g_00064
OG0001225	Prba	Prbg.g_01236	Prba.g_01266
OG0001225	Praa	Prbg.g_01236	Praa.g_01037
OG0001225	Prbi	Prbg.g_01236	Prbi.g_01084
OG0001225	Prag	Prbg.g_01236	Prag.g_01034
OG0001225	Praw	Prbg.g_01236	Praw.g_01469
OG0001225	Prae	Prbg.g_01236	Prae.g_01038
OG0001225	Prax	Prbg.g_01236	Prax.g_01202
OG0001225	Prbd	Prbg.g_01236	Prbd.g_00338
OG0001225	Prad	Prbg.g_01236	Prad.g_01020
OG0001225	Pras	Prbg.g_01236	Pras.g_01932
OG0001225	Prau	Prbg.g_01236	Prau.g_01087
OG0001225	Prav	Prbg.g_01236	Prav.g_00931
OG0001225	Praj	Prbg.g_01236	Praj.g_01022
OG0001225	Prbm	Prbg.g_01236	Prbm.g_01062
OG0001225	Prbb	Prbg.g_01236	Prbb.g_01068
OG0001225	Prbc	Prbg.g_01236	Prbc.g_02111
OG0001225	Syad	Prbg.g_01236	Syad.g_01288
OG0001225	Syaj	Prbg.g_01236	Syaj.g_00425
OG0001225	Syae	Prbg.g_01236	Syae.g_00795
OG0001225	Syaf	Prbg.g_01236	Syaf.g_01440
OG0001225	Syac	Prbg.g_01236	Syac.g_00882
OG0001225	Syaa	Prbg.g_01236	Syaa.g_00876
OG0001225	Syah	Prbg.g_01236	Syah.g_02032
OG0001225	Syam	Prbg.g_01236	Syam.g_00772
OG0001225	Syai	Prbg.g_01236	Syai.g_02009
OG0001225	Syag	Prbg.g_01236	Syag.g_00971
OG0001225	Syaq	Prbg.g_01236	Syaq.g_02681
OG0001225	Syab	Prbg.g_01236	Syab.g_01212
OG0001225	Syal	Prbg.g_01236	Syal.g_01825
OG0001225	Prbj	Prbg.g_01236	Prbj.g_01840
OG0001225	Prbk	Prbg.g_01236	Prbk.g_00058
OG0001225	Prbl	Prbg.g_01236	Prbl.g_00929
OG0001225	Praf	Prbg.g_01236	Praf.g_01276
OG0001225	Prah	Prbg.g_01236	Prah.g_00913
OG0001225	Syar	Prbg.g_01236	Syar.g_01929
OG0001225	Syan	Prbg.g_01236	Syan.g_00292
OG0001225	Syat	Prbg.g_01236	Syat.g_00806
OG0001225	Syap	Prbg.g_01236	Syap.g_01553
OG0001225	Syas	Prbg.g_01236	Syas.g_01017
OG0001225	Pral	Prbg.g_01236	Pral.g_01563
OG0001225	Prat	Prbg.g_01236	Prat.g_00963
OG0001225	Pram	Prbg.g_01236	Pram.g_00890
OG0001225	Prbh	Prbg.g_01236	Prbh.g_01033
OG0001225	Prak	Prbg.g_01236	Prak.g_00922
OG0001225	Prap	Prbg.g_01236	Prap.g_00706
OG0001225	Prbe	Prbg.g_01236	Prbe.g_01299
OG0001225	Prbf	Prbg.g_01236	Prbf.g_01168
OG0001225	Prbn	Prbg.g_01236	Prbn.g_01469
OG0001226	Prae	Prbg.g_00358	Prae.g_01066
OG0001226	Praa	Prbg.g_00358	Praa.g_01064
OG0001226	Prab	Prbg.g_00358	Prab.g_01120
OG0001226	Prac	Prbg.g_00358	Prac.g_01232
OG0001226	Prai	Prbg.g_00358	Prai.g_01083
OG0001226	Pran	Prbg.g_00358	Pran.g_00159
OG0001226	Prao	Prbg.g_00358	Prao.g_01001
OG0001226	Praq	Prbg.g_00358	Praq.g_01642
OG0001226	Prar	Prbg.g_00358	Prar.g_01928
OG0001226	Pras	Prbg.g_00358	Pras.g_01958
OG0001226	Prau	Prbg.g_00358	Prau.g_01112
OG0001226	Prav	Prbg.g_00358	Prav.g_00236
OG0001226	Prax	Prbg.g_00358	Prax.g_01229
OG0001226	Pray	Prbg.g_00358	Pray.g_00608
OG0001226	Praz	Prbg.g_00358	Praz.g_00090
OG0001226	Prba	Prbg.g_00358	Prba.g_01240
OG0001226	Prbd	Prbg.g_00358	Prbd.g_00364
OG0001226	Prbi	Prbg.g_00358	Prbi.g_01111
OG0001226	Prag	Prbg.g_00358	Prag.g_01060
OG0001226	Praw	Prbg.g_00358	Praw.g_01443
OG0001226	Prad	Prbg.g_00358	Prad.g_00995
OG0001226	Syan	Prbg.g_00358	Syan.g_02922
OG0001226	Syao	Prbg.g_00358	Syao.g_02633
OG0001226	Syab	Prbg.g_00358	Syab.g_02450
OG0001226	Syag	Prbg.g_00358	Syag.g_01835
OG0001226	Syak	Prbg.g_00358	Syak.g_02239
OG0001226	Syal	Prbg.g_00358	Syal.g_00767
OG0001226	Syaq	Prbg.g_00358	Syaq.g_01543
OG0001226	Syap	Prbg.g_00358	Syap.g_02551
OG0001226	Syar	Prbg.g_00358	Syar.g_03054
OG0001226	Syas	Prbg.g_00358	Syas.g_02506
OG0001226	Syat	Prbg.g_00358	Syat.g_01485
OG0001226	Prbc	Prbg.g_00358	Prbc.g_00930
OG0001226	Pral	Prbg.g_00358	Pral.g_01320, Pral.g_00967
OG0001226	Prbm	Prbg.g_00358	Prbm.g_01945
OG0001226	Prat	Prbg.g_00358	Prat.g_00078
OG0001226	Syaa	Prbg.g_00358	Syaa.g_01579
OG0001226	Syac	Prbg.g_00358	Syac.g_01026
OG0001226	Syad	Prbg.g_00358	Syad.g_02100
OG0001226	Syae	Prbg.g_00358	Syae.g_00135
OG0001226	Syaf	Prbg.g_00358	Syaf.g_02262
OG0001226	Syah	Prbg.g_00358	Syah.g_01887
OG0001226	Syai	Prbg.g_00358	Syai.g_01154
OG0001226	Syam	Prbg.g_00358	Syam.g_01425
OG0001226	Praf	Prbg.g_00358	Praf.g_00991
OG0001226	Prah	Prbg.g_00358	Prah.g_01192
OG0001226	Prbj	Prbg.g_00358	Prbj.g_00678
OG0001226	Prbk	Prbg.g_00358	Prbk.g_01682
OG0001226	Prbl	Prbg.g_00358	Prbl.g_01704
OG0001226	Pram	Prbg.g_00358	Pram.g_00577
OG0001226	Prbh	Prbg.g_00358	Prbh.g_01444
OG0001226	Prak	Prbg.g_00358	Prak.g_00600
OG0001226	Prap	Prbg.g_00358	Prap.g_01129
OG0001226	Prbe	Prbg.g_00358	Prbe.g_00495
OG0001226	Prbf	Prbg.g_00358	Prbf.g_01921
OG0001226	Prbn	Prbg.g_00358	Prbn.g_00476
OG0001227	Prab	Prbg.g_01534	Prab.g_01138
OG0001227	Pran	Prbg.g_01534	Pran.g_00141
OG0001227	Prai	Prbg.g_01534	Prai.g_01101
OG0001227	Prad	Prbg.g_01534	Prad.g_00978
OG0001227	Prae	Prbg.g_01534	Prae.g_01084
OG0001227	Prac	Prbg.g_01534	Prac.g_01213
OG0001227	Praq	Prbg.g_01534	Praq.g_01661
OG0001227	Prar	Prbg.g_01534	Prar.g_01947
OG0001227	Prav	Prbg.g_01534	Prav.g_00255
OG0001227	Prag	Prbg.g_01534	Prag.g_01079
OG0001227	Praw	Prbg.g_01534	Praw.g_01424
OG0001227	Prbi	Prbg.g_01534	Prbi.g_01130
OG0001227	Pras	Prbg.g_01534	Pras.g_01976
OG0001227	Prau	Prbg.g_01534	Prau.g_01130
OG0001227	Prao	Prbg.g_01534	Prao.g_01019
OG0001227	Prax	Prbg.g_01534	Prax.g_01248
OG0001227	Praa	Prbg.g_01534	Praa.g_01083
OG0001227	Prbd	Prbg.g_01534	Prbd.g_00383
OG0001227	Pray	Prbg.g_01534	Pray.g_00626
OG0001227	Praz	Prbg.g_01534	Praz.g_00108
OG0001227	Prba	Prbg.g_01534	Prba.g_01222
OG0001227	Prbm	Prbg.g_01534	Prbm.g_01085
OG0001227	Prbc	Prbg.g_01534	Prbc.g_02133
OG0001227	Praj	Prbg.g_01534	Praj.g_01045
OG0001227	Prbb	Prbg.g_01534	Prbb.g_01090
OG0001227	Pral	Prbg.g_01534	Pral.g_01327
OG0001227	Prat	Prbg.g_01534	Prat.g_01197
OG0001227	Syar	Prbg.g_01534	Syar.g_02213
OG0001227	Syas	Prbg.g_01534	Syas.g_00824
OG0001227	Syan	Prbg.g_01534	Syan.g_00940
OG0001227	Syao	Prbg.g_01534	Syao.g_01047
OG0001227	Syab	Prbg.g_01534	Syab.g_00891
OG0001227	Syal	Prbg.g_01534	Syal.g_01575
OG0001227	Syag	Prbg.g_01534	Syag.g_01240
OG0001227	Syak	Prbg.g_01534	Syak.g_00963
OG0001227	Syaq	Prbg.g_01534	Syaq.g_00333
OG0001227	Syaa	Prbg.g_01534	Syaa.g_02622
OG0001227	Syac	Prbg.g_01534	Syac.g_02387
OG0001227	Syah	Prbg.g_01534	Syah.g_00472
OG0001227	Syaf	Prbg.g_01534	Syaf.g_00614
OG0001227	Syai	Prbg.g_01534	Syai.g_02806
OG0001227	Syam	Prbg.g_01534	Syam.g_02340
OG0001227	Syae	Prbg.g_01534	Syae.g_01600
OG0001227	Syad	Prbg.g_01534	Syad.g_00029
OG0001227	Syaj	Prbg.g_01534	Syaj.g_02152
OG0001227	Prah	Prbg.g_01534	Prah.g_01601
OG0001227	Praf	Prbg.g_01534	Praf.g_00558
OG0001227	Prbj	Prbg.g_01534	Prbj.g_01669
OG0001227	Prbk	Prbg.g_01534	Prbk.g_02022
OG0001227	Prbl	Prbg.g_01534	Prbl.g_00472
OG0001227	Pram	Prbg.g_01534	Pram.g_01188
OG0001227	Prbh	Prbg.g_01534	Prbh.g_01331
OG0001227	Prak	Prbg.g_01534	Prak.g_01220
OG0001227	Prap	Prbg.g_01534	Prap.g_00504
OG0001227	Prbe	Prbg.g_01534	Prbe.g_01597
OG0001227	Prbf	Prbg.g_01534	Prbf.g_00870
OG0001227	Prbn	Prbg.g_01534	Prbn.g_01141
OG0001228	Prae	Prbg.g_01436	Prae.g_01208
OG0001228	Praa	Prbg.g_01436	Praa.g_01204
OG0001228	Prao	Prbg.g_01436	Prao.g_01044
OG0001228	Prbd	Prbg.g_01436	Prbd.g_00513
OG0001228	Pras	Prbg.g_01436	Pras.g_00102
OG0001228	Prau	Prbg.g_01436	Prau.g_01251
OG0001228	Prax	Prbg.g_01436	Prax.g_00245
OG0001228	Prab	Prbg.g_01436	Prab.g_01264
OG0001228	Pran	Prbg.g_01436	Pran.g_00015
OG0001228	Prai	Prbg.g_01436	Prai.g_01218
OG0001228	Pray	Prbg.g_01436	Pray.g_00018
OG0001228	Praz	Prbg.g_01436	Praz.g_00709
OG0001228	Prba	Prbg.g_01436	Prba.g_00018
OG0001228	Prac	Prbg.g_01436	Prac.g_00940
OG0001228	Praq	Prbg.g_01436	Praq.g_01378
OG0001228	Prar	Prbg.g_01436	Prar.g_01218
OG0001228	Prad	Prbg.g_01436	Prad.g_01450
OG0001228	Prag	Prbg.g_01436	Prag.g_01198
OG0001228	Praw	Prbg.g_01436	Praw.g_00279
OG0001228	Prav	Prbg.g_01436	Prav.g_01836
OG0001228	Prbi	Prbg.g_01436	Prbi.g_01252
OG0001228	Prbc	Prbg.g_01436	Prbc.g_01396
OG0001228	Prbm	Prbg.g_01436	Prbm.g_01498
OG0001228	Praj	Prbg.g_01436	Praj.g_01411
OG0001228	Prbb	Prbg.g_01436	Prbb.g_01465
OG0001228	Pram	Prbg.g_01436	Pram.g_01089
OG0001228	Prbh	Prbg.g_01436	Prbh.g_01232
OG0001228	Prat	Prbg.g_01436	Prat.g_01106
OG0001228	Syag	Prbg.g_01436	Syag.g_00709
OG0001228	Prbj	Prbg.g_01436	Prbj.g_02158
OG0001228	Prbk	Prbg.g_01436	Prbk.g_00183
OG0001228	Prbl	Prbg.g_01436	Prbl.g_02585
OG0001228	Praf	Prbg.g_01436	Praf.g_00899
OG0001228	Prah	Prbg.g_01436	Prah.g_01278
OG0001228	Syan	Prbg.g_01436	Syan.g_01938
OG0001228	Syap	Prbg.g_01436	Syap.g_01063
OG0001228	Syas	Prbg.g_01436	Syas.g_02195
OG0001228	Syao	Prbg.g_01436	Syao.g_02256
OG0001228	Syat	Prbg.g_01436	Syat.g_00938
OG0001228	Syae	Prbg.g_01436	Syae.g_01004
OG0001228	Syam	Prbg.g_01436	Syam.g_01858
OG0001228	Syai	Prbg.g_01436	Syai.g_02218
OG0001228	Syaf	Prbg.g_01436	Syaf.g_01223
OG0001228	Syac	Prbg.g_01436	Syac.g_00700
OG0001228	Syah	Prbg.g_01436	Syah.g_02228
OG0001228	Syad	Prbg.g_01436	Syad.g_02460
OG0001228	Syaj	Prbg.g_01436	Syaj.g_01565
OG0001228	Syaa	Prbg.g_01436	Syaa.g_00695
OG0001228	Syak	Prbg.g_01436	Syak.g_00619
OG0001228	Syab	Prbg.g_01436	Syab.g_01697
OG0001228	Syal	Prbg.g_01436	Syal.g_02451
OG0001228	Pral	Prbg.g_01436	Pral.g_01421
OG0001228	Prak	Prbg.g_01436	Prak.g_01122
OG0001228	Prap	Prbg.g_01436	Prap.g_00406
OG0001228	Prbe	Prbg.g_01436	Prbe.g_01499
OG0001228	Prbf	Prbg.g_01436	Prbf.g_00968
OG0001228	Prbn	Prbg.g_01436	Prbn.g_00412
OG0001229	Prab	Prbg.g_01548	Prab.g_01358
OG0001229	Pran	Prbg.g_01548	Pran.g_00843
OG0001229	Prai	Prbg.g_01548	Prai.g_01368
OG0001229	Prao	Prbg.g_01548	Prao.g_01241
OG0001229	Prac	Prbg.g_01548	Prac.g_00215
OG0001229	Praq	Prbg.g_01548	Praq.g_00173
OG0001229	Prar	Prbg.g_01548	Prar.g_00913
OG0001229	Prag	Prbg.g_01548	Prag.g_01387
OG0001229	Praw	Prbg.g_01548	Praw.g_01014
OG0001229	Prae	Prbg.g_01548	Prae.g_01366
OG0001229	Praa	Prbg.g_01548	Praa.g_01364
OG0001229	Prbd	Prbg.g_01548	Prbd.g_01766
OG0001229	Prbi	Prbg.g_01548	Prbi.g_01437
OG0001229	Prax	Prbg.g_01548	Prax.g_01865
OG0001229	Pras	Prbg.g_01548	Pras.g_00248
OG0001229	Prau	Prbg.g_01548	Prau.g_01407
OG0001229	Prav	Prbg.g_01548	Prav.g_01471
OG0001229	Prad	Prbg.g_01548	Prad.g_00596
OG0001229	Pray	Prbg.g_01548	Pray.g_01831
OG0001229	Praz	Prbg.g_01548	Praz.g_01141
OG0001229	Prba	Prbg.g_01548	Prba.g_00198
OG0001229	Syag	Prbg.g_01548	Syag.g_00997
OG0001229	Syak	Prbg.g_01548	Syak.g_00711
OG0001229	Syab	Prbg.g_01548	Syab.g_01184
OG0001229	Syal	Prbg.g_01548	Syal.g_01801
OG0001229	Syaa	Prbg.g_01548	Syaa.g_00899
OG0001229	Syaf	Prbg.g_01548	Syaf.g_01464
OG0001229	Syai	Prbg.g_01548	Syai.g_01986
OG0001229	Syam	Prbg.g_01548	Syam.g_00796
OG0001229	Syac	Prbg.g_01548	Syac.g_00906
OG0001229	Syah	Prbg.g_01548	Syah.g_02009
OG0001229	Syae	Prbg.g_01548	Syae.g_00771
OG0001229	Syad	Prbg.g_01548	Syad.g_01314
OG0001229	Syaj	Prbg.g_01548	Syaj.g_00451
OG0001229	Syap	Prbg.g_01548	Syap.g_00827
OG0001229	Syas	Prbg.g_01548	Syas.g_00285
OG0001229	Syat	Prbg.g_01548	Syat.g_00981
OG0001229	Syan	Prbg.g_01548	Syan.g_02631
OG0001229	Syao	Prbg.g_01548	Syao.g_00220
OG0001229	Pram	Prbg.g_01548	Pram.g_01542
OG0001229	Prbh	Prbg.g_01548	Prbh.g_01872
OG0001229	Prbj	Prbg.g_01548	Prbj.g_00873
OG0001229	Prbk	Prbg.g_01548	Prbk.g_00923
OG0001229	Prbl	Prbg.g_01548	Prbl.g_00409
OG0001229	Praf	Prbg.g_01548	Praf.g_00494
OG0001229	Prah	Prbg.g_01548	Prah.g_01663
OG0001229	Pral	Prbg.g_01548	Pral.g_01299
OG0001229	Praj	Prbg.g_01548	Praj.g_01160
OG0001229	Prbb	Prbg.g_01548	Prbb.g_01201
OG0001229	Prbc	Prbg.g_01548	Prbc.g_00138
OG0001229	Prbm	Prbg.g_01548	Prbm.g_01176
OG0001229	Prat	Prbg.g_01548	Prat.g_01228
OG0001229	Prak	Prbg.g_01548	Prak.g_01234
OG0001229	Prap	Prbg.g_01548	Prap.g_00518
OG0001229	Prbe	Prbg.g_01548	Prbe.g_01611
OG0001229	Prbf	Prbg.g_01548	Prbf.g_00856
OG0001229	Prbn	Prbg.g_01548	Prbn.g_01127
OG0001230	Prax	Prbg.g_00584	Prax.g_01741
OG0001230	Pray	Prbg.g_00584	Pray.g_01730
OG0001230	Praz	Prbg.g_00584	Praz.g_01049
OG0001230	Prba	Prbg.g_00584	Prba.g_00105
OG0001230	Prag	Prbg.g_00584	Prag.g_01480
OG0001230	Praw	Prbg.g_00584	Praw.g_01091
OG0001230	Prao	Prbg.g_00584	Prao.g_01389
OG0001230	Prav	Prbg.g_00584	Prav.g_01570
OG0001230	Prab	Prbg.g_00584	Prab.g_01458
OG0001230	Pran	Prbg.g_00584	Pran.g_00741
OG0001230	Prai	Prbg.g_00584	Prai.g_01455
OG0001230	Prae	Prbg.g_00584	Prae.g_01451
OG0001230	Prac	Prbg.g_00584	Prac.g_00419
OG0001230	Praq	Prbg.g_00584	Praq.g_00286
OG0001230	Prar	Prbg.g_00584	Prar.g_00347
OG0001230	Prbd	Prbg.g_00584	Prbd.g_01697
OG0001230	Pras	Prbg.g_00584	Pras.g_00342
OG0001230	Prau	Prbg.g_00584	Prau.g_01520
OG0001230	Praa	Prbg.g_00584	Praa.g_01468
OG0001230	Prad	Prbg.g_00584	Prad.g_00523
OG0001230	Prbi	Prbg.g_00584	Prbi.g_01581
OG0001230	Prbm	Prbg.g_00584	Prbm.g_01701
OG0001230	Praj	Prbg.g_00584	Praj.g_01623
OG0001230	Prbb	Prbg.g_00584	Prbb.g_01678
OG0001230	Prbc	Prbg.g_00584	Prbc.g_00700
OG0001230	Praf	Prbg.g_00584	Praf.g_01784
OG0001230	Prbj	Prbg.g_00584	Prbj.g_01046
OG0001230	Prbk	Prbg.g_00584	Prbk.g_00249
OG0001230	Prbl	Prbg.g_00584	Prbl.g_00252
OG0001230	Prah	Prbg.g_00584	Prah.g_00418
OG0001230	Syao	Prbg.g_00584	Syao.g_01503
OG0001230	Syaq	Prbg.g_00584	Syaq.g_00361
OG0001230	Syan	Prbg.g_00584	Syan.g_01288
OG0001230	Syar	Prbg.g_00584	Syar.g_02816
OG0001230	Syat	Prbg.g_00584	Syat.g_01235
OG0001230	Syap	Prbg.g_00584	Syap.g_02116
OG0001230	Syas	Prbg.g_00584	Syas.g_02806
OG0001230	Syak	Prbg.g_00584	Syak.g_01030
OG0001230	Syag	Prbg.g_00584	Syag.g_01430
OG0001230	Syab	Prbg.g_00584	Syab.g_00791
OG0001230	Syal	Prbg.g_00584	Syal.g_00029
OG0001230	Syaa	Prbg.g_00584	Syaa.g_01764
OG0001230	Syaf	Prbg.g_00584	Syaf.g_02404
OG0001230	Syai	Prbg.g_00584	Syai.g_00964
OG0001230	Syam	Prbg.g_00584	Syam.g_01603
OG0001230	Syae	Prbg.g_00584	Syae.g_02662
OG0001230	Syac	Prbg.g_00584	Syac.g_01621
OG0001230	Syah	Prbg.g_00584	Syah.g_01302
OG0001230	Pral	Prbg.g_00584	Pral.g_01174
OG0001230	Prat	Prbg.g_00584	Prat.g_01343
OG0001230	Pram	Prbg.g_00584	Pram.g_01388
OG0001230	Prbh	Prbg.g_00584	Prbh.g_00089
OG0001230	Prak	Prbg.g_00584	Prak.g_01384
OG0001230	Prap	Prbg.g_00584	Prap.g_00114
OG0001230	Prbe	Prbg.g_00584	Prbe.g_00318
OG0001230	Prbf	Prbg.g_00584	Prbf.g_00150
OG0001230	Prbn	Prbg.g_00584	Prbn.g_00205
OG0001231	Prab	Prbg.g_00142	Prab.g_01565
OG0001231	Pran	Prbg.g_00142	Pran.g_00634
OG0001231	Prai	Prbg.g_00142	Prai.g_01560
OG0001231	Prac	Prbg.g_00142	Prac.g_00315
OG0001231	Praq	Prbg.g_00142	Praq.g_00003
OG0001231	Prar	Prbg.g_00142	Prar.g_00751
OG0001231	Prag	Prbg.g_00142	Prag.g_01585
OG0001231	Praw	Prbg.g_00142	Praw.g_00432
OG0001231	Prav	Prbg.g_00142	Prav.g_01673
OG0001231	Praa	Prbg.g_00142	Praa.g_01574
OG0001231	Pras	Prbg.g_00142	Pras.g_00450
OG0001231	Prau	Prbg.g_00142	Prau.g_01628
OG0001231	Prbi	Prbg.g_00142	Prbi.g_01687
OG0001231	Prad	Prbg.g_00142	Prad.g_00417
OG0001231	Pray	Prbg.g_00142	Pray.g_01625
OG0001231	Praz	Prbg.g_00142	Praz.g_00944
OG0001231	Prba	Prbg.g_00142	Prba.g_00291
OG0001231	Prae	Prbg.g_00142	Prae.g_01556
OG0001231	Prbd	Prbg.g_00142	Prbd.g_01591
OG0001231	Prax	Prbg.g_00142	Prax.g_01631
OG0001231	Prao	Prbg.g_00142	Prao.g_01493
OG0001231	Prbm	Prbg.g_00142	Prbm.g_00789
OG0001231	Praj	Prbg.g_00142	Praj.g_00744
OG0001231	Prbb	Prbg.g_00142	Prbb.g_00758
OG0001231	Prbc	Prbg.g_00142	Prbc.g_01833
OG0001231	Prbj	Prbg.g_00142	Prbj.g_01184
OG0001231	Prbk	Prbg.g_00142	Prbk.g_01637
OG0001231	Prbl	Prbg.g_00142	Prbl.g_01957
OG0001231	Praf	Prbg.g_00142	Praf.g_00017
OG0001231	Prah	Prbg.g_00142	Prah.g_00018
OG0001231	Syaa	Prbg.g_00142	Syaa.g_00017
OG0001231	Syaq	Prbg.g_00142	Syaq.g_01133
OG0001231	Syab	Prbg.g_00142	Syab.g_00017
OG0001231	Syal	Prbg.g_00142	Syal.g_00114
OG0001231	Syag	Prbg.g_00142	Syag.g_02289
OG0001231	Syac	Prbg.g_00142	Syac.g_00017
OG0001231	Syah	Prbg.g_00142	Syah.g_00356
OG0001231	Syak	Prbg.g_00142	Syak.g_01777
OG0001231	Syae	Prbg.g_00142	Syae.g_01729
OG0001231	Syad	Prbg.g_00142	Syad.g_00179
OG0001231	Syai	Prbg.g_00142	Syai.g_00017
OG0001231	Syam	Prbg.g_00142	Syam.g_00017
OG0001231	Syaf	Prbg.g_00142	Syaf.g_00481
OG0001231	Syaj	Prbg.g_00142	Syaj.g_02279
OG0001231	Syap	Prbg.g_00142	Syap.g_00073
OG0001231	Syas	Prbg.g_00142	Syas.g_02050
OG0001231	Syat	Prbg.g_00142	Syat.g_02327
OG0001231	Syar	Prbg.g_00142	Syar.g_00485
OG0001231	Syan	Prbg.g_00142	Syan.g_01764
OG0001231	Syao	Prbg.g_00142	Syao.g_02254
OG0001231	Pram	Prbg.g_00142	Pram.g_00357
OG0001231	Prbh	Prbg.g_00142	Prbh.g_00410
OG0001231	Prak	Prbg.g_00142	Prak.g_00384
OG0001231	Prap	Prbg.g_00142	Prap.g_01344
OG0001231	Prbe	Prbg.g_00142	Prbe.g_01920
OG0001231	Prbf	Prbg.g_00142	Prbf.g_01706
OG0001231	Prbn	Prbg.g_00142	Prbn.g_00691
OG0001232	Prab	Prbg.g_01673	Prab.g_01692
OG0001232	Pran	Prbg.g_01673	Pran.g_00993
OG0001232	Prai	Prbg.g_01673	Prai.g_01661
OG0001232	Pray	Prbg.g_01673	Pray.g_01536
OG0001232	Praz	Prbg.g_01673	Praz.g_00854
OG0001232	Prba	Prbg.g_01673	Prba.g_00597
OG0001232	Prbd	Prbg.g_01673	Prbd.g_01502
OG0001232	Prbi	Prbg.g_01673	Prbi.g_01810
OG0001232	Prax	Prbg.g_01673	Prax.g_01536
OG0001232	Prao	Prbg.g_01673	Prao.g_01575
OG0001232	Prae	Prbg.g_01673	Prae.g_01646
OG0001232	Prad	Prbg.g_01673	Prad.g_00918
OG0001232	Prac	Prbg.g_01673	Prac.g_00602
OG0001232	Praq	Prbg.g_01673	Praq.g_00474
OG0001232	Prar	Prbg.g_01673	Prar.g_01120
OG0001232	Praa	Prbg.g_01673	Praa.g_01658
OG0001232	Prag	Prbg.g_01673	Prag.g_01692
OG0001232	Praw	Prbg.g_01673	Praw.g_00538
OG0001232	Prav	Prbg.g_01673	Prav.g_01784
OG0001232	Pras	Prbg.g_01673	Pras.g_00573
OG0001232	Prau	Prbg.g_01673	Prau.g_01755
OG0001232	Prbm	Prbg.g_01673	Prbm.g_01862
OG0001232	Prbb	Prbg.g_01673	Prbb.g_01844
OG0001232	Praj	Prbg.g_01673	Praj.g_01789
OG0001232	Prbc	Prbg.g_01673	Prbc.g_00853
OG0001232	Prbj	Prbg.g_01673	Prbj.g_00477
OG0001232	Prbk	Prbg.g_01673	Prbk.g_01433
OG0001232	Prbl	Prbg.g_01673	Prbl.g_00366
OG0001232	Praf	Prbg.g_01673	Praf.g_00454
OG0001232	Prah	Prbg.g_01673	Prah.g_01704
OG0001232	Syan	Prbg.g_01673	Syan.g_01439
OG0001232	Syao	Prbg.g_01673	Syao.g_01664
OG0001232	Syar	Prbg.g_01673	Syar.g_02968
OG0001232	Syat	Prbg.g_01673	Syat.g_03041
OG0001232	Syap	Prbg.g_01673	Syap.g_01393
OG0001232	Syas	Prbg.g_01673	Syas.g_02649
OG0001232	Syag	Prbg.g_01673	Syag.g_01724
OG0001232	Syaq	Prbg.g_01673	Syaq.g_01643
OG0001232	Syak	Prbg.g_01673	Syak.g_02385
OG0001232	Syab	Prbg.g_01673	Syab.g_02306
OG0001232	Syal	Prbg.g_01673	Syal.g_00622
OG0001232	Syaa	Prbg.g_01673	Syaa.g_00508
OG0001232	Syad	Prbg.g_01673	Syad.g_02658
OG0001232	Syaj	Prbg.g_01673	Syaj.g_01757
OG0001232	Syae	Prbg.g_01673	Syae.g_01197
OG0001232	Syaf	Prbg.g_01673	Syaf.g_01000
OG0001232	Syai	Prbg.g_01673	Syai.g_02410
OG0001232	Syam	Prbg.g_01673	Syam.g_02022
OG0001232	Syac	Prbg.g_01673	Syac.g_00509
OG0001232	Syah	Prbg.g_01673	Syah.g_02422
OG0001232	Prat	Prbg.g_01673	Prat.g_01614
OG0001232	Pral	Prbg.g_01673	Pral.g_00130
OG0001232	Pram	Prbg.g_01673	Pram.g_01655
OG0001232	Prbh	Prbg.g_01673	Prbh.g_01759
OG0001232	Prak	Prbg.g_01673	Prak.g_01668
OG0001232	Prbe	Prbg.g_01673	Prbe.g_00962
OG0001232	Prbf	Prbg.g_01673	Prbf.g_00670
OG0001233	Prai	Prbg.g_01693	Prai.g_01681
OG0001233	Prab	Prbg.g_01693	Prab.g_01712
OG0001233	Pran	Prbg.g_01693	Pran.g_01013
OG0001233	Praa	Prbg.g_01693	Praa.g_01679
OG0001233	Prbi	Prbg.g_01693	Prbi.g_01830
OG0001233	Prad	Prbg.g_01693	Prad.g_00898
OG0001233	Pras	Prbg.g_01693	Pras.g_00593
OG0001233	Prau	Prbg.g_01693	Prau.g_01775
OG0001233	Pray	Prbg.g_01693	Pray.g_01516
OG0001233	Praz	Prbg.g_01693	Praz.g_00834
OG0001233	Prba	Prbg.g_01693	Prba.g_00577
OG0001233	Prax	Prbg.g_01693	Prax.g_01516
OG0001233	Prbd	Prbg.g_01693	Prbd.g_01482
OG0001233	Prac	Prbg.g_01693	Prac.g_00582
OG0001233	Prar	Prbg.g_01693	Prar.g_00599
OG0001233	Praq	Prbg.g_01693	Praq.g_00454
OG0001233	Prae	Prbg.g_01693	Prae.g_01666
OG0001233	Prav	Prbg.g_01693	Prav.g_01804
OG0001233	Prag	Prbg.g_01693	Prag.g_01712
OG0001233	Praw	Prbg.g_01693	Praw.g_00558
OG0001233	Prao	Prbg.g_01693	Prao.g_01595
OG0001233	Syak	Prbg.g_01693	Syak.g_02359
OG0001233	Syab	Prbg.g_01693	Syab.g_02329
OG0001233	Syal	Prbg.g_01693	Syal.g_00645
OG0001233	Syag	Prbg.g_01693	Syag.g_01745
OG0001233	Syaq	Prbg.g_01693	Syaq.g_01617
OG0001233	Syad	Prbg.g_01693	Syad.g_02493
OG0001233	Syaj	Prbg.g_01693	Syaj.g_01598
OG0001233	Syan	Prbg.g_01693	Syan.g_01461
OG0001233	Syao	Prbg.g_01693	Syao.g_01643
OG0001233	Syas	Prbg.g_01693	Syas.g_02592
OG0001233	Syat	Prbg.g_01693	Syat.g_03012
OG0001233	Syar	Prbg.g_01693	Syar.g_02988
OG0001233	Syae	Prbg.g_01693	Syae.g_01038
OG0001233	Syai	Prbg.g_01693	Syai.g_02261
OG0001233	Syam	Prbg.g_01693	Syam.g_01895
OG0001233	Syaa	Prbg.g_01693	Syaa.g_00667
OG0001233	Syac	Prbg.g_01693	Syac.g_00660
OG0001233	Syah	Prbg.g_01693	Syah.g_02266
OG0001233	Praf	Prbg.g_01693	Praf.g_00430
OG0001233	Prah	Prbg.g_01693	Prah.g_01732
OG0001233	Prbj	Prbg.g_01693	Prbj.g_00454
OG0001233	Prbk	Prbg.g_01693	Prbk.g_01410
OG0001233	Prbl	Prbg.g_01693	Prbl.g_00343
OG0001233	Prbm	Prbg.g_01693	Prbm.g_01882
OG0001233	Praj	Prbg.g_01693	Praj.g_01809
OG0001233	Prbb	Prbg.g_01693	Prbb.g_01864
OG0001233	Prbc	Prbg.g_01693	Prbc.g_00873
OG0001233	Pral	Prbg.g_01693	Pral.g_00150
OG0001233	Prat	Prbg.g_01693	Prat.g_01635
OG0001233	Pram	Prbg.g_01693	Pram.g_01676
OG0001233	Prbh	Prbg.g_01693	Prbh.g_01738
OG0001233	Prak	Prbg.g_01693	Prak.g_01688
OG0001233	Prap	Prbg.g_01693	Prap.g_01735
OG0001233	Prbe	Prbg.g_01693	Prbe.g_00942
OG0001233	Prbf	Prbg.g_01693	Prbf.g_00650
OG0001233	Prbn	Prbg.g_01693	Prbn.g_01789
OG0001234	Prad	Prbg.g_01730	Prad.g_00864
OG0001234	Prac	Prbg.g_01730	Prac.g_00491
OG0001234	Praq	Prbg.g_01730	Praq.g_00936
OG0001234	Prar	Prbg.g_01730	Prar.g_01099
OG0001234	Pras	Prbg.g_01730	Pras.g_00628
OG0001234	Prau	Prbg.g_01730	Prau.g_01809
OG0001234	Prab	Prbg.g_01730	Prab.g_01746
OG0001234	Pran	Prbg.g_01730	Pran.g_01048
OG0001234	Prai	Prbg.g_01730	Prai.g_01716
OG0001234	Prag	Prbg.g_01730	Prag.g_01747
OG0001234	Praw	Prbg.g_01730	Praw.g_01902
OG0001234	Pray	Prbg.g_01730	Pray.g_01249
OG0001234	Praz	Prbg.g_01730	Praz.g_00320
OG0001234	Prba	Prbg.g_01730	Prba.g_00372
OG0001234	Prav	Prbg.g_01730	Prav.g_00283
OG0001234	Prbi	Prbg.g_01730	Prbi.g_01864
OG0001234	Prae	Prbg.g_01730	Prae.g_01701
OG0001234	Prax	Prbg.g_01730	Prax.g_01277
OG0001234	Prao	Prbg.g_01730	Prao.g_01630
OG0001234	Praa	Prbg.g_01730	Praa.g_01714
OG0001234	Prbd	Prbg.g_01730	Prbd.g_01448
OG0001234	Prbm	Prbg.g_01730	Prbm.g_01964
OG0001234	Prbb	Prbg.g_01730	Prbb.g_01938
OG0001234	Praj	Prbg.g_01730	Praj.g_01884
OG0001234	Prbc	Prbg.g_01730	Prbc.g_00949
OG0001234	Pram	Prbg.g_01730	Pram.g_01712
OG0001234	Prbh	Prbg.g_01730	Prbh.g_01702
OG0001234	Pral	Prbg.g_01730	Pral.g_00188
OG0001234	Prbj	Prbg.g_01730	Prbj.g_02640
OG0001234	Prbk	Prbg.g_01730	Prbk.g_01921
OG0001234	Prbl	Prbg.g_01730	Prbl.g_01050
OG0001234	Praf	Prbg.g_01730	Praf.g_02184
OG0001234	Prah	Prbg.g_01730	Prah.g_02055
OG0001234	Syag	Prbg.g_01730	Syag.g_02708
OG0001234	Syab	Prbg.g_01730	Syab.g_00385
OG0001234	Syal	Prbg.g_01730	Syal.g_00212
OG0001234	Syak	Prbg.g_01730	Syak.g_01374
OG0001234	Syaq	Prbg.g_01730	Syaq.g_00676
OG0001234	Syaa	Prbg.g_01730	Syaa.g_02333
OG0001234	Syai	Prbg.g_01730	Syai.g_00337
OG0001234	Syam	Prbg.g_01730	Syam.g_00306
OG0001234	Syaf	Prbg.g_01730	Syaf.g_00159
OG0001234	Syac	Prbg.g_01730	Syac.g_02173
OG0001234	Syah	Prbg.g_01730	Syah.g_00706
OG0001234	Syae	Prbg.g_01730	Syae.g_02050
OG0001234	Syad	Prbg.g_01730	Syad.g_00608
OG0001234	Syaj	Prbg.g_01730	Syaj.g_02655
OG0001234	Syat	Prbg.g_01730	Syat.g_02092
OG0001234	Syas	Prbg.g_01730	Syas.g_01310
OG0001234	Syan	Prbg.g_01730	Syan.g_01995
OG0001234	Syao	Prbg.g_01730	Syao.g_02035
OG0001234	Prat	Prbg.g_01730	Prat.g_01672
OG0001234	Prak	Prbg.g_01730	Prak.g_01725
OG0001234	Prap	Prbg.g_01730	Prap.g_01698
OG0001234	Prbe	Prbg.g_01730	Prbe.g_01101
OG0001234	Prbf	Prbg.g_01730	Prbf.g_00613
OG0001234	Prbn	Prbg.g_01730	Prbn.g_01826
OG0001235	Prav	Prbg.g_01734	Prav.g_00293
OG0001235	Prag	Prbg.g_01734	Prag.g_01756
OG0001235	Praw	Prbg.g_01734	Praw.g_01893
OG0001235	Pray	Prbg.g_01734	Pray.g_01259
OG0001235	Praz	Prbg.g_01734	Praz.g_00310
OG0001235	Prba	Prbg.g_01734	Prba.g_00382
OG0001235	Prab	Prbg.g_01734	Prab.g_01755
OG0001235	Pran	Prbg.g_01734	Pran.g_01057
OG0001235	Prai	Prbg.g_01734	Prai.g_01726
OG0001235	Prac	Prbg.g_01734	Prac.g_00501
OG0001235	Praq	Prbg.g_01734	Praq.g_00926
OG0001235	Prar	Prbg.g_01734	Prar.g_01089
OG0001235	Prad	Prbg.g_01734	Prad.g_00854
OG0001235	Pras	Prbg.g_01734	Pras.g_00638
OG0001235	Prau	Prbg.g_01734	Prau.g_01819
OG0001235	Praa	Prbg.g_01734	Praa.g_01724
OG0001235	Prae	Prbg.g_01734	Prae.g_01711
OG0001235	Prao	Prbg.g_01734	Prao.g_01640
OG0001235	Prbi	Prbg.g_01734	Prbi.g_01874
OG0001235	Prax	Prbg.g_01734	Prax.g_01287
OG0001235	Prbd	Prbg.g_01734	Prbd.g_01438
OG0001235	Prbj	Prbg.g_01734	Prbj.g_01033
OG0001235	Prbk	Prbg.g_01734	Prbk.g_00996
OG0001235	Prbl	Prbg.g_01734	Prbl.g_00948
OG0001235	Praf	Prbg.g_01734	Praf.g_02176
OG0001235	Prah	Prbg.g_01734	Prah.g_02047
OG0001235	Syar	Prbg.g_01734	Syar.g_01019
OG0001235	Syan	Prbg.g_01734	Syan.g_02130
OG0001235	Syao	Prbg.g_01734	Syao.g_01863
OG0001235	Syat	Prbg.g_01734	Syat.g_01838
OG0001235	Syap	Prbg.g_01734	Syap.g_01924
OG0001235	Syas	Prbg.g_01734	Syas.g_01646
OG0001235	Syak	Prbg.g_01734	Syak.g_01362
OG0001235	Syab	Prbg.g_01734	Syab.g_00391
OG0001235	Syac	Prbg.g_01734	Syac.g_02147
OG0001235	Syaq	Prbg.g_01734	Syaq.g_00665
OG0001235	Syag	Prbg.g_01734	Syag.g_02715
OG0001235	Syad	Prbg.g_01734	Syad.g_00633
OG0001235	Syaj	Prbg.g_01734	Syaj.g_02679
OG0001235	Syaa	Prbg.g_01734	Syaa.g_02323
OG0001235	Syae	Prbg.g_01734	Syae.g_02066
OG0001235	Syai	Prbg.g_01734	Syai.g_00343
OG0001235	Syaf	Prbg.g_01734	Syaf.g_00150
OG0001235	Syam	Prbg.g_01734	Syam.g_00313
OG0001235	Praj	Prbg.g_01734	Praj.g_01888
OG0001235	Prbb	Prbg.g_01734	Prbb.g_01942
OG0001235	Prbc	Prbg.g_01734	Prbc.g_00953
OG0001235	Prbm	Prbg.g_01734	Prbm.g_01968
OG0001235	Prat	Prbg.g_01734	Prat.g_01676
OG0001235	Pral	Prbg.g_01734	Pral.g_00192
OG0001235	Pram	Prbg.g_01734	Pram.g_01716
OG0001235	Prbh	Prbg.g_01734	Prbh.g_01698
OG0001235	Prbe	Prbg.g_01734	Prbe.g_01097
OG0001235	Prak	Prbg.g_01734	Prak.g_01729
OG0001235	Prap	Prbg.g_01734	Prap.g_01694
OG0001235	Prbf	Prbg.g_01734	Prbf.g_00609
OG0001235	Prbn	Prbg.g_01734	Prbn.g_01830
OG0001236	Prai	Prbg.g_01823	Prai.g_01816
OG0001236	Prax	Prbg.g_01823	Prax.g_01372
OG0001236	Prao	Prbg.g_01823	Prao.g_01721
OG0001236	Prae	Prbg.g_01823	Prae.g_01793
OG0001236	Pray	Prbg.g_01823	Pray.g_01341
OG0001236	Praz	Prbg.g_01823	Praz.g_00228
OG0001236	Prba	Prbg.g_01823	Prba.g_01073
OG0001236	Prbd	Prbg.g_01823	Prbd.g_01357
OG0001236	Praa	Prbg.g_01823	Praa.g_01810
OG0001236	Pras	Prbg.g_01823	Pras.g_00721
OG0001236	Prau	Prbg.g_01823	Prau.g_01903
OG0001236	Prbi	Prbg.g_01823	Prbi.g_01972
OG0001236	Prad	Prbg.g_01823	Prad.g_00773
OG0001236	Prac	Prbg.g_01823	Prac.g_00019
OG0001236	Praq	Prbg.g_01823	Praq.g_00741
OG0001236	Prar	Prbg.g_01823	Prar.g_00631
OG0001236	Prag	Prbg.g_01823	Prag.g_01838
OG0001236	Praw	Prbg.g_01823	Praw.g_00062
OG0001236	Prav	Prbg.g_01823	Prav.g_00667
OG0001236	Prbm	Prbg.g_01823	Prbm.g_02071
OG0001236	Prbb	Prbg.g_01823	Prbb.g_02038
OG0001236	Praj	Prbg.g_01823	Praj.g_01989
OG0001236	Prbc	Prbg.g_01823	Prbc.g_00234
OG0001236	Syac	Prbg.g_01823	Syac.g_00189
OG0001236	Syah	Prbg.g_01823	Syah.g_00189
OG0001236	Syam	Prbg.g_01823	Syam.g_00146
OG0001236	Syai	Prbg.g_01823	Syai.g_00159
OG0001236	Syaf	Prbg.g_01823	Syaf.g_00357
OG0001236	Syaa	Prbg.g_01823	Syaa.g_00154
OG0001236	Syad	Prbg.g_01823	Syad.g_00412
OG0001236	Syaj	Prbg.g_01823	Syaj.g_02453
OG0001236	Syae	Prbg.g_01823	Syae.g_01867
OG0001236	Syag	Prbg.g_01823	Syag.g_02432
OG0001236	Syab	Prbg.g_01823	Syab.g_00200
OG0001236	Syal	Prbg.g_01823	Syal.g_01352
OG0001236	Syaq	Prbg.g_01823	Syaq.g_00990
OG0001236	Syak	Prbg.g_01823	Syak.g_01568
OG0001236	Prbj	Prbg.g_01823	Prbj.g_01505
OG0001236	Prbk	Prbg.g_01823	Prbk.g_00517
OG0001236	Prbl	Prbg.g_01823	Prbl.g_00852
OG0001236	Praf	Prbg.g_01823	Praf.g_02387
OG0001236	Prah	Prbg.g_01823	Prah.g_02235
OG0001236	Syan	Prbg.g_01823	Syan.g_01933
OG0001236	Syao	Prbg.g_01823	Syao.g_02261
OG0001236	Syas	Prbg.g_01823	Syas.g_02191
OG0001236	Syap	Prbg.g_01823	Syap.g_01069
OG0001236	Syar	Prbg.g_01823	Syar.g_00657
OG0001236	Syat	Prbg.g_01823	Syat.g_02156
OG0001236	Pram	Prbg.g_01823	Pram.g_01809
OG0001236	Prbh	Prbg.g_01823	Prbh.g_01605
OG0001236	Pral	Prbg.g_01823	Pral.g_00281
OG0001236	Prat	Prbg.g_01823	Prat.g_01763
OG0001236	Prak	Prbg.g_01823	Prak.g_01818
OG0001236	Prap	Prbg.g_01823	Prap.g_01604
OG0001236	Prbe	Prbg.g_01823	Prbe.g_00798
OG0001236	Prbf	Prbg.g_01823	Prbf.g_00520
OG0001236	Prbn	Prbg.g_01823	Prbn.g_01919
OG0001237	Prab	Prbg.g_01827	Prab.g_01839
OG0001237	Pran	Prbg.g_01827	Pran.g_01142
OG0001237	Prbd	Prbg.g_01827	Prbd.g_01353
OG0001237	Prae	Prbg.g_01827	Prae.g_01797
OG0001237	Prav	Prbg.g_01827	Prav.g_00671
OG0001237	Pras	Prbg.g_01827	Pras.g_00725
OG0001237	Prau	Prbg.g_01827	Prau.g_01907
OG0001237	Prax	Prbg.g_01827	Prax.g_01376
OG0001237	Pray	Prbg.g_01827	Pray.g_01345
OG0001237	Praz	Prbg.g_01827	Praz.g_00224
OG0001237	Prba	Prbg.g_01827	Prba.g_01077
OG0001237	Praa	Prbg.g_01827	Praa.g_01814
OG0001237	Prac	Prbg.g_01827	Prac.g_00023
OG0001237	Praq	Prbg.g_01827	Praq.g_00745
OG0001237	Prar	Prbg.g_01827	Prar.g_00635
OG0001237	Prad	Prbg.g_01827	Prad.g_00769
OG0001237	Prag	Prbg.g_01827	Prag.g_01842
OG0001237	Praw	Prbg.g_01827	Praw.g_00058
OG0001237	Prbi	Prbg.g_01827	Prbi.g_01976
OG0001237	Prai	Prbg.g_01827	Prai.g_01820
OG0001237	Prbj	Prbg.g_01827	Prbj.g_01512
OG0001237	Prbk	Prbg.g_01827	Prbk.g_00524
OG0001237	Prbl	Prbg.g_01827	Prbl.g_00845
OG0001237	Praf	Prbg.g_01827	Praf.g_02392
OG0001237	Prah	Prbg.g_01827	Prah.g_02240
OG0001237	Syan	Prbg.g_01827	Syan.g_01928
OG0001237	Syao	Prbg.g_01827	Syao.g_02265
OG0001237	Syap	Prbg.g_01827	Syap.g_01073
OG0001237	Syat	Prbg.g_01827	Syat.g_02161
OG0001237	Syas	Prbg.g_01827	Syas.g_02187
OG0001237	Syar	Prbg.g_01827	Syar.g_00652
OG0001237	Praj	Prbg.g_01827	Praj.g_01993
OG0001237	Prbm	Prbg.g_01827	Prbm.g_02075
OG0001237	Prbb	Prbg.g_01827	Prbb.g_02042
OG0001237	Prbc	Prbg.g_01827	Prbc.g_00230
OG0001237	Syab	Prbg.g_01827	Syab.g_00192
OG0001237	Syal	Prbg.g_01827	Syal.g_01362
OG0001237	Syag	Prbg.g_01827	Syag.g_02426
OG0001237	Syaq	Prbg.g_01827	Syaq.g_00999
OG0001237	Syak	Prbg.g_01827	Syak.g_01573
OG0001237	Syad	Prbg.g_01827	Syad.g_00376
OG0001237	Syaj	Prbg.g_01827	Syaj.g_02447
OG0001237	Syae	Prbg.g_01827	Syae.g_01860
OG0001237	Syac	Prbg.g_01827	Syac.g_00184
OG0001237	Syah	Prbg.g_01827	Syah.g_00201
OG0001237	Syai	Prbg.g_01827	Syai.g_00137
OG0001237	Syam	Prbg.g_01827	Syam.g_00141
OG0001237	Syaf	Prbg.g_01827	Syaf.g_00362
OG0001237	Pral	Prbg.g_01827	Pral.g_00285
OG0001237	Prat	Prbg.g_01827	Prat.g_01767
OG0001237	Pram	Prbg.g_01827	Pram.g_01813
OG0001237	Prbh	Prbg.g_01827	Prbh.g_01601
OG0001237	Prak	Prbg.g_01827	Prak.g_01822
OG0001237	Prap	Prbg.g_01827	Prap.g_01600
OG0001237	Prbe	Prbg.g_01827	Prbe.g_00794
OG0001237	Prbf	Prbg.g_01827	Prbf.g_00516
OG0001237	Prbn	Prbg.g_01827	Prbn.g_01016
OG0001238	Prab	Prbg.g_01904	Prab.g_01914
OG0001238	Pran	Prbg.g_01904	Pran.g_01216
OG0001238	Prai	Prbg.g_01904	Prai.g_01896
OG0001238	Prao	Prbg.g_01904	Prao.g_01800
OG0001238	Pras	Prbg.g_01904	Pras.g_00801
OG0001238	Prau	Prbg.g_01904	Prau.g_01982
OG0001238	Prae	Prbg.g_01904	Prae.g_01871
OG0001238	Praa	Prbg.g_01904	Praa.g_01889
OG0001238	Pray	Prbg.g_01904	Pray.g_01421
OG0001238	Praz	Prbg.g_01904	Praz.g_00148
OG0001238	Prba	Prbg.g_01904	Prba.g_00825
OG0001238	Prac	Prbg.g_01904	Prac.g_00096
OG0001238	Praq	Prbg.g_01904	Praq.g_00722
OG0001238	Prar	Prbg.g_01904	Prar.g_00708
OG0001238	Prad	Prbg.g_01904	Prad.g_01576
OG0001238	Prag	Prbg.g_01904	Prag.g_01917
OG0001238	Praw	Prbg.g_01904	Praw.g_01176
OG0001238	Prax	Prbg.g_01904	Prax.g_01451
OG0001238	Prbi	Prbg.g_01904	Prbi.g_02063
OG0001238	Prbd	Prbg.g_01904	Prbd.g_01277
OG0001238	Prav	Prbg.g_01904	Prav.g_00745
OG0001238	Prbm	Prbg.g_01904	Prbm.g_02180
OG0001238	Prbc	Prbg.g_01904	Prbc.g_01001
OG0001238	Praj	Prbg.g_01904	Praj.g_02095
OG0001238	Prbb	Prbg.g_01904	Prbb.g_02135
OG0001238	Pral	Prbg.g_01904	Pral.g_00362
OG0001238	Prbj	Prbg.g_01904	Prbj.g_01969
OG0001238	Prbk	Prbg.g_01904	Prbk.g_02174
OG0001238	Prbl	Prbg.g_01904	Prbl.g_02225
OG0001238	Praf	Prbg.g_01904	Praf.g_02670
OG0001238	Prah	Prbg.g_01904	Prah.g_02504
OG0001238	Syao	Prbg.g_01904	Syao.g_02451
OG0001238	Syar	Prbg.g_01904	Syar.g_00351
OG0001238	Syat	Prbg.g_01904	Syat.g_02673
OG0001238	Syas	Prbg.g_01904	Syas.g_01901
OG0001238	Syap	Prbg.g_01904	Syap.g_01028
OG0001238	Syak	Prbg.g_01904	Syak.g_01926
OG0001238	Syab	Prbg.g_01904	Syab.g_02773
OG0001238	Syal	Prbg.g_01904	Syal.g_01085
OG0001238	Syaq	Prbg.g_01904	Syaq.g_01246
OG0001238	Syag	Prbg.g_01904	Syag.g_02144
OG0001238	Syad	Prbg.g_01904	Syad.g_00007
OG0001238	Syae	Prbg.g_01904	Syae.g_01582
OG0001238	Syac	Prbg.g_01904	Syac.g_02369
OG0001238	Syah	Prbg.g_01904	Syah.g_00490
OG0001238	Syaf	Prbg.g_01904	Syaf.g_00634
OG0001238	Syam	Prbg.g_01904	Syam.g_02326
OG0001238	Syai	Prbg.g_01904	Syai.g_02789
OG0001238	Syaa	Prbg.g_01904	Syaa.g_02607
OG0001238	Prat	Prbg.g_01904	Prat.g_01845
OG0001238	Pram	Prbg.g_01904	Pram.g_01890
OG0001238	Prbh	Prbg.g_01904	Prbh.g_01524
OG0001238	Prak	Prbg.g_01904	Prak.g_01899
OG0001238	Prap	Prbg.g_01904	Prap.g_01524
OG0001238	Prbe	Prbg.g_01904	Prbe.g_01162
OG0001238	Prbf	Prbg.g_01904	Prbf.g_00439
OG0001238	Prbn	Prbg.g_01904	Prbn.g_00940
OG0001239	Prac	Prbg.g_00798	Prac.g_01860
OG0001239	Praq	Prbg.g_00798	Praq.g_01932
OG0001239	Prar	Prbg.g_00798	Prar.g_00547
OG0001239	Prag	Prbg.g_00798	Prag.g_00065
OG0001239	Praw	Prbg.g_00798	Praw.g_01363
OG0001239	Pray	Prbg.g_00798	Pray.g_00218
OG0001239	Praz	Prbg.g_00798	Praz.g_00431
OG0001239	Prba	Prbg.g_00798	Prba.g_01859
OG0001239	Prbi	Prbg.g_00798	Prbi.g_00078
OG0001239	Prad	Prbg.g_00798	Prad.g_01922
OG0001239	Prae	Prbg.g_00798	Prae.g_00071
OG0001239	Prbd	Prbg.g_00798	Prbd.g_01173
OG0001239	Prax	Prbg.g_00798	Prax.g_00642
OG0001239	Praa	Prbg.g_00798	Praa.g_00071
OG0001239	Prao	Prbg.g_00798	Prao.g_00210
OG0001239	Prav	Prbg.g_00798	Prav.g_00136
OG0001239	Prab	Prbg.g_00798	Prab.g_00063
OG0001239	Pran	Prbg.g_00798	Pran.g_00361
OG0001239	Prai	Prbg.g_00798	Prai.g_00071
OG0001239	Prbm	Prbg.g_00798	Prbm.g_00128
OG0001239	Prbc	Prbg.g_00798	Prbc.g_00502
OG0001239	Praj	Prbg.g_00798	Praj.g_00109
OG0001239	Prbb	Prbg.g_00798	Prbb.g_00126
OG0001239	Pral	Prbg.g_00798	Pral.g_00976
OG0001239	Prat	Prbg.g_00798	Prat.g_00068
OG0001239	Prbj	Prbg.g_00798	Prbj.g_00567
OG0001239	Prbk	Prbg.g_00798	Prbk.g_01317
OG0001239	Prbl	Prbg.g_00798	Prbl.g_00605
OG0001239	Praf	Prbg.g_00798	Praf.g_00318
OG0001239	Prah	Prbg.g_00798	Prah.g_01841
OG0001239	Syae	Prbg.g_00798	Syae.g_01288
OG0001239	Syad	Prbg.g_00798	Syad.g_02732
OG0001239	Syaj	Prbg.g_00798	Syaj.g_01822
OG0001239	Syaa	Prbg.g_00798	Syaa.g_00350
OG0001239	Syam	Prbg.g_00798	Syam.g_02065
OG0001239	Syaf	Prbg.g_00798	Syaf.g_00960
OG0001239	Syai	Prbg.g_00798	Syai.g_02477
OG0001239	Syas	Prbg.g_00798	Syas.g_02519
OG0001239	Syat	Prbg.g_00798	Syat.g_01472
OG0001239	Syan	Prbg.g_00798	Syan.g_02910
OG0001239	Syao	Prbg.g_00798	Syao.g_02620
OG0001239	Syap	Prbg.g_00798	Syap.g_01693, Syap.g_01692
OG0001239	Syar	Prbg.g_00798	Syar.g_03043
OG0001239	Syag	Prbg.g_00798	Syag.g_01822
OG0001239	Syaq	Prbg.g_00798	Syaq.g_01556
OG0001239	Syak	Prbg.g_00798	Syak.g_02252
OG0001239	Syab	Prbg.g_00798	Syab.g_02437
OG0001239	Syal	Prbg.g_00798	Syal.g_00754
OG0001239	Pram	Prbg.g_00798	Pram.g_00056
OG0001239	Prbh	Prbg.g_00798	Prbh.g_00711
OG0001239	Prak	Prbg.g_00798	Prak.g_00076
OG0001239	Prap	Prbg.g_00798	Prap.g_00879
OG0001239	Prbe	Prbg.g_00798	Prbe.g_00176
OG0001239	Prbf	Prbg.g_00798	Prbf.g_01398
OG0001239	Prbn	Prbg.g_00798	Prbn.g_00706
OG0001240	Prbi	Prbg.g_00863	Prbi.g_00100
OG0001240	Prad	Prbg.g_00863	Prad.g_01900
OG0001240	Prab	Prbg.g_00863	Prab.g_00084
OG0001240	Pran	Prbg.g_00863	Pran.g_00340
OG0001240	Prai	Prbg.g_00863	Prai.g_00093
OG0001240	Prac	Prbg.g_00863	Prac.g_01838
OG0001240	Praq	Prbg.g_00863	Praq.g_01910
OG0001240	Prar	Prbg.g_00863	Prar.g_00235
OG0001240	Prae	Prbg.g_00863	Prae.g_00093
OG0001240	Pras	Prbg.g_00863	Pras.g_00944
OG0001240	Prau	Prbg.g_00863	Prau.g_00094
OG0001240	Praa	Prbg.g_00863	Praa.g_00093
OG0001240	Prax	Prbg.g_00863	Prax.g_01125
OG0001240	Prbd	Prbg.g_00863	Prbd.g_01151
OG0001240	Prav	Prbg.g_00863	Prav.g_00158
OG0001240	Pray	Prbg.g_00863	Pray.g_00196
OG0001240	Praz	Prbg.g_00863	Praz.g_00453
OG0001240	Prba	Prbg.g_00863	Prba.g_01881
OG0001240	Prao	Prbg.g_00863	Prao.g_00232
OG0001240	Prbm	Prbg.g_00863	Prbm.g_00150
OG0001240	Prbb	Prbg.g_00863	Prbb.g_00148
OG0001240	Praj	Prbg.g_00863	Praj.g_00131
OG0001240	Prbc	Prbg.g_00863	Prbc.g_00480
OG0001240	Pral	Prbg.g_00863	Pral.g_00954
OG0001240	Prat	Prbg.g_00863	Prat.g_00090
OG0001240	Prbj	Prbg.g_00863	Prbj.g_00604
OG0001240	Prbk	Prbg.g_00863	Prbk.g_00027
OG0001240	Prbl	Prbg.g_00863	Prbl.g_00568
OG0001240	Praf	Prbg.g_00863	Praf.g_00260
OG0001240	Prah	Prbg.g_00863	Prah.g_01881
OG0001240	Syaa	Prbg.g_00863	Syaa.g_02364
OG0001240	Syac	Prbg.g_00863	Syac.g_00411
OG0001240	Syah	Prbg.g_00863	Syah.g_02523
OG0001240	Syaf	Prbg.g_00863	Syaf.g_00919
OG0001240	Syai	Prbg.g_00863	Syai.g_02527
OG0001240	Syam	Prbg.g_00863	Syam.g_02105
OG0001240	Syae	Prbg.g_00863	Syae.g_01347
OG0001240	Syad	Prbg.g_00863	Syad.g_02785
OG0001240	Syaj	Prbg.g_00863	Syaj.g_01871
OG0001240	Syab	Prbg.g_00863	Syab.g_02484
OG0001240	Syal	Prbg.g_00863	Syal.g_00804
OG0001240	Syak	Prbg.g_00863	Syak.g_02206
OG0001240	Syag	Prbg.g_00863	Syag.g_01869
OG0001240	Syaq	Prbg.g_00863	Syaq.g_01502
OG0001240	Syas	Prbg.g_00863	Syas.g_02435
OG0001240	Syat	Prbg.g_00863	Syat.g_01554
OG0001240	Syan	Prbg.g_00863	Syan.g_02963
OG0001240	Syao	Prbg.g_00863	Syao.g_02669
OG0001240	Syar	Prbg.g_00863	Syar.g_03101
OG0001240	Pram	Prbg.g_00863	Pram.g_00077
OG0001240	Prbh	Prbg.g_00863	Prbh.g_00690
OG0001240	Prak	Prbg.g_00863	Prak.g_00097
OG0001240	Prap	Prbg.g_00863	Prap.g_01085
OG0001240	Prbe	Prbg.g_00863	Prbe.g_01633
OG0001240	Prbf	Prbg.g_00863	Prbf.g_01419
OG0001240	Prbn	Prbg.g_00863	Prbn.g_01328
OG0001241	Prav	Prbg.g_00873	Prav.g_00166
OG0001241	Prao	Prbg.g_00873	Prao.g_00240
OG0001241	Pras	Prbg.g_00873	Pras.g_00952
OG0001241	Prau	Prbg.g_00873	Prau.g_00102
OG0001241	Prad	Prbg.g_00873	Prad.g_01892
OG0001241	Prag	Prbg.g_00873	Prag.g_00094
OG0001241	Praw	Prbg.g_00873	Praw.g_01334
OG0001241	Pray	Prbg.g_00873	Pray.g_00188
OG0001241	Praz	Prbg.g_00873	Praz.g_00461
OG0001241	Prba	Prbg.g_00873	Prba.g_01889
OG0001241	Prab	Prbg.g_00873	Prab.g_00092
OG0001241	Pran	Prbg.g_00873	Pran.g_00332
OG0001241	Prai	Prbg.g_00873	Prai.g_00101
OG0001241	Prac	Prbg.g_00873	Prac.g_01830
OG0001241	Praq	Prbg.g_00873	Praq.g_01902
OG0001241	Prar	Prbg.g_00873	Prar.g_00227
OG0001241	Praa	Prbg.g_00873	Praa.g_00101
OG0001241	Prae	Prbg.g_00873	Prae.g_00101
OG0001241	Prbd	Prbg.g_00873	Prbd.g_01143
OG0001241	Prax	Prbg.g_00873	Prax.g_01117
OG0001241	Prbi	Prbg.g_00873	Prbi.g_00108
OG0001241	Prbj	Prbg.g_00873	Prbj.g_00614
OG0001241	Prbk	Prbg.g_00873	Prbk.g_00017
OG0001241	Prbl	Prbg.g_00873	Prbl.g_00558
OG0001241	Praf	Prbg.g_00873	Praf.g_00250
OG0001241	Prah	Prbg.g_00873	Prah.g_01891
OG0001241	Syab	Prbg.g_00873	Syab.g_02494
OG0001241	Syal	Prbg.g_00873	Syal.g_00814
OG0001241	Syaq	Prbg.g_00873	Syaq.g_01492
OG0001241	Syas	Prbg.g_00873	Syas.g_02427
OG0001241	Syat	Prbg.g_00873	Syat.g_01564
OG0001241	Syaa	Prbg.g_00873	Syaa.g_02374
OG0001241	Syae	Prbg.g_00873	Syae.g_01357
OG0001241	Syac	Prbg.g_00873	Syac.g_00402
OG0001241	Syah	Prbg.g_00873	Syah.g_02532
OG0001241	Syar	Prbg.g_00873	Syar.g_03149, Syar.g_03112
OG0001241	Syad	Prbg.g_00873	Syad.g_02795
OG0001241	Syaf	Prbg.g_00873	Syaf.g_00909
OG0001241	Syam	Prbg.g_00873	Syam.g_02115
OG0001241	Syai	Prbg.g_00873	Syai.g_02537
OG0001241	Syak	Prbg.g_00873	Syak.g_02197
OG0001241	Syag	Prbg.g_00873	Syag.g_01879
OG0001241	Praj	Prbg.g_00873	Praj.g_00140
OG0001241	Prbb	Prbg.g_00873	Prbb.g_00157
OG0001241	Prbm	Prbg.g_00873	Prbm.g_00159
OG0001241	Prbc	Prbg.g_00873	Prbc.g_00471
OG0001241	Pral	Prbg.g_00873	Pral.g_00945
OG0001241	Prat	Prbg.g_00873	Prat.g_00099
OG0001241	Pram	Prbg.g_00873	Pram.g_00086
OG0001241	Prbh	Prbg.g_00873	Prbh.g_00681
OG0001241	Prbf	Prbg.g_00873	Prbf.g_01429
OG0001241	Prak	Prbg.g_00873	Prak.g_00107
OG0001241	Prap	Prbg.g_00873	Prap.g_01075
OG0001241	Prbe	Prbg.g_00873	Prbe.g_01643
OG0001241	Prbn	Prbg.g_00873	Prbn.g_01318
OG0001242	Prad	Prbg.g_00893	Prad.g_01874
OG0001242	Prae	Prbg.g_00893	Prae.g_00119
OG0001242	Prag	Prbg.g_00893	Prag.g_00112
OG0001242	Prao	Prbg.g_00893	Prao.g_00258
OG0001242	Prau	Prbg.g_00893	Prau.g_00120
OG0001242	Praw	Prbg.g_00893	Praw.g_01316
OG0001242	Prbd	Prbg.g_00893	Prbd.g_01124
OG0001242	Prbi	Prbg.g_00893	Prbi.g_00127
OG0001242	Praa	Prbg.g_00893	Praa.g_00119
OG0001242	Pray	Prbg.g_00893	Pray.g_00170
OG0001242	Praz	Prbg.g_00893	Praz.g_00479
OG0001242	Prba	Prbg.g_00893	Prba.g_01907
OG0001242	Prav	Prbg.g_00893	Prav.g_00184
OG0001242	Prax	Prbg.g_00893	Prax.g_01099
OG0001242	Prab	Prbg.g_00893	Prab.g_00110
OG0001242	Prai	Prbg.g_00893	Prai.g_00119
OG0001242	Pran	Prbg.g_00893	Pran.g_00314
OG0001242	Prac	Prbg.g_00893	Prac.g_01812
OG0001242	Praq	Prbg.g_00893	Praq.g_01884
OG0001242	Prar	Prbg.g_00893	Prar.g_00209
OG0001242	Pras	Prbg.g_00893	Pras.g_00970
OG0001242	Pram	Prbg.g_00893	Pram.g_00105
OG0001242	Prbh	Prbg.g_00893	Prbh.g_00662
OG0001242	Pral	Prbg.g_00893	Pral.g_00926
OG0001242	Praj	Prbg.g_00893	Praj.g_00159
OG0001242	Prbb	Prbg.g_00893	Prbb.g_00176
OG0001242	Prbc	Prbg.g_00893	Prbc.g_00452
OG0001242	Prbm	Prbg.g_00893	Prbm.g_00178
OG0001242	Prah	Prbg.g_00893	Prah.g_00185
OG0001242	Prbj	Prbg.g_00893	Prbj.g_01560
OG0001242	Prbk	Prbg.g_00893	Prbk.g_00200
OG0001242	Prbl	Prbg.g_00893	Prbl.g_01322
OG0001242	Syab	Prbg.g_00893	Syab.g_02525
OG0001242	Syak	Prbg.g_00893	Syak.g_02168
OG0001242	Syao	Prbg.g_00893	Syao.g_02576
OG0001242	Syan	Prbg.g_00893	Syan.g_02297
OG0001242	Syap	Prbg.g_00893	Syap.g_02227, Syap.g_02229
OG0001242	Syas	Prbg.g_00893	Syas.g_02398
OG0001242	Syat	Prbg.g_00893	Syat.g_02936
OG0001242	Syar	Prbg.g_00893	Syar.g_00043
OG0001242	Syal	Prbg.g_00893	Syal.g_00844
OG0001242	Syaj	Prbg.g_00893	Syaj.g_01913
OG0001242	Syad	Prbg.g_00893	Syad.g_02827
OG0001242	Syaf	Prbg.g_00893	Syaf.g_00874
OG0001242	Syai	Prbg.g_00893	Syai.g_02566
OG0001242	Syam	Prbg.g_00893	Syam.g_02145
OG0001242	Syaa	Prbg.g_00893	Syaa.g_02407
OG0001242	Syac	Prbg.g_00893	Syac.g_00370
OG0001242	Syah	Prbg.g_00893	Syah.g_00011
OG0001242	Syae	Prbg.g_00893	Syae.g_01387
OG0001242	Prak	Prbg.g_00893	Prak.g_00127
OG0001242	Prap	Prbg.g_00893	Prap.g_01055
OG0001242	Prbe	Prbg.g_00893	Prbe.g_01663
OG0001242	Prbf	Prbg.g_00893	Prbf.g_01449
OG0001242	Prbn	Prbg.g_00893	Prbn.g_01298
OG0001243	Prai	Prbg.g_00900	Prai.g_00125
OG0001243	Prad	Prbg.g_00900	Prad.g_01868
OG0001243	Prae	Prbg.g_00900	Prae.g_00125
OG0001243	Prag	Prbg.g_00900	Prag.g_00118
OG0001243	Prao	Prbg.g_00900	Prao.g_00264
OG0001243	Praw	Prbg.g_00900	Praw.g_01310
OG0001243	Prax	Prbg.g_00900	Prax.g_01093
OG0001243	Prav	Prbg.g_00900	Prav.g_00190
OG0001243	Prbi	Prbg.g_00900	Prbi.g_00133
OG0001243	Pray	Prbg.g_00900	Pray.g_00164
OG0001243	Praz	Prbg.g_00900	Praz.g_00485
OG0001243	Prba	Prbg.g_00900	Prba.g_01913
OG0001243	Prbd	Prbg.g_00900	Prbd.g_01118
OG0001243	Prac	Prbg.g_00900	Prac.g_01806
OG0001243	Praq	Prbg.g_00900	Praq.g_01878
OG0001243	Prar	Prbg.g_00900	Prar.g_00203
OG0001243	Praa	Prbg.g_00900	Praa.g_00125
OG0001243	Pras	Prbg.g_00900	Pras.g_00976
OG0001243	Prau	Prbg.g_00900	Prau.g_00126
OG0001243	Prat	Prbg.g_00900	Prat.g_00125
OG0001243	Pral	Prbg.g_00900	Pral.g_00919
OG0001243	Prbc	Prbg.g_00900	Prbc.g_00445
OG0001243	Praj	Prbg.g_00900	Praj.g_00166
OG0001243	Prbb	Prbg.g_00900	Prbb.g_00183
OG0001243	Prbm	Prbg.g_00900	Prbm.g_00185
OG0001243	Prah	Prbg.g_00900	Prah.g_02251
OG0001243	Praf	Prbg.g_00900	Praf.g_02402
OG0001243	Prbj	Prbg.g_00900	Prbj.g_01529
OG0001243	Prbk	Prbg.g_00900	Prbk.g_00541
OG0001243	Prbl	Prbg.g_00900	Prbl.g_00828
OG0001243	Syad	Prbg.g_00900	Syad.g_02841
OG0001243	Syac	Prbg.g_00900	Syac.g_00363
OG0001243	Syah	Prbg.g_00900	Syah.g_00017
OG0001243	Syaj	Prbg.g_00900	Syaj.g_01926
OG0001243	Syaa	Prbg.g_00900	Syaa.g_02415
OG0001243	Syaf	Prbg.g_00900	Syaf.g_00867
OG0001243	Syai	Prbg.g_00900	Syai.g_02573
OG0001243	Syae	Prbg.g_00900	Syae.g_01395
OG0001243	Syaq	Prbg.g_00900	Syaq.g_01457
OG0001243	Syak	Prbg.g_00900	Syak.g_02160
OG0001243	Syao	Prbg.g_00900	Syao.g_02584
OG0001243	Syan	Prbg.g_00900	Syan.g_02289
OG0001243	Syar	Prbg.g_00900	Syar.g_00051
OG0001243	Syap	Prbg.g_00900	Syap.g_02219
OG0001243	Syat	Prbg.g_00900	Syat.g_02928
OG0001243	Syas	Prbg.g_00900	Syas.g_02391
OG0001243	Syag	Prbg.g_00900	Syag.g_01920
OG0001243	Syab	Prbg.g_00900	Syab.g_02533
OG0001243	Syal	Prbg.g_00900	Syal.g_00852
OG0001243	Pram	Prbg.g_00900	Pram.g_00112
OG0001243	Prbh	Prbg.g_00900	Prbh.g_00655
OG0001243	Prak	Prbg.g_00900	Prak.g_00134
OG0001243	Prap	Prbg.g_00900	Prap.g_01048
OG0001243	Prbe	Prbg.g_00900	Prbe.g_01670
OG0001243	Prbf	Prbg.g_00900	Prbf.g_01456
OG0001243	Prbn	Prbg.g_00900	Prbn.g_01291
OG0001244	Prab	Prbg.g_00915	Prab.g_00131
OG0001244	Pran	Prbg.g_00915	Pran.g_00293
OG0001244	Prae	Prbg.g_00915	Prae.g_00141
OG0001244	Prax	Prbg.g_00915	Prax.g_01077
OG0001244	Praa	Prbg.g_00915	Praa.g_00141
OG0001244	Pras	Prbg.g_00915	Pras.g_00992
OG0001244	Prau	Prbg.g_00915	Prau.g_00142
OG0001244	Prao	Prbg.g_00915	Prao.g_00279
OG0001244	Pray	Prbg.g_00915	Pray.g_00148
OG0001244	Praz	Prbg.g_00915	Praz.g_00501
OG0001244	Prba	Prbg.g_00915	Prba.g_01929
OG0001244	Prbd	Prbg.g_00915	Prbd.g_01101
OG0001244	Prad	Prbg.g_00915	Prad.g_01852
OG0001244	Prbi	Prbg.g_00915	Prbi.g_00149
OG0001244	Prac	Prbg.g_00915	Prac.g_01790
OG0001244	Praq	Prbg.g_00915	Praq.g_01862
OG0001244	Prar	Prbg.g_00915	Prar.g_00187
OG0001244	Prav	Prbg.g_00915	Prav.g_00206
OG0001244	Prag	Prbg.g_00915	Prag.g_00134
OG0001244	Praw	Prbg.g_00915	Praw.g_01294
OG0001244	Prai	Prbg.g_00915	Prai.g_00141
OG0001244	Prbc	Prbg.g_00915	Prbc.g_00429
OG0001244	Prbm	Prbg.g_00915	Prbm.g_00201
OG0001244	Praj	Prbg.g_00915	Praj.g_00182
OG0001244	Prbb	Prbg.g_00915	Prbb.g_00199
OG0001244	Praf	Prbg.g_00915	Praf.g_02429
OG0001244	Prah	Prbg.g_00915	Prah.g_02279
OG0001244	Syar	Prbg.g_00915	Syar.g_00075
OG0001244	Syat	Prbg.g_00915	Syat.g_02901
OG0001244	Syap	Prbg.g_00915	Syap.g_02192
OG0001244	Syas	Prbg.g_00915	Syas.g_02370
OG0001244	Syan	Prbg.g_00915	Syan.g_03004
OG0001244	Syao	Prbg.g_00915	Syao.g_02477
OG0001244	Syag	Prbg.g_00915	Syag.g_01948
OG0001244	Syaq	Prbg.g_00915	Syaq.g_01430
OG0001244	Syak	Prbg.g_00915	Syak.g_02132
OG0001244	Syab	Prbg.g_00915	Syab.g_02561
OG0001244	Syal	Prbg.g_00915	Syal.g_00882
OG0001244	Syae	Prbg.g_00915	Syae.g_01425
OG0001244	Syad	Prbg.g_00915	Syad.g_02873
OG0001244	Syaj	Prbg.g_00915	Syaj.g_01960
OG0001244	Syaa	Prbg.g_00915	Syaa.g_02445
OG0001244	Syac	Prbg.g_00915	Syac.g_00333
OG0001244	Syah	Prbg.g_00915	Syah.g_00049
OG0001244	Syam	Prbg.g_00915	Syam.g_02188
OG0001244	Syai	Prbg.g_00915	Syai.g_02605
OG0001244	Syaf	Prbg.g_00915	Syaf.g_00836
OG0001244	Pral	Prbg.g_00915	Pral.g_00904
OG0001244	Prat	Prbg.g_00915	Prat.g_00140
OG0001244	Pram	Prbg.g_00915	Pram.g_00127
OG0001244	Prbh	Prbg.g_00915	Prbh.g_00640
OG0001244	Prak	Prbg.g_00915	Prak.g_00149
OG0001244	Prap	Prbg.g_00915	Prap.g_01033
OG0001244	Prbe	Prbg.g_00915	Prbe.g_01685
OG0001244	Prbf	Prbg.g_00915	Prbf.g_01471
OG0001244	Prbn	Prbg.g_00915	Prbn.g_01276
OG0001245	Prbb	Prbg.g_01525	Prbb.g_01288
OG0001245	Prbc	Prbg.g_01525	Prbc.g_01317
OG0001245	Praj	Prbg.g_01525	Praj.g_01244
OG0001245	Prbm	Prbg.g_01525	Prbm.g_01353
OG0001245	Prab	Prbg.g_01525	Prab.g_00368
OG0001245	Pran	Prbg.g_01525	Pran.g_01815
OG0001245	Prai	Prbg.g_01525	Prai.g_00392
OG0001245	Prag	Prbg.g_01525	Prag.g_00373
OG0001245	Praw	Prbg.g_01525	Praw.g_00753
OG0001245	Prac	Prbg.g_01525	Prac.g_01153
OG0001245	Praq	Prbg.g_01525	Praq.g_01163
OG0001245	Prar	Prbg.g_01525	Prar.g_00441
OG0001245	Prav	Prbg.g_01525	Prav.g_00997
OG0001245	Prau	Prbg.g_01525	Prau.g_00383
OG0001245	Pras	Prbg.g_01525	Pras.g_01233
OG0001245	Prad	Prbg.g_01525	Prad.g_00729
OG0001245	Prao	Prbg.g_01525	Prao.g_00514
OG0001245	Praa	Prbg.g_01525	Praa.g_00379
OG0001245	Prbi	Prbg.g_01525	Prbi.g_00404
OG0001245	Prae	Prbg.g_01525	Prae.g_00380
OG0001245	Pray	Prbg.g_01525	Pray.g_00858
OG0001245	Praz	Prbg.g_01525	Praz.g_00794
OG0001245	Prba	Prbg.g_01525	Prba.g_00874
OG0001245	Prax	Prbg.g_01525	Prax.g_00794
OG0001245	Prbd	Prbg.g_01525	Prbd.g_00858
OG0001245	Syas	Prbg.g_01525	Syas.g_00524
OG0001245	Syai	Prbg.g_01525	Syai.g_02091
OG0001245	Syad	Prbg.g_01525	Syad.g_02223
OG0001245	Syam	Prbg.g_01525	Syam.g_01057
OG0001245	Syac	Prbg.g_01525	Syac.g_01064
OG0001245	Syah	Prbg.g_01525	Syah.g_01848
OG0001245	Syar	Prbg.g_01525	Syar.g_00999
OG0001245	Syat	Prbg.g_01525	Syat.g_00212
OG0001245	Syab	Prbg.g_01525	Syab.g_01762
OG0001245	Syal	Prbg.g_01525	Syal.g_02522
OG0001245	Syak	Prbg.g_01525	Syak.g_00248
OG0001245	Syaq	Prbg.g_01525	Syaq.g_01916
OG0001245	Syag	Prbg.g_01525	Syag.g_00213
OG0001245	Syao	Prbg.g_01525	Syao.g_00362
OG0001245	Syaa	Prbg.g_01525	Syaa.g_01492
OG0001245	Syae	Prbg.g_01525	Syae.g_00149
OG0001245	Syan	Prbg.g_01525	Syan.g_00179
OG0001245	Praf	Prbg.g_01525	Praf.g_01003
OG0001245	Prah	Prbg.g_01525	Prah.g_01181
OG0001245	Prbj	Prbg.g_01525	Prbj.g_00689
OG0001245	Prbk	Prbg.g_01525	Prbk.g_01693
OG0001245	Prbl	Prbg.g_01525	Prbl.g_01693
OG0001245	Pral	Prbg.g_01525	Pral.g_01840
OG0001245	Prat	Prbg.g_01525	Prat.g_00671
OG0001245	Pram	Prbg.g_01525	Pram.g_01177
OG0001245	Prbh	Prbg.g_01525	Prbh.g_01320
OG0001245	Prak	Prbg.g_01525	Prak.g_01211
OG0001245	Prap	Prbg.g_01525	Prap.g_00495
OG0001245	Prbe	Prbg.g_01525	Prbe.g_01588
OG0001245	Prbf	Prbg.g_01525	Prbf.g_00879
OG0001245	Prbn	Prbg.g_01525	Prbn.g_01150
OG0001247	Prai	Prbg.g_01125	Prai.g_00712
OG0001247	Prab	Prbg.g_01125	Prab.g_00688
OG0001247	Pran	Prbg.g_01125	Pran.g_01495
OG0001247	Prag	Prbg.g_01125	Prag.g_00661
OG0001247	Praw	Prbg.g_01125	Praw.g_01839
OG0001247	Prav	Prbg.g_01125	Prav.g_01281
OG0001247	Prac	Prbg.g_01125	Prac.g_00688
OG0001247	Praq	Prbg.g_01125	Praq.g_00812
OG0001247	Prar	Prbg.g_01125	Prar.g_01513
OG0001247	Prad	Prbg.g_01125	Prad.g_01257
OG0001247	Prbd	Prbg.g_01125	Prbd.g_00561
OG0001247	Prbi	Prbg.g_01125	Prbi.g_00686
OG0001247	Prao	Prbg.g_01125	Prao.g_00121
OG0001247	Pras	Prbg.g_01125	Pras.g_01559
OG0001247	Prau	Prbg.g_01125	Prau.g_00723
OG0001247	Prae	Prbg.g_01125	Prae.g_00657
OG0001247	Prax	Prbg.g_01125	Prax.g_00959
OG0001247	Praa	Prbg.g_01125	Praa.g_00683
OG0001247	Pray	Prbg.g_01125	Pray.g_01080
OG0001247	Praz	Prbg.g_01125	Praz.g_01647
OG0001247	Prba	Prbg.g_01125	Prba.g_01634
OG0001247	Prbm	Prbg.g_01125	Prbm.g_00719
OG0001247	Prbc	Prbg.g_01125	Prbc.g_01765
OG0001247	Praj	Prbg.g_01125	Praj.g_00676
OG0001247	Prbb	Prbg.g_01125	Prbb.g_00689
OG0001247	Syag	Prbg.g_01125	Syag.g_00710
OG0001247	Prah	Prbg.g_01125	Prah.g_00625
OG0001247	Praf	Prbg.g_01125	Praf.g_01572
OG0001247	Prbj	Prbg.g_01125	Prbj.g_02453
OG0001247	Prbk	Prbg.g_01125	Prbk.g_02509
OG0001247	Prbl	Prbg.g_01125	Prbl.g_02295
OG0001247	Syan	Prbg.g_01125	Syan.g_00199
OG0001247	Syao	Prbg.g_01125	Syao.g_00390
OG0001247	Syab	Prbg.g_01125	Syab.g_02825
OG0001247	Syal	Prbg.g_01125	Syal.g_01126
OG0001247	Syar	Prbg.g_01125	Syar.g_02024
OG0001247	Syat	Prbg.g_01125	Syat.g_01019
OG0001247	Syak	Prbg.g_01125	Syak.g_00618
OG0001247	Syaa	Prbg.g_01125	Syaa.g_01207
OG0001247	Syaf	Prbg.g_01125	Syaf.g_02004
OG0001247	Syai	Prbg.g_01125	Syai.g_01380
OG0001247	Syam	Prbg.g_01125	Syam.g_01253
OG0001247	Syac	Prbg.g_01125	Syac.g_01303
OG0001247	Syah	Prbg.g_01125	Syah.g_01741
OG0001247	Syae	Prbg.g_01125	Syae.g_00482
OG0001247	Syad	Prbg.g_01125	Syad.g_01837
OG0001247	Syaj	Prbg.g_01125	Syaj.g_00973
OG0001247	Prat	Prbg.g_01125	Prat.g_00757
OG0001247	Pral	Prbg.g_01125	Pral.g_01758
OG0001247	Pram	Prbg.g_01125	Pram.g_00774
OG0001247	Prbh	Prbg.g_01125	Prbh.g_00918
OG0001247	Prak	Prbg.g_01125	Prak.g_00811
OG0001247	Prap	Prbg.g_01125	Prap.g_00817
OG0001247	Prbe	Prbg.g_01125	Prbe.g_00458
OG0001247	Prbf	Prbg.g_01125	Prbf.g_01279
OG0001247	Prbn	Prbg.g_01125	Prbn.g_01580
OG0001248	Prab	Prbg.g_01127	Prab.g_00690
OG0001248	Pran	Prbg.g_01127	Pran.g_01493
OG0001248	Prai	Prbg.g_01127	Prai.g_00714
OG0001248	Prac	Prbg.g_01127	Prac.g_00686
OG0001248	Praq	Prbg.g_01127	Praq.g_00814
OG0001248	Prar	Prbg.g_01127	Prar.g_01515
OG0001248	Prag	Prbg.g_01127	Prag.g_00663
OG0001248	Praw	Prbg.g_01127	Praw.g_01837
OG0001248	Prav	Prbg.g_01127	Prav.g_01283
OG0001248	Prao	Prbg.g_01127	Prao.g_00123
OG0001248	Pras	Prbg.g_01127	Pras.g_01561
OG0001248	Prau	Prbg.g_01127	Prau.g_00725
OG0001248	Pray	Prbg.g_01127	Pray.g_01078
OG0001248	Praz	Prbg.g_01127	Praz.g_01645
OG0001248	Prba	Prbg.g_01127	Prba.g_01632
OG0001248	Prad	Prbg.g_01127	Prad.g_01259
OG0001248	Prbd	Prbg.g_01127	Prbd.g_00559
OG0001248	Prbi	Prbg.g_01127	Prbi.g_00688
OG0001248	Praa	Prbg.g_01127	Praa.g_00685
OG0001248	Prae	Prbg.g_01127	Prae.g_00659
OG0001248	Prax	Prbg.g_01127	Prax.g_00957
OG0001248	Prbc	Prbg.g_01127	Prbc.g_01767
OG0001248	Praj	Prbg.g_01127	Praj.g_00678
OG0001248	Prbb	Prbg.g_01127	Prbb.g_00691
OG0001248	Prbm	Prbg.g_01127	Prbm.g_00722
OG0001248	Prah	Prbg.g_01127	Prah.g_00981
OG0001248	Praf	Prbg.g_01127	Praf.g_01210
OG0001248	Prbj	Prbg.g_01127	Prbj.g_00943
OG0001248	Prbk	Prbg.g_01127	Prbk.g_01805
OG0001248	Prbl	Prbg.g_01127	Prbl.g_01869
OG0001248	Syar	Prbg.g_01127	Syar.g_02059
OG0001248	Syap	Prbg.g_01127	Syap.g_00423
OG0001248	Syat	Prbg.g_01127	Syat.g_03159
OG0001248	Syae	Prbg.g_01127	Syae.g_00485
OG0001248	Syag	Prbg.g_01127	Syag.g_00175
OG0001248	Syak	Prbg.g_01127	Syak.g_00147
OG0001248	Syaq	Prbg.g_01127	Syaq.g_01891
OG0001248	Syad	Prbg.g_01127	Syad.g_01843
OG0001248	Syaj	Prbg.g_01127	Syaj.g_00978
OG0001248	Syab	Prbg.g_01127	Syab.g_01163
OG0001248	Syal	Prbg.g_01127	Syal.g_01778
OG0001248	Syaa	Prbg.g_01127	Syaa.g_01204
OG0001248	Syam	Prbg.g_01127	Syam.g_01256
OG0001248	Syaf	Prbg.g_01127	Syaf.g_02012
OG0001248	Syai	Prbg.g_01127	Syai.g_01377
OG0001248	Syac	Prbg.g_01127	Syac.g_01306
OG0001248	Syah	Prbg.g_01127	Syah.g_01744
OG0001248	Pral	Prbg.g_01127	Pral.g_01756
OG0001248	Prat	Prbg.g_01127	Prat.g_00759
OG0001248	Pram	Prbg.g_01127	Pram.g_00776
OG0001248	Prbh	Prbg.g_01127	Prbh.g_00920
OG0001248	Prak	Prbg.g_01127	Prak.g_00813
OG0001248	Prap	Prbg.g_01127	Prap.g_00815
OG0001248	Prbe	Prbg.g_01127	Prbe.g_00460
OG0001248	Prbf	Prbg.g_01127	Prbf.g_01277
OG0001248	Prbn	Prbg.g_01127	Prbn.g_01578
OG0001249	Prab	Prbg.g_00114	Prab.g_00818
OG0001249	Pran	Prbg.g_00114	Pran.g_01365
OG0001249	Prai	Prbg.g_00114	Prai.g_00869
OG0001249	Prbi	Prbg.g_00114	Prbi.g_00825
OG0001249	Prax	Prbg.g_00114	Prax.g_00395
OG0001249	Pras	Prbg.g_00114	Pras.g_01679
OG0001249	Prau	Prbg.g_00114	Prau.g_00832
OG0001249	Praa	Prbg.g_00114	Praa.g_00780
OG0001249	Prbd	Prbg.g_00114	Prbd.g_00080
OG0001249	Prao	Prbg.g_00114	Prao.g_00718
OG0001249	Pray	Prbg.g_00114	Pray.g_00326
OG0001249	Praz	Prbg.g_00114	Praz.g_01534
OG0001249	Prba	Prbg.g_00114	Prba.g_01521
OG0001249	Prac	Prbg.g_00114	Prac.g_01498
OG0001249	Praq	Prbg.g_00114	Praq.g_00647
OG0001249	Prar	Prbg.g_00114	Prar.g_01661
OG0001249	Prag	Prbg.g_00114	Prag.g_00784
OG0001249	Praw	Prbg.g_00114	Praw.g_01719
OG0001249	Prav	Prbg.g_00114	Prav.g_00373
OG0001249	Prad	Prbg.g_00114	Prad.g_01123
OG0001249	Prae	Prbg.g_00114	Prae.g_00784
OG0001249	Syar	Prbg.g_00114	Syar.g_01113
OG0001249	Syat	Prbg.g_00114	Syat.g_01620
OG0001249	Syap	Prbg.g_00114	Syap.g_00575
OG0001249	Syas	Prbg.g_00114	Syas.g_01547
OG0001249	Syaq	Prbg.g_00114	Syaq.g_00563
OG0001249	Syak	Prbg.g_00114	Syak.g_01251
OG0001249	Syab	Prbg.g_00114	Syab.g_00514
OG0001249	Syal	Prbg.g_00114	Syal.g_00337
OG0001249	Syan	Prbg.g_00114	Syan.g_02150
OG0001249	Syao	Prbg.g_00114	Syao.g_01882
OG0001249	Syac	Prbg.g_00114	Syac.g_02029
OG0001249	Syah	Prbg.g_00114	Syah.g_00849
OG0001249	Syai	Prbg.g_00114	Syai.g_00464
OG0001249	Syad	Prbg.g_00114	Syad.g_00756
OG0001249	Syae	Prbg.g_00114	Syae.g_02186
OG0001249	Syam	Prbg.g_00114	Syam.g_00436
OG0001249	Prah	Prbg.g_00114	Prah.g_01946
OG0001249	Praf	Prbg.g_00114	Praf.g_02063
OG0001249	Prbj	Prbg.g_00114	Prbj.g_00347
OG0001249	Prbk	Prbg.g_00114	Prbk.g_00865
OG0001249	Prbl	Prbg.g_00114	Prbl.g_01195
OG0001249	Syag	Prbg.g_00114	Syag.g_02837
OG0001249	Praj	Prbg.g_00114	Praj.g_00373
OG0001249	Prbb	Prbg.g_00114	Prbb.g_00389
OG0001249	Prbm	Prbg.g_00114	Prbm.g_00395
OG0001249	Prbc	Prbg.g_00114	Prbc.g_01230
OG0001249	Pral	Prbg.g_00114	Pral.g_00701
OG0001249	Prat	Prbg.g_00114	Prat.g_00345
OG0001249	Pram	Prbg.g_00114	Pram.g_00325
OG0001249	Prbh	Prbg.g_00114	Prbh.g_00442
OG0001249	Prak	Prbg.g_00114	Prak.g_00353
OG0001249	Prap	Prbg.g_00114	Prap.g_01375
OG0001249	Prbe	Prbg.g_00114	Prbe.g_01889
OG0001249	Prbf	Prbg.g_00114	Prbf.g_01675
OG0001249	Prbn	Prbg.g_00114	Prbn.g_00102
OG0001250	Prab	Prbg.g_01202	Prab.g_00880
OG0001250	Pran	Prbg.g_01202	Pran.g_01303
OG0001250	Prai	Prbg.g_01202	Prai.g_00806
OG0001250	Prac	Prbg.g_01202	Prac.g_01435
OG0001250	Praq	Prbg.g_01202	Praq.g_01438
OG0001250	Prar	Prbg.g_01202	Prar.g_01724
OG0001250	Prag	Prbg.g_01202	Prag.g_00845
OG0001250	Praw	Prbg.g_01202	Praw.g_01658
OG0001250	Prav	Prbg.g_01202	Prav.g_00437
OG0001250	Pras	Prbg.g_01202	Pras.g_01741
OG0001250	Prau	Prbg.g_01202	Prau.g_00894
OG0001250	Pray	Prbg.g_01202	Pray.g_00389
OG0001250	Praz	Prbg.g_01202	Praz.g_01471
OG0001250	Prba	Prbg.g_01202	Prba.g_01458
OG0001250	Prbi	Prbg.g_01202	Prbi.g_00888
OG0001250	Prbd	Prbg.g_01202	Prbd.g_00143
OG0001250	Praa	Prbg.g_01202	Praa.g_00845
OG0001250	Prae	Prbg.g_01202	Prae.g_00846
OG0001250	Prax	Prbg.g_01202	Prax.g_00332
OG0001250	Prad	Prbg.g_01202	Prad.g_00307
OG0001250	Prao	Prbg.g_01202	Prao.g_00782
OG0001250	Praf	Prbg.g_01202	Praf.g_01598
OG0001250	Prah	Prbg.g_01202	Prah.g_00597
OG0001250	Prbj	Prbg.g_01202	Prbj.g_02482
OG0001250	Prbk	Prbg.g_01202	Prbk.g_02538
OG0001250	Prbl	Prbg.g_01202	Prbl.g_01546
OG0001250	Syaf	Prbg.g_01202	Syaf.g_01377
OG0001250	Syai	Prbg.g_01202	Syai.g_02053
OG0001250	Syam	Prbg.g_01202	Syam.g_00731
OG0001250	Syae	Prbg.g_01202	Syae.g_00841
OG0001250	Syad	Prbg.g_01202	Syad.g_01227
OG0001250	Syaj	Prbg.g_01202	Syaj.g_00375
OG0001250	Syar	Prbg.g_01202	Syar.g_01819, Syar.g_03240
OG0001250	Syat	Prbg.g_01202	Syat.g_00739
OG0001250	Syap	Prbg.g_01202	Syap.g_01836
OG0001250	Syas	Prbg.g_01202	Syas.g_00239
OG0001250	Syaa	Prbg.g_01202	Syaa.g_00832
OG0001250	Syac	Prbg.g_01202	Syac.g_00838
OG0001250	Syah	Prbg.g_01202	Syah.g_02090
OG0001250	Syan	Prbg.g_01202	Syan.g_00382
OG0001250	Syao	Prbg.g_01202	Syao.g_00556
OG0001250	Syab	Prbg.g_01202	Syab.g_01714
OG0001250	Syal	Prbg.g_01202	Syal.g_02469
OG0001250	Syak	Prbg.g_01202	Syak.g_00602
OG0001250	Syag	Prbg.g_01202	Syag.g_00725
OG0001250	Syaq	Prbg.g_01202	Syaq.g_02389
OG0001250	Pral	Prbg.g_01202	Pral.g_01529
OG0001250	Prat	Prbg.g_01202	Prat.g_00997
OG0001250	Pram	Prbg.g_01202	Pram.g_00851
OG0001250	Prbh	Prbg.g_01202	Prbh.g_00995
OG0001250	Prak	Prbg.g_01202	Prak.g_00888
OG0001250	Prap	Prbg.g_01202	Prap.g_00740
OG0001250	Prbe	Prbg.g_01202	Prbe.g_01265
OG0001250	Prbf	Prbg.g_01202	Prbf.g_01202
OG0001250	Prbn	Prbg.g_01202	Prbn.g_01503
OG0001251	Prab	Prbg.g_01063	Prab.g_01083
OG0001251	Pran	Prbg.g_01063	Pran.g_00414
OG0001251	Prad	Prbg.g_01063	Prad.g_00259
OG0001251	Prao	Prbg.g_01063	Prao.g_00830
OG0001251	Prac	Prbg.g_01063	Prac.g_01400
OG0001251	Praq	Prbg.g_01063	Praq.g_01474
OG0001251	Prar	Prbg.g_01063	Prar.g_01760
OG0001251	Prav	Prbg.g_01063	Prav.g_00484
OG0001251	Pray	Prbg.g_01063	Pray.g_00437
OG0001251	Praz	Prbg.g_01063	Praz.g_01423
OG0001251	Prba	Prbg.g_01063	Prba.g_01410
OG0001251	Prax	Prbg.g_01063	Prax.g_00547
OG0001251	Prae	Prbg.g_01063	Prae.g_00893
OG0001251	Prbi	Prbg.g_01063	Prbi.g_00935
OG0001251	Praa	Prbg.g_01063	Praa.g_00893
OG0001251	Prbd	Prbg.g_01063	Prbd.g_00191
OG0001251	Prau	Prbg.g_01063	Prau.g_00943
OG0001251	Pras	Prbg.g_01063	Pras.g_01789
OG0001251	Prag	Prbg.g_01063	Prag.g_00893
OG0001251	Praw	Prbg.g_01063	Praw.g_01610
OG0001251	Syac	Prbg.g_01063	Syac.g_02415
OG0001251	Syah	Prbg.g_01063	Syah.g_00448
OG0001251	Syab	Prbg.g_01063	Syab.g_01816
OG0001251	Syal	Prbg.g_01063	Syal.g_02576
OG0001251	Syad	Prbg.g_01063	Syad.g_00083
OG0001251	Syaj	Prbg.g_01063	Syaj.g_02187
OG0001251	Syaf	Prbg.g_01063	Syaf.g_00588
OG0001251	Syaa	Prbg.g_01063	Syaa.g_02667
OG0001251	Syae	Prbg.g_01063	Syae.g_01632
OG0001251	Syak	Prbg.g_01063	Syak.g_01875
OG0001251	Syam	Prbg.g_01063	Syam.g_02365
OG0001251	Syai	Prbg.g_01063	Syai.g_02845
OG0001251	Syag	Prbg.g_01063	Syag.g_00472
OG0001251	Syaq	Prbg.g_01063	Syaq.g_02135
OG0001251	Syao	Prbg.g_01063	Syao.g_00641
OG0001251	Syan	Prbg.g_01063	Syan.g_00490
OG0001251	Syat	Prbg.g_01063	Syat.g_00963, Syat.g_00621
OG0001251	Syap	Prbg.g_01063	Syap.g_01549, Syap.g_01727
OG0001251	Syas	Prbg.g_01063	Syas.g_00516, Syas.g_00408
OG0001251	Syar	Prbg.g_01063	Syar.g_02575
OG0001251	Prat	Prbg.g_01063	Prat.g_00695
OG0001251	Pral	Prbg.g_01063	Pral.g_01819
OG0001251	Prbm	Prbg.g_01063	Prbm.g_01937
OG0001251	Prbb	Prbg.g_01063	Prbb.g_01913
OG0001251	Praj	Prbg.g_01063	Praj.g_01858
OG0001251	Prbc	Prbg.g_01063	Prbc.g_00923
OG0001251	Pram	Prbg.g_01063	Pram.g_00714
OG0001251	Prbh	Prbg.g_01063	Prbh.g_00858
OG0001251	Prak	Prbg.g_01063	Prak.g_00749
OG0001251	Prap	Prbg.g_01063	Prap.g_00659
OG0001251	Prbe	Prbg.g_01063	Prbe.g_00106
OG0001251	Prbf	Prbg.g_01063	Prbf.g_00837
OG0001251	Prbn	Prbg.g_01063	Prbn.g_01929
OG0001252	Prab	Prbg.g_01243	Prab.g_00938
OG0001252	Pran	Prbg.g_01243	Pran.g_00559
OG0001252	Prai	Prbg.g_01243	Prai.g_00927
OG0001252	Prav	Prbg.g_01243	Prav.g_00924
OG0001252	Pray	Prbg.g_01243	Pray.g_00575
OG0001252	Praz	Prbg.g_01243	Praz.g_01285
OG0001252	Prba	Prbg.g_01243	Prba.g_01273
OG0001252	Prax	Prbg.g_01243	Prax.g_01195
OG0001252	Praa	Prbg.g_01243	Praa.g_01030
OG0001252	Prae	Prbg.g_01243	Prae.g_01031
OG0001252	Prbd	Prbg.g_01243	Prbd.g_00331
OG0001252	Prbi	Prbg.g_01243	Prbi.g_01077
OG0001252	Prao	Prbg.g_01243	Prao.g_00965
OG0001252	Pras	Prbg.g_01243	Pras.g_01925
OG0001252	Prau	Prbg.g_01243	Prau.g_01080
OG0001252	Prac	Prbg.g_01243	Prac.g_01265
OG0001252	Praq	Prbg.g_01243	Praq.g_01610
OG0001252	Prar	Prbg.g_01243	Prar.g_01895
OG0001252	Prag	Prbg.g_01243	Prag.g_01027
OG0001252	Praw	Prbg.g_01243	Praw.g_01476
OG0001252	Prad	Prbg.g_01243	Prad.g_01027
OG0001252	Prbb	Prbg.g_01243	Prbb.g_01061
OG0001252	Praj	Prbg.g_01243	Praj.g_01015
OG0001252	Prbc	Prbg.g_01243	Prbc.g_02104
OG0001252	Prbm	Prbg.g_01243	Prbm.g_01055
OG0001252	Pram	Prbg.g_01243	Pram.g_00897
OG0001252	Prbh	Prbg.g_01243	Prbh.g_01040
OG0001252	Syat	Prbg.g_01243	Syat.g_00787
OG0001252	Syao	Prbg.g_01243	Syao.g_00507
OG0001252	Syas	Prbg.g_01243	Syas.g_00994
OG0001252	Syar	Prbg.g_01243	Syar.g_01372
OG0001252	Syan	Prbg.g_01243	Syan.g_00304
OG0001252	Syaf	Prbg.g_01243	Syaf.g_01412
OG0001252	Syai	Prbg.g_01243	Syai.g_02018
OG0001252	Syam	Prbg.g_01243	Syam.g_00763
OG0001252	Syaj	Prbg.g_01243	Syaj.g_00416
OG0001252	Syad	Prbg.g_01243	Syad.g_01279
OG0001252	Syae	Prbg.g_01243	Syae.g_00804
OG0001252	Syaa	Prbg.g_01243	Syaa.g_00867
OG0001252	Syac	Prbg.g_01243	Syac.g_00874
OG0001252	Syah	Prbg.g_01243	Syah.g_02041
OG0001252	Prah	Prbg.g_01243	Prah.g_00906
OG0001252	Syag	Prbg.g_01243	Syag.g_00960
OG0001252	Praf	Prbg.g_01243	Praf.g_01284
OG0001252	Prbj	Prbg.g_01243	Prbj.g_01847
OG0001252	Prbk	Prbg.g_01243	Prbk.g_00065
OG0001252	Prbl	Prbg.g_01243	Prbl.g_00936
OG0001252	Syab	Prbg.g_01243	Syab.g_01228
OG0001252	Syal	Prbg.g_01243	Syal.g_01834
OG0001252	Syaq	Prbg.g_01243	Syaq.g_02690
OG0001252	Syak	Prbg.g_01243	Syak.g_00754
OG0001252	Prak	Prbg.g_01243	Prak.g_00929
OG0001252	Prap	Prbg.g_01243	Prap.g_00699
OG0001252	Prbe	Prbg.g_01243	Prbe.g_01306
OG0001252	Prbf	Prbg.g_01243	Prbf.g_01161
OG0001252	Prbn	Prbg.g_01243	Prbn.g_01462
OG0001253	Prab	Prbg.g_00361	Prab.g_01139
OG0001253	Pran	Prbg.g_00361	Pran.g_00140
OG0001253	Prai	Prbg.g_00361	Prai.g_01102
OG0001253	Prac	Prbg.g_00361	Prac.g_01212
OG0001253	Praq	Prbg.g_00361	Praq.g_01662
OG0001253	Prar	Prbg.g_00361	Prar.g_01948
OG0001253	Prad	Prbg.g_00361	Prad.g_00977
OG0001253	Praa	Prbg.g_00361	Praa.g_01084
OG0001253	Prax	Prbg.g_00361	Prax.g_01249
OG0001253	Prbd	Prbg.g_00361	Prbd.g_00384
OG0001253	Prao	Prbg.g_00361	Prao.g_01020
OG0001253	Pras	Prbg.g_00361	Pras.g_01977
OG0001253	Prau	Prbg.g_00361	Prau.g_01131
OG0001253	Prag	Prbg.g_00361	Prag.g_01080
OG0001253	Praw	Prbg.g_00361	Praw.g_01423
OG0001253	Prav	Prbg.g_00361	Prav.g_00256
OG0001253	Prae	Prbg.g_00361	Prae.g_01085
OG0001253	Prbi	Prbg.g_00361	Prbi.g_01131
OG0001253	Pray	Prbg.g_00361	Pray.g_00627
OG0001253	Praz	Prbg.g_00361	Praz.g_00109
OG0001253	Prba	Prbg.g_00361	Prba.g_01221
OG0001253	Prbj	Prbg.g_00361	Prbj.g_00696
OG0001253	Prbk	Prbg.g_00361	Prbk.g_01700
OG0001253	Prbl	Prbg.g_00361	Prbl.g_01686
OG0001253	Praf	Prbg.g_00361	Praf.g_01008
OG0001253	Prah	Prbg.g_00361	Prah.g_01176
OG0001253	Syas	Prbg.g_00361	Syas.g_00143
OG0001253	Syan	Prbg.g_00361	Syan.g_00099
OG0001253	Syao	Prbg.g_00361	Syao.g_01220
OG0001253	Syar	Prbg.g_00361	Syar.g_02015
OG0001253	Syap	Prbg.g_00361	Syap.g_01969
OG0001253	Syaq	Prbg.g_00361	Syaq.g_01918
OG0001253	Syak	Prbg.g_00361	Syak.g_00250
OG0001253	Syab	Prbg.g_00361	Syab.g_01761
OG0001253	Syal	Prbg.g_00361	Syal.g_02521
OG0001253	Syad	Prbg.g_00361	Syad.g_02037
OG0001253	Syaj	Prbg.g_00361	Syaj.g_01165
OG0001253	Syae	Prbg.g_00361	Syae.g_00243
OG0001253	Syac	Prbg.g_00361	Syac.g_01063
OG0001253	Syah	Prbg.g_00361	Syah.g_01849
OG0001253	Syaa	Prbg.g_00361	Syaa.g_01467
OG0001253	Syam	Prbg.g_00361	Syam.g_01021
OG0001253	Syag	Prbg.g_00361	Syag.g_00094
OG0001253	Prbc	Prbg.g_00361	Prbc.g_00804
OG0001253	Prbb	Prbg.g_00361	Prbb.g_01783
OG0001253	Praj	Prbg.g_00361	Praj.g_01728
OG0001253	Prbm	Prbg.g_00361	Prbm.g_01806
OG0001253	Pral	Prbg.g_00361	Pral.g_01032
OG0001253	Pram	Prbg.g_00361	Pram.g_00579
OG0001253	Prbh	Prbg.g_00361	Prbh.g_01442
OG0001253	Prat	Prbg.g_00361	Prat.g_01480
OG0001253	Prak	Prbg.g_00361	Prak.g_00603
OG0001253	Prap	Prbg.g_00361	Prap.g_01126
OG0001253	Prbe	Prbg.g_00361	Prbe.g_00492
OG0001253	Prbf	Prbg.g_00361	Prbf.g_01924
OG0001253	Prbn	Prbg.g_00361	Prbn.g_00473
OG0001254	Prab	Prbg.g_00751	Prab.g_01188
OG0001254	Pran	Prbg.g_00751	Pran.g_00091
OG0001254	Prai	Prbg.g_00751	Prai.g_01145
OG0001254	Pray	Prbg.g_00751	Pray.g_00095
OG0001254	Praz	Prbg.g_00751	Praz.g_00023
OG0001254	Prba	Prbg.g_00751	Prba.g_00095
OG0001254	Praa	Prbg.g_00751	Praa.g_01129
OG0001254	Prav	Prbg.g_00751	Prav.g_00035
OG0001254	Prbd	Prbg.g_00751	Prbd.g_00429
OG0001254	Prad	Prbg.g_00751	Prad.g_01987
OG0001254	Pras	Prbg.g_00751	Pras.g_00025
OG0001254	Prac	Prbg.g_00751	Prac.g_01016
OG0001254	Praq	Prbg.g_00751	Praq.g_01302
OG0001254	Prar	Prbg.g_00751	Prar.g_01294
OG0001254	Prao	Prbg.g_00751	Prao.g_01120
OG0001254	Prau	Prbg.g_00751	Prau.g_01176
OG0001254	Prbi	Prbg.g_00751	Prbi.g_01176
OG0001254	Prag	Prbg.g_00751	Prag.g_01122
OG0001254	Praw	Prbg.g_00751	Praw.g_00203
OG0001254	Prae	Prbg.g_00751	Prae.g_01132
OG0001254	Prax	Prbg.g_00751	Prax.g_00163
OG0001254	Praj	Prbg.g_00751	Praj.g_01834
OG0001254	Prbc	Prbg.g_00751	Prbc.g_00898
OG0001254	Prbm	Prbg.g_00751	Prbm.g_01912
OG0001254	Prbb	Prbg.g_00751	Prbb.g_01889
OG0001254	Pral	Prbg.g_00751	Pral.g_00076
OG0001254	Prat	Prbg.g_00751	Prat.g_01559
OG0001254	Syai	Prbg.g_00751	Syai.g_01744
OG0001254	Syad	Prbg.g_00751	Syad.g_01528
OG0001254	Syaj	Prbg.g_00751	Syaj.g_00646
OG0001254	Syae	Prbg.g_00751	Syae.g_00637
OG0001254	Syac	Prbg.g_00751	Syac.g_01465
OG0001254	Syah	Prbg.g_00751	Syah.g_01438
OG0001254	Syaf	Prbg.g_00751	Syaf.g_01617
OG0001254	Syam	Prbg.g_00751	Syam.g_00916
OG0001254	Prbj	Prbg.g_00751	Prbj.g_01991
OG0001254	Prbk	Prbg.g_00751	Prbk.g_02196
OG0001254	Prbl	Prbg.g_00751	Prbl.g_02203
OG0001254	Praf	Prbg.g_00751	Praf.g_02691
OG0001254	Prah	Prbg.g_00751	Prah.g_02525
OG0001254	Syaa	Prbg.g_00751	Syaa.g_01029
OG0001254	Syag	Prbg.g_00751	Syag.g_02165
OG0001254	Syar	Prbg.g_00751	Syar.g_02233
OG0001254	Syan	Prbg.g_00751	Syan.g_01148
OG0001254	Syao	Prbg.g_00751	Syao.g_01426
OG0001254	Syaq	Prbg.g_00751	Syaq.g_02214
OG0001254	Syak	Prbg.g_00751	Syak.g_00272
OG0001254	Syab	Prbg.g_00751	Syab.g_01749
OG0001254	Syal	Prbg.g_00751	Syal.g_02507
OG0001254	Pram	Prbg.g_00751	Pram.g_01548
OG0001254	Prbh	Prbg.g_00751	Prbh.g_01866
OG0001254	Prak	Prbg.g_00751	Prak.g_01552
OG0001254	Prap	Prbg.g_00751	Prap.g_01881
OG0001254	Prbe	Prbg.g_00751	Prbe.g_00043
OG0001254	Prbf	Prbg.g_00751	Prbf.g_00786
OG0001254	Prbn	Prbg.g_00751	Prbn.g_01652
OG0001255	Prab	Prbg.g_01504	Prab.g_01203
OG0001255	Pran	Prbg.g_01504	Pran.g_00076
OG0001255	Prai	Prbg.g_01504	Prai.g_01156
OG0001255	Prav	Prbg.g_01504	Prav.g_00049
OG0001255	Prac	Prbg.g_01504	Prac.g_01001
OG0001255	Praq	Prbg.g_01504	Praq.g_01317
OG0001255	Prar	Prbg.g_01504	Prar.g_01279
OG0001255	Prag	Prbg.g_01504	Prag.g_01137
OG0001255	Praw	Prbg.g_01504	Praw.g_00218
OG0001255	Pras	Prbg.g_01504	Pras.g_00040
OG0001255	Prau	Prbg.g_01504	Prau.g_01191
OG0001255	Prad	Prbg.g_01504	Prad.g_01512
OG0001255	Prao	Prbg.g_01504	Prao.g_01105
OG0001255	Praz	Prbg.g_01504	Praz.g_00008
OG0001255	Prba	Prbg.g_01504	Prba.g_00080
OG0001255	Prax	Prbg.g_01504	Prax.g_00184
OG0001255	Pray	Prbg.g_01504	Pray.g_00080
OG0001255	Prbi	Prbg.g_01504	Prbi.g_01191
OG0001255	Praa	Prbg.g_01504	Praa.g_01144
OG0001255	Prae	Prbg.g_01504	Prae.g_01147
OG0001255	Prbd	Prbg.g_01504	Prbd.g_00452
OG0001255	Prbm	Prbg.g_01504	Prbm.g_01566
OG0001255	Prbb	Prbg.g_01504	Prbb.g_01534
OG0001255	Praj	Prbg.g_01504	Praj.g_01477
OG0001255	Prbc	Prbg.g_01504	Prbc.g_01463
OG0001255	Prat	Prbg.g_01504	Prat.g_01172
OG0001255	Prbj	Prbg.g_01504	Prbj.g_00769
OG0001255	Prbk	Prbg.g_01504	Prbk.g_01776
OG0001255	Prbl	Prbg.g_01504	Prbl.g_00036
OG0001255	Praf	Prbg.g_01504	Praf.g_01134
OG0001255	Prah	Prbg.g_01504	Prah.g_01037
OG0001255	Syap	Prbg.g_01504	Syap.g_02523
OG0001255	Syas	Prbg.g_01504	Syas.g_00492
OG0001255	Syat	Prbg.g_01504	Syat.g_00843
OG0001255	Syar	Prbg.g_01504	Syar.g_01746
OG0001255	Syak	Prbg.g_01504	Syak.g_00066
OG0001255	Syaq	Prbg.g_01504	Syaq.g_02111
OG0001255	Syab	Prbg.g_01504	Syab.g_01846
OG0001255	Syal	Prbg.g_01504	Syal.g_02609
OG0001255	Syag	Prbg.g_01504	Syag.g_00440
OG0001255	Syae	Prbg.g_01504	Syae.g_00667
OG0001255	Syac	Prbg.g_01504	Syac.g_01957
OG0001255	Syah	Prbg.g_01504	Syah.g_00919
OG0001255	Syao	Prbg.g_01504	Syao.g_00920
OG0001255	Syai	Prbg.g_01504	Syai.g_01915
OG0001255	Syam	Prbg.g_01504	Syam.g_01056
OG0001255	Syaa	Prbg.g_01504	Syaa.g_01696
OG0001255	Syad	Prbg.g_01504	Syad.g_02224
OG0001255	Syaf	Prbg.g_01504	Syaf.g_01070
OG0001255	Pram	Prbg.g_01504	Pram.g_01157
OG0001255	Prbh	Prbg.g_01504	Prbh.g_01300
OG0001255	Prak	Prbg.g_01504	Prak.g_01190
OG0001255	Prap	Prbg.g_01504	Prap.g_00474
OG0001255	Prbe	Prbg.g_01504	Prbe.g_01567
OG0001255	Prbf	Prbg.g_01504	Prbf.g_00900
OG0001255	Prbn	Prbg.g_01504	Prbn.g_01171
OG0001256	Prab	Prbg.g_00680	Prab.g_01558
OG0001256	Pran	Prbg.g_00680	Pran.g_00641
OG0001256	Prai	Prbg.g_00680	Prai.g_01553
OG0001256	Prag	Prbg.g_00680	Prag.g_01578
OG0001256	Praw	Prbg.g_00680	Praw.g_00425
OG0001256	Prav	Prbg.g_00680	Prav.g_01666
OG0001256	Prac	Prbg.g_00680	Prac.g_00322
OG0001256	Praq	Prbg.g_00680	Praq.g_00384
OG0001256	Prar	Prbg.g_00680	Prar.g_00758
OG0001256	Pras	Prbg.g_00680	Pras.g_00443
OG0001256	Prau	Prbg.g_00680	Prau.g_01621
OG0001256	Prad	Prbg.g_00680	Prad.g_00424
OG0001256	Prbi	Prbg.g_00680	Prbi.g_01680
OG0001256	Prae	Prbg.g_00680	Prae.g_01549
OG0001256	Prbd	Prbg.g_00680	Prbd.g_01598
OG0001256	Prao	Prbg.g_00680	Prao.g_01486
OG0001256	Prax	Prbg.g_00680	Prax.g_01638
OG0001256	Praa	Prbg.g_00680	Praa.g_01567
OG0001256	Pray	Prbg.g_00680	Pray.g_01632
OG0001256	Praz	Prbg.g_00680	Praz.g_00951
OG0001256	Prba	Prbg.g_00680	Prba.g_00298
OG0001256	Prbm	Prbg.g_00680	Prbm.g_01797
OG0001256	Prbb	Prbg.g_00680	Prbb.g_01774
OG0001256	Praj	Prbg.g_00680	Praj.g_01719
OG0001256	Prbc	Prbg.g_00680	Prbc.g_00795
OG0001256	Pral	Prbg.g_00680	Pral.g_01069
OG0001256	Prat	Prbg.g_00680	Prat.g_01446
OG0001256	Praf	Prbg.g_00680	Praf.g_00497
OG0001256	Prah	Prbg.g_00680	Prah.g_01658
OG0001256	Syab	Prbg.g_00680	Syab.g_02238
OG0001256	Syal	Prbg.g_00680	Syal.g_00571
OG0001256	Syag	Prbg.g_00680	Syag.g_01673
OG0001256	Syak	Prbg.g_00680	Syak.g_02430
OG0001256	Syaq	Prbg.g_00680	Syaq.g_01686
OG0001256	Syar	Prbg.g_00680	Syar.g_02915
OG0001256	Syap	Prbg.g_00680	Syap.g_01225
OG0001256	Syas	Prbg.g_00680	Syas.g_02698
OG0001256	Syat	Prbg.g_00680	Syat.g_03111
OG0001256	Syan	Prbg.g_00680	Syan.g_01384
OG0001256	Syao	Prbg.g_00680	Syao.g_01572
OG0001256	Syai	Prbg.g_00680	Syai.g_02362
OG0001256	Syaf	Prbg.g_00680	Syaf.g_01051
OG0001256	Syam	Prbg.g_00680	Syam.g_01976
OG0001256	Syac	Prbg.g_00680	Syac.g_00563
OG0001256	Syah	Prbg.g_00680	Syah.g_02369
OG0001256	Syae	Prbg.g_00680	Syae.g_01149
OG0001256	Syad	Prbg.g_00680	Syad.g_02609
OG0001256	Syaj	Prbg.g_00680	Syaj.g_01704
OG0001256	Syaa	Prbg.g_00680	Syaa.g_00567
OG0001256	Pram	Prbg.g_00680	Pram.g_01289
OG0001256	Prbh	Prbg.g_00680	Prbh.g_00188
OG0001256	Prak	Prbg.g_00680	Prak.g_01480
OG0001256	Prap	Prbg.g_00680	Prap.g_00210
OG0001256	Prbe	Prbg.g_00680	Prbe.g_00222
OG0001256	Prbf	Prbg.g_00680	Prbf.g_00246
OG0001256	Prbn	Prbg.g_00680	Prbn.g_00893
OG0001258	Prab	Prbg.g_01646	Prab.g_01666
OG0001258	Pran	Prbg.g_01646	Pran.g_00967
OG0001258	Prai	Prbg.g_01646	Prai.g_01635
OG0001258	Prac	Prbg.g_01646	Prac.g_00628
OG0001258	Prar	Prbg.g_01646	Prar.g_01146
OG0001258	Prag	Prbg.g_01646	Prag.g_01666
OG0001258	Praw	Prbg.g_01646	Praw.g_00512
OG0001258	Prav	Prbg.g_01646	Prav.g_01758
OG0001258	Pray	Prbg.g_01646	Pray.g_01562
OG0001258	Praz	Prbg.g_01646	Praz.g_00880
OG0001258	Prba	Prbg.g_01646	Prba.g_00229
OG0001258	Prad	Prbg.g_01646	Prad.g_00944
OG0001258	Praa	Prbg.g_01646	Praa.g_01632
OG0001258	Pras	Prbg.g_01646	Pras.g_00547
OG0001258	Prau	Prbg.g_01646	Prau.g_01729
OG0001258	Prbi	Prbg.g_01646	Prbi.g_01784
OG0001258	Prbd	Prbg.g_01646	Prbd.g_01528
OG0001258	Prae	Prbg.g_01646	Prae.g_01620
OG0001258	Prax	Prbg.g_01646	Prax.g_01562
OG0001258	Prao	Prbg.g_01646	Prao.g_01549
OG0001258	Prbb	Prbg.g_01646	Prbb.g_01820
OG0001258	Prbm	Prbg.g_01646	Prbm.g_01838
OG0001258	Praf	Prbg.g_01646	Praf.g_00486
OG0001258	Prbj	Prbg.g_01646	Prbj.g_00864
OG0001258	Prbk	Prbg.g_01646	Prbk.g_00914
OG0001258	Prbl	Prbg.g_01646	Prbl.g_00400
OG0001258	Prah	Prbg.g_01646	Prah.g_01671
OG0001258	Syac	Prbg.g_01646	Syac.g_00553
OG0001258	Syah	Prbg.g_01646	Syah.g_02379
OG0001258	Syaf	Prbg.g_01646	Syaf.g_01041
OG0001258	Syai	Prbg.g_01646	Syai.g_02372
OG0001258	Syam	Prbg.g_01646	Syam.g_01986
OG0001258	Syae	Prbg.g_01646	Syae.g_01159
OG0001258	Syaa	Prbg.g_01646	Syaa.g_00557
OG0001258	Syad	Prbg.g_01646	Syad.g_02619
OG0001258	Syaj	Prbg.g_01646	Syaj.g_01714
OG0001258	Syar	Prbg.g_01646	Syar.g_02925
OG0001258	Syat	Prbg.g_01646	Syat.g_03119
OG0001258	Syas	Prbg.g_01646	Syas.g_02688
OG0001258	Syap	Prbg.g_01646	Syap.g_00617
OG0001258	Syan	Prbg.g_01646	Syan.g_01395
OG0001258	Syao	Prbg.g_01646	Syao.g_01561
OG0001258	Syag	Prbg.g_01646	Syag.g_01683
OG0001258	Syak	Prbg.g_01646	Syak.g_02420
OG0001258	Syab	Prbg.g_01646	Syab.g_02250
OG0001258	Syal	Prbg.g_01646	Syal.g_00582
OG0001258	Syaq	Prbg.g_01646	Syaq.g_01676
OG0001258	Pral	Prbg.g_01646	Pral.g_00103
OG0001258	Prat	Prbg.g_01646	Prat.g_01588
OG0001258	Pram	Prbg.g_01646	Pram.g_01628
OG0001258	Prbh	Prbg.g_01646	Prbh.g_01786
OG0001258	Prak	Prbg.g_01646	Prak.g_01641
OG0001258	Prap	Prbg.g_01646	Prap.g_01783
OG0001258	Prbe	Prbg.g_01646	Prbe.g_00989
OG0001258	Prbf	Prbg.g_01646	Prbf.g_00697
OG0001258	Prbn	Prbg.g_01646	Prbn.g_01741
OG0001259	Prab	Prbg.g_01691	Prab.g_01710
OG0001259	Pran	Prbg.g_01691	Pran.g_01011
OG0001259	Prai	Prbg.g_01691	Prai.g_01679
OG0001259	Pray	Prbg.g_01691	Pray.g_01518
OG0001259	Praz	Prbg.g_01691	Praz.g_00836
OG0001259	Prba	Prbg.g_01691	Prba.g_00579
OG0001259	Prbi	Prbg.g_01691	Prbi.g_01828
OG0001259	Prad	Prbg.g_01691	Prad.g_00900
OG0001259	Pras	Prbg.g_01691	Pras.g_00591
OG0001259	Prau	Prbg.g_01691	Prau.g_01773
OG0001259	Prbd	Prbg.g_01691	Prbd.g_01484
OG0001259	Prac	Prbg.g_01691	Prac.g_00584
OG0001259	Praq	Prbg.g_01691	Praq.g_00456
OG0001259	Prar	Prbg.g_01691	Prar.g_00597
OG0001259	Prax	Prbg.g_01691	Prax.g_01518
OG0001259	Prav	Prbg.g_01691	Prav.g_01802
OG0001259	Prag	Prbg.g_01691	Prag.g_01710
OG0001259	Praw	Prbg.g_01691	Praw.g_00556
OG0001259	Prao	Prbg.g_01691	Prao.g_01593
OG0001259	Praa	Prbg.g_01691	Praa.g_01677
OG0001259	Prae	Prbg.g_01691	Prae.g_01664
OG0001259	Syae	Prbg.g_01691	Syae.g_01036
OG0001259	Syac	Prbg.g_01691	Syac.g_00662
OG0001259	Syah	Prbg.g_01691	Syah.g_02264
OG0001259	Syai	Prbg.g_01691	Syai.g_02259
OG0001259	Syam	Prbg.g_01691	Syam.g_01893
OG0001259	Syaf	Prbg.g_01691	Syaf.g_01177
OG0001259	Syaa	Prbg.g_01691	Syaa.g_00669
OG0001259	Syat	Prbg.g_01691	Syat.g_03014
OG0001259	Syan	Prbg.g_01691	Syan.g_01459
OG0001259	Syao	Prbg.g_01691	Syao.g_01645
OG0001259	Syas	Prbg.g_01691	Syas.g_02594
OG0001259	Syar	Prbg.g_01691	Syar.g_02986
OG0001259	Praf	Prbg.g_01691	Praf.g_00432
OG0001259	Prah	Prbg.g_01691	Prah.g_01730
OG0001259	Prbj	Prbg.g_01691	Prbj.g_00456
OG0001259	Prbk	Prbg.g_01691	Prbk.g_01412
OG0001259	Prbl	Prbg.g_01691	Prbl.g_00345
OG0001259	Syag	Prbg.g_01691	Syag.g_01743
OG0001259	Syaq	Prbg.g_01691	Syaq.g_01619
OG0001259	Syak	Prbg.g_01691	Syak.g_02361
OG0001259	Syab	Prbg.g_01691	Syab.g_02327
OG0001259	Syal	Prbg.g_01691	Syal.g_00643
OG0001259	Pral	Prbg.g_01691	Pral.g_00148
OG0001259	Prat	Prbg.g_01691	Prat.g_01633
OG0001259	Prbb	Prbg.g_01691	Prbb.g_01862
OG0001259	Praj	Prbg.g_01691	Praj.g_01807
OG0001259	Prbc	Prbg.g_01691	Prbc.g_00871
OG0001259	Prbm	Prbg.g_01691	Prbm.g_01880
OG0001259	Pram	Prbg.g_01691	Pram.g_01674
OG0001259	Prbh	Prbg.g_01691	Prbh.g_01740
OG0001259	Prak	Prbg.g_01691	Prak.g_01686
OG0001259	Prap	Prbg.g_01691	Prap.g_01737
OG0001259	Prbe	Prbg.g_01691	Prbe.g_00944
OG0001259	Prbf	Prbg.g_01691	Prbf.g_00652
OG0001259	Prbn	Prbg.g_01691	Prbn.g_01787
OG0001260	Pras	Prbg.g_01708	Pras.g_00608
OG0001260	Prau	Prbg.g_01708	Prau.g_01789
OG0001260	Prac	Prbg.g_01708	Prac.g_00568
OG0001260	Prar	Prbg.g_01708	Prar.g_00613
OG0001260	Praq	Prbg.g_01708	Praq.g_00440
OG0001260	Prab	Prbg.g_01708	Prab.g_01726
OG0001260	Pran	Prbg.g_01708	Pran.g_01027
OG0001260	Prai	Prbg.g_01708	Prai.g_01695
OG0001260	Prae	Prbg.g_01708	Prae.g_01680
OG0001260	Praa	Prbg.g_01708	Praa.g_01694
OG0001260	Prax	Prbg.g_01708	Prax.g_01501
OG0001260	Prbd	Prbg.g_01708	Prbd.g_01467
OG0001260	Prag	Prbg.g_01708	Prag.g_01727
OG0001260	Praw	Prbg.g_01708	Praw.g_00573
OG0001260	Prav	Prbg.g_01708	Prav.g_01819
OG0001260	Pray	Prbg.g_01708	Pray.g_01502
OG0001260	Praz	Prbg.g_01708	Praz.g_00820
OG0001260	Prba	Prbg.g_01708	Prba.g_00563
OG0001260	Prad	Prbg.g_01708	Prad.g_00883
OG0001260	Prao	Prbg.g_01708	Prao.g_01609
OG0001260	Prbi	Prbg.g_01708	Prbi.g_01844
OG0001260	Prbm	Prbg.g_01708	Prbm.g_01897
OG0001260	Praj	Prbg.g_01708	Praj.g_01824
OG0001260	Prbb	Prbg.g_01708	Prbb.g_01879
OG0001260	Prbc	Prbg.g_01708	Prbc.g_00888
OG0001260	Prat	Prbg.g_01708	Prat.g_01651
OG0001260	Pral	Prbg.g_01708	Pral.g_00166
OG0001260	Praf	Prbg.g_01708	Praf.g_00403
OG0001260	Prbj	Prbg.g_01708	Prbj.g_00426
OG0001260	Prbk	Prbg.g_01708	Prbk.g_01382
OG0001260	Prbl	Prbg.g_01708	Prbl.g_00315
OG0001260	Prah	Prbg.g_01708	Prah.g_01761
OG0001260	Syaa	Prbg.g_01708	Syaa.g_00642
OG0001260	Syap	Prbg.g_01708	Syap.g_01497
OG0001260	Syas	Prbg.g_01708	Syas.g_02572
OG0001260	Syan	Prbg.g_01708	Syan.g_01478
OG0001260	Syao	Prbg.g_01708	Syao.g_01623
OG0001260	Syaf	Prbg.g_01708	Syaf.g_01155
OG0001260	Syai	Prbg.g_01708	Syai.g_02281
OG0001260	Syam	Prbg.g_01708	Syam.g_01912
OG0001260	Syad	Prbg.g_01708	Syad.g_02514
OG0001260	Syaj	Prbg.g_01708	Syaj.g_01617
OG0001260	Syae	Prbg.g_01708	Syae.g_01058
OG0001260	Syac	Prbg.g_01708	Syac.g_00640
OG0001260	Syah	Prbg.g_01708	Syah.g_02286
OG0001260	Syaq	Prbg.g_01708	Syaq.g_01595
OG0001260	Syag	Prbg.g_01708	Syag.g_01763
OG0001260	Syar	Prbg.g_01708	Syar.g_03007
OG0001260	Syab	Prbg.g_01708	Syab.g_02350
OG0001260	Syal	Prbg.g_01708	Syal.g_00665
OG0001260	Syak	Prbg.g_01708	Syak.g_02332
OG0001260	Prak	Prbg.g_01708	Prak.g_01703
OG0001260	Prap	Prbg.g_01708	Prap.g_01720
OG0001260	Prbe	Prbg.g_01708	Prbe.g_00927
OG0001260	Prbf	Prbg.g_01708	Prbf.g_00635
OG0001260	Prbn	Prbg.g_01708	Prbn.g_01804
OG0001261	Prab	Prbg.g_01776	Prab.g_01794
OG0001261	Pran	Prbg.g_01776	Pran.g_01097
OG0001261	Prai	Prbg.g_01776	Prai.g_01769
OG0001261	Prac	Prbg.g_01776	Prac.g_00540
OG0001261	Praq	Prbg.g_01776	Praq.g_00887
OG0001261	Prar	Prbg.g_01776	Prar.g_01035
OG0001261	Prav	Prbg.g_01776	Prav.g_00624
OG0001261	Pray	Prbg.g_01776	Pray.g_01298
OG0001261	Praz	Prbg.g_01776	Praz.g_00271
OG0001261	Prba	Prbg.g_01776	Prba.g_00421
OG0001261	Pras	Prbg.g_01776	Pras.g_00679
OG0001261	Prau	Prbg.g_01776	Prau.g_01861
OG0001261	Prae	Prbg.g_01776	Prae.g_01750
OG0001261	Prbd	Prbg.g_01776	Prbd.g_01399
OG0001261	Prad	Prbg.g_01776	Prad.g_00815
OG0001261	Prao	Prbg.g_01776	Prao.g_01679
OG0001261	Praa	Prbg.g_01776	Praa.g_01767
OG0001261	Prax	Prbg.g_01776	Prax.g_01330
OG0001261	Prbi	Prbg.g_01776	Prbi.g_01930
OG0001261	Prag	Prbg.g_01776	Prag.g_01796
OG0001261	Praw	Prbg.g_01776	Praw.g_00104
OG0001261	Pral	Prbg.g_01776	Pral.g_00234
OG0001261	Prat	Prbg.g_01776	Prat.g_01717
OG0001261	Syag	Prbg.g_01776	Syag.g_02763
OG0001261	Syaq	Prbg.g_01776	Syaq.g_00617
OG0001261	Syas	Prbg.g_01776	Syas.g_01599
OG0001261	Syap	Prbg.g_01776	Syap.g_00482
OG0001261	Syat	Prbg.g_01776	Syat.g_01791
OG0001261	Syan	Prbg.g_01776	Syan.g_02209
OG0001261	Syao	Prbg.g_01776	Syao.g_01814
OG0001261	Syak	Prbg.g_01776	Syak.g_01315
OG0001261	Syab	Prbg.g_01776	Syab.g_00436
OG0001261	Syal	Prbg.g_01776	Syal.g_00265
OG0001261	Syaa	Prbg.g_01776	Syaa.g_02259
OG0001261	Syae	Prbg.g_01776	Syae.g_02115
OG0001261	Syad	Prbg.g_01776	Syad.g_00684
OG0001261	Syaj	Prbg.g_01776	Syaj.g_02728
OG0001261	Syam	Prbg.g_01776	Syam.g_00360
OG0001261	Syaf	Prbg.g_01776	Syaf.g_00103
OG0001261	Syai	Prbg.g_01776	Syai.g_00394
OG0001261	Praf	Prbg.g_01776	Praf.g_02128
OG0001261	Prah	Prbg.g_01776	Prah.g_02004
OG0001261	Prbj	Prbg.g_01776	Prbj.g_00990
OG0001261	Prbk	Prbg.g_01776	Prbk.g_00953
OG0001261	Prbl	Prbg.g_01776	Prbl.g_00991
OG0001261	Prbm	Prbg.g_01776	Prbm.g_02024
OG0001261	Prbc	Prbg.g_01776	Prbc.g_00293
OG0001261	Praj	Prbg.g_01776	Praj.g_01943
OG0001261	Prbb	Prbg.g_01776	Prbb.g_01992
OG0001261	Pram	Prbg.g_01776	Pram.g_01761
OG0001261	Prbh	Prbg.g_01776	Prbh.g_01653
OG0001261	Prak	Prbg.g_01776	Prak.g_01771
OG0001261	Prap	Prbg.g_01776	Prap.g_01652
OG0001261	Prbe	Prbg.g_01776	Prbe.g_00845
OG0001261	Prbf	Prbg.g_01776	Prbf.g_00567
OG0001261	Prbn	Prbg.g_01776	Prbn.g_01872
OG0001262	Prab	Prbg.g_01886	Prab.g_01897
OG0001262	Pran	Prbg.g_01886	Pran.g_01200
OG0001262	Prad	Prbg.g_01886	Prad.g_01593
OG0001262	Prae	Prbg.g_01886	Prae.g_01854
OG0001262	Pras	Prbg.g_01886	Pras.g_00784
OG0001262	Prbd	Prbg.g_01886	Prbd.g_01294
OG0001262	Prbi	Prbg.g_01886	Prbi.g_02046
OG0001262	Praa	Prbg.g_01886	Praa.g_01872
OG0001262	Prac	Prbg.g_01886	Prac.g_00079
OG0001262	Prai	Prbg.g_01886	Prai.g_01879
OG0001262	Prao	Prbg.g_01886	Prao.g_01783
OG0001262	Praq	Prbg.g_01886	Praq.g_00705
OG0001262	Prar	Prbg.g_01886	Prar.g_00691
OG0001262	Prau	Prbg.g_01886	Prau.g_01965
OG0001262	Pray	Prbg.g_01886	Pray.g_01404
OG0001262	Praz	Prbg.g_01886	Praz.g_00165
OG0001262	Prba	Prbg.g_01886	Prba.g_00808
OG0001262	Prax	Prbg.g_01886	Prax.g_01434
OG0001262	Prag	Prbg.g_01886	Prag.g_01900
OG0001262	Prav	Prbg.g_01886	Prav.g_00728
OG0001262	Praw	Prbg.g_01886	Praw.g_01193
OG0001262	Prbc	Prbg.g_01886	Prbc.g_00983
OG0001262	Prbm	Prbg.g_01886	Prbm.g_02162
OG0001262	Praj	Prbg.g_01886	Praj.g_02077
OG0001262	Prbb	Prbg.g_01886	Prbb.g_02117
OG0001262	Praf	Prbg.g_01886	Praf.g_00061
OG0001262	Prah	Prbg.g_01886	Prah.g_00060
OG0001262	Prbj	Prbg.g_01886	Prbj.g_01226
OG0001262	Prbk	Prbg.g_01886	Prbk.g_01595
OG0001262	Prbl	Prbg.g_01886	Prbl.g_01999
OG0001262	Syar	Prbg.g_01886	Syar.g_00527
OG0001262	Syan	Prbg.g_01886	Syan.g_01721
OG0001262	Syao	Prbg.g_01886	Syao.g_02213
OG0001262	Syap	Prbg.g_01886	Syap.g_00981
OG0001262	Syas	Prbg.g_01886	Syas.g_02091
OG0001262	Syat	Prbg.g_01886	Syat.g_02285
OG0001262	Syaj	Prbg.g_01886	Syaj.g_02320
OG0001262	Syad	Prbg.g_01886	Syad.g_00219
OG0001262	Syaa	Prbg.g_01886	Syaa.g_00059
OG0001262	Syae	Prbg.g_01886	Syae.g_01769
OG0001262	Syac	Prbg.g_01886	Syac.g_00056
OG0001262	Syah	Prbg.g_01886	Syah.g_00314
OG0001262	Syaf	Prbg.g_01886	Syaf.g_00439
OG0001262	Syai	Prbg.g_01886	Syai.g_00063
OG0001262	Syam	Prbg.g_01886	Syam.g_00056
OG0001262	Syab	Prbg.g_01886	Syab.g_00060
OG0001262	Syal	Prbg.g_01886	Syal.g_00154
OG0001262	Syag	Prbg.g_01886	Syag.g_02336
OG0001262	Syak	Prbg.g_01886	Syak.g_01734
OG0001262	Syaq	Prbg.g_01886	Syaq.g_01093
OG0001262	Pral	Prbg.g_01886	Pral.g_00344
OG0001262	Prat	Prbg.g_01886	Prat.g_01827
OG0001262	Pram	Prbg.g_01886	Pram.g_01872
OG0001262	Prbh	Prbg.g_01886	Prbh.g_01542
OG0001262	Prak	Prbg.g_01886	Prak.g_01881
OG0001262	Prbe	Prbg.g_01886	Prbe.g_01144
OG0001263	Pray	Prbg.g_00902	Pray.g_00161
OG0001263	Praz	Prbg.g_00902	Praz.g_00488
OG0001263	Prba	Prbg.g_00902	Prba.g_01916
OG0001263	Prbi	Prbg.g_00902	Prbi.g_00136
OG0001263	Prau	Prbg.g_00902	Prau.g_00129
OG0001263	Prao	Prbg.g_00902	Prao.g_00267
OG0001263	Pras	Prbg.g_00902	Pras.g_00979
OG0001263	Prbd	Prbg.g_00902	Prbd.g_01115
OG0001263	Prai	Prbg.g_00902	Prai.g_00128
OG0001263	Prae	Prbg.g_00902	Prae.g_00128
OG0001263	Prad	Prbg.g_00902	Prad.g_01865
OG0001263	Prax	Prbg.g_00902	Prax.g_01090
OG0001263	Prag	Prbg.g_00902	Prag.g_00121
OG0001263	Praw	Prbg.g_00902	Praw.g_01307
OG0001263	Prav	Prbg.g_00902	Prav.g_00193
OG0001263	Prac	Prbg.g_00902	Prac.g_01803
OG0001263	Praq	Prbg.g_00902	Praq.g_01875
OG0001263	Prar	Prbg.g_00902	Prar.g_00200
OG0001263	Praf	Prbg.g_00902	Praf.g_02404
OG0001263	Prbj	Prbg.g_00902	Prbj.g_01531
OG0001263	Prbk	Prbg.g_00902	Prbk.g_00543
OG0001263	Prbl	Prbg.g_00902	Prbl.g_00826
OG0001263	Prah	Prbg.g_00902	Prah.g_02253
OG0001263	Syar	Prbg.g_00902	Syar.g_00054
OG0001263	Syap	Prbg.g_00902	Syap.g_02216
OG0001263	Syas	Prbg.g_00902	Syas.g_02388
OG0001263	Syan	Prbg.g_00902	Syan.g_02286
OG0001263	Syao	Prbg.g_00902	Syao.g_02541
OG0001263	Syat	Prbg.g_00902	Syat.g_02926
OG0001263	Syad	Prbg.g_00902	Syad.g_02844
OG0001263	Syaj	Prbg.g_00902	Syaj.g_01929
OG0001263	Syaa	Prbg.g_00902	Syaa.g_02418
OG0001263	Syai	Prbg.g_00902	Syai.g_02576
OG0001263	Syaf	Prbg.g_00902	Syaf.g_00864
OG0001263	Syam	Prbg.g_00902	Syam.g_02159
OG0001263	Syae	Prbg.g_00902	Syae.g_01399
OG0001263	Syac	Prbg.g_00902	Syac.g_00360
OG0001263	Syah	Prbg.g_00902	Syah.g_00020
OG0001263	Syak	Prbg.g_00902	Syak.g_02157
OG0001263	Syab	Prbg.g_00902	Syab.g_02536
OG0001263	Syal	Prbg.g_00902	Syal.g_00856
OG0001263	Syaq	Prbg.g_00902	Syaq.g_01454
OG0001263	Syag	Prbg.g_00902	Syag.g_01923
OG0001263	Prbb	Prbg.g_00902	Prbb.g_00186
OG0001263	Praj	Prbg.g_00902	Praj.g_00169
OG0001263	Prbm	Prbg.g_00902	Prbm.g_00188
OG0001263	Prbc	Prbg.g_00902	Prbc.g_00442
OG0001263	Pral	Prbg.g_00902	Pral.g_00917
OG0001263	Prat	Prbg.g_00902	Prat.g_00127
OG0001263	Pram	Prbg.g_00902	Pram.g_00114
OG0001263	Prbh	Prbg.g_00902	Prbh.g_00653
OG0001263	Prak	Prbg.g_00902	Prak.g_00136
OG0001263	Prap	Prbg.g_00902	Prap.g_01046
OG0001263	Prbe	Prbg.g_00902	Prbe.g_01672
OG0001263	Prbf	Prbg.g_00902	Prbf.g_01458
OG0001263	Prbn	Prbg.g_00902	Prbn.g_01289
OG0001265	Prac	Prbg.g_00892	Prac.g_01813
OG0001265	Praq	Prbg.g_00892	Praq.g_01885
OG0001265	Prar	Prbg.g_00892	Prar.g_00210
OG0001265	Prad	Prbg.g_00892	Prad.g_01875
OG0001265	Pray	Prbg.g_00892	Pray.g_00171
OG0001265	Praz	Prbg.g_00892	Praz.g_00478
OG0001265	Prba	Prbg.g_00892	Prba.g_01906
OG0001265	Prax	Prbg.g_00892	Prax.g_01100
OG0001265	Pras	Prbg.g_00892	Pras.g_00969
OG0001265	Prau	Prbg.g_00892	Prau.g_00119
OG0001265	Prbd	Prbg.g_00892	Prbd.g_01125
OG0001265	Prbi	Prbg.g_00892	Prbi.g_00126
OG0001265	Praa	Prbg.g_00892	Praa.g_00118
OG0001265	Prae	Prbg.g_00892	Prae.g_00118
OG0001265	Prao	Prbg.g_00892	Prao.g_00257
OG0001265	Prag	Prbg.g_00892	Prag.g_00111
OG0001265	Praw	Prbg.g_00892	Praw.g_01317
OG0001265	Prav	Prbg.g_00892	Prav.g_00183
OG0001265	Prab	Prbg.g_00892	Prab.g_00109
OG0001265	Pran	Prbg.g_00892	Pran.g_00315
OG0001265	Prai	Prbg.g_00892	Prai.g_00118
OG0001265	Pral	Prbg.g_00892	Pral.g_00927
OG0001265	Prat	Prbg.g_00892	Prat.g_00117
OG0001265	Syag	Prbg.g_00892	Syag.g_01910
OG0001265	Syab	Prbg.g_00892	Syab.g_02523
OG0001265	Syal	Prbg.g_00892	Syal.g_00842
OG0001265	Syak	Prbg.g_00892	Syak.g_02170
OG0001265	Syaq	Prbg.g_00892	Syaq.g_01466
OG0001265	Syas	Prbg.g_00892	Syas.g_02399
OG0001265	Syap	Prbg.g_00892	Syap.g_02231
OG0001265	Syan	Prbg.g_00892	Syan.g_02299
OG0001265	Syao	Prbg.g_00892	Syao.g_02574
OG0001265	Syar	Prbg.g_00892	Syar.g_00041
OG0001265	Syat	Prbg.g_00892	Syat.g_02938
OG0001265	Prbj	Prbg.g_00892	Prbj.g_01558
OG0001265	Prbk	Prbg.g_00892	Prbk.g_00198
OG0001265	Prbl	Prbg.g_00892	Prbl.g_01324
OG0001265	Praf	Prbg.g_00892	Praf.g_00217
OG0001265	Prah	Prbg.g_00892	Prah.g_00187
OG0001265	Syac	Prbg.g_00892	Syac.g_00372
OG0001265	Syah	Prbg.g_00892	Syah.g_00009
OG0001265	Syae	Prbg.g_00892	Syae.g_01385
OG0001265	Syad	Prbg.g_00892	Syad.g_02825
OG0001265	Syaj	Prbg.g_00892	Syaj.g_01911
OG0001265	Syaa	Prbg.g_00892	Syaa.g_02405
OG0001265	Syai	Prbg.g_00892	Syai.g_02563
OG0001265	Syaf	Prbg.g_00892	Syaf.g_00876
OG0001265	Syam	Prbg.g_00892	Syam.g_02143
OG0001265	Pram	Prbg.g_00892	Pram.g_00104
OG0001265	Prbh	Prbg.g_00892	Prbh.g_00663
OG0001265	Prak	Prbg.g_00892	Prak.g_00126
OG0001265	Prap	Prbg.g_00892	Prap.g_01056
OG0001265	Prbe	Prbg.g_00892	Prbe.g_01662
OG0001265	Prbf	Prbg.g_00892	Prbf.g_01448
OG0001265	Prbn	Prbg.g_00892	Prbn.g_01299
OG0001266	Prai	Prbg.g_00982	Prai.g_00214
OG0001266	Prab	Prbg.g_00982	Prab.g_00194
OG0001266	Pran	Prbg.g_00982	Pran.g_00229
OG0001266	Prad	Prbg.g_00982	Prad.g_01788
OG0001266	Prav	Prbg.g_00982	Prav.g_00835
OG0001266	Prac	Prbg.g_00982	Prac.g_01727
OG0001266	Praq	Prbg.g_00982	Praq.g_01799
OG0001266	Prar	Prbg.g_00982	Prar.g_00124
OG0001266	Prao	Prbg.g_00982	Prao.g_00341
OG0001266	Prbd	Prbg.g_00982	Prbd.g_01037
OG0001266	Prau	Prbg.g_00982	Prau.g_00204
OG0001266	Pras	Prbg.g_00982	Pras.g_01054
OG0001266	Prax	Prbg.g_00982	Prax.g_01015
OG0001266	Praa	Prbg.g_00982	Praa.g_00203
OG0001266	Prbi	Prbg.g_00982	Prbi.g_00227
OG0001266	Prae	Prbg.g_00982	Prae.g_00206
OG0001266	Pray	Prbg.g_00982	Pray.g_00684
OG0001266	Praz	Prbg.g_00982	Praz.g_00563
OG0001266	Prba	Prbg.g_00982	Prba.g_00659
OG0001266	Prag	Prbg.g_00982	Prag.g_00196
OG0001266	Praw	Prbg.g_00982	Praw.g_01232
OG0001266	Pral	Prbg.g_00982	Pral.g_00841
OG0001266	Prat	Prbg.g_00982	Prat.g_00205
OG0001266	Syag	Prbg.g_00982	Syag.g_02036
OG0001266	Syaq	Prbg.g_00982	Syaq.g_01354
OG0001266	Syak	Prbg.g_00982	Syak.g_02057
OG0001266	Syab	Prbg.g_00982	Syab.g_02639
OG0001266	Syal	Prbg.g_00982	Syal.g_00960
OG0001266	Syad	Prbg.g_00982	Syad.g_02949
OG0001266	Syaj	Prbg.g_00982	Syaj.g_02036
OG0001266	Syaa	Prbg.g_00982	Syaa.g_02532
OG0001266	Syac	Prbg.g_00982	Syac.g_02289
OG0001266	Syah	Prbg.g_00982	Syah.g_00590
OG0001266	Syae	Prbg.g_00982	Syae.g_01498
OG0001266	Syaf	Prbg.g_00982	Syaf.g_00760
OG0001266	Syai	Prbg.g_00982	Syai.g_02679
OG0001266	Syam	Prbg.g_00982	Syam.g_02259
OG0001266	Prbj	Prbg.g_00982	Prbj.g_01168
OG0001266	Prbk	Prbg.g_00982	Prbk.g_01250
OG0001266	Prbl	Prbg.g_00982	Prbl.g_00099
OG0001266	Praf	Prbg.g_00982	Praf.g_02522
OG0001266	Prah	Prbg.g_00982	Prah.g_02363
OG0001266	Syar	Prbg.g_00982	Syar.g_00987
OG0001266	Syan	Prbg.g_00982	Syan.g_03088
OG0001266	Syao	Prbg.g_00982	Syao.g_02465
OG0001266	Syat	Prbg.g_00982	Syat.g_02808
OG0001266	Syap	Prbg.g_00982	Syap.g_01618
OG0001266	Syas	Prbg.g_00982	Syas.g_02266
OG0001266	Pram	Prbg.g_00982	Pram.g_00188
OG0001266	Prbh	Prbg.g_00982	Prbh.g_00579
OG0001266	Prak	Prbg.g_00982	Prak.g_00216
OG0001266	Prap	Prbg.g_00982	Prap.g_00966
OG0001266	Prbe	Prbg.g_00982	Prbe.g_01752
OG0001266	Prbf	Prbg.g_00982	Prbf.g_01538
OG0001266	Prbn	Prbg.g_00982	Prbn.g_00350
OG0001267	Prab	Prbg.g_00059	Prab.g_00268
OG0001267	Pran	Prbg.g_00059	Pran.g_01914
OG0001267	Prac	Prbg.g_00059	Prac.g_01651
OG0001267	Praq	Prbg.g_00059	Praq.g_01723
OG0001267	Prar	Prbg.g_00059	Prar.g_00307
OG0001267	Prax	Prbg.g_00059	Prax.g_00895
OG0001267	Prad	Prbg.g_00059	Prad.g_01711
OG0001267	Prbi	Prbg.g_00059	Prbi.g_00304
OG0001267	Praa	Prbg.g_00059	Praa.g_00280
OG0001267	Pray	Prbg.g_00059	Pray.g_00759
OG0001267	Praz	Prbg.g_00059	Praz.g_00638
OG0001267	Prba	Prbg.g_00059	Prba.g_00497
OG0001267	Prae	Prbg.g_00059	Prae.g_00281
OG0001267	Prbd	Prbg.g_00059	Prbd.g_00959
OG0001267	Prao	Prbg.g_00059	Prao.g_00417
OG0001267	Pras	Prbg.g_00059	Pras.g_01132
OG0001267	Prau	Prbg.g_00059	Prau.g_00282
OG0001267	Prag	Prbg.g_00059	Prag.g_00271
OG0001267	Praw	Prbg.g_00059	Praw.g_00854
OG0001267	Prav	Prbg.g_00059	Prav.g_01926
OG0001267	Prai	Prbg.g_00059	Prai.g_00293
OG0001267	Prbj	Prbg.g_00059	Prbj.g_01405
OG0001267	Prbk	Prbg.g_00059	Prbk.g_00417
OG0001267	Prbl	Prbg.g_00059	Prbl.g_01453
OG0001267	Prah	Prbg.g_00059	Prah.g_02134
OG0001267	Praf	Prbg.g_00059	Praf.g_02279
OG0001267	Syan	Prbg.g_00059	Syan.g_02023
OG0001267	Syao	Prbg.g_00059	Syao.g_02063
OG0001267	Syag	Prbg.g_00059	Syag.g_02598
OG0001267	Syaa	Prbg.g_00059	Syaa.g_00262
OG0001267	Syac	Prbg.g_00059	Syac.g_02253
OG0001267	Syah	Prbg.g_00059	Syah.g_00624
OG0001267	Syam	Prbg.g_00059	Syam.g_00230
OG0001267	Syaf	Prbg.g_00059	Syaf.g_00244
OG0001267	Syai	Prbg.g_00059	Syai.g_00259
OG0001267	Syap	Prbg.g_00059	Syap.g_01360
OG0001267	Syas	Prbg.g_00059	Syas.g_01753
OG0001267	Syar	Prbg.g_00059	Syar.g_00225
OG0001267	Syat	Prbg.g_00059	Syat.g_02060
OG0001267	Syad	Prbg.g_00059	Syad.g_00523
OG0001267	Syaj	Prbg.g_00059	Syaj.g_02565
OG0001267	Syak	Prbg.g_00059	Syak.g_01459
OG0001267	Syaq	Prbg.g_00059	Syaq.g_00763
OG0001267	Syae	Prbg.g_00059	Syae.g_01969
OG0001267	Syab	Prbg.g_00059	Syab.g_00295
OG0001267	Syal	Prbg.g_00059	Syal.g_01263
OG0001267	Pral	Prbg.g_00059	Pral.g_00759
OG0001267	Prat	Prbg.g_00059	Prat.g_00287
OG0001267	Pram	Prbg.g_00059	Pram.g_00268
OG0001267	Prbh	Prbg.g_00059	Prbh.g_00499
OG0001267	Prak	Prbg.g_00059	Prak.g_00298
OG0001267	Prap	Prbg.g_00059	Prap.g_01430
OG0001267	Prbe	Prbg.g_00059	Prbe.g_01834
OG0001267	Prbf	Prbg.g_00059	Prbf.g_01620
OG0001267	Prbn	Prbg.g_00059	Prbn.g_00047
OG0001268	Prad	Prbg.g_00122	Prad.g_01652
OG0001268	Pras	Prbg.g_00122	Pras.g_01192
OG0001268	Prau	Prbg.g_00122	Prau.g_00341
OG0001268	Prac	Prbg.g_00122	Prac.g_01195
OG0001268	Praq	Prbg.g_00122	Praq.g_01206
OG0001268	Prar	Prbg.g_00122	Prar.g_00399
OG0001268	Prao	Prbg.g_00122	Prao.g_00475
OG0001268	Prae	Prbg.g_00122	Prae.g_00339
OG0001268	Prav	Prbg.g_00122	Prav.g_01985
OG0001268	Prbi	Prbg.g_00122	Prbi.g_00363
OG0001268	Pray	Prbg.g_00122	Pray.g_00817
OG0001268	Praz	Prbg.g_00122	Praz.g_00341
OG0001268	Prba	Prbg.g_00122	Prba.g_00555
OG0001268	Praa	Prbg.g_00122	Praa.g_00339
OG0001268	Prax	Prbg.g_00122	Prax.g_00834
OG0001268	Prbd	Prbg.g_00122	Prbd.g_00900
OG0001268	Prag	Prbg.g_00122	Prag.g_00334
OG0001268	Praw	Prbg.g_00122	Praw.g_00791
OG0001268	Prab	Prbg.g_00122	Prab.g_00326
OG0001268	Pran	Prbg.g_00122	Pran.g_01856
OG0001268	Prai	Prbg.g_00122	Prai.g_00352
OG0001268	Pral	Prbg.g_00122	Pral.g_00693
OG0001268	Prat	Prbg.g_00122	Prat.g_00353
OG0001268	Syap	Prbg.g_00122	Syap.g_00563
OG0001268	Syas	Prbg.g_00122	Syas.g_01535
OG0001268	Syat	Prbg.g_00122	Syat.g_01608
OG0001268	Syai	Prbg.g_00122	Syai.g_00492
OG0001268	Syaf	Prbg.g_00122	Syaf.g_00017
OG0001268	Syam	Prbg.g_00122	Syam.g_00463
OG0001268	Syad	Prbg.g_00122	Syad.g_00767
OG0001268	Syaj	Prbg.g_00122	Syaj.g_02811
OG0001268	Syac	Prbg.g_00122	Syac.g_02014
OG0001268	Syah	Prbg.g_00122	Syah.g_00864
OG0001268	Syae	Prbg.g_00122	Syae.g_02198
OG0001268	Syaa	Prbg.g_00122	Syaa.g_02176
OG0001268	Syan	Prbg.g_00122	Syan.g_02138
OG0001268	Syao	Prbg.g_00122	Syao.g_01871
OG0001268	Syak	Prbg.g_00122	Syak.g_01240
OG0001268	Syab	Prbg.g_00122	Syab.g_00529
OG0001268	Syal	Prbg.g_00122	Syal.g_00353
OG0001268	Syag	Prbg.g_00122	Syag.g_02850
OG0001268	Syar	Prbg.g_00122	Syar.g_01124
OG0001268	Syaq	Prbg.g_00122	Syaq.g_00553
OG0001268	Prbj	Prbg.g_00122	Prbj.g_00335
OG0001268	Prbk	Prbg.g_00122	Prbk.g_00877
OG0001268	Prbl	Prbg.g_00122	Prbl.g_01207
OG0001268	Praf	Prbg.g_00122	Praf.g_02048
OG0001268	Prah	Prbg.g_00122	Prah.g_01934
OG0001268	Pram	Prbg.g_00122	Pram.g_00334
OG0001268	Prbh	Prbg.g_00122	Prbh.g_00433
OG0001268	Prak	Prbg.g_00122	Prak.g_00361
OG0001268	Prap	Prbg.g_00122	Prap.g_01367
OG0001268	Prbe	Prbg.g_00122	Prbe.g_01897
OG0001268	Prbf	Prbg.g_00122	Prbf.g_01683
OG0001268	Prbn	Prbg.g_00122	Prbn.g_00110
OG0001269	Prab	Prbg.g_01214	Prab.g_00347
OG0001269	Pran	Prbg.g_01214	Pran.g_01835
OG0001269	Prai	Prbg.g_01214	Prai.g_00372
OG0001269	Prac	Prbg.g_01214	Prac.g_01175
OG0001269	Praq	Prbg.g_01214	Praq.g_01185
OG0001269	Prar	Prbg.g_01214	Prar.g_00419
OG0001269	Prag	Prbg.g_01214	Prag.g_00353
OG0001269	Praw	Prbg.g_01214	Praw.g_00773
OG0001269	Prav	Prbg.g_01214	Prav.g_00978
OG0001269	Prau	Prbg.g_01214	Prau.g_00361
OG0001269	Prbi	Prbg.g_01214	Prbi.g_00383
OG0001269	Pras	Prbg.g_01214	Pras.g_01212
OG0001269	Praa	Prbg.g_01214	Praa.g_00358
OG0001269	Prax	Prbg.g_01214	Prax.g_00814
OG0001269	Prae	Prbg.g_01214	Prae.g_00358
OG0001269	Prao	Prbg.g_01214	Prao.g_00493
OG0001269	Prbd	Prbg.g_01214	Prbd.g_00880
OG0001269	Prad	Prbg.g_01214	Prad.g_00752
OG0001269	Pray	Prbg.g_01214	Pray.g_00837
OG0001269	Praz	Prbg.g_01214	Praz.g_00815
OG0001269	Prba	Prbg.g_01214	Prba.g_00853
OG0001269	Prbm	Prbg.g_01214	Prbm.g_00866
OG0001269	Prbb	Prbg.g_01214	Prbb.g_00836
OG0001269	Praj	Prbg.g_01214	Praj.g_00824
OG0001269	Prbc	Prbg.g_01214	Prbc.g_01912
OG0001269	Syaa	Prbg.g_01214	Syaa.g_01499
OG0001269	Syae	Prbg.g_01214	Syae.g_00225
OG0001269	Syal	Prbg.g_01214	Syal.g_02116, Syal.g_02567
OG0001269	Syak	Prbg.g_01214	Syak.g_02323
OG0001269	Syaf	Prbg.g_01214	Syaf.g_01653
OG0001269	Syai	Prbg.g_01214	Syai.g_01699
OG0001269	Syam	Prbg.g_01214	Syam.g_00956
OG0001269	Syas	Prbg.g_01214	Syas.g_00510
OG0001269	Syar	Prbg.g_01214	Syar.g_00688
OG0001269	Syaq	Prbg.g_01214	Syaq.g_01866
OG0001269	Syab	Prbg.g_01214	Syab.g_01809
OG0001269	Syag	Prbg.g_01214	Syag.g_00480
OG0001269	Praf	Prbg.g_01214	Praf.g_01616
OG0001269	Prbj	Prbg.g_01214	Prbj.g_02500
OG0001269	Prbk	Prbg.g_01214	Prbk.g_02556
OG0001269	Prbl	Prbg.g_01214	Prbl.g_01564
OG0001269	Prah	Prbg.g_01214	Prah.g_00579
OG0001269	Syat	Prbg.g_01214	Syat.g_02369
OG0001269	Syac	Prbg.g_01214	Syac.g_01960
OG0001269	Syah	Prbg.g_01214	Syah.g_00916
OG0001269	Pral	Prbg.g_01214	Pral.g_01541
OG0001269	Prat	Prbg.g_01214	Prat.g_00985
OG0001269	Pram	Prbg.g_01214	Pram.g_00864
OG0001269	Prbh	Prbg.g_01214	Prbh.g_01008
OG0001269	Prak	Prbg.g_01214	Prak.g_00900
OG0001269	Prap	Prbg.g_01214	Prap.g_00728
OG0001269	Prbe	Prbg.g_01214	Prbe.g_01277
OG0001269	Prbf	Prbg.g_01214	Prbf.g_01190
OG0001269	Prbn	Prbg.g_01214	Prbn.g_01491
OG0001270	Prai	Prbg.g_00154	Prai.g_00465
OG0001270	Prab	Prbg.g_00154	Prab.g_00437
OG0001270	Pran	Prbg.g_00154	Pran.g_01746
OG0001270	Prac	Prbg.g_00154	Prac.g_01113
OG0001270	Praq	Prbg.g_00154	Praq.g_01123
OG0001270	Prar	Prbg.g_00154	Prar.g_00482
OG0001270	Prao	Prbg.g_00154	Prao.g_00538
OG0001270	Praa	Prbg.g_00154	Praa.g_00434
OG0001270	Prbi	Prbg.g_00154	Prbi.g_00435
OG0001270	Prad	Prbg.g_00154	Prad.g_00668
OG0001270	Prax	Prbg.g_00154	Prax.g_00766
OG0001270	Prae	Prbg.g_00154	Prae.g_00408
OG0001270	Prbd	Prbg.g_00154	Prbd.g_00808
OG0001270	Pray	Prbg.g_00154	Pray.g_00924
OG0001270	Praz	Prbg.g_00154	Praz.g_01894
OG0001270	Prba	Prbg.g_00154	Prba.g_01027
OG0001270	Pras	Prbg.g_00154	Pras.g_01312
OG0001270	Prau	Prbg.g_00154	Prau.g_00475
OG0001270	Prag	Prbg.g_00154	Prag.g_00413
OG0001270	Praw	Prbg.g_00154	Praw.g_00713
OG0001270	Prav	Prbg.g_00154	Prav.g_01033
OG0001270	Pral	Prbg.g_00154	Pral.g_00660
OG0001270	Prat	Prbg.g_00154	Prat.g_00394
OG0001270	Syar	Prbg.g_00154	Syar.g_01175
OG0001270	Syas	Prbg.g_00154	Syas.g_01499
OG0001270	Syap	Prbg.g_00154	Syap.g_02056
OG0001270	Syan	Prbg.g_00154	Syan.g_02393
OG0001270	Syao	Prbg.g_00154	Syao.g_01733
OG0001270	Syat	Prbg.g_00154	Syat.g_02968
OG0001270	Syaf	Prbg.g_00154	Syaf.g_01210
OG0001270	Syai	Prbg.g_00154	Syai.g_02231
OG0001270	Syam	Prbg.g_00154	Syam.g_01871
OG0001270	Syae	Prbg.g_00154	Syae.g_00997
OG0001270	Syaa	Prbg.g_00154	Syaa.g_00701
OG0001270	Syac	Prbg.g_00154	Syac.g_00690
OG0001270	Syah	Prbg.g_00154	Syah.g_02238
OG0001270	Syad	Prbg.g_00154	Syad.g_02453
OG0001270	Syaj	Prbg.g_00154	Syaj.g_01558
OG0001270	Prah	Prbg.g_00154	Prah.g_00228
OG0001270	Praf	Prbg.g_00154	Praf.g_01991
OG0001270	Prbj	Prbg.g_00154	Prbj.g_00098
OG0001270	Prbk	Prbg.g_00154	Prbk.g_00330
OG0001270	Prbl	Prbg.g_00154	Prbl.g_00654
OG0001270	Syab	Prbg.g_00154	Syab.g_00579
OG0001270	Syal	Prbg.g_00154	Syal.g_00528
OG0001270	Syak	Prbg.g_00154	Syak.g_01194
OG0001270	Syag	Prbg.g_00154	Syag.g_00030
OG0001270	Syaq	Prbg.g_00154	Syaq.g_00504
OG0001270	Pram	Prbg.g_00154	Pram.g_00369
OG0001270	Prbh	Prbg.g_00154	Prbh.g_00398
OG0001270	Prak	Prbg.g_00154	Prak.g_00396
OG0001270	Prap	Prbg.g_00154	Prap.g_01332
OG0001270	Prbe	Prbg.g_00154	Prbe.g_01932
OG0001270	Prbf	Prbg.g_00154	Prbf.g_01718
OG0001270	Prbn	Prbg.g_00154	Prbn.g_00679
OG0001271	Prac	Prbg.g_00191	Prac.g_01072
OG0001271	Prar	Prbg.g_00191	Prar.g_00522
OG0001271	Praq	Prbg.g_00191	Praq.g_00523
OG0001271	Pras	Prbg.g_00191	Pras.g_01350
OG0001271	Prau	Prbg.g_00191	Prau.g_00513
OG0001271	Prao	Prbg.g_00191	Prao.g_00578
OG0001271	Prax	Prbg.g_00191	Prax.g_00730
OG0001271	Prag	Prbg.g_00191	Prag.g_00451
OG0001271	Praw	Prbg.g_00191	Praw.g_00675
OG0001271	Prbi	Prbg.g_00191	Prbi.g_00475
OG0001271	Pray	Prbg.g_00191	Pray.g_00962
OG0001271	Praz	Prbg.g_00191	Praz.g_01856
OG0001271	Prba	Prbg.g_00191	Prba.g_00989
OG0001271	Prbd	Prbg.g_00191	Prbd.g_00770
OG0001271	Praa	Prbg.g_00191	Praa.g_00472
OG0001271	Prae	Prbg.g_00191	Prae.g_00446
OG0001271	Prad	Prbg.g_00191	Prad.g_00035
OG0001271	Prav	Prbg.g_00191	Prav.g_01070
OG0001271	Prab	Prbg.g_00191	Prab.g_00476
OG0001271	Pran	Prbg.g_00191	Pran.g_01706
OG0001271	Prai	Prbg.g_00191	Prai.g_00502
OG0001271	Syar	Prbg.g_00191	Syar.g_01270
OG0001271	Syan	Prbg.g_00191	Syan.g_02849
OG0001271	Syao	Prbg.g_00191	Syao.g_02685
OG0001271	Syat	Prbg.g_00191	Syat.g_01374
OG0001271	Syap	Prbg.g_00191	Syap.g_02759
OG0001271	Syas	Prbg.g_00191	Syas.g_01336
OG0001271	Prbj	Prbg.g_00191	Prbj.g_00131
OG0001271	Prbk	Prbg.g_00191	Prbk.g_02110
OG0001271	Prbl	Prbg.g_00191	Prbl.g_01343
OG0001271	Praf	Prbg.g_00191	Praf.g_01910
OG0001271	Prah	Prbg.g_00191	Prah.g_00309
OG0001271	Syae	Prbg.g_00191	Syae.g_02527
OG0001271	Syad	Prbg.g_00191	Syad.g_02356
OG0001271	Syaj	Prbg.g_00191	Syaj.g_01447
OG0001271	Syaa	Prbg.g_00191	Syaa.g_01845
OG0001271	Syac	Prbg.g_00191	Syac.g_01703
OG0001271	Syah	Prbg.g_00191	Syah.g_01218
OG0001271	Syaf	Prbg.g_00191	Syaf.g_02501
OG0001271	Syai	Prbg.g_00191	Syai.g_00862
OG0001271	Syam	Prbg.g_00191	Syam.g_01671
OG0001271	Syag	Prbg.g_00191	Syag.g_01353
OG0001271	Syab	Prbg.g_00191	Syab.g_00694
OG0001271	Syal	Prbg.g_00191	Syal.g_00466
OG0001271	Syak	Prbg.g_00191	Syak.g_01121
OG0001271	Syaq	Prbg.g_00191	Syaq.g_00445
OG0001271	Pral	Prbg.g_00191	Pral.g_00620
OG0001271	Prat	Prbg.g_00191	Prat.g_00431
OG0001271	Pram	Prbg.g_00191	Pram.g_00408
OG0001271	Prbh	Prbg.g_00191	Prbh.g_00359
OG0001271	Prak	Prbg.g_00191	Prak.g_00433
OG0001271	Prap	Prbg.g_00191	Prap.g_01295
OG0001271	Prbe	Prbg.g_00191	Prbe.g_00661
OG0001271	Prbf	Prbg.g_00191	Prbf.g_01755
OG0001271	Prbn	Prbg.g_00191	Prbn.g_00642
OG0001272	Prab	Prbg.g_00205	Prab.g_00490
OG0001272	Pran	Prbg.g_00205	Pran.g_01692
OG0001272	Prai	Prbg.g_00205	Prai.g_00516
OG0001272	Prav	Prbg.g_00205	Prav.g_01084
OG0001272	Prag	Prbg.g_00205	Prag.g_00465
OG0001272	Praw	Prbg.g_00205	Praw.g_00662
OG0001272	Prac	Prbg.g_00205	Prac.g_01058
OG0001272	Praq	Prbg.g_00205	Praq.g_00537
OG0001272	Prar	Prbg.g_00205	Prar.g_00536
OG0001272	Pras	Prbg.g_00205	Pras.g_01364
OG0001272	Prau	Prbg.g_00205	Prau.g_00527
OG0001272	Prax	Prbg.g_00205	Prax.g_00716
OG0001272	Prad	Prbg.g_00205	Prad.g_00021
OG0001272	Prbd	Prbg.g_00205	Prbd.g_00756
OG0001272	Praa	Prbg.g_00205	Praa.g_00486
OG0001272	Prao	Prbg.g_00205	Prao.g_00592
OG0001272	Prae	Prbg.g_00205	Prae.g_00460
OG0001272	Pray	Prbg.g_00205	Pray.g_00976
OG0001272	Praz	Prbg.g_00205	Praz.g_01842
OG0001272	Prba	Prbg.g_00205	Prba.g_00975
OG0001272	Prbi	Prbg.g_00205	Prbi.g_00489
OG0001272	Pral	Prbg.g_00205	Pral.g_00605
OG0001272	Prat	Prbg.g_00205	Prat.g_00446
OG0001272	Syap	Prbg.g_00205	Syap.g_02250
OG0001272	Syar	Prbg.g_00205	Syar.g_01475
OG0001272	Syat	Prbg.g_00205	Syat.g_03176
OG0001272	Syas	Prbg.g_00205	Syas.g_01247
OG0001272	Syao	Prbg.g_00205	Syao.g_00120
OG0001272	Syan	Prbg.g_00205	Syan.g_02758
OG0001272	Prah	Prbg.g_00205	Prah.g_01560
OG0001272	Praf	Prbg.g_00205	Praf.g_00601
OG0001272	Prbj	Prbg.g_00205	Prbj.g_01624
OG0001272	Prbk	Prbg.g_00205	Prbk.g_02067
OG0001272	Prbl	Prbg.g_00205	Prbl.g_00517
OG0001272	Syad	Prbg.g_00205	Syad.g_00910
OG0001272	Syaj	Prbg.g_00205	Syaj.g_00078
OG0001272	Syae	Prbg.g_00205	Syae.g_02315
OG0001272	Syaa	Prbg.g_00205	Syaa.g_02045
OG0001272	Syac	Prbg.g_00205	Syac.g_01898
OG0001272	Syah	Prbg.g_00205	Syah.g_01003
OG0001272	Syai	Prbg.g_00205	Syai.g_00644
OG0001272	Syaf	Prbg.g_00205	Syaf.g_02715
OG0001272	Syam	Prbg.g_00205	Syam.g_00589
OG0001272	Syak	Prbg.g_00205	Syak.g_02580
OG0001272	Syab	Prbg.g_00205	Syab.g_02102
OG0001272	Syal	Prbg.g_00205	Syal.g_02903
OG0001272	Syag	Prbg.g_00205	Syag.g_01522
OG0001272	Syaq	Prbg.g_00205	Syaq.g_01778
OG0001272	Pram	Prbg.g_00205	Pram.g_00422
OG0001272	Prbh	Prbg.g_00205	Prbh.g_00345
OG0001272	Prak	Prbg.g_00205	Prak.g_00447
OG0001272	Prap	Prbg.g_00205	Prap.g_01281
OG0001272	Prbe	Prbg.g_00205	Prbe.g_00647
OG0001272	Prbf	Prbg.g_00205	Prbf.g_01769
OG0001272	Prbn	Prbg.g_00205	Prbn.g_00628
OG0001273	Prac	Prbg.g_01426	Prac.g_00740
OG0001273	Praq	Prbg.g_01426	Praq.g_00971
OG0001273	Prar	Prbg.g_01426	Prar.g_01461
OG0001273	Prag	Prbg.g_01426	Prag.g_00609
OG0001273	Praw	Prbg.g_01426	Praw.g_00167
OG0001273	Prav	Prbg.g_01426	Prav.g_01229
OG0001273	Praa	Prbg.g_01426	Praa.g_00631
OG0001273	Prau	Prbg.g_01426	Prau.g_00671
OG0001273	Pras	Prbg.g_01426	Pras.g_01507
OG0001273	Prab	Prbg.g_01426	Prab.g_00636
OG0001273	Pran	Prbg.g_01426	Pran.g_01547
OG0001273	Prai	Prbg.g_01426	Prai.g_00660
OG0001273	Prbi	Prbg.g_01426	Prbi.g_00634
OG0001273	Prae	Prbg.g_01426	Prae.g_00605
OG0001273	Prax	Prbg.g_01426	Prax.g_00090
OG0001273	Prao	Prbg.g_01426	Prao.g_00070
OG0001273	Prbd	Prbg.g_01426	Prbd.g_00613
OG0001273	Pray	Prbg.g_01426	Pray.g_01132
OG0001273	Prad	Prbg.g_01426	Prad.g_01420
OG0001273	Praz	Prbg.g_01426	Praz.g_01699
OG0001273	Prba	Prbg.g_01426	Prba.g_01686
OG0001273	Praj	Prbg.g_01426	Praj.g_00619
OG0001273	Prbm	Prbg.g_01426	Prbm.g_00662
OG0001273	Prbb	Prbg.g_01426	Prbb.g_00632
OG0001273	Prbc	Prbg.g_01426	Prbc.g_01708
OG0001273	Syar	Prbg.g_01426	Syar.g_02413
OG0001273	Syas	Prbg.g_01426	Syas.g_00751
OG0001273	Syad	Prbg.g_01426	Syad.g_02157
OG0001273	Syaj	Prbg.g_01426	Syaj.g_01288
OG0001273	Syae	Prbg.g_01426	Syae.g_00069
OG0001273	Syaa	Prbg.g_01426	Syaa.g_01639
OG0001273	Syai	Prbg.g_01426	Syai.g_01099
OG0001273	Syaf	Prbg.g_01426	Syaf.g_02315
OG0001273	Syam	Prbg.g_01426	Syam.g_01472
OG0001273	Syac	Prbg.g_01426	Syac.g_00974
OG0001273	Syah	Prbg.g_01426	Syah.g_01940
OG0001273	Syak	Prbg.g_01426	Syak.g_00030
OG0001273	Syab	Prbg.g_01426	Syab.g_01878
OG0001273	Syal	Prbg.g_01426	Syal.g_02641
OG0001273	Syag	Prbg.g_01426	Syag.g_00405
OG0001273	Syaq	Prbg.g_01426	Syaq.g_02077
OG0001273	Prah	Prbg.g_01426	Prah.g_00506
OG0001273	Praf	Prbg.g_01426	Praf.g_01687
OG0001273	Prbj	Prbg.g_01426	Prbj.g_02568
OG0001273	Prbk	Prbg.g_01426	Prbk.g_02626
OG0001273	Prbl	Prbg.g_01426	Prbl.g_01634
OG0001273	Prat	Prbg.g_01426	Prat.g_01095
OG0001273	Pram	Prbg.g_01426	Pram.g_01079
OG0001273	Prbh	Prbg.g_01426	Prbh.g_01222
OG0001273	Pral	Prbg.g_01426	Pral.g_01432
OG0001273	Prbf	Prbg.g_01426	Prbf.g_00978
OG0001273	Prak	Prbg.g_01426	Prak.g_01112
OG0001273	Prap	Prbg.g_01426	Prap.g_00396
OG0001273	Prbe	Prbg.g_01426	Prbe.g_01489
OG0001273	Prbn	Prbg.g_01426	Prbn.g_00422
OG0001274	Pray	Prbg.g_01006	Pray.g_01060
OG0001274	Praz	Prbg.g_01006	Praz.g_01627
OG0001274	Prba	Prbg.g_01006	Prba.g_01614
OG0001274	Prav	Prbg.g_01006	Prav.g_01308, Prav.g_01311
OG0001274	Prao	Prbg.g_01006	Prao.g_00141
OG0001274	Prag	Prbg.g_01006	Prag.g_00681
OG0001274	Praw	Prbg.g_01006	Praw.g_01819
OG0001274	Pras	Prbg.g_01006	Pras.g_01579
OG0001274	Praa	Prbg.g_01006	Praa.g_00703
OG0001274	Prac	Prbg.g_01006	Prac.g_00668
OG0001274	Praq	Prbg.g_01006	Praq.g_00832
OG0001274	Prar	Prbg.g_01006	Prar.g_01533
OG0001274	Prae	Prbg.g_01006	Prae.g_00677
OG0001274	Prbi	Prbg.g_01006	Prbi.g_00707
OG0001274	Prax	Prbg.g_01006	Prax.g_00939
OG0001274	Prau	Prbg.g_01006	Prau.g_00743
OG0001274	Prbd	Prbg.g_01006	Prbd.g_00541
OG0001274	Prad	Prbg.g_01006	Prad.g_01277
OG0001274	Prab	Prbg.g_01006	Prab.g_00710
OG0001274	Pran	Prbg.g_01006	Pran.g_01473
OG0001274	Syae	Prbg.g_01006	Syae.g_01535
OG0001274	Syaa	Prbg.g_01006	Syaa.g_02563
OG0001274	Syac	Prbg.g_01006	Syac.g_02323
OG0001274	Syah	Prbg.g_01006	Syah.g_00537
OG0001274	Syad	Prbg.g_01006	Syad.g_02988
OG0001274	Syaj	Prbg.g_01006	Syaj.g_02077
OG0001274	Syam	Prbg.g_01006	Syam.g_02285
OG0001274	Syai	Prbg.g_01006	Syai.g_02706
OG0001274	Syaf	Prbg.g_01006	Syaf.g_00707
OG0001274	Syag	Prbg.g_01006	Syag.g_02076
OG0001274	Syab	Prbg.g_01006	Syab.g_02706
OG0001274	Syal	Prbg.g_01006	Syal.g_01007
OG0001274	Syaq	Prbg.g_01006	Syaq.g_01303
OG0001274	Praf	Prbg.g_01006	Praf.g_02550
OG0001274	Prbj	Prbg.g_01006	Prbj.g_00269
OG0001274	Prbk	Prbg.g_01006	Prbk.g_00651
OG0001274	Prbl	Prbg.g_01006	Prbl.g_01263
OG0001274	Prah	Prbg.g_01006	Prah.g_02393
OG0001274	Syak	Prbg.g_01006	Syak.g_01988
OG0001274	Syas	Prbg.g_01006	Syas.g_01849
OG0001274	Syap	Prbg.g_01006	Syap.g_01897
OG0001274	Syan	Prbg.g_01006	Syan.g_01528
OG0001274	Syao	Prbg.g_01006	Syao.g_02401
OG0001274	Syar	Prbg.g_01006	Syar.g_00929
OG0001274	Syat	Prbg.g_01006	Syat.g_02727
OG0001274	Pral	Prbg.g_01006	Pral.g_00818
OG0001274	Prat	Prbg.g_01006	Prat.g_00228
OG0001274	Pram	Prbg.g_01006	Pram.g_00211
OG0001274	Prbh	Prbg.g_01006	Prbh.g_00556
OG0001274	Prak	Prbg.g_01006	Prak.g_00240
OG0001274	Prap	Prbg.g_01006	Prap.g_00942
OG0001274	Prbe	Prbg.g_01006	Prbe.g_01776
OG0001274	Prbf	Prbg.g_01006	Prbf.g_01562
OG0001274	Prbn	Prbg.g_01006	Prbn.g_00326
OG0001275	Prab	Prbg.g_01315	Prab.g_00982
OG0001275	Pran	Prbg.g_01315	Pran.g_00515
OG0001275	Prai	Prbg.g_01315	Prai.g_00961
OG0001275	Prac	Prbg.g_01315	Prac.g_01300
OG0001275	Praq	Prbg.g_01315	Praq.g_01575
OG0001275	Prar	Prbg.g_01315	Prar.g_01860
OG0001275	Prao	Prbg.g_01315	Prao.g_00930
OG0001275	Prag	Prbg.g_01315	Prag.g_00992
OG0001275	Praw	Prbg.g_01315	Praw.g_01511
OG0001275	Prae	Prbg.g_01315	Prae.g_00992
OG0001275	Pras	Prbg.g_01315	Pras.g_01888
OG0001275	Praa	Prbg.g_01315	Praa.g_00992
OG0001275	Prbd	Prbg.g_01315	Prbd.g_00292
OG0001275	Prax	Prbg.g_01315	Prax.g_01157
OG0001275	Prbi	Prbg.g_01315	Prbi.g_01037
OG0001275	Prau	Prbg.g_01315	Prau.g_01043
OG0001275	Pray	Prbg.g_01315	Pray.g_00539
OG0001275	Praz	Prbg.g_01315	Praz.g_01322
OG0001275	Prba	Prbg.g_01315	Prba.g_01309
OG0001275	Prad	Prbg.g_01315	Prad.g_00158
OG0001275	Prav	Prbg.g_01315	Prav.g_00584
OG0001275	Praf	Prbg.g_01315	Praf.g_01351
OG0001275	Prah	Prbg.g_01315	Prah.g_00837
OG0001275	Prbj	Prbg.g_01315	Prbj.g_02227
OG0001275	Prbk	Prbg.g_01315	Prbk.g_00570
OG0001275	Prbl	Prbg.g_01315	Prbl.g_02518
OG0001275	Syak	Prbg.g_01315	Syak.g_00633
OG0001275	Syab	Prbg.g_01315	Syab.g_01330
OG0001275	Syal	Prbg.g_01315	Syal.g_01932
OG0001275	Syag	Prbg.g_01315	Syag.g_00857
OG0001275	Syaq	Prbg.g_01315	Syaq.g_02531
OG0001275	Syan	Prbg.g_01315	Syan.g_00628
OG0001275	Syao	Prbg.g_01315	Syao.g_00806
OG0001275	Syar	Prbg.g_01315	Syar.g_02490
OG0001275	Syat	Prbg.g_01315	Syat.g_00529
OG0001275	Syap	Prbg.g_01315	Syap.g_02694
OG0001275	Syas	Prbg.g_01315	Syas.g_00554
OG0001275	Syac	Prbg.g_01315	Syac.g_01228
OG0001275	Syah	Prbg.g_01315	Syah.g_01669
OG0001275	Syaf	Prbg.g_01315	Syaf.g_01917
OG0001275	Syai	Prbg.g_01315	Syai.g_01447
OG0001275	Syam	Prbg.g_01315	Syam.g_01174
OG0001275	Syaa	Prbg.g_01315	Syaa.g_01311
OG0001275	Syae	Prbg.g_01315	Syae.g_00407
OG0001275	Syad	Prbg.g_01315	Syad.g_01699
OG0001275	Syaj	Prbg.g_01315	Syaj.g_00827
OG0001275	Pral	Prbg.g_01315	Pral.g_01585
OG0001275	Prat	Prbg.g_01315	Prat.g_00922
OG0001275	Pram	Prbg.g_01315	Pram.g_00969
OG0001275	Prbh	Prbg.g_01315	Prbh.g_01112
OG0001275	Prak	Prbg.g_01315	Prak.g_01001
OG0001275	Prap	Prbg.g_01315	Prap.g_00285
OG0001275	Prbe	Prbg.g_01315	Prbe.g_01378
OG0001275	Prbf	Prbg.g_01315	Prbf.g_01089
OG0001275	Prbn	Prbg.g_01315	Prbn.g_01390
OG0001276	Prai	Prbg.g_01329	Prai.g_00942
OG0001276	Prab	Prbg.g_01329	Prab.g_00954
OG0001276	Pran	Prbg.g_01329	Pran.g_00543
OG0001276	Prad	Prbg.g_01329	Prad.g_00138
OG0001276	Prav	Prbg.g_01329	Prav.g_00908
OG0001276	Pray	Prbg.g_01329	Pray.g_00559
OG0001276	Praz	Prbg.g_01329	Praz.g_01302
OG0001276	Prba	Prbg.g_01329	Prba.g_01289
OG0001276	Praa	Prbg.g_01329	Praa.g_01014
OG0001276	Prbd	Prbg.g_01329	Prbd.g_00315
OG0001276	Prbi	Prbg.g_01329	Prbi.g_01061
OG0001276	Prax	Prbg.g_01329	Prax.g_01179
OG0001276	Prae	Prbg.g_01329	Prae.g_01015
OG0001276	Pras	Prbg.g_01329	Pras.g_01909
OG0001276	Prau	Prbg.g_01329	Prau.g_01064
OG0001276	Prac	Prbg.g_01329	Prac.g_01281
OG0001276	Praq	Prbg.g_01329	Praq.g_01594
OG0001276	Prar	Prbg.g_01329	Prar.g_01879
OG0001276	Prag	Prbg.g_01329	Prag.g_01011
OG0001276	Praw	Prbg.g_01329	Praw.g_01492
OG0001276	Prao	Prbg.g_01329	Prao.g_00949
OG0001276	Praf	Prbg.g_01329	Praf.g_01334
OG0001276	Prah	Prbg.g_01329	Prah.g_00855
OG0001276	Prbj	Prbg.g_01329	Prbj.g_02210
OG0001276	Prbk	Prbg.g_01329	Prbk.g_00587
OG0001276	Prbl	Prbg.g_01329	Prbl.g_02535
OG0001276	Syap	Prbg.g_01329	Syap.g_01873
OG0001276	Syas	Prbg.g_01329	Syas.g_00215
OG0001276	Syat	Prbg.g_01329	Syat.g_00705
OG0001276	Syar	Prbg.g_01329	Syar.g_01797
OG0001276	Syan	Prbg.g_01329	Syan.g_00360
OG0001276	Syao	Prbg.g_01329	Syao.g_00450
OG0001276	Syag	Prbg.g_01329	Syag.g_00874
OG0001276	Syaa	Prbg.g_01329	Syaa.g_01295
OG0001276	Syae	Prbg.g_01329	Syae.g_00423
OG0001276	Syad	Prbg.g_01329	Syad.g_01683
OG0001276	Syaj	Prbg.g_01329	Syaj.g_00811
OG0001276	Syai	Prbg.g_01329	Syai.g_01431
OG0001276	Syaf	Prbg.g_01329	Syaf.g_01933
OG0001276	Syam	Prbg.g_01329	Syam.g_01190
OG0001276	Syac	Prbg.g_01329	Syac.g_01244
OG0001276	Syah	Prbg.g_01329	Syah.g_01685
OG0001276	Syaq	Prbg.g_01329	Syaq.g_00062
OG0001276	Syak	Prbg.g_01329	Syak.g_00649
OG0001276	Syab	Prbg.g_01329	Syab.g_01313
OG0001276	Syal	Prbg.g_01329	Syal.g_01914
OG0001276	Pral	Prbg.g_01329	Pral.g_01597
OG0001276	Prat	Prbg.g_01329	Prat.g_00936
OG0001276	Pram	Prbg.g_01329	Pram.g_00980
OG0001276	Prbh	Prbg.g_01329	Prbh.g_01123
OG0001276	Prak	Prbg.g_01329	Prak.g_01015
OG0001276	Prap	Prbg.g_01329	Prap.g_00299
OG0001276	Prbe	Prbg.g_01329	Prbe.g_01392
OG0001276	Prbf	Prbg.g_01329	Prbf.g_01075
OG0001276	Prbn	Prbg.g_01329	Prbn.g_01376
OG0001277	Prab	Prbg.g_01926	Prab.g_01127
OG0001277	Pran	Prbg.g_01926	Pran.g_00152
OG0001277	Prai	Prbg.g_01926	Prai.g_01090
OG0001277	Prac	Prbg.g_01926	Prac.g_01223
OG0001277	Praq	Prbg.g_01926	Praq.g_01651
OG0001277	Prar	Prbg.g_01926	Prar.g_01937
OG0001277	Prao	Prbg.g_01926	Prao.g_01009
OG0001277	Prag	Prbg.g_01926	Prag.g_01068
OG0001277	Praw	Prbg.g_01926	Praw.g_01435
OG0001277	Prav	Prbg.g_01926	Prav.g_00244
OG0001277	Prax	Prbg.g_01926	Prax.g_01237
OG0001277	Prbi	Prbg.g_01926	Prbi.g_01119
OG0001277	Pray	Prbg.g_01926	Pray.g_00616
OG0001277	Praz	Prbg.g_01926	Praz.g_00098
OG0001277	Prba	Prbg.g_01926	Prba.g_01232
OG0001277	Prbd	Prbg.g_01926	Prbd.g_00372
OG0001277	Pras	Prbg.g_01926	Pras.g_01966
OG0001277	Prau	Prbg.g_01926	Prau.g_01120
OG0001277	Praa	Prbg.g_01926	Praa.g_01072
OG0001277	Prad	Prbg.g_01926	Prad.g_00988
OG0001277	Prae	Prbg.g_01926	Prae.g_01074
OG0001277	Pral	Prbg.g_01926	Pral.g_01703
OG0001277	Prat	Prbg.g_01926	Prat.g_00817
OG0001277	Syad	Prbg.g_01926	Syad.g_00127
OG0001277	Syaj	Prbg.g_01926	Syaj.g_02227
OG0001277	Syae	Prbg.g_01926	Syae.g_01677
OG0001277	Syaa	Prbg.g_01926	Syaa.g_02724
OG0001277	Syak	Prbg.g_01926	Syak.g_01829
OG0001277	Syaf	Prbg.g_01926	Syaf.g_00533
OG0001277	Syai	Prbg.g_01926	Syai.g_02899
OG0001277	Syam	Prbg.g_01926	Syam.g_02415
OG0001277	Syac	Prbg.g_01926	Syac.g_02463
OG0001277	Syah	Prbg.g_01926	Syah.g_00404
OG0001277	Syar	Prbg.g_01926	Syar.g_02250
OG0001277	Syan	Prbg.g_01926	Syan.g_00007
OG0001277	Syao	Prbg.g_01926	Syao.g_01334
OG0001277	Syat	Prbg.g_01926	Syat.g_03312
OG0001277	Syas	Prbg.g_01926	Syas.g_00110
OG0001277	Syap	Prbg.g_01926	Syap.g_01293
OG0001277	Syab	Prbg.g_01926	Syab.g_02163
OG0001277	Syal	Prbg.g_01926	Syal.g_02963
OG0001277	Prbc	Prbg.g_01926	Prbc.g_01042
OG0001277	Praj	Prbg.g_01926	Praj.g_02123
OG0001277	Prbm	Prbg.g_01926	Prbm.g_02207
OG0001277	Prbb	Prbg.g_01926	Prbb.g_02163
OG0001277	Prbj	Prbg.g_01926	Prbj.g_02042
OG0001277	Prbk	Prbg.g_01926	Prbk.g_02247
OG0001277	Prbl	Prbg.g_01926	Prbl.g_02152
OG0001277	Praf	Prbg.g_01926	Praf.g_02752
OG0001277	Prah	Prbg.g_01926	Prah.g_02573
OG0001277	Prak	Prbg.g_01926	Prak.g_01921
OG0001277	Prap	Prbg.g_01926	Prap.g_01502
OG0001277	Prbe	Prbg.g_01926	Prbe.g_01184
OG0001277	Prbf	Prbg.g_01926	Prbf.g_00417
OG0001277	Prbn	Prbg.g_01926	Prbn.g_00918
OG0001278	Prad	Prbg.g_01432	Prad.g_01445
OG0001278	Prao	Prbg.g_01432	Prao.g_01039
OG0001278	Prae	Prbg.g_01432	Prae.g_01213
OG0001278	Prbi	Prbg.g_01432	Prbi.g_01257
OG0001278	Praa	Prbg.g_01432	Praa.g_01209
OG0001278	Prax	Prbg.g_01432	Prax.g_00250
OG0001278	Prbd	Prbg.g_01432	Prbd.g_00518
OG0001278	Pras	Prbg.g_01432	Pras.g_00107
OG0001278	Prau	Prbg.g_01432	Prau.g_01256
OG0001278	Prav	Prbg.g_01432	Prav.g_01831
OG0001278	Prag	Prbg.g_01432	Prag.g_01203
OG0001278	Praw	Prbg.g_01432	Praw.g_00284
OG0001278	Prac	Prbg.g_01432	Prac.g_00935
OG0001278	Praq	Prbg.g_01432	Praq.g_01383
OG0001278	Prar	Prbg.g_01432	Prar.g_01213
OG0001278	Pray	Prbg.g_01432	Pray.g_00013
OG0001278	Praz	Prbg.g_01432	Praz.g_00704
OG0001278	Prba	Prbg.g_01432	Prba.g_00013
OG0001278	Prai	Prbg.g_01432	Prai.g_01223
OG0001278	Prab	Prbg.g_01432	Prab.g_01269
OG0001278	Pran	Prbg.g_01432	Pran.g_00010
OG0001278	Syan	Prbg.g_01432	Syan.g_02585
OG0001278	Syao	Prbg.g_01432	Syao.g_00265
OG0001278	Syar	Prbg.g_01432	Syar.g_01720
OG0001278	Syat	Prbg.g_01432	Syat.g_00895
OG0001278	Syap	Prbg.g_01432	Syap.g_02438
OG0001278	Syas	Prbg.g_01432	Syas.g_01074
OG0001278	Prah	Prbg.g_01432	Prah.g_01284
OG0001278	Praf	Prbg.g_01432	Praf.g_00893
OG0001278	Prbj	Prbg.g_01432	Prbj.g_02165
OG0001278	Prbk	Prbg.g_01432	Prbk.g_00176
OG0001278	Prbl	Prbg.g_01432	Prbl.g_02592
OG0001278	Syad	Prbg.g_01432	Syad.g_01445
OG0001278	Syaj	Prbg.g_01432	Syaj.g_00575
OG0001278	Syae	Prbg.g_01432	Syae.g_00697
OG0001278	Syaf	Prbg.g_01432	Syaf.g_01562
OG0001278	Syai	Prbg.g_01432	Syai.g_01799
OG0001278	Syam	Prbg.g_01432	Syam.g_00862
OG0001278	Syac	Prbg.g_01432	Syac.g_01517
OG0001278	Syah	Prbg.g_01432	Syah.g_01390
OG0001278	Syaa	Prbg.g_01432	Syaa.g_00966
OG0001278	Syaq	Prbg.g_01432	Syaq.g_00155
OG0001278	Syak	Prbg.g_01432	Syak.g_00671
OG0001278	Syab	Prbg.g_01432	Syab.g_01152
OG0001278	Syal	Prbg.g_01432	Syal.g_01766
OG0001278	Syag	Prbg.g_01432	Syag.g_01054
OG0001278	Pral	Prbg.g_01432	Pral.g_01425
OG0001278	Prat	Prbg.g_01432	Prat.g_01102
OG0001278	Pram	Prbg.g_01432	Pram.g_01085
OG0001278	Prbh	Prbg.g_01432	Prbh.g_01228
OG0001278	Prbn	Prbg.g_01432	Prbn.g_00416
OG0001278	Prak	Prbg.g_01432	Prak.g_01118
OG0001278	Prap	Prbg.g_01432	Prap.g_00402
OG0001278	Prbe	Prbg.g_01432	Prbe.g_01495
OG0001278	Prbf	Prbg.g_01432	Prbf.g_00972
OG0001279	Prad	Prbg.g_00407	Prad.g_01216
OG0001279	Prag	Prbg.g_00407	Prag.g_01302
OG0001279	Praw	Prbg.g_00407	Praw.g_00930
OG0001279	Pras	Prbg.g_00407	Pras.g_00152
OG0001279	Prau	Prbg.g_00407	Prau.g_01320
OG0001279	Prae	Prbg.g_00407	Prae.g_01265
OG0001279	Prax	Prbg.g_00407	Prax.g_01957
OG0001279	Praa	Prbg.g_00407	Praa.g_01257
OG0001279	Prbd	Prbg.g_00407	Prbd.g_01893
OG0001279	Prbi	Prbg.g_00407	Prbi.g_01332
OG0001279	Pray	Prbg.g_00407	Pray.g_01926
OG0001279	Praz	Prbg.g_00407	Praz.g_01236
OG0001279	Prba	Prbg.g_00407	Prba.g_01136
OG0001279	Prav	Prbg.g_00407	Prav.g_01392
OG0001279	Prab	Prbg.g_00407	Prab.g_01590
OG0001279	Pran	Prbg.g_00407	Pran.g_00609
OG0001279	Prai	Prbg.g_00407	Prai.g_01583
OG0001279	Pram	Prbg.g_00407	Pram.g_01253
OG0001279	Prbh	Prbg.g_00407	Prbh.g_01396
OG0001279	Prbc	Prbg.g_00407	Prbc.g_00133
OG0001279	Praj	Prbg.g_00407	Praj.g_01155
OG0001279	Prbb	Prbg.g_00407	Prbb.g_01196
OG0001279	Prbm	Prbg.g_00407	Prbm.g_01171
OG0001279	Pral	Prbg.g_00407	Pral.g_00024
OG0001279	Prat	Prbg.g_00407	Prat.g_00828
OG0001279	Syar	Prbg.g_00407	Syar.g_02841
OG0001279	Syan	Prbg.g_00407	Syan.g_01306
OG0001279	Syao	Prbg.g_00407	Syao.g_01528
OG0001279	Prbj	Prbg.g_00407	Prbj.g_01299
OG0001279	Prbk	Prbg.g_00407	Prbk.g_01933
OG0001279	Prbl	Prbg.g_00407	Prbl.g_00156
OG0001279	Praf	Prbg.g_00407	Praf.g_01769
OG0001279	Prah	Prbg.g_00407	Prah.g_00431
OG0001279	Syaf	Prbg.g_00407	Syaf.g_02385
OG0001279	Syai	Prbg.g_00407	Syai.g_00991
OG0001279	Syam	Prbg.g_00407	Syam.g_01590
OG0001279	Syac	Prbg.g_00407	Syac.g_01605
OG0001279	Syah	Prbg.g_00407	Syah.g_01323
OG0001279	Syad	Prbg.g_00407	Syad.g_02248
OG0001279	Syaj	Prbg.g_00407	Syaj.g_01356
OG0001279	Syaa	Prbg.g_00407	Syaa.g_01749
OG0001279	Syae	Prbg.g_00407	Syae.g_00007
OG0001279	Syas	Prbg.g_00407	Syas.g_02792
OG0001279	Syap	Prbg.g_00407	Syap.g_02663
OG0001279	Syat	Prbg.g_00407	Syat.g_01252
OG0001279	Syag	Prbg.g_00407	Syag.g_00490
OG0001279	Syab	Prbg.g_00407	Syab.g_01807
OG0001279	Syal	Prbg.g_00407	Syal.g_02565
OG0001279	Syak	Prbg.g_00407	Syak.g_00105
OG0001279	Syaq	Prbg.g_00407	Syaq.g_01867
OG0001279	Prak	Prbg.g_00407	Prak.g_00668
OG0001279	Prap	Prbg.g_00407	Prap.g_00610
OG0001279	Prbe	Prbg.g_00407	Prbe.g_00721
OG0001279	Prbf	Prbg.g_00407	Prbf.g_00339
OG0001279	Prbn	Prbg.g_00407	Prbn.g_00810
OG0001280	Prab	Prbg.g_00476	Prab.g_01325
OG0001280	Pran	Prbg.g_00476	Pran.g_00877
OG0001280	Prai	Prbg.g_00476	Prai.g_01334
OG0001280	Prao	Prbg.g_00476	Prao.g_01277
OG0001280	Pray	Prbg.g_00476	Pray.g_01871
OG0001280	Praz	Prbg.g_00476	Praz.g_01181
OG0001280	Prba	Prbg.g_00476	Prba.g_01191
OG0001280	Prad	Prbg.g_00476	Prad.g_00629
OG0001280	Praa	Prbg.g_00476	Praa.g_01317
OG0001280	Prax	Prbg.g_00476	Prax.g_01900
OG0001280	Prbi	Prbg.g_00476	Prbi.g_01390
OG0001280	Prbd	Prbg.g_00476	Prbd.g_01802
OG0001280	Prag	Prbg.g_00476	Prag.g_01354
OG0001280	Praw	Prbg.g_00476	Praw.g_00980
OG0001280	Prae	Prbg.g_00476	Prae.g_01328
OG0001280	Pras	Prbg.g_00476	Pras.g_00208
OG0001280	Prau	Prbg.g_00476	Prau.g_01370
OG0001280	Prac	Prbg.g_00476	Prac.g_00174
OG0001280	Praq	Prbg.g_00476	Praq.g_00132
OG0001280	Prar	Prbg.g_00476	Prar.g_00956
OG0001280	Prav	Prbg.g_00476	Prav.g_01437
OG0001280	Prbb	Prbg.g_00476	Prbb.g_01585
OG0001280	Prbm	Prbg.g_00476	Prbm.g_01610
OG0001280	Praj	Prbg.g_00476	Praj.g_01527
OG0001280	Prbc	Prbg.g_00476	Prbc.g_00565
OG0001280	Pral	Prbg.g_00476	Pral.g_01282
OG0001280	Prat	Prbg.g_00476	Prat.g_01248
OG0001280	Syac	Prbg.g_00476	Syac.g_00731
OG0001280	Syah	Prbg.g_00476	Syah.g_02197
OG0001280	Syar	Prbg.g_00476	Syar.g_03317
OG0001280	Syaa	Prbg.g_00476	Syaa.g_00738
OG0001280	Syad	Prbg.g_00476	Syad.g_02402
OG0001280	Syaj	Prbg.g_00476	Syaj.g_01508
OG0001280	Syaf	Prbg.g_00476	Syaf.g_01257
OG0001280	Syai	Prbg.g_00476	Syai.g_02176
OG0001280	Syam	Prbg.g_00476	Syam.g_01827
OG0001280	Syae	Prbg.g_00476	Syae.g_00958
OG0001280	Syak	Prbg.g_00476	Syak.g_00933
OG0001280	Syab	Prbg.g_00476	Syab.g_00918
OG0001280	Syal	Prbg.g_00476	Syal.g_01604
OG0001280	Syag	Prbg.g_00476	Syag.g_01189
OG0001280	Syaq	Prbg.g_00476	Syaq.g_00294
OG0001280	Syas	Prbg.g_00476	Syas.g_01095
OG0001280	Praf	Prbg.g_00476	Praf.g_00798
OG0001280	Prah	Prbg.g_00476	Prah.g_01361
OG0001280	Prbj	Prbg.g_00476	Prbj.g_01725
OG0001280	Prbk	Prbg.g_00476	Prbk.g_01186
OG0001280	Prbl	Prbg.g_00476	Prbl.g_01719
OG0001280	Pram	Prbg.g_00476	Pram.g_01229
OG0001280	Prbh	Prbg.g_00476	Prbh.g_01372
OG0001280	Prak	Prbg.g_00476	Prak.g_01276
OG0001280	Prap	Prbg.g_00476	Prap.g_00560
OG0001280	Prbe	Prbg.g_00476	Prbe.g_00894
OG0001280	Prbf	Prbg.g_00476	Prbf.g_00027
OG0001280	Prbn	Prbg.g_00476	Prbn.g_01085
OG0001281	Prae	Prbg.g_00482	Prae.g_01334
OG0001281	Praa	Prbg.g_00482	Praa.g_01323
OG0001281	Prab	Prbg.g_00482	Prab.g_01331
OG0001281	Prac	Prbg.g_00482	Prac.g_00180
OG0001281	Prag	Prbg.g_00482	Prag.g_01360
OG0001281	Prai	Prbg.g_00482	Prai.g_01340
OG0001281	Pran	Prbg.g_00482	Pran.g_00871
OG0001281	Prao	Prbg.g_00482	Prao.g_01271
OG0001281	Praq	Prbg.g_00482	Praq.g_00138
OG0001281	Prar	Prbg.g_00482	Prar.g_00950
OG0001281	Prau	Prbg.g_00482	Prau.g_01376
OG0001281	Prav	Prbg.g_00482	Prav.g_01443
OG0001281	Praw	Prbg.g_00482	Praw.g_00986
OG0001281	Prax	Prbg.g_00482	Prax.g_01894
OG0001281	Pray	Prbg.g_00482	Pray.g_01865
OG0001281	Praz	Prbg.g_00482	Praz.g_01175
OG0001281	Prba	Prbg.g_00482	Prba.g_01197
OG0001281	Prbd	Prbg.g_00482	Prbd.g_01796
OG0001281	Prbi	Prbg.g_00482	Prbi.g_01396
OG0001281	Prad	Prbg.g_00482	Prad.g_00623
OG0001281	Syad	Prbg.g_00482	Syad.g_02413
OG0001281	Syaj	Prbg.g_00482	Syaj.g_01519
OG0001281	Praj	Prbg.g_00482	Praj.g_01533
OG0001281	Prbb	Prbg.g_00482	Prbb.g_01591
OG0001281	Syas	Prbg.g_00482	Syas.g_02845
OG0001281	Praf	Prbg.g_00482	Praf.g_00789
OG0001281	Prah	Prbg.g_00482	Prah.g_01370
OG0001281	Prbj	Prbg.g_00482	Prbj.g_01734
OG0001281	Prbk	Prbg.g_00482	Prbk.g_01177
OG0001281	Prbl	Prbg.g_00482	Prbl.g_01728
OG0001281	Syae	Prbg.g_00482	Syae.g_00969
OG0001281	Syab	Prbg.g_00482	Syab.g_00906
OG0001281	Syal	Prbg.g_00482	Syal.g_01592
OG0001281	Syak	Prbg.g_00482	Syak.g_00944
OG0001281	Syaa	Prbg.g_00482	Syaa.g_00728
OG0001281	Syag	Prbg.g_00482	Syag.g_01219
OG0001281	Syaf	Prbg.g_00482	Syaf.g_01247
OG0001281	Syai	Prbg.g_00482	Syai.g_02186
OG0001281	Syam	Prbg.g_00482	Syam.g_01837
OG0001281	Syan	Prbg.g_00482	Syan.g_01220
OG0001281	Syaq	Prbg.g_00482	Syaq.g_00306
OG0001281	Syar	Prbg.g_00482	Syar.g_02783
OG0001281	Syat	Prbg.g_00482	Syat.g_01159
OG0001281	Syac	Prbg.g_00482	Syac.g_00721
OG0001281	Syah	Prbg.g_00482	Syah.g_02207
OG0001281	Syao	Prbg.g_00482	Syao.g_01454
OG0001281	Pral	Prbg.g_00482	Pral.g_01276
OG0001281	Prat	Prbg.g_00482	Prat.g_01254
OG0001281	Pram	Prbg.g_00482	Pram.g_01235
OG0001281	Prbh	Prbg.g_00482	Prbh.g_01378
OG0001281	Prak	Prbg.g_00482	Prak.g_01282
OG0001281	Prap	Prbg.g_00482	Prap.g_00566
OG0001281	Prbe	Prbg.g_00482	Prbe.g_00888
OG0001281	Prbf	Prbg.g_00482	Prbf.g_00021
OG0001281	Prbn	Prbg.g_00482	Prbn.g_01079
OG0001282	Prab	Prbg.g_00530	Prab.g_01361
OG0001282	Pran	Prbg.g_00530	Pran.g_00840
OG0001282	Prai	Prbg.g_00530	Prai.g_01371
OG0001282	Prao	Prbg.g_00530	Prao.g_01238
OG0001282	Prbi	Prbg.g_00530	Prbi.g_01440
OG0001282	Prae	Prbg.g_00530	Prae.g_01369
OG0001282	Pras	Prbg.g_00530	Pras.g_00251
OG0001282	Prau	Prbg.g_00530	Prau.g_01410
OG0001282	Prax	Prbg.g_00530	Prax.g_01862
OG0001282	Prbd	Prbg.g_00530	Prbd.g_01763
OG0001282	Praa	Prbg.g_00530	Praa.g_01367
OG0001282	Prac	Prbg.g_00530	Prac.g_00218
OG0001282	Praq	Prbg.g_00530	Praq.g_00178
OG0001282	Prar	Prbg.g_00530	Prar.g_00910
OG0001282	Prad	Prbg.g_00530	Prad.g_00593
OG0001282	Pray	Prbg.g_00530	Pray.g_01828
OG0001282	Praz	Prbg.g_00530	Praz.g_01138
OG0001282	Prba	Prbg.g_00530	Prba.g_00195
OG0001282	Prag	Prbg.g_00530	Prag.g_01390
OG0001282	Praw	Prbg.g_00530	Praw.g_01017
OG0001282	Prav	Prbg.g_00530	Prav.g_01474
OG0001282	Praj	Prbg.g_00530	Praj.g_01576
OG0001282	Prbc	Prbg.g_00530	Prbc.g_00658
OG0001282	Prbb	Prbg.g_00530	Prbb.g_01640
OG0001282	Prbm	Prbg.g_00530	Prbm.g_01661
OG0001282	Syag	Prbg.g_00530	Syag.g_01538
OG0001282	Syad	Prbg.g_00530	Syad.g_00890
OG0001282	Syaj	Prbg.g_00530	Syaj.g_00058
OG0001282	Syaa	Prbg.g_00530	Syaa.g_02060
OG0001282	Syae	Prbg.g_00530	Syae.g_02298
OG0001282	Syac	Prbg.g_00530	Syac.g_01917
OG0001282	Syah	Prbg.g_00530	Syah.g_00985
OG0001282	Syai	Prbg.g_00530	Syai.g_00627
OG0001282	Syaf	Prbg.g_00530	Syaf.g_02734
OG0001282	Syam	Prbg.g_00530	Syam.g_00574
OG0001282	Syas	Prbg.g_00530	Syas.g_01262
OG0001282	Syan	Prbg.g_00530	Syan.g_02774
OG0001282	Syar	Prbg.g_00530	Syar.g_01460, Syar.g_01351
OG0001282	Syap	Prbg.g_00530	Syap.g_01701
OG0001282	Syat	Prbg.g_00530	Syat.g_02780
OG0001282	Syao	Prbg.g_00530	Syao.g_00037
OG0001282	Syaq	Prbg.g_00530	Syaq.g_01762
OG0001282	Syak	Prbg.g_00530	Syak.g_02564
OG0001282	Syab	Prbg.g_00530	Syab.g_02086
OG0001282	Syal	Prbg.g_00530	Syal.g_02887
OG0001282	Pral	Prbg.g_00530	Pral.g_01221
OG0001282	Prat	Prbg.g_00530	Prat.g_01292
OG0001282	Pram	Prbg.g_00530	Pram.g_01467
OG0001282	Prbh	Prbg.g_00530	Prbh.g_00010
OG0001282	Prak	Prbg.g_00530	Prak.g_01330
OG0001282	Prap	Prbg.g_00530	Prap.g_00060
OG0001282	Prbe	Prbg.g_00530	Prbe.g_00372
OG0001282	Prbf	Prbg.g_00530	Prbf.g_00096
OG0001282	Prbn	Prbg.g_00530	Prbn.g_01241
OG0001283	Prbd	Prbg.g_01935	Prbd.g_01744
OG0001283	Prad	Prbg.g_01935	Prad.g_00574
OG0001283	Prbi	Prbg.g_01935	Prbi.g_01459
OG0001283	Prau	Prbg.g_01935	Prau.g_01429
OG0001283	Pray	Prbg.g_01935	Pray.g_01809
OG0001283	Praz	Prbg.g_01935	Praz.g_01119
OG0001283	Prba	Prbg.g_01935	Prba.g_00176
OG0001283	Prax	Prbg.g_01935	Prax.g_01843
OG0001283	Prac	Prbg.g_01935	Prac.g_00237
OG0001283	Praq	Prbg.g_01935	Praq.g_00197
OG0001283	Prar	Prbg.g_01935	Prar.g_00891
OG0001283	Prav	Prbg.g_01935	Prav.g_01493
OG0001283	Prae	Prbg.g_01935	Prae.g_01388
OG0001283	Prab	Prbg.g_01935	Prab.g_01381
OG0001283	Pran	Prbg.g_01935	Pran.g_00820
OG0001283	Prao	Prbg.g_01935	Prao.g_01216
OG0001283	Praa	Prbg.g_01935	Praa.g_01386
OG0001283	Pras	Prbg.g_01935	Pras.g_00270
OG0001283	Prbb	Prbg.g_01935	Prbb.g_02171
OG0001283	Prbc	Prbg.g_01935	Prbc.g_01050
OG0001283	Praj	Prbg.g_01935	Praj.g_02132
OG0001283	Prbm	Prbg.g_01935	Prbm.g_02215
OG0001283	Syab	Prbg.g_01935	Syab.g_02885
OG0001283	Syal	Prbg.g_01935	Syal.g_01179
OG0001283	Syaq	Prbg.g_01935	Syaq.g_01175
OG0001283	Syak	Prbg.g_01935	Syak.g_01818
OG0001283	Syag	Prbg.g_01935	Syag.g_02248
OG0001283	Syam	Prbg.g_01935	Syam.g_02424
OG0001283	Syac	Prbg.g_01935	Syac.g_02472
OG0001283	Syah	Prbg.g_01935	Syah.g_00395
OG0001283	Syaa	Prbg.g_01935	Syaa.g_02734
OG0001283	Syaf	Prbg.g_01935	Syaf.g_00524, Syaf.g_02414
OG0001283	Syai	Prbg.g_01935	Syai.g_02908
OG0001283	Syan	Prbg.g_01935	Syan.g_01687
OG0001283	Syao	Prbg.g_01935	Syao.g_02335
OG0001283	Syar	Prbg.g_01935	Syar.g_00447
OG0001283	Syat	Prbg.g_01935	Syat.g_02403
OG0001283	Syae	Prbg.g_01935	Syae.g_01688
OG0001283	Syad	Prbg.g_01935	Syad.g_00138
OG0001283	Syaj	Prbg.g_01935	Syaj.g_02238
OG0001283	Prbj	Prbg.g_01935	Prbj.g_02051
OG0001283	Prbk	Prbg.g_01935	Prbk.g_02256
OG0001283	Prbl	Prbg.g_01935	Prbl.g_02143
OG0001283	Praf	Prbg.g_01935	Praf.g_02762
OG0001283	Prah	Prbg.g_01935	Prah.g_02582
OG0001283	Pral	Prbg.g_01935	Pral.g_00394
OG0001283	Prat	Prbg.g_01935	Prat.g_01877
OG0001283	Pram	Prbg.g_01935	Pram.g_01922
OG0001283	Prbh	Prbg.g_01935	Prbh.g_01492
OG0001283	Prak	Prbg.g_01935	Prak.g_01930
OG0001283	Prap	Prbg.g_01935	Prap.g_01493
OG0001283	Prbe	Prbg.g_01935	Prbe.g_01193
OG0001283	Prbf	Prbg.g_01935	Prbf.g_00408
OG0001283	Prbn	Prbg.g_01935	Prbn.g_00909
OG0001284	Prab	Prbg.g_00666	Prab.g_01536
OG0001284	Pran	Prbg.g_00666	Pran.g_00663
OG0001284	Prai	Prbg.g_00666	Prai.g_01532
OG0001284	Prag	Prbg.g_00666	Prag.g_01560
OG0001284	Praw	Prbg.g_00666	Praw.g_00407
OG0001284	Prac	Prbg.g_00666	Prac.g_00341
OG0001284	Praq	Prbg.g_00666	Praq.g_00364
OG0001284	Prar	Prbg.g_00666	Prar.g_00777
OG0001284	Prav	Prbg.g_00666	Prav.g_01648
OG0001284	Prax	Prbg.g_00666	Prax.g_01658
OG0001284	Prbi	Prbg.g_00666	Prbi.g_01660
OG0001284	Prae	Prbg.g_00666	Prae.g_01529
OG0001284	Prbd	Prbg.g_00666	Prbd.g_01618, Prbd.g_01619
OG0001284	Prao	Prbg.g_00666	Prao.g_01466
OG0001284	Prad	Prbg.g_00666	Prad.g_00444
OG0001284	Praa	Prbg.g_00666	Praa.g_01547
OG0001284	Pray	Prbg.g_00666	Pray.g_01652
OG0001284	Praz	Prbg.g_00666	Praz.g_00971
OG0001284	Prba	Prbg.g_00666	Prba.g_00318
OG0001284	Pras	Prbg.g_00666	Pras.g_00423
OG0001284	Prau	Prbg.g_00666	Prau.g_01601
OG0001284	Prbc	Prbg.g_00666	Prbc.g_00781
OG0001284	Prbm	Prbg.g_00666	Prbm.g_01783
OG0001284	Praj	Prbg.g_00666	Praj.g_01705
OG0001284	Prbb	Prbg.g_00666	Prbb.g_01759
OG0001284	Syas	Prbg.g_00666	Syas.g_02124, Syas.g_02713
OG0001284	Syag	Prbg.g_00666	Syag.g_01656
OG0001284	Syab	Prbg.g_00666	Syab.g_02211
OG0001284	Syal	Prbg.g_00666	Syal.g_03007
OG0001284	Syak	Prbg.g_00666	Syak.g_02446
OG0001284	Syaq	Prbg.g_00666	Syaq.g_01700
OG0001284	Syar	Prbg.g_00666	Syar.g_02900
OG0001284	Syap	Prbg.g_00666	Syap.g_00047
OG0001284	Syan	Prbg.g_00666	Syan.g_01369
OG0001284	Syao	Prbg.g_00666	Syao.g_01587
OG0001284	Syad	Prbg.g_00666	Syad.g_02585
OG0001284	Syaj	Prbg.g_00666	Syaj.g_01688
OG0001284	Syae	Prbg.g_00666	Syae.g_01132
OG0001284	Syac	Prbg.g_00666	Syac.g_00586
OG0001284	Syah	Prbg.g_00666	Syah.g_02348
OG0001284	Syai	Prbg.g_00666	Syai.g_02338
OG0001284	Syaf	Prbg.g_00666	Syaf.g_01073
OG0001284	Syam	Prbg.g_00666	Syam.g_01960
OG0001284	Syaa	Prbg.g_00666	Syaa.g_00583
OG0001284	Pral	Prbg.g_00666	Pral.g_01082
OG0001284	Prat	Prbg.g_00666	Prat.g_01433
OG0001284	Pram	Prbg.g_00666	Pram.g_01302
OG0001284	Prbh	Prbg.g_00666	Prbh.g_00175
OG0001284	Prak	Prbg.g_00666	Prak.g_01466
OG0001284	Prap	Prbg.g_00666	Prap.g_00196
OG0001284	Prbe	Prbg.g_00666	Prbe.g_00236
OG0001284	Prbf	Prbg.g_00666	Prbf.g_00232
OG0001284	Prbn	Prbg.g_00666	Prbn.g_00287
OG0001285	Prai	Prbg.g_01676	Prai.g_01664
OG0001285	Prab	Prbg.g_01676	Prab.g_01695
OG0001285	Pran	Prbg.g_01676	Pran.g_00996
OG0001285	Prac	Prbg.g_01676	Prac.g_00599
OG0001285	Praq	Prbg.g_01676	Praq.g_00471
OG0001285	Prar	Prbg.g_01676	Prar.g_01966
OG0001285	Pras	Prbg.g_01676	Pras.g_00576
OG0001285	Prau	Prbg.g_01676	Prau.g_01758
OG0001285	Prax	Prbg.g_01676	Prax.g_01533
OG0001285	Praa	Prbg.g_01676	Praa.g_01661
OG0001285	Pray	Prbg.g_01676	Pray.g_01533
OG0001285	Praz	Prbg.g_01676	Praz.g_00851
OG0001285	Prba	Prbg.g_01676	Prba.g_00594
OG0001285	Prbi	Prbg.g_01676	Prbi.g_01813
OG0001285	Prao	Prbg.g_01676	Prao.g_01578
OG0001285	Prad	Prbg.g_01676	Prad.g_00915
OG0001285	Prae	Prbg.g_01676	Prae.g_01649
OG0001285	Prag	Prbg.g_01676	Prag.g_01695
OG0001285	Praw	Prbg.g_01676	Praw.g_00541
OG0001285	Prav	Prbg.g_01676	Prav.g_01787
OG0001285	Prbd	Prbg.g_01676	Prbd.g_01499
OG0001285	Syaq	Prbg.g_01676	Syaq.g_01639
OG0001285	Syak	Prbg.g_01676	Syak.g_02381
OG0001285	Syab	Prbg.g_01676	Syab.g_02309
OG0001285	Syal	Prbg.g_01676	Syal.g_00625
OG0001285	Syan	Prbg.g_01676	Syan.g_00977
OG0001285	Syao	Prbg.g_01676	Syao.g_01010
OG0001285	Syar	Prbg.g_01676	Syar.g_02972
OG0001285	Syad	Prbg.g_01676	Syad.g_02043
OG0001285	Syaj	Prbg.g_01676	Syaj.g_01170
OG0001285	Syae	Prbg.g_01676	Syae.g_00237
OG0001285	Syac	Prbg.g_01676	Syac.g_01060
OG0001285	Syam	Prbg.g_01676	Syam.g_02380
OG0001285	Syaf	Prbg.g_01676	Syaf.g_00568
OG0001285	Syai	Prbg.g_01676	Syai.g_02866
OG0001285	Syag	Prbg.g_01676	Syag.g_00142, Syag.g_02205
OG0001285	Prbc	Prbg.g_01676	Prbc.g_00856
OG0001285	Prbm	Prbg.g_01676	Prbm.g_01865
OG0001285	Prbb	Prbg.g_01676	Prbb.g_01847
OG0001285	Praj	Prbg.g_01676	Praj.g_01792
OG0001285	Prbj	Prbg.g_01676	Prbj.g_00473
OG0001285	Prbk	Prbg.g_01676	Prbk.g_01429
OG0001285	Prbl	Prbg.g_01676	Prbl.g_00362
OG0001285	Praf	Prbg.g_01676	Praf.g_00450
OG0001285	Prah	Prbg.g_01676	Prah.g_01709
OG0001285	Prat	Prbg.g_01676	Prat.g_01617
OG0001285	Pral	Prbg.g_01676	Pral.g_00133
OG0001285	Pram	Prbg.g_01676	Pram.g_01658
OG0001285	Prbh	Prbg.g_01676	Prbh.g_01756
OG0001285	Prak	Prbg.g_01676	Prak.g_01671
OG0001285	Prap	Prbg.g_01676	Prap.g_01752
OG0001285	Prbe	Prbg.g_01676	Prbe.g_00959
OG0001285	Prbf	Prbg.g_01676	Prbf.g_00667
OG0001285	Prbn	Prbg.g_01676	Prbn.g_01772
OG0001286	Prab	Prbg.g_01789	Prab.g_01806
OG0001286	Pran	Prbg.g_01789	Pran.g_01109
OG0001286	Prai	Prbg.g_01789	Prai.g_01786
OG0001286	Pray	Prbg.g_01789	Pray.g_01310
OG0001286	Praz	Prbg.g_01789	Praz.g_00259
OG0001286	Prba	Prbg.g_01789	Prba.g_00433
OG0001286	Prbi	Prbg.g_01789	Prbi.g_01942
OG0001286	Prad	Prbg.g_01789	Prad.g_00803
OG0001286	Praa	Prbg.g_01789	Praa.g_01779
OG0001286	Prax	Prbg.g_01789	Prax.g_01342
OG0001286	Prbd	Prbg.g_01789	Prbd.g_01387
OG0001286	Prae	Prbg.g_01789	Prae.g_01762
OG0001286	Pras	Prbg.g_01789	Pras.g_00691
OG0001286	Prau	Prbg.g_01789	Prau.g_01873
OG0001286	Prao	Prbg.g_01789	Prao.g_01691
OG0001286	Prag	Prbg.g_01789	Prag.g_01808
OG0001286	Praw	Prbg.g_01789	Praw.g_00092
OG0001286	Prav	Prbg.g_01789	Prav.g_00636
OG0001286	Pral	Prbg.g_01789	Pral.g_00247
OG0001286	Prbm	Prbg.g_01789	Prbm.g_02037
OG0001286	Prbc	Prbg.g_01789	Prbc.g_00280
OG0001286	Praj	Prbg.g_01789	Praj.g_01956
OG0001286	Prbb	Prbg.g_01789	Prbb.g_02005
OG0001286	Prat	Prbg.g_01789	Prat.g_01730
OG0001286	Prah	Prbg.g_01789	Prah.g_01990
OG0001286	Praf	Prbg.g_01789	Praf.g_02111
OG0001286	Prbj	Prbg.g_01789	Prbj.g_00409
OG0001286	Prbk	Prbg.g_01789	Prbk.g_00802
OG0001286	Prbl	Prbg.g_01789	Prbl.g_01132
OG0001286	Syad	Prbg.g_01789	Syad.g_00698
OG0001286	Syaj	Prbg.g_01789	Syaj.g_02742
OG0001286	Syaa	Prbg.g_01789	Syaa.g_02245
OG0001286	Syac	Prbg.g_01789	Syac.g_02089
OG0001286	Syah	Prbg.g_01789	Syah.g_00790
OG0001286	Syai	Prbg.g_01789	Syai.g_00408
OG0001286	Syaf	Prbg.g_01789	Syaf.g_00089
OG0001286	Syam	Prbg.g_01789	Syam.g_00376
OG0001286	Syak	Prbg.g_01789	Syak.g_01301
OG0001286	Syab	Prbg.g_01789	Syab.g_00451
OG0001286	Syal	Prbg.g_01789	Syal.g_00280
OG0001286	Syag	Prbg.g_01789	Syag.g_02778
OG0001286	Syar	Prbg.g_01789	Syar.g_01077
OG0001286	Syat	Prbg.g_01789	Syat.g_01656
OG0001286	Syap	Prbg.g_01789	Syap.g_00467
OG0001286	Syas	Prbg.g_01789	Syas.g_01585
OG0001286	Syan	Prbg.g_01789	Syan.g_02193
OG0001286	Syao	Prbg.g_01789	Syao.g_01835
OG0001286	Syaq	Prbg.g_01789	Syaq.g_00602
OG0001286	Pram	Prbg.g_01789	Pram.g_01774
OG0001286	Prbh	Prbg.g_01789	Prbh.g_01640
OG0001286	Prak	Prbg.g_01789	Prak.g_01784
OG0001286	Prap	Prbg.g_01789	Prap.g_01638
OG0001286	Prbe	Prbg.g_01789	Prbe.g_00832
OG0001286	Prbf	Prbg.g_01789	Prbf.g_00554
OG0001286	Prbn	Prbg.g_01789	Prbn.g_01885
OG0001287	Prao	Prbg.g_01849	Prao.g_01745
OG0001287	Prab	Prbg.g_01849	Prab.g_01859
OG0001287	Pran	Prbg.g_01849	Pran.g_01162
OG0001287	Prai	Prbg.g_01849	Prai.g_01840
OG0001287	Prac	Prbg.g_01849	Prac.g_00043
OG0001287	Praq	Prbg.g_01849	Praq.g_00765
OG0001287	Prar	Prbg.g_01849	Prar.g_00655
OG0001287	Praa	Prbg.g_01849	Praa.g_01834
OG0001287	Prbd	Prbg.g_01849	Prbd.g_01333
OG0001287	Prax	Prbg.g_01849	Prax.g_01396
OG0001287	Prad	Prbg.g_01849	Prad.g_01629
OG0001287	Prag	Prbg.g_01849	Prag.g_01863
OG0001287	Praw	Prbg.g_01849	Praw.g_00037
OG0001287	Prav	Prbg.g_01849	Prav.g_00691
OG0001287	Pras	Prbg.g_01849	Pras.g_00745
OG0001287	Prau	Prbg.g_01849	Prau.g_01927
OG0001287	Prae	Prbg.g_01849	Prae.g_01817
OG0001287	Prbi	Prbg.g_01849	Prbi.g_01996
OG0001287	Pray	Prbg.g_01849	Pray.g_01366
OG0001287	Praz	Prbg.g_01849	Praz.g_00203
OG0001287	Prba	Prbg.g_01849	Prba.g_00770
OG0001287	Syap	Prbg.g_01849	Syap.g_00418
OG0001287	Syas	Prbg.g_01849	Syas.g_00136
OG0001287	Praj	Prbg.g_01849	Praj.g_02014
OG0001287	Prbb	Prbg.g_01849	Prbb.g_02063
OG0001287	Prbm	Prbg.g_01849	Prbm.g_02096
OG0001287	Prbc	Prbg.g_01849	Prbc.g_00209
OG0001287	Syak	Prbg.g_01849	Syak.g_01652
OG0001287	Syaq	Prbg.g_01849	Syaq.g_01030
OG0001287	Syan	Prbg.g_01849	Syan.g_01894
OG0001287	Syar	Prbg.g_01849	Syar.g_00606
OG0001287	Syat	Prbg.g_01849	Syat.g_02208
OG0001287	Syag	Prbg.g_01849	Syag.g_02391
OG0001287	Praf	Prbg.g_01849	Praf.g_00176
OG0001287	Prah	Prbg.g_01849	Prah.g_00148
OG0001287	Syab	Prbg.g_01849	Syab.g_00111
OG0001287	Syal	Prbg.g_01849	Syal.g_01461
OG0001287	Syae	Prbg.g_01849	Syae.g_01827
OG0001287	Syad	Prbg.g_01849	Syad.g_00346
OG0001287	Syaj	Prbg.g_01849	Syaj.g_02415
OG0001287	Syac	Prbg.g_01849	Syac.g_00154
OG0001287	Syah	Prbg.g_01849	Syah.g_00252
OG0001287	Syaa	Prbg.g_01849	Syaa.g_00121
OG0001287	Syaf	Prbg.g_01849	Syaf.g_00390
OG0001287	Syam	Prbg.g_01849	Syam.g_00113
OG0001287	Syai	Prbg.g_01849	Syai.g_00109
OG0001287	Pral	Prbg.g_01849	Pral.g_00307
OG0001287	Prat	Prbg.g_01849	Prat.g_01790
OG0001287	Pram	Prbg.g_01849	Pram.g_01835
OG0001287	Prbh	Prbg.g_01849	Prbh.g_01579
OG0001287	Prak	Prbg.g_01849	Prak.g_01844
OG0001287	Prap	Prbg.g_01849	Prap.g_01578
OG0001287	Prbe	Prbg.g_01849	Prbe.g_00772
OG0001287	Prbf	Prbg.g_01849	Prbf.g_00494
OG0001287	Prbn	Prbg.g_01849	Prbn.g_00994
OG0001288	Prab	Prbg.g_01859	Prab.g_01868
OG0001288	Pran	Prbg.g_01859	Pran.g_01171
OG0001288	Prai	Prbg.g_01859	Prai.g_01849
OG0001288	Pray	Prbg.g_01859	Pray.g_01375
OG0001288	Praz	Prbg.g_01859	Praz.g_00194
OG0001288	Prba	Prbg.g_01859	Prba.g_00779
OG0001288	Prac	Prbg.g_01859	Prac.g_00051
OG0001288	Praq	Prbg.g_01859	Praq.g_00773
OG0001288	Prar	Prbg.g_01859	Prar.g_00663
OG0001288	Prao	Prbg.g_01859	Prao.g_01754
OG0001288	Prad	Prbg.g_01859	Prad.g_01621
OG0001288	Prav	Prbg.g_01859	Prav.g_00700
OG0001288	Prag	Prbg.g_01859	Prag.g_01872
OG0001288	Praw	Prbg.g_01859	Praw.g_00028
OG0001288	Prbi	Prbg.g_01859	Prbi.g_02005
OG0001288	Pras	Prbg.g_01859	Pras.g_00754
OG0001288	Prau	Prbg.g_01859	Prau.g_01936
OG0001288	Praa	Prbg.g_01859	Praa.g_01843
OG0001288	Prax	Prbg.g_01859	Prax.g_01405
OG0001288	Prae	Prbg.g_01859	Prae.g_01826
OG0001288	Prbd	Prbg.g_01859	Prbd.g_01324
OG0001288	Prbc	Prbg.g_01859	Prbc.g_00198
OG0001288	Prbb	Prbg.g_01859	Prbb.g_02074
OG0001288	Praj	Prbg.g_01859	Praj.g_02025
OG0001288	Prbm	Prbg.g_01859	Prbm.g_02106
OG0001288	Praf	Prbg.g_01859	Praf.g_00158
OG0001288	Prah	Prbg.g_01859	Prah.g_00130
OG0001288	Prbj	Prbg.g_01859	Prbj.g_01286
OG0001288	Prbk	Prbg.g_01859	Prbk.g_01534
OG0001288	Prbl	Prbg.g_01859	Prbl.g_02059
OG0001288	Syae	Prbg.g_01859	Syae.g_01815
OG0001288	Syad	Prbg.g_01859	Syad.g_00326
OG0001288	Syaj	Prbg.g_01859	Syaj.g_02394
OG0001288	Syac	Prbg.g_01859	Syac.g_00141
OG0001288	Syah	Prbg.g_01859	Syah.g_00266
OG0001288	Syaf	Prbg.g_01859	Syaf.g_00408
OG0001288	Syam	Prbg.g_01859	Syam.g_00102
OG0001288	Syao	Prbg.g_01859	Syao.g_02187
OG0001288	Syas	Prbg.g_01859	Syas.g_02144
OG0001288	Syap	Prbg.g_01859	Syap.g_01123
OG0001288	Syat	Prbg.g_01859	Syat.g_02225
OG0001288	Syar	Prbg.g_01859	Syar.g_00591
OG0001288	Syag	Prbg.g_01859	Syag.g_02373
OG0001288	Syak	Prbg.g_01859	Syak.g_01686
OG0001288	Syab	Prbg.g_01859	Syab.g_00094
OG0001288	Syal	Prbg.g_01859	Syal.g_01513
OG0001288	Pral	Prbg.g_01859	Pral.g_00317
OG0001288	Prat	Prbg.g_01859	Prat.g_01800
OG0001288	Pram	Prbg.g_01859	Pram.g_01845
OG0001288	Prbh	Prbg.g_01859	Prbh.g_01569
OG0001288	Prak	Prbg.g_01859	Prak.g_01854
OG0001288	Prap	Prbg.g_01859	Prap.g_01568
OG0001288	Prbe	Prbg.g_01859	Prbe.g_00762
OG0001288	Prbf	Prbg.g_01859	Prbf.g_00483
OG0001288	Prbn	Prbg.g_01859	Prbn.g_00984
OG0001289	Prab	Prbg.g_00783	Prab.g_00079
OG0001289	Pran	Prbg.g_00783	Pran.g_00345
OG0001289	Prai	Prbg.g_00783	Prai.g_00087
OG0001289	Prag	Prbg.g_00783	Prag.g_00081
OG0001289	Praw	Prbg.g_00783	Praw.g_01347
OG0001289	Prac	Prbg.g_00783	Prac.g_01844
OG0001289	Praq	Prbg.g_00783	Praq.g_01916
OG0001289	Prar	Prbg.g_00783	Prar.g_00241
OG0001289	Prad	Prbg.g_00783	Prad.g_01906
OG0001289	Pras	Prbg.g_00783	Pras.g_00938
OG0001289	Prau	Prbg.g_00783	Prau.g_00088
OG0001289	Prav	Prbg.g_00783	Prav.g_00152
OG0001289	Prao	Prbg.g_00783	Prao.g_00226
OG0001289	Prae	Prbg.g_00783	Prae.g_00087
OG0001289	Pray	Prbg.g_00783	Pray.g_00202
OG0001289	Praz	Prbg.g_00783	Praz.g_00447
OG0001289	Prba	Prbg.g_00783	Prba.g_01875
OG0001289	Prax	Prbg.g_00783	Prax.g_00658
OG0001289	Prbd	Prbg.g_00783	Prbd.g_01157
OG0001289	Praa	Prbg.g_00783	Praa.g_00087
OG0001289	Prbi	Prbg.g_00783	Prbi.g_00094
OG0001289	Syaq	Prbg.g_00783	Syaq.g_01528
OG0001289	Syag	Prbg.g_00783	Syag.g_01850
OG0001289	Syab	Prbg.g_00783	Syab.g_02465
OG0001289	Syal	Prbg.g_00783	Syal.g_00781
OG0001289	Syak	Prbg.g_00783	Syak.g_02222
OG0001289	Syar	Prbg.g_00783	Syar.g_03080
OG0001289	Syas	Prbg.g_00783	Syas.g_02474
OG0001289	Syan	Prbg.g_00783	Syan.g_02942
OG0001289	Syao	Prbg.g_00783	Syao.g_02649
OG0001289	Syap	Prbg.g_00783	Syap.g_02365
OG0001289	Syat	Prbg.g_00783	Syat.g_01527
OG0001289	Syad	Prbg.g_00783	Syad.g_02767
OG0001289	Syaj	Prbg.g_00783	Syaj.g_01845
OG0001289	Syac	Prbg.g_00783	Syac.g_00426
OG0001289	Syah	Prbg.g_00783	Syah.g_02508
OG0001289	Syaf	Prbg.g_00783	Syaf.g_00935
OG0001289	Syai	Prbg.g_00783	Syai.g_02504
OG0001289	Syam	Prbg.g_00783	Syam.g_02089
OG0001289	Syaa	Prbg.g_00783	Syaa.g_00327
OG0001289	Syae	Prbg.g_00783	Syae.g_01330
OG0001289	Prbm	Prbg.g_00783	Prbm.g_00144
OG0001289	Praj	Prbg.g_00783	Praj.g_00125
OG0001289	Prbb	Prbg.g_00783	Prbb.g_00142
OG0001289	Prbc	Prbg.g_00783	Prbc.g_00486
OG0001289	Pral	Prbg.g_00783	Pral.g_00960
OG0001289	Prat	Prbg.g_00783	Prat.g_00085
OG0001289	Pram	Prbg.g_00783	Pram.g_00071
OG0001289	Prbh	Prbg.g_00783	Prbh.g_00696
OG0001289	Prak	Prbg.g_00783	Prak.g_00091
OG0001289	Prap	Prbg.g_00783	Prap.g_01091
OG0001289	Prbe	Prbg.g_00783	Prbe.g_00191
OG0001289	Prbf	Prbg.g_00783	Prbf.g_01413
OG0001289	Prbn	Prbg.g_00783	Prbn.g_01334
OG0001290	Prai	Prbg.g_00872	Prai.g_00100
OG0001290	Prab	Prbg.g_00872	Prab.g_00091
OG0001290	Pran	Prbg.g_00872	Pran.g_00333
OG0001290	Prad	Prbg.g_00872	Prad.g_01893
OG0001290	Pras	Prbg.g_00872	Pras.g_00951
OG0001290	Prau	Prbg.g_00872	Prau.g_00101
OG0001290	Prbd	Prbg.g_00872	Prbd.g_01144
OG0001290	Praa	Prbg.g_00872	Praa.g_00100
OG0001290	Prax	Prbg.g_00872	Prax.g_01118
OG0001290	Prae	Prbg.g_00872	Prae.g_00100
OG0001290	Prbi	Prbg.g_00872	Prbi.g_00107
OG0001290	Pray	Prbg.g_00872	Pray.g_00189
OG0001290	Praz	Prbg.g_00872	Praz.g_00460
OG0001290	Prba	Prbg.g_00872	Prba.g_01888
OG0001290	Prac	Prbg.g_00872	Prac.g_01831
OG0001290	Praq	Prbg.g_00872	Praq.g_01903
OG0001290	Prar	Prbg.g_00872	Prar.g_00228
OG0001290	Prag	Prbg.g_00872	Prag.g_00093
OG0001290	Praw	Prbg.g_00872	Praw.g_01335
OG0001290	Prao	Prbg.g_00872	Prao.g_00239
OG0001290	Prav	Prbg.g_00872	Prav.g_00165
OG0001290	Prbm	Prbg.g_00872	Prbm.g_00158
OG0001290	Praj	Prbg.g_00872	Praj.g_00139
OG0001290	Prbb	Prbg.g_00872	Prbb.g_00156
OG0001290	Prbc	Prbg.g_00872	Prbc.g_00472
OG0001290	Pral	Prbg.g_00872	Pral.g_00946
OG0001290	Prat	Prbg.g_00872	Prat.g_00098
OG0001290	Syad	Prbg.g_00872	Syad.g_02794
OG0001290	Syaj	Prbg.g_00872	Syaj.g_01880
OG0001290	Syae	Prbg.g_00872	Syae.g_01356
OG0001290	Syaa	Prbg.g_00872	Syaa.g_02373
OG0001290	Syai	Prbg.g_00872	Syai.g_02536
OG0001290	Syaf	Prbg.g_00872	Syaf.g_00910
OG0001290	Syam	Prbg.g_00872	Syam.g_02114
OG0001290	Syag	Prbg.g_00872	Syag.g_01878
OG0001290	Syar	Prbg.g_00872	Syar.g_03111
OG0001290	Syas	Prbg.g_00872	Syas.g_02428
OG0001290	Syat	Prbg.g_00872	Syat.g_01563
OG0001290	Syak	Prbg.g_00872	Syak.g_02198
OG0001290	Syaq	Prbg.g_00872	Syaq.g_01493
OG0001290	Syab	Prbg.g_00872	Syab.g_02493
OG0001290	Syal	Prbg.g_00872	Syal.g_00813
OG0001290	Prbj	Prbg.g_00872	Prbj.g_00613
OG0001290	Prbk	Prbg.g_00872	Prbk.g_00018
OG0001290	Prbl	Prbg.g_00872	Prbl.g_00559
OG0001290	Praf	Prbg.g_00872	Praf.g_00251
OG0001290	Prah	Prbg.g_00872	Prah.g_01890
OG0001290	Pram	Prbg.g_00872	Pram.g_00085
OG0001290	Prbh	Prbg.g_00872	Prbh.g_00682
OG0001290	Prak	Prbg.g_00872	Prak.g_00106
OG0001290	Prap	Prbg.g_00872	Prap.g_01076
OG0001290	Prbe	Prbg.g_00872	Prbe.g_01642
OG0001290	Prbf	Prbg.g_00872	Prbf.g_01428
OG0001290	Prbn	Prbg.g_00872	Prbn.g_01319
OG0001291	Prab	Prbg.g_00910	Prab.g_00125
OG0001291	Pran	Prbg.g_00910	Pran.g_00299
OG0001291	Prai	Prbg.g_00910	Prai.g_00135
OG0001291	Prac	Prbg.g_00910	Prac.g_01796
OG0001291	Praq	Prbg.g_00910	Praq.g_01868
OG0001291	Prar	Prbg.g_00910	Prar.g_00193
OG0001291	Prav	Prbg.g_00910	Prav.g_00200
OG0001291	Prad	Prbg.g_00910	Prad.g_01858
OG0001291	Prbi	Prbg.g_00910	Prbi.g_00143
OG0001291	Pras	Prbg.g_00910	Pras.g_00986
OG0001291	Prau	Prbg.g_00910	Prau.g_00136
OG0001291	Prbd	Prbg.g_00910	Prbd.g_01108
OG0001291	Praa	Prbg.g_00910	Praa.g_00135
OG0001291	Prae	Prbg.g_00910	Prae.g_00135
OG0001291	Prax	Prbg.g_00910	Prax.g_01083
OG0001291	Pray	Prbg.g_00910	Pray.g_00154
OG0001291	Praz	Prbg.g_00910	Praz.g_00495
OG0001291	Prba	Prbg.g_00910	Prba.g_01923
OG0001291	Prag	Prbg.g_00910	Prag.g_00128
OG0001291	Praw	Prbg.g_00910	Praw.g_01300
OG0001291	Pral	Prbg.g_00910	Pral.g_00909
OG0001291	Prat	Prbg.g_00910	Prat.g_00135
OG0001291	Prbj	Prbg.g_00910	Prbj.g_01541
OG0001291	Prbk	Prbg.g_00910	Prbk.g_00553
OG0001291	Prbl	Prbg.g_00910	Prbl.g_00816
OG0001291	Praf	Prbg.g_00910	Praf.g_02414
OG0001291	Prah	Prbg.g_00910	Prah.g_02263
OG0001291	Syar	Prbg.g_00910	Syar.g_00064
OG0001291	Syan	Prbg.g_00910	Syan.g_02273
OG0001291	Syao	Prbg.g_00910	Syao.g_02551
OG0001291	Syat	Prbg.g_00910	Syat.g_02916
OG0001291	Syap	Prbg.g_00910	Syap.g_02207
OG0001291	Syas	Prbg.g_00910	Syas.g_02378
OG0001291	Syac	Prbg.g_00910	Syac.g_00349
OG0001291	Syah	Prbg.g_00910	Syah.g_00032
OG0001291	Syaa	Prbg.g_00910	Syaa.g_02428
OG0001291	Syaf	Prbg.g_00910	Syaf.g_00853
OG0001291	Syai	Prbg.g_00910	Syai.g_02587
OG0001291	Syam	Prbg.g_00910	Syam.g_02170
OG0001291	Syae	Prbg.g_00910	Syae.g_01409
OG0001291	Syad	Prbg.g_00910	Syad.g_02854
OG0001291	Syaj	Prbg.g_00910	Syaj.g_01939
OG0001291	Syab	Prbg.g_00910	Syab.g_02546
OG0001291	Syal	Prbg.g_00910	Syal.g_00866
OG0001291	Syak	Prbg.g_00910	Syak.g_02147
OG0001291	Syag	Prbg.g_00910	Syag.g_01933
OG0001291	Syaq	Prbg.g_00910	Syaq.g_01444
OG0001291	Pram	Prbg.g_00910	Pram.g_00122
OG0001291	Prbh	Prbg.g_00910	Prbh.g_00645
OG0001291	Prak	Prbg.g_00910	Prak.g_00144
OG0001291	Prap	Prbg.g_00910	Prap.g_01038
OG0001291	Prbe	Prbg.g_00910	Prbe.g_01680
OG0001291	Prbf	Prbg.g_00910	Prbf.g_01466
OG0001291	Prbn	Prbg.g_00910	Prbn.g_01281
OG0001292	Prac	Prbg.g_01031	Prac.g_01682
OG0001292	Praq	Prbg.g_01031	Praq.g_01754
OG0001292	Prar	Prbg.g_01031	Prar.g_00079
OG0001292	Prai	Prbg.g_01031	Prai.g_00261
OG0001292	Prav	Prbg.g_01031	Prav.g_01895
OG0001292	Prag	Prbg.g_01031	Prag.g_00241
OG0001292	Praw	Prbg.g_01031	Praw.g_00885
OG0001292	Pras	Prbg.g_01031	Pras.g_01100
OG0001292	Prau	Prbg.g_01031	Prau.g_00250
OG0001292	Prad	Prbg.g_01031	Prad.g_01743
OG0001292	Prbi	Prbg.g_01031	Prbi.g_00272
OG0001292	Prax	Prbg.g_01031	Prax.g_00927
OG0001292	Prae	Prbg.g_01031	Prae.g_00251
OG0001292	Praa	Prbg.g_01031	Praa.g_00248
OG0001292	Pray	Prbg.g_01031	Pray.g_00729
OG0001292	Praz	Prbg.g_01031	Praz.g_00608
OG0001292	Prba	Prbg.g_01031	Prba.g_00467
OG0001292	Prao	Prbg.g_01031	Prao.g_00386
OG0001292	Prbd	Prbg.g_01031	Prbd.g_00991
OG0001292	Prab	Prbg.g_01031	Prab.g_00238
OG0001292	Pran	Prbg.g_01031	Pran.g_01944
OG0001292	Pral	Prbg.g_01031	Pral.g_00791
OG0001292	Prat	Prbg.g_01031	Prat.g_00254
OG0001292	Syai	Prbg.g_01031	Syai.g_00306
OG0001292	Syaf	Prbg.g_01031	Syaf.g_00191
OG0001292	Syam	Prbg.g_01031	Syam.g_00276
OG0001292	Syac	Prbg.g_01031	Syac.g_02205
OG0001292	Syah	Prbg.g_01031	Syah.g_00671
OG0001292	Syab	Prbg.g_01031	Syab.g_00348
OG0001292	Syal	Prbg.g_01031	Syal.g_01206
OG0001292	Syag	Prbg.g_01031	Syag.g_02667
OG0001292	Praf	Prbg.g_01031	Praf.g_02211
OG0001292	Prbj	Prbg.g_01031	Prbj.g_01346
OG0001292	Prbk	Prbg.g_01031	Prbk.g_01007
OG0001292	Prbl	Prbg.g_01031	Prbl.g_01512
OG0001292	Prah	Prbg.g_01031	Prah.g_02083
OG0001292	Syak	Prbg.g_01031	Syak.g_01410
OG0001292	Syae	Prbg.g_01031	Syae.g_02017
OG0001292	Syat	Prbg.g_01031	Syat.g_01873
OG0001292	Syaa	Prbg.g_01031	Syaa.g_00310
OG0001292	Syad	Prbg.g_01031	Syad.g_00572
OG0001292	Syaj	Prbg.g_01031	Syaj.g_02616
OG0001292	Syan	Prbg.g_01031	Syan.g_02091
OG0001292	Syao	Prbg.g_01031	Syao.g_02111
OG0001292	Syar	Prbg.g_01031	Syar.g_00160
OG0001292	Syap	Prbg.g_01031	Syap.g_01583
OG0001292	Syas	Prbg.g_01031	Syas.g_01693
OG0001292	Pram	Prbg.g_01031	Pram.g_00236
OG0001292	Prbh	Prbg.g_01031	Prbh.g_00531
OG0001292	Prak	Prbg.g_01031	Prak.g_00265
OG0001292	Prap	Prbg.g_01031	Prap.g_01463
OG0001292	Prbe	Prbg.g_01031	Prbe.g_01801
OG0001292	Prbf	Prbg.g_01031	Prbf.g_01587
OG0001292	Prbn	Prbg.g_01031	Prbn.g_00014
OG0001293	Prab	Prbg.g_01044	Prab.g_00250
OG0001293	Pran	Prbg.g_01044	Pran.g_01932
OG0001293	Prai	Prbg.g_01044	Prai.g_00274
OG0001293	Prac	Prbg.g_01044	Prac.g_01670
OG0001293	Praq	Prbg.g_01044	Praq.g_01742
OG0001293	Prar	Prbg.g_01044	Prar.g_00326
OG0001293	Pray	Prbg.g_01044	Pray.g_00741
OG0001293	Praz	Prbg.g_01044	Praz.g_00620
OG0001293	Prba	Prbg.g_01044	Prba.g_00479
OG0001293	Prag	Prbg.g_01044	Prag.g_00252
OG0001293	Praw	Prbg.g_01044	Praw.g_00873
OG0001293	Praa	Prbg.g_01044	Praa.g_00261
OG0001293	Pras	Prbg.g_01044	Pras.g_01113
OG0001293	Prau	Prbg.g_01044	Prau.g_00263
OG0001293	Prax	Prbg.g_01044	Prax.g_00914
OG0001293	Prbd	Prbg.g_01044	Prbd.g_00978
OG0001293	Prae	Prbg.g_01044	Prae.g_00264
OG0001293	Prbi	Prbg.g_01044	Prbi.g_00285
OG0001293	Prad	Prbg.g_01044	Prad.g_01730
OG0001293	Prav	Prbg.g_01044	Prav.g_01908
OG0001293	Prao	Prbg.g_01044	Prao.g_00399
OG0001293	Pral	Prbg.g_01044	Pral.g_00778
OG0001293	Prat	Prbg.g_01044	Prat.g_00268
OG0001293	Prbj	Prbg.g_01044	Prbj.g_01369
OG0001293	Prbk	Prbg.g_01044	Prbk.g_00381
OG0001293	Prbl	Prbg.g_01044	Prbl.g_01489
OG0001293	Praf	Prbg.g_01044	Praf.g_02252
OG0001293	Prah	Prbg.g_01044	Prah.g_02108
OG0001293	Syag	Prbg.g_01044	Syag.g_02625
OG0001293	Syaq	Prbg.g_01044	Syaq.g_00736
OG0001293	Syak	Prbg.g_01044	Syak.g_01432
OG0001293	Syab	Prbg.g_01044	Syab.g_00322
OG0001293	Syal	Prbg.g_01044	Syal.g_01236
OG0001293	Syar	Prbg.g_01044	Syar.g_00198
OG0001293	Syas	Prbg.g_01044	Syas.g_01720
OG0001293	Syan	Prbg.g_01044	Syan.g_02051
OG0001293	Syao	Prbg.g_01044	Syao.g_02091
OG0001293	Syat	Prbg.g_01044	Syat.g_01995
OG0001293	Syad	Prbg.g_01044	Syad.g_00549
OG0001293	Syaj	Prbg.g_01044	Syaj.g_02594
OG0001293	Syac	Prbg.g_01044	Syac.g_02226
OG0001293	Syah	Prbg.g_01044	Syah.g_00650
OG0001293	Syae	Prbg.g_01044	Syae.g_01996
OG0001293	Syaa	Prbg.g_01044	Syaa.g_00288
OG0001293	Syaf	Prbg.g_01044	Syaf.g_00217
OG0001293	Syai	Prbg.g_01044	Syai.g_00285
OG0001293	Syam	Prbg.g_01044	Syam.g_00256
OG0001293	Pram	Prbg.g_01044	Pram.g_00249
OG0001293	Prbh	Prbg.g_01044	Prbh.g_00518
OG0001293	Prak	Prbg.g_01044	Prak.g_00278
OG0001293	Prap	Prbg.g_01044	Prap.g_01450
OG0001293	Prbe	Prbg.g_01044	Prbe.g_01814
OG0001293	Prbf	Prbg.g_01044	Prbf.g_01600
OG0001293	Prbn	Prbg.g_01044	Prbn.g_00027
OG0001295	Prab	Prbg.g_00714	Prab.g_00472
OG0001295	Pran	Prbg.g_00714	Pran.g_01711
OG0001295	Prai	Prbg.g_00714	Prai.g_00498
OG0001295	Prav	Prbg.g_00714	Prav.g_01065
OG0001295	Prac	Prbg.g_00714	Prac.g_01078
OG0001295	Praq	Prbg.g_00714	Praq.g_00517
OG0001295	Prar	Prbg.g_00714	Prar.g_00516
OG0001295	Prag	Prbg.g_00714	Prag.g_00446
OG0001295	Praw	Prbg.g_00714	Praw.g_00680
OG0001295	Prae	Prbg.g_00714	Prae.g_00441
OG0001295	Prau	Prbg.g_00714	Prau.g_00509
OG0001295	Prbi	Prbg.g_00714	Prbi.g_00469
OG0001295	Praa	Prbg.g_00714	Praa.g_00467
OG0001295	Prad	Prbg.g_00714	Prad.g_00039
OG0001295	Prax	Prbg.g_00714	Prax.g_00734
OG0001295	Pray	Prbg.g_00714	Pray.g_00957
OG0001295	Praz	Prbg.g_00714	Praz.g_01861
OG0001295	Prba	Prbg.g_00714	Prba.g_00994
OG0001295	Pras	Prbg.g_00714	Pras.g_01345
OG0001295	Prao	Prbg.g_00714	Prao.g_00573
OG0001295	Prbd	Prbg.g_00714	Prbd.g_00775
OG0001295	Prbc	Prbg.g_00714	Prbc.g_01471
OG0001295	Praj	Prbg.g_00714	Praj.g_01485
OG0001295	Prbb	Prbg.g_00714	Prbb.g_01542
OG0001295	Prbm	Prbg.g_00714	Prbm.g_01574
OG0001295	Prat	Prbg.g_00714	Prat.g_01215
OG0001295	Syar	Prbg.g_00714	Syar.g_00693
OG0001295	Syak	Prbg.g_00714	Syak.g_00740
OG0001295	Syab	Prbg.g_00714	Syab.g_01215
OG0001295	Syal	Prbg.g_00714	Syal.g_01828
OG0001295	Prbj	Prbg.g_00714	Prbj.g_02145
OG0001295	Prbk	Prbg.g_00714	Prbk.g_01098
OG0001295	Prbl	Prbg.g_00714	Prbl.g_00748
OG0001295	Praf	Prbg.g_00714	Praf.g_00676
OG0001295	Prah	Prbg.g_00714	Prah.g_01481
OG0001295	Syan	Prbg.g_00714	Syan.g_00836
OG0001295	Syao	Prbg.g_00714	Syao.g_00878
OG0001295	Syag	Prbg.g_00714	Syag.g_00968
OG0001295	Syac	Prbg.g_00714	Syac.g_01824
OG0001295	Syah	Prbg.g_00714	Syah.g_01076
OG0001295	Syad	Prbg.g_00714	Syad.g_00997
OG0001295	Syaj	Prbg.g_00714	Syaj.g_00161
OG0001295	Syaa	Prbg.g_00714	Syaa.g_01964
OG0001295	Syaf	Prbg.g_00714	Syaf.g_02637
OG0001295	Syai	Prbg.g_00714	Syai.g_00722
OG0001295	Syam	Prbg.g_00714	Syam.g_00665
OG0001295	Syae	Prbg.g_00714	Syae.g_02389
OG0001295	Syas	Prbg.g_00714	Syas.g_00770
OG0001295	Syat	Prbg.g_00714	Syat.g_00945
OG0001295	Prak	Prbg.g_00714	Prak.g_01514
OG0001295	Prap	Prbg.g_00714	Prap.g_01919
OG0001295	Prbe	Prbg.g_00714	Prbe.g_00005
OG0001295	Prbf	Prbg.g_00714	Prbf.g_00824
OG0001295	Prbn	Prbg.g_00714	Prbn.g_00146
OG0001296	Prae	Prbg.g_00228	Prae.g_00483
OG0001296	Prbd	Prbg.g_00228	Prbd.g_00733
OG0001296	Prbi	Prbg.g_00228	Prbi.g_00512
OG0001296	Pras	Prbg.g_00228	Pras.g_01387
OG0001296	Prau	Prbg.g_00228	Prau.g_00550
OG0001296	Prao	Prbg.g_00228	Prao.g_00615
OG0001296	Praa	Prbg.g_00228	Praa.g_00509
OG0001296	Prax	Prbg.g_00228	Prax.g_00692
OG0001296	Pray	Prbg.g_00228	Pray.g_01000
OG0001296	Praz	Prbg.g_00228	Praz.g_01819
OG0001296	Prba	Prbg.g_00228	Prba.g_00952
OG0001296	Prad	Prbg.g_00228	Prad.g_00120
OG0001296	Prag	Prbg.g_00228	Prag.g_00488
OG0001296	Praw	Prbg.g_00228	Praw.g_00639
OG0001296	Prav	Prbg.g_00228	Prav.g_01107
OG0001296	Prac	Prbg.g_00228	Prac.g_00862
OG0001296	Praq	Prbg.g_00228	Praq.g_01093
OG0001296	Prar	Prbg.g_00228	Prar.g_01340
OG0001296	Prab	Prbg.g_00228	Prab.g_00513
OG0001296	Pran	Prbg.g_00228	Pran.g_01669
OG0001296	Prai	Prbg.g_00228	Prai.g_00539
OG0001296	Prbc	Prbg.g_00228	Prbc.g_01589
OG0001296	Prbm	Prbg.g_00228	Prbm.g_00543
OG0001296	Praj	Prbg.g_00228	Praj.g_00501
OG0001296	Prbb	Prbg.g_00228	Prbb.g_00513
OG0001296	Pral	Prbg.g_00228	Pral.g_00581
OG0001296	Prat	Prbg.g_00228	Prat.g_00472
OG0001296	Syab	Prbg.g_00228	Syab.g_02132
OG0001296	Syal	Prbg.g_00228	Syal.g_02933
OG0001296	Prah	Prbg.g_00228	Prah.g_01531
OG0001296	Syag	Prbg.g_00228	Syag.g_01492
OG0001296	Syaq	Prbg.g_00228	Syaq.g_01808
OG0001296	Syaa	Prbg.g_00228	Syaa.g_02017
OG0001296	Syac	Prbg.g_00228	Syac.g_01870
OG0001296	Syah	Prbg.g_00228	Syah.g_01030
OG0001296	Syad	Prbg.g_00228	Syad.g_00939
OG0001296	Syae	Prbg.g_00228	Syae.g_02343
OG0001296	Syaj	Prbg.g_00228	Syaj.g_00106
OG0001296	Syaf	Prbg.g_00228	Syaf.g_02687
OG0001296	Syai	Prbg.g_00228	Syai.g_00672
OG0001296	Syam	Prbg.g_00228	Syam.g_00617
OG0001296	Syak	Prbg.g_00228	Syak.g_02610
OG0001296	Syar	Prbg.g_00228	Syar.g_01506
OG0001296	Syat	Prbg.g_00228	Syat.g_03217
OG0001296	Syas	Prbg.g_00228	Syas.g_01217
OG0001296	Syan	Prbg.g_00228	Syan.g_02728
OG0001296	Syao	Prbg.g_00228	Syao.g_00163
OG0001296	Pram	Prbg.g_00228	Pram.g_00446
OG0001296	Prbh	Prbg.g_00228	Prbh.g_00321
OG0001296	Prak	Prbg.g_00228	Prak.g_00470
OG0001296	Prap	Prbg.g_00228	Prap.g_01258
OG0001296	Prbe	Prbg.g_00228	Prbe.g_00624
OG0001296	Prbf	Prbg.g_00228	Prbf.g_01792
OG0001296	Prbn	Prbg.g_00228	Prbn.g_00605
OG0001297	Praq	Prbg.g_00233	Praq.g_01088
OG0001297	Praa	Prbg.g_00233	Praa.g_00514
OG0001297	Prad	Prbg.g_00233	Prad.g_00115
OG0001297	Prae	Prbg.g_00233	Prae.g_00488
OG0001297	Prao	Prbg.g_00233	Prao.g_00620
OG0001297	Prau	Prbg.g_00233	Prau.g_00555
OG0001297	Prax	Prbg.g_00233	Prax.g_00687
OG0001297	Pray	Prbg.g_00233	Pray.g_01005
OG0001297	Praz	Prbg.g_00233	Praz.g_01814
OG0001297	Prba	Prbg.g_00233	Prba.g_00947
OG0001297	Prbi	Prbg.g_00233	Prbi.g_00517
OG0001297	Prbd	Prbg.g_00233	Prbd.g_00728
OG0001297	Pras	Prbg.g_00233	Pras.g_01392
OG0001297	Prab	Prbg.g_00233	Prab.g_00518
OG0001297	Pran	Prbg.g_00233	Pran.g_01664
OG0001297	Syan	Prbg.g_00233	Syan.g_02724
OG0001297	Syap	Prbg.g_00233	Syap.g_00255
OG0001297	Syao	Prbg.g_00233	Syao.g_00159
OG0001297	Syac	Prbg.g_00233	Syac.g_01866
OG0001297	Syah	Prbg.g_00233	Syah.g_01034
OG0001297	Syaf	Prbg.g_00233	Syaf.g_02683
OG0001297	Syai	Prbg.g_00233	Syai.g_00676
OG0001297	Syam	Prbg.g_00233	Syam.g_00621
OG0001297	Syae	Prbg.g_00233	Syae.g_02347
OG0001297	Syak	Prbg.g_00233	Syak.g_02614
OG0001297	Syaa	Prbg.g_00233	Syaa.g_02013
OG0001297	Syag	Prbg.g_00233	Syag.g_01488
OG0001297	Syaq	Prbg.g_00233	Syaq.g_01812
OG0001297	Syab	Prbg.g_00233	Syab.g_02136
OG0001297	Syad	Prbg.g_00233	Syad.g_00943
OG0001297	Syar	Prbg.g_00233	Syar.g_01510
OG0001297	Syas	Prbg.g_00233	Syas.g_01213
OG0001297	Syat	Prbg.g_00233	Syat.g_03221
OG0001297	Syaj	Prbg.g_00233	Syaj.g_00110
OG0001297	Prag	Prbg.g_00233	Prag.g_00493
OG0001297	Praw	Prbg.g_00233	Praw.g_00634
OG0001297	Prav	Prbg.g_00233	Prav.g_01112
OG0001297	Prah	Prbg.g_00233	Prah.g_01527
OG0001297	Prbj	Prbg.g_00233	Prbj.g_02100
OG0001297	Prbk	Prbg.g_00233	Prbk.g_01053
OG0001297	Prbl	Prbg.g_00233	Prbl.g_00793
OG0001297	Praj	Prbg.g_00233	Praj.g_00506
OG0001297	Prbb	Prbg.g_00233	Prbb.g_00518
OG0001297	Prbm	Prbg.g_00233	Prbm.g_00548
OG0001297	Prbc	Prbg.g_00233	Prbc.g_01594
OG0001297	Prat	Prbg.g_00233	Prat.g_00477
OG0001297	Pral	Prbg.g_00233	Pral.g_00576
OG0001297	Prak	Prbg.g_00233	Prak.g_00475
OG0001297	Pram	Prbg.g_00233	Pram.g_00451
OG0001297	Prap	Prbg.g_00233	Prap.g_01253
OG0001297	Prbe	Prbg.g_00233	Prbe.g_00619
OG0001297	Prbf	Prbg.g_00233	Prbf.g_01797
OG0001297	Prbh	Prbg.g_00233	Prbh.g_00316
OG0001297	Prbn	Prbg.g_00233	Prbn.g_00600
OG0001298	Pray	Prbg.g_00295	Pray.g_01185
OG0001298	Praz	Prbg.g_00295	Praz.g_01752
OG0001298	Prba	Prbg.g_00295	Prba.g_01739
OG0001298	Prae	Prbg.g_00295	Prae.g_00551
OG0001298	Prbi	Prbg.g_00295	Prbi.g_00579
OG0001298	Praa	Prbg.g_00295	Praa.g_00577
OG0001298	Prax	Prbg.g_00295	Prax.g_00037
OG0001298	Prad	Prbg.g_00295	Prad.g_01366
OG0001298	Pras	Prbg.g_00295	Pras.g_01453
OG0001298	Prau	Prbg.g_00295	Prau.g_00616
OG0001298	Prac	Prbg.g_00295	Prac.g_00796
OG0001298	Praq	Prbg.g_00295	Praq.g_01026
OG0001298	Prar	Prbg.g_00295	Prar.g_01406
OG0001298	Prbd	Prbg.g_00295	Prbd.g_00666
OG0001298	Prao	Prbg.g_00295	Prao.g_01869
OG0001298	Prav	Prbg.g_00295	Prav.g_01174
OG0001298	Prag	Prbg.g_00295	Prag.g_00555
OG0001298	Praw	Prbg.g_00295	Praw.g_01924
OG0001298	Prab	Prbg.g_00295	Prab.g_00581
OG0001298	Pran	Prbg.g_00295	Pran.g_01601
OG0001298	Prai	Prbg.g_00295	Prai.g_00605
OG0001298	Pram	Prbg.g_00295	Pram.g_00515
OG0001298	Prbh	Prbg.g_00295	Prbh.g_00252
OG0001298	Pral	Prbg.g_00295	Pral.g_00511
OG0001298	Prat	Prbg.g_00295	Prat.g_00541
OG0001298	Prbj	Prbg.g_00295	Prbj.g_01797
OG0001298	Prbk	Prbg.g_00295	Prbk.g_01114
OG0001298	Prbl	Prbg.g_00295	Prbl.g_01791
OG0001298	Praf	Prbg.g_00295	Praf.g_00722
OG0001298	Prah	Prbg.g_00295	Prah.g_01435
OG0001298	Syab	Prbg.g_00295	Syab.g_01980
OG0001298	Syal	Prbg.g_00295	Syal.g_02777
OG0001298	Syaa	Prbg.g_00295	Syaa.g_01913
OG0001298	Syac	Prbg.g_00295	Syac.g_01774
OG0001298	Syah	Prbg.g_00295	Syah.g_01128
OG0001298	Syag	Prbg.g_00295	Syag.g_00309
OG0001298	Syaf	Prbg.g_00295	Syaf.g_02584
OG0001298	Syai	Prbg.g_00295	Syai.g_00773
OG0001298	Syam	Prbg.g_00295	Syam.g_01738
OG0001298	Syae	Prbg.g_00295	Syae.g_02439
OG0001298	Syad	Prbg.g_00295	Syad.g_01055
OG0001298	Syaj	Prbg.g_00295	Syaj.g_00221
OG0001298	Syan	Prbg.g_00295	Syan.g_00944
OG0001298	Syao	Prbg.g_00295	Syao.g_01043
OG0001298	Syar	Prbg.g_00295	Syar.g_02210
OG0001298	Syas	Prbg.g_00295	Syas.g_00829
OG0001298	Syat	Prbg.g_00295	Syat.g_00043
OG0001298	Syak	Prbg.g_00295	Syak.g_02703
OG0001298	Syaq	Prbg.g_00295	Syaq.g_01967
OG0001298	Prak	Prbg.g_00295	Prak.g_00537
OG0001298	Prap	Prbg.g_00295	Prap.g_01192
OG0001298	Prbe	Prbg.g_00295	Prbe.g_00558
OG0001298	Prbf	Prbg.g_00295	Prbf.g_01858
OG0001298	Prbn	Prbg.g_00295	Prbn.g_00539
OG0001299	Prab	Prbg.g_01389	Prab.g_00671
OG0001299	Pran	Prbg.g_01389	Pran.g_01512
OG0001299	Prai	Prbg.g_01389	Prai.g_00695
OG0001299	Prad	Prbg.g_01389	Prad.g_01240
OG0001299	Prac	Prbg.g_01389	Prac.g_00705
OG0001299	Praq	Prbg.g_01389	Praq.g_00795
OG0001299	Prar	Prbg.g_01389	Prar.g_01496
OG0001299	Prav	Prbg.g_01389	Prav.g_01264
OG0001299	Prao	Prbg.g_01389	Prao.g_00105
OG0001299	Prag	Prbg.g_01389	Prag.g_00644
OG0001299	Praw	Prbg.g_01389	Praw.g_01856
OG0001299	Pray	Prbg.g_01389	Pray.g_01097
OG0001299	Praz	Prbg.g_01389	Praz.g_01664
OG0001299	Prba	Prbg.g_01389	Prba.g_01651
OG0001299	Prae	Prbg.g_01389	Prae.g_00640
OG0001299	Praa	Prbg.g_01389	Praa.g_00666
OG0001299	Prax	Prbg.g_01389	Prax.g_00976
OG0001299	Prbd	Prbg.g_01389	Prbd.g_00578
OG0001299	Prbi	Prbg.g_01389	Prbi.g_00669
OG0001299	Pras	Prbg.g_01389	Pras.g_01542
OG0001299	Prau	Prbg.g_01389	Prau.g_00706
OG0001299	Syap	Prbg.g_01389	Syap.g_01959
OG0001299	Syas	Prbg.g_01389	Syas.g_00700
OG0001299	Syat	Prbg.g_01389	Syat.g_00401
OG0001299	Syan	Prbg.g_01389	Syan.g_00764
OG0001299	Syao	Prbg.g_01389	Syao.g_00942
OG0001299	Syar	Prbg.g_01389	Syar.g_01915
OG0001299	Syag	Prbg.g_01389	Syag.g_00582
OG0001299	Syaq	Prbg.g_01389	Syaq.g_02246
OG0001299	Syak	Prbg.g_01389	Syak.g_00349
OG0001299	Syab	Prbg.g_01389	Syab.g_01557
OG0001299	Syal	Prbg.g_01389	Syal.g_02200
OG0001299	Syac	Prbg.g_01389	Syac.g_01417
OG0001299	Syah	Prbg.g_01389	Syah.g_01501
OG0001299	Syaf	Prbg.g_01389	Syaf.g_02130
OG0001299	Syai	Prbg.g_01389	Syai.g_01236
OG0001299	Syam	Prbg.g_01389	Syam.g_01371
OG0001299	Syaa	Prbg.g_01389	Syaa.g_01070
OG0001299	Syad	Prbg.g_01389	Syad.g_01591
OG0001299	Syaj	Prbg.g_01389	Syaj.g_00716
OG0001299	Syae	Prbg.g_01389	Syae.g_00599
OG0001299	Pral	Prbg.g_01389	Pral.g_01468
OG0001299	Prat	Prbg.g_01389	Prat.g_01057
OG0001299	Prbm	Prbg.g_01389	Prbm.g_00698
OG0001299	Prbb	Prbg.g_01389	Prbb.g_00669
OG0001299	Praj	Prbg.g_01389	Praj.g_00655
OG0001299	Prbc	Prbg.g_01389	Prbc.g_01744
OG0001299	Pram	Prbg.g_01389	Pram.g_01043
OG0001299	Prbh	Prbg.g_01389	Prbh.g_01186
OG0001299	Prak	Prbg.g_01389	Prak.g_01075
OG0001299	Prap	Prbg.g_01389	Prap.g_00359
OG0001299	Prbe	Prbg.g_01389	Prbe.g_01452
OG0001299	Prbf	Prbg.g_01389	Prbf.g_01015
OG0001299	Prbn	Prbg.g_01389	Prbn.g_00842
OG0001300	Prab	Prbg.g_01136	Prab.g_00698
OG0001300	Pran	Prbg.g_01136	Pran.g_01485
OG0001300	Prai	Prbg.g_01136	Prai.g_00722
OG0001300	Praa	Prbg.g_01136	Praa.g_00693
OG0001300	Prao	Prbg.g_01136	Prao.g_00131
OG0001300	Prad	Prbg.g_01136	Prad.g_01267
OG0001300	Pray	Prbg.g_01136	Pray.g_01070
OG0001300	Praz	Prbg.g_01136	Praz.g_01637
OG0001300	Prba	Prbg.g_01136	Prba.g_01624
OG0001300	Prbi	Prbg.g_01136	Prbi.g_00696
OG0001300	Pras	Prbg.g_01136	Pras.g_01569
OG0001300	Prau	Prbg.g_01136	Prau.g_00733
OG0001300	Prac	Prbg.g_01136	Prac.g_00678
OG0001300	Praq	Prbg.g_01136	Praq.g_00822
OG0001300	Prar	Prbg.g_01136	Prar.g_01523
OG0001300	Prax	Prbg.g_01136	Prax.g_00949
OG0001300	Prae	Prbg.g_01136	Prae.g_00667
OG0001300	Prbd	Prbg.g_01136	Prbd.g_00551
OG0001300	Prag	Prbg.g_01136	Prag.g_00671
OG0001300	Prav	Prbg.g_01136	Prav.g_01291
OG0001300	Praw	Prbg.g_01136	Praw.g_01829
OG0001300	Syat	Prbg.g_01136	Syat.g_01025
OG0001300	Prbc	Prbg.g_01136	Prbc.g_01776
OG0001300	Prbm	Prbg.g_01136	Prbm.g_00731
OG0001300	Praj	Prbg.g_01136	Praj.g_00687
OG0001300	Prbb	Prbg.g_01136	Prbb.g_00701
OG0001300	Syaq	Prbg.g_01136	Syaq.g_02589
OG0001300	Syag	Prbg.g_01136	Syag.g_01003
OG0001300	Syae	Prbg.g_01136	Syae.g_00766
OG0001300	Syad	Prbg.g_01136	Syad.g_01339
OG0001300	Syaj	Prbg.g_01136	Syaj.g_00479
OG0001300	Syaa	Prbg.g_01136	Syaa.g_00905
OG0001300	Syaf	Prbg.g_01136	Syaf.g_01468
OG0001300	Syai	Prbg.g_01136	Syai.g_01982
OG0001300	Syam	Prbg.g_01136	Syam.g_00800
OG0001300	Syac	Prbg.g_01136	Syac.g_00910
OG0001300	Syah	Prbg.g_01136	Syah.g_02005
OG0001300	Syab	Prbg.g_01136	Syab.g_01180
OG0001300	Syal	Prbg.g_01136	Syal.g_01795
OG0001300	Syak	Prbg.g_01136	Syak.g_00706
OG0001300	Prbj	Prbg.g_01136	Prbj.g_00947
OG0001300	Prbk	Prbg.g_01136	Prbk.g_01801
OG0001300	Prbl	Prbg.g_01136	Prbl.g_01873
OG0001300	Praf	Prbg.g_01136	Praf.g_01206
OG0001300	Prah	Prbg.g_01136	Prah.g_00986
OG0001300	Prat	Prbg.g_01136	Prat.g_00768
OG0001300	Pral	Prbg.g_01136	Pral.g_01747
OG0001300	Pram	Prbg.g_01136	Pram.g_00785
OG0001300	Prbh	Prbg.g_01136	Prbh.g_00929
OG0001300	Prbe	Prbg.g_01136	Prbe.g_01199
OG0001300	Prak	Prbg.g_01136	Prak.g_00822
OG0001300	Prap	Prbg.g_01136	Prap.g_00806
OG0001300	Prbf	Prbg.g_01136	Prbf.g_01268
OG0001300	Prbn	Prbg.g_01136	Prbn.g_01569
OG0001301	Prab	Prbg.g_01141	Prab.g_00701
OG0001301	Pran	Prbg.g_01141	Pran.g_01482
OG0001301	Prai	Prbg.g_01141	Prai.g_00725
OG0001301	Pras	Prbg.g_01141	Pras.g_01572
OG0001301	Prau	Prbg.g_01141	Prau.g_00736
OG0001301	Prac	Prbg.g_01141	Prac.g_00675
OG0001301	Praq	Prbg.g_01141	Praq.g_00825
OG0001301	Prar	Prbg.g_01141	Prar.g_01526
OG0001301	Prav	Prbg.g_01141	Prav.g_01294
OG0001301	Prag	Prbg.g_01141	Prag.g_00674
OG0001301	Praw	Prbg.g_01141	Praw.g_01826
OG0001301	Prae	Prbg.g_01141	Prae.g_00670
OG0001301	Prax	Prbg.g_01141	Prax.g_00946
OG0001301	Prbd	Prbg.g_01141	Prbd.g_00548
OG0001301	Prad	Prbg.g_01141	Prad.g_01270
OG0001301	Prao	Prbg.g_01141	Prao.g_00134
OG0001301	Prbi	Prbg.g_01141	Prbi.g_00699
OG0001301	Praa	Prbg.g_01141	Praa.g_00696
OG0001301	Pray	Prbg.g_01141	Pray.g_01067
OG0001301	Praz	Prbg.g_01141	Praz.g_01634
OG0001301	Prba	Prbg.g_01141	Prba.g_01621
OG0001301	Prbm	Prbg.g_01141	Prbm.g_00733
OG0001301	Prbb	Prbg.g_01141	Prbb.g_00703
OG0001301	Praj	Prbg.g_01141	Praj.g_00689
OG0001301	Prbc	Prbg.g_01141	Prbc.g_01778
OG0001301	Prbj	Prbg.g_01141	Prbj.g_00755
OG0001301	Prbk	Prbg.g_01141	Prbk.g_01761
OG0001301	Prbl	Prbg.g_01141	Prbl.g_00022
OG0001301	Praf	Prbg.g_01141	Praf.g_01122
OG0001301	Prah	Prbg.g_01141	Prah.g_01023
OG0001301	Syak	Prbg.g_01141	Syak.g_00721
OG0001301	Syal	Prbg.g_01141	Syal.g_01941, Syal.g_01810
OG0001301	Syab	Prbg.g_01141	Syab.g_01197
OG0001301	Syaa	Prbg.g_01141	Syaa.g_00891
OG0001301	Syaf	Prbg.g_01141	Syaf.g_01454
OG0001301	Syai	Prbg.g_01141	Syai.g_01995
OG0001301	Syam	Prbg.g_01141	Syam.g_00786
OG0001301	Syac	Prbg.g_01141	Syac.g_00897
OG0001301	Syah	Prbg.g_01141	Syah.g_02018
OG0001301	Syae	Prbg.g_01141	Syae.g_00780
OG0001301	Syad	Prbg.g_01141	Syad.g_01303
OG0001301	Syaj	Prbg.g_01141	Syaj.g_00440
OG0001301	Syaq	Prbg.g_01141	Syaq.g_02602
OG0001301	Syag	Prbg.g_01141	Syag.g_00987
OG0001301	Prat	Prbg.g_01141	Prat.g_00773
OG0001301	Pral	Prbg.g_01141	Pral.g_01742
OG0001301	Pram	Prbg.g_01141	Pram.g_00790
OG0001301	Prbh	Prbg.g_01141	Prbh.g_00934
OG0001301	Prbf	Prbg.g_01141	Prbf.g_01263
OG0001301	Prak	Prbg.g_01141	Prak.g_00827
OG0001301	Prap	Prbg.g_01141	Prap.g_00801
OG0001301	Prbe	Prbg.g_01141	Prbe.g_01204
OG0001301	Prbn	Prbg.g_01141	Prbn.g_01564
OG0001302	Prai	Prbg.g_01254	Prai.g_00860
OG0001302	Prab	Prbg.g_01254	Prab.g_00827
OG0001302	Pran	Prbg.g_01254	Pran.g_01356
OG0001302	Pray	Prbg.g_01254	Pray.g_00335
OG0001302	Praz	Prbg.g_01254	Praz.g_01525
OG0001302	Prba	Prbg.g_01254	Prba.g_01512
OG0001302	Prad	Prbg.g_01254	Prad.g_01132
OG0001302	Prav	Prbg.g_01254	Prav.g_00383
OG0001302	Prao	Prbg.g_01254	Prao.g_00727
OG0001302	Prar	Prbg.g_01254	Prar.g_01670
OG0001302	Prac	Prbg.g_01254	Prac.g_01489
OG0001302	Praq	Prbg.g_01254	Praq.g_00656
OG0001302	Prag	Prbg.g_01254	Prag.g_00793
OG0001302	Praw	Prbg.g_01254	Praw.g_01710
OG0001302	Prae	Prbg.g_01254	Prae.g_00793
OG0001302	Pras	Prbg.g_01254	Pras.g_01688
OG0001302	Prau	Prbg.g_01254	Prau.g_00841
OG0001302	Prbi	Prbg.g_01254	Prbi.g_00834
OG0001302	Prax	Prbg.g_01254	Prax.g_00386
OG0001302	Praa	Prbg.g_01254	Praa.g_00789
OG0001302	Prbd	Prbg.g_01254	Prbd.g_00089
OG0001302	Prbm	Prbg.g_01254	Prbm.g_00955
OG0001302	Praj	Prbg.g_01254	Praj.g_00913
OG0001302	Prbb	Prbg.g_01254	Prbb.g_00958
OG0001302	Prbc	Prbg.g_01254	Prbc.g_02003
OG0001302	Syaq	Prbg.g_01254	Syaq.g_02115
OG0001302	Syag	Prbg.g_01254	Syag.g_00442
OG0001302	Syak	Prbg.g_01254	Syak.g_00068
OG0001302	Syab	Prbg.g_01254	Syab.g_01844
OG0001302	Syal	Prbg.g_01254	Syal.g_02607
OG0001302	Syao	Prbg.g_01254	Syao.g_02711
OG0001302	Praf	Prbg.g_01254	Praf.g_00360
OG0001302	Prbj	Prbg.g_01254	Prbj.g_01337
OG0001302	Prbk	Prbg.g_01254	Prbk.g_01455
OG0001302	Prbl	Prbg.g_01254	Prbl.g_01930
OG0001302	Prah	Prbg.g_01254	Prah.g_01802
OG0001302	Syad	Prbg.g_01254	Syad.g_02123
OG0001302	Syaj	Prbg.g_01254	Syaj.g_01251
OG0001302	Syae	Prbg.g_01254	Syae.g_00110
OG0001302	Syaa	Prbg.g_01254	Syaa.g_01600
OG0001302	Syac	Prbg.g_01254	Syac.g_01012
OG0001302	Syah	Prbg.g_01254	Syah.g_01901
OG0001302	Syam	Prbg.g_01254	Syam.g_01437
OG0001302	Syai	Prbg.g_01254	Syai.g_01142
OG0001302	Syaf	Prbg.g_01254	Syaf.g_02279
OG0001302	Pram	Prbg.g_01254	Pram.g_00908
OG0001302	Prbh	Prbg.g_01254	Prbh.g_01051
OG0001302	Pral	Prbg.g_01254	Pral.g_01663
OG0001302	Prat	Prbg.g_01254	Prat.g_00859
OG0001302	Prak	Prbg.g_01254	Prak.g_00940
OG0001302	Prap	Prbg.g_01254	Prap.g_00688
OG0001302	Prbe	Prbg.g_01254	Prbe.g_01317
OG0001302	Prbf	Prbg.g_01254	Prbf.g_01150
OG0001302	Prbn	Prbg.g_01254	Prbn.g_01451
OG0001303	Prav	Prbg.g_01612	Prav.g_00946
OG0001303	Prad	Prbg.g_01612	Prad.g_00154
OG0001303	Prbd	Prbg.g_01612	Prbd.g_00296
OG0001303	Prae	Prbg.g_01612	Prae.g_00996
OG0001303	Praa	Prbg.g_01612	Praa.g_00996
OG0001303	Prax	Prbg.g_01612	Prax.g_01161
OG0001303	Prbi	Prbg.g_01612	Prbi.g_01041
OG0001303	Pray	Prbg.g_01612	Pray.g_00543
OG0001303	Praz	Prbg.g_01612	Praz.g_01318
OG0001303	Prba	Prbg.g_01612	Prba.g_01305
OG0001303	Pras	Prbg.g_01612	Pras.g_01892
OG0001303	Prau	Prbg.g_01612	Prau.g_01047
OG0001303	Prag	Prbg.g_01612	Prag.g_00996
OG0001303	Praw	Prbg.g_01612	Praw.g_01507
OG0001303	Prac	Prbg.g_01612	Prac.g_01296
OG0001303	Praq	Prbg.g_01612	Praq.g_01579
OG0001303	Prar	Prbg.g_01612	Prar.g_01864
OG0001303	Syaq	Prbg.g_01612	Syaq.g_02437
OG0001303	Syar	Prbg.g_01612	Syar.g_02583
OG0001303	Syat	Prbg.g_01612	Syat.g_00628
OG0001303	Syan	Prbg.g_01612	Syan.g_00479
OG0001303	Syao	Prbg.g_01612	Syao.g_00649
OG0001303	Syap	Prbg.g_01612	Syap.g_02795
OG0001303	Syas	Prbg.g_01612	Syas.g_00400
OG0001303	Syak	Prbg.g_01612	Syak.g_00548
OG0001303	Syab	Prbg.g_01612	Syab.g_01424
OG0001303	Syal	Prbg.g_01612	Syal.g_02033
OG0001303	Syag	Prbg.g_01612	Syag.g_00769
OG0001303	Praf	Prbg.g_01612	Praf.g_01431
OG0001303	Prah	Prbg.g_01612	Prah.g_00756
OG0001303	Prbj	Prbg.g_01612	Prbj.g_02309
OG0001303	Prbk	Prbg.g_01612	Prbk.g_02365
OG0001303	Prbl	Prbg.g_01612	Prbl.g_02437
OG0001303	Syad	Prbg.g_01612	Syad.g_01655
OG0001303	Syaj	Prbg.g_01612	Syaj.g_00784
OG0001303	Syac	Prbg.g_01612	Syac.g_01137
OG0001303	Syah	Prbg.g_01612	Syah.g_01580
OG0001303	Syaf	Prbg.g_01612	Syaf.g_01798
OG0001303	Syai	Prbg.g_01612	Syai.g_01559
OG0001303	Syam	Prbg.g_01612	Syam.g_01082
OG0001303	Syaa	Prbg.g_01612	Syaa.g_01402
OG0001303	Syae	Prbg.g_01612	Syae.g_00314
OG0001303	Praj	Prbg.g_01612	Praj.g_01344
OG0001303	Prbb	Prbg.g_01612	Prbb.g_01388
OG0001303	Prbm	Prbg.g_01612	Prbm.g_01273
OG0001303	Prbc	Prbg.g_01612	Prbc.g_00092
OG0001303	Prat	Prbg.g_01612	Prat.g_01550
OG0001303	Prab	Prbg.g_01612	Prab.g_00749
OG0001303	Pran	Prbg.g_01612	Pran.g_01434
OG0001303	Prak	Prbg.g_01612	Prak.g_01607
OG0001303	Prap	Prbg.g_01612	Prap.g_01817
OG0001303	Prbe	Prbg.g_01612	Prbe.g_01023
OG0001303	Prbf	Prbg.g_01612	Prbf.g_00731
OG0001303	Prbn	Prbg.g_01612	Prbn.g_01707
OG0001304	Prab	Prbg.g_01342	Prab.g_00944
OG0001304	Pran	Prbg.g_01342	Pran.g_00553
OG0001304	Prai	Prbg.g_01342	Prai.g_00933
OG0001304	Prac	Prbg.g_01342	Prac.g_01271
OG0001304	Praq	Prbg.g_01342	Praq.g_01604
OG0001304	Prar	Prbg.g_01342	Prar.g_01889
OG0001304	Prao	Prbg.g_01342	Prao.g_00959
OG0001304	Pray	Prbg.g_01342	Pray.g_00569
OG0001304	Praz	Prbg.g_01342	Praz.g_01291
OG0001304	Prba	Prbg.g_01342	Prba.g_01279
OG0001304	Pras	Prbg.g_01342	Pras.g_01919
OG0001304	Prau	Prbg.g_01342	Prau.g_01074
OG0001304	Prag	Prbg.g_01342	Prag.g_01021
OG0001304	Praw	Prbg.g_01342	Praw.g_01482
OG0001304	Prav	Prbg.g_01342	Prav.g_00918
OG0001304	Prax	Prbg.g_01342	Prax.g_01189
OG0001304	Prae	Prbg.g_01342	Prae.g_01025
OG0001304	Prbd	Prbg.g_01342	Prbd.g_00325
OG0001304	Praa	Prbg.g_01342	Praa.g_01024
OG0001304	Prad	Prbg.g_01342	Prad.g_01034
OG0001304	Prbi	Prbg.g_01342	Prbi.g_01071
OG0001304	Prbm	Prbg.g_01342	Prbm.g_01046
OG0001304	Prbb	Prbg.g_01342	Prbb.g_01052
OG0001304	Praj	Prbg.g_01342	Praj.g_01006
OG0001304	Prbc	Prbg.g_01342	Prbc.g_02095
OG0001304	Syat	Prbg.g_01342	Syat.g_00690
OG0001304	Syap	Prbg.g_01342	Syap.g_00536
OG0001304	Syas	Prbg.g_01342	Syas.g_00199
OG0001304	Syar	Prbg.g_01342	Syar.g_01557
OG0001304	Syan	Prbg.g_01342	Syan.g_00345
OG0001304	Syao	Prbg.g_01342	Syao.g_00466
OG0001304	Syae	Prbg.g_01342	Syae.g_00436
OG0001304	Syaa	Prbg.g_01342	Syaa.g_01281
OG0001304	Syac	Prbg.g_01342	Syac.g_01257
OG0001304	Syah	Prbg.g_01342	Syah.g_01698
OG0001304	Syaf	Prbg.g_01342	Syaf.g_01950
OG0001304	Syai	Prbg.g_01342	Syai.g_01418
OG0001304	Syam	Prbg.g_01342	Syam.g_01204
OG0001304	Syad	Prbg.g_01342	Syad.g_01669
OG0001304	Syaj	Prbg.g_01342	Syaj.g_00795
OG0001304	Syag	Prbg.g_01342	Syag.g_00890
OG0001304	Syab	Prbg.g_01342	Syab.g_01298
OG0001304	Syal	Prbg.g_01342	Syal.g_01899
OG0001304	Syaq	Prbg.g_01342	Syaq.g_00049
OG0001304	Syak	Prbg.g_01342	Syak.g_00664
OG0001304	Pral	Prbg.g_01342	Pral.g_01577
OG0001304	Prat	Prbg.g_01342	Prat.g_00949
OG0001304	Pram	Prbg.g_01342	Pram.g_00993
OG0001304	Prbh	Prbg.g_01342	Prbh.g_01136
OG0001304	Prak	Prbg.g_01342	Prak.g_01028
OG0001304	Prap	Prbg.g_01342	Prap.g_00312
OG0001304	Prbe	Prbg.g_01342	Prbe.g_01405
OG0001304	Prbf	Prbg.g_01342	Prbf.g_01062
OG0001304	Prbn	Prbg.g_01342	Prbn.g_01363
OG0001305	Prbi	Prbg.g_01230	Prbi.g_01090
OG0001305	Praa	Prbg.g_01230	Praa.g_01043
OG0001305	Prae	Prbg.g_01230	Prae.g_01044
OG0001305	Pras	Prbg.g_01230	Pras.g_01938
OG0001305	Prau	Prbg.g_01230	Prau.g_01093
OG0001305	Prax	Prbg.g_01230	Prax.g_01208
OG0001305	Prbd	Prbg.g_01230	Prbd.g_00344
OG0001305	Prab	Prbg.g_01230	Prab.g_00925
OG0001305	Pran	Prbg.g_01230	Pran.g_00572
OG0001305	Prai	Prbg.g_01230	Prai.g_00914
OG0001305	Prao	Prbg.g_01230	Prao.g_00978
OG0001305	Prad	Prbg.g_01230	Prad.g_01014
OG0001305	Prac	Prbg.g_01230	Prac.g_01252
OG0001305	Praq	Prbg.g_01230	Praq.g_01623
OG0001305	Prar	Prbg.g_01230	Prar.g_01908
OG0001305	Pray	Prbg.g_01230	Pray.g_00588
OG0001305	Praz	Prbg.g_01230	Praz.g_00070
OG0001305	Prba	Prbg.g_01230	Prba.g_01260
OG0001305	Prag	Prbg.g_01230	Prag.g_01040
OG0001305	Praw	Prbg.g_01230	Praw.g_01463
OG0001305	Prav	Prbg.g_01230	Prav.g_00937
OG0001305	Syaa	Prbg.g_01230	Syaa.g_00885
OG0001305	Syac	Prbg.g_01230	Syac.g_00890
OG0001305	Syah	Prbg.g_01230	Syah.g_02024
OG0001305	Syae	Prbg.g_01230	Syae.g_00786
OG0001305	Syaf	Prbg.g_01230	Syaf.g_01448
OG0001305	Syai	Prbg.g_01230	Syai.g_02001
OG0001305	Syam	Prbg.g_01230	Syam.g_00780
OG0001305	Syad	Prbg.g_01230	Syad.g_01296
OG0001305	Syaj	Prbg.g_01230	Syaj.g_00433
OG0001305	Syag	Prbg.g_01230	Syag.g_00981
OG0001305	Syaq	Prbg.g_01230	Syaq.g_02673
OG0001305	Syar	Prbg.g_01230	Syar.g_01937
OG0001305	Syat	Prbg.g_01230	Syat.g_00813
OG0001305	Syap	Prbg.g_01230	Syap.g_01562
OG0001305	Syas	Prbg.g_01230	Syas.g_01027
OG0001305	Syan	Prbg.g_01230	Syan.g_00191
OG0001305	Syao	Prbg.g_01230	Syao.g_00382
OG0001305	Syab	Prbg.g_01230	Syab.g_01204
OG0001305	Syal	Prbg.g_01230	Syal.g_01817
OG0001305	Syak	Prbg.g_01230	Syak.g_00728
OG0001305	Prbb	Prbg.g_01230	Prbb.g_00888
OG0001305	Prbm	Prbg.g_01230	Prbm.g_00884
OG0001305	Praj	Prbg.g_01230	Praj.g_00842
OG0001305	Prbc	Prbg.g_01230	Prbc.g_01931
OG0001305	Pral	Prbg.g_01230	Pral.g_01557
OG0001305	Prat	Prbg.g_01230	Prat.g_00969
OG0001305	Pram	Prbg.g_01230	Pram.g_00884
OG0001305	Prbh	Prbg.g_01230	Prbh.g_01027
OG0001305	Prak	Prbg.g_01230	Prak.g_00916
OG0001305	Prap	Prbg.g_01230	Prap.g_00712
OG0001305	Prbe	Prbg.g_01230	Prbe.g_01293
OG0001305	Prbf	Prbg.g_01230	Prbf.g_01174
OG0001305	Prbn	Prbg.g_01230	Prbn.g_01475
OG0001306	Prab	Prbg.g_01501	Prab.g_01205
OG0001306	Pran	Prbg.g_01501	Pran.g_00074
OG0001306	Prai	Prbg.g_01501	Prai.g_01158
OG0001306	Prag	Prbg.g_01501	Prag.g_01139
OG0001306	Praw	Prbg.g_01501	Praw.g_00220
OG0001306	Prav	Prbg.g_01501	Prav.g_00051
OG0001306	Prac	Prbg.g_01501	Prac.g_00999
OG0001306	Praq	Prbg.g_01501	Praq.g_01319
OG0001306	Prar	Prbg.g_01501	Prar.g_01277
OG0001306	Prao	Prbg.g_01501	Prao.g_01103
OG0001306	Prad	Prbg.g_01501	Prad.g_01510
OG0001306	Prbi	Prbg.g_01501	Prbi.g_01193
OG0001306	Pray	Prbg.g_01501	Pray.g_00078
OG0001306	Praz	Prbg.g_01501	Praz.g_00006
OG0001306	Prba	Prbg.g_01501	Prba.g_00078
OG0001306	Praa	Prbg.g_01501	Praa.g_01146
OG0001306	Prae	Prbg.g_01501	Prae.g_01149
OG0001306	Prax	Prbg.g_01501	Prax.g_00186
OG0001306	Prbd	Prbg.g_01501	Prbd.g_00454
OG0001306	Pras	Prbg.g_01501	Pras.g_00042
OG0001306	Prau	Prbg.g_01501	Prau.g_01193
OG0001306	Prbc	Prbg.g_01501	Prbc.g_01461
OG0001306	Praj	Prbg.g_01501	Praj.g_01475
OG0001306	Prbb	Prbg.g_01501	Prbb.g_01532
OG0001306	Prbm	Prbg.g_01501	Prbm.g_01564
OG0001306	Syak	Prbg.g_01501	Syak.g_00915
OG0001306	Syab	Prbg.g_01501	Syab.g_00941
OG0001306	Syal	Prbg.g_01501	Syal.g_01626
OG0001306	Syag	Prbg.g_01501	Syag.g_01160
OG0001306	Syaq	Prbg.g_01501	Syaq.g_00267
OG0001306	Syaa	Prbg.g_01501	Syaa.g_00753
OG0001306	Syad	Prbg.g_01501	Syad.g_01119
OG0001306	Syaj	Prbg.g_01501	Syaj.g_00285
OG0001306	Syac	Prbg.g_01501	Syac.g_00749
OG0001306	Syah	Prbg.g_01501	Syah.g_02179
OG0001306	Syaf	Prbg.g_01501	Syaf.g_01272
OG0001306	Syai	Prbg.g_01501	Syai.g_02160
OG0001306	Syam	Prbg.g_01501	Syam.g_01811
OG0001306	Syae	Prbg.g_01501	Syae.g_00943
OG0001306	Syar	Prbg.g_01501	Syar.g_01521
OG0001306	Syan	Prbg.g_01501	Syan.g_02714
OG0001306	Syao	Prbg.g_01501	Syao.g_00141
OG0001306	Syat	Prbg.g_01501	Syat.g_03234
OG0001306	Syap	Prbg.g_01501	Syap.g_00245
OG0001306	Syas	Prbg.g_01501	Syas.g_01202
OG0001306	Pral	Prbg.g_01501	Pral.g_01352
OG0001306	Prat	Prbg.g_01501	Prat.g_01170
OG0001306	Pram	Prbg.g_01501	Pram.g_01155
OG0001306	Prbh	Prbg.g_01501	Prbh.g_01298
OG0001306	Prak	Prbg.g_01501	Prak.g_01187
OG0001306	Prap	Prbg.g_01501	Prap.g_00471
OG0001306	Prbe	Prbg.g_01501	Prbe.g_01564
OG0001306	Prbf	Prbg.g_01501	Prbf.g_00903
OG0001306	Prbn	Prbg.g_01501	Prbn.g_01174
OG0001307	Prae	Prbg.g_00504	Prae.g_01351
OG0001307	Prax	Prbg.g_00504	Prax.g_01880
OG0001307	Praa	Prbg.g_00504	Praa.g_01349
OG0001307	Pray	Prbg.g_00504	Pray.g_01846
OG0001307	Praz	Prbg.g_00504	Praz.g_01156
OG0001307	Prba	Prbg.g_00504	Prba.g_00213
OG0001307	Prac	Prbg.g_00504	Prac.g_00200
OG0001307	Prar	Prbg.g_00504	Prar.g_00928
OG0001307	Praq	Prbg.g_00504	Praq.g_00158
OG0001307	Prag	Prbg.g_00504	Prag.g_01372
OG0001307	Praw	Prbg.g_00504	Praw.g_00998
OG0001307	Prav	Prbg.g_00504	Prav.g_01456
OG0001307	Prai	Prbg.g_00504	Prai.g_01354
OG0001307	Prad	Prbg.g_00504	Prad.g_00611
OG0001307	Prbd	Prbg.g_00504	Prbd.g_01781
OG0001307	Prbi	Prbg.g_00504	Prbi.g_01422
OG0001307	Prao	Prbg.g_00504	Prao.g_01256
OG0001307	Pras	Prbg.g_00504	Pras.g_00233
OG0001307	Prau	Prbg.g_00504	Prau.g_01392
OG0001307	Praj	Prbg.g_00504	Praj.g_01547
OG0001307	Prbb	Prbg.g_00504	Prbb.g_01609
OG0001307	Prbc	Prbg.g_00504	Prbc.g_00586
OG0001307	Prbj	Prbg.g_00504	Prbj.g_00670
OG0001307	Prbk	Prbg.g_00504	Prbk.g_01198
OG0001307	Prbl	Prbg.g_00504	Prbl.g_00723
OG0001307	Praf	Prbg.g_00504	Praf.g_01893
OG0001307	Prah	Prbg.g_00504	Prah.g_00326
OG0001307	Syae	Prbg.g_00504	Syae.g_02059
OG0001307	Syaf	Prbg.g_00504	Syaf.g_01638
OG0001307	Syai	Prbg.g_00504	Syai.g_01717
OG0001307	Syam	Prbg.g_00504	Syam.g_00945
OG0001307	Syac	Prbg.g_00504	Syac.g_02156
OG0001307	Syah	Prbg.g_00504	Syah.g_00724
OG0001307	Syad	Prbg.g_00504	Syad.g_00626
OG0001307	Syaj	Prbg.g_00504	Syaj.g_02672
OG0001307	Syag	Prbg.g_00504	Syag.g_00577
OG0001307	Syak	Prbg.g_00504	Syak.g_00344
OG0001307	Syab	Prbg.g_00504	Syab.g_01552
OG0001307	Syal	Prbg.g_00504	Syal.g_02195
OG0001307	Prbm	Prbg.g_00504	Prbm.g_01594, Prbm.g_01631
OG0001307	Syas	Prbg.g_00504	Syas.g_01923
OG0001307	Syat	Prbg.g_00504	Syat.g_02082
OG0001307	Syar	Prbg.g_00504	Syar.g_02591
OG0001307	Syap	Prbg.g_00504	Syap.g_00403
OG0001307	Pral	Prbg.g_00504	Pral.g_01238
OG0001307	Prat	Prbg.g_00504	Prat.g_01283
OG0001307	Pram	Prbg.g_00504	Pram.g_01477
OG0001307	Prbh	Prbg.g_00504	Prbh.g_01936
OG0001307	Prak	Prbg.g_00504	Prak.g_01304
OG0001307	Prap	Prbg.g_00504	Prap.g_01927
OG0001307	Prbe	Prbg.g_00504	Prbe.g_00398
OG0001307	Prbf	Prbg.g_00504	Prbf.g_00070
OG0001307	Prbn	Prbg.g_00504	Prbn.g_01215
OG0001308	Prab	Prbg.g_00601	Prab.g_01476
OG0001308	Pran	Prbg.g_00601	Pran.g_00723
OG0001308	Prai	Prbg.g_00601	Prai.g_01473
OG0001308	Prac	Prbg.g_00601	Prac.g_00401
OG0001308	Praq	Prbg.g_00601	Praq.g_00304
OG0001308	Prar	Prbg.g_00601	Prar.g_00837
OG0001308	Prag	Prbg.g_00601	Prag.g_01500
OG0001308	Praw	Prbg.g_00601	Praw.g_00347
OG0001308	Prax	Prbg.g_00601	Prax.g_01718
OG0001308	Prbd	Prbg.g_00601	Prbd.g_01679
OG0001308	Prav	Prbg.g_00601	Prav.g_01588
OG0001308	Pray	Prbg.g_00601	Pray.g_01712
OG0001308	Praz	Prbg.g_00601	Praz.g_01031
OG0001308	Prba	Prbg.g_00601	Prba.g_00703
OG0001308	Prae	Prbg.g_00601	Prae.g_01469
OG0001308	Praa	Prbg.g_00601	Praa.g_01486
OG0001308	Prbi	Prbg.g_00601	Prbi.g_01601
OG0001308	Prad	Prbg.g_00601	Prad.g_00505
OG0001308	Pras	Prbg.g_00601	Pras.g_00360
OG0001308	Prau	Prbg.g_00601	Prau.g_01541
OG0001308	Prao	Prbg.g_00601	Prao.g_01407
OG0001308	Prbm	Prbg.g_00601	Prbm.g_01720
OG0001308	Prbb	Prbg.g_00601	Prbb.g_01696
OG0001308	Praj	Prbg.g_00601	Praj.g_01642
OG0001308	Prbc	Prbg.g_00601	Prbc.g_00719
OG0001308	Prbj	Prbg.g_00601	Prbj.g_01074
OG0001308	Prbk	Prbg.g_00601	Prbk.g_00277
OG0001308	Prbl	Prbg.g_00601	Prbl.g_00224
OG0001308	Praf	Prbg.g_00601	Praf.g_01808
OG0001308	Prah	Prbg.g_00601	Prah.g_00396
OG0001308	Syag	Prbg.g_00601	Syag.g_01406
OG0001308	Syaq	Prbg.g_00601	Syaq.g_00385
OG0001308	Syak	Prbg.g_00601	Syak.g_01054
OG0001308	Syab	Prbg.g_00601	Syab.g_00759
OG0001308	Syal	Prbg.g_00601	Syal.g_00392
OG0001308	Syam	Prbg.g_00601	Syam.g_01623
OG0001308	Syaf	Prbg.g_00601	Syaf.g_02427
OG0001308	Syai	Prbg.g_00601	Syai.g_00943
OG0001308	Syas	Prbg.g_00601	Syas.g_02830
OG0001308	Syap	Prbg.g_00601	Syap.g_02751, Syap.g_02750
OG0001308	Syat	Prbg.g_00601	Syat.g_01176
OG0001308	Syan	Prbg.g_00601	Syan.g_01248
OG0001308	Syao	Prbg.g_00601	Syao.g_01500
OG0001308	Syar	Prbg.g_00601	Syar.g_02798
OG0001308	Pral	Prbg.g_00601	Pral.g_01151
OG0001308	Prat	Prbg.g_00601	Prat.g_01363
OG0001308	Pram	Prbg.g_00601	Pram.g_01368
OG0001308	Prbh	Prbg.g_00601	Prbh.g_00109
OG0001308	Prak	Prbg.g_00601	Prak.g_01401
OG0001308	Prap	Prbg.g_00601	Prap.g_00131
OG0001308	Prbe	Prbg.g_00601	Prbe.g_00301
OG0001308	Prbf	Prbg.g_00601	Prbf.g_00167
OG0001308	Prbn	Prbg.g_00601	Prbn.g_00222
OG0001309	Prab	Prbg.g_00708	Prab.g_01562
OG0001309	Pran	Prbg.g_00708	Pran.g_00637
OG0001309	Prai	Prbg.g_00708	Prai.g_01557
OG0001309	Prac	Prbg.g_00708	Prac.g_00318
OG0001309	Prar	Prbg.g_00708	Prar.g_00754
OG0001309	Prao	Prbg.g_00708	Prao.g_01490
OG0001309	Prav	Prbg.g_00708	Prav.g_01670
OG0001309	Prag	Prbg.g_00708	Prag.g_01582
OG0001309	Praw	Prbg.g_00708	Praw.g_00429
OG0001309	Praa	Prbg.g_00708	Praa.g_01571
OG0001309	Prae	Prbg.g_00708	Prae.g_01553
OG0001309	Prax	Prbg.g_00708	Prax.g_01634
OG0001309	Pray	Prbg.g_00708	Pray.g_01628
OG0001309	Praz	Prbg.g_00708	Praz.g_00947
OG0001309	Prba	Prbg.g_00708	Prba.g_00294
OG0001309	Prbd	Prbg.g_00708	Prbd.g_01594
OG0001309	Pras	Prbg.g_00708	Pras.g_00447
OG0001309	Prau	Prbg.g_00708	Prau.g_01625
OG0001309	Prad	Prbg.g_00708	Prad.g_00420
OG0001309	Prbi	Prbg.g_00708	Prbi.g_01684
OG0001309	Prbm	Prbg.g_00708	Prbm.g_00552
OG0001309	Praj	Prbg.g_00708	Praj.g_00510
OG0001309	Prbb	Prbg.g_00708	Prbb.g_00522
OG0001309	Prbc	Prbg.g_00708	Prbc.g_01598
OG0001309	Praf	Prbg.g_00708	Praf.g_00639
OG0001309	Prbj	Prbg.g_00708	Prbj.g_02106
OG0001309	Prbk	Prbg.g_00708	Prbk.g_01059
OG0001309	Prbl	Prbg.g_00708	Prbl.g_00787
OG0001309	Prah	Prbg.g_00708	Prah.g_01521
OG0001309	Syad	Prbg.g_00708	Syad.g_00950
OG0001309	Syaj	Prbg.g_00708	Syaj.g_00116
OG0001309	Syaf	Prbg.g_00708	Syaf.g_02678
OG0001309	Syai	Prbg.g_00708	Syai.g_00682
OG0001309	Syam	Prbg.g_00708	Syam.g_00628
OG0001309	Syac	Prbg.g_00708	Syac.g_01860
OG0001309	Syah	Prbg.g_00708	Syah.g_01040
OG0001309	Syaa	Prbg.g_00708	Syaa.g_02005
OG0001309	Syag	Prbg.g_00708	Syag.g_01482
OG0001309	Syak	Prbg.g_00708	Syak.g_02620
OG0001309	Syab	Prbg.g_00708	Syab.g_02142
OG0001309	Syal	Prbg.g_00708	Syal.g_02943
OG0001309	Syat	Prbg.g_00708	Syat.g_01113
OG0001309	Syan	Prbg.g_00708	Syan.g_01196
OG0001309	Syas	Prbg.g_00708	Syas.g_00003
OG0001309	Syar	Prbg.g_00708	Syar.g_00360
OG0001309	Pral	Prbg.g_00708	Pral.g_00572
OG0001309	Prat	Prbg.g_00708	Prat.g_00481
OG0001309	Pram	Prbg.g_00708	Pram.g_01272
OG0001309	Prbh	Prbg.g_00708	Prbh.g_00205
OG0001309	Prak	Prbg.g_00708	Prak.g_01508
OG0001309	Prap	Prbg.g_00708	Prap.g_00238
OG0001309	Prbe	Prbg.g_00708	Prbe.g_00194
OG0001309	Prbf	Prbg.g_00708	Prbf.g_00274
OG0001309	Prbn	Prbg.g_00708	Prbn.g_00865
OG0001310	Prab	Prbg.g_01663	Prab.g_01681
OG0001310	Pran	Prbg.g_01663	Pran.g_00982
OG0001310	Prai	Prbg.g_01663	Prai.g_01650
OG0001310	Prav	Prbg.g_01663	Prav.g_01773
OG0001310	Prax	Prbg.g_01663	Prax.g_01547
OG0001310	Prag	Prbg.g_01663	Prag.g_01681
OG0001310	Praw	Prbg.g_01663	Praw.g_00527
OG0001310	Prao	Prbg.g_01663	Prao.g_01564
OG0001310	Praa	Prbg.g_01663	Praa.g_01647
OG0001310	Prad	Prbg.g_01663	Prad.g_00929
OG0001310	Pras	Prbg.g_01663	Pras.g_00562
OG0001310	Prau	Prbg.g_01663	Prau.g_01744
OG0001310	Prac	Prbg.g_01663	Prac.g_00613
OG0001310	Praq	Prbg.g_01663	Praq.g_00485
OG0001310	Prar	Prbg.g_01663	Prar.g_01131
OG0001310	Prae	Prbg.g_01663	Prae.g_01635
OG0001310	Prbi	Prbg.g_01663	Prbi.g_01799
OG0001310	Pray	Prbg.g_01663	Pray.g_01547
OG0001310	Praz	Prbg.g_01663	Praz.g_00865
OG0001310	Prba	Prbg.g_01663	Prba.g_00608
OG0001310	Prbd	Prbg.g_01663	Prbd.g_01513
OG0001310	Pral	Prbg.g_01663	Pral.g_00120
OG0001310	Prat	Prbg.g_01663	Prat.g_01604
OG0001310	Syaa	Prbg.g_01663	Syaa.g_00535
OG0001310	Syae	Prbg.g_01663	Syae.g_01178
OG0001310	Syad	Prbg.g_01663	Syad.g_02638
OG0001310	Syaj	Prbg.g_01663	Syaj.g_01735
OG0001310	Syaf	Prbg.g_01663	Syaf.g_01018
OG0001310	Syac	Prbg.g_01663	Syac.g_00528
OG0001310	Syah	Prbg.g_01663	Syah.g_02402
OG0001310	Syab	Prbg.g_01663	Syab.g_02288
OG0001310	Syal	Prbg.g_01663	Syal.g_00605
OG0001310	Syap	Prbg.g_01663	Syap.g_01774
OG0001310	Syan	Prbg.g_01663	Syan.g_01422
OG0001310	Syas	Prbg.g_01663	Syas.g_02666
OG0001310	Syao	Prbg.g_01663	Syao.g_01681
OG0001310	Syar	Prbg.g_01663	Syar.g_02951
OG0001310	Syat	Prbg.g_01663	Syat.g_03066
OG0001310	Prah	Prbg.g_01663	Prah.g_01693
OG0001310	Praf	Prbg.g_01663	Praf.g_00465
OG0001310	Prbj	Prbg.g_01663	Prbj.g_00488
OG0001310	Prbk	Prbg.g_01663	Prbk.g_01444
OG0001310	Prbl	Prbg.g_01663	Prbl.g_00377
OG0001310	Pram	Prbg.g_01663	Pram.g_01645
OG0001310	Prbh	Prbg.g_01663	Prbh.g_01769
OG0001310	Prbm	Prbg.g_01663	Prbm.g_01852
OG0001310	Praj	Prbg.g_01663	Praj.g_01779
OG0001310	Prbb	Prbg.g_01663	Prbb.g_01834
OG0001310	Prbc	Prbg.g_01663	Prbc.g_00843
OG0001310	Prak	Prbg.g_01663	Prak.g_01658
OG0001310	Prap	Prbg.g_01663	Prap.g_01766
OG0001310	Prbe	Prbg.g_01663	Prbe.g_00972
OG0001310	Prbf	Prbg.g_01663	Prbf.g_00680
OG0001310	Prbn	Prbg.g_01663	Prbn.g_01758
OG0001311	Prab	Prbg.g_01331	Prab.g_00952
OG0001311	Pran	Prbg.g_01331	Pran.g_00545
OG0001311	Prac	Prbg.g_01331	Prac.g_01279
OG0001311	Praq	Prbg.g_01331	Praq.g_01596
OG0001311	Prar	Prbg.g_01331	Prar.g_01881
OG0001311	Prao	Prbg.g_01331	Prao.g_00951
OG0001311	Pras	Prbg.g_01331	Pras.g_01911
OG0001311	Prau	Prbg.g_01331	Prau.g_01066
OG0001311	Praw	Prbg.g_01331	Praw.g_01490
OG0001311	Prae	Prbg.g_01331	Prae.g_01017
OG0001311	Prav	Prbg.g_01331	Prav.g_00910
OG0001311	Prax	Prbg.g_01331	Prax.g_01181
OG0001311	Prbi	Prbg.g_01331	Prbi.g_01063
OG0001311	Pray	Prbg.g_01331	Pray.g_00561
OG0001311	Praz	Prbg.g_01331	Praz.g_01300
OG0001311	Prba	Prbg.g_01331	Prba.g_01287
OG0001311	Prbd	Prbg.g_01331	Prbd.g_00317
OG0001311	Syaa	Prbg.g_01331	Syaa.g_01293
OG0001311	Syae	Prbg.g_01331	Syae.g_00425
OG0001311	Syad	Prbg.g_01331	Syad.g_01681
OG0001311	Syaj	Prbg.g_01331	Syaj.g_00809
OG0001311	Syak	Prbg.g_01331	Syak.g_00651
OG0001311	Syab	Prbg.g_01331	Syab.g_01311
OG0001311	Syal	Prbg.g_01331	Syal.g_01912
OG0001311	Syag	Prbg.g_01331	Syag.g_00876
OG0001311	Syam	Prbg.g_01331	Syam.g_01192
OG0001311	Syai	Prbg.g_01331	Syai.g_01429
OG0001311	Syaf	Prbg.g_01331	Syaf.g_01935
OG0001311	Syac	Prbg.g_01331	Syac.g_01246
OG0001311	Syah	Prbg.g_01331	Syah.g_01687
OG0001311	Praf	Prbg.g_01331	Praf.g_01332
OG0001311	Prbj	Prbg.g_01331	Prbj.g_02208
OG0001311	Prbk	Prbg.g_01331	Prbk.g_00589
OG0001311	Prbl	Prbg.g_01331	Prbl.g_02537
OG0001311	Prah	Prbg.g_01331	Prah.g_00857
OG0001311	Syat	Prbg.g_01331	Syat.g_00703
OG0001311	Syan	Prbg.g_01331	Syan.g_00358
OG0001311	Syar	Prbg.g_01331	Syar.g_01795
OG0001311	Syao	Prbg.g_01331	Syao.g_00452
OG0001311	Syap	Prbg.g_01331	Syap.g_01871
OG0001311	Syas	Prbg.g_01331	Syas.g_00213
OG0001311	Praj	Prbg.g_01331	Praj.g_00998
OG0001311	Prbm	Prbg.g_01331	Prbm.g_01038
OG0001311	Prbb	Prbg.g_01331	Prbb.g_01044
OG0001311	Prbc	Prbg.g_01331	Prbc.g_02087
OG0001311	Pral	Prbg.g_01331	Pral.g_01599
OG0001311	Prat	Prbg.g_01331	Prat.g_00938
OG0001311	Pram	Prbg.g_01331	Pram.g_00982
OG0001311	Prbh	Prbg.g_01331	Prbh.g_01125
OG0001311	Prak	Prbg.g_01331	Prak.g_01017
OG0001311	Prap	Prbg.g_01331	Prap.g_00301
OG0001311	Prbe	Prbg.g_01331	Prbe.g_01394
OG0001311	Prbf	Prbg.g_01331	Prbf.g_01073
OG0001311	Prbn	Prbg.g_01331	Prbn.g_01374
OG0001312	Prab	Prbg.g_01267	Prab.g_01029
OG0001312	Pran	Prbg.g_01267	Pran.g_00468
OG0001312	Prai	Prbg.g_01267	Prai.g_01008
OG0001312	Prao	Prbg.g_01267	Prao.g_00883
OG0001312	Prag	Prbg.g_01267	Prag.g_00945
OG0001312	Praw	Prbg.g_01267	Praw.g_01558
OG0001312	Prad	Prbg.g_01267	Prad.g_00205
OG0001312	Prbd	Prbg.g_01267	Prbd.g_00245
OG0001312	Prax	Prbg.g_01267	Prax.g_00601
OG0001312	Prbi	Prbg.g_01267	Prbi.g_00990
OG0001312	Pray	Prbg.g_01267	Pray.g_00492
OG0001312	Praz	Prbg.g_01267	Praz.g_01369
OG0001312	Prba	Prbg.g_01267	Prba.g_01356
OG0001312	Prac	Prbg.g_01267	Prac.g_01346
OG0001312	Praq	Prbg.g_01267	Praq.g_01529
OG0001312	Prar	Prbg.g_01267	Prar.g_01814
OG0001312	Prbb	Prbg.g_01267	Prbb.g_00969
OG0001312	Praj	Prbg.g_01267	Praj.g_00924
OG0001312	Prbm	Prbg.g_01267	Prbm.g_00966
OG0001312	Prbc	Prbg.g_01267	Prbc.g_02014
OG0001312	Praf	Prbg.g_01267	Praf.g_01421
OG0001312	Prah	Prbg.g_01267	Prah.g_00766
OG0001312	Prbj	Prbg.g_01267	Prbj.g_02298
OG0001312	Prbk	Prbg.g_01267	Prbk.g_02354
OG0001312	Prbl	Prbg.g_01267	Prbl.g_02448
OG0001312	Syak	Prbg.g_01267	Syak.g_00537
OG0001312	Syab	Prbg.g_01267	Syab.g_01414
OG0001312	Syal	Prbg.g_01267	Syal.g_02024
OG0001312	Syag	Prbg.g_01267	Syag.g_00779
OG0001312	Syaq	Prbg.g_01267	Syaq.g_02449
OG0001312	Syar	Prbg.g_01267	Syar.g_02569
OG0001312	Syas	Prbg.g_01267	Syas.g_00414
OG0001312	Syat	Prbg.g_01267	Syat.g_00615
OG0001312	Syap	Prbg.g_01267	Syap.g_01735
OG0001312	Syan	Prbg.g_01267	Syan.g_00496
OG0001312	Syao	Prbg.g_01267	Syao.g_00635
OG0001312	Syaa	Prbg.g_01267	Syaa.g_01391
OG0001312	Syad	Prbg.g_01267	Syad.g_01788
OG0001312	Syaj	Prbg.g_01267	Syaj.g_00931
OG0001312	Syae	Prbg.g_01267	Syae.g_00326
OG0001312	Syac	Prbg.g_01267	Syac.g_01147
OG0001312	Syah	Prbg.g_01267	Syah.g_01590
OG0001312	Syaf	Prbg.g_01267	Syaf.g_01809
OG0001312	Syai	Prbg.g_01267	Syai.g_01549
OG0001312	Syam	Prbg.g_01267	Syam.g_01092
OG0001312	Pral	Prbg.g_01267	Pral.g_01651
OG0001312	Prat	Prbg.g_01267	Prat.g_00872
OG0001312	Pram	Prbg.g_01267	Pram.g_00920
OG0001312	Prbh	Prbg.g_01267	Prbh.g_01063
OG0001312	Prak	Prbg.g_01267	Prak.g_00953
OG0001312	Prap	Prbg.g_01267	Prap.g_00676
OG0001312	Prbe	Prbg.g_01267	Prbe.g_01330
OG0001312	Prbf	Prbg.g_01267	Prbf.g_01137
OG0001312	Prbn	Prbg.g_01267	Prbn.g_01438
OG0001314	Prai	Prbg.g_00439	Prai.g_00439
OG0001314	Prbd	Prbg.g_00439	Prbd.g_00039
OG0001314	Prbi	Prbg.g_00439	Prbi.g_00723, Prbi.g_00783
OG0001314	Prag	Prbg.g_00439	Prag.g_00735
OG0001314	Praw	Prbg.g_00439	Praw.g_01768
OG0001314	Pray	Prbg.g_00439	Pray.g_00285
OG0001314	Praz	Prbg.g_00439	Praz.g_01575
OG0001314	Prba	Prbg.g_00439	Prba.g_01562
OG0001314	Pras	Prbg.g_00439	Pras.g_01639
OG0001314	Prbc	Prbg.g_00439	Prbc.g_01137
OG0001314	Syak	Prbg.g_00439	Syak.g_00124
OG0001314	Syae	Prbg.g_00439	Syae.g_00097
OG0001314	Syaj	Prbg.g_00439	Syaj.g_01258
OG0001314	Syam	Prbg.g_00439	Syam.g_01445
OG0001314	Syas	Prbg.g_00439	Syas.g_01925
OG0001314	Syat	Prbg.g_00439	Syat.g_00839, Syat.g_00137
OG0001314	Syaq	Prbg.g_00439	Syaq.g_00826
OG0001314	Syap	Prbg.g_00439	Syap.g_00330, Syap.g_00391
OG0001314	Syan	Prbg.g_00439	Syan.g_00634, Syan.g_02331, Syan.g_02544, Syan.g_02470
OG0001314	Prbm	Prbg.g_00439	Prbm.g_01169
OG0001314	Pram	Prbg.g_00439	Pram.g_00622, Pram.g_00647
OG0001314	Prbh	Prbg.g_00439	Prbh.g_01949, Prbh.g_00791
OG0001314	Prak	Prbg.g_00439	Prak.g_00635
OG0001314	Prap	Prbg.g_00439	Prap.g_00644
OG0001314	Prbe	Prbg.g_00439	Prbe.g_00688
OG0001314	Prbf	Prbg.g_00439	Prbf.g_00372
OG0001314	Prbn	Prbg.g_00439	Prbn.g_00777
OG0001315	Prac	Prbg.g_01539	Prac.g_01869
OG0001315	Praq	Prbg.g_01539	Praq.g_01942
OG0001315	Prar	Prbg.g_01539	Prar.g_00556
OG0001315	Prab	Prbg.g_01539	Prab.g_00053
OG0001315	Pran	Prbg.g_01539	Pran.g_00371
OG0001315	Prai	Prbg.g_01539	Prai.g_00061
OG0001315	Prag	Prbg.g_01539	Prag.g_00055
OG0001315	Praw	Prbg.g_01539	Praw.g_01373
OG0001315	Prav	Prbg.g_01539	Prav.g_00126
OG0001315	Pras	Prbg.g_01539	Pras.g_00913
OG0001315	Prau	Prbg.g_01539	Prau.g_00063
OG0001315	Prad	Prbg.g_01539	Prad.g_01932
OG0001315	Pray	Prbg.g_01539	Pray.g_00227
OG0001315	Praz	Prbg.g_01539	Praz.g_00422
OG0001315	Prba	Prbg.g_01539	Prba.g_01850
OG0001315	Prbd	Prbg.g_01539	Prbd.g_01182
OG0001315	Prae	Prbg.g_01539	Prae.g_00061
OG0001315	Prbi	Prbg.g_01539	Prbi.g_00068
OG0001315	Praa	Prbg.g_01539	Praa.g_00062
OG0001315	Prao	Prbg.g_01539	Prao.g_00200
OG0001315	Prax	Prbg.g_01539	Prax.g_00633
OG0001315	Prbm	Prbg.g_01539	Prbm.g_02056
OG0001315	Prbc	Prbg.g_01539	Prbc.g_00249
OG0001315	Praj	Prbg.g_01539	Praj.g_01974
OG0001315	Prbb	Prbg.g_01539	Prbb.g_02023
OG0001315	Syab	Prbg.g_01539	Syab.g_00472
OG0001315	Syal	Prbg.g_01539	Syal.g_00300
OG0001315	Syan	Prbg.g_01539	Syan.g_02168
OG0001315	Syao	Prbg.g_01539	Syao.g_01853
OG0001315	Syap	Prbg.g_01539	Syap.g_00596
OG0001315	Syas	Prbg.g_01539	Syas.g_01566
OG0001315	Syar	Prbg.g_01539	Syar.g_01094
OG0001315	Syat	Prbg.g_01539	Syat.g_01634
OG0001315	Syak	Prbg.g_01539	Syak.g_01284
OG0001315	Syac	Prbg.g_01539	Syac.g_02072
OG0001315	Syah	Prbg.g_01539	Syah.g_00808
OG0001315	Syaf	Prbg.g_01539	Syaf.g_00071
OG0001315	Syai	Prbg.g_01539	Syai.g_00427
OG0001315	Syam	Prbg.g_01539	Syam.g_00394
OG0001315	Syae	Prbg.g_01539	Syae.g_02145
OG0001315	Syaa	Prbg.g_01539	Syaa.g_02226
OG0001315	Syad	Prbg.g_01539	Syad.g_00715
OG0001315	Syaj	Prbg.g_01539	Syaj.g_02760
OG0001315	Syag	Prbg.g_01539	Syag.g_02796
OG0001315	Syaq	Prbg.g_01539	Syaq.g_00581
OG0001315	Pral	Prbg.g_01539	Pral.g_01326
OG0001315	Pram	Prbg.g_01539	Pram.g_01553
OG0001315	Prbh	Prbg.g_01539	Prbh.g_01861
OG0001315	Prak	Prbg.g_01539	Prak.g_01225
OG0001315	Prap	Prbg.g_01539	Prap.g_00509
OG0001315	Prbe	Prbg.g_01539	Prbe.g_01602
OG0001315	Prbf	Prbg.g_01539	Prbf.g_00865
OG0001315	Prbn	Prbg.g_01539	Prbn.g_01136
OG0001316	Prab	Prbg.g_00914	Prab.g_00130
OG0001316	Pran	Prbg.g_00914	Pran.g_00294
OG0001316	Prai	Prbg.g_00914	Prai.g_00140
OG0001316	Prac	Prbg.g_00914	Prac.g_01791
OG0001316	Praq	Prbg.g_00914	Praq.g_01863
OG0001316	Prar	Prbg.g_00914	Prar.g_00188
OG0001316	Prav	Prbg.g_00914	Prav.g_00205
OG0001316	Prag	Prbg.g_00914	Prag.g_00133
OG0001316	Praw	Prbg.g_00914	Praw.g_01295
OG0001316	Prao	Prbg.g_00914	Prao.g_00278
OG0001316	Pray	Prbg.g_00914	Pray.g_00149
OG0001316	Praz	Prbg.g_00914	Praz.g_00500
OG0001316	Prba	Prbg.g_00914	Prba.g_01928
OG0001316	Prad	Prbg.g_00914	Prad.g_01853
OG0001316	Prae	Prbg.g_00914	Prae.g_00140
OG0001316	Prax	Prbg.g_00914	Prax.g_01078
OG0001316	Pras	Prbg.g_00914	Pras.g_00991
OG0001316	Prau	Prbg.g_00914	Prau.g_00141
OG0001316	Praa	Prbg.g_00914	Praa.g_00140
OG0001316	Prbi	Prbg.g_00914	Prbi.g_00148
OG0001316	Prbd	Prbg.g_00914	Prbd.g_01102
OG0001316	Prbm	Prbg.g_00914	Prbm.g_00199
OG0001316	Prbc	Prbg.g_00914	Prbc.g_00431
OG0001316	Praj	Prbg.g_00914	Praj.g_00180
OG0001316	Prbb	Prbg.g_00914	Prbb.g_00197
OG0001316	Prah	Prbg.g_00914	Prah.g_02269
OG0001316	Praf	Prbg.g_00914	Praf.g_02421
OG0001316	Prbj	Prbg.g_00914	Prbj.g_01548
OG0001316	Prbk	Prbg.g_00914	Prbk.g_00560
OG0001316	Prbl	Prbg.g_00914	Prbl.g_00809
OG0001316	Syac	Prbg.g_00914	Syac.g_00342
OG0001316	Syah	Prbg.g_00914	Syah.g_00039
OG0001316	Syae	Prbg.g_00914	Syae.g_01415
OG0001316	Syaa	Prbg.g_00914	Syaa.g_02434
OG0001316	Syaf	Prbg.g_00914	Syaf.g_00847
OG0001316	Syai	Prbg.g_00914	Syai.g_02593
OG0001316	Syam	Prbg.g_00914	Syam.g_02176
OG0001316	Syad	Prbg.g_00914	Syad.g_02861
OG0001316	Syaj	Prbg.g_00914	Syaj.g_01946
OG0001316	Syag	Prbg.g_00914	Syag.g_01940
OG0001316	Syab	Prbg.g_00914	Syab.g_02552
OG0001316	Syal	Prbg.g_00914	Syal.g_00872
OG0001316	Syak	Prbg.g_00914	Syak.g_02140
OG0001316	Syaq	Prbg.g_00914	Syaq.g_01437
OG0001316	Pral	Prbg.g_00914	Pral.g_00905
OG0001316	Prat	Prbg.g_00914	Prat.g_00139
OG0001316	Pram	Prbg.g_00914	Pram.g_00126
OG0001316	Prbh	Prbg.g_00914	Prbh.g_00641
OG0001316	Prak	Prbg.g_00914	Prak.g_00148
OG0001316	Prap	Prbg.g_00914	Prap.g_01034
OG0001316	Prbe	Prbg.g_00914	Prbe.g_01684
OG0001316	Prbf	Prbg.g_00914	Prbf.g_01470
OG0001316	Prbn	Prbg.g_00914	Prbn.g_01277
OG0001317	Prab	Prbg.g_01016	Prab.g_00225
OG0001317	Pran	Prbg.g_01016	Pran.g_00198
OG0001317	Prai	Prbg.g_01016	Prai.g_00245
OG0001317	Prax	Prbg.g_01016	Prax.g_00984
OG0001317	Pray	Prbg.g_01016	Pray.g_00715
OG0001317	Praz	Prbg.g_01016	Praz.g_00594
OG0001317	Prba	Prbg.g_01016	Prba.g_00453
OG0001317	Prbi	Prbg.g_01016	Prbi.g_00258
OG0001317	Prav	Prbg.g_01016	Prav.g_00804
OG0001317	Prag	Prbg.g_01016	Prag.g_00227
OG0001317	Praw	Prbg.g_01016	Praw.g_01201
OG0001317	Prac	Prbg.g_01016	Prac.g_01696
OG0001317	Praq	Prbg.g_01016	Praq.g_01768
OG0001317	Prar	Prbg.g_01016	Prar.g_00093
OG0001317	Prad	Prbg.g_01016	Prad.g_01757
OG0001317	Pras	Prbg.g_01016	Pras.g_01086
OG0001317	Prau	Prbg.g_01016	Prau.g_00235
OG0001317	Prae	Prbg.g_01016	Prae.g_00237
OG0001317	Prbd	Prbg.g_01016	Prbd.g_01005
OG0001317	Praa	Prbg.g_01016	Praa.g_00234
OG0001317	Prao	Prbg.g_01016	Prao.g_00372
OG0001317	Prat	Prbg.g_01016	Prat.g_00239
OG0001317	Pral	Prbg.g_01016	Pral.g_00806
OG0001317	Pram	Prbg.g_01016	Pram.g_00221
OG0001317	Prbh	Prbg.g_01016	Prbh.g_00546
OG0001317	Prbb	Prbg.g_01016	Prbb.g_00291
OG0001317	Prbc	Prbg.g_01016	Prbc.g_00336
OG0001317	Praj	Prbg.g_01016	Praj.g_00274
OG0001317	Prbm	Prbg.g_01016	Prbm.g_00294
OG0001317	Syaq	Prbg.g_01016	Syaq.g_01576
OG0001317	Syan	Prbg.g_01016	Syan.g_02422
OG0001317	Syao	Prbg.g_01016	Syao.g_01701
OG0001317	Syas	Prbg.g_01016	Syas.g_02553
OG0001317	Syar	Prbg.g_01016	Syar.g_03025
OG0001317	Syat	Prbg.g_01016	Syat.g_01451
OG0001317	Syaa	Prbg.g_01016	Syaa.g_02112
OG0001317	Syag	Prbg.g_01016	Syag.g_01787
OG0001317	Syae	Prbg.g_01016	Syae.g_02235
OG0001317	Syad	Prbg.g_01016	Syad.g_00814
OG0001317	Syaj	Prbg.g_01016	Syaj.g_02857
OG0001317	Syai	Prbg.g_01016	Syai.g_00534
OG0001317	Syaf	Prbg.g_01016	Syaf.g_02790
OG0001317	Syam	Prbg.g_01016	Syam.g_00505
OG0001317	Syac	Prbg.g_01016	Syac.g_01971
OG0001317	Syah	Prbg.g_01016	Syah.g_00905
OG0001317	Syak	Prbg.g_01016	Syak.g_02302
OG0001317	Syab	Prbg.g_01016	Syab.g_02373
OG0001317	Syal	Prbg.g_01016	Syal.g_00687
OG0001317	Prak	Prbg.g_01016	Prak.g_00250
OG0001317	Prap	Prbg.g_01016	Prap.g_01478
OG0001317	Prbe	Prbg.g_01016	Prbe.g_01786
OG0001317	Prbf	Prbg.g_01016	Prbf.g_01572
OG0001317	Prbn	Prbg.g_01016	Prbn.g_00316
OG0001318	Pras	Prbg.g_01040	Pras.g_01108
OG0001318	Prau	Prbg.g_01040	Prau.g_00258
OG0001318	Prao	Prbg.g_01040	Prao.g_00394
OG0001318	Prad	Prbg.g_01040	Prad.g_01735
OG0001318	Pray	Prbg.g_01040	Pray.g_00737
OG0001318	Praz	Prbg.g_01040	Praz.g_00616
OG0001318	Prba	Prbg.g_01040	Prba.g_00475
OG0001318	Prbd	Prbg.g_01040	Prbd.g_00983
OG0001318	Prae	Prbg.g_01040	Prae.g_00259
OG0001318	Prax	Prbg.g_01040	Prax.g_00919
OG0001318	Praa	Prbg.g_01040	Praa.g_00256
OG0001318	Prbi	Prbg.g_01040	Prbi.g_00280
OG0001318	Prac	Prbg.g_01040	Prac.g_01675
OG0001318	Praq	Prbg.g_01040	Praq.g_01747
OG0001318	Prar	Prbg.g_01040	Prar.g_00331
OG0001318	Prag	Prbg.g_01040	Prag.g_00248
OG0001318	Praw	Prbg.g_01040	Praw.g_00877
OG0001318	Prav	Prbg.g_01040	Prav.g_01903
OG0001318	Prai	Prbg.g_01040	Prai.g_00269
OG0001318	Prab	Prbg.g_01040	Prab.g_00246
OG0001318	Pran	Prbg.g_01040	Pran.g_01936
OG0001318	Praj	Prbg.g_01040	Praj.g_00295
OG0001318	Prbm	Prbg.g_01040	Prbm.g_00316
OG0001318	Prbb	Prbg.g_01040	Prbb.g_00312
OG0001318	Prbc	Prbg.g_01040	Prbc.g_01152
OG0001318	Pral	Prbg.g_01040	Pral.g_00782
OG0001318	Prat	Prbg.g_01040	Prat.g_00263
OG0001318	Syar	Prbg.g_01040	Syar.g_00186
OG0001318	Syan	Prbg.g_01040	Syan.g_02060
OG0001318	Syao	Prbg.g_01040	Syao.g_02099
OG0001318	Syat	Prbg.g_01040	Syat.g_01888
OG0001318	Syap	Prbg.g_01040	Syap.g_01596, Syap.g_01597
OG0001318	Syas	Prbg.g_01040	Syas.g_01706
OG0001318	Syaf	Prbg.g_01040	Syaf.g_00209
OG0001318	Syai	Prbg.g_01040	Syai.g_00293
OG0001318	Syae	Prbg.g_01040	Syae.g_02004
OG0001318	Syad	Prbg.g_01040	Syad.g_00557
OG0001318	Syac	Prbg.g_01040	Syac.g_02218
OG0001318	Syah	Prbg.g_01040	Syah.g_00658
OG0001318	Syaa	Prbg.g_01040	Syaa.g_00296
OG0001318	Syab	Prbg.g_01040	Syab.g_00333
OG0001318	Syal	Prbg.g_01040	Syal.g_01228
OG0001318	Syag	Prbg.g_01040	Syag.g_02633
OG0001318	Syaq	Prbg.g_01040	Syaq.g_00728
OG0001318	Syak	Prbg.g_01040	Syak.g_01424
OG0001318	Pram	Prbg.g_01040	Pram.g_00245
OG0001318	Prbh	Prbg.g_01040	Prbh.g_00522
OG0001318	Prak	Prbg.g_01040	Prak.g_00274
OG0001318	Prap	Prbg.g_01040	Prap.g_01454
OG0001318	Prbe	Prbg.g_01040	Prbe.g_01810
OG0001318	Prbf	Prbg.g_01040	Prbf.g_01596
OG0001318	Prbn	Prbg.g_01040	Prbn.g_00023
OG0001319	Prao	Prbg.g_00052	Prao.g_00410
OG0001319	Prav	Prbg.g_00052	Prav.g_01919
OG0001319	Prab	Prbg.g_00052	Prab.g_00261
OG0001319	Pran	Prbg.g_00052	Pran.g_01921
OG0001319	Prag	Prbg.g_00052	Prag.g_00263
OG0001319	Praw	Prbg.g_00052	Praw.g_00862
OG0001319	Prac	Prbg.g_00052	Prac.g_01659
OG0001319	Prar	Prbg.g_00052	Prar.g_00315
OG0001319	Praq	Prbg.g_00052	Praq.g_01731
OG0001319	Praa	Prbg.g_00052	Praa.g_00272
OG0001319	Prae	Prbg.g_00052	Prae.g_00275
OG0001319	Prax	Prbg.g_00052	Prax.g_00903
OG0001319	Pray	Prbg.g_00052	Pray.g_00752
OG0001319	Praz	Prbg.g_00052	Praz.g_00631
OG0001319	Prba	Prbg.g_00052	Prba.g_00490
OG0001319	Prbi	Prbg.g_00052	Prbi.g_00296
OG0001319	Prad	Prbg.g_00052	Prad.g_01719
OG0001319	Prbd	Prbg.g_00052	Prbd.g_00967
OG0001319	Pras	Prbg.g_00052	Pras.g_01124
OG0001319	Prau	Prbg.g_00052	Prau.g_00274
OG0001319	Syar	Prbg.g_00052	Syar.g_00215
OG0001319	Syap	Prbg.g_00052	Syap.g_02338
OG0001319	Syan	Prbg.g_00052	Syan.g_02034
OG0001319	Syat	Prbg.g_00052	Syat.g_02048
OG0001319	Syas	Prbg.g_00052	Syas.g_01736
OG0001319	Syag	Prbg.g_00052	Syag.g_02609
OG0001319	Syao	Prbg.g_00052	Syao.g_02075
OG0001319	Syaq	Prbg.g_00052	Syaq.g_00751
OG0001319	Syac	Prbg.g_00052	Syac.g_02242
OG0001319	Syah	Prbg.g_00052	Syah.g_00635
OG0001319	Syaj	Prbg.g_00052	Syaj.g_02576
OG0001319	Syaf	Prbg.g_00052	Syaf.g_00232
OG0001319	Syai	Prbg.g_00052	Syai.g_00270
OG0001319	Syam	Prbg.g_00052	Syam.g_00241
OG0001319	Syaa	Prbg.g_00052	Syaa.g_00273
OG0001319	Syae	Prbg.g_00052	Syae.g_01980
OG0001319	Praf	Prbg.g_00052	Praf.g_02269
OG0001319	Prah	Prbg.g_00052	Prah.g_02124
OG0001319	Prbj	Prbg.g_00052	Prbj.g_01395
OG0001319	Prbk	Prbg.g_00052	Prbk.g_00407
OG0001319	Prbl	Prbg.g_00052	Prbl.g_01463
OG0001319	Syak	Prbg.g_00052	Syak.g_01448
OG0001319	Syab	Prbg.g_00052	Syab.g_00306
OG0001319	Syal	Prbg.g_00052	Syal.g_01252
OG0001319	Pral	Prbg.g_00052	Pral.g_00766
OG0001319	Prat	Prbg.g_00052	Prat.g_00280
OG0001319	Pram	Prbg.g_00052	Pram.g_00261
OG0001319	Prbh	Prbg.g_00052	Prbh.g_00506
OG0001319	Prak	Prbg.g_00052	Prak.g_00291
OG0001319	Prap	Prbg.g_00052	Prap.g_01437
OG0001319	Prbe	Prbg.g_00052	Prbe.g_01827
OG0001319	Prbf	Prbg.g_00052	Prbf.g_01613
OG0001319	Prbn	Prbg.g_00052	Prbn.g_00040
OG0001320	Prab	Prbg.g_01578, Prbg.g_01611	Prab.g_00370
OG0001320	Pran	Prbg.g_01578, Prbg.g_01611	Pran.g_01813
OG0001320	Prac	Prbg.g_01578, Prbg.g_01611	Prac.g_01151
OG0001320	Prar	Prbg.g_01578, Prbg.g_01611	Prar.g_00443
OG0001320	Praq	Prbg.g_01578, Prbg.g_01611	Praq.g_01161
OG0001320	Prai	Prbg.g_01578, Prbg.g_01611	Prai.g_01259
OG0001320	Prau	Prbg.g_01578, Prbg.g_01611	Prau.g_01284, Prau.g_00385
OG0001320	Pras	Prbg.g_01578, Prbg.g_01611	Pras.g_00539, Pras.g_01235
OG0001320	Prad	Prbg.g_01578, Prbg.g_01611	Prad.g_00951, Prad.g_00728
OG0001320	Prbi	Prbg.g_01578, Prbg.g_01611	Prbi.g_00406
OG0001320	Prag	Prbg.g_01578, Prbg.g_01611	Prag.g_00374
OG0001320	Praw	Prbg.g_01578, Prbg.g_01611	Praw.g_00752
OG0001320	Prax	Prbg.g_01578, Prbg.g_01611	Prax.g_00793
OG0001320	Prae	Prbg.g_01578, Prbg.g_01611	Prae.g_00381
OG0001320	Pray	Prbg.g_01578, Prbg.g_01611	Pray.g_00860
OG0001320	Praz	Prbg.g_01578, Prbg.g_01611	Praz.g_00792
OG0001320	Prba	Prbg.g_01578, Prbg.g_01611	Prba.g_00876
OG0001320	Prao	Prbg.g_01578, Prbg.g_01611	Prao.g_00515
OG0001320	Prbd	Prbg.g_01578, Prbg.g_01611	Prbd.g_00856
OG0001320	Praa	Prbg.g_01578, Prbg.g_01611	Praa.g_00380
OG0001320	Prav	Prbg.g_01578, Prbg.g_01611	Prav.g_00998
OG0001320	Prbm	Prbg.g_01578, Prbg.g_01611	Prbm.g_01415
OG0001320	Prbc	Prbg.g_01578, Prbg.g_01611	Prbc.g_00037, Prbc.g_00013
OG0001320	Prat	Prbg.g_01578, Prbg.g_01611	Prat.g_01580
OG0001320	Pral	Prbg.g_01578, Prbg.g_01611	Pral.g_00062
OG0001320	Pram	Prbg.g_01578, Prbg.g_01611	Pram.g_00662
OG0001320	Prbh	Prbg.g_01578, Prbg.g_01611	Prbh.g_00806
OG0001320	Prak	Prbg.g_01578	Prak.g_01573
OG0001320	Prap	Prbg.g_01578	Prap.g_01851
OG0001320	Prbe	Prbg.g_01578	Prbe.g_01130
OG0001320	Prbf	Prbg.g_01578	Prbf.g_00765
OG0001320	Prbn	Prbg.g_01578	Prbn.g_01673
OG0001320	Prak	Prbg.g_01611	Prak.g_01606
OG0001320	Prap	Prbg.g_01611	Prap.g_01818
OG0001320	Prbe	Prbg.g_01611	Prbe.g_01024
OG0001320	Prbf	Prbg.g_01611	Prbf.g_00732
OG0001320	Prbn	Prbg.g_01611	Prbn.g_01706
OG0001321	Prai	Prbg.g_00171	Prai.g_00482
OG0001321	Prab	Prbg.g_00171	Prab.g_00457
OG0001321	Pran	Prbg.g_00171	Pran.g_01726
OG0001321	Prag	Prbg.g_00171	Prag.g_00430
OG0001321	Praw	Prbg.g_00171	Praw.g_00696
OG0001321	Prac	Prbg.g_00171	Prac.g_01096
OG0001321	Praq	Prbg.g_00171	Praq.g_00500
OG0001321	Prar	Prbg.g_00171	Prar.g_00499
OG0001321	Prbd	Prbg.g_00171	Prbd.g_00791
OG0001321	Pras	Prbg.g_00171	Pras.g_01329
OG0001321	Prae	Prbg.g_00171	Prae.g_00425
OG0001321	Praa	Prbg.g_00171	Praa.g_00450
OG0001321	Prao	Prbg.g_00171	Prao.g_00555
OG0001321	Prbi	Prbg.g_00171	Prbi.g_00452
OG0001321	Prav	Prbg.g_00171	Prav.g_01050
OG0001321	Prau	Prbg.g_00171	Prau.g_00492
OG0001321	Prax	Prbg.g_00171	Prax.g_00749
OG0001321	Pray	Prbg.g_00171	Pray.g_00941
OG0001321	Praz	Prbg.g_00171	Praz.g_01877
OG0001321	Prba	Prbg.g_00171	Prba.g_01010
OG0001321	Prad	Prbg.g_00171	Prad.g_00056
OG0001321	Prbm	Prbg.g_00171	Prbm.g_00461
OG0001321	Praj	Prbg.g_00171	Praj.g_00445
OG0001321	Prbb	Prbg.g_00171	Prbb.g_00456
OG0001321	Prbc	Prbg.g_00171	Prbc.g_01512
OG0001321	Prbj	Prbg.g_00171	Prbj.g_00119
OG0001321	Prbk	Prbg.g_00171	Prbk.g_00309
OG0001321	Prbl	Prbg.g_00171	Prbl.g_00633
OG0001321	Praf	Prbg.g_00171	Praf.g_01961
OG0001321	Prah	Prbg.g_00171	Prah.g_00253
OG0001321	Syac	Prbg.g_00171	Syac.g_00712
OG0001321	Syah	Prbg.g_00171	Syah.g_02216
OG0001321	Syaf	Prbg.g_00171	Syaf.g_01238
OG0001321	Syam	Prbg.g_00171	Syam.g_01846
OG0001321	Syai	Prbg.g_00171	Syai.g_02195
OG0001321	Syad	Prbg.g_00171	Syad.g_02423
OG0001321	Syaj	Prbg.g_00171	Syaj.g_01528
OG0001321	Syaa	Prbg.g_00171	Syaa.g_00719
OG0001321	Syae	Prbg.g_00171	Syae.g_00978
OG0001321	Syag	Prbg.g_00171	Syag.g_00050
OG0001321	Syak	Prbg.g_00171	Syak.g_01172
OG0001321	Syab	Prbg.g_00171	Syab.g_00616
OG0001321	Syal	Prbg.g_00171	Syal.g_00508
OG0001321	Syaq	Prbg.g_00171	Syaq.g_00483
OG0001321	Pral	Prbg.g_00171	Pral.g_00642
OG0001321	Prat	Prbg.g_00171	Prat.g_00413
OG0001321	Pram	Prbg.g_00171	Pram.g_00386
OG0001321	Prbh	Prbg.g_00171	Prbh.g_00381
OG0001321	Prak	Prbg.g_00171	Prak.g_00413
OG0001321	Prap	Prbg.g_00171	Prap.g_01315
OG0001321	Prbe	Prbg.g_00171	Prbe.g_01949
OG0001321	Prbf	Prbg.g_00171	Prbf.g_01735
OG0001321	Prbn	Prbg.g_00171	Prbn.g_00662
OG0001322	Prai	Prbg.g_00172	Prai.g_00483
OG0001322	Prab	Prbg.g_00172	Prab.g_00458
OG0001322	Pran	Prbg.g_00172	Pran.g_01725
OG0001322	Prag	Prbg.g_00172	Prag.g_00431
OG0001322	Praw	Prbg.g_00172	Praw.g_00695
OG0001322	Prac	Prbg.g_00172	Prac.g_01095
OG0001322	Praq	Prbg.g_00172	Praq.g_00501
OG0001322	Prar	Prbg.g_00172	Prar.g_00500
OG0001322	Prad	Prbg.g_00172	Prad.g_00055
OG0001322	Prav	Prbg.g_00172	Prav.g_01051
OG0001322	Pray	Prbg.g_00172	Pray.g_00942
OG0001322	Praz	Prbg.g_00172	Praz.g_01876
OG0001322	Prba	Prbg.g_00172	Prba.g_01009
OG0001322	Prau	Prbg.g_00172	Prau.g_00493
OG0001322	Prax	Prbg.g_00172	Prax.g_00748
OG0001322	Pras	Prbg.g_00172	Pras.g_01330
OG0001322	Prae	Prbg.g_00172	Prae.g_00426
OG0001322	Prbd	Prbg.g_00172	Prbd.g_00790
OG0001322	Prao	Prbg.g_00172	Prao.g_00556
OG0001322	Praa	Prbg.g_00172	Praa.g_00451
OG0001322	Prbi	Prbg.g_00172	Prbi.g_00453
OG0001322	Praj	Prbg.g_00172	Praj.g_00446
OG0001322	Prbm	Prbg.g_00172	Prbm.g_00462
OG0001322	Prbb	Prbg.g_00172	Prbb.g_00457
OG0001322	Prbc	Prbg.g_00172	Prbc.g_01513
OG0001322	Praf	Prbg.g_00172	Praf.g_01960
OG0001322	Prah	Prbg.g_00172	Prah.g_00254
OG0001322	Prbj	Prbg.g_00172	Prbj.g_00120
OG0001322	Prbk	Prbg.g_00172	Prbk.g_00308
OG0001322	Prbl	Prbg.g_00172	Prbl.g_00632
OG0001322	Syak	Prbg.g_00172	Syak.g_01171
OG0001322	Syaq	Prbg.g_00172	Syaq.g_00482
OG0001322	Syag	Prbg.g_00172	Syag.g_00051
OG0001322	Syab	Prbg.g_00172	Syab.g_00617
OG0001322	Syal	Prbg.g_00172	Syal.g_00507
OG0001322	Syad	Prbg.g_00172	Syad.g_02422
OG0001322	Syaj	Prbg.g_00172	Syaj.g_01527
OG0001322	Syac	Prbg.g_00172	Syac.g_00713
OG0001322	Syah	Prbg.g_00172	Syah.g_02215
OG0001322	Syae	Prbg.g_00172	Syae.g_00977
OG0001322	Syaa	Prbg.g_00172	Syaa.g_00720
OG0001322	Syaf	Prbg.g_00172	Syaf.g_01239
OG0001322	Syam	Prbg.g_00172	Syam.g_01845
OG0001322	Syai	Prbg.g_00172	Syai.g_02194
OG0001322	Pral	Prbg.g_00172	Pral.g_00641
OG0001322	Prat	Prbg.g_00172	Prat.g_00414
OG0001322	Pram	Prbg.g_00172	Pram.g_00387
OG0001322	Prbh	Prbg.g_00172	Prbh.g_00380
OG0001322	Prak	Prbg.g_00172	Prak.g_00414
OG0001322	Prap	Prbg.g_00172	Prap.g_01314
OG0001322	Prbe	Prbg.g_00172	Prbe.g_01950
OG0001322	Prbf	Prbg.g_00172	Prbf.g_01736
OG0001322	Prbn	Prbg.g_00172	Prbn.g_00661
OG0001323	Prab	Prbg.g_00238	Prab.g_00523
OG0001323	Pran	Prbg.g_00238	Pran.g_01659
OG0001323	Prai	Prbg.g_00238	Prai.g_00548
OG0001323	Prac	Prbg.g_00238	Prac.g_00853
OG0001323	Praq	Prbg.g_00238	Praq.g_01083
OG0001323	Prar	Prbg.g_00238	Prar.g_01349
OG0001323	Pray	Prbg.g_00238	Pray.g_01010
OG0001323	Praz	Prbg.g_00238	Praz.g_01809
OG0001323	Prba	Prbg.g_00238	Prba.g_00942
OG0001323	Prag	Prbg.g_00238	Prag.g_00498
OG0001323	Praw	Prbg.g_00238	Praw.g_00629
OG0001323	Prav	Prbg.g_00238	Prav.g_01117
OG0001323	Pras	Prbg.g_00238	Pras.g_01397
OG0001323	Prau	Prbg.g_00238	Prau.g_00560
OG0001323	Prao	Prbg.g_00238	Prao.g_00625
OG0001323	Prbi	Prbg.g_00238	Prbi.g_00522
OG0001323	Prbd	Prbg.g_00238	Prbd.g_00723
OG0001323	Prax	Prbg.g_00238	Prax.g_00682
OG0001323	Praa	Prbg.g_00238	Praa.g_00519
OG0001323	Prae	Prbg.g_00238	Prae.g_00493
OG0001323	Prad	Prbg.g_00238	Prad.g_00110
OG0001323	Pral	Prbg.g_00238	Pral.g_00570
OG0001323	Prbj	Prbg.g_00238	Prbj.g_02109
OG0001323	Prbk	Prbg.g_00238	Prbk.g_01062
OG0001323	Prbl	Prbg.g_00238	Prbl.g_00784
OG0001323	Praf	Prbg.g_00238	Praf.g_00642
OG0001323	Prah	Prbg.g_00238	Prah.g_01518
OG0001323	Syak	Prbg.g_00238	Syak.g_02623
OG0001323	Syac	Prbg.g_00238	Syac.g_01857
OG0001323	Syah	Prbg.g_00238	Syah.g_01043
OG0001323	Syaa	Prbg.g_00238	Syaa.g_02002
OG0001323	Syaf	Prbg.g_00238	Syaf.g_02675
OG0001323	Syai	Prbg.g_00238	Syai.g_00685
OG0001323	Syam	Prbg.g_00238	Syam.g_00631
OG0001323	Syae	Prbg.g_00238	Syae.g_02355
OG0001323	Syad	Prbg.g_00238	Syad.g_00953
OG0001323	Syaj	Prbg.g_00238	Syaj.g_00119
OG0001323	Syag	Prbg.g_00238	Syag.g_01479
OG0001323	Syab	Prbg.g_00238	Syab.g_02145
OG0001323	Syal	Prbg.g_00238	Syal.g_02946
OG0001323	Syat	Prbg.g_00238	Syat.g_01111
OG0001323	Syan	Prbg.g_00238	Syan.g_01193
OG0001323	Syao	Prbg.g_00238	Syao.g_01392
OG0001323	Syap	Prbg.g_00238	Syap.g_00757
OG0001323	Syas	Prbg.g_00238	Syas.g_00006
OG0001323	Syaq	Prbg.g_00238	Syaq.g_01820
OG0001323	Pram	Prbg.g_00238	Pram.g_00457
OG0001323	Prbh	Prbg.g_00238	Prbh.g_00310
OG0001323	Prak	Prbg.g_00238	Prak.g_00480
OG0001323	Prap	Prbg.g_00238	Prap.g_01248
OG0001323	Prbe	Prbg.g_00238	Prbe.g_00614
OG0001323	Prbf	Prbg.g_00238	Prbf.g_01802
OG0001323	Prbn	Prbg.g_00238	Prbn.g_00595
OG0001324	Prab	Prbg.g_01137	Prab.g_00699
OG0001324	Pran	Prbg.g_01137	Pran.g_01484
OG0001324	Prai	Prbg.g_01137	Prai.g_00723
OG0001324	Prad	Prbg.g_01137	Prad.g_01268
OG0001324	Praa	Prbg.g_01137	Praa.g_00694
OG0001324	Pray	Prbg.g_01137	Pray.g_01069
OG0001324	Praz	Prbg.g_01137	Praz.g_01636
OG0001324	Prba	Prbg.g_01137	Prba.g_01623
OG0001324	Prax	Prbg.g_01137	Prax.g_00948
OG0001324	Prbi	Prbg.g_01137	Prbi.g_00697
OG0001324	Prag	Prbg.g_01137	Prag.g_00672
OG0001324	Praw	Prbg.g_01137	Praw.g_01828
OG0001324	Prbd	Prbg.g_01137	Prbd.g_00550
OG0001324	Prae	Prbg.g_01137	Prae.g_00668
OG0001324	Prao	Prbg.g_01137	Prao.g_00132
OG0001324	Prav	Prbg.g_01137	Prav.g_01292
OG0001324	Prac	Prbg.g_01137	Prac.g_00677
OG0001324	Praq	Prbg.g_01137	Praq.g_00823
OG0001324	Prar	Prbg.g_01137	Prar.g_01524
OG0001324	Pras	Prbg.g_01137	Pras.g_01570
OG0001324	Prau	Prbg.g_01137	Prau.g_00734
OG0001324	Prbm	Prbg.g_01137	Prbm.g_00732
OG0001324	Prbb	Prbg.g_01137	Prbb.g_00702
OG0001324	Praj	Prbg.g_01137	Praj.g_00688
OG0001324	Prbc	Prbg.g_01137	Prbc.g_01777
OG0001324	Pral	Prbg.g_01137	Pral.g_01746
OG0001324	Prat	Prbg.g_01137	Prat.g_00769
OG0001324	Prah	Prbg.g_01137	Prah.g_00987
OG0001324	Praf	Prbg.g_01137	Praf.g_01205
OG0001324	Prbj	Prbg.g_01137	Prbj.g_00948
OG0001324	Prbk	Prbg.g_01137	Prbk.g_01800
OG0001324	Prbl	Prbg.g_01137	Prbl.g_01874
OG0001324	Syag	Prbg.g_01137	Syag.g_01002
OG0001324	Syaq	Prbg.g_01137	Syaq.g_02590
OG0001324	Syaf	Prbg.g_01137	Syaf.g_01467
OG0001324	Syai	Prbg.g_01137	Syai.g_01983
OG0001324	Syam	Prbg.g_01137	Syam.g_00799
OG0001324	Syac	Prbg.g_01137	Syac.g_00909
OG0001324	Syah	Prbg.g_01137	Syah.g_02006
OG0001324	Syak	Prbg.g_01137	Syak.g_00707
OG0001324	Syab	Prbg.g_01137	Syab.g_01181
OG0001324	Syal	Prbg.g_01137	Syal.g_01796
OG0001324	Syae	Prbg.g_01137	Syae.g_00767
OG0001324	Syaa	Prbg.g_01137	Syaa.g_00904
OG0001324	Syad	Prbg.g_01137	Syad.g_01338
OG0001324	Syaj	Prbg.g_01137	Syaj.g_00478
OG0001324	Pram	Prbg.g_01137	Pram.g_00786
OG0001324	Prbh	Prbg.g_01137	Prbh.g_00930
OG0001324	Prak	Prbg.g_01137	Prak.g_00823
OG0001324	Prap	Prbg.g_01137	Prap.g_00805
OG0001324	Prbe	Prbg.g_01137	Prbe.g_01200
OG0001324	Prbf	Prbg.g_01137	Prbf.g_01267
OG0001324	Prbn	Prbg.g_01137	Prbn.g_01568
OG0001325	Prab	Prbg.g_01372	Prab.g_00728
OG0001325	Pran	Prbg.g_01372	Pran.g_01455
OG0001325	Prai	Prbg.g_01372	Prai.g_00753
OG0001325	Prac	Prbg.g_01372	Prac.g_01555
OG0001325	Praq	Prbg.g_01372	Praq.g_00588
OG0001325	Prar	Prbg.g_01372	Prar.g_01604
OG0001325	Prag	Prbg.g_01372	Prag.g_00697
OG0001325	Praw	Prbg.g_01372	Praw.g_01804
OG0001325	Prae	Prbg.g_01372	Prae.g_00716
OG0001325	Prau	Prbg.g_01372	Prau.g_00760
OG0001325	Prav	Prbg.g_01372	Prav.g_00311
OG0001325	Prao	Prbg.g_01372	Prao.g_00653
OG0001325	Prbi	Prbg.g_01372	Prbi.g_00750
OG0001325	Praa	Prbg.g_01372	Praa.g_00716
OG0001325	Pras	Prbg.g_01372	Pras.g_01611
OG0001325	Prad	Prbg.g_01372	Prad.g_01054
OG0001325	Prax	Prbg.g_01372	Prax.g_00480
OG0001325	Pray	Prbg.g_01372	Pray.g_01035
OG0001325	Praz	Prbg.g_01372	Praz.g_01602
OG0001325	Prba	Prbg.g_01372	Prba.g_01589
OG0001325	Prbd	Prbg.g_01372	Prbd.g_00012
OG0001325	Prbm	Prbg.g_01372	Prbm.g_00747
OG0001325	Praj	Prbg.g_01372	Praj.g_00703
OG0001325	Prbb	Prbg.g_01372	Prbb.g_00718
OG0001325	Prbc	Prbg.g_01372	Prbc.g_01792
OG0001325	Syar	Prbg.g_01372	Syar.g_01577
OG0001325	Syan	Prbg.g_01372	Syan.g_00323
OG0001325	Syao	Prbg.g_01372	Syao.g_00487
OG0001325	Syat	Prbg.g_01372	Syat.g_00664
OG0001325	Syas	Prbg.g_01372	Syas.g_00179
OG0001325	Syae	Prbg.g_01372	Syae.g_00465
OG0001325	Syaa	Prbg.g_01372	Syaa.g_01243
OG0001325	Syad	Prbg.g_01372	Syad.g_01811
OG0001325	Syaj	Prbg.g_01372	Syaj.g_00953
OG0001325	Syam	Prbg.g_01372	Syam.g_01241
OG0001325	Syaf	Prbg.g_01372	Syaf.g_01976
OG0001325	Syai	Prbg.g_01372	Syai.g_01392
OG0001325	Syac	Prbg.g_01372	Syac.g_01281
OG0001325	Syah	Prbg.g_01372	Syah.g_01723
OG0001325	Syag	Prbg.g_01372	Syag.g_00916
OG0001325	Syak	Prbg.g_01372	Syak.g_00800
OG0001325	Syab	Prbg.g_01372	Syab.g_01273
OG0001325	Syal	Prbg.g_01372	Syal.g_01865
OG0001325	Syaq	Prbg.g_01372	Syaq.g_00030
OG0001325	Pral	Prbg.g_01372	Pral.g_01724
OG0001325	Prat	Prbg.g_01372	Prat.g_00793
OG0001325	Pram	Prbg.g_01372	Pram.g_01025
OG0001325	Prbh	Prbg.g_01372	Prbh.g_01168
OG0001325	Prak	Prbg.g_01372	Prak.g_01058
OG0001325	Prap	Prbg.g_01372	Prap.g_00342
OG0001325	Prbe	Prbg.g_01372	Prbe.g_01435
OG0001325	Prbf	Prbg.g_01372	Prbf.g_01032
OG0001325	Prbn	Prbg.g_01372	Prbn.g_00859
OG0001327	Pray	Prbg.g_01072	Pray.g_00600
OG0001327	Praz	Prbg.g_01072	Praz.g_00082
OG0001327	Prba	Prbg.g_01072	Prba.g_01248
OG0001327	Prab	Prbg.g_01072	Prab.g_01112
OG0001327	Pran	Prbg.g_01072	Pran.g_00167
OG0001327	Prai	Prbg.g_01072	Prai.g_01075
OG0001327	Prac	Prbg.g_01072	Prac.g_01240
OG0001327	Praq	Prbg.g_01072	Praq.g_01634
OG0001327	Prar	Prbg.g_01072	Prar.g_01920
OG0001327	Prag	Prbg.g_01072	Prag.g_01051
OG0001327	Praw	Prbg.g_01072	Praw.g_01452
OG0001327	Prav	Prbg.g_01072	Prav.g_00227
OG0001327	Prax	Prbg.g_01072	Prax.g_01221
OG0001327	Prad	Prbg.g_01072	Prad.g_01003
OG0001327	Prao	Prbg.g_01072	Prao.g_00993
OG0001327	Prbd	Prbg.g_01072	Prbd.g_00356
OG0001327	Prae	Prbg.g_01072	Prae.g_01057
OG0001327	Praa	Prbg.g_01072	Praa.g_01055
OG0001327	Prbi	Prbg.g_01072	Prbi.g_01102
OG0001327	Pras	Prbg.g_01072	Pras.g_01950
OG0001327	Prau	Prbg.g_01072	Prau.g_01104
OG0001327	Syak	Prbg.g_01072	Syak.g_00362
OG0001327	Syar	Prbg.g_01072	Syar.g_01674
OG0001327	Syan	Prbg.g_01072	Syan.g_00753
OG0001327	Syas	Prbg.g_01072	Syas.g_00687
OG0001327	Syat	Prbg.g_01072	Syat.g_00414
OG0001327	Syao	Prbg.g_01072	Syao.g_00953
OG0001327	Syae	Prbg.g_01072	Syae.g_00586
OG0001327	Syad	Prbg.g_01072	Syad.g_01605
OG0001327	Syaj	Prbg.g_01072	Syaj.g_00729
OG0001327	Syaa	Prbg.g_01072	Syaa.g_01083
OG0001327	Syaf	Prbg.g_01072	Syaf.g_02116
OG0001327	Syai	Prbg.g_01072	Syai.g_01250
OG0001327	Syam	Prbg.g_01072	Syam.g_01359
OG0001327	Syah	Prbg.g_01072	Syah.g_01519
OG0001327	Syaq	Prbg.g_01072	Syaq.g_02259
OG0001327	Praf	Prbg.g_01072	Praf.g_01640
OG0001327	Prah	Prbg.g_01072	Prah.g_00555
OG0001327	Syab	Prbg.g_01072	Syab.g_01643
OG0001327	Syal	Prbg.g_01072	Syal.g_02296
OG0001327	Praj	Prbg.g_01072	Praj.g_00876
OG0001327	Prbb	Prbg.g_01072	Prbb.g_00921
OG0001327	Prbc	Prbg.g_01072	Prbc.g_01966
OG0001327	Prbm	Prbg.g_01072	Prbm.g_00918
OG0001327	Pral	Prbg.g_01072	Pral.g_01810
OG0001327	Prat	Prbg.g_01072	Prat.g_00704
OG0001327	Pram	Prbg.g_01072	Pram.g_00723
OG0001327	Prbh	Prbg.g_01072	Prbh.g_00867
OG0001327	Prak	Prbg.g_01072	Prak.g_00758
OG0001327	Prap	Prbg.g_01072	Prap.g_00870
OG0001327	Prbe	Prbg.g_01072	Prbe.g_00405
OG0001327	Prbf	Prbg.g_01072	Prbf.g_01332
OG0001327	Prbn	Prbg.g_01072	Prbn.g_01633
OG0001328	Prab	Prbg.g_00458	Prab.g_01137
OG0001328	Pran	Prbg.g_00458	Pran.g_00142
OG0001328	Prai	Prbg.g_00458	Prai.g_01100
OG0001328	Prac	Prbg.g_00458	Prac.g_01214
OG0001328	Praq	Prbg.g_00458	Praq.g_01660
OG0001328	Prar	Prbg.g_00458	Prar.g_01946
OG0001328	Prbd	Prbg.g_00458	Prbd.g_00382
OG0001328	Prao	Prbg.g_00458	Prao.g_01018
OG0001328	Pray	Prbg.g_00458	Pray.g_00625
OG0001328	Praz	Prbg.g_00458	Praz.g_00107
OG0001328	Prba	Prbg.g_00458	Prba.g_01223
OG0001328	Prax	Prbg.g_00458	Prax.g_01247
OG0001328	Pras	Prbg.g_00458	Pras.g_01975
OG0001328	Prau	Prbg.g_00458	Prau.g_01129
OG0001328	Prad	Prbg.g_00458	Prad.g_00979
OG0001328	Prag	Prbg.g_00458	Prag.g_01078
OG0001328	Praw	Prbg.g_00458	Praw.g_01425
OG0001328	Prav	Prbg.g_00458	Prav.g_00254
OG0001328	Prbi	Prbg.g_00458	Prbi.g_01129
OG0001328	Praa	Prbg.g_00458	Praa.g_01082
OG0001328	Prae	Prbg.g_00458	Prae.g_01083
OG0001328	Pram	Prbg.g_00458	Pram.g_01214
OG0001328	Prbh	Prbg.g_00458	Prbh.g_01357
OG0001328	Prbb	Prbg.g_00458	Prbb.g_00940
OG0001328	Prbm	Prbg.g_00458	Prbm.g_00937
OG0001328	Prbc	Prbg.g_00458	Prbc.g_01985
OG0001328	Praj	Prbg.g_00458	Praj.g_00895
OG0001328	Syan	Prbg.g_00458	Syan.g_02675
OG0001328	Syao	Prbg.g_00458	Syao.g_00198
OG0001328	Prah	Prbg.g_00458	Prah.g_00722
OG0001328	Praf	Prbg.g_00458	Praf.g_01473
OG0001328	Prbj	Prbg.g_00458	Prbj.g_02357
OG0001328	Prbk	Prbg.g_00458	Prbk.g_02413
OG0001328	Prbl	Prbg.g_00458	Prbl.g_02390
OG0001328	Syab	Prbg.g_00458	Syab.g_01616
OG0001328	Syal	Prbg.g_00458	Syal.g_02266
OG0001328	Syag	Prbg.g_00458	Syag.g_00620
OG0001328	Syac	Prbg.g_00458	Syac.g_01385
OG0001328	Syah	Prbg.g_00458	Syah.g_01822
OG0001328	Syae	Prbg.g_00458	Syae.g_00565
OG0001328	Syaa	Prbg.g_00458	Syaa.g_01104
OG0001328	Syai	Prbg.g_00458	Syai.g_01278
OG0001328	Syaf	Prbg.g_00458	Syaf.g_02094
OG0001328	Syam	Prbg.g_00458	Syam.g_01340
OG0001328	Syad	Prbg.g_00458	Syad.g_01638
OG0001328	Syaj	Prbg.g_00458	Syaj.g_00764
OG0001328	Syak	Prbg.g_00458	Syak.g_00383
OG0001328	Syaq	Prbg.g_00458	Syaq.g_02280
OG0001328	Prak	Prbg.g_00458	Prak.g_01258
OG0001328	Prap	Prbg.g_00458	Prap.g_00542
OG0001328	Prbe	Prbg.g_00458	Prbe.g_00912
OG0001328	Prbf	Prbg.g_00458	Prbf.g_00045
OG0001328	Prbn	Prbg.g_00458	Prbn.g_01103
OG0001329	Prab	Prbg.g_01609	Prab.g_01178
OG0001329	Pran	Prbg.g_01609	Pran.g_00101
OG0001329	Prav	Prbg.g_01609	Prav.g_00026
OG0001329	Prag	Prbg.g_01609	Prag.g_01113
OG0001329	Praw	Prbg.g_01609	Praw.g_00194
OG0001329	Prad	Prbg.g_01609	Prad.g_00663
OG0001329	Prae	Prbg.g_01609	Prae.g_01122
OG0001329	Prac	Prbg.g_01609	Prac.g_01024
OG0001329	Praq	Prbg.g_01609	Praq.g_01294
OG0001329	Prar	Prbg.g_01609	Prar.g_01302
OG0001329	Pras	Prbg.g_01609	Pras.g_00017
OG0001329	Prau	Prbg.g_01609	Prau.g_01168
OG0001329	Praa	Prbg.g_01609	Praa.g_01123
OG0001329	Prbi	Prbg.g_01609	Prbi.g_01169
OG0001329	Pray	Prbg.g_01609	Pray.g_00104
OG0001329	Praz	Prbg.g_01609	Praz.g_00032
OG0001329	Prba	Prbg.g_01609	Prba.g_00104, Prba.g_00721
OG0001329	Prao	Prbg.g_01609	Prao.g_01129
OG0001329	Prax	Prbg.g_01609	Prax.g_00154
OG0001329	Prbd	Prbg.g_01609	Prbd.g_00421
OG0001329	Praj	Prbg.g_01609	Praj.g_01727
OG0001329	Prbc	Prbg.g_01609	Prbc.g_00803
OG0001329	Prbb	Prbg.g_01609	Prbb.g_01782
OG0001329	Prbm	Prbg.g_01609	Prbm.g_01805
OG0001329	Prah	Prbg.g_01609	Prah.g_01213
OG0001329	Praf	Prbg.g_01609	Praf.g_00960
OG0001329	Prbj	Prbg.g_01609	Prbj.g_00043
OG0001329	Prbk	Prbg.g_01609	Prbk.g_01661
OG0001329	Prbl	Prbg.g_01609	Prbl.g_01079
OG0001329	Syak	Prbg.g_01609	Syak.g_00280
OG0001329	Syas	Prbg.g_01609	Syas.g_00773
OG0001329	Syat	Prbg.g_01609	Syat.g_00097
OG0001329	Syan	Prbg.g_01609	Syan.g_00838
OG0001329	Syao	Prbg.g_01609	Syao.g_00876
OG0001329	Syad	Prbg.g_01609	Syad.g_00866
OG0001329	Syaj	Prbg.g_01609	Syaj.g_00028
OG0001329	Syar	Prbg.g_01609	Syar.g_02337
OG0001329	Syaq	Prbg.g_01609	Syaq.g_02113
OG0001329	Syag	Prbg.g_01609	Syag.g_00498
OG0001329	Syaf	Prbg.g_01609	Syaf.g_02285
OG0001329	Syac	Prbg.g_01609	Syac.g_01007
OG0001329	Syah	Prbg.g_01609	Syah.g_01906
OG0001329	Syab	Prbg.g_01609	Syab.g_00361
OG0001329	Syal	Prbg.g_01609	Syal.g_01188
OG0001329	Pram	Prbg.g_01609	Pram.g_01598
OG0001329	Prbh	Prbg.g_01609	Prbh.g_01816
OG0001329	Prat	Prbg.g_01609	Prat.g_01542
OG0001329	Prak	Prbg.g_01609	Prak.g_01604
OG0001329	Prap	Prbg.g_01609	Prap.g_01820
OG0001329	Prbe	Prbg.g_01609	Prbe.g_01026
OG0001329	Prbf	Prbg.g_01609	Prbf.g_00734
OG0001329	Prbn	Prbg.g_01609	Prbn.g_01704
OG0001330	Prai	Prbg.g_00697	Prai.g_01309
OG0001330	Prac	Prbg.g_00697	Prac.g_00153
OG0001330	Praq	Prbg.g_00697	Praq.g_00111
OG0001330	Prar	Prbg.g_00697	Prar.g_00977
OG0001330	Prad	Prbg.g_00697	Prad.g_00340
OG0001330	Prax	Prbg.g_00697	Prax.g_01929
OG0001330	Prav	Prbg.g_00697	Prav.g_01408
OG0001330	Praa	Prbg.g_00697	Praa.g_01289
OG0001330	Pray	Prbg.g_00697	Pray.g_01896
OG0001330	Praz	Prbg.g_00697	Praz.g_01206
OG0001330	Prba	Prbg.g_00697	Prba.g_01166
OG0001330	Prbi	Prbg.g_00697	Prbi.g_01362
OG0001330	Prao	Prbg.g_00697	Prao.g_01306
OG0001330	Pras	Prbg.g_00697	Pras.g_00177
OG0001330	Prau	Prbg.g_00697	Prau.g_01345
OG0001330	Prae	Prbg.g_00697	Prae.g_01292
OG0001330	Prag	Prbg.g_00697	Prag.g_01327
OG0001330	Praw	Prbg.g_00697	Praw.g_00953
OG0001330	Praf	Prbg.g_00697	Praf.g_00805
OG0001330	Syab	Prbg.g_00697	Syab.g_00925
OG0001330	Syal	Prbg.g_00697	Syal.g_01611
OG0001330	Syak	Prbg.g_00697	Syak.g_00925
OG0001330	Syag	Prbg.g_00697	Syag.g_01181
OG0001330	Syad	Prbg.g_00697	Syad.g_02395
OG0001330	Syaj	Prbg.g_00697	Syaj.g_01501
OG0001330	Syac	Prbg.g_00697	Syac.g_00738
OG0001330	Syah	Prbg.g_00697	Syah.g_02190
OG0001330	Syaa	Prbg.g_00697	Syaa.g_00746
OG0001330	Syaf	Prbg.g_00697	Syaf.g_01264
OG0001330	Syai	Prbg.g_00697	Syai.g_02167
OG0001330	Syam	Prbg.g_00697	Syam.g_01819
OG0001330	Syae	Prbg.g_00697	Syae.g_00950
OG0001330	Syas	Prbg.g_00697	Syas.g_02865
OG0001330	Syan	Prbg.g_00697	Syan.g_01202
OG0001330	Syao	Prbg.g_00697	Syao.g_01444
OG0001330	Syaq	Prbg.g_00697	Syaq.g_00287
OG0001330	Prah	Prbg.g_00697	Prah.g_01354
OG0001330	Prbj	Prbg.g_00697	Prbj.g_01718
OG0001330	Prbk	Prbg.g_00697	Prbk.g_01193
OG0001330	Prbl	Prbg.g_00697	Prbl.g_01712
OG0001330	Prat	Prbg.g_00697	Prat.g_01468
OG0001330	Prbc	Prbg.g_00697	Prbc.g_00559
OG0001330	Praj	Prbg.g_00697	Praj.g_01521
OG0001330	Prbb	Prbg.g_00697	Prbb.g_01579
OG0001330	Prbm	Prbg.g_00697	Prbm.g_01604
OG0001330	Pral	Prbg.g_00697	Pral.g_01047
OG0001330	Pram	Prbg.g_00697	Pram.g_01276
OG0001330	Prbh	Prbg.g_00697	Prbh.g_00201
OG0001330	Prak	Prbg.g_00697	Prak.g_01497
OG0001330	Prap	Prbg.g_00697	Prap.g_00227
OG0001330	Prbe	Prbg.g_00697	Prbe.g_00205
OG0001330	Prbf	Prbg.g_00697	Prbf.g_00263
OG0001330	Prbn	Prbg.g_00697	Prbn.g_00876
OG0001331	Prai	Prbg.g_00535	Prai.g_01376
OG0001331	Prab	Prbg.g_00535	Prab.g_01366
OG0001331	Pran	Prbg.g_00535	Pran.g_00835
OG0001331	Prav	Prbg.g_00535	Prav.g_01479
OG0001331	Prbd	Prbg.g_00535	Prbd.g_01758
OG0001331	Praa	Prbg.g_00535	Praa.g_01372
OG0001331	Prac	Prbg.g_00535	Prac.g_00223
OG0001331	Prad	Prbg.g_00535	Prad.g_00588
OG0001331	Prae	Prbg.g_00535	Prae.g_01374
OG0001331	Prag	Prbg.g_00535	Prag.g_01395
OG0001331	Prao	Prbg.g_00535	Prao.g_01233
OG0001331	Praq	Prbg.g_00535	Praq.g_00183
OG0001331	Prar	Prbg.g_00535	Prar.g_00905
OG0001331	Pras	Prbg.g_00535	Pras.g_00256
OG0001331	Prau	Prbg.g_00535	Prau.g_01415
OG0001331	Praw	Prbg.g_00535	Praw.g_01022
OG0001331	Prax	Prbg.g_00535	Prax.g_01857
OG0001331	Pray	Prbg.g_00535	Pray.g_01823
OG0001331	Praz	Prbg.g_00535	Praz.g_01133
OG0001331	Prba	Prbg.g_00535	Prba.g_00190
OG0001331	Prbi	Prbg.g_00535	Prbi.g_01445
OG0001331	Praf	Prbg.g_00535	Praf.g_00578
OG0001331	Prbj	Prbg.g_00535	Prbj.g_01644
OG0001331	Prbk	Prbg.g_00535	Prbk.g_02047
OG0001331	Prbl	Prbg.g_00535	Prbl.g_00497
OG0001331	Prah	Prbg.g_00535	Prah.g_01581
OG0001331	Syaq	Prbg.g_00535	Syaq.g_01757
OG0001331	Syan	Prbg.g_00535	Syan.g_02779
OG0001331	Syao	Prbg.g_00535	Syao.g_00042
OG0001331	Syar	Prbg.g_00535	Syar.g_01455
OG0001331	Syas	Prbg.g_00535	Syas.g_01267
OG0001331	Syat	Prbg.g_00535	Syat.g_01301
OG0001331	Syab	Prbg.g_00535	Syab.g_02081
OG0001331	Syaf	Prbg.g_00535	Syaf.g_02739
OG0001331	Syai	Prbg.g_00535	Syai.g_00622
OG0001331	Syam	Prbg.g_00535	Syam.g_00569
OG0001331	Syag	Prbg.g_00535	Syag.g_01543
OG0001331	Syaa	Prbg.g_00535	Syaa.g_02065
OG0001331	Syae	Prbg.g_00535	Syae.g_02293
OG0001331	Praj	Prbg.g_00535	Praj.g_01581
OG0001331	Prbb	Prbg.g_00535	Prbb.g_01645
OG0001331	Prbc	Prbg.g_00535	Prbc.g_00663
OG0001331	Prbm	Prbg.g_00535	Prbm.g_01666
OG0001331	Syak	Prbg.g_00535	Syak.g_02559
OG0001331	Pral	Prbg.g_00535	Pral.g_01216
OG0001331	Prat	Prbg.g_00535	Prat.g_01297
OG0001331	Pram	Prbg.g_00535	Pram.g_01462
OG0001331	Prbh	Prbg.g_00535	Prbh.g_00015
OG0001331	Prak	Prbg.g_00535	Prak.g_01335
OG0001331	Prap	Prbg.g_00535	Prap.g_00065
OG0001331	Prbe	Prbg.g_00535	Prbe.g_00367
OG0001331	Prbf	Prbg.g_00535	Prbf.g_00101
OG0001331	Prbn	Prbg.g_00535	Prbn.g_00156
OG0001332	Prab	Prbg.g_00637	Prab.g_01509
OG0001332	Pran	Prbg.g_00637	Pran.g_00690
OG0001332	Prai	Prbg.g_00637	Prai.g_01504
OG0001332	Prac	Prbg.g_00637	Prac.g_00368
OG0001332	Praq	Prbg.g_00637	Praq.g_00337
OG0001332	Prar	Prbg.g_00637	Prar.g_00804
OG0001332	Prav	Prbg.g_00637	Prav.g_01621
OG0001332	Prag	Prbg.g_00637	Prag.g_01533
OG0001332	Praw	Prbg.g_00637	Praw.g_00380
OG0001332	Prad	Prbg.g_00637	Prad.g_00471
OG0001332	Pray	Prbg.g_00637	Pray.g_01679
OG0001332	Praz	Prbg.g_00637	Praz.g_00998
OG0001332	Prba	Prbg.g_00637	Prba.g_00345
OG0001332	Prao	Prbg.g_00637	Prao.g_01439
OG0001332	Praa	Prbg.g_00637	Praa.g_01519
OG0001332	Prae	Prbg.g_00637	Prae.g_01502
OG0001332	Prax	Prbg.g_00637	Prax.g_01685
OG0001332	Pras	Prbg.g_00637	Pras.g_00394
OG0001332	Prau	Prbg.g_00637	Prau.g_01574
OG0001332	Prbi	Prbg.g_00637	Prbi.g_01633
OG0001332	Prbd	Prbg.g_00637	Prbd.g_01646
OG0001332	Pral	Prbg.g_00637	Pral.g_01112
OG0001332	Prat	Prbg.g_00637	Prat.g_01403
OG0001332	Syab	Prbg.g_00637	Syab.g_02165
OG0001332	Syal	Prbg.g_00637	Syal.g_02965
OG0001332	Syag	Prbg.g_00637	Syag.g_01611
OG0001332	Syak	Prbg.g_00637	Syak.g_02485
OG0001332	Syae	Prbg.g_00637	Syae.g_01077
OG0001332	Syad	Prbg.g_00637	Syad.g_02535
OG0001332	Syaj	Prbg.g_00637	Syaj.g_01631
OG0001332	Syac	Prbg.g_00637	Syac.g_00625
OG0001332	Syah	Prbg.g_00637	Syah.g_02308
OG0001332	Syai	Prbg.g_00637	Syai.g_02293
OG0001332	Syam	Prbg.g_00637	Syam.g_01919
OG0001332	Syap	Prbg.g_00637	Syap.g_01548
OG0001332	Syan	Prbg.g_00637	Syan.g_00412
OG0001332	Syao	Prbg.g_00637	Syao.g_01244
OG0001332	Praf	Prbg.g_00637	Praf.g_00554
OG0001332	Prbj	Prbg.g_00637	Prbj.g_01674
OG0001332	Prbk	Prbg.g_00637	Prbk.g_02016
OG0001332	Prbl	Prbg.g_00637	Prbl.g_00466
OG0001332	Prah	Prbg.g_00637	Prah.g_01605
OG0001332	Praj	Prbg.g_00637	Praj.g_01677
OG0001332	Prbm	Prbg.g_00637	Prbm.g_01755
OG0001332	Prbb	Prbg.g_00637	Prbb.g_01731
OG0001332	Prbc	Prbg.g_00637	Prbc.g_00754
OG0001332	Pram	Prbg.g_00637	Pram.g_01331
OG0001332	Prbh	Prbg.g_00637	Prbh.g_00146
OG0001332	Prak	Prbg.g_00637	Prak.g_01437
OG0001332	Prap	Prbg.g_00637	Prap.g_00167
OG0001332	Prbe	Prbg.g_00637	Prbe.g_00265
OG0001332	Prbf	Prbg.g_00637	Prbf.g_00203
OG0001332	Prbn	Prbg.g_00637	Prbn.g_00258
OG0001333	Prad	Prbg.g_01687	Prad.g_00904
OG0001333	Prab	Prbg.g_01687	Prab.g_01706
OG0001333	Pran	Prbg.g_01687	Pran.g_01007
OG0001333	Prai	Prbg.g_01687	Prai.g_01675
OG0001333	Pras	Prbg.g_01687	Pras.g_00587
OG0001333	Prae	Prbg.g_01687	Prae.g_01660
OG0001333	Prag	Prbg.g_01687	Prag.g_01706
OG0001333	Praw	Prbg.g_01687	Praw.g_00552
OG0001333	Prau	Prbg.g_01687	Prau.g_01769
OG0001333	Prax	Prbg.g_01687	Prax.g_01522
OG0001333	Prbi	Prbg.g_01687	Prbi.g_01824
OG0001333	Praa	Prbg.g_01687	Praa.g_01673
OG0001333	Prav	Prbg.g_01687	Prav.g_01798
OG0001333	Prac	Prbg.g_01687	Prac.g_00588
OG0001333	Praq	Prbg.g_01687	Praq.g_00460
OG0001333	Prar	Prbg.g_01687	Prar.g_01958
OG0001333	Prao	Prbg.g_01687	Prao.g_01589
OG0001333	Pray	Prbg.g_01687	Pray.g_01522
OG0001333	Praz	Prbg.g_01687	Praz.g_00840
OG0001333	Prba	Prbg.g_01687	Prba.g_00583
OG0001333	Prbd	Prbg.g_01687	Prbd.g_01488
OG0001333	Syan	Prbg.g_01687	Syan.g_01455
OG0001333	Syao	Prbg.g_01687	Syao.g_01649
OG0001333	Syap	Prbg.g_01687	Syap.g_01373
OG0001333	Syas	Prbg.g_01687	Syas.g_02598
OG0001333	Syat	Prbg.g_01687	Syat.g_03018
OG0001333	Syae	Prbg.g_01687	Syae.g_01032
OG0001333	Syaf	Prbg.g_01687	Syaf.g_01181
OG0001333	Syai	Prbg.g_01687	Syai.g_02255
OG0001333	Syam	Prbg.g_01687	Syam.g_01889
OG0001333	Syac	Prbg.g_01687	Syac.g_00666
OG0001333	Syah	Prbg.g_01687	Syah.g_02260
OG0001333	Syad	Prbg.g_01687	Syad.g_02487
OG0001333	Syaj	Prbg.g_01687	Syaj.g_01593
OG0001333	Syag	Prbg.g_01687	Syag.g_01739
OG0001333	Syaq	Prbg.g_01687	Syaq.g_01622
OG0001333	Syak	Prbg.g_01687	Syak.g_02365
OG0001333	Syab	Prbg.g_01687	Syab.g_02323
OG0001333	Syal	Prbg.g_01687	Syal.g_00639
OG0001333	Prbj	Prbg.g_01687	Prbj.g_00460
OG0001333	Prbk	Prbg.g_01687	Prbk.g_01416
OG0001333	Prbl	Prbg.g_01687	Prbl.g_00349
OG0001333	Praf	Prbg.g_01687	Praf.g_00436
OG0001333	Prah	Prbg.g_01687	Prah.g_01726
OG0001333	Pral	Prbg.g_01687	Pral.g_00144
OG0001333	Prat	Prbg.g_01687	Prat.g_01629
OG0001333	Pram	Prbg.g_01687	Pram.g_01670
OG0001333	Prbh	Prbg.g_01687	Prbh.g_01744
OG0001333	Prak	Prbg.g_01687	Prak.g_01682
OG0001333	Prap	Prbg.g_01687	Prap.g_01741
OG0001333	Prbe	Prbg.g_01687	Prbe.g_00948
OG0001333	Prbf	Prbg.g_01687	Prbf.g_00656
OG0001333	Prbn	Prbg.g_01687	Prbn.g_01783
OG0001334	Prab	Prbg.g_01811	Prab.g_01826
OG0001334	Pran	Prbg.g_01811	Pran.g_01129
OG0001334	Prai	Prbg.g_01811	Prai.g_01806
OG0001334	Prav	Prbg.g_01811	Prav.g_00657
OG0001334	Prac	Prbg.g_01811	Prac.g_00009
OG0001334	Praq	Prbg.g_01811	Praq.g_00731
OG0001334	Prar	Prbg.g_01811	Prar.g_00621
OG0001334	Prbi	Prbg.g_01811	Prbi.g_01962
OG0001334	Prad	Prbg.g_01811	Prad.g_00783
OG0001334	Pray	Prbg.g_01811	Pray.g_01331
OG0001334	Praz	Prbg.g_01811	Praz.g_00238
OG0001334	Prba	Prbg.g_01811	Prba.g_01063
OG0001334	Prao	Prbg.g_01811	Prao.g_01711
OG0001334	Prag	Prbg.g_01811	Prag.g_01828
OG0001334	Praw	Prbg.g_01811	Praw.g_00072
OG0001334	Prbd	Prbg.g_01811	Prbd.g_01367
OG0001334	Prax	Prbg.g_01811	Prax.g_01362
OG0001334	Pras	Prbg.g_01811	Pras.g_00711
OG0001334	Prau	Prbg.g_01811	Prau.g_01893
OG0001334	Praa	Prbg.g_01811	Praa.g_01800
OG0001334	Prae	Prbg.g_01811	Prae.g_01783
OG0001334	Prbc	Prbg.g_01811	Prbc.g_00244
OG0001334	Prbm	Prbg.g_01811	Prbm.g_02061
OG0001334	Praj	Prbg.g_01811	Praj.g_01979
OG0001334	Prbb	Prbg.g_01811	Prbb.g_02028
OG0001334	Prbj	Prbg.g_01811	Prbj.g_00363
OG0001334	Prbk	Prbg.g_01811	Prbk.g_00849
OG0001334	Prbl	Prbg.g_01811	Prbl.g_01179
OG0001334	Praf	Prbg.g_01811	Praf.g_02077
OG0001334	Prah	Prbg.g_01811	Prah.g_01961
OG0001334	Syad	Prbg.g_01811	Syad.g_00725
OG0001334	Syaj	Prbg.g_01811	Syaj.g_02770
OG0001334	Syac	Prbg.g_01811	Syac.g_02061
OG0001334	Syah	Prbg.g_01811	Syah.g_00818
OG0001334	Syar	Prbg.g_01811	Syar.g_03166
OG0001334	Syab	Prbg.g_01811	Syab.g_00483
OG0001334	Syaa	Prbg.g_01811	Syaa.g_02216
OG0001334	Syag	Prbg.g_01811	Syag.g_02807
OG0001334	Syaf	Prbg.g_01811	Syaf.g_00060
OG0001334	Syai	Prbg.g_01811	Syai.g_00438
OG0001334	Syam	Prbg.g_01811	Syam.g_00405
OG0001334	Syae	Prbg.g_01811	Syae.g_02156
OG0001334	Syak	Prbg.g_01811	Syak.g_01274
OG0001334	Syal	Prbg.g_01811	Syal.g_00311
OG0001334	Pral	Prbg.g_01811	Pral.g_00270
OG0001334	Prat	Prbg.g_01811	Prat.g_01752
OG0001334	Pram	Prbg.g_01811	Pram.g_01797
OG0001334	Prbh	Prbg.g_01811	Prbh.g_01617
OG0001334	Prak	Prbg.g_01811	Prak.g_01806
OG0001334	Prap	Prbg.g_01811	Prap.g_01616
OG0001334	Prbe	Prbg.g_01811	Prbe.g_00810
OG0001334	Prbf	Prbg.g_01811	Prbf.g_00532
OG0001334	Prbn	Prbg.g_01811	Prbn.g_01907
OG0001335	Prab	Prbg.g_01812	Prab.g_01827
OG0001335	Pran	Prbg.g_01812	Pran.g_01130
OG0001335	Prai	Prbg.g_01812	Prai.g_01807
OG0001335	Prag	Prbg.g_01812	Prag.g_01829
OG0001335	Praw	Prbg.g_01812	Praw.g_00071
OG0001335	Prae	Prbg.g_01812	Prae.g_01784
OG0001335	Praa	Prbg.g_01812	Praa.g_01801
OG0001335	Prac	Prbg.g_01812	Prac.g_00010
OG0001335	Praq	Prbg.g_01812	Praq.g_00732
OG0001335	Prar	Prbg.g_01812	Prar.g_00622
OG0001335	Prav	Prbg.g_01812	Prav.g_00658
OG0001335	Prad	Prbg.g_01812	Prad.g_00782
OG0001335	Prao	Prbg.g_01812	Prao.g_01712
OG0001335	Pray	Prbg.g_01812	Pray.g_01332
OG0001335	Praz	Prbg.g_01812	Praz.g_00237
OG0001335	Prba	Prbg.g_01812	Prba.g_01064
OG0001335	Prax	Prbg.g_01812	Prax.g_01363
OG0001335	Pras	Prbg.g_01812	Pras.g_00712
OG0001335	Prau	Prbg.g_01812	Prau.g_01894
OG0001335	Prbd	Prbg.g_01812	Prbd.g_01366
OG0001335	Prbi	Prbg.g_01812	Prbi.g_01963
OG0001335	Prbm	Prbg.g_01812	Prbm.g_02062
OG0001335	Prbc	Prbg.g_01812	Prbc.g_00243
OG0001335	Praj	Prbg.g_01812	Praj.g_01980
OG0001335	Prbb	Prbg.g_01812	Prbb.g_02029
OG0001335	Syad	Prbg.g_01812	Syad.g_00726
OG0001335	Syaj	Prbg.g_01812	Syaj.g_02771
OG0001335	Prbj	Prbg.g_01812	Prbj.g_00362
OG0001335	Prbk	Prbg.g_01812	Prbk.g_00850
OG0001335	Prbl	Prbg.g_01812	Prbl.g_01180
OG0001335	Praf	Prbg.g_01812	Praf.g_02076
OG0001335	Prah	Prbg.g_01812	Prah.g_01960
OG0001335	Syae	Prbg.g_01812	Syae.g_02157
OG0001335	Syao	Prbg.g_01812	Syao.g_01913
OG0001335	Syak	Prbg.g_01812	Syak.g_01273
OG0001335	Syal	Prbg.g_01812	Syal.g_00312
OG0001335	Syag	Prbg.g_01812	Syag.g_02808
OG0001335	Syab	Prbg.g_01812	Syab.g_00484
OG0001335	Syac	Prbg.g_01812	Syac.g_02060
OG0001335	Syah	Prbg.g_01812	Syah.g_00819
OG0001335	Syaf	Prbg.g_01812	Syaf.g_00059
OG0001335	Syai	Prbg.g_01812	Syai.g_00439
OG0001335	Syam	Prbg.g_01812	Syam.g_00406
OG0001335	Syaa	Prbg.g_01812	Syaa.g_02215
OG0001335	Pral	Prbg.g_01812	Pral.g_00271
OG0001335	Prat	Prbg.g_01812	Prat.g_01753
OG0001335	Pram	Prbg.g_01812	Pram.g_01798
OG0001335	Prbh	Prbg.g_01812	Prbh.g_01616
OG0001335	Prak	Prbg.g_01812	Prak.g_01807
OG0001335	Prap	Prbg.g_01812	Prap.g_01615
OG0001335	Prbe	Prbg.g_01812	Prbe.g_00809
OG0001335	Prbf	Prbg.g_01812	Prbf.g_00531
OG0001335	Prbn	Prbg.g_01812	Prbn.g_01908
OG0001337	Prbm	Prbg.g_00109	Prbm.g_00387
OG0001337	Prbb	Prbg.g_00109	Prbb.g_00383
OG0001337	Praj	Prbg.g_00109	Praj.g_00367
OG0001337	Prbc	Prbg.g_00109	Prbc.g_01224
OG0001337	Prbj	Prbg.g_00109	Prbj.g_00353
OG0001337	Prbk	Prbg.g_00109	Prbk.g_00859
OG0001337	Prbl	Prbg.g_00109	Prbl.g_01189
OG0001337	Praf	Prbg.g_00109	Praf.g_02067
OG0001337	Prah	Prbg.g_00109	Prah.g_01950
OG0001337	Syaq	Prbg.g_00109	Syaq.g_00564
OG0001337	Syah	Prbg.g_00109	Syah.g_00815, Syah.g_00837
OG0001337	Syab	Prbg.g_00109	Syab.g_00480, Syab.g_00502
OG0001337	Syae	Prbg.g_00109	Syae.g_02153, Syae.g_02175
OG0001337	Syaf	Prbg.g_00109	Syaf.g_00063, Syaf.g_00040
OG0001337	Syam	Prbg.g_00109	Syam.g_00402, Syam.g_00424
OG0001337	Syag	Prbg.g_00109	Syag.g_02804, Syag.g_02835, Syag.g_02824
OG0001337	Syaa	Prbg.g_00109	Syaa.g_02219, Syaa.g_02200
OG0001337	Syai	Prbg.g_00109	Syai.g_00434, Syai.g_00452
OG0001337	Syac	Prbg.g_00109	Syac.g_02064, Syac.g_02040
OG0001337	Syal	Prbg.g_00109	Syal.g_00308, Syal.g_00327
OG0001337	Syar	Prbg.g_00109	Syar.g_01112
OG0001337	Syat	Prbg.g_00109	Syat.g_01621
OG0001337	Syan	Prbg.g_00109	Syan.g_02151
OG0001337	Syap	Prbg.g_00109	Syap.g_00576
OG0001337	Syas	Prbg.g_00109	Syas.g_01548
OG0001337	Syak	Prbg.g_00109	Syak.g_01253, Syak.g_01262
OG0001337	Syao	Prbg.g_00109	Syao.g_01884, Syao.g_01893
OG0001337	Syad	Prbg.g_00109	Syad.g_00750, Syad.g_00741
OG0001337	Syaj	Prbg.g_00109	Syaj.g_02795, Syaj.g_02786
OG0001337	Pral	Prbg.g_00109	Pral.g_00707
OG0001337	Prat	Prbg.g_00109	Prat.g_00339
OG0001337	Pram	Prbg.g_00109	Pram.g_00320
OG0001337	Prbh	Prbg.g_00109	Prbh.g_00447
OG0001337	Prak	Prbg.g_00109	Prak.g_00348
OG0001337	Prap	Prbg.g_00109	Prap.g_01380
OG0001337	Prbe	Prbg.g_00109	Prbe.g_01884
OG0001337	Prbf	Prbg.g_00109	Prbf.g_01670
OG0001337	Prbn	Prbg.g_00109	Prbn.g_00097
OG0001338	Syak	Prbg.g_00112	Syak.g_01258
OG0001338	Syao	Prbg.g_00112	Syao.g_01890
OG0001338	Syal	Prbg.g_00112	Syal.g_02003, Syal.g_00330
OG0001338	Syad	Prbg.g_00112	Syad.g_00735, Syad.g_00722, Syad.g_00745
OG0001338	Syaj	Prbg.g_00112	Syaj.g_02780, Syaj.g_02767, Syaj.g_00584, Syaj.g_02790
OG0001338	Syac	Prbg.g_00112	Syac.g_02048, Syac.g_02022, Syac.g_00474, Syac.g_02037
OG0001338	Syah	Prbg.g_00112	Syah.g_00829, Syah.g_00856, Syah.g_02456, Syah.g_00841
OG0001338	Syar	Prbg.g_00112	Syar.g_03232
OG0001338	Syab	Prbg.g_00112	Syab.g_00495, Syab.g_00509, Syab.g_02229, Syab.g_00505
OG0001338	Syag	Prbg.g_00112	Syag.g_02818, Syag.g_02831, Syag.g_01431, Syag.g_02827
OG0001338	Syaa	Prbg.g_00112	Syaa.g_02206, Syaa.g_02184, Syaa.g_02195
OG0001338	Syai	Prbg.g_00112	Syai.g_00448, Syai.g_01658, Syai.g_00456
OG0001338	Syaf	Prbg.g_00112	Syaf.g_00046, Syaf.g_01683, Syaf.g_00036
OG0001338	Syam	Prbg.g_00112	Syam.g_00419, Syam.g_00985, Syam.g_01533, Syam.g_00428
OG0001338	Syae	Prbg.g_00112	Syae.g_02162, Syae.g_00689, Syae.g_02178
OG0001338	Pral	Prbg.g_00112	Pral.g_00704
OG0001338	Prat	Prbg.g_00112	Prat.g_00342
OG0001338	Pram	Prbg.g_00112	Pram.g_00323
OG0001338	Prbh	Prbg.g_00112	Prbh.g_00444
OG0001338	Prak	Prbg.g_00112	Prak.g_00351
OG0001338	Prap	Prbg.g_00112	Prap.g_01377
OG0001338	Prbe	Prbg.g_00112	Prbe.g_01887
OG0001338	Prbf	Prbg.g_00112	Prbf.g_01673
OG0001338	Prbn	Prbg.g_00112	Prbn.g_00100
OG0001339	Prab	Prbg.g_00875	Prab.g_00094
OG0001339	Pran	Prbg.g_00875	Pran.g_00330
OG0001339	Prai	Prbg.g_00875	Prai.g_00103
OG0001339	Prao	Prbg.g_00875	Prao.g_00242
OG0001339	Pray	Prbg.g_00875	Pray.g_00186
OG0001339	Praz	Prbg.g_00875	Praz.g_00463
OG0001339	Prba	Prbg.g_00875	Prba.g_01891
OG0001339	Prac	Prbg.g_00875	Prac.g_01828
OG0001339	Praq	Prbg.g_00875	Praq.g_01900
OG0001339	Prar	Prbg.g_00875	Prar.g_00225
OG0001339	Prav	Prbg.g_00875	Prav.g_00168
OG0001339	Prag	Prbg.g_00875	Prag.g_00096
OG0001339	Praw	Prbg.g_00875	Praw.g_01332
OG0001339	Prbd	Prbg.g_00875	Prbd.g_01141
OG0001339	Praa	Prbg.g_00875	Praa.g_00103
OG0001339	Prax	Prbg.g_00875	Prax.g_01115
OG0001339	Prae	Prbg.g_00875	Prae.g_00103
OG0001339	Prbi	Prbg.g_00875	Prbi.g_00110
OG0001339	Prad	Prbg.g_00875	Prad.g_01890
OG0001339	Pras	Prbg.g_00875	Pras.g_00954
OG0001339	Prau	Prbg.g_00875	Prau.g_00104
OG0001339	Pral	Prbg.g_00875	Pral.g_00943
OG0001339	Prat	Prbg.g_00875	Prat.g_00101
OG0001339	Prbj	Prbg.g_00875	Prbj.g_00616
OG0001339	Prbk	Prbg.g_00875	Prbk.g_00015
OG0001339	Prbl	Prbg.g_00875	Prbl.g_00556
OG0001339	Praf	Prbg.g_00875	Praf.g_00248
OG0001339	Prah	Prbg.g_00875	Prah.g_01893
OG0001339	Prbm	Prbg.g_00875	Prbm.g_00161
OG0001339	Prbb	Prbg.g_00875	Prbb.g_00159
OG0001339	Praj	Prbg.g_00875	Praj.g_00142
OG0001339	Prbc	Prbg.g_00875	Prbc.g_00469
OG0001339	Syag	Prbg.g_00875	Syag.g_01881
OG0001339	Syar	Prbg.g_00875	Syar.g_03114
OG0001339	Syas	Prbg.g_00875	Syas.g_02425
OG0001339	Syab	Prbg.g_00875	Syab.g_02496
OG0001339	Syal	Prbg.g_00875	Syal.g_00816
OG0001339	Syae	Prbg.g_00875	Syae.g_01359
OG0001339	Syad	Prbg.g_00875	Syad.g_02797
OG0001339	Syaj	Prbg.g_00875	Syaj.g_01883
OG0001339	Syaa	Prbg.g_00875	Syaa.g_02376
OG0001339	Syac	Prbg.g_00875	Syac.g_00400
OG0001339	Syam	Prbg.g_00875	Syam.g_02117
OG0001339	Syaf	Prbg.g_00875	Syaf.g_00907
OG0001339	Syai	Prbg.g_00875	Syai.g_02539
OG0001339	Pram	Prbg.g_00875	Pram.g_00088
OG0001339	Prbh	Prbg.g_00875	Prbh.g_00679
OG0001339	Prak	Prbg.g_00875	Prak.g_00109
OG0001339	Prap	Prbg.g_00875	Prap.g_01073
OG0001339	Prbe	Prbg.g_00875	Prbe.g_01645
OG0001339	Prbf	Prbg.g_00875	Prbf.g_01431
OG0001339	Prbn	Prbg.g_00875	Prbn.g_01316
OG0001340	Prab	Prbg.g_00110	Prab.g_00316
OG0001340	Pran	Prbg.g_00110	Pran.g_01866
OG0001340	Prai	Prbg.g_00110	Prai.g_00341
OG0001340	Prad	Prbg.g_00110	Prad.g_01663
OG0001340	Prac	Prbg.g_00110	Prac.g_01603
OG0001340	Prar	Prbg.g_00110	Prar.g_00259
OG0001340	Praq	Prbg.g_00110	Praq.g_01674
OG0001340	Prag	Prbg.g_00110	Prag.g_00319
OG0001340	Praw	Prbg.g_00110	Praw.g_00806
OG0001340	Prav	Prbg.g_00110	Prav.g_01974
OG0001340	Pray	Prbg.g_00110	Pray.g_00806
OG0001340	Praz	Prbg.g_00110	Praz.g_00685
OG0001340	Prba	Prbg.g_00110	Prba.g_00544
OG0001340	Prau	Prbg.g_00110	Prau.g_00330
OG0001340	Prbd	Prbg.g_00110	Prbd.g_00911
OG0001340	Prao	Prbg.g_00110	Prao.g_00464
OG0001340	Praa	Prbg.g_00110	Praa.g_00328
OG0001340	Pras	Prbg.g_00110	Pras.g_01180
OG0001340	Prax	Prbg.g_00110	Prax.g_00845
OG0001340	Prae	Prbg.g_00110	Prae.g_00329
OG0001340	Prbi	Prbg.g_00110	Prbi.g_00352
OG0001340	Prbb	Prbg.g_00110	Prbb.g_00384
OG0001340	Praj	Prbg.g_00110	Praj.g_00368
OG0001340	Prbm	Prbg.g_00110	Prbm.g_00388
OG0001340	Prbc	Prbg.g_00110	Prbc.g_01225
OG0001340	Syac	Prbg.g_00110	Syac.g_02039
OG0001340	Syah	Prbg.g_00110	Syah.g_00838
OG0001340	Syab	Prbg.g_00110	Syab.g_00503
OG0001340	Syaf	Prbg.g_00110	Syaf.g_00039
OG0001340	Syai	Prbg.g_00110	Syai.g_00453
OG0001340	Syam	Prbg.g_00110	Syam.g_00425
OG0001340	Syae	Prbg.g_00110	Syae.g_02176
OG0001340	Syal	Prbg.g_00110	Syal.g_00328
OG0001340	Syaa	Prbg.g_00110	Syaa.g_02199
OG0001340	Syak	Prbg.g_00110	Syak.g_01261
OG0001340	Syao	Prbg.g_00110	Syao.g_01892
OG0001340	Prah	Prbg.g_00110	Prah.g_01949
OG0001340	Praf	Prbg.g_00110	Praf.g_02066
OG0001340	Prbj	Prbg.g_00110	Prbj.g_00352
OG0001340	Prbk	Prbg.g_00110	Prbk.g_00860
OG0001340	Prbl	Prbg.g_00110	Prbl.g_01190
OG0001340	Syad	Prbg.g_00110	Syad.g_00742
OG0001340	Syaj	Prbg.g_00110	Syaj.g_02787
OG0001340	Pral	Prbg.g_00110	Pral.g_00706
OG0001340	Prat	Prbg.g_00110	Prat.g_00340
OG0001340	Pram	Prbg.g_00110	Pram.g_00321
OG0001340	Prbh	Prbg.g_00110	Prbh.g_00446
OG0001340	Prak	Prbg.g_00110	Prak.g_00349
OG0001340	Prap	Prbg.g_00110	Prap.g_01379
OG0001340	Prbe	Prbg.g_00110	Prbe.g_01885
OG0001340	Prbf	Prbg.g_00110	Prbf.g_01671
OG0001340	Prbn	Prbg.g_00110	Prbn.g_00098
OG0001341	Prab	Prbg.g_01541	Prab.g_00765
OG0001341	Pran	Prbg.g_01541	Pran.g_01418
OG0001341	Prai	Prbg.g_01541	Prai.g_00897
OG0001341	Prae	Prbg.g_01541	Prae.g_00750
OG0001341	Prac	Prbg.g_01541	Prac.g_01523
OG0001341	Praq	Prbg.g_01541	Praq.g_00620
OG0001341	Prar	Prbg.g_01541	Prar.g_01636
OG0001341	Prag	Prbg.g_01541	Prag.g_00742
OG0001341	Praw	Prbg.g_01541	Praw.g_01761
OG0001341	Prao	Prbg.g_01541	Prao.g_00685
OG0001341	Prbd	Prbg.g_01541	Prbd.g_00047
OG0001341	Praa	Prbg.g_01541	Praa.g_00749
OG0001341	Prad	Prbg.g_01541	Prad.g_01090
OG0001341	Pras	Prbg.g_01541	Pras.g_01647
OG0001341	Prau	Prbg.g_01541	Prau.g_00798
OG0001341	Pray	Prbg.g_01541	Pray.g_00291
OG0001341	Praz	Prbg.g_01541	Praz.g_01569
OG0001341	Prba	Prbg.g_01541	Prba.g_01556
OG0001341	Prax	Prbg.g_01541	Prax.g_00430
OG0001341	Prav	Prbg.g_01541	Prav.g_00344
OG0001341	Prbi	Prbg.g_01541	Prbi.g_00790
OG0001341	Prbm	Prbg.g_01541	Prbm.g_00091
OG0001341	Prbb	Prbg.g_01541	Prbb.g_00086
OG0001341	Praj	Prbg.g_01541	Praj.g_00069
OG0001341	Prbc	Prbg.g_01541	Prbc.g_00539
OG0001341	Pram	Prbg.g_01541	Pram.g_01533
OG0001341	Prbh	Prbg.g_01541	Prbh.g_01881
OG0001341	Syaa	Prbg.g_01541	Syaa.g_00897
OG0001341	Syaf	Prbg.g_01541	Syaf.g_01463
OG0001341	Syam	Prbg.g_01541	Syam.g_00795
OG0001341	Syac	Prbg.g_01541	Syac.g_00904
OG0001341	Syah	Prbg.g_01541	Syah.g_02011
OG0001341	Syae	Prbg.g_01541	Syae.g_00737
OG0001341	Syag	Prbg.g_01541	Syag.g_00233
OG0001341	Syab	Prbg.g_01541	Syab.g_01779
OG0001341	Syal	Prbg.g_01541	Syal.g_02538
OG0001341	Syad	Prbg.g_01541	Syad.g_01312
OG0001341	Syaj	Prbg.g_01541	Syaj.g_00449
OG0001341	Syan	Prbg.g_01541	Syan.g_00524
OG0001341	Syao	Prbg.g_01541	Syao.g_00602
OG0001341	Prbj	Prbg.g_01541	Prbj.g_02463
OG0001341	Prbk	Prbg.g_01541	Prbk.g_02519
OG0001341	Prbl	Prbg.g_01541	Prbl.g_02285
OG0001341	Praf	Prbg.g_01541	Praf.g_01580
OG0001341	Prah	Prbg.g_01541	Prah.g_00615
OG0001341	Prat	Prbg.g_01541	Prat.g_01225
OG0001341	Pral	Prbg.g_01541	Pral.g_01304
OG0001341	Prak	Prbg.g_01541	Prak.g_01227
OG0001341	Prap	Prbg.g_01541	Prap.g_00511
OG0001341	Prbe	Prbg.g_01541	Prbe.g_01604
OG0001341	Prbf	Prbg.g_01541	Prbf.g_00863
OG0001341	Prbn	Prbg.g_01541	Prbn.g_01134
OG0001342	Prab	Prbg.g_01632	Prab.g_00822
OG0001342	Pran	Prbg.g_01632	Pran.g_01361
OG0001342	Prac	Prbg.g_01632	Prac.g_01494
OG0001342	Praq	Prbg.g_01632	Praq.g_00651
OG0001342	Prar	Prbg.g_01632	Prar.g_01665
OG0001342	Pray	Prbg.g_01632	Pray.g_00330
OG0001342	Praz	Prbg.g_01632	Praz.g_01530
OG0001342	Prba	Prbg.g_01632	Prba.g_01517
OG0001342	Prad	Prbg.g_01632	Prad.g_01127
OG0001342	Prao	Prbg.g_01632	Prao.g_00722
OG0001342	Prag	Prbg.g_01632	Prag.g_00788
OG0001342	Praw	Prbg.g_01632	Praw.g_01715
OG0001342	Prav	Prbg.g_01632	Prav.g_00377
OG0001342	Praa	Prbg.g_01632	Praa.g_00784
OG0001342	Prbi	Prbg.g_01632	Prbi.g_00829
OG0001342	Pras	Prbg.g_01632	Pras.g_01683
OG0001342	Prau	Prbg.g_01632	Prau.g_00836
OG0001342	Prbd	Prbg.g_01632	Prbd.g_00084
OG0001342	Prae	Prbg.g_01632	Prae.g_00788
OG0001342	Prax	Prbg.g_01632	Prax.g_00391
OG0001342	Prbb	Prbg.g_01632	Prbb.g_01362, Prbb.g_01096
OG0001342	Prbc	Prbg.g_01632	Prbc.g_00059, Prbc.g_02139
OG0001342	Praj	Prbg.g_01632	Praj.g_01051
OG0001342	Prbm	Prbg.g_01632	Prbm.g_01091
OG0001342	Pram	Prbg.g_01632	Pram.g_00644
OG0001342	Prbh	Prbg.g_01632	Prbh.g_00788
OG0001342	Pral	Prbg.g_01632	Pral.g_00090
OG0001342	Prak	Prbg.g_01632	Prak.g_01627
OG0001342	Prap	Prbg.g_01632	Prap.g_01797
OG0001342	Prbe	Prbg.g_01632	Prbe.g_01003
OG0001342	Prbf	Prbg.g_01632	Prbf.g_00711
OG0001342	Prbn	Prbg.g_01632	Prbn.g_01727
OG0001343	Prai	Prbg.g_01060	Prai.g_01062
OG0001343	Prab	Prbg.g_01060	Prab.g_01086
OG0001343	Pran	Prbg.g_01060	Pran.g_00411
OG0001343	Prav	Prbg.g_01060	Prav.g_00481
OG0001343	Prac	Prbg.g_01060	Prac.g_01403
OG0001343	Praq	Prbg.g_01060	Praq.g_01471
OG0001343	Prar	Prbg.g_01060	Prar.g_01757
OG0001343	Prag	Prbg.g_01060	Prag.g_00890
OG0001343	Praw	Prbg.g_01060	Praw.g_01613
OG0001343	Praa	Prbg.g_01060	Praa.g_00890
OG0001343	Pray	Prbg.g_01060	Pray.g_00434
OG0001343	Praz	Prbg.g_01060	Praz.g_01426
OG0001343	Prba	Prbg.g_01060	Prba.g_01413
OG0001343	Prao	Prbg.g_01060	Prao.g_00826, Prao.g_00827
OG0001343	Prbd	Prbg.g_01060	Prbd.g_00188
OG0001343	Prad	Prbg.g_01060	Prad.g_00262
OG0001343	Prax	Prbg.g_01060	Prax.g_00544
OG0001343	Prbi	Prbg.g_01060	Prbi.g_00932
OG0001343	Prae	Prbg.g_01060	Prae.g_00890
OG0001343	Pras	Prbg.g_01060	Pras.g_01786
OG0001343	Prau	Prbg.g_01060	Prau.g_00940
OG0001343	Prbm	Prbg.g_01060	Prbm.g_00909
OG0001343	Praj	Prbg.g_01060	Praj.g_00867
OG0001343	Prbb	Prbg.g_01060	Prbb.g_00912
OG0001343	Prbc	Prbg.g_01060	Prbc.g_01956, Prbc.g_01957
OG0001343	Syag	Prbg.g_01060	Syag.g_00562
OG0001343	Syad	Prbg.g_01060	Syad.g_00079
OG0001343	Syaj	Prbg.g_01060	Syaj.g_02184
OG0001343	Syaa	Prbg.g_01060	Syaa.g_02664
OG0001343	Syae	Prbg.g_01060	Syae.g_01629
OG0001343	Syak	Prbg.g_01060	Syak.g_01877
OG0001343	Syaf	Prbg.g_01060	Syaf.g_00590
OG0001343	Syai	Prbg.g_01060	Syai.g_02842
OG0001343	Syam	Prbg.g_01060	Syam.g_02361
OG0001343	Syac	Prbg.g_01060	Syac.g_02413
OG0001343	Syah	Prbg.g_01060	Syah.g_00450
OG0001343	Syar	Prbg.g_01060	Syar.g_03210
OG0001343	Syaq	Prbg.g_01060	Syaq.g_00700
OG0001343	Syab	Prbg.g_01060	Syab.g_00359
OG0001343	Syal	Prbg.g_01060	Syal.g_01190
OG0001343	Syao	Prbg.g_01060	Syao.g_01235
OG0001343	Pral	Prbg.g_01060	Pral.g_01822
OG0001343	Prat	Prbg.g_01060	Prat.g_00692
OG0001343	Pram	Prbg.g_01060	Pram.g_00711
OG0001343	Prbh	Prbg.g_01060	Prbh.g_00855
OG0001343	Prak	Prbg.g_01060	Prak.g_00746
OG0001343	Prap	Prbg.g_01060	Prap.g_00662
OG0001343	Prbe	Prbg.g_01060	Prbe.g_00103
OG0001343	Prbf	Prbg.g_01060	Prbf.g_00840
OG0001343	Prbn	Prbg.g_01060	Prbn.g_01932
OG0001344	Prab	Prbg.g_01482	Prab.g_01223
OG0001344	Pran	Prbg.g_01482	Pran.g_00056
OG0001344	Prai	Prbg.g_01482	Prai.g_01175
OG0001344	Prad	Prbg.g_01482	Prad.g_01492
OG0001344	Praa	Prbg.g_01482	Praa.g_01163
OG0001344	Prax	Prbg.g_01482	Prax.g_00204
OG0001344	Pray	Prbg.g_01482	Pray.g_00059
OG0001344	Praz	Prbg.g_01482	Praz.g_00750
OG0001344	Prba	Prbg.g_01482	Prba.g_00059
OG0001344	Prac	Prbg.g_01482	Prac.g_00981
OG0001344	Praq	Prbg.g_01482	Praq.g_01337
OG0001344	Prar	Prbg.g_01482	Prar.g_01259
OG0001344	Prag	Prbg.g_01482	Prag.g_01157
OG0001344	Praw	Prbg.g_01482	Praw.g_00238
OG0001344	Prav	Prbg.g_01482	Prav.g_00069
OG0001344	Prao	Prbg.g_01482	Prao.g_01085
OG0001344	Prae	Prbg.g_01482	Prae.g_01167
OG0001344	Prbd	Prbg.g_01482	Prbd.g_00472
OG0001344	Prbi	Prbg.g_01482	Prbi.g_01211
OG0001344	Pras	Prbg.g_01482	Pras.g_00060
OG0001344	Prau	Prbg.g_01482	Prau.g_01210
OG0001344	Prbm	Prbg.g_01482	Prbm.g_01544
OG0001344	Prbc	Prbg.g_01482	Prbc.g_01441
OG0001344	Prbb	Prbg.g_01482	Prbb.g_01512
OG0001344	Praj	Prbg.g_01482	Praj.g_01457
OG0001344	Pral	Prbg.g_01482	Pral.g_01371
OG0001344	Prat	Prbg.g_01482	Prat.g_01152
OG0001344	Prah	Prbg.g_01482	Prah.g_01317
OG0001344	Praf	Prbg.g_01482	Praf.g_00859
OG0001344	Prbj	Prbg.g_01482	Prbj.g_00845
OG0001344	Prbk	Prbg.g_01482	Prbk.g_00142
OG0001344	Prbl	Prbg.g_01482	Prbl.g_02089
OG0001344	Syab	Prbg.g_01482	Syab.g_00974
OG0001344	Syal	Prbg.g_01482	Syal.g_01658
OG0001344	Syac	Prbg.g_01482	Syac.g_00774
OG0001344	Syah	Prbg.g_01482	Syah.g_02153
OG0001344	Syae	Prbg.g_01482	Syae.g_00916
OG0001344	Syak	Prbg.g_01482	Syak.g_00893
OG0001344	Syaa	Prbg.g_01482	Syaa.g_00775
OG0001344	Syag	Prbg.g_01482	Syag.g_01136
OG0001344	Syai	Prbg.g_01482	Syai.g_02139
OG0001344	Syam	Prbg.g_01482	Syam.g_01790
OG0001344	Syad	Prbg.g_01482	Syad.g_01157
OG0001344	Syaj	Prbg.g_01482	Syaj.g_00307
OG0001344	Syaf	Prbg.g_01482	Syaf.g_01294
OG0001344	Pram	Prbg.g_01482	Pram.g_01135
OG0001344	Prbh	Prbg.g_01482	Prbh.g_01278
OG0001344	Prak	Prbg.g_01482	Prak.g_01168
OG0001344	Prap	Prbg.g_01482	Prap.g_00452
OG0001344	Prbe	Prbg.g_01482	Prbe.g_01545
OG0001344	Prbf	Prbg.g_01482	Prbf.g_00922
OG0001344	Prbn	Prbg.g_01482	Prbn.g_01193
OG0001345	Prab	Prbg.g_01466	Prab.g_01238
OG0001345	Pran	Prbg.g_01466	Pran.g_00041
OG0001345	Prai	Prbg.g_01466	Prai.g_01190
OG0001345	Prad	Prbg.g_01466	Prad.g_01477
OG0001345	Prac	Prbg.g_01466	Prac.g_00966
OG0001345	Praq	Prbg.g_01466	Praq.g_01352
OG0001345	Prar	Prbg.g_01466	Prar.g_01244
OG0001345	Prav	Prbg.g_01466	Prav.g_01862
OG0001345	Prao	Prbg.g_01466	Prao.g_01070
OG0001345	Pras	Prbg.g_01466	Pras.g_00075
OG0001345	Prau	Prbg.g_01466	Prau.g_01225
OG0001345	Prbi	Prbg.g_01466	Prbi.g_01226
OG0001345	Prag	Prbg.g_01466	Prag.g_01172
OG0001345	Praw	Prbg.g_01466	Praw.g_00253
OG0001345	Pray	Prbg.g_01466	Pray.g_00044
OG0001345	Praz	Prbg.g_01466	Praz.g_00735
OG0001345	Prba	Prbg.g_01466	Prba.g_00044
OG0001345	Prax	Prbg.g_01466	Prax.g_00219
OG0001345	Prae	Prbg.g_01466	Prae.g_01182
OG0001345	Praa	Prbg.g_01466	Praa.g_01178
OG0001345	Prbd	Prbg.g_01466	Prbd.g_00487
OG0001345	Syak	Prbg.g_01466	Syak.g_00856
OG0001345	Syab	Prbg.g_01466	Syab.g_01008
OG0001345	Syal	Prbg.g_01466	Syal.g_01694
OG0001345	Syag	Prbg.g_01466	Syag.g_01108
OG0001345	Syaq	Prbg.g_01466	Syaq.g_00213
OG0001345	Syad	Prbg.g_01466	Syad.g_01188
OG0001345	Syaj	Prbg.g_01466	Syaj.g_00337
OG0001345	Syac	Prbg.g_01466	Syac.g_00803
OG0001345	Syah	Prbg.g_01466	Syah.g_02124
OG0001345	Syae	Prbg.g_01466	Syae.g_00886
OG0001345	Syaa	Prbg.g_01466	Syaa.g_00803
OG0001345	Syaf	Prbg.g_01466	Syaf.g_01323
OG0001345	Syai	Prbg.g_01466	Syai.g_02110
OG0001345	Syam	Prbg.g_01466	Syam.g_01764
OG0001345	Syat	Prbg.g_01466	Syat.g_00290
OG0001345	Syan	Prbg.g_01466	Syan.g_02655
OG0001345	Syao	Prbg.g_01466	Syao.g_00179
OG0001345	Syap	Prbg.g_01466	Syap.g_01877, Syap.g_02776
OG0001345	Syas	Prbg.g_01466	Syas.g_01132
OG0001345	Syar	Prbg.g_01466	Syar.g_01958
OG0001345	Pral	Prbg.g_01466	Pral.g_01389
OG0001345	Praj	Prbg.g_01466	Praj.g_01441
OG0001345	Prbm	Prbg.g_01466	Prbm.g_01528
OG0001345	Prbb	Prbg.g_01466	Prbb.g_01496
OG0001345	Prbc	Prbg.g_01466	Prbc.g_01425
OG0001345	Prak	Prbg.g_01466	Prak.g_01152
OG0001345	Prap	Prbg.g_01466	Prap.g_00436
OG0001345	Prbe	Prbg.g_01466	Prbe.g_01529
OG0001345	Prbf	Prbg.g_01466	Prbf.g_00938
OG0001345	Prbn	Prbg.g_01466	Prbn.g_01209
OG0001346	Prab	Prbg.g_00478	Prab.g_01327
OG0001346	Pran	Prbg.g_00478	Pran.g_00875
OG0001346	Prai	Prbg.g_00478	Prai.g_01336
OG0001346	Prac	Prbg.g_00478	Prac.g_00176
OG0001346	Praq	Prbg.g_00478	Praq.g_00134
OG0001346	Prar	Prbg.g_00478	Prar.g_00954
OG0001346	Prag	Prbg.g_00478	Prag.g_01356
OG0001346	Praw	Prbg.g_00478	Praw.g_00982
OG0001346	Prav	Prbg.g_00478	Prav.g_01439
OG0001346	Praa	Prbg.g_00478	Praa.g_01319
OG0001346	Prad	Prbg.g_00478	Prad.g_00627
OG0001346	Pras	Prbg.g_00478	Pras.g_00210
OG0001346	Prau	Prbg.g_00478	Prau.g_01372
OG0001346	Pray	Prbg.g_00478	Pray.g_01869
OG0001346	Praz	Prbg.g_00478	Praz.g_01179
OG0001346	Prba	Prbg.g_00478	Prba.g_01193
OG0001346	Prax	Prbg.g_00478	Prax.g_01898
OG0001346	Prao	Prbg.g_00478	Prao.g_01275
OG0001346	Prbd	Prbg.g_00478	Prbd.g_01800
OG0001346	Prae	Prbg.g_00478	Prae.g_01330
OG0001346	Prbi	Prbg.g_00478	Prbi.g_01392
OG0001346	Prbm	Prbg.g_00478	Prbm.g_01612
OG0001346	Praj	Prbg.g_00478	Praj.g_01529
OG0001346	Prbb	Prbg.g_00478	Prbb.g_01587
OG0001346	Prbc	Prbg.g_00478	Prbc.g_00567
OG0001346	Pral	Prbg.g_00478	Pral.g_01280
OG0001346	Prat	Prbg.g_00478	Prat.g_01250
OG0001346	Syae	Prbg.g_00478	Syae.g_00962
OG0001346	Syad	Prbg.g_00478	Syad.g_02406
OG0001346	Syaj	Prbg.g_00478	Syaj.g_01512
OG0001346	Syaa	Prbg.g_00478	Syaa.g_00734
OG0001346	Syac	Prbg.g_00478	Syac.g_00728
OG0001346	Syah	Prbg.g_00478	Syah.g_02200
OG0001346	Syaf	Prbg.g_00478	Syaf.g_01253
OG0001346	Syai	Prbg.g_00478	Syai.g_02180
OG0001346	Syam	Prbg.g_00478	Syam.g_01831
OG0001346	Syar	Prbg.g_00478	Syar.g_02778
OG0001346	Syan	Prbg.g_00478	Syan.g_01214
OG0001346	Syap	Prbg.g_00478	Syap.g_01484
OG0001346	Syas	Prbg.g_00478	Syas.g_02853
OG0001346	Syab	Prbg.g_00478	Syab.g_00914
OG0001346	Syal	Prbg.g_00478	Syal.g_01600
OG0001346	Syak	Prbg.g_00478	Syak.g_00937
OG0001346	Syaq	Prbg.g_00478	Syaq.g_00298
OG0001346	Syag	Prbg.g_00478	Syag.g_01193
OG0001346	Pram	Prbg.g_00478	Pram.g_01231
OG0001346	Prbh	Prbg.g_00478	Prbh.g_01374
OG0001346	Prak	Prbg.g_00478	Prak.g_01278
OG0001346	Prap	Prbg.g_00478	Prap.g_00562
OG0001346	Prbe	Prbg.g_00478	Prbe.g_00892
OG0001346	Prbf	Prbg.g_00478	Prbf.g_00025
OG0001346	Prbn	Prbg.g_00478	Prbn.g_01083
OG0001348	Prab	Prbg.g_00712	Prab.g_01595
OG0001348	Pran	Prbg.g_00712	Pran.g_00604
OG0001348	Prad	Prbg.g_00712	Prad.g_00395
OG0001348	Prag	Prbg.g_00712	Prag.g_01606
OG0001348	Praw	Prbg.g_00712	Praw.g_00453
OG0001348	Prav	Prbg.g_00712	Prav.g_01693
OG0001348	Prac	Prbg.g_00712	Prac.g_00295
OG0001348	Praq	Prbg.g_00712	Praq.g_00023
OG0001348	Prar	Prbg.g_00712	Prar.g_00732
OG0001348	Prae	Prbg.g_00712	Prae.g_01578
OG0001348	Prbi	Prbg.g_00712	Prbi.g_01707
OG0001348	Prax	Prbg.g_00712	Prax.g_01611, Prax.g_01610
OG0001348	Praa	Prbg.g_00712	Praa.g_01595
OG0001348	Prbd	Prbg.g_00712	Prbd.g_01570
OG0001348	Prai	Prbg.g_00712	Prai.g_01587
OG0001348	Pram	Prbg.g_00712	Pram.g_01526
OG0001348	Prbh	Prbg.g_00712	Prbh.g_01888
OG0001348	Prat	Prbg.g_00712	Prat.g_00827
OG0001348	Prbm	Prbg.g_00712	Prbm.g_01122
OG0001348	Prbc	Prbg.g_00712	Prbc.g_02169
OG0001348	Praj	Prbg.g_00712	Praj.g_01082
OG0001348	Prbb	Prbg.g_00712	Prbb.g_01125
OG0001348	Prah	Prbg.g_00712	Prah.g_02412
OG0001348	Praf	Prbg.g_00712	Praf.g_02569
OG0001348	Prbj	Prbg.g_00712	Prbj.g_00249
OG0001348	Prbk	Prbg.g_00712	Prbk.g_00671
OG0001348	Prbl	Prbg.g_00712	Prbl.g_01243
OG0001348	Syad	Prbg.g_00712	Syad.g_01250
OG0001348	Syaj	Prbg.g_00712	Syaj.g_00393
OG0001348	Syaf	Prbg.g_00712	Syaf.g_01396
OG0001348	Syai	Prbg.g_00712	Syai.g_02033
OG0001348	Syam	Prbg.g_00712	Syam.g_00750
OG0001348	Syaa	Prbg.g_00712	Syaa.g_00847
OG0001348	Syae	Prbg.g_00712	Syae.g_00821
OG0001348	Syac	Prbg.g_00712	Syac.g_00857
OG0001348	Syah	Prbg.g_00712	Syah.g_02073
OG0001348	Syak	Prbg.g_00712	Syak.g_00774
OG0001348	Syab	Prbg.g_00712	Syab.g_01258
OG0001348	Syal	Prbg.g_00712	Syal.g_01849
OG0001348	Syag	Prbg.g_00712	Syag.g_00941
OG0001348	Syar	Prbg.g_00712	Syar.g_02259
OG0001348	Syat	Prbg.g_00712	Syat.g_03316
OG0001348	Syap	Prbg.g_00712	Syap.g_00938
OG0001348	Syas	Prbg.g_00712	Syas.g_00119
OG0001348	Syaq	Prbg.g_00712	Syaq.g_02703
OG0001348	Pral	Prbg.g_00712	Pral.g_01303
OG0001348	Prak	Prbg.g_00712	Prak.g_01512
OG0001348	Prap	Prbg.g_00712	Prap.g_01921
OG0001348	Prbe	Prbg.g_00712	Prbe.g_00003
OG0001348	Prbf	Prbg.g_00712	Prbf.g_00826
OG0001348	Prbn	Prbg.g_00712	Prbn.g_00148
OG0001349	Syaa	Prbg.g_00553	Syaa.g_00454
OG0001349	Syag	Prbg.g_00553	Syag.g_02479
OG0001349	Syaq	Prbg.g_00553	Syaq.g_00942
OG0001349	Prad	Prbg.g_00553	Prad.g_00536
OG0001349	Pram	Prbg.g_00553	Pram.g_01401
OG0001349	Prbh	Prbg.g_00553	Prbh.g_00076
OG0001349	Prav	Prbg.g_00553	Prav.g_01558
OG0001349	Pray	Prbg.g_00553	Pray.g_01741
OG0001349	Praz	Prbg.g_00553	Praz.g_01060
OG0001349	Prba	Prbg.g_00553	Prba.g_00116
OG0001349	Prac	Prbg.g_00553	Prac.g_00261
OG0001349	Praq	Prbg.g_00553	Praq.g_00221
OG0001349	Prar	Prbg.g_00553	Prar.g_00867
OG0001349	Prax	Prbg.g_00553	Prax.g_01820
OG0001349	Prbb	Prbg.g_00553	Prbb.g_00876
OG0001349	Prbi	Prbg.g_00553	Prbi.g_01590
OG0001349	Prau	Prbg.g_00553	Prau.g_01530
OG0001349	Praa	Prbg.g_00553	Praa.g_01624, Praa.g_01794
OG0001349	Prag	Prbg.g_00553	Prag.g_01489
OG0001349	Praw	Prbg.g_00553	Praw.g_01082
OG0001349	Pras	Prbg.g_00553	Pras.g_00292
OG0001349	Prab	Prbg.g_00553	Prab.g_01395
OG0001349	Pran	Prbg.g_00553	Pran.g_00805
OG0001349	Prak	Prbg.g_00553	Prak.g_01353
OG0001349	Prap	Prbg.g_00553	Prap.g_00083
OG0001349	Prbe	Prbg.g_00553	Prbe.g_00349
OG0001349	Prbf	Prbg.g_00553	Prbf.g_00119
OG0001349	Prbn	Prbg.g_00553	Prbn.g_00174
OG0001350	Praj	Prbg.g_01019	Praj.g_00277
OG0001350	Prbb	Prbg.g_01019	Prbb.g_00294
OG0001350	Prbm	Prbg.g_01019	Prbm.g_00297
OG0001350	Prbc	Prbg.g_01019	Prbc.g_00333
OG0001350	Pral	Prbg.g_01019	Pral.g_00803
OG0001350	Prat	Prbg.g_01019	Prat.g_00242
OG0001350	Pram	Prbg.g_01019	Pram.g_00224
OG0001350	Prbh	Prbg.g_01019	Prbh.g_00543
OG0001350	Syak	Prbg.g_01019	Syak.g_02306
OG0001350	Syaq	Prbg.g_01019	Syaq.g_01580
OG0001350	Praf	Prbg.g_01019	Praf.g_00386
OG0001350	Prah	Prbg.g_01019	Prah.g_01778
OG0001350	Syad	Prbg.g_01019	Syad.g_00820
OG0001350	Syaa	Prbg.g_01019	Syaa.g_02107
OG0001350	Syaj	Prbg.g_01019	Syaj.g_02876
OG0001350	Syaf	Prbg.g_01019	Syaf.g_02786
OG0001350	Syai	Prbg.g_01019	Syai.g_00539
OG0001350	Syam	Prbg.g_01019	Syam.g_00510
OG0001350	Prbd	Prbg.g_01019	Prbd.g_01537
OG0001350	Prad	Prbg.g_01019	Prad.g_00965
OG0001350	Prau	Prbg.g_01019	Prau.g_00784
OG0001350	Prbi	Prbg.g_01019	Prbi.g_01748
OG0001350	Prax	Prbg.g_01019	Prax.g_01581
OG0001350	Prao	Prbg.g_01019	Prao.g_01537
OG0001350	Syae	Prbg.g_01019	Syae.g_02239
OG0001350	Prak	Prbg.g_01019	Prak.g_00253
OG0001350	Prap	Prbg.g_01019	Prap.g_01475
OG0001350	Prbe	Prbg.g_01019	Prbe.g_01789
OG0001350	Prbf	Prbg.g_01019	Prbf.g_01575
OG0001350	Prbn	Prbg.g_01019	Prbn.g_00313
OG0001351	Prao	Prbg.g_00177	Prao.g_00558
OG0001351	Prai	Prbg.g_00177	Prai.g_00485
OG0001351	Prad	Prbg.g_00177	Prad.g_00053
OG0001351	Prag	Prbg.g_00177	Prag.g_00433
OG0001351	Praw	Prbg.g_00177	Praw.g_00693
OG0001351	Prbi	Prbg.g_00177	Prbi.g_00455
OG0001351	Praa	Prbg.g_00177	Praa.g_00453
OG0001351	Prbd	Prbg.g_00177	Prbd.g_00788
OG0001351	Prau	Prbg.g_00177	Prau.g_00495
OG0001351	Pray	Prbg.g_00177	Pray.g_00944
OG0001351	Praz	Prbg.g_00177	Praz.g_01874
OG0001351	Prba	Prbg.g_00177	Prba.g_01007
OG0001351	Prae	Prbg.g_00177	Prae.g_00428
OG0001351	Prac	Prbg.g_00177	Prac.g_01093
OG0001351	Praq	Prbg.g_00177	Praq.g_00503
OG0001351	Prar	Prbg.g_00177	Prar.g_00502
OG0001351	Prbm	Prbg.g_00177	Prbm.g_00481
OG0001351	Praj	Prbg.g_00177	Praj.g_00448
OG0001351	Prbb	Prbg.g_00177	Prbb.g_00459
OG0001351	Prbc	Prbg.g_00177	Prbc.g_01515
OG0001351	Praf	Prbg.g_00177	Praf.g_01958
OG0001351	Prah	Prbg.g_00177	Prah.g_00256
OG0001351	Prbj	Prbg.g_00177	Prbj.g_01893
OG0001351	Prbk	Prbg.g_00177	Prbk.g_00300
OG0001351	Prbl	Prbg.g_00177	Prbl.g_00624
OG0001351	Syaq	Prbg.g_00177	Syaq.g_00476
OG0001351	Syag	Prbg.g_00177	Syag.g_00055
OG0001351	Syab	Prbg.g_00177	Syab.g_00625
OG0001351	Syal	Prbg.g_00177	Syal.g_00501
OG0001351	Syan	Prbg.g_00177	Syan.g_02804
OG0001351	Syao	Prbg.g_00177	Syao.g_00060
OG0001351	Syak	Prbg.g_00177	Syak.g_01164
OG0001351	Syat	Prbg.g_00177	Syat.g_01318
OG0001351	Syas	Prbg.g_00177	Syas.g_01280
OG0001351	Syar	Prbg.g_00177	Syar.g_01420
OG0001351	Syap	Prbg.g_00177	Syap.g_01996
OG0001351	Syae	Prbg.g_00177	Syae.g_02492
OG0001351	Syaj	Prbg.g_00177	Syaj.g_00272
OG0001351	Syaa	Prbg.g_00177	Syaa.g_01863
OG0001351	Syaf	Prbg.g_00177	Syaf.g_02539
OG0001351	Syai	Prbg.g_00177	Syai.g_00843
OG0001351	Syam	Prbg.g_00177	Syam.g_01695
OG0001351	Pram	Prbg.g_00177	Pram.g_00394
OG0001351	Prbh	Prbg.g_00177	Prbh.g_00373
OG0001351	Pral	Prbg.g_00177	Pral.g_00634
OG0001351	Prat	Prbg.g_00177	Prat.g_00416
OG0001351	Prak	Prbg.g_00177	Prak.g_00419
OG0001351	Prap	Prbg.g_00177	Prap.g_01309
OG0001351	Prbe	Prbg.g_00177	Prbe.g_00675
OG0001351	Prbf	Prbg.g_00177	Prbf.g_01741
OG0001351	Prbn	Prbg.g_00177	Prbn.g_00656
OG0001352	Prab	Prbg.g_01121	Prab.g_00685
OG0001352	Pran	Prbg.g_01121	Pran.g_01498
OG0001352	Prai	Prbg.g_01121	Prai.g_00709
OG0001352	Prbd	Prbg.g_01121	Prbd.g_00564
OG0001352	Praa	Prbg.g_01121	Praa.g_00680
OG0001352	Prag	Prbg.g_01121	Prag.g_00658
OG0001352	Praw	Prbg.g_01121	Praw.g_01842
OG0001352	Prav	Prbg.g_01121	Prav.g_01278
OG0001352	Prbi	Prbg.g_01121	Prbi.g_00683
OG0001352	Prad	Prbg.g_01121	Prad.g_01254
OG0001352	Prac	Prbg.g_01121	Prac.g_00691
OG0001352	Praq	Prbg.g_01121	Praq.g_00809
OG0001352	Prar	Prbg.g_01121	Prar.g_01510
OG0001352	Prao	Prbg.g_01121	Prao.g_00118
OG0001352	Pray	Prbg.g_01121	Pray.g_01083
OG0001352	Praz	Prbg.g_01121	Praz.g_01650
OG0001352	Prba	Prbg.g_01121	Prba.g_01637
OG0001352	Prae	Prbg.g_01121	Prae.g_00654
OG0001352	Pras	Prbg.g_01121	Pras.g_01556
OG0001352	Prau	Prbg.g_01121	Prau.g_00720
OG0001352	Prax	Prbg.g_01121	Prax.g_00962
OG0001352	Syaq	Prbg.g_01121	Syaq.g_01904
OG0001352	Syam	Prbg.g_01121	Syam.g_00644
OG0001352	Syai	Prbg.g_01121	Syai.g_00700
OG0001352	Syaf	Prbg.g_01121	Syaf.g_02661
OG0001352	Syaa	Prbg.g_01121	Syaa.g_01987
OG0001352	Syac	Prbg.g_01121	Syac.g_01842
OG0001352	Syah	Prbg.g_01121	Syah.g_01058
OG0001352	Syag	Prbg.g_01121	Syag.g_01459
OG0001352	Syad	Prbg.g_01121	Syad.g_00969
OG0001352	Syaj	Prbg.g_01121	Syaj.g_00136
OG0001352	Syae	Prbg.g_01121	Syae.g_00666
OG0001352	Syak	Prbg.g_01121	Syak.g_00764
OG0001352	Prbj	Prbg.g_01121	Prbj.g_00760
OG0001352	Prbk	Prbg.g_01121	Prbk.g_01767
OG0001352	Prbl	Prbg.g_01121	Prbl.g_00027
OG0001352	Praf	Prbg.g_01121	Praf.g_01127
OG0001352	Prah	Prbg.g_01121	Prah.g_01029
OG0001352	Praj	Prbg.g_01121	Praj.g_00672
OG0001352	Prbb	Prbg.g_01121	Prbb.g_00685
OG0001352	Prbc	Prbg.g_01121	Prbc.g_01761
OG0001352	Prbm	Prbg.g_01121	Prbm.g_00714
OG0001352	Pram	Prbg.g_01121	Pram.g_00770
OG0001352	Prbh	Prbg.g_01121	Prbh.g_00914
OG0001352	Pral	Prbg.g_01121	Pral.g_01762
OG0001352	Prat	Prbg.g_01121	Prat.g_00753
OG0001352	Prak	Prbg.g_01121	Prak.g_00807
OG0001352	Prap	Prbg.g_01121	Prap.g_00821
OG0001352	Prbe	Prbg.g_01121	Prbe.g_00454
OG0001352	Prbf	Prbg.g_01121	Prbf.g_01283
OG0001352	Prbn	Prbg.g_01121	Prbn.g_01584
OG0001353	Prai	Prbg.g_01192	Prai.g_00815
OG0001353	Prab	Prbg.g_01192	Prab.g_00872
OG0001353	Pran	Prbg.g_01192	Pran.g_01311
OG0001353	Prad	Prbg.g_01192	Prad.g_01178
OG0001353	Prae	Prbg.g_01192	Prae.g_00838
OG0001353	Prag	Prbg.g_01192	Prag.g_00837
OG0001353	Prao	Prbg.g_01192	Prao.g_00773
OG0001353	Praw	Prbg.g_01192	Praw.g_01666
OG0001353	Prbd	Prbg.g_01192	Prbd.g_00134
OG0001353	Prbi	Prbg.g_01192	Prbi.g_00879
OG0001353	Prav	Prbg.g_01192	Prav.g_00429
OG0001353	Praa	Prbg.g_01192	Praa.g_00836
OG0001353	Prax	Prbg.g_01192	Prax.g_00341
OG0001353	Pray	Prbg.g_01192	Pray.g_00380
OG0001353	Praz	Prbg.g_01192	Praz.g_01480
OG0001353	Prba	Prbg.g_01192	Prba.g_01467
OG0001353	Syaq	Prbg.g_01192	Syaq.g_02379
OG0001353	Prah	Prbg.g_01192	Prah.g_00606
OG0001353	Praf	Prbg.g_01192	Praf.g_01589, Praf.g_01588
OG0001353	Prbj	Prbg.g_01192	Prbj.g_02473
OG0001353	Prbk	Prbg.g_01192	Prbk.g_02529
OG0001353	Prbl	Prbg.g_01192	Prbl.g_01537
OG0001353	Syao	Prbg.g_01192	Syao.g_00439
OG0001353	Syan	Prbg.g_01192	Syan.g_00372
OG0001353	Syas	Prbg.g_01192	Syas.g_00228
OG0001353	Syat	Prbg.g_01192	Syat.g_00717
OG0001353	Syar	Prbg.g_01192	Syar.g_01809
OG0001353	Syap	Prbg.g_01192	Syap.g_01849
OG0001353	Syab	Prbg.g_01192	Syab.g_01702
OG0001353	Syal	Prbg.g_01192	Syal.g_02457
OG0001353	Syac	Prbg.g_01192	Syac.g_00850
OG0001353	Syah	Prbg.g_01192	Syah.g_02079
OG0001353	Syag	Prbg.g_01192	Syag.g_00716
OG0001353	Syae	Prbg.g_01192	Syae.g_00831
OG0001353	Syaa	Prbg.g_01192	Syaa.g_00841
OG0001353	Syad	Prbg.g_01192	Syad.g_01244
OG0001353	Syaj	Prbg.g_01192	Syaj.g_00386
OG0001353	Syai	Prbg.g_01192	Syai.g_02042
OG0001353	Syaf	Prbg.g_01192	Syaf.g_01388
OG0001353	Syak	Prbg.g_01192	Syak.g_00612
OG0001353	Syam	Prbg.g_01192	Syam.g_00742
OG0001353	Pral	Prbg.g_01192	Pral.g_01520
OG0001353	Prat	Prbg.g_01192	Prat.g_01005
OG0001353	Pram	Prbg.g_01192	Pram.g_00841
OG0001353	Prbh	Prbg.g_01192	Prbh.g_00985
OG0001353	Prak	Prbg.g_01192	Prak.g_00878
OG0001353	Prap	Prbg.g_01192	Prap.g_00750
OG0001353	Prbe	Prbg.g_01192	Prbe.g_01255
OG0001353	Prbf	Prbg.g_01192	Prbf.g_01212
OG0001353	Prbn	Prbg.g_01192	Prbn.g_01513
OG0001354	Prab	Prbg.g_01297	Prab.g_01000
OG0001354	Pran	Prbg.g_01297	Pran.g_00497
OG0001354	Prav	Prbg.g_01297	Prav.g_00566
OG0001354	Prbi	Prbg.g_01297	Prbi.g_01019
OG0001354	Prax	Prbg.g_01297	Prax.g_01139
OG0001354	Pray	Prbg.g_01297	Pray.g_00521
OG0001354	Praz	Prbg.g_01297	Praz.g_01340
OG0001354	Prba	Prbg.g_01297	Prba.g_01327
OG0001354	Praa	Prbg.g_01297	Praa.g_00974
OG0001354	Prao	Prbg.g_01297	Prao.g_00912
OG0001354	Prbd	Prbg.g_01297	Prbd.g_00274
OG0001354	Prag	Prbg.g_01297	Prag.g_00974
OG0001354	Praw	Prbg.g_01297	Praw.g_01529
OG0001354	Prae	Prbg.g_01297	Prae.g_00974
OG0001354	Pram	Prbg.g_01297	Pram.g_00953
OG0001354	Prbh	Prbg.g_01297	Prbh.g_01096
OG0001354	Prbm	Prbg.g_01297	Prbm.g_00998
OG0001354	Prbb	Prbg.g_01297	Prbb.g_01001
OG0001354	Prbc	Prbg.g_01297	Prbc.g_02046
OG0001354	Praj	Prbg.g_01297	Praj.g_00956
OG0001354	Pral	Prbg.g_01297	Pral.g_01617
OG0001354	Prat	Prbg.g_01297	Prat.g_00906
OG0001354	Prbj	Prbg.g_01297	Prbj.g_02252
OG0001354	Prbk	Prbg.g_01297	Prbk.g_02308
OG0001354	Prbl	Prbg.g_01297	Prbl.g_02494
OG0001354	Praf	Prbg.g_01297	Praf.g_01375
OG0001354	Prah	Prbg.g_01297	Prah.g_00813
OG0001354	Syab	Prbg.g_01297	Syab.g_01358
OG0001354	Syal	Prbg.g_01297	Syal.g_01973
OG0001354	Syak	Prbg.g_01297	Syak.g_00485
OG0001354	Syaq	Prbg.g_01297	Syaq.g_02503
OG0001354	Syag	Prbg.g_01297	Syag.g_00830
OG0001354	Syan	Prbg.g_01297	Syan.g_00585
OG0001354	Syao	Prbg.g_01297	Syao.g_00833
OG0001354	Syas	Prbg.g_01297	Syas.g_00526
OG0001354	Syat	Prbg.g_01297	Syat.g_00558
OG0001354	Syar	Prbg.g_01297	Syar.g_02520
OG0001354	Syad	Prbg.g_01297	Syad.g_01728
OG0001354	Syaj	Prbg.g_01297	Syaj.g_00857
OG0001354	Syae	Prbg.g_01297	Syae.g_00379
OG0001354	Syaa	Prbg.g_01297	Syaa.g_01338
OG0001354	Syac	Prbg.g_01297	Syac.g_01201
OG0001354	Syah	Prbg.g_01297	Syah.g_01641
OG0001354	Syam	Prbg.g_01297	Syam.g_01145
OG0001354	Syaf	Prbg.g_01297	Syaf.g_01888
OG0001354	Syai	Prbg.g_01297	Syai.g_01477
OG0001354	Prak	Prbg.g_01297	Prak.g_00983
OG0001354	Prap	Prbg.g_01297	Prap.g_00267
OG0001354	Prbe	Prbg.g_01297	Prbe.g_01360
OG0001354	Prbf	Prbg.g_01297	Prbf.g_01107
OG0001354	Prbn	Prbg.g_01297	Prbn.g_01408
OG0001355	Prbm	Prbg.g_01351	Prbm.g_01804
OG0001355	Prbc	Prbg.g_01351	Prbc.g_00802
OG0001355	Prbb	Prbg.g_01351	Prbb.g_01781
OG0001355	Praj	Prbg.g_01351	Praj.g_01726
OG0001355	Prad	Prbg.g_01351	Prad.g_00384
OG0001355	Pray	Prbg.g_01351	Pray.g_01596
OG0001355	Praz	Prbg.g_01351	Praz.g_00914
OG0001355	Prba	Prbg.g_01351	Prba.g_00262
OG0001355	Prac	Prbg.g_01351	Prac.g_00285, Prac.g_00878
OG0001355	Praq	Prbg.g_01351	Praq.g_00033, Praq.g_00044
OG0001355	Prar	Prbg.g_01351	Prar.g_00722, Prar.g_01158
OG0001355	Prag	Prbg.g_01351	Prag.g_01616
OG0001355	Praw	Prbg.g_01351	Praw.g_00463
OG0001355	Prav	Prbg.g_01351	Prav.g_01704, Prav.g_00969
OG0001355	Prao	Prbg.g_01351	Prao.g_01521
OG0001355	Praa	Prbg.g_01351	Praa.g_01605
OG0001355	Prau	Prbg.g_01351	Prau.g_01657, Prau.g_01309
OG0001355	Prbi	Prbg.g_01351	Prbi.g_01724
OG0001355	Prai	Prbg.g_01351	Prai.g_01272
OG0001355	Pras	Prbg.g_01351	Pras.g_00144
OG0001355	Syac	Prbg.g_01351	Syac.g_01823
OG0001355	Syah	Prbg.g_01351	Syah.g_01077
OG0001355	Syaa	Prbg.g_01351	Syaa.g_01524
OG0001355	Syai	Prbg.g_01351	Syai.g_01698
OG0001355	Syam	Prbg.g_01351	Syam.g_00957
OG0001355	Syak	Prbg.g_01351	Syak.g_00144
OG0001355	Syae	Prbg.g_01351	Syae.g_00120
OG0001355	Syad	Prbg.g_01351	Syad.g_02116
OG0001355	Syaj	Prbg.g_01351	Syaj.g_01244
OG0001355	Syaq	Prbg.g_01351	Syaq.g_00797
OG0001355	Syar	Prbg.g_01351	Syar.g_01912
OG0001355	Syas	Prbg.g_01351	Syas.g_01057
OG0001355	Syat	Prbg.g_01351	Syat.g_02589
OG0001355	Pral	Prbg.g_01351	Pral.g_01040
OG0001355	Praf	Prbg.g_01351	Praf.g_01484
OG0001355	Prah	Prbg.g_01351	Prah.g_00710
OG0001355	Prbj	Prbg.g_01351	Prbj.g_02368
OG0001355	Prbk	Prbg.g_01351	Prbk.g_02424
OG0001355	Prbl	Prbg.g_01351	Prbl.g_02379
OG0001355	Pram	Prbg.g_01351	Pram.g_01003
OG0001355	Prbh	Prbg.g_01351	Prbh.g_01146
OG0001355	Prak	Prbg.g_01351	Prak.g_01037
OG0001355	Prap	Prbg.g_01351	Prap.g_00321
OG0001355	Prbe	Prbg.g_01351	Prbe.g_01414
OG0001355	Prbf	Prbg.g_01351	Prbf.g_01053
OG0001355	Prbn	Prbg.g_01351	Prbn.g_01354
OG0001356	Prbi	Prbg.g_01638	Prbi.g_01301
OG0001356	Pray	Prbg.g_01638	Pray.g_00312
OG0001356	Praz	Prbg.g_01638	Praz.g_01548
OG0001356	Prba	Prbg.g_01638	Prba.g_01535
OG0001356	Praq	Prbg.g_01638	Praq.g_00067
OG0001356	Prac	Prbg.g_01638	Prac.g_00900
OG0001356	Prar	Prbg.g_01638	Prar.g_01181
OG0001356	Prae	Prbg.g_01638	Prae.g_01231
OG0001356	Prax	Prbg.g_01638	Prax.g_00527
OG0001356	Prav	Prbg.g_01638	Prav.g_00957
OG0001356	Prag	Prbg.g_01638	Prag.g_00769
OG0001356	Praw	Prbg.g_01638	Praw.g_01734
OG0001356	Prab	Prbg.g_01638	Prab.g_00793
OG0001356	Pran	Prbg.g_01638	Pran.g_01390
OG0001356	Prbd	Prbg.g_01638	Prbd.g_00830
OG0001356	Praj	Prbg.g_01638	Praj.g_01119
OG0001356	Prbm	Prbg.g_01638	Prbm.g_01145, Prbm.g_01433
OG0001356	Prbb	Prbg.g_01638	Prbb.g_01164
OG0001356	Prbc	Prbg.g_01638	Prbc.g_00603
OG0001356	Syaf	Prbg.g_01638	Syaf.g_02177, Syaf.g_01397
OG0001356	Syaq	Prbg.g_01638	Syaq.g_02555, Syaq.g_00127
OG0001356	Syat	Prbg.g_01638	Syat.g_01035, Syat.g_01428
OG0001356	Syan	Prbg.g_01638	Syan.g_00067, Syan.g_00246
OG0001356	Praf	Prbg.g_01638	Praf.g_02686, Praf.g_01026
OG0001356	Prah	Prbg.g_01638	Prah.g_02519, Prah.g_01163
OG0001356	Prbj	Prbg.g_01638	Prbj.g_01986
OG0001356	Prbk	Prbg.g_01638	Prbk.g_02191
OG0001356	Prbl	Prbg.g_01638	Prbl.g_02208
OG0001356	Syas	Prbg.g_01638	Syas.g_01715, Syas.g_00972
OG0001356	Syag	Prbg.g_01638	Syag.g_00942
OG0001356	Syak	Prbg.g_01638	Syak.g_00773
OG0001356	Syar	Prbg.g_01638	Syar.g_00176
OG0001356	Syao	Prbg.g_01638	Syao.g_00301
OG0001356	Syaa	Prbg.g_01638	Syaa.g_00848
OG0001356	Syam	Prbg.g_01638	Syam.g_00751
OG0001356	Syai	Prbg.g_01638	Syai.g_02032
OG0001356	Syad	Prbg.g_01638	Syad.g_01251
OG0001356	Syae	Prbg.g_01638	Syae.g_00820
OG0001356	Prak	Prbg.g_01638	Prak.g_01633
OG0001356	Prap	Prbg.g_01638	Prap.g_01791
OG0001356	Prbe	Prbg.g_01638	Prbe.g_00997
OG0001356	Prbf	Prbg.g_01638	Prbf.g_00705
OG0001356	Prbn	Prbg.g_01638	Prbn.g_01733
OG0001357	Prbb	Prbg.g_00451	Prbb.g_01814
OG0001357	Praj	Prbg.g_00451	Praj.g_01222
OG0001357	Prbc	Prbg.g_00451	Prbc.g_01294
OG0001357	Prbm	Prbg.g_00451	Prbm.g_00463
OG0001357	Syam	Prbg.g_00451	Syam.g_00449
OG0001357	Syai	Prbg.g_00451	Syai.g_00918, Syai.g_01612
OG0001357	Syaf	Prbg.g_00451	Syaf.g_01769, Syaf.g_01068, Syaf.g_01131, Syaf.g_01827
OG0001357	Syaa	Prbg.g_00451	Syaa.g_02307
OG0001357	Prbj	Prbg.g_00451	Prbj.g_00073, Prbj.g_00697, Prbj.g_01897
OG0001357	Prbk	Prbg.g_00451	Prbk.g_00355, Prbk.g_01701, Prbk.g_00304
OG0001357	Prbl	Prbg.g_00451	Prbl.g_00679, Prbl.g_01685, Prbl.g_00628
OG0001357	Praf	Prbg.g_00451	Praf.g_02005, Praf.g_01014
OG0001357	Prah	Prbg.g_00451	Prah.g_00215, Prah.g_01175
OG0001357	Syaq	Prbg.g_00451	Syaq.g_00825, Syaq.g_02130
OG0001357	Syas	Prbg.g_00451	Syas.g_00764
OG0001357	Syat	Prbg.g_00451	Syat.g_00135
OG0001357	Syan	Prbg.g_00451	Syan.g_02332, Syan.g_02543, Syan.g_01250
OG0001357	Syal	Prbg.g_00451	Syal.g_00433, Syal.g_02584
OG0001357	Syab	Prbg.g_00451	Syab.g_00620, Syab.g_01373, Syab.g_02891
OG0001357	Syad	Prbg.g_00451	Syad.g_01502
OG0001357	Syaj	Prbg.g_00451	Syaj.g_00629
OG0001357	Syac	Prbg.g_00451	Syac.g_01943
OG0001357	Syah	Prbg.g_00451	Syah.g_00935
OG0001357	Syao	Prbg.g_00451	Syao.g_00369
OG0001357	Syak	Prbg.g_00451	Syak.g_00092
OG0001357	Syag	Prbg.g_00451	Syag.g_00465
OG0001357	Pram	Prbg.g_00451	Pram.g_01207
OG0001357	Prbh	Prbg.g_00451	Prbh.g_01350
OG0001357	Prak	Prbg.g_00451	Prak.g_01251
OG0001357	Prap	Prbg.g_00451	Prap.g_00535
OG0001357	Prbe	Prbg.g_00451	Prbe.g_01628
OG0001357	Prbf	Prbg.g_00451	Prbf.g_00052
OG0001357	Prbn	Prbg.g_00451	Prbn.g_01110
OG0001359	Prac	Prbg.g_01061	Prac.g_01402
OG0001359	Praq	Prbg.g_01061	Praq.g_01472
OG0001359	Prar	Prbg.g_01061	Prar.g_01758
OG0001359	Prab	Prbg.g_01061	Prab.g_01085
OG0001359	Pran	Prbg.g_01061	Pran.g_00412
OG0001359	Prai	Prbg.g_01061	Prai.g_01061
OG0001359	Prav	Prbg.g_01061	Prav.g_00482
OG0001359	Prag	Prbg.g_01061	Prag.g_00891
OG0001359	Praw	Prbg.g_01061	Praw.g_01612
OG0001359	Prbd	Prbg.g_01061	Prbd.g_00189
OG0001359	Prae	Prbg.g_01061	Prae.g_00891
OG0001359	Pras	Prbg.g_01061	Pras.g_01787
OG0001359	Prau	Prbg.g_01061	Prau.g_00941
OG0001359	Prad	Prbg.g_01061	Prad.g_00261
OG0001359	Prbi	Prbg.g_01061	Prbi.g_00933
OG0001359	Pray	Prbg.g_01061	Pray.g_00435
OG0001359	Praz	Prbg.g_01061	Praz.g_01425
OG0001359	Prba	Prbg.g_01061	Prba.g_01412
OG0001359	Prao	Prbg.g_01061	Prao.g_00828
OG0001359	Praa	Prbg.g_01061	Praa.g_00891
OG0001359	Prax	Prbg.g_01061	Prax.g_00545
OG0001359	Prbm	Prbg.g_01061	Prbm.g_00910
OG0001359	Praj	Prbg.g_01061	Praj.g_00868
OG0001359	Prbb	Prbg.g_01061	Prbb.g_00913
OG0001359	Prbc	Prbg.g_01061	Prbc.g_01958
OG0001359	Syag	Prbg.g_01061	Syag.g_00561
OG0001359	Syad	Prbg.g_01061	Syad.g_00078
OG0001359	Syaj	Prbg.g_01061	Syaj.g_02183
OG0001359	Syao	Prbg.g_01061	Syao.g_01234
OG0001359	Syaq	Prbg.g_01061	Syaq.g_00699
OG0001359	Syab	Prbg.g_01061	Syab.g_00360
OG0001359	Syal	Prbg.g_01061	Syal.g_01189
OG0001359	Syak	Prbg.g_01061	Syak.g_01878
OG0001359	Syaa	Prbg.g_01061	Syaa.g_02663
OG0001359	Syae	Prbg.g_01061	Syae.g_01628
OG0001359	Syah	Prbg.g_01061	Syah.g_00451
OG0001359	Syar	Prbg.g_01061	Syar.g_03211
OG0001359	Syac	Prbg.g_01061	Syac.g_02412
OG0001359	Syaf	Prbg.g_01061	Syaf.g_00591
OG0001359	Syai	Prbg.g_01061	Syai.g_02841
OG0001359	Syam	Prbg.g_01061	Syam.g_02360
OG0001359	Pral	Prbg.g_01061	Pral.g_01821
OG0001359	Prat	Prbg.g_01061	Prat.g_00693
OG0001359	Pram	Prbg.g_01061	Pram.g_00712
OG0001359	Prbh	Prbg.g_01061	Prbh.g_00856
OG0001359	Prak	Prbg.g_01061	Prak.g_00747
OG0001359	Prap	Prbg.g_01061	Prap.g_00661
OG0001359	Prbe	Prbg.g_01061	Prbe.g_00104
OG0001359	Prbf	Prbg.g_01061	Prbf.g_00839
OG0001359	Prbn	Prbg.g_01061	Prbn.g_01931
OG0001362	Prab	Prbg.g_00605	Prab.g_01480
OG0001362	Pran	Prbg.g_00605	Pran.g_00719
OG0001362	Prai	Prbg.g_00605	Prai.g_01477
OG0001362	Praq	Prbg.g_00605	Praq.g_00308
OG0001362	Prac	Prbg.g_00605	Prac.g_00397
OG0001362	Prar	Prbg.g_00605	Prar.g_00833
OG0001362	Pras	Prbg.g_00605	Pras.g_00364
OG0001362	Prau	Prbg.g_00605	Prau.g_01545
OG0001362	Praa	Prbg.g_00605	Praa.g_01490
OG0001362	Prav	Prbg.g_00605	Prav.g_01592
OG0001362	Prax	Prbg.g_00605	Prax.g_01714
OG0001362	Prbi	Prbg.g_00605	Prbi.g_01605
OG0001362	Prad	Prbg.g_00605	Prad.g_00501
OG0001362	Pray	Prbg.g_00605	Pray.g_01708
OG0001362	Praz	Prbg.g_00605	Praz.g_01027
OG0001362	Prba	Prbg.g_00605	Prba.g_00699
OG0001362	Prag	Prbg.g_00605	Prag.g_01504
OG0001362	Praw	Prbg.g_00605	Praw.g_00351
OG0001362	Prae	Prbg.g_00605	Prae.g_01473
OG0001362	Prbd	Prbg.g_00605	Prbd.g_01675
OG0001362	Prao	Prbg.g_00605	Prao.g_01411
OG0001362	Praf	Prbg.g_00605	Praf.g_01818
OG0001362	Prah	Prbg.g_00605	Prah.g_00390
OG0001362	Prbj	Prbg.g_00605	Prbj.g_01078
OG0001362	Prbk	Prbg.g_00605	Prbk.g_00281
OG0001362	Prbl	Prbg.g_00605	Prbl.g_00220
OG0001362	Syad	Prbg.g_00605	Syad.g_02294
OG0001362	Syaj	Prbg.g_00605	Syaj.g_01396
OG0001362	Syae	Prbg.g_00605	Syae.g_02637
OG0001362	Syaa	Prbg.g_00605	Syaa.g_01789
OG0001362	Syaf	Prbg.g_00605	Syaf.g_02432
OG0001362	Syai	Prbg.g_00605	Syai.g_00938
OG0001362	Syam	Prbg.g_00605	Syam.g_01628
OG0001362	Syal	Prbg.g_00605	Syal.g_00397
OG0001362	Syab	Prbg.g_00605	Syab.g_00754
OG0001362	Syac	Prbg.g_00605	Syac.g_01649
OG0001362	Syah	Prbg.g_00605	Syah.g_01275
OG0001362	Praj	Prbg.g_00605	Praj.g_01646
OG0001362	Prbm	Prbg.g_00605	Prbm.g_01724
OG0001362	Prbb	Prbg.g_00605	Prbb.g_01700
OG0001362	Prbc	Prbg.g_00605	Prbc.g_00723
OG0001362	Pral	Prbg.g_00605	Pral.g_01147
OG0001362	Prat	Prbg.g_00605	Prat.g_01367
OG0001362	Pram	Prbg.g_00605	Pram.g_01364
OG0001362	Prbh	Prbg.g_00605	Prbh.g_00113
OG0001362	Prak	Prbg.g_00605	Prak.g_01405
OG0001362	Prap	Prbg.g_00605	Prap.g_00135
OG0001362	Prbe	Prbg.g_00605	Prbe.g_00297
OG0001362	Prbf	Prbg.g_00605	Prbf.g_00171
OG0001362	Prbn	Prbg.g_00605	Prbn.g_00226
OG0001363	Prai	Prbg.g_00607	Prai.g_01479
OG0001363	Prab	Prbg.g_00607	Prab.g_01482
OG0001363	Pran	Prbg.g_00607	Pran.g_00717
OG0001363	Pras	Prbg.g_00607	Pras.g_00366
OG0001363	Prau	Prbg.g_00607	Prau.g_01547
OG0001363	Prac	Prbg.g_00607	Prac.g_00395
OG0001363	Praq	Prbg.g_00607	Praq.g_00310
OG0001363	Prar	Prbg.g_00607	Prar.g_00831
OG0001363	Praa	Prbg.g_00607	Praa.g_01492
OG0001363	Pray	Prbg.g_00607	Pray.g_01706
OG0001363	Praz	Prbg.g_00607	Praz.g_01025
OG0001363	Prba	Prbg.g_00607	Prba.g_00697
OG0001363	Prbd	Prbg.g_00607	Prbd.g_01673
OG0001363	Prbi	Prbg.g_00607	Prbi.g_01607
OG0001363	Prae	Prbg.g_00607	Prae.g_01475
OG0001363	Prad	Prbg.g_00607	Prad.g_00499
OG0001363	Prax	Prbg.g_00607	Prax.g_01712
OG0001363	Prav	Prbg.g_00607	Prav.g_01594
OG0001363	Prao	Prbg.g_00607	Prao.g_01413
OG0001363	Prag	Prbg.g_00607	Prag.g_01506
OG0001363	Praw	Prbg.g_00607	Praw.g_00353
OG0001363	Prbc	Prbg.g_00607	Prbc.g_01521
OG0001363	Praj	Prbg.g_00607	Praj.g_00454
OG0001363	Prbb	Prbg.g_00607	Prbb.g_00465
OG0001363	Prbm	Prbg.g_00607	Prbm.g_00487
OG0001363	Prbj	Prbg.g_00607	Prbj.g_01080
OG0001363	Prbk	Prbg.g_00607	Prbk.g_00283
OG0001363	Prbl	Prbg.g_00607	Prbl.g_00218
OG0001363	Praf	Prbg.g_00607	Praf.g_01820
OG0001363	Prah	Prbg.g_00607	Prah.g_00388
OG0001363	Syac	Prbg.g_00607	Syac.g_01651
OG0001363	Syah	Prbg.g_00607	Syah.g_01273
OG0001363	Syaf	Prbg.g_00607	Syaf.g_02434
OG0001363	Syai	Prbg.g_00607	Syai.g_00936
OG0001363	Syam	Prbg.g_00607	Syam.g_01630
OG0001363	Syaa	Prbg.g_00607	Syaa.g_01791
OG0001363	Syae	Prbg.g_00607	Syae.g_02635
OG0001363	Syab	Prbg.g_00607	Syab.g_00752
OG0001363	Syal	Prbg.g_00607	Syal.g_00399
OG0001363	Syad	Prbg.g_00607	Syad.g_02296
OG0001363	Syaj	Prbg.g_00607	Syaj.g_01398
OG0001363	Prat	Prbg.g_00607	Prat.g_01369
OG0001363	Pral	Prbg.g_00607	Pral.g_01145
OG0001363	Pram	Prbg.g_00607	Pram.g_01362
OG0001363	Prbh	Prbg.g_00607	Prbh.g_00115
OG0001363	Prak	Prbg.g_00607	Prak.g_01407
OG0001363	Prap	Prbg.g_00607	Prap.g_00137
OG0001363	Prbe	Prbg.g_00607	Prbe.g_00295
OG0001363	Prbf	Prbg.g_00607	Prbf.g_00173
OG0001363	Prbn	Prbg.g_00607	Prbn.g_00228
OG0001364	Prac	Prbg.g_01814	Prac.g_00012
OG0001364	Praq	Prbg.g_01814	Praq.g_00734
OG0001364	Prar	Prbg.g_01814	Prar.g_00624
OG0001364	Prav	Prbg.g_01814	Prav.g_00660
OG0001364	Prab	Prbg.g_01814	Prab.g_01829
OG0001364	Pran	Prbg.g_01814	Pran.g_01132
OG0001364	Prai	Prbg.g_01814	Prai.g_01809
OG0001364	Prag	Prbg.g_01814	Prag.g_01831
OG0001364	Praw	Prbg.g_01814	Praw.g_00069
OG0001364	Prao	Prbg.g_01814	Prao.g_01714
OG0001364	Pras	Prbg.g_01814	Pras.g_00714
OG0001364	Prau	Prbg.g_01814	Prau.g_01896
OG0001364	Praa	Prbg.g_01814	Praa.g_01803
OG0001364	Prae	Prbg.g_01814	Prae.g_01786
OG0001364	Prax	Prbg.g_01814	Prax.g_01365
OG0001364	Prbd	Prbg.g_01814	Prbd.g_01364
OG0001364	Pray	Prbg.g_01814	Pray.g_01334
OG0001364	Praz	Prbg.g_01814	Praz.g_00235
OG0001364	Prba	Prbg.g_01814	Prba.g_01066
OG0001364	Prad	Prbg.g_01814	Prad.g_00780
OG0001364	Prbi	Prbg.g_01814	Prbi.g_01965
OG0001364	Syar	Prbg.g_01814	Syar.g_00284
OG0001364	Syat	Prbg.g_01814	Syat.g_02143
OG0001364	Syas	Prbg.g_01814	Syas.g_02212
OG0001364	Syao	Prbg.g_01814	Syao.g_01969
OG0001364	Syan	Prbg.g_01814	Syan.g_01950
OG0001364	Syap	Prbg.g_01814	Syap.g_01052
OG0001364	Syaa	Prbg.g_01814	Syaa.g_00171
OG0001364	Syaf	Prbg.g_01814	Syaf.g_00338
OG0001364	Syam	Prbg.g_01814	Syam.g_00158
OG0001364	Syai	Prbg.g_01814	Syai.g_00173
OG0001364	Syac	Prbg.g_01814	Syac.g_00204
OG0001364	Syah	Prbg.g_01814	Syah.g_00174
OG0001364	Syae	Prbg.g_01814	Syae.g_01883
OG0001364	Syad	Prbg.g_01814	Syad.g_00431
OG0001364	Syaj	Prbg.g_01814	Syaj.g_02473
OG0001364	Syak	Prbg.g_01814	Syak.g_01552
OG0001364	Syab	Prbg.g_01814	Syab.g_00211
OG0001364	Syal	Prbg.g_01814	Syal.g_01342
OG0001364	Syag	Prbg.g_01814	Syag.g_02448
OG0001364	Syaq	Prbg.g_01814	Syaq.g_00972
OG0001364	Pral	Prbg.g_01814	Pral.g_00273
OG0001364	Prat	Prbg.g_01814	Prat.g_01755
OG0001364	Pram	Prbg.g_01814	Pram.g_01800
OG0001364	Prbh	Prbg.g_01814	Prbh.g_01614
OG0001364	Prak	Prbg.g_01814	Prak.g_01809
OG0001364	Prap	Prbg.g_01814	Prap.g_01613
OG0001364	Prbe	Prbg.g_01814	Prbe.g_00807
OG0001364	Prbf	Prbg.g_01814	Prbf.g_00529
OG0001364	Prbn	Prbg.g_01814	Prbn.g_01910
OG0001365	Prab	Prbg.g_01897	Prab.g_01907
OG0001365	Pran	Prbg.g_01897	Pran.g_01209
OG0001365	Prai	Prbg.g_01897	Prai.g_01889
OG0001365	Prav	Prbg.g_01897	Prav.g_00738
OG0001365	Prac	Prbg.g_01897	Prac.g_00089
OG0001365	Praq	Prbg.g_01897	Praq.g_00715
OG0001365	Prar	Prbg.g_01897	Prar.g_00701
OG0001365	Pras	Prbg.g_01897	Pras.g_00794
OG0001365	Prau	Prbg.g_01897	Prau.g_01975
OG0001365	Prag	Prbg.g_01897	Prag.g_01910
OG0001365	Praw	Prbg.g_01897	Praw.g_01183
OG0001365	Prao	Prbg.g_01897	Prao.g_01793
OG0001365	Prad	Prbg.g_01897	Prad.g_01583
OG0001365	Pray	Prbg.g_01897	Pray.g_01414
OG0001365	Praz	Prbg.g_01897	Praz.g_00155
OG0001365	Prba	Prbg.g_01897	Prba.g_00818
OG0001365	Prbd	Prbg.g_01897	Prbd.g_01284
OG0001365	Prax	Prbg.g_01897	Prax.g_01444
OG0001365	Prae	Prbg.g_01897	Prae.g_01864
OG0001365	Praa	Prbg.g_01897	Praa.g_01882
OG0001365	Prbi	Prbg.g_01897	Prbi.g_02056
OG0001365	Prbm	Prbg.g_01897	Prbm.g_02173
OG0001365	Prbc	Prbg.g_01897	Prbc.g_00994
OG0001365	Praj	Prbg.g_01897	Praj.g_02088
OG0001365	Prbb	Prbg.g_01897	Prbb.g_02128
OG0001365	Syar	Prbg.g_01897	Syar.g_00335
OG0001365	Syat	Prbg.g_01897	Syat.g_02687
OG0001365	Syap	Prbg.g_01897	Syap.g_00138
OG0001365	Syas	Prbg.g_01897	Syas.g_01886
OG0001365	Syan	Prbg.g_01897	Syan.g_01570
OG0001365	Syao	Prbg.g_01897	Syao.g_02441
OG0001365	Prbj	Prbg.g_01897	Prbj.g_01960
OG0001365	Prbk	Prbg.g_01897	Prbk.g_02165
OG0001365	Prbl	Prbg.g_01897	Prbl.g_02234
OG0001365	Praf	Prbg.g_01897	Praf.g_02661
OG0001365	Prah	Prbg.g_01897	Prah.g_02495
OG0001365	Syag	Prbg.g_01897	Syag.g_02131
OG0001365	Syaq	Prbg.g_01897	Syaq.g_01259
OG0001365	Syak	Prbg.g_01897	Syak.g_01937
OG0001365	Syab	Prbg.g_01897	Syab.g_02760
OG0001365	Syal	Prbg.g_01897	Syal.g_01072
OG0001365	Pral	Prbg.g_01897	Pral.g_00355
OG0001365	Prat	Prbg.g_01897	Prat.g_01838
OG0001365	Pram	Prbg.g_01897	Pram.g_01883
OG0001365	Prbh	Prbg.g_01897	Prbh.g_01531
OG0001365	Prak	Prbg.g_01897	Prak.g_01892
OG0001365	Prap	Prbg.g_01897	Prap.g_01531
OG0001365	Prbe	Prbg.g_01897	Prbe.g_01155
OG0001365	Prbf	Prbg.g_01897	Prbf.g_00446
OG0001365	Prbn	Prbg.g_01897	Prbn.g_00947
OG0001368	Prbb	Prbg.g_00452, Prbg.g_00035, Prbg.g_00441	Prbb.g_01213, Prbb.g_01193
OG0001368	Prbm	Prbg.g_00452, Prbg.g_00035, Prbg.g_00441	Prbm.g_01187, Prbm.g_01168
OG0001368	Praj	Prbg.g_00452, Prbg.g_00035, Prbg.g_00441	Praj.g_01171, Praj.g_01152
OG0001368	Prbc	Prbg.g_00452, Prbg.g_00035, Prbg.g_00441	Prbc.g_00149, Prbc.g_00130
OG0001368	Syap	Prbg.g_00452, Prbg.g_00035, Prbg.g_00441	Syap.g_01576
OG0001368	Syan	Prbg.g_00452, Prbg.g_00035, Prbg.g_00441	Syan.g_02098
OG0001368	Syao	Prbg.g_00452, Prbg.g_00035, Prbg.g_00441	Syao.g_02118
OG0001368	Syah	Prbg.g_00452, Prbg.g_00035, Prbg.g_00441	Syah.g_00677
OG0001368	Syaf	Prbg.g_00452, Prbg.g_00035, Prbg.g_00441	Syaf.g_00184
OG0001368	Syai	Prbg.g_00452, Prbg.g_00035, Prbg.g_00441	Syai.g_00313
OG0001368	Syam	Prbg.g_00452, Prbg.g_00035, Prbg.g_00441	Syam.g_00283
OG0001368	Syad	Prbg.g_00452, Prbg.g_00035, Prbg.g_00441	Syad.g_00578
OG0001368	Syaj	Prbg.g_00452, Prbg.g_00035, Prbg.g_00441	Syaj.g_02622
OG0001368	Syaa	Prbg.g_00452, Prbg.g_00035, Prbg.g_00441	Syaa.g_00317
OG0001368	Syae	Prbg.g_00452, Prbg.g_00035, Prbg.g_00441	Syae.g_02023
OG0001368	Syaq	Prbg.g_00452, Prbg.g_00035, Prbg.g_00441	Syaq.g_00708
OG0001368	Syag	Prbg.g_00452, Prbg.g_00035, Prbg.g_00441	Syag.g_02674
OG0001368	Syak	Prbg.g_00452, Prbg.g_00035, Prbg.g_00441	Syak.g_01403
OG0001368	Syal	Prbg.g_00452, Prbg.g_00035, Prbg.g_00441	Syal.g_01200
OG0001368	Prak	Prbg.g_00452	Prak.g_01252
OG0001368	Prap	Prbg.g_00452	Prap.g_00536
OG0001368	Prbe	Prbg.g_00452	Prbe.g_01629
OG0001368	Prbf	Prbg.g_00452	Prbf.g_00051
OG0001368	Prbn	Prbg.g_00452	Prbn.g_01109
OG0001368	Pral	Prbg.g_00035, Prbg.g_00441	Pral.g_01702
OG0001368	Prat	Prbg.g_00035, Prbg.g_00441	Prat.g_00818
OG0001368	Pram	Prbg.g_00035	Pram.g_00649
OG0001368	Prbh	Prbg.g_00035	Prbh.g_00793
OG0001368	Prak	Prbg.g_00035	Prak.g_00699
OG0001368	Prap	Prbg.g_00035	Prap.g_00007
OG0001368	Prbe	Prbg.g_00035	Prbe.g_00084
OG0001368	Prbf	Prbg.g_00035	Prbf.g_00309
OG0001368	Prbn	Prbg.g_00035	Prbn.g_01052
OG0001368	Pram	Prbg.g_00441	Pram.g_00610, Pram.g_00624
OG0001368	Prbh	Prbg.g_00441	Prbh.g_01410, Prbh.g_00768
OG0001368	Prak	Prbg.g_00441	Prak.g_00633
OG0001368	Prap	Prbg.g_00441	Prap.g_00646
OG0001368	Prbe	Prbg.g_00441	Prbe.g_00686
OG0001368	Prbf	Prbg.g_00441	Prbf.g_00374
OG0001368	Prbn	Prbg.g_00441	Prbn.g_00775
OG0001369	Prai	Prbg.g_00862	Prai.g_00092
OG0001369	Prag	Prbg.g_00862	Prag.g_00086
OG0001369	Praw	Prbg.g_00862	Praw.g_01342
OG0001369	Prbi	Prbg.g_00862	Prbi.g_01522, Prbi.g_00099
OG0001369	Prao	Prbg.g_00862	Prao.g_00231
OG0001369	Prae	Prbg.g_00862	Prae.g_00092
OG0001369	Prav	Prbg.g_00862	Prav.g_00157
OG0001369	Prax	Prbg.g_00862	Prax.g_01126
OG0001369	Prbd	Prbg.g_00862	Prbd.g_01152
OG0001369	Praa	Prbg.g_00862	Praa.g_00092
OG0001369	Pray	Prbg.g_00862	Pray.g_00197
OG0001369	Praz	Prbg.g_00862	Praz.g_00452
OG0001369	Prba	Prbg.g_00862	Prba.g_01880
OG0001369	Prac	Prbg.g_00862	Prac.g_01839
OG0001369	Praq	Prbg.g_00862	Praq.g_01911
OG0001369	Prar	Prbg.g_00862	Prar.g_00236
OG0001369	Prad	Prbg.g_00862	Prad.g_01901
OG0001369	Pras	Prbg.g_00862	Pras.g_00943
OG0001369	Prau	Prbg.g_00862	Prau.g_00093
OG0001369	Pral	Prbg.g_00862	Pral.g_00955
OG0001369	Prbm	Prbg.g_00862	Prbm.g_00149
OG0001369	Praj	Prbg.g_00862	Praj.g_00130
OG0001369	Prbc	Prbg.g_00862	Prbc.g_00481
OG0001369	Prbb	Prbg.g_00862	Prbb.g_00147
OG0001369	Prat	Prbg.g_00862	Prat.g_01269
OG0001369	Syaq	Prbg.g_00862	Syaq.g_01503
OG0001369	Syan	Prbg.g_00862	Syan.g_02962
OG0001369	Syao	Prbg.g_00862	Syao.g_02668
OG0001369	Syag	Prbg.g_00862	Syag.g_01868
OG0001369	Syak	Prbg.g_00862	Syak.g_02207
OG0001369	Syab	Prbg.g_00862	Syab.g_02483
OG0001369	Syal	Prbg.g_00862	Syal.g_00803
OG0001369	Syaa	Prbg.g_00862	Syaa.g_02363
OG0001369	Syae	Prbg.g_00862	Syae.g_01346
OG0001369	Syad	Prbg.g_00862	Syad.g_02784
OG0001369	Syaj	Prbg.g_00862	Syaj.g_01870
OG0001369	Prbj	Prbg.g_00862	Prbj.g_00603
OG0001369	Prbk	Prbg.g_00862	Prbk.g_00028
OG0001369	Prbl	Prbg.g_00862	Prbl.g_00569
OG0001369	Praf	Prbg.g_00862	Praf.g_00261
OG0001369	Prah	Prbg.g_00862	Prah.g_01880
OG0001369	Pram	Prbg.g_00862	Pram.g_00076
OG0001369	Prbh	Prbg.g_00862	Prbh.g_00691
OG0001369	Prak	Prbg.g_00862	Prak.g_00096
OG0001369	Prap	Prbg.g_00862	Prap.g_01086
OG0001369	Prbe	Prbg.g_00862	Prbe.g_01632
OG0001369	Prbf	Prbg.g_00862	Prbf.g_01418
OG0001369	Prbn	Prbg.g_00862	Prbn.g_01329
OG0001370	Prac	Prbg.g_00182	Prac.g_01086
OG0001370	Praq	Prbg.g_00182	Praq.g_00509
OG0001370	Prar	Prbg.g_00182	Prar.g_00508
OG0001370	Pras	Prbg.g_00182	Pras.g_01337
OG0001370	Praa	Prbg.g_00182	Praa.g_00459
OG0001370	Prau	Prbg.g_00182	Prau.g_00501
OG0001370	Prad	Prbg.g_00182	Prad.g_00047
OG0001370	Prbi	Prbg.g_00182	Prbi.g_00461
OG0001370	Praj	Prbg.g_00182	Praj.g_01193
OG0001370	Prbc	Prbg.g_00182	Prbc.g_00170
OG0001370	Prbm	Prbg.g_00182	Prbm.g_01208
OG0001370	Prbb	Prbg.g_00182	Prbb.g_01235
OG0001370	Prat	Prbg.g_00182	Prat.g_00422
OG0001370	Prbj	Prbg.g_00182	Prbj.g_02460
OG0001370	Prbk	Prbg.g_00182	Prbk.g_02516
OG0001370	Prbl	Prbg.g_00182	Prbl.g_02288
OG0001370	Praf	Prbg.g_00182	Praf.g_01578
OG0001370	Prah	Prbg.g_00182	Prah.g_00617
OG0001370	Syai	Prbg.g_00182	Syai.g_02317, Syai.g_02865
OG0001370	Syaj	Prbg.g_00182	Syaj.g_01672, Syaj.g_01171, Syaj.g_01252
OG0001370	Syam	Prbg.g_00182	Syam.g_01536, Syam.g_01942, Syam.g_02033, Syam.g_02379
OG0001370	Syaa	Prbg.g_00182	Syaa.g_01218, Syaa.g_02140, Syaa.g_02680
OG0001370	Syab	Prbg.g_00182	Syab.g_01831
OG0001370	Syac	Prbg.g_00182	Syac.g_01294, Syac.g_02438
OG0001370	Syah	Prbg.g_00182	Syah.g_01732, Syah.g_00429
OG0001370	Syad	Prbg.g_00182	Syad.g_02045, Syad.g_02124
OG0001370	Syae	Prbg.g_00182	Syae.g_01270, Syae.g_00109
OG0001370	Syag	Prbg.g_00182	Syag.g_01660, Syag.g_01395, Syag.g_02204
OG0001370	Syar	Prbg.g_00182	Syar.g_00013
OG0001370	Syaf	Prbg.g_00182	Syaf.g_00569
OG0001370	Prbe	Prbg.g_00182	Prbe.g_00670
OG0001370	Prak	Prbg.g_00182	Prak.g_00424
OG0001370	Prap	Prbg.g_00182	Prap.g_01304
OG0001370	Prbf	Prbg.g_00182	Prbf.g_01746
OG0001370	Prbn	Prbg.g_00182	Prbn.g_00651
OG0001371	Prab	Prbg.g_01120	Prab.g_00684
OG0001371	Pran	Prbg.g_01120	Pran.g_01499
OG0001371	Prai	Prbg.g_01120	Prai.g_00708
OG0001371	Prac	Prbg.g_01120	Prac.g_00692
OG0001371	Praq	Prbg.g_01120	Praq.g_00808
OG0001371	Prar	Prbg.g_01120	Prar.g_01509
OG0001371	Prag	Prbg.g_01120	Prag.g_00657
OG0001371	Praw	Prbg.g_01120	Praw.g_01843
OG0001371	Prav	Prbg.g_01120	Prav.g_01277
OG0001371	Prbi	Prbg.g_01120	Prbi.g_00682
OG0001371	Prao	Prbg.g_01120	Prao.g_00117
OG0001371	Pray	Prbg.g_01120	Pray.g_01084
OG0001371	Praz	Prbg.g_01120	Praz.g_01651
OG0001371	Prba	Prbg.g_01120	Prba.g_01638
OG0001371	Pras	Prbg.g_01120	Pras.g_01555
OG0001371	Prau	Prbg.g_01120	Prau.g_00719
OG0001371	Prad	Prbg.g_01120	Prad.g_01253
OG0001371	Praa	Prbg.g_01120	Praa.g_00679
OG0001371	Prbd	Prbg.g_01120	Prbd.g_00565
OG0001371	Prae	Prbg.g_01120	Prae.g_00653
OG0001371	Prax	Prbg.g_01120	Prax.g_00963
OG0001371	Prbm	Prbg.g_01120	Prbm.g_00713
OG0001371	Prbc	Prbg.g_01120	Prbc.g_01760
OG0001371	Praj	Prbg.g_01120	Praj.g_00671
OG0001371	Prbb	Prbg.g_01120	Prbb.g_00684
OG0001371	Prah	Prbg.g_01120	Prah.g_01789
OG0001371	Praf	Prbg.g_01120	Praf.g_00371
OG0001371	Prbj	Prbg.g_01120	Prbj.g_00184
OG0001371	Prbk	Prbg.g_01120	Prbk.g_01361
OG0001371	Prbl	Prbg.g_01120	Prbl.g_01915
OG0001371	Syap	Prbg.g_01120	Syap.g_02544, Syap.g_02545
OG0001371	Syas	Prbg.g_01120	Syas.g_02499
OG0001371	Syan	Prbg.g_01120	Syan.g_02927, Syan.g_02928
OG0001371	Syao	Prbg.g_01120	Syao.g_02638
OG0001371	Syar	Prbg.g_01120	Syar.g_03059
OG0001371	Syat	Prbg.g_01120	Syat.g_01490
OG0001371	Syaf	Prbg.g_01120	Syaf.g_00397
OG0001371	Syak	Prbg.g_01120	Syak.g_02231
OG0001371	Pral	Prbg.g_01120	Pral.g_01763
OG0001371	Prat	Prbg.g_01120	Prat.g_00752
OG0001371	Pram	Prbg.g_01120	Pram.g_00769
OG0001371	Prbh	Prbg.g_01120	Prbh.g_00913
OG0001371	Prak	Prbg.g_01120	Prak.g_00806
OG0001371	Prap	Prbg.g_01120	Prap.g_00822
OG0001371	Prbe	Prbg.g_01120	Prbe.g_00453
OG0001371	Prbf	Prbg.g_01120	Prbf.g_01284
OG0001371	Prbn	Prbg.g_01120	Prbn.g_01585
OG0001372	Prah	Prbg.g_00359	Prah.g_01812
OG0001372	Praf	Prbg.g_00359	Praf.g_00348
OG0001372	Prbj	Prbg.g_00359	Prbj.g_01324
OG0001372	Prbk	Prbg.g_00359	Prbk.g_01468
OG0001372	Prbl	Prbg.g_00359	Prbl.g_01943
OG0001372	Syaf	Prbg.g_00359	Syaf.g_01682
OG0001372	Syam	Prbg.g_00359	Syam.g_00450, Syam.g_00984
OG0001372	Syao	Prbg.g_00359	Syao.g_00368
OG0001372	Syac	Prbg.g_00359	Syac.g_01845
OG0001372	Syah	Prbg.g_00359	Syah.g_01055
OG0001372	Prai	Prbg.g_00359	Prai.g_00909
OG0001372	Prab	Prbg.g_00359	Prab.g_00775, Prab.g_00803
OG0001372	Pran	Prbg.g_00359	Pran.g_01408, Pran.g_01379
OG0001372	Pras	Prbg.g_00359	Pras.g_01656
OG0001372	Prau	Prbg.g_00359	Prau.g_00808
OG0001372	Praa	Prbg.g_00359	Praa.g_00757
OG0001372	Prag	Prbg.g_00359	Prag.g_00751
OG0001372	Praw	Prbg.g_00359	Praw.g_01752
OG0001372	Prac	Prbg.g_00359	Prac.g_01515
OG0001372	Praq	Prbg.g_00359	Praq.g_00629
OG0001372	Prar	Prbg.g_00359	Prar.g_01644
OG0001372	Prav	Prbg.g_00359	Prav.g_00354, Prav.g_01325
OG0001372	Prad	Prbg.g_00359	Prad.g_01099
OG0001372	Prbd	Prbg.g_00359	Prbd.g_00055
OG0001372	Prax	Prbg.g_00359	Prax.g_00421, Prax.g_00457
OG0001372	Prbi	Prbg.g_00359	Prbi.g_00799
OG0001372	Prao	Prbg.g_00359	Prao.g_00693
OG0001372	Pray	Prbg.g_00359	Pray.g_00299
OG0001372	Praz	Prbg.g_00359	Praz.g_01561
OG0001372	Prba	Prbg.g_00359	Prba.g_01548
OG0001372	Prae	Prbg.g_00359	Prae.g_00758
OG0001372	Prbc	Prbg.g_00359	Prbc.g_01116
OG0001372	Praj	Prbg.g_00359	Praj.g_00042
OG0001372	Prbb	Prbg.g_00359	Prbb.g_00053
OG0001372	Prbm	Prbg.g_00359	Prbm.g_00047
OG0001372	Prat	Prbg.g_00359	Prat.g_01503
OG0001372	Pral	Prbg.g_00359	Pral.g_00043
OG0001372	Pram	Prbg.g_00359	Pram.g_01517
OG0001372	Prbh	Prbg.g_00359	Prbh.g_01897
OG0001372	Prak	Prbg.g_00359	Prak.g_00601
OG0001372	Prap	Prbg.g_00359	Prap.g_01128
OG0001372	Prbe	Prbg.g_00359	Prbe.g_00494
OG0001372	Prbf	Prbg.g_00359	Prbf.g_01922
OG0001372	Prbn	Prbg.g_00359	Prbn.g_00475
OG0001375	Prai	Prbg.g_01059	Prai.g_01063
OG0001375	Prab	Prbg.g_01059	Prab.g_01087
OG0001375	Pran	Prbg.g_01059	Pran.g_00192
OG0001375	Prac	Prbg.g_01059	Prac.g_01404
OG0001375	Praq	Prbg.g_01059	Praq.g_01470
OG0001375	Prar	Prbg.g_01059	Prar.g_01756
OG0001375	Prag	Prbg.g_01059	Prag.g_00889
OG0001375	Praw	Prbg.g_01059	Praw.g_01614
OG0001375	Prao	Prbg.g_01059	Prao.g_00825
OG0001375	Praa	Prbg.g_01059	Praa.g_00889
OG0001375	Pray	Prbg.g_01059	Pray.g_00433
OG0001375	Praz	Prbg.g_01059	Praz.g_01427
OG0001375	Prba	Prbg.g_01059	Prba.g_01414
OG0001375	Prav	Prbg.g_01059	Prav.g_00480
OG0001375	Prbi	Prbg.g_01059	Prbi.g_00931
OG0001375	Prae	Prbg.g_01059	Prae.g_00889
OG0001375	Pras	Prbg.g_01059	Pras.g_01785
OG0001375	Prau	Prbg.g_01059	Prau.g_00939
OG0001375	Prad	Prbg.g_01059	Prad.g_00263
OG0001375	Prbd	Prbg.g_01059	Prbd.g_00187
OG0001375	Prax	Prbg.g_01059	Prax.g_00543
OG0001375	Syag	Prbg.g_01059	Syag.g_00563
OG0001375	Syao	Prbg.g_01059	Syao.g_01236
OG0001375	Syaa	Prbg.g_01059	Syaa.g_02665
OG0001375	Syae	Prbg.g_01059	Syae.g_01630
OG0001375	Syac	Prbg.g_01059	Syac.g_02414
OG0001375	Syah	Prbg.g_01059	Syah.g_00449
OG0001375	Syaf	Prbg.g_01059	Syaf.g_00589
OG0001375	Syai	Prbg.g_01059	Syai.g_02843
OG0001375	Syam	Prbg.g_01059	Syam.g_02362
OG0001375	Syak	Prbg.g_01059	Syak.g_01876
OG0001375	Syad	Prbg.g_01059	Syad.g_00080
OG0001375	Syaj	Prbg.g_01059	Syaj.g_02185
OG0001375	Syaq	Prbg.g_01059	Syaq.g_00701
OG0001375	Syab	Prbg.g_01059	Syab.g_00358
OG0001375	Syal	Prbg.g_01059	Syal.g_01191
OG0001375	Praj	Prbg.g_01059	Praj.g_00866
OG0001375	Prbc	Prbg.g_01059	Prbc.g_01955
OG0001375	Prbm	Prbg.g_01059	Prbm.g_00908
OG0001375	Prbb	Prbg.g_01059	Prbb.g_00911
OG0001375	Pral	Prbg.g_01059	Pral.g_01823
OG0001375	Prat	Prbg.g_01059	Prat.g_00691
OG0001375	Pram	Prbg.g_01059	Pram.g_00710
OG0001375	Prbh	Prbg.g_01059	Prbh.g_00854
OG0001375	Prak	Prbg.g_01059	Prak.g_00745
OG0001375	Prap	Prbg.g_01059	Prap.g_00663
OG0001375	Prbe	Prbg.g_01059	Prbe.g_00102
OG0001375	Prbf	Prbg.g_01059	Prbf.g_00841
OG0001375	Prbn	Prbg.g_01059	Prbn.g_01933
OG0001379	Prab	Prbg.g_00471	Prab.g_01320
OG0001379	Pran	Prbg.g_00471	Pran.g_00882
OG0001379	Prao	Prbg.g_00471	Prao.g_01282
OG0001379	Prax	Prbg.g_00471	Prax.g_01905
OG0001379	Prav	Prbg.g_00471	Prav.g_01432
OG0001379	Prae	Prbg.g_00471	Prae.g_01323
OG0001379	Prag	Prbg.g_00471	Prag.g_01349
OG0001379	Praw	Prbg.g_00471	Praw.g_00975
OG0001379	Prbd	Prbg.g_00471	Prbd.g_01807
OG0001379	Pray	Prbg.g_00471	Pray.g_01876
OG0001379	Praz	Prbg.g_00471	Praz.g_01186
OG0001379	Prba	Prbg.g_00471	Prba.g_01186
OG0001379	Prbi	Prbg.g_00471	Prbi.g_01385
OG0001379	Prad	Prbg.g_00471	Prad.g_00364
OG0001379	Praa	Prbg.g_00471	Praa.g_01312
OG0001379	Syai	Prbg.g_00471	Syai.g_02169
OG0001379	Syam	Prbg.g_00471	Syam.g_01821
OG0001379	Syae	Prbg.g_00471	Syae.g_00952
OG0001379	Syaa	Prbg.g_00471	Syaa.g_00744
OG0001379	Syak	Prbg.g_00471	Syak.g_00927
OG0001379	Syab	Prbg.g_00471	Syab.g_00923
OG0001379	Syal	Prbg.g_00471	Syal.g_01609
OG0001379	Syap	Prbg.g_00471	Syap.g_01474
OG0001379	Syan	Prbg.g_00471	Syan.g_01206
OG0001379	Syao	Prbg.g_00471	Syao.g_01441
OG0001379	Syar	Prbg.g_00471	Syar.g_02772
OG0001379	Syat	Prbg.g_00471	Syat.g_01147
OG0001379	Syas	Prbg.g_00471	Syas.g_02861
OG0001379	Syag	Prbg.g_00471	Syag.g_01183
OG0001379	Syaq	Prbg.g_00471	Syaq.g_00289
OG0001379	Syad	Prbg.g_00471	Syad.g_02397
OG0001379	Syaj	Prbg.g_00471	Syaj.g_01503
OG0001379	Syaf	Prbg.g_00471	Syaf.g_01262
OG0001379	Syac	Prbg.g_00471	Syac.g_00736
OG0001379	Syah	Prbg.g_00471	Syah.g_02192
OG0001379	Praf	Prbg.g_00471	Praf.g_00803
OG0001379	Prah	Prbg.g_00471	Prah.g_01356
OG0001379	Prbj	Prbg.g_00471	Prbj.g_01720
OG0001379	Prbk	Prbg.g_00471	Prbk.g_01191
OG0001379	Prbl	Prbg.g_00471	Prbl.g_01714
OG0001379	Pral	Prbg.g_00471	Pral.g_01287
OG0001379	Prat	Prbg.g_00471	Prat.g_01243
OG0001379	Pram	Prbg.g_00471	Pram.g_01224
OG0001379	Prbh	Prbg.g_00471	Prbh.g_01367
OG0001379	Prak	Prbg.g_00471	Prak.g_01271
OG0001379	Prap	Prbg.g_00471	Prap.g_00555
OG0001379	Prbe	Prbg.g_00471	Prbe.g_00899
OG0001379	Prbf	Prbg.g_00471	Prbf.g_00032
OG0001379	Prbn	Prbg.g_00471	Prbn.g_01090
OG0001380	Prac	Prbg.g_01551	Prac.g_00205
OG0001380	Praq	Prbg.g_01551	Praq.g_00163
OG0001380	Prar	Prbg.g_01551	Prar.g_00923
OG0001380	Prao	Prbg.g_01551	Prao.g_01251
OG0001380	Pras	Prbg.g_01551	Pras.g_00238
OG0001380	Prau	Prbg.g_01551	Prau.g_01397
OG0001380	Prag	Prbg.g_01551	Prag.g_01377
OG0001380	Praw	Prbg.g_01551	Praw.g_01003
OG0001380	Prav	Prbg.g_01551	Prav.g_01461
OG0001380	Prab	Prbg.g_01551	Prab.g_01349
OG0001380	Pran	Prbg.g_01551	Pran.g_00852
OG0001380	Pray	Prbg.g_01551	Pray.g_01841
OG0001380	Praz	Prbg.g_01551	Praz.g_01151
OG0001380	Prba	Prbg.g_01551	Prba.g_00208
OG0001380	Prad	Prbg.g_01551	Prad.g_00606
OG0001380	Prbi	Prbg.g_01551	Prbi.g_01427
OG0001380	Prax	Prbg.g_01551	Prax.g_01875
OG0001380	Praa	Prbg.g_01551	Praa.g_01354
OG0001380	Prae	Prbg.g_01551	Prae.g_01356
OG0001380	Prbd	Prbg.g_01551	Prbd.g_01776
OG0001380	Syas	Prbg.g_01551	Syas.g_00126
OG0001380	Prah	Prbg.g_01551	Prah.g_00571
OG0001380	Praf	Prbg.g_01551	Praf.g_01623
OG0001380	Prbj	Prbg.g_01551	Prbj.g_02508
OG0001380	Prbk	Prbg.g_01551	Prbk.g_02564
OG0001380	Prbl	Prbg.g_01551	Prbl.g_01572
OG0001380	Pral	Prbg.g_01551	Pral.g_01345
OG0001380	Prat	Prbg.g_01551	Prat.g_01178
OG0001380	Pram	Prbg.g_01551	Pram.g_01198
OG0001380	Prbh	Prbg.g_01551	Prbh.g_01341
OG0001380	Praj	Prbg.g_01551	Praj.g_01484
OG0001380	Prbb	Prbg.g_01551	Prbb.g_01541
OG0001380	Prbm	Prbg.g_01551	Prbm.g_01573
OG0001380	Prbc	Prbg.g_01551	Prbc.g_01470
OG0001380	Syac	Prbg.g_01551	Syac.g_01589
OG0001380	Syan	Prbg.g_01551	Syan.g_00442
OG0001380	Syao	Prbg.g_01551	Syao.g_00360
OG0001380	Syaq	Prbg.g_01551	Syaq.g_01915
OG0001380	Syai	Prbg.g_01551	Syai.g_01168
OG0001380	Syaf	Prbg.g_01551	Syaf.g_02247
OG0001380	Syam	Prbg.g_01551	Syam.g_01409
OG0001380	Syak	Prbg.g_01551	Syak.g_00237
OG0001380	Syag	Prbg.g_01551	Syag.g_00252
OG0001380	Prak	Prbg.g_01551	Prak.g_01237
OG0001380	Prap	Prbg.g_01551	Prap.g_00521
OG0001380	Prbe	Prbg.g_01551	Prbe.g_01614
OG0001380	Prbn	Prbg.g_01551	Prbn.g_01124
OG0001380	Prbf	Prbg.g_01551	Prbf.g_00853, Prbf.g_00066
OG0001381	Prab	Prbg.g_01511	Prab.g_01354
OG0001381	Pran	Prbg.g_01511	Pran.g_00847
OG0001381	Prai	Prbg.g_01511	Prai.g_01364
OG0001381	Pras	Prbg.g_01511	Pras.g_00244
OG0001381	Prau	Prbg.g_01511	Prau.g_01403
OG0001381	Prax	Prbg.g_01511	Prax.g_01869
OG0001381	Prac	Prbg.g_01511	Prac.g_00211
OG0001381	Prad	Prbg.g_01511	Prad.g_00600
OG0001381	Praq	Prbg.g_01511	Praq.g_00169
OG0001381	Prar	Prbg.g_01511	Prar.g_00917
OG0001381	Praa	Prbg.g_01511	Praa.g_01360
OG0001381	Pray	Prbg.g_01511	Pray.g_01835
OG0001381	Praz	Prbg.g_01511	Praz.g_01145
OG0001381	Prba	Prbg.g_01511	Prba.g_00202
OG0001381	Prbd	Prbg.g_01511	Prbd.g_01770
OG0001381	Prav	Prbg.g_01511	Prav.g_01467
OG0001381	Prbi	Prbg.g_01511	Prbi.g_01433
OG0001381	Prag	Prbg.g_01511	Prag.g_01383
OG0001381	Praw	Prbg.g_01511	Praw.g_01010
OG0001381	Prao	Prbg.g_01511	Prao.g_01245
OG0001381	Prae	Prbg.g_01511	Prae.g_01362
OG0001381	Prbj	Prbg.g_01511	Prbj.g_02689
OG0001381	Prbk	Prbg.g_01511	Prbk.g_00629
OG0001381	Prbl	Prbg.g_01511	Prbl.g_02577
OG0001381	Praf	Prbg.g_01511	Praf.g_01294
OG0001381	Prah	Prbg.g_01511	Prah.g_00895
OG0001381	Syab	Prbg.g_01511	Syab.g_01937
OG0001381	Syai	Prbg.g_01511	Syai.g_02819, Syai.g_01723
OG0001381	Syad	Prbg.g_01511	Syad.g_01266, Syad.g_00614
OG0001381	Syaj	Prbg.g_01511	Syaj.g_00405, Syaj.g_02663
OG0001381	Syam	Prbg.g_01511	Syam.g_00939
OG0001381	Syac	Prbg.g_01511	Syac.g_02162
OG0001381	Syah	Prbg.g_01511	Syah.g_00717
OG0001381	Prbc	Prbg.g_01511	Prbc.g_00655
OG0001381	Prbm	Prbg.g_01511	Prbm.g_01658
OG0001381	Praj	Prbg.g_01511	Praj.g_01573
OG0001381	Prbb	Prbg.g_01511	Prbb.g_01637
OG0001381	Prat	Prbg.g_01511	Prat.g_01181
OG0001381	Pral	Prbg.g_01511	Pral.g_01343
OG0001381	Pram	Prbg.g_01511	Pram.g_01165
OG0001381	Prbh	Prbg.g_01511	Prbh.g_01308
OG0001381	Prak	Prbg.g_01511	Prak.g_01197
OG0001381	Prap	Prbg.g_01511	Prap.g_00481
OG0001381	Prbe	Prbg.g_01511	Prbe.g_01574
OG0001381	Prbf	Prbg.g_01511	Prbf.g_00893
OG0001381	Prbn	Prbg.g_01511	Prbn.g_01164
OG0001382	Prab	Prbg.g_01554	Prab.g_01581
OG0001382	Pran	Prbg.g_01554	Pran.g_00618
OG0001382	Prai	Prbg.g_01554	Prai.g_01575
OG0001382	Prac	Prbg.g_01554	Prac.g_00302
OG0001382	Praq	Prbg.g_01554	Praq.g_00016
OG0001382	Prar	Prbg.g_01554	Prar.g_00738
OG0001382	Prao	Prbg.g_01554	Prao.g_01505
OG0001382	Prav	Prbg.g_01554	Prav.g_01686
OG0001382	Prad	Prbg.g_01554	Prad.g_00403
OG0001382	Prag	Prbg.g_01554	Prag.g_01599
OG0001382	Praw	Prbg.g_01554	Praw.g_00445
OG0001382	Prbi	Prbg.g_01554	Prbi.g_01699
OG0001382	Pras	Prbg.g_01554	Pras.g_00462
OG0001382	Prau	Prbg.g_01554	Prau.g_01640
OG0001382	Prae	Prbg.g_01554	Prae.g_01570
OG0001382	Prbd	Prbg.g_01554	Prbd.g_01578
OG0001382	Pray	Prbg.g_01554	Pray.g_01611
OG0001382	Praz	Prbg.g_01554	Praz.g_00930
OG0001382	Prba	Prbg.g_01554	Prba.g_00277
OG0001382	Praa	Prbg.g_01554	Praa.g_01587
OG0001382	Prax	Prbg.g_01554	Prax.g_01618
OG0001382	Prbj	Prbg.g_01554	Prbj.g_02174
OG0001382	Prbk	Prbg.g_01554	Prbk.g_00623
OG0001382	Prbl	Prbg.g_01554	Prbl.g_02571
OG0001382	Praf	Prbg.g_01554	Praf.g_01298
OG0001382	Prah	Prbg.g_01554	Prah.g_00891
OG0001382	Syak	Prbg.g_01554	Syak.g_01169
OG0001382	Syaa	Prbg.g_01554	Syaa.g_01866
OG0001382	Syae	Prbg.g_01554	Syae.g_02490
OG0001382	Syaq	Prbg.g_01554	Syaq.g_00662
OG0001382	Syab	Prbg.g_01554	Syab.g_00393
OG0001382	Syal	Prbg.g_01554	Syal.g_00220
OG0001382	Syap	Prbg.g_01554	Syap.g_00677
OG0001382	Syat	Prbg.g_01554	Syat.g_00101
OG0001382	Syam	Prbg.g_01554	Syam.g_01557
OG0001382	Syaj	Prbg.g_01554	Syaj.g_00685
OG0001382	Syar	Prbg.g_01554	Syar.g_02834, Syar.g_03204
OG0001382	Syac	Prbg.g_01554	Syac.g_00148
OG0001382	Syah	Prbg.g_01554	Syah.g_00258
OG0001382	Syan	Prbg.g_01554	Syan.g_00680
OG0001382	Syao	Prbg.g_01554	Syao.g_00766
OG0001382	Pram	Prbg.g_01554	Pram.g_01200
OG0001382	Prbh	Prbg.g_01554	Prbh.g_01343
OG0001382	Prak	Prbg.g_01554	Prak.g_01240
OG0001382	Prap	Prbg.g_01554	Prap.g_00524
OG0001382	Prbe	Prbg.g_01554	Prbe.g_01617
OG0001382	Prbf	Prbg.g_01554	Prbf.g_00063
OG0001382	Prbn	Prbg.g_01554	Prbn.g_01121
OG0001394	Prab	Prbg.g_01099	Prab.g_01053
OG0001394	Pran	Prbg.g_01099	Pran.g_00444
OG0001394	Praa	Prbg.g_01099	Praa.g_00922
OG0001394	Prbd	Prbg.g_01099	Prbd.g_00221
OG0001394	Prax	Prbg.g_01099	Prax.g_00576
OG0001394	Prbi	Prbg.g_01099	Prbi.g_00966
OG0001394	Pras	Prbg.g_01099	Pras.g_01816
OG0001394	Prau	Prbg.g_01099	Prau.g_00971
OG0001394	Prad	Prbg.g_01099	Prad.g_00230
OG0001394	Prai	Prbg.g_01099	Prai.g_01031
OG0001394	Prbm	Prbg.g_01099	Prbm.g_00945
OG0001394	Prbc	Prbg.g_01099	Prbc.g_01993
OG0001394	Praj	Prbg.g_01099	Praj.g_00903
OG0001394	Prbb	Prbg.g_01099	Prbb.g_00948
OG0001394	Pral	Prbg.g_01099	Pral.g_01784
OG0001394	Prat	Prbg.g_01099	Prat.g_00732
OG0001394	Pram	Prbg.g_01099	Pram.g_00749
OG0001394	Prbh	Prbg.g_01099	Prbh.g_00893
OG0001394	Praf	Prbg.g_01099	Praf.g_01496
OG0001394	Prah	Prbg.g_01099	Prah.g_00700
OG0001394	Prbj	Prbg.g_01099	Prbj.g_02381
OG0001394	Prbk	Prbg.g_01099	Prbk.g_02437
OG0001394	Prbl	Prbg.g_01099	Prbl.g_02366
OG0001394	Syag	Prbg.g_01099	Syag.g_00635
OG0001394	Syak	Prbg.g_01099	Syak.g_00399
OG0001394	Syab	Prbg.g_01099	Syab.g_01599
OG0001394	Syal	Prbg.g_01099	Syal.g_02250
OG0001394	Syaq	Prbg.g_01099	Syaq.g_02307
OG0001394	Syas	Prbg.g_01099	Syas.g_00627
OG0001394	Syaa	Prbg.g_01099	Syaa.g_01118
OG0001394	Syae	Prbg.g_01099	Syae.g_00553
OG0001394	Syad	Prbg.g_01099	Syad.g_01920
OG0001394	Syaj	Prbg.g_01099	Syaj.g_01059
OG0001394	Syaf	Prbg.g_01099	Syaf.g_02081
OG0001394	Syam	Prbg.g_01099	Syam.g_01321
OG0001394	Syai	Prbg.g_01099	Syai.g_01290
OG0001394	Syac	Prbg.g_01099	Syac.g_01373
OG0001394	Syah	Prbg.g_01099	Syah.g_01810
OG0001394	Syap	Prbg.g_01099	Syap.g_00159
OG0001394	Syan	Prbg.g_01099	Syan.g_00722
OG0001394	Syao	Prbg.g_01099	Syao.g_00983
OG0001394	Syar	Prbg.g_01099	Syar.g_02608
OG0001394	Syat	Prbg.g_01099	Syat.g_00450
OG0001394	Prak	Prbg.g_01099	Prak.g_00785
OG0001394	Prap	Prbg.g_01099	Prap.g_00843
OG0001394	Prbe	Prbg.g_01099	Prbe.g_00432
OG0001394	Prbf	Prbg.g_01099	Prbf.g_01305
OG0001394	Prbn	Prbg.g_01099	Prbn.g_01606
OG0001397	Prab	Prbg.g_00606	Prab.g_01481
OG0001397	Pran	Prbg.g_00606	Pran.g_00718
OG0001397	Prai	Prbg.g_00606	Prai.g_01478
OG0001397	Prac	Prbg.g_00606	Prac.g_00396
OG0001397	Praq	Prbg.g_00606	Praq.g_00309
OG0001397	Prar	Prbg.g_00606	Prar.g_00832
OG0001397	Pras	Prbg.g_00606	Pras.g_00365
OG0001397	Prau	Prbg.g_00606	Prau.g_01546
OG0001397	Prag	Prbg.g_00606	Prag.g_01505
OG0001397	Praw	Prbg.g_00606	Praw.g_00352
OG0001397	Prbd	Prbg.g_00606	Prbd.g_01674
OG0001397	Pray	Prbg.g_00606	Pray.g_01707
OG0001397	Praz	Prbg.g_00606	Praz.g_01026
OG0001397	Prba	Prbg.g_00606	Prba.g_00698
OG0001397	Prao	Prbg.g_00606	Prao.g_01412
OG0001397	Prav	Prbg.g_00606	Prav.g_01593
OG0001397	Prbi	Prbg.g_00606	Prbi.g_01606
OG0001397	Praa	Prbg.g_00606	Praa.g_01491
OG0001397	Prae	Prbg.g_00606	Prae.g_01474
OG0001397	Prad	Prbg.g_00606	Prad.g_00500
OG0001397	Prax	Prbg.g_00606	Prax.g_01713
OG0001397	Praf	Prbg.g_00606	Praf.g_01819
OG0001397	Prbj	Prbg.g_00606	Prbj.g_01079
OG0001397	Prbk	Prbg.g_00606	Prbk.g_00282
OG0001397	Prbl	Prbg.g_00606	Prbl.g_00219
OG0001397	Prah	Prbg.g_00606	Prah.g_00389
OG0001397	Syae	Prbg.g_00606	Syae.g_02636
OG0001397	Syah	Prbg.g_00606	Syah.g_01274
OG0001397	Syai	Prbg.g_00606	Syai.g_00937
OG0001397	Syaf	Prbg.g_00606	Syaf.g_02433
OG0001397	Syam	Prbg.g_00606	Syam.g_01629
OG0001397	Syab	Prbg.g_00606	Syab.g_00753
OG0001397	Syal	Prbg.g_00606	Syal.g_00398
OG0001397	Syad	Prbg.g_00606	Syad.g_02295
OG0001397	Syaj	Prbg.g_00606	Syaj.g_01397
OG0001397	Prbm	Prbg.g_00606	Prbm.g_01725
OG0001397	Prbb	Prbg.g_00606	Prbb.g_01701
OG0001397	Praj	Prbg.g_00606	Praj.g_01647
OG0001397	Prbc	Prbg.g_00606	Prbc.g_00724
OG0001397	Pral	Prbg.g_00606	Pral.g_01146
OG0001397	Prat	Prbg.g_00606	Prat.g_01368
OG0001397	Pram	Prbg.g_00606	Pram.g_01363
OG0001397	Prbh	Prbg.g_00606	Prbh.g_00114
OG0001397	Prak	Prbg.g_00606	Prak.g_01406
OG0001397	Prap	Prbg.g_00606	Prap.g_00136
OG0001397	Prbe	Prbg.g_00606	Prbe.g_00296
OG0001397	Prbf	Prbg.g_00606	Prbf.g_00172
OG0001397	Prbn	Prbg.g_00606	Prbn.g_00227
OG0001398	Prab	Prbg.g_00737	Prab.g_01603
OG0001398	Pran	Prbg.g_00737	Pran.g_00596
OG0001398	Prai	Prbg.g_00737	Prai.g_01601
OG0001398	Pray	Prbg.g_00737	Pray.g_01599
OG0001398	Praz	Prbg.g_00737	Praz.g_00917
OG0001398	Prba	Prbg.g_00737	Prba.g_00265
OG0001398	Prag	Prbg.g_00737	Prag.g_01612
OG0001398	Praw	Prbg.g_00737	Praw.g_00459
OG0001398	Prav	Prbg.g_00737	Prav.g_01700
OG0001398	Praa	Prbg.g_00737	Praa.g_01601
OG0001398	Prau	Prbg.g_00737	Prau.g_01653
OG0001398	Prae	Prbg.g_00737	Prae.g_01583
OG0001398	Prbd	Prbg.g_00737	Prbd.g_01565
OG0001398	Pral	Prbg.g_00737	Pral.g_01710
OG0001398	Prat	Prbg.g_00737	Prat.g_00810
OG0001398	Prbm	Prbg.g_00737	Prbm.g_00761
OG0001398	Praj	Prbg.g_00737	Praj.g_00717
OG0001398	Prbb	Prbg.g_00737	Prbb.g_00732
OG0001398	Prbc	Prbg.g_00737	Prbc.g_01806
OG0001398	Syae	Prbg.g_00737	Syae.g_00289
OG0001398	Syaa	Prbg.g_00737	Syaa.g_01424
OG0001398	Syaf	Prbg.g_00737	Syaf.g_01758
OG0001398	Syai	Prbg.g_00737	Syai.g_01587
OG0001398	Syam	Prbg.g_00737	Syam.g_01052
OG0001398	Syac	Prbg.g_00737	Syac.g_01120
OG0001398	Syah	Prbg.g_00737	Syah.g_01563
OG0001398	Syab	Prbg.g_00737	Syab.g_02457
OG0001398	Syal	Prbg.g_00737	Syal.g_00774
OG0001398	Syas	Prbg.g_00737	Syas.g_02481
OG0001398	Syan	Prbg.g_00737	Syan.g_02932
OG0001398	Syao	Prbg.g_00737	Syao.g_02641
OG0001398	Syap	Prbg.g_00737	Syap.g_02356
OG0001398	Syag	Prbg.g_00737	Syag.g_00751
OG0001398	Syak	Prbg.g_00737	Syak.g_00571
OG0001398	Syad	Prbg.g_00737	Syad.g_01977
OG0001398	Syaj	Prbg.g_00737	Syaj.g_01116
OG0001398	Pram	Prbg.g_00737	Pram.g_01256
OG0001398	Prbh	Prbg.g_00737	Prbh.g_01399
OG0001398	Prbj	Prbg.g_00737	Prbj.g_00690
OG0001398	Prbk	Prbg.g_00737	Prbk.g_01694
OG0001398	Prbl	Prbg.g_00737	Prbl.g_01692
OG0001398	Praf	Prbg.g_00737	Praf.g_01004
OG0001398	Prah	Prbg.g_00737	Prah.g_01180
OG0001398	Prak	Prbg.g_00737	Prak.g_01537
OG0001398	Prap	Prbg.g_00737	Prap.g_01896
OG0001398	Prbe	Prbg.g_00737	Prbe.g_00028
OG0001398	Prbf	Prbg.g_00737	Prbf.g_00801
OG0001398	Prbn	Prbg.g_00737	Prbn.g_01637
OG0001401	Prae	Prbg.g_01197	Prae.g_00687
OG0001401	Prad	Prbg.g_01197	Prad.g_01046
OG0001401	Prao	Prbg.g_01197	Prao.g_00642
OG0001401	Prag	Prbg.g_01197	Prag.g_01280
OG0001401	Praw	Prbg.g_01197	Praw.g_00908
OG0001401	Prav	Prbg.g_01197	Prav.g_01365
OG0001401	Pral	Prbg.g_01197	Pral.g_01672
OG0001401	Prat	Prbg.g_01197	Prat.g_00850
OG0001401	Syas	Prbg.g_01197	Syas.g_00233
OG0001401	Syap	Prbg.g_01197	Syap.g_01844
OG0001401	Syat	Prbg.g_01197	Syat.g_00721
OG0001401	Syan	Prbg.g_01197	Syan.g_00376
OG0001401	Syao	Prbg.g_01197	Syao.g_00434
OG0001401	Syar	Prbg.g_01197	Syar.g_01813
OG0001401	Syae	Prbg.g_01197	Syae.g_00835
OG0001401	Syad	Prbg.g_01197	Syad.g_01233
OG0001401	Syaj	Prbg.g_01197	Syaj.g_00381
OG0001401	Syaa	Prbg.g_01197	Syaa.g_00837
OG0001401	Syai	Prbg.g_01197	Syai.g_02046, Syai.g_02047
OG0001401	Syam	Prbg.g_01197	Syam.g_00738, Syam.g_00737
OG0001401	Syaf	Prbg.g_01197	Syaf.g_01383
OG0001401	Syah	Prbg.g_01197	Syah.g_02084
OG0001401	Syac	Prbg.g_01197	Syac.g_00844, Syac.g_00845
OG0001401	Prbj	Prbg.g_01197	Prbj.g_02477
OG0001401	Prbk	Prbg.g_01197	Prbk.g_02533
OG0001401	Prbl	Prbg.g_01197	Prbl.g_01541
OG0001401	Praf	Prbg.g_01197	Praf.g_01593
OG0001401	Prah	Prbg.g_01197	Prah.g_00602
OG0001401	Syag	Prbg.g_01197	Syag.g_00720
OG0001401	Syaq	Prbg.g_01197	Syaq.g_02383
OG0001401	Syak	Prbg.g_01197	Syak.g_00608
OG0001401	Syab	Prbg.g_01197	Syab.g_01708
OG0001401	Syal	Prbg.g_01197	Syal.g_02463
OG0001401	Prbm	Prbg.g_01197	Prbm.g_01225, Prbm.g_00851
OG0001401	Praj	Prbg.g_01197	Praj.g_00807
OG0001401	Prbc	Prbg.g_01197	Prbc.g_01896
OG0001401	Prbb	Prbg.g_01197	Prbb.g_00820
OG0001401	Pram	Prbg.g_01197	Pram.g_00846
OG0001401	Prbh	Prbg.g_01197	Prbh.g_00990
OG0001401	Prap	Prbg.g_01197	Prap.g_00745
OG0001401	Prbe	Prbg.g_01197	Prbe.g_01260
OG0001401	Prbf	Prbg.g_01197	Prbf.g_01207
OG0001401	Prbn	Prbg.g_01197	Prbn.g_01508
OG0001401	Prak	Prbg.g_01197	Prak.g_00883
OG0001402	Prag	Prbg.g_00344	Prag.g_00759
OG0001402	Praw	Prbg.g_00344	Praw.g_01744
OG0001402	Pray	Prbg.g_00344	Pray.g_00307
OG0001402	Praz	Prbg.g_00344	Praz.g_01553
OG0001402	Prba	Prbg.g_00344	Prba.g_01540
OG0001402	Prae	Prbg.g_00344	Prae.g_00767
OG0001402	Prbd	Prbg.g_00344	Prbd.g_00063
OG0001402	Prbi	Prbg.g_00344	Prbi.g_00808
OG0001402	Prav	Prbg.g_00344	Prav.g_01328
OG0001402	Prax	Prbg.g_00344	Prax.g_00412
OG0001402	Prao	Prbg.g_00344	Prao.g_00702
OG0001402	Prat	Prbg.g_00344	Prat.g_00588
OG0001402	Praj	Prbg.g_00344	Praj.g_00612
OG0001402	Prbc	Prbg.g_00344	Prbc.g_01701
OG0001402	Prbb	Prbg.g_00344	Prbb.g_00625
OG0001402	Prbm	Prbg.g_00344	Prbm.g_00655
OG0001402	Pral	Prbg.g_00344	Pral.g_00463
OG0001402	Prbj	Prbg.g_00344	Prbj.g_02554
OG0001402	Prbk	Prbg.g_00344	Prbk.g_02612
OG0001402	Prbl	Prbg.g_00344	Prbl.g_01620
OG0001402	Praf	Prbg.g_00344	Praf.g_01670
OG0001402	Prah	Prbg.g_00344	Prah.g_00522
OG0001402	Syab	Prbg.g_00344	Syab.g_01896
OG0001402	Syal	Prbg.g_00344	Syal.g_02711
OG0001402	Syaq	Prbg.g_00344	Syaq.g_02061
OG0001402	Syag	Prbg.g_00344	Syag.g_00379
OG0001402	Syak	Prbg.g_00344	Syak.g_00012
OG0001402	Syac	Prbg.g_00344	Syac.g_00957
OG0001402	Syah	Prbg.g_00344	Syah.g_01958
OG0001402	Syae	Prbg.g_00344	Syae.g_00051
OG0001402	Syad	Prbg.g_00344	Syad.g_02174
OG0001402	Syaj	Prbg.g_00344	Syaj.g_01304
OG0001402	Syaa	Prbg.g_00344	Syaa.g_01658
OG0001402	Syai	Prbg.g_00344	Syai.g_01070
OG0001402	Syaf	Prbg.g_00344	Syaf.g_02336
OG0001402	Syam	Prbg.g_00344	Syam.g_01490
OG0001402	Syan	Prbg.g_00344	Syan.g_00011
OG0001402	Syao	Prbg.g_00344	Syao.g_01338
OG0001402	Syas	Prbg.g_00344	Syas.g_00112
OG0001402	Syar	Prbg.g_00344	Syar.g_02252
OG0001402	Syat	Prbg.g_00344	Syat.g_03314
OG0001402	Pram	Prbg.g_00344	Pram.g_00563
OG0001402	Prbh	Prbg.g_00344	Prbh.g_01458
OG0001402	Prak	Prbg.g_00344	Prak.g_00586
OG0001402	Prap	Prbg.g_00344	Prap.g_01143
OG0001402	Prbe	Prbg.g_00344	Prbe.g_00509
OG0001402	Prbf	Prbg.g_00344	Prbf.g_01907
OG0001402	Prbn	Prbg.g_00344	Prbn.g_00490
OG0001403	Prab	Prbg.g_00843	Prab.g_00030
OG0001403	Pran	Prbg.g_00843	Pran.g_00394
OG0001403	Prai	Prbg.g_00843	Prai.g_00030
OG0001403	Prbd	Prbg.g_00843	Prbd.g_01207
OG0001403	Prax	Prbg.g_00843	Prax.g_00283
OG0001403	Prbi	Prbg.g_00843	Prbi.g_00030
OG0001403	Praa	Prbg.g_00843	Praa.g_00030
OG0001403	Prae	Prbg.g_00843	Prae.g_00030
OG0001403	Pray	Prbg.g_00843	Pray.g_01492
OG0001403	Praz	Prbg.g_00843	Praz.g_00395
OG0001403	Prba	Prbg.g_00843	Prba.g_01823
OG0001403	Prac	Prbg.g_00843	Prac.g_01917
OG0001403	Praq	Prbg.g_00843	Praq.g_01233
OG0001403	Prar	Prbg.g_00843	Prar.g_00008
OG0001403	Prag	Prbg.g_00843	Prag.g_00030
OG0001403	Praw	Prbg.g_00843	Praw.g_01398
OG0001403	Prav	Prbg.g_00843	Prav.g_00098
OG0001403	Prad	Prbg.g_00843	Prad.g_01956
OG0001403	Pras	Prbg.g_00843	Pras.g_00872
OG0001403	Prbj	Prbg.g_00843	Prbj.g_01203
OG0001403	Prbk	Prbg.g_00843	Prbk.g_01618
OG0001403	Prbl	Prbg.g_00843	Prbl.g_01976
OG0001403	Praf	Prbg.g_00843	Praf.g_00036
OG0001403	Prah	Prbg.g_00843	Prah.g_00037
OG0001403	Syag	Prbg.g_00843	Syag.g_02308
OG0001403	Syar	Prbg.g_00843	Syar.g_00504
OG0001403	Syan	Prbg.g_00843	Syan.g_01744
OG0001403	Syao	Prbg.g_00843	Syao.g_02235
OG0001403	Syat	Prbg.g_00843	Syat.g_02307
OG0001403	Syas	Prbg.g_00843	Syas.g_02069
OG0001403	Syad	Prbg.g_00843	Syad.g_00197
OG0001403	Syaj	Prbg.g_00843	Syaj.g_02297
OG0001403	Syac	Prbg.g_00843	Syac.g_00033
OG0001403	Syah	Prbg.g_00843	Syah.g_00341
OG0001403	Prat	Prbg.g_00843	Prat.g_00032
OG0001403	Pral	Prbg.g_00843	Pral.g_01013
OG0001403	Prbm	Prbg.g_00843	Prbm.g_00030
OG0001403	Prbc	Prbg.g_00843	Prbc.g_01100
OG0001403	Prbb	Prbg.g_00843	Prbb.g_00031
OG0001403	Praj	Prbg.g_00843	Praj.g_00030
OG0001403	Pram	Prbg.g_00843	Pram.g_00017
OG0001403	Prbh	Prbg.g_00843	Prbh.g_00750
OG0001403	Prak	Prbg.g_00843	Prak.g_00031
OG0001403	Prap	Prbg.g_00843	Prap.g_00924
OG0001403	Prbe	Prbg.g_00843	Prbe.g_00131
OG0001403	Prbf	Prbg.g_00843	Prbf.g_01353
OG0001403	Prbn	Prbg.g_00843	Prbn.g_00751
OG0001404	Prab	Prbg.g_00801	Prab.g_00060
OG0001404	Pran	Prbg.g_00801	Pran.g_00364
OG0001404	Prai	Prbg.g_00801	Prai.g_00068
OG0001404	Prac	Prbg.g_00801	Prac.g_01863
OG0001404	Praq	Prbg.g_00801	Praq.g_01935
OG0001404	Prar	Prbg.g_00801	Prar.g_00550
OG0001404	Prag	Prbg.g_00801	Prag.g_00062
OG0001404	Praw	Prbg.g_00801	Praw.g_01366
OG0001404	Prav	Prbg.g_00801	Prav.g_00133
OG0001404	Prbi	Prbg.g_00801	Prbi.g_00075
OG0001404	Prad	Prbg.g_00801	Prad.g_01925
OG0001404	Prae	Prbg.g_00801	Prae.g_00068
OG0001404	Pras	Prbg.g_00801	Pras.g_00920
OG0001404	Prau	Prbg.g_00801	Prau.g_00070
OG0001404	Praa	Prbg.g_00801	Praa.g_00068
OG0001404	Prao	Prbg.g_00801	Prao.g_00207
OG0001404	Prax	Prbg.g_00801	Prax.g_00639
OG0001404	Pray	Prbg.g_00801	Pray.g_00221
OG0001404	Praz	Prbg.g_00801	Praz.g_00428
OG0001404	Prba	Prbg.g_00801	Prba.g_01856
OG0001404	Prbd	Prbg.g_00801	Prbd.g_01176
OG0001404	Pral	Prbg.g_00801	Pral.g_00979
OG0001404	Prat	Prbg.g_00801	Prat.g_00065
OG0001404	Prbm	Prbg.g_00801	Prbm.g_00125
OG0001404	Prbb	Prbg.g_00801	Prbb.g_00123
OG0001404	Praj	Prbg.g_00801	Praj.g_00106
OG0001404	Prbc	Prbg.g_00801	Prbc.g_00505
OG0001404	Syab	Prbg.g_00801	Syab.g_02433
OG0001404	Syal	Prbg.g_00801	Syal.g_00750
OG0001404	Syag	Prbg.g_00801	Syag.g_01818
OG0001404	Syac	Prbg.g_00801	Syac.g_00451
OG0001404	Syah	Prbg.g_00801	Syah.g_02482
OG0001404	Syad	Prbg.g_00801	Syad.g_02727
OG0001404	Syaj	Prbg.g_00801	Syaj.g_01817
OG0001404	Syae	Prbg.g_00801	Syae.g_01283
OG0001404	Syaf	Prbg.g_00801	Syaf.g_00964
OG0001404	Syai	Prbg.g_00801	Syai.g_02473
OG0001404	Syam	Prbg.g_00801	Syam.g_02061
OG0001404	Syaa	Prbg.g_00801	Syaa.g_00355
OG0001404	Syan	Prbg.g_00801	Syan.g_00343
OG0001404	Pram	Prbg.g_00801	Pram.g_00053
OG0001404	Prbh	Prbg.g_00801	Prbh.g_00714
OG0001404	Prak	Prbg.g_00801	Prak.g_00073
OG0001404	Prap	Prbg.g_00801	Prap.g_00882
OG0001404	Prbe	Prbg.g_00801	Prbe.g_00173
OG0001404	Prbf	Prbg.g_00801	Prbf.g_01395
OG0001404	Prbn	Prbg.g_00801	Prbn.g_00709
OG0001407	Prab	Prbg.g_01558	Prab.g_01118
OG0001407	Pran	Prbg.g_01558	Pran.g_00161
OG0001407	Prai	Prbg.g_01558	Prai.g_01081
OG0001407	Prac	Prbg.g_01558	Prac.g_01234
OG0001407	Prar	Prbg.g_01558	Prar.g_01926
OG0001407	Praq	Prbg.g_01558	Praq.g_01640
OG0001407	Prao	Prbg.g_01558	Prao.g_00999
OG0001407	Pray	Prbg.g_01558	Pray.g_00606
OG0001407	Praz	Prbg.g_01558	Praz.g_00088
OG0001407	Prba	Prbg.g_01558	Prba.g_01242
OG0001407	Prag	Prbg.g_01558	Prag.g_01058
OG0001407	Praw	Prbg.g_01558	Praw.g_01445
OG0001407	Prav	Prbg.g_01558	Prav.g_00234
OG0001407	Praa	Prbg.g_01558	Praa.g_01062
OG0001407	Prax	Prbg.g_01558	Prax.g_01227
OG0001407	Prae	Prbg.g_01558	Prae.g_01064
OG0001407	Prad	Prbg.g_01558	Prad.g_00997
OG0001407	Prbi	Prbg.g_01558	Prbi.g_01109
OG0001407	Prbd	Prbg.g_01558	Prbd.g_00362
OG0001407	Pras	Prbg.g_01558	Pras.g_01956
OG0001407	Prau	Prbg.g_01558	Prau.g_01110
OG0001407	Prbm	Prbg.g_01558	Prbm.g_00900
OG0001407	Prbb	Prbg.g_01558	Prbb.g_00903
OG0001407	Praj	Prbg.g_01558	Praj.g_00858
OG0001407	Prbc	Prbg.g_01558	Prbc.g_01947
OG0001407	Pral	Prbg.g_01558	Pral.g_00051
OG0001407	Prat	Prbg.g_01558	Prat.g_01521
OG0001407	Syan	Prbg.g_01558	Syan.g_00455
OG0001407	Syao	Prbg.g_01558	Syao.g_00519
OG0001407	Syab	Prbg.g_01558	Syab.g_01158
OG0001407	Syal	Prbg.g_01558	Syal.g_01774
OG0001407	Syae	Prbg.g_01558	Syae.g_02368
OG0001407	Syad	Prbg.g_01558	Syad.g_00970
OG0001407	Syaj	Prbg.g_01558	Syaj.g_00137
OG0001407	Syac	Prbg.g_01558	Syac.g_01841
OG0001407	Syah	Prbg.g_01558	Syah.g_01059
OG0001407	Syaa	Prbg.g_01558	Syaa.g_01986
OG0001407	Syaf	Prbg.g_01558	Syaf.g_02660
OG0001407	Syai	Prbg.g_01558	Syai.g_00701
OG0001407	Syam	Prbg.g_01558	Syam.g_00645
OG0001407	Pram	Prbg.g_01558	Pram.g_01202
OG0001407	Prbh	Prbg.g_01558	Prbh.g_01345
OG0001407	Prak	Prbg.g_01558	Prak.g_01244
OG0001407	Prap	Prbg.g_01558	Prap.g_00528
OG0001407	Prbe	Prbg.g_01558	Prbe.g_01621
OG0001407	Prbf	Prbg.g_01558	Prbf.g_00059
OG0001407	Prbn	Prbg.g_01558	Prbn.g_01117
OG0001409	Prai	Prbg.g_01478	Prai.g_01178
OG0001409	Prab	Prbg.g_01478	Prab.g_01226
OG0001409	Pran	Prbg.g_01478	Pran.g_00053
OG0001409	Prao	Prbg.g_01478	Prao.g_01082
OG0001409	Praa	Prbg.g_01478	Praa.g_01166
OG0001409	Prbi	Prbg.g_01478	Prbi.g_01214
OG0001409	Prae	Prbg.g_01478	Prae.g_01170
OG0001409	Prac	Prbg.g_01478	Prac.g_00978
OG0001409	Praq	Prbg.g_01478	Praq.g_01340
OG0001409	Prar	Prbg.g_01478	Prar.g_01256
OG0001409	Prad	Prbg.g_01478	Prad.g_01489
OG0001409	Pras	Prbg.g_01478	Pras.g_00063
OG0001409	Prau	Prbg.g_01478	Prau.g_01213
OG0001409	Prax	Prbg.g_01478	Prax.g_00207
OG0001409	Prbd	Prbg.g_01478	Prbd.g_00475
OG0001409	Prav	Prbg.g_01478	Prav.g_00072
OG0001409	Prag	Prbg.g_01478	Prag.g_01160
OG0001409	Praw	Prbg.g_01478	Praw.g_00241
OG0001409	Pray	Prbg.g_01478	Pray.g_00056
OG0001409	Praz	Prbg.g_01478	Praz.g_00747
OG0001409	Prba	Prbg.g_01478	Prba.g_00056
OG0001409	Prbc	Prbg.g_01478	Prbc.g_01437
OG0001409	Praj	Prbg.g_01478	Praj.g_01453
OG0001409	Prbb	Prbg.g_01478	Prbb.g_01508
OG0001409	Prbm	Prbg.g_01478	Prbm.g_01540
OG0001409	Pral	Prbg.g_01478	Pral.g_01376
OG0001409	Prat	Prbg.g_01478	Prat.g_01148
OG0001409	Syak	Prbg.g_01478	Syak.g_00878
OG0001409	Syab	Prbg.g_01478	Syab.g_00988
OG0001409	Syal	Prbg.g_01478	Syal.g_01671
OG0001409	Syan	Prbg.g_01478	Syan.g_00284
OG0001409	Syas	Prbg.g_01478	Syas.g_00154
OG0001409	Syat	Prbg.g_01478	Syat.g_01007
OG0001409	Syag	Prbg.g_01478	Syag.g_01125
OG0001409	Syaq	Prbg.g_01478	Syaq.g_00229
OG0001409	Praf	Prbg.g_01478	Praf.g_00870
OG0001409	Prah	Prbg.g_01478	Prah.g_01307
OG0001409	Prbj	Prbg.g_01478	Prbj.g_00834
OG0001409	Prbk	Prbg.g_01478	Prbk.g_00153
OG0001409	Prbl	Prbg.g_01478	Prbl.g_02100
OG0001409	Pram	Prbg.g_01478	Pram.g_01131
OG0001409	Prbh	Prbg.g_01478	Prbh.g_01274
OG0001409	Prak	Prbg.g_01478	Prak.g_01164
OG0001409	Prap	Prbg.g_01478	Prap.g_00448
OG0001409	Prbe	Prbg.g_01478	Prbe.g_01541
OG0001409	Prbf	Prbg.g_01478	Prbf.g_00926
OG0001409	Prbn	Prbg.g_01478	Prbn.g_01197
OG0001410	Prao	Prbg.g_00503	Prao.g_01255
OG0001410	Pras	Prbg.g_00503	Pras.g_00234
OG0001410	Praa	Prbg.g_00503	Praa.g_01350
OG0001410	Prad	Prbg.g_00503	Prad.g_00610
OG0001410	Prau	Prbg.g_00503	Prau.g_01393
OG0001410	Prai	Prbg.g_00503	Prai.g_01355
OG0001410	Pray	Prbg.g_00503	Pray.g_01845
OG0001410	Praz	Prbg.g_00503	Praz.g_01155
OG0001410	Prba	Prbg.g_00503	Prba.g_00212
OG0001410	Prac	Prbg.g_00503	Prac.g_00201
OG0001410	Praq	Prbg.g_00503	Praq.g_00159
OG0001410	Prar	Prbg.g_00503	Prar.g_00927
OG0001410	Prag	Prbg.g_00503	Prag.g_01373
OG0001410	Praw	Prbg.g_00503	Praw.g_00999
OG0001410	Prav	Prbg.g_00503	Prav.g_01457
OG0001410	Prae	Prbg.g_00503	Prae.g_01352
OG0001410	Prbd	Prbg.g_00503	Prbd.g_01780
OG0001410	Prbi	Prbg.g_00503	Prbi.g_01423
OG0001410	Prax	Prbg.g_00503	Prax.g_01879
OG0001410	Prbm	Prbg.g_00503	Prbm.g_01632
OG0001410	Prbc	Prbg.g_00503	Prbc.g_00587
OG0001410	Praj	Prbg.g_00503	Praj.g_01548
OG0001410	Prbb	Prbg.g_00503	Prbb.g_01610
OG0001410	Praf	Prbg.g_00503	Praf.g_01894
OG0001410	Prah	Prbg.g_00503	Prah.g_00325
OG0001410	Prbj	Prbg.g_00503	Prbj.g_00671
OG0001410	Prbk	Prbg.g_00503	Prbk.g_01197
OG0001410	Prbl	Prbg.g_00503	Prbl.g_00724
OG0001410	Syaf	Prbg.g_00503	Syaf.g_01639
OG0001410	Syac	Prbg.g_00503	Syac.g_02155
OG0001410	Syah	Prbg.g_00503	Syah.g_00725
OG0001410	Syae	Prbg.g_00503	Syae.g_02060
OG0001410	Syad	Prbg.g_00503	Syad.g_00627
OG0001410	Syaj	Prbg.g_00503	Syaj.g_02673
OG0001410	Syag	Prbg.g_00503	Syag.g_00576
OG0001410	Syak	Prbg.g_00503	Syak.g_00343
OG0001410	Syab	Prbg.g_00503	Syab.g_01550
OG0001410	Syal	Prbg.g_00503	Syal.g_02194
OG0001410	Pram	Prbg.g_00503	Pram.g_01476
OG0001410	Prbh	Prbg.g_00503	Prbh.g_01937
OG0001410	Pral	Prbg.g_00503	Pral.g_01237
OG0001410	Prat	Prbg.g_00503	Prat.g_01284
OG0001410	Prak	Prbg.g_00503	Prak.g_01303
OG0001410	Prap	Prbg.g_00503	Prap.g_01926
OG0001410	Prbe	Prbg.g_00503	Prbe.g_00399
OG0001410	Prbf	Prbg.g_00503	Prbf.g_00069
OG0001410	Prbn	Prbg.g_00503	Prbn.g_01214
OG0001411	Prab	Prbg.g_00808	Prab.g_01391
OG0001411	Pran	Prbg.g_00808	Pran.g_00809
OG0001411	Prau	Prbg.g_00808	Prau.g_01452
OG0001411	Syan	Prbg.g_00808	Syan.g_01125
OG0001411	Syao	Prbg.g_00808	Syao.g_01079, Syao.g_02007
OG0001411	Syar	Prbg.g_00808	Syar.g_02761, Syar.g_02360
OG0001411	Syat	Prbg.g_00808	Syat.g_01188
OG0001411	Syas	Prbg.g_00808	Syas.g_01156
OG0001411	Syap	Prbg.g_00808	Syap.g_00853
OG0001411	Syaa	Prbg.g_00808	Syaa.g_00457
OG0001411	Syad	Prbg.g_00808	Syad.g_00372
OG0001411	Syac	Prbg.g_00808	Syac.g_00180
OG0001411	Syag	Prbg.g_00808	Syag.g_02424
OG0001411	Syab	Prbg.g_00808	Syab.g_00147
OG0001411	Syal	Prbg.g_00808	Syal.g_01399
OG0001411	Syak	Prbg.g_00808	Syak.g_01581
OG0001411	Syaf	Prbg.g_00808	Syaf.g_00310
OG0001411	Pram	Prbg.g_00808	Pram.g_00046
OG0001411	Prbh	Prbg.g_00808	Prbh.g_00721
OG0001411	Prak	Prbg.g_00808	Prak.g_00066
OG0001411	Prap	Prbg.g_00808	Prap.g_00889
OG0001411	Prbe	Prbg.g_00808	Prbe.g_00166
OG0001411	Prbf	Prbg.g_00808	Prbf.g_01388
OG0001411	Prbn	Prbg.g_00808	Prbn.g_00716
OG0001414	Prab	Prbg.g_01011	Prab.g_00220
OG0001414	Pran	Prbg.g_01011	Pran.g_00203
OG0001414	Prai	Prbg.g_01011	Prai.g_00240
OG0001414	Prav	Prbg.g_01011	Prav.g_00809
OG0001414	Prad	Prbg.g_01011	Prad.g_01762
OG0001414	Prag	Prbg.g_01011	Prag.g_00222
OG0001414	Praw	Prbg.g_01011	Praw.g_01206
OG0001414	Prac	Prbg.g_01011	Prac.g_01701
OG0001414	Praq	Prbg.g_01011	Praq.g_01773
OG0001414	Prar	Prbg.g_01011	Prar.g_00098
OG0001414	Praa	Prbg.g_01011	Praa.g_00229
OG0001414	Prax	Prbg.g_01011	Prax.g_00989
OG0001414	Pray	Prbg.g_01011	Pray.g_00710
OG0001414	Praz	Prbg.g_01011	Praz.g_00589
OG0001414	Prba	Prbg.g_01011	Prba.g_00448
OG0001414	Prbd	Prbg.g_01011	Prbd.g_01010
OG0001414	Prbi	Prbg.g_01011	Prbi.g_00253
OG0001414	Prae	Prbg.g_01011	Prae.g_00232
OG0001414	Prao	Prbg.g_01011	Prao.g_00367
OG0001414	Pras	Prbg.g_01011	Pras.g_01081
OG0001414	Prau	Prbg.g_01011	Prau.g_00230
OG0001414	Syab	Prbg.g_01011	Syab.g_01938
OG0001414	Syad	Prbg.g_01011	Syad.g_00615
OG0001414	Syaj	Prbg.g_01011	Syaj.g_02664
OG0001414	Syac	Prbg.g_01011	Syac.g_02161
OG0001414	Syah	Prbg.g_01011	Syah.g_00718
OG0001414	Syai	Prbg.g_01011	Syai.g_01722
OG0001414	Syam	Prbg.g_01011	Syam.g_00940
OG0001414	Prat	Prbg.g_01011	Prat.g_00233
OG0001414	Pral	Prbg.g_01011	Pral.g_00812
OG0001414	Praf	Prbg.g_01011	Praf.g_00374
OG0001414	Prah	Prbg.g_01011	Prah.g_01786
OG0001414	Prbj	Prbg.g_01011	Prbj.g_00181
OG0001414	Prbk	Prbg.g_01011	Prbk.g_01364
OG0001414	Prbl	Prbg.g_01011	Prbl.g_01918
OG0001414	Prbm	Prbg.g_01011	Prbm.g_00288
OG0001414	Prbb	Prbg.g_01011	Prbb.g_00285
OG0001414	Praj	Prbg.g_01011	Praj.g_00268
OG0001414	Prbc	Prbg.g_01011	Prbc.g_00342
OG0001414	Pram	Prbg.g_01011	Pram.g_00216
OG0001414	Prbh	Prbg.g_01011	Prbh.g_00551
OG0001414	Prak	Prbg.g_01011	Prak.g_00245
OG0001414	Prap	Prbg.g_01011	Prap.g_01483
OG0001414	Prbe	Prbg.g_01011	Prbe.g_01781
OG0001414	Prbf	Prbg.g_01011	Prbf.g_01567
OG0001414	Prbn	Prbg.g_01011	Prbn.g_00321
OG0001415	Prac	Prbg.g_01013	Prac.g_01699
OG0001415	Praq	Prbg.g_01013	Praq.g_01771
OG0001415	Prar	Prbg.g_01013	Prar.g_00096
OG0001415	Prab	Prbg.g_01013	Prab.g_00222
OG0001415	Pran	Prbg.g_01013	Pran.g_00201
OG0001415	Prai	Prbg.g_01013	Prai.g_00242
OG0001415	Prao	Prbg.g_01013	Prao.g_00369
OG0001415	Praa	Prbg.g_01013	Praa.g_00231
OG0001415	Prax	Prbg.g_01013	Prax.g_00987
OG0001415	Pray	Prbg.g_01013	Pray.g_00712
OG0001415	Praz	Prbg.g_01013	Praz.g_00591
OG0001415	Prba	Prbg.g_01013	Prba.g_00450
OG0001415	Pras	Prbg.g_01013	Pras.g_01083
OG0001415	Prau	Prbg.g_01013	Prau.g_00232
OG0001415	Prad	Prbg.g_01013	Prad.g_01760
OG0001415	Prag	Prbg.g_01013	Prag.g_00224
OG0001415	Praw	Prbg.g_01013	Praw.g_01204
OG0001415	Prav	Prbg.g_01013	Prav.g_00807
OG0001415	Prae	Prbg.g_01013	Prae.g_00234
OG0001415	Prbi	Prbg.g_01013	Prbi.g_00255
OG0001415	Prbd	Prbg.g_01013	Prbd.g_01008
OG0001415	Praj	Prbg.g_01013	Praj.g_00270
OG0001415	Prbc	Prbg.g_01013	Prbc.g_00340
OG0001415	Prbb	Prbg.g_01013	Prbb.g_00287
OG0001415	Prbm	Prbg.g_01013	Prbm.g_00290
OG0001415	Prbj	Prbg.g_01013	Prbj.g_01776
OG0001415	Prbk	Prbg.g_01013	Prbk.g_01135
OG0001415	Prbl	Prbg.g_01013	Prbl.g_01770
OG0001415	Praf	Prbg.g_01013	Praf.g_00744
OG0001415	Prah	Prbg.g_01013	Prah.g_01412
OG0001415	Syab	Prbg.g_01013	Syab.g_02471
OG0001415	Syan	Prbg.g_01013	Syan.g_01004
OG0001415	Syao	Prbg.g_01013	Syao.g_00999
OG0001415	Syar	Prbg.g_01013	Syar.g_01553
OG0001415	Syap	Prbg.g_01013	Syap.g_00447, Syap.g_00446
OG0001415	Syat	Prbg.g_01013	Syat.g_00017
OG0001415	Pral	Prbg.g_01013	Pral.g_00810
OG0001415	Prat	Prbg.g_01013	Prat.g_00235
OG0001415	Pram	Prbg.g_01013	Pram.g_00218
OG0001415	Prbh	Prbg.g_01013	Prbh.g_00549
OG0001415	Prak	Prbg.g_01013	Prak.g_00247
OG0001415	Prap	Prbg.g_01013	Prap.g_01481
OG0001415	Prbe	Prbg.g_01013	Prbe.g_01783
OG0001415	Prbf	Prbg.g_01013	Prbf.g_01569
OG0001415	Prbn	Prbg.g_01013	Prbn.g_00319
OG0001418	Prab	Prbg.g_01126	Prab.g_00689
OG0001418	Pran	Prbg.g_01126	Pran.g_01494
OG0001418	Prai	Prbg.g_01126	Prai.g_00713
OG0001418	Prag	Prbg.g_01126	Prag.g_00662
OG0001418	Praw	Prbg.g_01126	Praw.g_01838
OG0001418	Prav	Prbg.g_01126	Prav.g_01282
OG0001418	Prad	Prbg.g_01126	Prad.g_01258
OG0001418	Prac	Prbg.g_01126	Prac.g_00687
OG0001418	Praq	Prbg.g_01126	Praq.g_00813
OG0001418	Prar	Prbg.g_01126	Prar.g_01514
OG0001418	Prax	Prbg.g_01126	Prax.g_00958
OG0001418	Prao	Prbg.g_01126	Prao.g_00122
OG0001418	Prbd	Prbg.g_01126	Prbd.g_00560
OG0001418	Pras	Prbg.g_01126	Pras.g_01560
OG0001418	Prau	Prbg.g_01126	Prau.g_00724
OG0001418	Praa	Prbg.g_01126	Praa.g_00684
OG0001418	Pray	Prbg.g_01126	Pray.g_01079
OG0001418	Praz	Prbg.g_01126	Praz.g_01646
OG0001418	Prba	Prbg.g_01126	Prba.g_01633
OG0001418	Prbi	Prbg.g_01126	Prbi.g_00687
OG0001418	Prae	Prbg.g_01126	Prae.g_00658
OG0001418	Praj	Prbg.g_01126	Praj.g_00677
OG0001418	Prbc	Prbg.g_01126	Prbc.g_01766
OG0001418	Prbm	Prbg.g_01126	Prbm.g_00720
OG0001418	Prbb	Prbg.g_01126	Prbb.g_00690
OG0001418	Prbj	Prbg.g_01126	Prbj.g_02636
OG0001418	Prbk	Prbg.g_01126	Prbk.g_01925
OG0001418	Prbl	Prbg.g_01126	Prbl.g_01046
OG0001418	Praf	Prbg.g_01126	Praf.g_02180
OG0001418	Prah	Prbg.g_01126	Prah.g_02051
OG0001418	Syan	Prbg.g_01126	Syan.g_02689
OG0001418	Syao	Prbg.g_01126	Syao.g_00212
OG0001418	Syar	Prbg.g_01126	Syar.g_01546
OG0001418	Syap	Prbg.g_01126	Syap.g_00221
OG0001418	Syaq	Prbg.g_01126	Syaq.g_00243
OG0001418	Syat	Prbg.g_01126	Syat.g_03267
OG0001418	Syas	Prbg.g_01126	Syas.g_01177
OG0001418	Pral	Prbg.g_01126	Pral.g_01757
OG0001418	Prat	Prbg.g_01126	Prat.g_00758
OG0001418	Pram	Prbg.g_01126	Pram.g_00775
OG0001418	Prbh	Prbg.g_01126	Prbh.g_00919
OG0001418	Prak	Prbg.g_01126	Prak.g_00812
OG0001418	Prap	Prbg.g_01126	Prap.g_00816
OG0001418	Prbe	Prbg.g_01126	Prbe.g_00459
OG0001418	Prbf	Prbg.g_01126	Prbf.g_01278
OG0001418	Prbn	Prbg.g_01126	Prbn.g_01579
OG0001419	Prab	Prbg.g_01557	Prab.g_01119
OG0001419	Pran	Prbg.g_01557	Pran.g_00160
OG0001419	Prai	Prbg.g_01557	Prai.g_01082
OG0001419	Prac	Prbg.g_01557	Prac.g_01233
OG0001419	Praq	Prbg.g_01557	Praq.g_01641
OG0001419	Prar	Prbg.g_01557	Prar.g_01927
OG0001419	Prag	Prbg.g_01557	Prag.g_01059
OG0001419	Praw	Prbg.g_01557	Praw.g_01444
OG0001419	Prao	Prbg.g_01557	Prao.g_01000
OG0001419	Prav	Prbg.g_01557	Prav.g_00235
OG0001419	Pray	Prbg.g_01557	Pray.g_00607
OG0001419	Praz	Prbg.g_01557	Praz.g_00089
OG0001419	Prba	Prbg.g_01557	Prba.g_01241
OG0001419	Prax	Prbg.g_01557	Prax.g_01228
OG0001419	Prae	Prbg.g_01557	Prae.g_01065
OG0001419	Praa	Prbg.g_01557	Praa.g_01063
OG0001419	Prbi	Prbg.g_01557	Prbi.g_01110
OG0001419	Prbd	Prbg.g_01557	Prbd.g_00363
OG0001419	Prad	Prbg.g_01557	Prad.g_00996
OG0001419	Pras	Prbg.g_01557	Pras.g_01957
OG0001419	Prau	Prbg.g_01557	Prau.g_01111
OG0001419	Prbm	Prbg.g_01557	Prbm.g_00781
OG0001419	Prbc	Prbg.g_01557	Prbc.g_01825
OG0001419	Praj	Prbg.g_01557	Praj.g_00736
OG0001419	Prbb	Prbg.g_01557	Prbb.g_00750
OG0001419	Pral	Prbg.g_01557	Pral.g_00052
OG0001419	Prat	Prbg.g_01557	Prat.g_01522
OG0001419	Syaa	Prbg.g_01557	Syaa.g_01985
OG0001419	Syac	Prbg.g_01557	Syac.g_01840
OG0001419	Syah	Prbg.g_01557	Syah.g_01060
OG0001419	Syaf	Prbg.g_01557	Syaf.g_02659
OG0001419	Syai	Prbg.g_01557	Syai.g_00702
OG0001419	Syam	Prbg.g_01557	Syam.g_00646
OG0001419	Syae	Prbg.g_01557	Syae.g_02369
OG0001419	Syag	Prbg.g_01557	Syag.g_01466
OG0001419	Syab	Prbg.g_01557	Syab.g_01159
OG0001419	Syal	Prbg.g_01557	Syal.g_01775
OG0001419	Syad	Prbg.g_01557	Syad.g_00971
OG0001419	Syaj	Prbg.g_01557	Syaj.g_00138
OG0001419	Syan	Prbg.g_01557	Syan.g_00454
OG0001419	Syao	Prbg.g_01557	Syao.g_00520
OG0001419	Prak	Prbg.g_01557	Prak.g_01243
OG0001419	Prap	Prbg.g_01557	Prap.g_00527
OG0001419	Prbe	Prbg.g_01557	Prbe.g_01620
OG0001419	Prbf	Prbg.g_01557	Prbf.g_00060
OG0001419	Prbn	Prbg.g_01557	Prbn.g_01118
OG0001421	Prai	Prbg.g_00681	Prai.g_01554
OG0001421	Prab	Prbg.g_00681	Prab.g_01559
OG0001421	Pran	Prbg.g_00681	Pran.g_00640
OG0001421	Prav	Prbg.g_00681	Prav.g_01667
OG0001421	Prac	Prbg.g_00681	Prac.g_00321
OG0001421	Praq	Prbg.g_00681	Praq.g_00385
OG0001421	Prar	Prbg.g_00681	Prar.g_00757
OG0001421	Prag	Prbg.g_00681	Prag.g_01579
OG0001421	Praw	Prbg.g_00681	Praw.g_00426
OG0001421	Prax	Prbg.g_00681	Prax.g_01637
OG0001421	Prao	Prbg.g_00681	Prao.g_01487
OG0001421	Prbi	Prbg.g_00681	Prbi.g_01681
OG0001421	Prae	Prbg.g_00681	Prae.g_01550
OG0001421	Praa	Prbg.g_00681	Praa.g_01568
OG0001421	Pras	Prbg.g_00681	Pras.g_00444
OG0001421	Pray	Prbg.g_00681	Pray.g_01631
OG0001421	Praz	Prbg.g_00681	Praz.g_00950
OG0001421	Prba	Prbg.g_00681	Prba.g_00297
OG0001421	Prbd	Prbg.g_00681	Prbd.g_01597
OG0001421	Prad	Prbg.g_00681	Prad.g_00423
OG0001421	Prau	Prbg.g_00681	Prau.g_01622
OG0001421	Prbc	Prbg.g_00681	Prbc.g_00796
OG0001421	Prbm	Prbg.g_00681	Prbm.g_01798
OG0001421	Praj	Prbg.g_00681	Praj.g_01720
OG0001421	Prbb	Prbg.g_00681	Prbb.g_01775
OG0001421	Pral	Prbg.g_00681	Pral.g_01068
OG0001421	Prat	Prbg.g_00681	Prat.g_01447
OG0001421	Syat	Prbg.g_00681	Syat.g_03056
OG0001421	Syah	Prbg.g_00681	Syah.g_01851
OG0001421	Syad	Prbg.g_00681	Syad.g_02105, Syad.g_02039
OG0001421	Syaj	Prbg.g_00681	Syaj.g_01235, Syaj.g_01167
OG0001421	Syaa	Prbg.g_00681	Syaa.g_01583, Syaa.g_01469
OG0001421	Syaf	Prbg.g_00681	Syaf.g_01721
OG0001421	Syai	Prbg.g_00681	Syai.g_01621
OG0001421	Syam	Prbg.g_00681	Syam.g_01019
OG0001421	Syae	Prbg.g_00681	Syae.g_00241
OG0001421	Pram	Prbg.g_00681	Pram.g_01288
OG0001421	Prbh	Prbg.g_00681	Prbh.g_00189
OG0001421	Prak	Prbg.g_00681	Prak.g_01481
OG0001421	Prap	Prbg.g_00681	Prap.g_00211
OG0001421	Prbe	Prbg.g_00681	Prbe.g_00221
OG0001421	Prbf	Prbg.g_00681	Prbf.g_00247
OG0001421	Prbn	Prbg.g_00681	Prbn.g_00892
OG0001422	Prab	Prbg.g_01561	Prab.g_01592
OG0001422	Pran	Prbg.g_01561	Pran.g_00607
OG0001422	Prai	Prbg.g_01561	Prai.g_01585
OG0001422	Prad	Prbg.g_01561	Prad.g_00397
OG0001422	Prav	Prbg.g_01561	Prav.g_01691
OG0001422	Prac	Prbg.g_01561	Prac.g_00297
OG0001422	Praq	Prbg.g_01561	Praq.g_00021
OG0001422	Prar	Prbg.g_01561	Prar.g_00734
OG0001422	Prag	Prbg.g_01561	Prag.g_01604
OG0001422	Praw	Prbg.g_01561	Praw.g_00451
OG0001422	Prao	Prbg.g_01561	Prao.g_01511
OG0001422	Pras	Prbg.g_01561	Pras.g_00467
OG0001422	Prau	Prbg.g_01561	Prau.g_01645
OG0001422	Praa	Prbg.g_01561	Praa.g_01593
OG0001422	Prbd	Prbg.g_01561	Prbd.g_01572
OG0001422	Prae	Prbg.g_01561	Prae.g_01576
OG0001422	Prax	Prbg.g_01561	Prax.g_01613
OG0001422	Prbi	Prbg.g_01561	Prbi.g_01705
OG0001422	Pray	Prbg.g_01561	Pray.g_01606
OG0001422	Prba	Prbg.g_01561	Prba.g_00272
OG0001422	Praz	Prbg.g_01561	Praz.g_00925, Praz.g_00924
OG0001422	Syai	Prbg.g_01561	Syai.g_02171
OG0001422	Syam	Prbg.g_01561	Syam.g_01822
OG0001422	Syak	Prbg.g_01561	Syak.g_00928
OG0001422	Syaa	Prbg.g_01561	Syaa.g_00743
OG0001422	Syae	Prbg.g_01561	Syae.g_00953
OG0001422	Syan	Prbg.g_01561	Syan.g_00645
OG0001422	Syao	Prbg.g_01561	Syao.g_00284
OG0001422	Syap	Prbg.g_01561	Syap.g_01682
OG0001422	Praj	Prbg.g_01561	Praj.g_01041
OG0001422	Prbc	Prbg.g_01561	Prbc.g_02129
OG0001422	Prbm	Prbg.g_01561	Prbm.g_01080
OG0001422	Prbb	Prbg.g_01561	Prbb.g_01086
OG0001422	Prat	Prbg.g_01561	Prat.g_00660, Prat.g_00659
OG0001422	Prbj	Prbg.g_01561	Prbj.g_00158
OG0001422	Prbk	Prbg.g_01561	Prbk.g_02082
OG0001422	Prbl	Prbg.g_01561	Prbl.g_01370
OG0001422	Praf	Prbg.g_01561	Praf.g_01950
OG0001422	Prah	Prbg.g_01561	Prah.g_00282
OG0001422	Prak	Prbg.g_01561	Prak.g_01247
OG0001422	Prap	Prbg.g_01561	Prap.g_00531
OG0001422	Prbe	Prbg.g_01561	Prbe.g_01624
OG0001422	Prbf	Prbg.g_01561	Prbf.g_00056
OG0001422	Prbn	Prbg.g_01561	Prbn.g_01114
OG0001423	Pray	Prbg.g_00429	Pray.g_01751
OG0001423	Prao	Prbg.g_00429	Prao.g_01368
OG0001423	Prab	Prbg.g_00429	Prab.g_00406
OG0001423	Pran	Prbg.g_00429	Pran.g_01777
OG0001423	Prac	Prbg.g_00429	Prac.g_00634
OG0001423	Praq	Prbg.g_00429	Praq.g_00859
OG0001423	Prar	Prbg.g_00429	Prar.g_01560
OG0001423	Prbi	Prbg.g_00429	Prbi.g_01567, Prbi.g_02024
OG0001423	Prbd	Prbg.g_00429	Prbd.g_00832
OG0001423	Prad	Prbg.g_00429	Prad.g_00546
OG0001423	Pras	Prbg.g_00429	Pras.g_01277, Pras.g_01276
OG0001423	Syan	Prbg.g_00429	Syan.g_01318
OG0001423	Syas	Prbg.g_00429	Syas.g_02532
OG0001423	Syao	Prbg.g_00429	Syao.g_00722
OG0001423	Syam	Prbg.g_00429	Syam.g_00534, Syam.g_00553, Syam.g_00548
OG0001423	Prah	Prbg.g_00429	Prah.g_01078
OG0001423	Praf	Prbg.g_00429	Praf.g_00331
OG0001423	Prbj	Prbg.g_00429	Prbj.g_02711, Prbj.g_01102
OG0001423	Prbk	Prbg.g_00429	Prbk.g_02679, Prbk.g_01945
OG0001423	Prbl	Prbg.g_00429	Prbl.g_02629, Prbl.g_00738
OG0001423	Syaa	Prbg.g_00429	Syaa.g_00365
OG0001423	Syai	Prbg.g_00429	Syai.g_02446, Syai.g_02822, Syai.g_02466
OG0001423	Syal	Prbg.g_00429	Syal.g_00726
OG0001423	Syac	Prbg.g_00429	Syac.g_00457
OG0001423	Syah	Prbg.g_00429	Syah.g_00965
OG0001423	Syad	Prbg.g_00429	Syad.g_02707, Syad.g_02708
OG0001423	Praj	Prbg.g_00429	Praj.g_01598
OG0001423	Prbb	Prbg.g_00429	Prbb.g_01665, Prbb.g_01664
OG0001423	Pram	Prbg.g_00429	Pram.g_00613
OG0001423	Prbh	Prbg.g_00429	Prbh.g_01940
OG0001423	Prak	Prbg.g_00429	Prak.g_00645
OG0001423	Prap	Prbg.g_00429	Prap.g_00633
OG0001423	Prbe	Prbg.g_00429	Prbe.g_00698
OG0001423	Prbf	Prbg.g_00429	Prbf.g_00361
OG0001423	Prbn	Prbg.g_00429	Prbn.g_00787
OG0001424	Pral	Prbg.g_00025	Pral.g_01853
OG0001424	Prat	Prbg.g_00025	Prat.g_00657
OG0001424	Prag	Prbg.g_00025	Prag.g_01259
OG0001424	Praw	Prbg.g_00025	Praw.g_00323
OG0001424	Prav	Prbg.g_00025	Prav.g_01877
OG0001424	Praj	Prbg.g_00025	Praj.g_01395
OG0001424	Prbb	Prbg.g_00025	Prbb.g_01449
OG0001424	Prbm	Prbg.g_00025	Prbm.g_01482
OG0001424	Prbc	Prbg.g_00025	Prbc.g_01380
OG0001424	Prab	Prbg.g_00025	Prab.g_01082
OG0001424	Pran	Prbg.g_00025	Pran.g_00415
OG0001424	Prai	Prbg.g_00025	Prai.g_01059
OG0001424	Prad	Prbg.g_00025	Prad.g_00258
OG0001424	Prac	Prbg.g_00025	Prac.g_01399
OG0001424	Praq	Prbg.g_00025	Praq.g_01475
OG0001424	Prar	Prbg.g_00025	Prar.g_01761
OG0001424	Prbi	Prbg.g_00025	Prbi.g_00936
OG0001424	Pray	Prbg.g_00025	Pray.g_00438
OG0001424	Praz	Prbg.g_00025	Praz.g_01422
OG0001424	Prba	Prbg.g_00025	Prba.g_01409
OG0001424	Prao	Prbg.g_00025	Prao.g_00831
OG0001424	Prbd	Prbg.g_00025	Prbd.g_00192
OG0001424	Prae	Prbg.g_00025	Prae.g_00894
OG0001424	Pram	Prbg.g_00025	Pram.g_00681
OG0001424	Prbh	Prbg.g_00025	Prbh.g_00825
OG0001424	Prak	Prbg.g_00025	Prak.g_00709
OG0001424	Prap	Prbg.g_00025	Prap.g_00017
OG0001424	Prbe	Prbg.g_00025	Prbe.g_00074
OG0001424	Prbf	Prbg.g_00025	Prbf.g_00299
OG0001424	Prbn	Prbg.g_00025	Prbn.g_01042
OG0001425	Prao	Prbg.g_01907	Prao.g_01803
OG0001425	Prad	Prbg.g_01907	Prad.g_01573
OG0001425	Prav	Prbg.g_01907	Prav.g_00748
OG0001425	Prag	Prbg.g_01907	Prag.g_01920
OG0001425	Praw	Prbg.g_01907	Praw.g_01173
OG0001425	Praq	Prbg.g_01907	Praq.g_00389
OG0001425	Prbi	Prbg.g_01907	Prbi.g_02066
OG0001425	Prae	Prbg.g_01907	Prae.g_01874
OG0001425	Pray	Prbg.g_01907	Pray.g_01424
OG0001425	Praz	Prbg.g_01907	Praz.g_00145
OG0001425	Prba	Prbg.g_01907	Prba.g_00828
OG0001425	Prab	Prbg.g_01907	Prab.g_01917
OG0001425	Pran	Prbg.g_01907	Pran.g_01219
OG0001425	Prat	Prbg.g_01907	Prat.g_01848
OG0001425	Prbj	Prbg.g_01907	Prbj.g_01972
OG0001425	Prbk	Prbg.g_01907	Prbk.g_02177
OG0001425	Prbl	Prbg.g_01907	Prbl.g_02222
OG0001425	Praf	Prbg.g_01907	Praf.g_02673
OG0001425	Prah	Prbg.g_01907	Prah.g_02507
OG0001425	Syac	Prbg.g_01907	Syac.g_02373
OG0001425	Syah	Prbg.g_01907	Syah.g_00486
OG0001425	Syab	Prbg.g_01907	Syab.g_02777
OG0001425	Syal	Prbg.g_01907	Syal.g_01089
OG0001425	Syak	Prbg.g_01907	Syak.g_01922
OG0001425	Syaj	Prbg.g_01907	Syaj.g_02137
OG0001425	Syae	Prbg.g_01907	Syae.g_01586
OG0001425	Syaf	Prbg.g_01907	Syaf.g_00631
OG0001425	Syai	Prbg.g_01907	Syai.g_02792
OG0001425	Syam	Prbg.g_01907	Syam.g_02329
OG0001425	Syad	Prbg.g_01907	Syad.g_00012
OG0001425	Syag	Prbg.g_01907	Syag.g_02148
OG0001425	Syan	Prbg.g_01907	Syan.g_01584
OG0001425	Syao	Prbg.g_01907	Syao.g_02366
OG0001425	Syap	Prbg.g_01907	Syap.g_01024
OG0001425	Pral	Prbg.g_01907	Pral.g_00365
OG0001425	Prbm	Prbg.g_01907	Prbm.g_02183
OG0001425	Praj	Prbg.g_01907	Praj.g_02098
OG0001425	Prbb	Prbg.g_01907	Prbb.g_02138
OG0001425	Prbc	Prbg.g_01907	Prbc.g_01004
OG0001425	Pram	Prbg.g_01907	Pram.g_01893
OG0001425	Prbh	Prbg.g_01907	Prbh.g_01521
OG0001425	Prak	Prbg.g_01907	Prak.g_01902
OG0001425	Prap	Prbg.g_01907	Prap.g_01521
OG0001425	Prbe	Prbg.g_01907	Prbe.g_01165
OG0001425	Prbf	Prbg.g_01907	Prbf.g_00436
OG0001425	Prbn	Prbg.g_01907	Prbn.g_00937
OG0001428	Prbm	Prbg.g_00950	Prbm.g_00231
OG0001428	Prab	Prbg.g_00950	Prab.g_00163
OG0001428	Pran	Prbg.g_00950	Pran.g_00260
OG0001428	Prai	Prbg.g_00950	Prai.g_00183
OG0001428	Prag	Prbg.g_00950	Prag.g_00165
OG0001428	Praw	Prbg.g_00950	Praw.g_01263
OG0001428	Prad	Prbg.g_00950	Prad.g_01819
OG0001428	Prac	Prbg.g_00950	Prac.g_01758
OG0001428	Praq	Prbg.g_00950	Praq.g_01830
OG0001428	Prar	Prbg.g_00950	Prar.g_00155
OG0001428	Prao	Prbg.g_00950	Prao.g_00310
OG0001428	Prbd	Prbg.g_00950	Prbd.g_01068
OG0001428	Prbi	Prbg.g_00950	Prbi.g_00196
OG0001428	Pray	Prbg.g_00950	Pray.g_00653
OG0001428	Praz	Prbg.g_00950	Praz.g_00532
OG0001428	Prba	Prbg.g_00950	Prba.g_00628
OG0001428	Praa	Prbg.g_00950	Praa.g_00172
OG0001428	Pras	Prbg.g_00950	Pras.g_01023
OG0001428	Prau	Prbg.g_00950	Prau.g_00173
OG0001428	Prax	Prbg.g_00950	Prax.g_01046
OG0001428	Prae	Prbg.g_00950	Prae.g_00175
OG0001428	Prav	Prbg.g_00950	Prav.g_00866
OG0001428	Syab	Prbg.g_00950	Syab.g_02594
OG0001428	Syal	Prbg.g_00950	Syal.g_00915
OG0001428	Syag	Prbg.g_00950	Syag.g_01981
OG0001428	Syaq	Prbg.g_00950	Syaq.g_01396
OG0001428	Syae	Prbg.g_00950	Syae.g_01456
OG0001428	Syaf	Prbg.g_00950	Syaf.g_00804
OG0001428	Syai	Prbg.g_00950	Syai.g_02637
OG0001428	Syam	Prbg.g_00950	Syam.g_02220
OG0001428	Syac	Prbg.g_00950	Syac.g_00301
OG0001428	Syah	Prbg.g_00950	Syah.g_00081
OG0001428	Syad	Prbg.g_00950	Syad.g_02906
OG0001428	Syaj	Prbg.g_00950	Syaj.g_01993
OG0001428	Syaa	Prbg.g_00950	Syaa.g_02481
OG0001428	Syap	Prbg.g_00950	Syap.g_01196
OG0001428	Syan	Prbg.g_00950	Syan.g_03039
OG0001428	Syas	Prbg.g_00950	Syas.g_02325
OG0001428	Syar	Prbg.g_00950	Syar.g_00108
OG0001428	Prat	Prbg.g_00950	Prat.g_00173
OG0001428	Prak	Prbg.g_00950	Prak.g_00184
OG0001428	Prap	Prbg.g_00950	Prap.g_00998
OG0001428	Prbe	Prbg.g_00950	Prbe.g_01720
OG0001428	Prbf	Prbg.g_00950	Prbf.g_01506
OG0001428	Prbn	Prbg.g_00950	Prbn.g_00382
OG0001429	Prac	Prbg.g_01259	Prac.g_01486
OG0001429	Prao	Prbg.g_01259	Prao.g_00730
OG0001429	Praq	Prbg.g_01259	Praq.g_00659
OG0001429	Prar	Prbg.g_01259	Prar.g_01673
OG0001429	Prab	Prbg.g_01259	Prab.g_00830
OG0001429	Pran	Prbg.g_01259	Pran.g_01353
OG0001429	Praa	Prbg.g_01259	Praa.g_00792
OG0001429	Prae	Prbg.g_01259	Prae.g_00795
OG0001429	Prag	Prbg.g_01259	Prag.g_00796
OG0001429	Pras	Prbg.g_01259	Pras.g_01691
OG0001429	Prau	Prbg.g_01259	Prau.g_00844
OG0001429	Prav	Prbg.g_01259	Prav.g_00386
OG0001429	Praw	Prbg.g_01259	Praw.g_01707
OG0001429	Prax	Prbg.g_01259	Prax.g_00383
OG0001429	Pray	Prbg.g_01259	Pray.g_00338
OG0001429	Praz	Prbg.g_01259	Praz.g_01522
OG0001429	Prba	Prbg.g_01259	Prba.g_01509
OG0001429	Prbd	Prbg.g_01259	Prbd.g_00092
OG0001429	Prbi	Prbg.g_01259	Prbi.g_00836
OG0001429	Prad	Prbg.g_01259	Prad.g_01135
OG0001429	Prbm	Prbg.g_01259	Prbm.g_00958
OG0001429	Praj	Prbg.g_01259	Praj.g_00916
OG0001429	Prbb	Prbg.g_01259	Prbb.g_00961
OG0001429	Prbc	Prbg.g_01259	Prbc.g_02006
OG0001429	Pram	Prbg.g_01259	Pram.g_00912
OG0001429	Prbh	Prbg.g_01259	Prbh.g_01055
OG0001429	Pral	Prbg.g_01259	Pral.g_01659
OG0001429	Prat	Prbg.g_01259	Prat.g_00864
OG0001429	Syas	Prbg.g_01259	Syas.g_00401
OG0001429	Syan	Prbg.g_01259	Syan.g_00480
OG0001429	Syat	Prbg.g_01259	Syat.g_00627
OG0001429	Syao	Prbg.g_01259	Syao.g_00648
OG0001429	Syar	Prbg.g_01259	Syar.g_02582
OG0001429	Syag	Prbg.g_01259	Syag.g_00770
OG0001429	Syad	Prbg.g_01259	Syad.g_01656
OG0001429	Syab	Prbg.g_01259	Syab.g_01423
OG0001429	Syak	Prbg.g_01259	Syak.g_00547
OG0001429	Syaq	Prbg.g_01259	Syaq.g_02438
OG0001429	Syae	Prbg.g_01259	Syae.g_00315
OG0001429	Syam	Prbg.g_01259	Syam.g_01083
OG0001429	Prak	Prbg.g_01259	Prak.g_00945
OG0001429	Prap	Prbg.g_01259	Prap.g_00684
OG0001429	Prbe	Prbg.g_01259	Prbe.g_01322
OG0001429	Prbf	Prbg.g_01259	Prbf.g_01145
OG0001429	Prbn	Prbg.g_01259	Prbn.g_01446
OG0001430	Prai	Prbg.g_01550	Prai.g_01271
OG0001430	Prac	Prbg.g_01550	Prac.g_00148
OG0001430	Praq	Prbg.g_01550	Praq.g_00106
OG0001430	Prar	Prbg.g_01550	Prar.g_00982
OG0001430	Pras	Prbg.g_01550	Pras.g_00172
OG0001430	Prau	Prbg.g_01550	Prau.g_01341
OG0001430	Prad	Prbg.g_01550	Prad.g_00334
OG0001430	Prav	Prbg.g_01550	Prav.g_01403
OG0001430	Prao	Prbg.g_01550	Prao.g_01312
OG0001430	Pray	Prbg.g_01550	Pray.g_01901
OG0001430	Praz	Prbg.g_01550	Praz.g_01211
OG0001430	Prba	Prbg.g_01550	Prba.g_01161
OG0001430	Prag	Prbg.g_01550	Prag.g_01322
OG0001430	Praw	Prbg.g_01550	Praw.g_00948
OG0001430	Prbi	Prbg.g_01550	Prbi.g_01356
OG0001430	Praa	Prbg.g_01550	Praa.g_01284
OG0001430	Prae	Prbg.g_01550	Prae.g_01287
OG0001430	Praj	Prbg.g_01550	Praj.g_00856
OG0001430	Prbb	Prbg.g_01550	Prbb.g_00901
OG0001430	Prbm	Prbg.g_01550	Prbm.g_00898
OG0001430	Prbc	Prbg.g_01550	Prbc.g_01945
OG0001430	Syat	Prbg.g_01550	Syat.g_03343
OG0001430	Syaq	Prbg.g_01550	Syaq.g_01271
OG0001430	Syak	Prbg.g_01550	Syak.g_01949, Syak.g_00314
OG0001430	Syab	Prbg.g_01550	Syab.g_02743
OG0001430	Syal	Prbg.g_01550	Syal.g_01055
OG0001430	Syac	Prbg.g_01550	Syac.g_02345
OG0001430	Syah	Prbg.g_01550	Syah.g_00518
OG0001430	Syar	Prbg.g_01550	Syar.g_03306
OG0001430	Syad	Prbg.g_01550	Syad.g_03026
OG0001430	Syaa	Prbg.g_01550	Syaa.g_02584
OG0001430	Syai	Prbg.g_01550	Syai.g_02768
OG0001430	Syam	Prbg.g_01550	Syam.g_02305
OG0001430	Syae	Prbg.g_01550	Syae.g_01560
OG0001430	Syaj	Prbg.g_01550	Syaj.g_02104
OG0001430	Prat	Prbg.g_01550	Prat.g_01216
OG0001430	Pral	Prbg.g_01550	Pral.g_01309
OG0001430	Pram	Prbg.g_01550	Pram.g_01197
OG0001430	Prbh	Prbg.g_01550	Prbh.g_01340
OG0001430	Prak	Prbg.g_01550	Prak.g_01236
OG0001430	Prap	Prbg.g_01550	Prap.g_00520
OG0001430	Prbe	Prbg.g_01550	Prbe.g_01613
OG0001430	Prbf	Prbg.g_01550	Prbf.g_00854
OG0001430	Prbn	Prbg.g_01550	Prbn.g_01125
OG0001431	Prax	Prbg.g_00722, Prbg.g_01532	Prax.g_01931
OG0001431	Prao	Prbg.g_00722, Prbg.g_01532	Prao.g_01308
OG0001431	Praa	Prbg.g_00722, Prbg.g_01532	Praa.g_01287
OG0001431	Prae	Prbg.g_00722, Prbg.g_01532	Prae.g_01290
OG0001431	Pray	Prbg.g_00722, Prbg.g_01532	Pray.g_01898
OG0001431	Praz	Prbg.g_00722, Prbg.g_01532	Praz.g_01208
OG0001431	Prba	Prbg.g_00722, Prbg.g_01532	Prba.g_01164
OG0001431	Prbi	Prbg.g_00722, Prbg.g_01532	Prbi.g_01360
OG0001431	Prav	Prbg.g_00722, Prbg.g_01532	Prav.g_01406
OG0001431	Prad	Prbg.g_00722, Prbg.g_01532	Prad.g_00338
OG0001431	Prag	Prbg.g_00722, Prbg.g_01532	Prag.g_01325
OG0001431	Praw	Prbg.g_00722, Prbg.g_01532	Praw.g_00951
OG0001431	Pras	Prbg.g_00722, Prbg.g_01532	Pras.g_00175
OG0001431	Prau	Prbg.g_00722, Prbg.g_01532	Prau.g_01344
OG0001431	Prbd	Prbg.g_00722, Prbg.g_01532	Prbd.g_01860
OG0001431	Prac	Prbg.g_00722, Prbg.g_01532	Prac.g_00151
OG0001431	Prar	Prbg.g_00722, Prbg.g_01532	Prar.g_00979
OG0001431	Praq	Prbg.g_00722, Prbg.g_01532	Praq.g_00109
OG0001431	Prbc	Prbg.g_00722, Prbg.g_01532	Prbc.g_00143
OG0001431	Prbm	Prbg.g_00722, Prbg.g_01532	Prbm.g_01181
OG0001431	Prbb	Prbg.g_00722, Prbg.g_01532	Prbb.g_01207
OG0001431	Praj	Prbg.g_00722, Prbg.g_01532	Praj.g_01165
OG0001431	Syad	Prbg.g_00722, Prbg.g_01532	Syad.g_00393
OG0001431	Pram	Prbg.g_00722	Pram.g_00629
OG0001431	Prbh	Prbg.g_00722	Prbh.g_00773
OG0001431	Pral	Prbg.g_00722	Pral.g_00046
OG0001431	Prbj	Prbg.g_00722	Prbj.g_00731
OG0001431	Prbk	Prbg.g_00722	Prbk.g_01737
OG0001431	Prbl	Prbg.g_00722	Prbl.g_02617
OG0001431	Praf	Prbg.g_00722	Praf.g_01082
OG0001431	Prah	Prbg.g_00722	Prah.g_00998
OG0001431	Prat	Prbg.g_00722	Prat.g_01489
OG0001431	Prak	Prbg.g_00722	Prak.g_01522
OG0001431	Prap	Prbg.g_00722	Prap.g_01911
OG0001431	Prbe	Prbg.g_00722	Prbe.g_00013
OG0001431	Prbf	Prbg.g_00722	Prbf.g_00816
OG0001431	Prbn	Prbg.g_00722	Prbn.g_00138
OG0001431	Pram	Prbg.g_01532	Pram.g_01186
OG0001431	Prbh	Prbg.g_01532	Prbh.g_01329
OG0001431	Prak	Prbg.g_01532	Prak.g_01218
OG0001431	Prbe	Prbg.g_01532	Prbe.g_01595
OG0001431	Prap	Prbg.g_01532	Prap.g_00502
OG0001431	Prbf	Prbg.g_01532	Prbf.g_00872
OG0001431	Prbn	Prbg.g_01532	Prbn.g_01143
OG0001433	Pray	Prbg.g_01637	Pray.g_00311
OG0001433	Praz	Prbg.g_01637	Praz.g_01549
OG0001433	Prba	Prbg.g_01637	Prba.g_01536
OG0001433	Prbi	Prbg.g_01637	Prbi.g_01302
OG0001433	Prac	Prbg.g_01637	Prac.g_00899
OG0001433	Prar	Prbg.g_01637	Prar.g_01180
OG0001433	Praq	Prbg.g_01637	Praq.g_00066
OG0001433	Prbd	Prbg.g_01637	Prbd.g_00829
OG0001433	Prae	Prbg.g_01637	Prae.g_01232
OG0001433	Prax	Prbg.g_01637	Prax.g_00526
OG0001433	Prav	Prbg.g_01637	Prav.g_00958
OG0001433	Prab	Prbg.g_01637	Prab.g_00792
OG0001433	Pran	Prbg.g_01637	Pran.g_01391
OG0001433	Prag	Prbg.g_01637	Prag.g_00768
OG0001433	Praw	Prbg.g_01637	Praw.g_01735
OG0001433	Syao	Prbg.g_01637	Syao.g_00300
OG0001433	Praf	Prbg.g_01637	Praf.g_01027
OG0001433	Prah	Prbg.g_01637	Prah.g_01162
OG0001433	Syaq	Prbg.g_01637	Syaq.g_00128
OG0001433	Syag	Prbg.g_01637	Syag.g_00943
OG0001433	Syaa	Prbg.g_01637	Syaa.g_00849
OG0001433	Syam	Prbg.g_01637	Syam.g_00752
OG0001433	Syai	Prbg.g_01637	Syai.g_02031
OG0001433	Syaf	Prbg.g_01637	Syaf.g_01398
OG0001433	Syae	Prbg.g_01637	Syae.g_00819
OG0001433	Syad	Prbg.g_01637	Syad.g_01253, Syad.g_01252
OG0001433	Syak	Prbg.g_01637	Syak.g_00771
OG0001433	Syar	Prbg.g_01637	Syar.g_00173
OG0001433	Syat	Prbg.g_01637	Syat.g_01429
OG0001433	Syas	Prbg.g_01637	Syas.g_01398
OG0001433	Syap	Prbg.g_01637	Syap.g_00790
OG0001433	Syah	Prbg.g_01637	Syah.g_01513
OG0001433	Syal	Prbg.g_01637	Syal.g_02212
OG0001433	Syan	Prbg.g_01637	Syan.g_00245
OG0001433	Praj	Prbg.g_01637	Praj.g_01118
OG0001433	Prbb	Prbg.g_01637	Prbb.g_01163
OG0001433	Prbc	Prbg.g_01637	Prbc.g_00602
OG0001433	Prbm	Prbg.g_01637	Prbm.g_01146, Prbm.g_01432
OG0001433	Prak	Prbg.g_01637	Prak.g_01632
OG0001433	Prap	Prbg.g_01637	Prap.g_01792
OG0001433	Prbe	Prbg.g_01637	Prbe.g_00998
OG0001433	Prbf	Prbg.g_01637	Prbf.g_00706
OG0001433	Prbn	Prbg.g_01637	Prbn.g_01732
OG0001434	Prag	Prbg.g_01104	Prag.g_00925
OG0001434	Praw	Prbg.g_01104	Praw.g_01578
OG0001434	Praq	Prbg.g_01104	Praq.g_01509
OG0001434	Prab	Prbg.g_01104	Prab.g_01049
OG0001434	Pran	Prbg.g_01104	Pran.g_00448
OG0001434	Prau	Prbg.g_01104	Prau.g_00976
OG0001434	Prav	Prbg.g_01104	Prav.g_00518
OG0001434	Pray	Prbg.g_01104	Pray.g_00472
OG0001434	Praz	Prbg.g_01104	Praz.g_01389
OG0001434	Prba	Prbg.g_01104	Prba.g_01376
OG0001434	Prad	Prbg.g_01104	Prad.g_00225
OG0001434	Prbd	Prbg.g_01104	Prbd.g_00225
OG0001434	Prax	Prbg.g_01104	Prax.g_00581
OG0001434	Prbm	Prbg.g_01104	Prbm.g_00949
OG0001434	Praj	Prbg.g_01104	Praj.g_00908
OG0001434	Prbb	Prbg.g_01104	Prbb.g_00953
OG0001434	Prbc	Prbg.g_01104	Prbc.g_01998
OG0001434	Prat	Prbg.g_01104	Prat.g_00737
OG0001434	Syao	Prbg.g_01104	Syao.g_00988
OG0001434	Syar	Prbg.g_01104	Syar.g_02613
OG0001434	Syan	Prbg.g_01104	Syan.g_00717
OG0001434	Syap	Prbg.g_01104	Syap.g_00167
OG0001434	Syak	Prbg.g_01104	Syak.g_00404
OG0001434	Syat	Prbg.g_01104	Syat.g_00455
OG0001434	Syab	Prbg.g_01104	Syab.g_01594
OG0001434	Syal	Prbg.g_01104	Syal.g_02245
OG0001434	Syaq	Prbg.g_01104	Syaq.g_02312
OG0001434	Prah	Prbg.g_01104	Prah.g_00696
OG0001434	Praf	Prbg.g_01104	Praf.g_01500
OG0001434	Prbj	Prbg.g_01104	Prbj.g_02385
OG0001434	Prbk	Prbg.g_01104	Prbk.g_02441
OG0001434	Prbl	Prbg.g_01104	Prbl.g_02362
OG0001434	Syaa	Prbg.g_01104	Syaa.g_01123
OG0001434	Syad	Prbg.g_01104	Syad.g_01916
OG0001434	Syaj	Prbg.g_01104	Syaj.g_01054
OG0001434	Syae	Prbg.g_01104	Syae.g_00548
OG0001434	Syam	Prbg.g_01104	Syam.g_01316
OG0001434	Syac	Prbg.g_01104	Syac.g_01368
OG0001434	Syah	Prbg.g_01104	Syah.g_01805
OG0001434	Pral	Prbg.g_01104	Pral.g_01779
OG0001434	Prak	Prbg.g_01104	Prak.g_00790
OG0001434	Prap	Prbg.g_01104	Prap.g_00838
OG0001434	Prbe	Prbg.g_01104	Prbe.g_00437
OG0001434	Prbf	Prbg.g_01104	Prbf.g_01300
OG0001434	Prbn	Prbg.g_01104	Prbn.g_01601
OG0001435	Prbi	Prbg.g_01080	Prbi.g_00947
OG0001435	Prbd	Prbg.g_01080	Prbd.g_00202
OG0001435	Prac	Prbg.g_01080	Prac.g_01388
OG0001435	Praq	Prbg.g_01080	Praq.g_01486
OG0001435	Prar	Prbg.g_01080	Prar.g_01772
OG0001435	Prav	Prbg.g_01080	Prav.g_00495
OG0001435	Pras	Prbg.g_01080	Pras.g_01797
OG0001435	Syat	Prbg.g_01080	Syat.g_00422
OG0001435	Syar	Prbg.g_01080	Syar.g_01621
OG0001435	Syan	Prbg.g_01080	Syan.g_00745
OG0001435	Syao	Prbg.g_01080	Syao.g_00961
OG0001435	Syap	Prbg.g_01080	Syap.g_01259
OG0001435	Syas	Prbg.g_01080	Syas.g_00678
OG0001435	Syaq	Prbg.g_01080	Syaq.g_02265
OG0001435	Syag	Prbg.g_01080	Syag.g_00605
OG0001435	Syak	Prbg.g_01080	Syak.g_00369
OG0001435	Syab	Prbg.g_01080	Syab.g_01637
OG0001435	Syal	Prbg.g_01080	Syal.g_02290
OG0001435	Praf	Prbg.g_01080	Praf.g_01457
OG0001435	Prah	Prbg.g_01080	Prah.g_00737
OG0001435	Prbj	Prbg.g_01080	Prbj.g_02336
OG0001435	Prbk	Prbg.g_01080	Prbk.g_02392
OG0001435	Prbl	Prbg.g_01080	Prbl.g_02411
OG0001435	Syae	Prbg.g_01080	Syae.g_00579
OG0001435	Syaf	Prbg.g_01080	Syaf.g_02107
OG0001435	Syai	Prbg.g_01080	Syai.g_01256
OG0001435	Syam	Prbg.g_01080	Syam.g_01353
OG0001435	Syad	Prbg.g_01080	Syad.g_01612
OG0001435	Syaj	Prbg.g_01080	Syaj.g_00736
OG0001435	Syaa	Prbg.g_01080	Syaa.g_01090
OG0001435	Syac	Prbg.g_01080	Syac.g_01399
OG0001435	Syah	Prbg.g_01080	Syah.g_01525
OG0001435	Prbm	Prbg.g_01080	Prbm.g_00925
OG0001435	Praj	Prbg.g_01080	Praj.g_00883
OG0001435	Prbc	Prbg.g_01080	Prbc.g_01973
OG0001435	Prbb	Prbg.g_01080	Prbb.g_00928
OG0001435	Pram	Prbg.g_01080	Pram.g_00730
OG0001435	Prbh	Prbg.g_01080	Prbh.g_00874
OG0001435	Pral	Prbg.g_01080	Pral.g_01803
OG0001435	Prat	Prbg.g_01080	Prat.g_00711
OG0001435	Prak	Prbg.g_01080	Prak.g_00766
OG0001435	Prap	Prbg.g_01080	Prap.g_00862
OG0001435	Prbe	Prbg.g_01080	Prbe.g_00413
OG0001435	Prbf	Prbg.g_01080	Prbf.g_01324
OG0001435	Prbn	Prbg.g_01080	Prbn.g_01625
OG0001437	Prac	Prbg.g_01012	Prac.g_01700
OG0001437	Praq	Prbg.g_01012	Praq.g_01772
OG0001437	Prar	Prbg.g_01012	Prar.g_00097
OG0001437	Prab	Prbg.g_01012	Prab.g_00221
OG0001437	Pran	Prbg.g_01012	Pran.g_00202
OG0001437	Prai	Prbg.g_01012	Prai.g_00241
OG0001437	Prav	Prbg.g_01012	Prav.g_00808
OG0001437	Prad	Prbg.g_01012	Prad.g_01761
OG0001437	Prae	Prbg.g_01012	Prae.g_00233
OG0001437	Prag	Prbg.g_01012	Prag.g_00223
OG0001437	Praw	Prbg.g_01012	Praw.g_01205
OG0001437	Praa	Prbg.g_01012	Praa.g_00230
OG0001437	Prao	Prbg.g_01012	Prao.g_00368
OG0001437	Pras	Prbg.g_01012	Pras.g_01082
OG0001437	Prau	Prbg.g_01012	Prau.g_00231
OG0001437	Prax	Prbg.g_01012	Prax.g_00988
OG0001437	Praz	Prbg.g_01012	Praz.g_00590
OG0001437	Prba	Prbg.g_01012	Prba.g_00449
OG0001437	Prbd	Prbg.g_01012	Prbd.g_01009
OG0001437	Prbi	Prbg.g_01012	Prbi.g_00254
OG0001437	Pray	Prbg.g_01012	Pray.g_00711
OG0001437	Praj	Prbg.g_01012	Praj.g_00269
OG0001437	Prbc	Prbg.g_01012	Prbc.g_00341
OG0001437	Prbb	Prbg.g_01012	Prbb.g_00286
OG0001437	Prbm	Prbg.g_01012	Prbm.g_00289
OG0001437	Prah	Prbg.g_01012	Prah.g_01411
OG0001437	Praf	Prbg.g_01012	Praf.g_00745
OG0001437	Prbj	Prbg.g_01012	Prbj.g_01775
OG0001437	Prbk	Prbg.g_01012	Prbk.g_01136
OG0001437	Prbl	Prbg.g_01012	Prbl.g_01769
OG0001437	Syap	Prbg.g_01012	Syap.g_00448
OG0001437	Syao	Prbg.g_01012	Syao.g_00998
OG0001437	Syan	Prbg.g_01012	Syan.g_01005
OG0001437	Syat	Prbg.g_01012	Syat.g_00016
OG0001437	Syar	Prbg.g_01012	Syar.g_01554
OG0001437	Pral	Prbg.g_01012	Pral.g_00811
OG0001437	Prat	Prbg.g_01012	Prat.g_00234
OG0001437	Pram	Prbg.g_01012	Pram.g_00217
OG0001437	Prbh	Prbg.g_01012	Prbh.g_00550
OG0001437	Prak	Prbg.g_01012	Prak.g_00246
OG0001437	Prap	Prbg.g_01012	Prap.g_01482
OG0001437	Prbe	Prbg.g_01012	Prbe.g_01782
OG0001437	Prbf	Prbg.g_01012	Prbf.g_01568
OG0001437	Prbn	Prbg.g_01012	Prbn.g_00320
OG0001440	Prac	Prbg.g_01614, Prbg.g_01608	Prac.g_01119
OG0001440	Praq	Prbg.g_01614, Prbg.g_01608	Praq.g_01129
OG0001440	Prar	Prbg.g_01614, Prbg.g_01608	Prar.g_00476
OG0001440	Prab	Prbg.g_01614, Prbg.g_01608	Prab.g_00425, Prab.g_00405
OG0001440	Pran	Prbg.g_01614, Prbg.g_01608	Pran.g_01758, Pran.g_01778
OG0001440	Praa	Prbg.g_01614, Prbg.g_01608	Praa.g_00417, Praa.g_00399
OG0001440	Prai	Prbg.g_01614, Prbg.g_01608	Prai.g_00448
OG0001440	Pras	Prbg.g_01614, Prbg.g_01608	Pras.g_01285, Pras.g_01296
OG0001440	Prav	Prbg.g_01614, Prbg.g_01608	Prav.g_01022
OG0001440	Prau	Prbg.g_01614, Prbg.g_01608	Prau.g_00458, Prau.g_00432
OG0001440	Praz	Prbg.g_01614, Prbg.g_01608	Praz.g_01908
OG0001440	Prba	Prbg.g_01614, Prbg.g_01608	Prba.g_01041
OG0001440	Pray	Prbg.g_01614, Prbg.g_01608	Pray.g_00910
OG0001440	Prad	Prbg.g_01614, Prbg.g_01608	Prad.g_00697
OG0001440	Prae	Prbg.g_01614, Prbg.g_01608	Prae.g_00402
OG0001440	Prbd	Prbg.g_01614, Prbg.g_01608	Prbd.g_00833
OG0001440	Prao	Prbg.g_01614, Prbg.g_01608	Prao.g_00532
OG0001440	Prax	Prbg.g_01614, Prbg.g_01608	Prax.g_00772
OG0001440	Prag	Prbg.g_01614, Prbg.g_01608	Prag.g_00396
OG0001440	Praw	Prbg.g_01614, Prbg.g_01608	Praw.g_00730
OG0001440	Prbb	Prbg.g_01614, Prbg.g_01608	Prbb.g_01286
OG0001440	Praj	Prbg.g_01614, Prbg.g_01608	Praj.g_01242
OG0001440	Prbc	Prbg.g_01614, Prbg.g_01608	Prbc.g_01315
OG0001440	Prbm	Prbg.g_01614, Prbg.g_01608	Prbm.g_01351
OG0001440	Pram	Prbg.g_01614	Pram.g_01587
OG0001440	Prbh	Prbg.g_01614	Prbh.g_01827
OG0001440	Prat	Prbg.g_01614	Prat.g_00613
OG0001440	Prak	Prbg.g_01614	Prak.g_01609
OG0001440	Prap	Prbg.g_01614	Prap.g_01815
OG0001440	Prbe	Prbg.g_01614	Prbe.g_01021
OG0001440	Prbf	Prbg.g_01614	Prbf.g_00729
OG0001440	Prbn	Prbg.g_01614	Prbn.g_01709
OG0001440	Prat	Prbg.g_01608	Prat.g_01552
OG0001440	Prak	Prbg.g_01608	Prak.g_01603
OG0001440	Prap	Prbg.g_01608	Prap.g_01821
OG0001440	Prbe	Prbg.g_01608	Prbe.g_01027
OG0001440	Prbf	Prbg.g_01608	Prbf.g_00735
OG0001440	Prbn	Prbg.g_01608	Prbn.g_01703
OG0001443	Prag	Prbg.g_01547	Prag.g_01652
OG0001443	Praw	Prbg.g_01547	Praw.g_00498
OG0001443	Prav	Prbg.g_01547	Prav.g_01744
OG0001443	Prai	Prbg.g_01547	Prai.g_01602
OG0001443	Prab	Prbg.g_01547	Prab.g_01604
OG0001443	Pran	Prbg.g_01547	Pran.g_00595
OG0001443	Praj	Prbg.g_01547	Praj.g_01841
OG0001443	Prbb	Prbg.g_01547	Prbb.g_01896
OG0001443	Prbm	Prbg.g_01547	Prbm.g_01919
OG0001443	Prbc	Prbg.g_01547	Prbc.g_00905
OG0001443	Pram	Prbg.g_01547	Pram.g_01543
OG0001443	Prbh	Prbg.g_01547	Prbh.g_01871
OG0001443	Praf	Prbg.g_01547	Praf.g_00493
OG0001443	Prbj	Prbg.g_01547	Prbj.g_00872
OG0001443	Prbk	Prbg.g_01547	Prbk.g_00922
OG0001443	Prbl	Prbg.g_01547	Prbl.g_00408
OG0001443	Prah	Prbg.g_01547	Prah.g_01664
OG0001443	Syar	Prbg.g_01547	Syar.g_00378
OG0001443	Syat	Prbg.g_01547	Syat.g_02649
OG0001443	Syap	Prbg.g_01547	Syap.g_01006
OG0001443	Syas	Prbg.g_01547	Syas.g_01910
OG0001443	Syac	Prbg.g_01547	Syac.g_02382
OG0001443	Syah	Prbg.g_01547	Syah.g_00478
OG0001443	Syab	Prbg.g_01547	Syab.g_02794
OG0001443	Syal	Prbg.g_01547	Syal.g_01101
OG0001443	Syad	Prbg.g_01547	Syad.g_00023
OG0001443	Syaj	Prbg.g_01547	Syaj.g_02145
OG0001443	Syag	Prbg.g_01547	Syag.g_02157
OG0001443	Syak	Prbg.g_01547	Syak.g_01909
OG0001443	Syaq	Prbg.g_01547	Syaq.g_01236
OG0001443	Syae	Prbg.g_01547	Syae.g_01594
OG0001443	Syaf	Prbg.g_01547	Syaf.g_00621
OG0001443	Syam	Prbg.g_01547	Syam.g_02335
OG0001443	Syai	Prbg.g_01547	Syai.g_02800
OG0001443	Syaa	Prbg.g_01547	Syaa.g_02617
OG0001443	Syan	Prbg.g_01547	Syan.g_01590
OG0001443	Syao	Prbg.g_01547	Syao.g_02369
OG0001443	Prat	Prbg.g_01547	Prat.g_01227
OG0001443	Pral	Prbg.g_01547	Pral.g_01300
OG0001443	Prak	Prbg.g_01547	Prak.g_01233
OG0001443	Prap	Prbg.g_01547	Prap.g_00517
OG0001443	Prbe	Prbg.g_01547	Prbe.g_01610
OG0001443	Prbf	Prbg.g_01547	Prbf.g_00857
OG0001443	Prbn	Prbg.g_01547	Prbn.g_01128
OG0001446	Prab	Prbg.g_00017	Prab.g_00071
OG0001446	Pran	Prbg.g_00017	Pran.g_00353
OG0001446	Prai	Prbg.g_00017	Prai.g_00079
OG0001446	Prac	Prbg.g_00017	Prac.g_01852
OG0001446	Praq	Prbg.g_00017	Praq.g_01924
OG0001446	Prar	Prbg.g_00017	Prar.g_00249
OG0001446	Prao	Prbg.g_00017	Prao.g_00218
OG0001446	Pray	Prbg.g_00017	Pray.g_00210
OG0001446	Praz	Prbg.g_00017	Praz.g_00439
OG0001446	Prba	Prbg.g_00017	Prba.g_01867
OG0001446	Praa	Prbg.g_00017	Praa.g_00079
OG0001446	Prad	Prbg.g_00017	Prad.g_01914
OG0001446	Pras	Prbg.g_00017	Pras.g_00930
OG0001446	Prau	Prbg.g_00017	Prau.g_00080
OG0001446	Prag	Prbg.g_00017	Prag.g_00073
OG0001446	Praw	Prbg.g_00017	Praw.g_01355
OG0001446	Prav	Prbg.g_00017	Prav.g_00144
OG0001446	Prae	Prbg.g_00017	Prae.g_00079
OG0001446	Prax	Prbg.g_00017	Prax.g_00650
OG0001446	Prbi	Prbg.g_00017	Prbi.g_00086
OG0001446	Prbd	Prbg.g_00017	Prbd.g_01165
OG0001446	Syac	Prbg.g_00017	Syac.g_01293
OG0001446	Syah	Prbg.g_00017	Syah.g_01731
OG0001446	Syai	Prbg.g_00017	Syai.g_00832
OG0001446	Syaj	Prbg.g_00017	Syaj.g_00527
OG0001446	Prbm	Prbg.g_00017	Prbm.g_00136
OG0001446	Prbb	Prbg.g_00017	Prbb.g_00134
OG0001446	Praj	Prbg.g_00017	Praj.g_00117
OG0001446	Prbc	Prbg.g_00017	Prbc.g_00494
OG0001446	Praf	Prbg.g_00017	Praf.g_00962
OG0001446	Prah	Prbg.g_00017	Prah.g_01211
OG0001446	Prbj	Prbg.g_00017	Prbj.g_00047
OG0001446	Prbk	Prbg.g_00017	Prbk.g_01665
OG0001446	Prbl	Prbg.g_00017	Prbl.g_01075
OG0001446	Pram	Prbg.g_00017	Pram.g_01536
OG0001446	Prbh	Prbg.g_00017	Prbh.g_01878
OG0001446	Pral	Prbg.g_00017	Pral.g_00048
OG0001446	Prat	Prbg.g_00017	Prat.g_01504
OG0001446	Prak	Prbg.g_00017	Prak.g_00717
OG0001446	Prap	Prbg.g_00017	Prap.g_00025
OG0001446	Prbe	Prbg.g_00017	Prbe.g_00066
OG0001446	Prbf	Prbg.g_00017	Prbf.g_00291
OG0001446	Prbn	Prbg.g_00017	Prbn.g_01034
OG0001448	Prau	Prbg.g_00175	Prau.g_00369
OG0001448	Prab	Prbg.g_00175	Prab.g_00356
OG0001448	Pran	Prbg.g_00175	Pran.g_01827
OG0001448	Prai	Prbg.g_00175	Prai.g_00380
OG0001448	Prae	Prbg.g_00175	Prae.g_00366
OG0001448	Prao	Prbg.g_00175	Prao.g_00502
OG0001448	Prav	Prbg.g_00175	Prav.g_00986
OG0001448	Prag	Prbg.g_00175	Prag.g_00361
OG0001448	Praw	Prbg.g_00175	Praw.g_00765
OG0001448	Prbd	Prbg.g_00175	Prbd.g_00872
OG0001448	Praa	Prbg.g_00175	Praa.g_00366
OG0001448	Pray	Prbg.g_00175	Pray.g_00844
OG0001448	Praz	Prbg.g_00175	Praz.g_00808
OG0001448	Prba	Prbg.g_00175	Prba.g_00860
OG0001448	Prac	Prbg.g_00175	Prac.g_01167
OG0001448	Praq	Prbg.g_00175	Praq.g_01177
OG0001448	Prar	Prbg.g_00175	Prar.g_00427
OG0001448	Pras	Prbg.g_00175	Pras.g_01220
OG0001448	Prax	Prbg.g_00175	Prax.g_00806
OG0001448	Prbi	Prbg.g_00175	Prbi.g_00391
OG0001448	Prad	Prbg.g_00175	Prad.g_00743
OG0001448	Syaq	Prbg.g_00175	Syaq.g_01873
OG0001448	Syak	Prbg.g_00175	Syak.g_00121
OG0001448	Syab	Prbg.g_00175	Syab.g_01789
OG0001448	Syal	Prbg.g_00175	Syal.g_02552
OG0001448	Syag	Prbg.g_00175	Syag.g_01350
OG0001448	Syaa	Prbg.g_00175	Syaa.g_00423
OG0001448	Syac	Prbg.g_00175	Syac.g_01094
OG0001448	Syah	Prbg.g_00175	Syah.g_01540
OG0001448	Syaf	Prbg.g_00175	Syaf.g_00612
OG0001448	Syai	Prbg.g_00175	Syai.g_02808
OG0001448	Syam	Prbg.g_00175	Syam.g_02342
OG0001448	Syad	Prbg.g_00175	Syad.g_02723
OG0001448	Syaj	Prbg.g_00175	Syaj.g_01813
OG0001448	Pral	Prbg.g_00175	Pral.g_01851
OG0001448	Prat	Prbg.g_00175	Prat.g_00658
OG0001448	Pram	Prbg.g_00175	Pram.g_00392
OG0001448	Prbh	Prbg.g_00175	Prbh.g_00375
OG0001448	Prak	Prbg.g_00175	Prak.g_00417
OG0001448	Prap	Prbg.g_00175	Prap.g_01311
OG0001448	Prbe	Prbg.g_00175	Prbe.g_00677
OG0001448	Prbf	Prbg.g_00175	Prbf.g_01739
OG0001448	Prbn	Prbg.g_00175	Prbn.g_00658
OG0001450	Prab	Prbg.g_01129	Prab.g_00692
OG0001450	Pran	Prbg.g_01129	Pran.g_01491
OG0001450	Prai	Prbg.g_01129	Prai.g_00716
OG0001450	Prag	Prbg.g_01129	Prag.g_00665
OG0001450	Praw	Prbg.g_01129	Praw.g_01835
OG0001450	Prao	Prbg.g_01129	Prao.g_00125
OG0001450	Pray	Prbg.g_01129	Pray.g_01076
OG0001450	Praz	Prbg.g_01129	Praz.g_01643
OG0001450	Prba	Prbg.g_01129	Prba.g_01630
OG0001450	Prae	Prbg.g_01129	Prae.g_00661
OG0001450	Prax	Prbg.g_01129	Prax.g_00955
OG0001450	Prac	Prbg.g_01129	Prac.g_00684
OG0001450	Praq	Prbg.g_01129	Praq.g_00816
OG0001450	Prar	Prbg.g_01129	Prar.g_01517
OG0001450	Prav	Prbg.g_01129	Prav.g_01285
OG0001450	Pras	Prbg.g_01129	Pras.g_01563
OG0001450	Prau	Prbg.g_01129	Prau.g_00727
OG0001450	Prad	Prbg.g_01129	Prad.g_01261
OG0001450	Praa	Prbg.g_01129	Praa.g_00687
OG0001450	Prbi	Prbg.g_01129	Prbi.g_00690
OG0001450	Prbd	Prbg.g_01129	Prbd.g_00557
OG0001450	Syab	Prbg.g_01129	Syab.g_01081
OG0001450	Syar	Prbg.g_01129	Syar.g_00880
OG0001450	Syas	Prbg.g_01129	Syas.g_02208, Syas.g_00474
OG0001450	Pram	Prbg.g_01129	Pram.g_00778
OG0001450	Prbh	Prbg.g_01129	Prbh.g_00922
OG0001450	Prat	Prbg.g_01129	Prat.g_00761
OG0001450	Pral	Prbg.g_01129	Pral.g_01754
OG0001450	Prah	Prbg.g_01129	Prah.g_00965
OG0001450	Praf	Prbg.g_01129	Praf.g_01230
OG0001450	Prbj	Prbg.g_01129	Prbj.g_00921
OG0001450	Prbk	Prbg.g_01129	Prbk.g_01827
OG0001450	Prbl	Prbg.g_01129	Prbl.g_01847
OG0001450	Praj	Prbg.g_01129	Praj.g_00680
OG0001450	Prbb	Prbg.g_01129	Prbb.g_00693
OG0001450	Prbc	Prbg.g_01129	Prbc.g_01769
OG0001450	Prbm	Prbg.g_01129	Prbm.g_00724
OG0001450	Prak	Prbg.g_01129	Prak.g_00815
OG0001450	Prap	Prbg.g_01129	Prap.g_00813
OG0001450	Prbe	Prbg.g_01129	Prbe.g_00462
OG0001450	Prbf	Prbg.g_01129	Prbf.g_01275
OG0001450	Prbn	Prbg.g_01129	Prbn.g_01576
OG0001451	Prab	Prbg.g_01226	Prab.g_00901
OG0001451	Pran	Prbg.g_01226	Pran.g_01282
OG0001451	Prai	Prbg.g_01226	Prai.g_00786
OG0001451	Prac	Prbg.g_01226	Prac.g_01415
OG0001451	Praq	Prbg.g_01226	Praq.g_01459
OG0001451	Prar	Prbg.g_01226	Prar.g_01745
OG0001451	Prag	Prbg.g_01226	Prag.g_00865
OG0001451	Praw	Prbg.g_01226	Praw.g_01638
OG0001451	Prav	Prbg.g_01226	Prav.g_00457
OG0001451	Prao	Prbg.g_01226	Prao.g_00802
OG0001451	Praa	Prbg.g_01226	Praa.g_00865
OG0001451	Prbi	Prbg.g_01226	Prbi.g_00908
OG0001451	Pras	Prbg.g_01226	Pras.g_01761
OG0001451	Prau	Prbg.g_01226	Prau.g_00915
OG0001451	Prad	Prbg.g_01226	Prad.g_00287
OG0001451	Pray	Prbg.g_01226	Pray.g_00409
OG0001451	Praz	Prbg.g_01226	Praz.g_01451
OG0001451	Prba	Prbg.g_01226	Prba.g_01438
OG0001451	Prbd	Prbg.g_01226	Prbd.g_00163
OG0001451	Prae	Prbg.g_01226	Prae.g_00866
OG0001451	Prax	Prbg.g_01226	Prax.g_00312
OG0001451	Syaf	Prbg.g_01226	Syaf.g_02183
OG0001451	Syat	Prbg.g_01226	Syat.g_02877
OG0001451	Syas	Prbg.g_01226	Syas.g_02342, Syas.g_02343
OG0001451	Prbj	Prbg.g_01226	Prbj.g_02199
OG0001451	Prbk	Prbg.g_01226	Prbk.g_00598
OG0001451	Prbl	Prbg.g_01226	Prbl.g_02546
OG0001451	Praf	Prbg.g_01226	Praf.g_01323
OG0001451	Prah	Prbg.g_01226	Prah.g_00866
OG0001451	Prbc	Prbg.g_01226	Prbc.g_01924
OG0001451	Prbb	Prbg.g_01226	Prbb.g_00848
OG0001451	Praj	Prbg.g_01226	Praj.g_00836
OG0001451	Prbm	Prbg.g_01226	Prbm.g_00878
OG0001451	Prat	Prbg.g_01226	Prat.g_00973
OG0001451	Pral	Prbg.g_01226	Pral.g_01553
OG0001451	Pram	Prbg.g_01226	Pram.g_00877
OG0001451	Prbh	Prbg.g_01226	Prbh.g_01020
OG0001451	Prak	Prbg.g_01226	Prak.g_00912
OG0001451	Prap	Prbg.g_01226	Prap.g_00716
OG0001451	Prbe	Prbg.g_01226	Prbe.g_01289
OG0001451	Prbf	Prbg.g_01226	Prbf.g_01178
OG0001451	Prbn	Prbg.g_01226	Prbn.g_01479
OG0001455	Prbm	Prbg.g_01542	Prbm.g_00048
OG0001455	Prbc	Prbg.g_01542	Prbc.g_01117
OG0001455	Praj	Prbg.g_01542	Praj.g_00043
OG0001455	Prbb	Prbg.g_01542	Prbb.g_00054
OG0001455	Prah	Prbg.g_01542	Prah.g_02425
OG0001455	Praf	Prbg.g_01542	Praf.g_02587
OG0001455	Prbj	Prbg.g_01542	Prbj.g_00227
OG0001455	Prbk	Prbg.g_01542	Prbk.g_00694
OG0001455	Prbl	Prbg.g_01542	Prbl.g_00138
OG0001455	Pral	Prbg.g_01542	Pral.g_00019
OG0001455	Prav	Prbg.g_01542	Prav.g_01388
OG0001455	Prab	Prbg.g_01542	Prab.g_01634
OG0001455	Pran	Prbg.g_01542	Pran.g_00935
OG0001455	Prae	Prbg.g_01542	Prae.g_01322
OG0001455	Prau	Prbg.g_01542	Prau.g_00749
OG0001455	Prat	Prbg.g_01542	Prat.g_01463, Prat.g_00666
OG0001455	Pram	Prbg.g_01542	Pram.g_01191
OG0001455	Prbh	Prbg.g_01542	Prbh.g_01334
OG0001455	Prak	Prbg.g_01542	Prak.g_01228
OG0001455	Prap	Prbg.g_01542	Prap.g_00512
OG0001455	Prbe	Prbg.g_01542	Prbe.g_01605
OG0001455	Prbf	Prbg.g_01542	Prbf.g_00862
OG0001455	Prbn	Prbg.g_01542	Prbn.g_01133
OG0001460	Pray	Prbg.g_01636	Pray.g_00310
OG0001460	Praz	Prbg.g_01636	Praz.g_01550
OG0001460	Prba	Prbg.g_01636	Prba.g_01537
OG0001460	Prbi	Prbg.g_01636	Prbi.g_01303
OG0001460	Prbd	Prbg.g_01636	Prbd.g_00828
OG0001460	Prae	Prbg.g_01636	Prae.g_01233
OG0001460	Prax	Prbg.g_01636	Prax.g_00525
OG0001460	Prab	Prbg.g_01636	Prab.g_00791
OG0001460	Pran	Prbg.g_01636	Pran.g_01392
OG0001460	Prag	Prbg.g_01636	Prag.g_00767
OG0001460	Praw	Prbg.g_01636	Praw.g_01736
OG0001460	Prav	Prbg.g_01636	Prav.g_00959
OG0001460	Praf	Prbg.g_01636	Praf.g_01028
OG0001460	Prah	Prbg.g_01636	Prah.g_01161
OG0001460	Syag	Prbg.g_01636	Syag.g_00944
OG0001460	Syak	Prbg.g_01636	Syak.g_00770
OG0001460	Syai	Prbg.g_01636	Syai.g_02030
OG0001460	Syaf	Prbg.g_01636	Syaf.g_01399
OG0001460	Syam	Prbg.g_01636	Syam.g_00753
OG0001460	Syah	Prbg.g_01636	Syah.g_01512
OG0001460	Syal	Prbg.g_01636	Syal.g_02211
OG0001460	Syar	Prbg.g_01636	Syar.g_00172
OG0001460	Syaq	Prbg.g_01636	Syaq.g_00129
OG0001460	Syao	Prbg.g_01636	Syao.g_00299
OG0001460	Syan	Prbg.g_01636	Syan.g_00244
OG0001460	Syap	Prbg.g_01636	Syap.g_00789
OG0001460	Syas	Prbg.g_01636	Syas.g_01399
OG0001460	Syat	Prbg.g_01636	Syat.g_01430
OG0001460	Syaa	Prbg.g_01636	Syaa.g_00850
OG0001460	Syad	Prbg.g_01636	Syad.g_01254
OG0001460	Syae	Prbg.g_01636	Syae.g_00818
OG0001460	Pram	Prbg.g_01636	Pram.g_01623
OG0001460	Prbh	Prbg.g_01636	Prbh.g_01791
OG0001460	Praj	Prbg.g_01636	Praj.g_01117
OG0001460	Prbb	Prbg.g_01636	Prbb.g_01162
OG0001460	Prbc	Prbg.g_01636	Prbc.g_00601
OG0001460	Prbm	Prbg.g_01636	Prbm.g_01431, Prbm.g_01147
OG0001460	Prak	Prbg.g_01636	Prak.g_01631
OG0001460	Prap	Prbg.g_01636	Prap.g_01793
OG0001460	Prbe	Prbg.g_01636	Prbe.g_00999
OG0001460	Prbf	Prbg.g_01636	Prbf.g_00707
OG0001460	Prbn	Prbg.g_01636	Prbn.g_01731
OG0001461	Prax	Prbg.g_00817	Prax.g_01569
OG0001461	Prbi	Prbg.g_00817	Prbi.g_01545
OG0001461	Prab	Prbg.g_00817	Prab.g_01286
OG0001461	Pran	Prbg.g_00817	Pran.g_00916
OG0001461	Prae	Prbg.g_00817	Prae.g_01228
OG0001461	Prbd	Prbg.g_00817	Prbd.g_00823
OG0001461	Syac	Prbg.g_00817	Syac.g_02168
OG0001461	Syah	Prbg.g_00817	Syah.g_00711
OG0001461	Syaa	Prbg.g_00817	Syaa.g_02328
OG0001461	Syak	Prbg.g_00817	Syak.g_00276
OG0001461	Syag	Prbg.g_00817	Syag.g_00521
OG0001461	Syaf	Prbg.g_00817	Syaf.g_01633
OG0001461	Syam	Prbg.g_00817	Syam.g_00928
OG0001461	Syai	Prbg.g_00817	Syai.g_01730
OG0001461	Syab	Prbg.g_00817	Syab.g_01754
OG0001461	Syaq	Prbg.g_00817	Syaq.g_02163
OG0001461	Pral	Prbg.g_00817	Pral.g_00457
OG0001461	Syan	Prbg.g_00817	Syan.g_00657
OG0001461	Syao	Prbg.g_00817	Syao.g_00788
OG0001461	Syas	Prbg.g_00817	Syas.g_00566
OG0001461	Syar	Prbg.g_00817	Syar.g_02478
OG0001461	Syap	Prbg.g_00817	Syap.g_02707
OG0001461	Syat	Prbg.g_00817	Syat.g_01945
OG0001461	Prbj	Prbg.g_00817	Prbj.g_01889
OG0001461	Prbk	Prbg.g_00817	Prbk.g_00296
OG0001461	Prbl	Prbg.g_00817	Prbl.g_00620
OG0001461	Praf	Prbg.g_00817	Praf.g_01953
OG0001461	Prah	Prbg.g_00817	Prah.g_00260
OG0001461	Syal	Prbg.g_00817	Syal.g_02091
OG0001461	Syad	Prbg.g_00817	Syad.g_02162
OG0001461	Syae	Prbg.g_00817	Syae.g_00063
OG0001461	Prat	Prbg.g_00817	Prat.g_00378
OG0001461	Pram	Prbg.g_00817	Pram.g_01575
OG0001461	Prbh	Prbg.g_00817	Prbh.g_01839
OG0001461	Praj	Prbg.g_00817	Praj.g_01381
OG0001461	Prbb	Prbg.g_00817	Prbb.g_01437
OG0001461	Prbc	Prbg.g_00817	Prbc.g_00014
OG0001461	Prbm	Prbg.g_00817	Prbm.g_00071
OG0001461	Prak	Prbg.g_00817	Prak.g_00057
OG0001461	Prap	Prbg.g_00817	Prap.g_00898
OG0001461	Prbe	Prbg.g_00817	Prbe.g_00157
OG0001461	Prbf	Prbg.g_00817	Prbf.g_01379
OG0001461	Prbn	Prbg.g_00817	Prbn.g_00725
OG0001463	Prab	Prbg.g_00066	Prab.g_00274
OG0001463	Pran	Prbg.g_00066	Pran.g_01908
OG0001463	Prai	Prbg.g_00066	Prai.g_00299
OG0001463	Pras	Prbg.g_00066	Pras.g_01138
OG0001463	Prau	Prbg.g_00066	Prau.g_00288
OG0001463	Prad	Prbg.g_00066	Prad.g_01705
OG0001463	Prao	Prbg.g_00066	Prao.g_00423
OG0001463	Prav	Prbg.g_00066	Prav.g_01932
OG0001463	Prac	Prbg.g_00066	Prac.g_01645
OG0001463	Praq	Prbg.g_00066	Praq.g_01716
OG0001463	Prar	Prbg.g_00066	Prar.g_00301
OG0001463	Prag	Prbg.g_00066	Prag.g_00277
OG0001463	Praw	Prbg.g_00066	Praw.g_00848
OG0001463	Pray	Prbg.g_00066	Pray.g_00765
OG0001463	Praz	Prbg.g_00066	Praz.g_00644
OG0001463	Prba	Prbg.g_00066	Prba.g_00503
OG0001463	Prax	Prbg.g_00066	Prax.g_00889
OG0001463	Prae	Prbg.g_00066	Prae.g_00287
OG0001463	Prbi	Prbg.g_00066	Prbi.g_00310
OG0001463	Praa	Prbg.g_00066	Praa.g_00286
OG0001463	Prbd	Prbg.g_00066	Prbd.g_00953
OG0001463	Prbj	Prbg.g_00066	Prbj.g_01413
OG0001463	Prbk	Prbg.g_00066	Prbk.g_00425
OG0001463	Prbl	Prbg.g_00066	Prbl.g_01445
OG0001463	Praf	Prbg.g_00066	Praf.g_02287
OG0001463	Prah	Prbg.g_00066	Prah.g_02142
OG0001463	Praj	Prbg.g_00066	Praj.g_00322
OG0001463	Prbb	Prbg.g_00066	Prbb.g_00338
OG0001463	Prbm	Prbg.g_00066	Prbm.g_00343
OG0001463	Prbc	Prbg.g_00066	Prbc.g_01179
OG0001463	Syab	Prbg.g_00066	Syab.g_01104
OG0001463	Syad	Prbg.g_00066	Syad.g_01264
OG0001463	Syaj	Prbg.g_00066	Syaj.g_00403
OG0001463	Pral	Prbg.g_00066	Pral.g_00752
OG0001463	Prat	Prbg.g_00066	Prat.g_00294
OG0001463	Pram	Prbg.g_00066	Pram.g_00275
OG0001463	Prbh	Prbg.g_00066	Prbh.g_00492
OG0001463	Prap	Prbg.g_00066	Prap.g_01423
OG0001463	Prak	Prbg.g_00066	Prak.g_00305
OG0001463	Prbe	Prbg.g_00066	Prbe.g_01841
OG0001463	Prbf	Prbg.g_00066	Prbf.g_01627
OG0001463	Prbn	Prbg.g_00066	Prbn.g_00054
OG0001464	Prai	Prbg.g_00111	Prai.g_00342
OG0001464	Prab	Prbg.g_00111	Prab.g_00317
OG0001464	Pran	Prbg.g_00111	Pran.g_01865
OG0001464	Prao	Prbg.g_00111	Prao.g_00465
OG0001464	Prax	Prbg.g_00111	Prax.g_00844
OG0001464	Prbi	Prbg.g_00111	Prbi.g_00353
OG0001464	Prau	Prbg.g_00111	Prau.g_00331
OG0001464	Pray	Prbg.g_00111	Pray.g_00807
OG0001464	Praz	Prbg.g_00111	Praz.g_00686
OG0001464	Prba	Prbg.g_00111	Prba.g_00545
OG0001464	Prbd	Prbg.g_00111	Prbd.g_00910
OG0001464	Prad	Prbg.g_00111	Prad.g_01662
OG0001464	Prac	Prbg.g_00111	Prac.g_01602
OG0001464	Praq	Prbg.g_00111	Praq.g_01673
OG0001464	Prar	Prbg.g_00111	Prar.g_00258
OG0001464	Praa	Prbg.g_00111	Praa.g_00329
OG0001464	Prag	Prbg.g_00111	Prag.g_00320
OG0001464	Prav	Prbg.g_00111	Prav.g_01975
OG0001464	Praw	Prbg.g_00111	Praw.g_00805
OG0001464	Prae	Prbg.g_00111	Prae.g_00330
OG0001464	Pras	Prbg.g_00111	Pras.g_01181
OG0001464	Prbj	Prbg.g_00111	Prbj.g_00351
OG0001464	Prbk	Prbg.g_00111	Prbk.g_00861
OG0001464	Prbl	Prbg.g_00111	Prbl.g_01191
OG0001464	Praf	Prbg.g_00111	Praf.g_02065
OG0001464	Prah	Prbg.g_00111	Prah.g_01948
OG0001464	Syak	Prbg.g_00111	Syak.g_01260
OG0001464	Syad	Prbg.g_00111	Syad.g_00743
OG0001464	Syaj	Prbg.g_00111	Syaj.g_02788
OG0001464	Prbc	Prbg.g_00111	Prbc.g_01813
OG0001464	Prbm	Prbg.g_00111	Prbm.g_00768
OG0001464	Prbb	Prbg.g_00111	Prbb.g_00739
OG0001464	Praj	Prbg.g_00111	Praj.g_00724
OG0001464	Pral	Prbg.g_00111	Pral.g_00705
OG0001464	Prat	Prbg.g_00111	Prat.g_00341
OG0001464	Pram	Prbg.g_00111	Pram.g_00322
OG0001464	Prbh	Prbg.g_00111	Prbh.g_00445
OG0001464	Prak	Prbg.g_00111	Prak.g_00350
OG0001464	Prap	Prbg.g_00111	Prap.g_01378
OG0001464	Prbe	Prbg.g_00111	Prbe.g_01886
OG0001464	Prbf	Prbg.g_00111	Prbf.g_01672
OG0001464	Prbn	Prbg.g_00111	Prbn.g_00099
OG0001465	Prai	Prbg.g_01148	Prai.g_00731
OG0001465	Prab	Prbg.g_01148	Prab.g_00707
OG0001465	Pran	Prbg.g_01148	Pran.g_01476
OG0001465	Pray	Prbg.g_01148	Pray.g_01061
OG0001465	Praz	Prbg.g_01148	Praz.g_01628
OG0001465	Prba	Prbg.g_01148	Prba.g_01615
OG0001465	Prad	Prbg.g_01148	Prad.g_01276
OG0001465	Prav	Prbg.g_01148	Prav.g_01300
OG0001465	Prag	Prbg.g_01148	Prag.g_00680
OG0001465	Praw	Prbg.g_01148	Praw.g_01820
OG0001465	Prac	Prbg.g_01148	Prac.g_00669
OG0001465	Praq	Prbg.g_01148	Praq.g_00831
OG0001465	Prar	Prbg.g_01148	Prar.g_01532
OG0001465	Prao	Prbg.g_01148	Prao.g_00140
OG0001465	Praa	Prbg.g_01148	Praa.g_00702
OG0001465	Prbd	Prbg.g_01148	Prbd.g_00542
OG0001465	Prbi	Prbg.g_01148	Prbi.g_00706
OG0001465	Prax	Prbg.g_01148	Prax.g_00940
OG0001465	Prau	Prbg.g_01148	Prau.g_00742
OG0001465	Prae	Prbg.g_01148	Prae.g_00676
OG0001465	Pras	Prbg.g_01148	Pras.g_01578
OG0001465	Pral	Prbg.g_01148	Pral.g_01735
OG0001465	Syaa	Prbg.g_01148	Syaa.g_01211
OG0001465	Syaf	Prbg.g_01148	Syaf.g_02000
OG0001465	Syai	Prbg.g_01148	Syai.g_01384
OG0001465	Syam	Prbg.g_01148	Syam.g_01250
OG0001465	Syac	Prbg.g_01148	Syac.g_01299
OG0001465	Syah	Prbg.g_01148	Syah.g_01737
OG0001465	Syak	Prbg.g_01148	Syak.g_00775
OG0001465	Syag	Prbg.g_01148	Syag.g_00940
OG0001465	Syaq	Prbg.g_01148	Syaq.g_02704
OG0001465	Syad	Prbg.g_01148	Syad.g_01830
OG0001465	Syaj	Prbg.g_01148	Syaj.g_00968
OG0001465	Syae	Prbg.g_01148	Syae.g_00475
OG0001465	Prat	Prbg.g_01148	Prat.g_00779
OG0001465	Pram	Prbg.g_01148	Pram.g_00797
OG0001465	Prbh	Prbg.g_01148	Prbh.g_00941
OG0001465	Prak	Prbg.g_01148	Prak.g_00834
OG0001465	Prap	Prbg.g_01148	Prap.g_00794
OG0001465	Prbe	Prbg.g_01148	Prbe.g_01211
OG0001465	Prbf	Prbg.g_01148	Prbf.g_01256
OG0001465	Prbn	Prbg.g_01148	Prbn.g_01557
OG0001467	Prac	Prbg.g_00524	Prac.g_01497
OG0001467	Prar	Prbg.g_00524	Prar.g_01662
OG0001467	Praq	Prbg.g_00524	Praq.g_00648
OG0001467	Pray	Prbg.g_00524	Pray.g_00327
OG0001467	Praz	Prbg.g_00524	Praz.g_01533
OG0001467	Prba	Prbg.g_00524	Prba.g_01520
OG0001467	Prai	Prbg.g_00524	Prai.g_00868
OG0001467	Prad	Prbg.g_00524	Prad.g_01124
OG0001467	Prav	Prbg.g_00524	Prav.g_00374
OG0001467	Prag	Prbg.g_00524	Prag.g_00785
OG0001467	Praw	Prbg.g_00524	Praw.g_01718
OG0001467	Prbi	Prbg.g_00524	Prbi.g_00826
OG0001467	Prae	Prbg.g_00524	Prae.g_00785
OG0001467	Prax	Prbg.g_00524	Prax.g_00394
OG0001467	Praa	Prbg.g_00524	Praa.g_00781
OG0001467	Prbd	Prbg.g_00524	Prbd.g_00081
OG0001467	Prao	Prbg.g_00524	Prao.g_00719
OG0001467	Prbm	Prbg.g_00524	Prbm.g_00117
OG0001467	Praj	Prbg.g_00524	Praj.g_00098
OG0001467	Prbb	Prbg.g_00524	Prbb.g_00115
OG0001467	Prbc	Prbg.g_00524	Prbc.g_00514
OG0001467	Pral	Prbg.g_00524	Pral.g_01223
OG0001467	Prat	Prbg.g_00524	Prat.g_01290
OG0001467	Syag	Prbg.g_00524	Syag.g_01322
OG0001467	Syaf	Prbg.g_00524	Syaf.g_02280
OG0001467	Syaa	Prbg.g_00524	Syaa.g_01601
OG0001467	Syam	Prbg.g_00524	Syam.g_01438
OG0001467	Syai	Prbg.g_00524	Syai.g_01141
OG0001467	Syab	Prbg.g_00524	Syab.g_00805
OG0001467	Syaq	Prbg.g_00524	Syaq.g_00354
OG0001467	Syao	Prbg.g_00524	Syao.g_01225
OG0001467	Syar	Prbg.g_00524	Syar.g_01745
OG0001467	Syan	Prbg.g_00524	Syan.g_00107
OG0001467	Syat	Prbg.g_00524	Syat.g_02457
OG0001467	Syak	Prbg.g_00524	Syak.g_01022
OG0001467	Pram	Prbg.g_00524	Pram.g_01470
OG0001467	Prbh	Prbg.g_00524	Prbh.g_00007
OG0001467	Prak	Prbg.g_00524	Prak.g_01324
OG0001467	Prap	Prbg.g_00524	Prap.g_01947
OG0001467	Prbe	Prbg.g_00524	Prbe.g_00378
OG0001467	Prbf	Prbg.g_00524	Prbf.g_00090
OG0001467	Prbn	Prbg.g_00524	Prbn.g_01235
OG0001468	Prab	Prbg.g_01051	Prab.g_01110
OG0001468	Pran	Prbg.g_01051	Pran.g_00169
OG0001468	Prai	Prbg.g_01051	Prai.g_01073
OG0001468	Prac	Prbg.g_01051	Prac.g_01242
OG0001468	Praq	Prbg.g_01051	Praq.g_01632
OG0001468	Prar	Prbg.g_01051	Prar.g_01918
OG0001468	Prao	Prbg.g_01051	Prao.g_00991
OG0001468	Pray	Prbg.g_01051	Pray.g_00598
OG0001468	Praz	Prbg.g_01051	Praz.g_00080
OG0001468	Prba	Prbg.g_01051	Prba.g_01250
OG0001468	Prag	Prbg.g_01051	Prag.g_01049
OG0001468	Praw	Prbg.g_01051	Praw.g_01454
OG0001468	Prav	Prbg.g_01051	Prav.g_00225
OG0001468	Prad	Prbg.g_01051	Prad.g_01005
OG0001468	Pras	Prbg.g_01051	Pras.g_01948
OG0001468	Prau	Prbg.g_01051	Prau.g_01102
OG0001468	Prbi	Prbg.g_01051	Prbi.g_01100
OG0001468	Praa	Prbg.g_01051	Praa.g_01053
OG0001468	Prax	Prbg.g_01051	Prax.g_01218
OG0001468	Prbd	Prbg.g_01051	Prbd.g_00354
OG0001468	Prae	Prbg.g_01051	Prae.g_01054
OG0001468	Praj	Prbg.g_01051	Praj.g_00865
OG0001468	Prbb	Prbg.g_01051	Prbb.g_00910
OG0001468	Prbc	Prbg.g_01051	Prbc.g_01954
OG0001468	Prbm	Prbg.g_01051	Prbm.g_00907
OG0001468	Syao	Prbg.g_01051	Syao.g_00604
OG0001468	Syac	Prbg.g_01051	Syac.g_01014
OG0001468	Syah	Prbg.g_01051	Syah.g_01899
OG0001468	Syaf	Prbg.g_01051	Syaf.g_02278
OG0001468	Syai	Prbg.g_01051	Syai.g_01144
OG0001468	Syam	Prbg.g_01051	Syam.g_01435
OG0001468	Syaa	Prbg.g_01051	Syaa.g_01597
OG0001468	Syae	Prbg.g_01051	Syae.g_00113
OG0001468	Pral	Prbg.g_01051	Pral.g_01834
OG0001468	Prat	Prbg.g_01051	Prat.g_00679
OG0001468	Pram	Prbg.g_01051	Pram.g_00702
OG0001468	Prbh	Prbg.g_01051	Prbh.g_00846
OG0001468	Prak	Prbg.g_01051	Prak.g_00737
OG0001468	Prap	Prbg.g_01051	Prap.g_00671
OG0001468	Prbe	Prbg.g_01051	Prbe.g_00094
OG0001468	Prbf	Prbg.g_01051	Prbf.g_00849
OG0001468	Prbn	Prbg.g_01051	Prbn.g_01941
OG0001472	Prao	Prbg.g_00367	Prao.g_01489
OG0001472	Prav	Prbg.g_00367	Prav.g_01669
OG0001472	Prab	Prbg.g_00367	Prab.g_01561
OG0001472	Pran	Prbg.g_00367	Pran.g_00638
OG0001472	Prai	Prbg.g_00367	Prai.g_01556
OG0001472	Prax	Prbg.g_00367	Prax.g_01635
OG0001472	Pras	Prbg.g_00367	Pras.g_00446
OG0001472	Prbi	Prbg.g_00367	Prbi.g_01683
OG0001472	Prag	Prbg.g_00367	Prag.g_01581
OG0001472	Praw	Prbg.g_00367	Praw.g_00428
OG0001472	Prac	Prbg.g_00367	Prac.g_00319
OG0001472	Praq	Prbg.g_00367	Praq.g_00387
OG0001472	Prar	Prbg.g_00367	Prar.g_00755
OG0001472	Praa	Prbg.g_00367	Praa.g_01570
OG0001472	Prbd	Prbg.g_00367	Prbd.g_01595
OG0001472	Prad	Prbg.g_00367	Prad.g_00421
OG0001472	Prae	Prbg.g_00367	Prae.g_01552
OG0001472	Prau	Prbg.g_00367	Prau.g_01624
OG0001472	Pray	Prbg.g_00367	Pray.g_01629
OG0001472	Praz	Prbg.g_00367	Praz.g_00948
OG0001472	Prba	Prbg.g_00367	Prba.g_00295
OG0001472	Syab	Prbg.g_00367	Syab.g_01800
OG0001472	Syam	Prbg.g_00367	Syam.g_00833
OG0001472	Syai	Prbg.g_00367	Syai.g_01931
OG0001472	Syag	Prbg.g_00367	Syag.g_00104
OG0001472	Praf	Prbg.g_00367	Praf.g_01248
OG0001472	Prbj	Prbg.g_00367	Prbj.g_00907
OG0001472	Prbk	Prbg.g_00367	Prbk.g_01841
OG0001472	Prbl	Prbg.g_00367	Prbl.g_01833
OG0001472	Prbc	Prbg.g_00367	Prbc.g_01940, Prbc.g_00069
OG0001472	Praj	Prbg.g_00367	Praj.g_00851, Praj.g_01327
OG0001472	Prbm	Prbg.g_00367	Prbm.g_00893
OG0001472	Pram	Prbg.g_00367	Pram.g_00658
OG0001472	Prbh	Prbg.g_00367	Prbh.g_00802
OG0001472	Prbb	Prbg.g_00367	Prbb.g_01371
OG0001472	Prak	Prbg.g_00367	Prak.g_00609
OG0001472	Prap	Prbg.g_00367	Prap.g_01120
OG0001472	Prbe	Prbg.g_00367	Prbe.g_00486
OG0001472	Prbf	Prbg.g_00367	Prbf.g_01930
OG0001472	Prbn	Prbg.g_00367	Prbn.g_00467
OG0001476	Prbm	Prbg.g_01479	Prbm.g_01541
OG0001476	Praj	Prbg.g_01479	Praj.g_01454
OG0001476	Prbb	Prbg.g_01479	Prbb.g_01509
OG0001476	Prbc	Prbg.g_01479	Prbc.g_01438
OG0001476	Syak	Prbg.g_01479	Syak.g_00882
OG0001476	Syab	Prbg.g_01479	Syab.g_00984
OG0001476	Syal	Prbg.g_01479	Syal.g_01667
OG0001476	Syaq	Prbg.g_01479	Syaq.g_00111, Syaq.g_02188, Syaq.g_02195, Syaq.g_00233
OG0001476	Syao	Prbg.g_01479	Syao.g_00691, Syao.g_02609, Syao.g_00324
OG0001476	Syan	Prbg.g_01479	Syan.g_00451, Syan.g_00421, Syan.g_02511, Syan.g_00283
OG0001476	Syat	Prbg.g_01479	Syat.g_02579, Syat.g_01012
OG0001476	Syar	Prbg.g_01479	Syar.g_01647, Syar.g_02077, Syar.g_02128
OG0001476	Syas	Prbg.g_01479	Syas.g_00155
OG0001476	Syae	Prbg.g_01479	Syae.g_00908
OG0001476	Syaf	Prbg.g_01479	Syaf.g_01302
OG0001476	Syai	Prbg.g_01479	Syai.g_02131
OG0001476	Syam	Prbg.g_01479	Syam.g_01784
OG0001476	Syac	Prbg.g_01479	Syac.g_00782
OG0001476	Syah	Prbg.g_01479	Syah.g_02145
OG0001476	Praf	Prbg.g_01479	Praf.g_00865
OG0001476	Prbj	Prbg.g_01479	Prbj.g_00839
OG0001476	Prbk	Prbg.g_01479	Prbk.g_00148
OG0001476	Prbl	Prbg.g_01479	Prbl.g_02095
OG0001476	Pram	Prbg.g_01479	Pram.g_01132
OG0001476	Prbh	Prbg.g_01479	Prbh.g_01275
OG0001476	Pral	Prbg.g_01479	Pral.g_01374
OG0001476	Prak	Prbg.g_01479	Prak.g_01165
OG0001476	Prap	Prbg.g_01479	Prap.g_00449
OG0001476	Prbe	Prbg.g_01479	Prbe.g_01542
OG0001476	Prbf	Prbg.g_01479	Prbf.g_00925
OG0001476	Prbn	Prbg.g_01479	Prbn.g_01196
OG0001477	Prai	Prbg.g_00384	Prai.g_01254
OG0001477	Prag	Prbg.g_00384	Prag.g_01256
OG0001477	Praw	Prbg.g_00384	Praw.g_00320
OG0001477	Prao	Prbg.g_00384	Prao.g_00006
OG0001477	Prbc	Prbg.g_00384	Prbc.g_00010
OG0001477	Praj	Prbg.g_00384	Praj.g_01370
OG0001477	Prbb	Prbg.g_00384	Prbb.g_01415
OG0001477	Prbm	Prbg.g_00384	Prbm.g_01829
OG0001477	Pram	Prbg.g_00384	Pram.g_01521
OG0001477	Prbh	Prbg.g_00384	Prbh.g_01893
OG0001477	Prat	Prbg.g_00384	Prat.g_01515, Prat.g_01514
OG0001477	Syak	Prbg.g_00384	Syak.g_00718
OG0001477	Syab	Prbg.g_00384	Syab.g_01191
OG0001477	Syal	Prbg.g_00384	Syal.g_01807
OG0001477	Syag	Prbg.g_00384	Syag.g_00990
OG0001477	Syaq	Prbg.g_00384	Syaq.g_02599
OG0001477	Prah	Prbg.g_00384	Prah.g_01020
OG0001477	Praf	Prbg.g_00384	Praf.g_01119
OG0001477	Prbj	Prbg.g_00384	Prbj.g_00750
OG0001477	Prbk	Prbg.g_00384	Prbk.g_01756
OG0001477	Prbl	Prbg.g_00384	Prbl.g_00017
OG0001477	Syae	Prbg.g_00384	Syae.g_00776
OG0001477	Syad	Prbg.g_00384	Syad.g_01307
OG0001477	Syaj	Prbg.g_00384	Syaj.g_00444
OG0001477	Syaa	Prbg.g_00384	Syaa.g_00893
OG0001477	Syac	Prbg.g_00384	Syac.g_00900
OG0001477	Syah	Prbg.g_00384	Syah.g_02015
OG0001477	Syaf	Prbg.g_00384	Syaf.g_01457
OG0001477	Syai	Prbg.g_00384	Syai.g_01992
OG0001477	Syam	Prbg.g_00384	Syam.g_00789
OG0001477	Syao	Prbg.g_00384	Syao.g_00408
OG0001477	Syar	Prbg.g_00384	Syar.g_02277
OG0001477	Syat	Prbg.g_00384	Syat.g_00321, Syat.g_00322, Syat.g_00318
OG0001477	Syas	Prbg.g_00384	Syas.g_00934
OG0001477	Prak	Prbg.g_00384	Prak.g_00691
OG0001477	Prap	Prbg.g_00384	Prap.g_00587
OG0001477	Prbe	Prbg.g_00384	Prbe.g_00744
OG0001477	Prbf	Prbg.g_00384	Prbf.g_00316
OG0001477	Prbn	Prbg.g_00384	Prbn.g_00833
OG0001481	Prab	Prbg.g_00457	Prab.g_00362
OG0001481	Pran	Prbg.g_00457	Pran.g_01821
OG0001481	Prai	Prbg.g_00457	Prai.g_00386
OG0001481	Prax	Prbg.g_00457	Prax.g_00800
OG0001481	Praa	Prbg.g_00457	Praa.g_00372
OG0001481	Pras	Prbg.g_00457	Pras.g_01226
OG0001481	Prbi	Prbg.g_00457	Prbi.g_00397
OG0001481	Prbd	Prbg.g_00457	Prbd.g_00865
OG0001481	Pray	Prbg.g_00457	Pray.g_00851
OG0001481	Praz	Prbg.g_00457	Praz.g_00801
OG0001481	Prba	Prbg.g_00457	Prba.g_00867
OG0001481	Prae	Prbg.g_00457	Prae.g_00373
OG0001481	Prad	Prbg.g_00457	Prad.g_00736
OG0001481	Prag	Prbg.g_00457	Prag.g_00367
OG0001481	Praw	Prbg.g_00457	Praw.g_00759
OG0001481	Prav	Prbg.g_00457	Prav.g_00992
OG0001481	Prao	Prbg.g_00457	Prao.g_00508
OG0001481	Prac	Prbg.g_00457	Prac.g_01160
OG0001481	Praq	Prbg.g_00457	Praq.g_01170
OG0001481	Prar	Prbg.g_00457	Prar.g_00434
OG0001481	Prau	Prbg.g_00457	Prau.g_00376
OG0001481	Prat	Prbg.g_00457	Prat.g_00375
OG0001481	Praj	Prbg.g_00457	Praj.g_01031
OG0001481	Prbb	Prbg.g_00457	Prbb.g_01077
OG0001481	Prbc	Prbg.g_00457	Prbc.g_02120
OG0001481	Prbm	Prbg.g_00457	Prbm.g_01071
OG0001481	Syal	Prbg.g_00457	Syal.g_00504
OG0001481	Prbj	Prbg.g_00457	Prbj.g_01896
OG0001481	Prbk	Prbg.g_00457	Prbk.g_00303
OG0001481	Prbl	Prbg.g_00457	Prbl.g_00627
OG0001481	Syab	Prbg.g_00457	Syab.g_00621
OG0001481	Syac	Prbg.g_00457	Syac.g_01260
OG0001481	Syah	Prbg.g_00457	Syah.g_01703
OG0001481	Pral	Prbg.g_00457	Pral.g_00671
OG0001481	Pram	Prbg.g_00457	Pram.g_01213
OG0001481	Prbh	Prbg.g_00457	Prbh.g_01356
OG0001481	Prak	Prbg.g_00457	Prak.g_01257
OG0001481	Prap	Prbg.g_00457	Prap.g_00541
OG0001481	Prbe	Prbg.g_00457	Prbe.g_00913
OG0001481	Prbf	Prbg.g_00457	Prbf.g_00046
OG0001481	Prbn	Prbg.g_00457	Prbn.g_01104
OG0001483	Prai	Prbg.g_01566	Prai.g_01613
OG0001483	Praa	Prbg.g_01566	Praa.g_01236
OG0001483	Pray	Prbg.g_01566	Pray.g_01575
OG0001483	Praz	Prbg.g_01566	Praz.g_00893
OG0001483	Prba	Prbg.g_01566	Prba.g_00242
OG0001483	Prbd	Prbg.g_01566	Prbd.g_01913
OG0001483	Prad	Prbg.g_01566	Prad.g_01983
OG0001483	Prac	Prbg.g_01566	Prac.g_00276
OG0001483	Prar	Prbg.g_01566	Prar.g_00712
OG0001483	Pras	Prbg.g_01566	Pras.g_00494
OG0001483	Prau	Prbg.g_01566	Prau.g_01666
OG0001483	Praj	Prbg.g_01566	Praj.g_00416, Praj.g_01079, Praj.g_01203, Praj.g_01273, Praj.g_01310, Praj.g_01731, Praj.g_01358
OG0001483	Prbb	Prbg.g_01566	Prbb.g_00430, Prbb.g_01122, Prbb.g_01786, Prbb.g_01245, Prbb.g_01320, Prbb.g_01355, Prbb.g_01402
OG0001483	Prbc	Prbg.g_01566	Prbc.g_00105, Prbc.g_00807, Prbc.g_02166
OG0001483	Prbm	Prbg.g_01566	Prbm.g_00434, Prbm.g_01118, Prbm.g_01230, Prbm.g_01383, Prbm.g_01809, Prbm.g_01405
OG0001483	Pram	Prbg.g_01566	Pram.g_01510
OG0001483	Prbh	Prbg.g_01566	Prbh.g_01904
OG0001483	Prak	Prbg.g_01566	Prak.g_01561
OG0001483	Prap	Prbg.g_01566	Prap.g_01863
OG0001483	Prbe	Prbg.g_01566	Prbe.g_01118
OG0001483	Prbf	Prbg.g_01566	Prbf.g_00777
OG0001483	Prbn	Prbg.g_01566	Prbn.g_01661
OG0001484	Prab	Prbg.g_00696	Prab.g_00769
OG0001484	Pran	Prbg.g_00696	Pran.g_01414
OG0001484	Prai	Prbg.g_00696	Prai.g_00893
OG0001484	Pras	Prbg.g_00696	Pras.g_00535
OG0001484	Prau	Prbg.g_00696	Prau.g_01709
OG0001484	Prad	Prbg.g_00696	Prad.g_00348
OG0001484	Prae	Prbg.g_00696	Prae.g_01299
OG0001484	Praa	Prbg.g_00696	Praa.g_01296
OG0001484	Prbd	Prbg.g_00696	Prbd.g_01837
OG0001484	Prax	Prbg.g_00696	Prax.g_01921
OG0001484	Prao	Prbg.g_00696	Prao.g_01298
OG0001484	Prbi	Prbg.g_00696	Prbi.g_01369
OG0001484	Pral	Prbg.g_00696	Pral.g_01053
OG0001484	Prbj	Prbg.g_00696	Prbj.g_02172
OG0001484	Prbk	Prbg.g_00696	Prbk.g_00625
OG0001484	Prbl	Prbg.g_00696	Prbl.g_02573
OG0001484	Praf	Prbg.g_00696	Praf.g_01297
OG0001484	Prah	Prbg.g_00696	Prah.g_00892
OG0001484	Syab	Prbg.g_00696	Syab.g_02849
OG0001484	Syah	Prbg.g_00696	Syah.g_00435
OG0001484	Syag	Prbg.g_00696	Syag.g_02203
OG0001484	Syaf	Prbg.g_00696	Syaf.g_00570
OG0001484	Syai	Prbg.g_00696	Syai.g_02864
OG0001484	Syam	Prbg.g_00696	Syam.g_02378
OG0001484	Syae	Prbg.g_00696	Syae.g_01649
OG0001484	Syaq	Prbg.g_00696	Syaq.g_02628
OG0001484	Syat	Prbg.g_00696	Syat.g_02443
OG0001484	Syas	Prbg.g_00696	Syas.g_00166, Syas.g_00167
OG0001484	Prat	Prbg.g_00696	Prat.g_00635
OG0001484	Prbm	Prbg.g_00696	Prbm.g_01315
OG0001484	Prbb	Prbg.g_00696	Prbb.g_01248
OG0001484	Praj	Prbg.g_00696	Praj.g_01206
OG0001484	Prbc	Prbg.g_00696	Prbc.g_01278
OG0001484	Pram	Prbg.g_00696	Pram.g_01277
OG0001484	Prbh	Prbg.g_00696	Prbh.g_00200
OG0001484	Prak	Prbg.g_00696	Prak.g_01496
OG0001484	Prap	Prbg.g_00696	Prap.g_00226
OG0001484	Prbe	Prbg.g_00696	Prbe.g_00206
OG0001484	Prbf	Prbg.g_00696	Prbf.g_00262
OG0001484	Prbn	Prbg.g_00696	Prbn.g_00877
OG0001485	Prag	Prbg.g_00414	Prag.g_01617
OG0001485	Praw	Prbg.g_00414	Praw.g_00464
OG0001485	Prav	Prbg.g_00414	Prav.g_01705
OG0001485	Prbd	Prbg.g_00414	Prbd.g_01561
OG0001485	Prao	Prbg.g_00414	Prao.g_01522
OG0001485	Prax	Prbg.g_00414	Prax.g_01600
OG0001485	Prad	Prbg.g_00414	Prad.g_00383
OG0001485	Prae	Prbg.g_00414	Prae.g_01588
OG0001485	Pras	Prbg.g_00414	Pras.g_00477
OG0001485	Pray	Prbg.g_00414	Pray.g_01595
OG0001485	Praz	Prbg.g_00414	Praz.g_00913
OG0001485	Prba	Prbg.g_00414	Prba.g_00261
OG0001485	Prau	Prbg.g_00414	Prau.g_01658
OG0001485	Prbi	Prbg.g_00414	Prbi.g_01725
OG0001485	Praa	Prbg.g_00414	Praa.g_01606
OG0001485	Prai	Prbg.g_00414	Prai.g_01270
OG0001485	Prab	Prbg.g_00414	Prab.g_00922, Prab.g_01290
OG0001485	Pran	Prbg.g_00414	Pran.g_00575, Pran.g_00912
OG0001485	Prac	Prbg.g_00414	Prac.g_00886
OG0001485	Praq	Prbg.g_00414	Praq.g_00052
OG0001485	Prar	Prbg.g_00414	Prar.g_01166
OG0001485	Praf	Prbg.g_00414	Praf.g_00549
OG0001485	Prbj	Prbg.g_00414	Prbj.g_01678
OG0001485	Prbk	Prbg.g_00414	Prbk.g_02012
OG0001485	Prbl	Prbg.g_00414	Prbl.g_00462
OG0001485	Prah	Prbg.g_00414	Prah.g_01609
OG0001485	Pram	Prbg.g_00414	Pram.g_01554
OG0001485	Prbh	Prbg.g_00414	Prbh.g_01860
OG0001485	Praj	Prbg.g_00414	Praj.g_01166
OG0001485	Prbb	Prbg.g_00414	Prbb.g_01208
OG0001485	Prbc	Prbg.g_00414	Prbc.g_00144
OG0001485	Prbm	Prbg.g_00414	Prbm.g_01182
OG0001485	Pral	Prbg.g_00414	Pral.g_00065
OG0001485	Prat	Prbg.g_00414	Prat.g_01539
OG0001485	Prak	Prbg.g_00414	Prak.g_00661
OG0001485	Prap	Prbg.g_00414	Prap.g_00618
OG0001485	Prbe	Prbg.g_00414	Prbe.g_00714
OG0001485	Prbf	Prbg.g_00414	Prbf.g_00346
OG0001485	Prbn	Prbg.g_00414	Prbn.g_00803
OG0001486	Prad	Prbg.g_01488	Prad.g_01498
OG0001486	Prae	Prbg.g_01488	Prae.g_01161
OG0001486	Prao	Prbg.g_01488	Prao.g_01091
OG0001486	Pras	Prbg.g_01488	Pras.g_00054
OG0001486	Pray	Prbg.g_01488	Pray.g_00066
OG0001486	Praz	Prbg.g_01488	Praz.g_00757
OG0001486	Prba	Prbg.g_01488	Prba.g_00066
OG0001486	Prbi	Prbg.g_01488	Prbi.g_01205
OG0001486	Prac	Prbg.g_01488	Prac.g_00987
OG0001486	Praq	Prbg.g_01488	Praq.g_01331
OG0001486	Prar	Prbg.g_01488	Prar.g_01265
OG0001486	Prax	Prbg.g_01488	Prax.g_00198
OG0001486	Prav	Prbg.g_01488	Prav.g_00063
OG0001486	Prbd	Prbg.g_01488	Prbd.g_00466
OG0001486	Prag	Prbg.g_01488	Prag.g_01151
OG0001486	Praw	Prbg.g_01488	Praw.g_00232
OG0001486	Prai	Prbg.g_01488	Prai.g_01169
OG0001486	Prab	Prbg.g_01488	Prab.g_01217
OG0001486	Pran	Prbg.g_01488	Pran.g_00062
OG0001486	Prbb	Prbg.g_01488	Prbb.g_01519
OG0001486	Prbc	Prbg.g_01488	Prbc.g_01448
OG0001486	Prbm	Prbg.g_01488	Prbm.g_01551
OG0001486	Pram	Prbg.g_01488	Pram.g_01142
OG0001486	Prbh	Prbg.g_01488	Prbh.g_01285
OG0001486	Pral	Prbg.g_01488	Pral.g_01365
OG0001486	Syak	Prbg.g_01488	Syak.g_00900
OG0001486	Syas	Prbg.g_01488	Syas.g_01186
OG0001486	Syag	Prbg.g_01488	Syag.g_01143
OG0001486	Syao	Prbg.g_01488	Syao.g_00125
OG0001486	Syaq	Prbg.g_01488	Syaq.g_00251
OG0001486	Syaa	Prbg.g_01488	Syaa.g_00768
OG0001486	Syan	Prbg.g_01488	Syan.g_02698
OG0001486	Syat	Prbg.g_01488	Syat.g_03258
OG0001486	Syar	Prbg.g_01488	Syar.g_01537
OG0001486	Syab	Prbg.g_01488	Syab.g_00967
OG0001486	Syal	Prbg.g_01488	Syal.g_01651
OG0001486	Prak	Prbg.g_01488	Prak.g_01174
OG0001486	Prap	Prbg.g_01488	Prap.g_00458
OG0001486	Prbe	Prbg.g_01488	Prbe.g_01551
OG0001486	Prbf	Prbg.g_01488	Prbf.g_00916
OG0001486	Prbn	Prbg.g_01488	Prbn.g_01187
OG0001487	Prad	Prbg.g_00631	Prad.g_00573
OG0001487	Syap	Prbg.g_00631	Syap.g_00699
OG0001487	Prbm	Prbg.g_00631	Prbm.g_01748
OG0001487	Praj	Prbg.g_00631	Praj.g_01670
OG0001487	Prbb	Prbg.g_00631	Prbb.g_01724
OG0001487	Prbc	Prbg.g_00631	Prbc.g_00747
OG0001487	Syan	Prbg.g_00631	Syan.g_02836
OG0001487	Syao	Prbg.g_00631	Syao.g_00091
OG0001487	Syar	Prbg.g_00631	Syar.g_01389
OG0001487	Syat	Prbg.g_00631	Syat.g_01355
OG0001487	Prah	Prbg.g_00631	Prah.g_00357
OG0001487	Prbj	Prbg.g_00631	Prbj.g_00662, Prbj.g_00661, Prbj.g_00660
OG0001487	Prbk	Prbg.g_00631	Prbk.g_01206, Prbk.g_01207, Prbk.g_01208
OG0001487	Prbl	Prbg.g_00631	Prbl.g_00715, Prbl.g_00714, Prbl.g_00713
OG0001487	Praf	Prbg.g_00631	Praf.g_01852
OG0001487	Syag	Prbg.g_00631	Syag.g_01365
OG0001487	Syaq	Prbg.g_00631	Syaq.g_00422
OG0001487	Syaf	Prbg.g_00631	Syaf.g_02472
OG0001487	Syai	Prbg.g_00631	Syai.g_00894
OG0001487	Syam	Prbg.g_00631	Syam.g_01661
OG0001487	Syaa	Prbg.g_00631	Syaa.g_01819
OG0001487	Syad	Prbg.g_00631	Syad.g_02327
OG0001487	Syaj	Prbg.g_00631	Syaj.g_01433
OG0001487	Syae	Prbg.g_00631	Syae.g_02606
OG0001487	Syac	Prbg.g_00631	Syac.g_01678
OG0001487	Syah	Prbg.g_00631	Syah.g_01245
OG0001487	Pral	Prbg.g_00631	Pral.g_01120
OG0001487	Prat	Prbg.g_00631	Prat.g_01395
OG0001487	Pram	Prbg.g_00631	Pram.g_01338
OG0001487	Prbh	Prbg.g_00631	Prbh.g_00139
OG0001487	Prak	Prbg.g_00631	Prak.g_01431
OG0001487	Prap	Prbg.g_00631	Prap.g_00161
OG0001487	Prbe	Prbg.g_00631	Prbe.g_00271
OG0001487	Prbf	Prbg.g_00631	Prbf.g_00197
OG0001487	Prbn	Prbg.g_00631	Prbn.g_00252
OG0001488	Prbm	Prbg.g_01473	Prbm.g_01535
OG0001488	Praj	Prbg.g_01473	Praj.g_01448
OG0001488	Prbb	Prbg.g_01473	Prbb.g_01503
OG0001488	Prbc	Prbg.g_01473	Prbc.g_01432
OG0001488	Praf	Prbg.g_01473	Praf.g_00876
OG0001488	Prbj	Prbg.g_01473	Prbj.g_00828
OG0001488	Prbk	Prbg.g_01473	Prbk.g_00159
OG0001488	Prbl	Prbg.g_01473	Prbl.g_02106
OG0001488	Prah	Prbg.g_01473	Prah.g_01301
OG0001488	Syak	Prbg.g_01473	Syak.g_00872
OG0001488	Syab	Prbg.g_01473	Syab.g_00994
OG0001488	Syal	Prbg.g_01473	Syal.g_01677
OG0001488	Syag	Prbg.g_01473	Syag.g_01119
OG0001488	Syaq	Prbg.g_01473	Syaq.g_00224
OG0001488	Syaa	Prbg.g_01473	Syaa.g_00791
OG0001488	Syae	Prbg.g_01473	Syae.g_00898
OG0001488	Syai	Prbg.g_01473	Syai.g_02121
OG0001488	Syaf	Prbg.g_01473	Syaf.g_01311
OG0001488	Syam	Prbg.g_01473	Syam.g_01774
OG0001488	Syac	Prbg.g_01473	Syac.g_00791
OG0001488	Syah	Prbg.g_01473	Syah.g_02136
OG0001488	Syar	Prbg.g_01473	Syar.g_03222, Syar.g_01948
OG0001488	Syan	Prbg.g_01473	Syan.g_02666
OG0001488	Syao	Prbg.g_01473	Syao.g_00190
OG0001488	Syat	Prbg.g_01473	Syat.g_00301
OG0001488	Syap	Prbg.g_01473	Syap.g_00209
OG0001488	Syas	Prbg.g_01473	Syas.g_01142
OG0001488	Syad	Prbg.g_01473	Syad.g_00051, Syad.g_01175, Syad.g_00050
OG0001488	Syaj	Prbg.g_01473	Syaj.g_00324
OG0001488	Pral	Prbg.g_01473	Pral.g_01381
OG0001488	Prat	Prbg.g_01473	Prat.g_01143
OG0001488	Pram	Prbg.g_01473	Pram.g_01126
OG0001488	Prbh	Prbg.g_01473	Prbh.g_01269
OG0001488	Prak	Prbg.g_01473	Prak.g_01159
OG0001488	Prap	Prbg.g_01473	Prap.g_00443
OG0001488	Prbe	Prbg.g_01473	Prbe.g_01536
OG0001488	Prbf	Prbg.g_01473	Prbf.g_00931
OG0001488	Prbn	Prbg.g_01473	Prbn.g_01202
OG0001489	Praj	Prbg.g_01800	Praj.g_01967
OG0001489	Prbc	Prbg.g_01800	Prbc.g_00269
OG0001489	Prbm	Prbg.g_01800	Prbm.g_02049
OG0001489	Prbb	Prbg.g_01800	Prbb.g_02016
OG0001489	Prah	Prbg.g_01800	Prah.g_01979
OG0001489	Praf	Prbg.g_01800	Praf.g_02100
OG0001489	Prbj	Prbg.g_01800	Prbj.g_00398
OG0001489	Prbk	Prbg.g_01800	Prbk.g_00813
OG0001489	Prbl	Prbg.g_01800	Prbl.g_01143
OG0001489	Syam	Prbg.g_01800	Syam.g_00387
OG0001489	Syaf	Prbg.g_01800	Syaf.g_00078
OG0001489	Syai	Prbg.g_01800	Syai.g_00419
OG0001489	Syab	Prbg.g_01800	Syab.g_00462
OG0001489	Syal	Prbg.g_01800	Syal.g_00291
OG0001489	Syae	Prbg.g_01800	Syae.g_02139
OG0001489	Syad	Prbg.g_01800	Syad.g_00709
OG0001489	Syaj	Prbg.g_01800	Syaj.g_02753
OG0001489	Syaa	Prbg.g_01800	Syaa.g_02234
OG0001489	Syac	Prbg.g_01800	Syac.g_02078
OG0001489	Syah	Prbg.g_01800	Syah.g_00801
OG0001489	Syat	Prbg.g_01800	Syat.g_01645
OG0001489	Syan	Prbg.g_01800	Syan.g_02182
OG0001489	Syao	Prbg.g_01800	Syao.g_01823
OG0001489	Syar	Prbg.g_01800	Syar.g_01087
OG0001489	Syap	Prbg.g_01800	Syap.g_00603
OG0001489	Syas	Prbg.g_01800	Syas.g_01574
OG0001489	Syag	Prbg.g_01800	Syag.g_02789, Syag.g_00515
OG0001489	Syaq	Prbg.g_01800	Syaq.g_00591, Syaq.g_02565
OG0001489	Syak	Prbg.g_01800	Syak.g_01291, Syak.g_00278
OG0001489	Pral	Prbg.g_01800	Pral.g_00258
OG0001489	Prat	Prbg.g_01800	Prat.g_01741
OG0001489	Pram	Prbg.g_01800	Pram.g_01785
OG0001489	Prbh	Prbg.g_01800	Prbh.g_01629
OG0001489	Prak	Prbg.g_01800	Prak.g_01795
OG0001489	Prap	Prbg.g_01800	Prap.g_01627
OG0001489	Prbe	Prbg.g_01800	Prbe.g_00821
OG0001489	Prbf	Prbg.g_01800	Prbf.g_00543
OG0001489	Prbn	Prbg.g_01800	Prbn.g_01896
OG0001491	Prab	Prbg.g_01251	Prab.g_00825
OG0001491	Pran	Prbg.g_01251	Pran.g_01358
OG0001491	Prai	Prbg.g_01251	Prai.g_00862
OG0001491	Prao	Prbg.g_01251	Prao.g_00725
OG0001491	Prac	Prbg.g_01251	Prac.g_01491
OG0001491	Praq	Prbg.g_01251	Praq.g_00654
OG0001491	Prar	Prbg.g_01251	Prar.g_01668
OG0001491	Prav	Prbg.g_01251	Prav.g_00381
OG0001491	Prax	Prbg.g_01251	Prax.g_00388
OG0001491	Praa	Prbg.g_01251	Praa.g_00787
OG0001491	Prbd	Prbg.g_01251	Prbd.g_00087
OG0001491	Prae	Prbg.g_01251	Prae.g_00791
OG0001491	Pras	Prbg.g_01251	Pras.g_01686
OG0001491	Prau	Prbg.g_01251	Prau.g_00839
OG0001491	Prbi	Prbg.g_01251	Prbi.g_00832
OG0001491	Prad	Prbg.g_01251	Prad.g_01130
OG0001491	Pray	Prbg.g_01251	Pray.g_00333
OG0001491	Praz	Prbg.g_01251	Praz.g_01527
OG0001491	Prba	Prbg.g_01251	Prba.g_01514
OG0001491	Prag	Prbg.g_01251	Prag.g_00791
OG0001491	Praw	Prbg.g_01251	Praw.g_01712
OG0001491	Prbm	Prbg.g_01251	Prbm.g_00950
OG0001491	Praj	Prbg.g_01251	Praj.g_00909
OG0001491	Prbc	Prbg.g_01251	Prbc.g_01999
OG0001491	Prbb	Prbg.g_01251	Prbb.g_00954
OG0001491	Prbj	Prbg.g_01251	Prbj.g_00023
OG0001491	Prbk	Prbg.g_01251	Prbk.g_01642
OG0001491	Prbl	Prbg.g_01251	Prbl.g_01099
OG0001491	Praf	Prbg.g_01251	Praf.g_00941
OG0001491	Prah	Prbg.g_01251	Prah.g_01231, Prah.g_01233
OG0001491	Pral	Prbg.g_01251	Pral.g_01665
OG0001491	Prat	Prbg.g_01251	Prat.g_00856
OG0001491	Pram	Prbg.g_01251	Pram.g_00905
OG0001491	Prbh	Prbg.g_01251	Prbh.g_01048
OG0001491	Prak	Prbg.g_01251	Prak.g_00937
OG0001491	Prap	Prbg.g_01251	Prap.g_00691
OG0001491	Prbe	Prbg.g_01251	Prbe.g_01314
OG0001491	Prbf	Prbg.g_01251	Prbf.g_01153
OG0001491	Prbn	Prbg.g_01251	Prbn.g_01454
OG0001496	Prai	Prbg.g_00386	Prai.g_01252
OG0001496	Prag	Prbg.g_00386	Prag.g_01254
OG0001496	Praw	Prbg.g_00386	Praw.g_00318
OG0001496	Prao	Prbg.g_00386	Prao.g_00008
OG0001496	Prbc	Prbg.g_00386	Prbc.g_00008
OG0001496	Prbm	Prbg.g_00386	Prbm.g_01831
OG0001496	Praj	Prbg.g_00386	Praj.g_01368
OG0001496	Prbb	Prbg.g_00386	Prbb.g_01413
OG0001496	Pram	Prbg.g_00386	Pram.g_01519
OG0001496	Prbh	Prbg.g_00386	Prbh.g_01895
OG0001496	Prat	Prbg.g_00386	Prat.g_01512
OG0001496	Prbj	Prbg.g_00386	Prbj.g_00746
OG0001496	Prbk	Prbg.g_00386	Prbk.g_01752
OG0001496	Prbl	Prbg.g_00386	Prbl.g_00013
OG0001496	Praf	Prbg.g_00386	Praf.g_01115
OG0001496	Prah	Prbg.g_00386	Prah.g_01016
OG0001496	Syak	Prbg.g_00386	Syak.g_00715
OG0001496	Syab	Prbg.g_00386	Syab.g_01188
OG0001496	Syal	Prbg.g_00386	Syal.g_01804
OG0001496	Syag	Prbg.g_00386	Syag.g_00993
OG0001496	Syaq	Prbg.g_00386	Syaq.g_02596
OG0001496	Syan	Prbg.g_00386	Syan.g_01154
OG0001496	Syas	Prbg.g_00386	Syas.g_00936
OG0001496	Syat	Prbg.g_00386	Syat.g_00316
OG0001496	Syar	Prbg.g_00386	Syar.g_02279
OG0001496	Syao	Prbg.g_00386	Syao.g_00410
OG0001496	Syai	Prbg.g_00386	Syai.g_01990
OG0001496	Syaf	Prbg.g_00386	Syaf.g_01459
OG0001496	Syam	Prbg.g_00386	Syam.g_00791
OG0001496	Syaa	Prbg.g_00386	Syaa.g_00895
OG0001496	Syac	Prbg.g_00386	Syac.g_00902
OG0001496	Syah	Prbg.g_00386	Syah.g_02013
OG0001496	Syad	Prbg.g_00386	Syad.g_01309
OG0001496	Syaj	Prbg.g_00386	Syaj.g_00446
OG0001496	Syae	Prbg.g_00386	Syae.g_00774
OG0001496	Prak	Prbg.g_00386	Prak.g_00689
OG0001496	Prap	Prbg.g_00386	Prap.g_00589
OG0001496	Prbe	Prbg.g_00386	Prbe.g_00742
OG0001496	Prbf	Prbg.g_00386	Prbf.g_00318
OG0001496	Prbn	Prbg.g_00386	Prbn.g_00831
OG0001497	Prai	Prbg.g_00385	Prai.g_01253
OG0001497	Prao	Prbg.g_00385	Prao.g_00007
OG0001497	Prag	Prbg.g_00385	Prag.g_01255
OG0001497	Praw	Prbg.g_00385	Praw.g_00319
OG0001497	Prbm	Prbg.g_00385	Prbm.g_01830
OG0001497	Prbc	Prbg.g_00385	Prbc.g_00009
OG0001497	Praj	Prbg.g_00385	Praj.g_01369
OG0001497	Prbb	Prbg.g_00385	Prbb.g_01414
OG0001497	Pram	Prbg.g_00385	Pram.g_01520
OG0001497	Prbh	Prbg.g_00385	Prbh.g_01894
OG0001497	Prat	Prbg.g_00385	Prat.g_01513
OG0001497	Syan	Prbg.g_00385	Syan.g_01155
OG0001497	Syao	Prbg.g_00385	Syao.g_00409
OG0001497	Syar	Prbg.g_00385	Syar.g_02278
OG0001497	Syas	Prbg.g_00385	Syas.g_00935
OG0001497	Syat	Prbg.g_00385	Syat.g_00317
OG0001497	Syad	Prbg.g_00385	Syad.g_01308
OG0001497	Syaj	Prbg.g_00385	Syaj.g_00445
OG0001497	Syae	Prbg.g_00385	Syae.g_00775
OG0001497	Syac	Prbg.g_00385	Syac.g_00901
OG0001497	Syah	Prbg.g_00385	Syah.g_02014
OG0001497	Syaa	Prbg.g_00385	Syaa.g_00894
OG0001497	Syai	Prbg.g_00385	Syai.g_01991
OG0001497	Syaf	Prbg.g_00385	Syaf.g_01458
OG0001497	Syam	Prbg.g_00385	Syam.g_00790
OG0001497	Prbj	Prbg.g_00385	Prbj.g_00749
OG0001497	Prbk	Prbg.g_00385	Prbk.g_01755
OG0001497	Prbl	Prbg.g_00385	Prbl.g_00016
OG0001497	Praf	Prbg.g_00385	Praf.g_01118
OG0001497	Prah	Prbg.g_00385	Prah.g_01019
OG0001497	Syag	Prbg.g_00385	Syag.g_00991
OG0001497	Syaq	Prbg.g_00385	Syaq.g_02598
OG0001497	Syab	Prbg.g_00385	Syab.g_01190
OG0001497	Syal	Prbg.g_00385	Syal.g_01806
OG0001497	Syak	Prbg.g_00385	Syak.g_00717
OG0001497	Prak	Prbg.g_00385	Prak.g_00690
OG0001497	Prap	Prbg.g_00385	Prap.g_00588
OG0001497	Prbe	Prbg.g_00385	Prbe.g_00743
OG0001497	Prbf	Prbg.g_00385	Prbf.g_00317
OG0001497	Prbn	Prbg.g_00385	Prbn.g_00832
OG0001498	Prbc	Prbg.g_00138	Prbc.g_01269
OG0001498	Praj	Prbg.g_00138	Praj.g_00404
OG0001498	Prbm	Prbg.g_00138	Prbm.g_00424
OG0001498	Prbb	Prbg.g_00138	Prbb.g_00417
OG0001498	Syan	Prbg.g_00138	Syan.g_02317
OG0001498	Syao	Prbg.g_00138	Syao.g_01717
OG0001498	Syas	Prbg.g_00138	Syas.g_01511
OG0001498	Syap	Prbg.g_00138	Syap.g_02044, Syap.g_02043
OG0001498	Syat	Prbg.g_00138	Syat.g_02954
OG0001498	Syaa	Prbg.g_00138	Syaa.g_02148
OG0001498	Syaf	Prbg.g_00138	Syaf.g_02806
OG0001498	Syai	Prbg.g_00138	Syai.g_00518
OG0001498	Syam	Prbg.g_00138	Syam.g_00490
OG0001498	Syac	Prbg.g_00138	Syac.g_01987
OG0001498	Syar	Prbg.g_00138	Syar.g_03286, Syar.g_01163
OG0001498	Syah	Prbg.g_00138	Syah.g_00889
OG0001498	Prbj	Prbg.g_00138	Prbj.g_00065
OG0001498	Prbk	Prbg.g_00138	Prbk.g_00363
OG0001498	Prbl	Prbg.g_00138	Prbl.g_02675
OG0001498	Praf	Prbg.g_00138	Praf.g_02014
OG0001498	Prah	Prbg.g_00138	Prah.g_00206
OG0001498	Syag	Prbg.g_00138	Syag.g_00006
OG0001498	Syaq	Prbg.g_00138	Syaq.g_00528
OG0001498	Syak	Prbg.g_00138	Syak.g_01214
OG0001498	Syab	Prbg.g_00138	Syab.g_00552
OG0001498	Syal	Prbg.g_00138	Syal.g_00554
OG0001498	Syae	Prbg.g_00138	Syae.g_02220
OG0001498	Syad	Prbg.g_00138	Syad.g_00786
OG0001498	Syaj	Prbg.g_00138	Syaj.g_02830
OG0001498	Pral	Prbg.g_00138	Pral.g_00675
OG0001498	Prat	Prbg.g_00138	Prat.g_00371
OG0001498	Pram	Prbg.g_00138	Pram.g_00353
OG0001498	Prbh	Prbg.g_00138	Prbh.g_00414
OG0001498	Prak	Prbg.g_00138	Prak.g_00380
OG0001498	Prap	Prbg.g_00138	Prap.g_01348
OG0001498	Prbe	Prbg.g_00138	Prbe.g_01916
OG0001498	Prbf	Prbg.g_00138	Prbf.g_01702
OG0001498	Prbn	Prbg.g_00138	Prbn.g_00695
OG0001500	Prab	Prbg.g_01046	Prab.g_00252
OG0001500	Pran	Prbg.g_01046	Pran.g_01930
OG0001500	Prai	Prbg.g_01046	Prai.g_00276
OG0001500	Pras	Prbg.g_01046	Pras.g_01115
OG0001500	Prau	Prbg.g_01046	Prau.g_00265
OG0001500	Prbi	Prbg.g_01046	Prbi.g_00287
OG0001500	Prbd	Prbg.g_01046	Prbd.g_00976
OG0001500	Praa	Prbg.g_01046	Praa.g_00263
OG0001500	Prax	Prbg.g_01046	Prax.g_00912
OG0001500	Prae	Prbg.g_01046	Prae.g_00266
OG0001500	Prav	Prbg.g_01046	Prav.g_01910
OG0001500	Prag	Prbg.g_01046	Prag.g_00254
OG0001500	Praw	Prbg.g_01046	Praw.g_00871
OG0001500	Prac	Prbg.g_01046	Prac.g_01668
OG0001500	Praq	Prbg.g_01046	Praq.g_01740
OG0001500	Prar	Prbg.g_01046	Prar.g_00324
OG0001500	Prad	Prbg.g_01046	Prad.g_01728
OG0001500	Prao	Prbg.g_01046	Prao.g_00401
OG0001500	Pray	Prbg.g_01046	Pray.g_00743
OG0001500	Praz	Prbg.g_01046	Praz.g_00622
OG0001500	Prba	Prbg.g_01046	Prba.g_00481
OG0001500	Prbm	Prbg.g_01046	Prbm.g_00321
OG0001500	Praj	Prbg.g_01046	Praj.g_00300
OG0001500	Prbb	Prbg.g_01046	Prbb.g_00317
OG0001500	Prbc	Prbg.g_01046	Prbc.g_01157
OG0001500	Pral	Prbg.g_01046	Pral.g_00776
OG0001500	Prat	Prbg.g_01046	Prat.g_00270
OG0001500	Prbj	Prbg.g_01046	Prbj.g_00180
OG0001500	Prbk	Prbg.g_01046	Prbk.g_01365
OG0001500	Prbl	Prbg.g_01046	Prbl.g_01919
OG0001500	Praf	Prbg.g_01046	Praf.g_00375
OG0001500	Prah	Prbg.g_01046	Prah.g_01785
OG0001500	Pram	Prbg.g_01046	Pram.g_00251
OG0001500	Prbh	Prbg.g_01046	Prbh.g_00516
OG0001500	Prak	Prbg.g_01046	Prak.g_00280
OG0001500	Prap	Prbg.g_01046	Prap.g_01448
OG0001500	Prbe	Prbg.g_01046	Prbe.g_01816
OG0001500	Prbf	Prbg.g_01046	Prbf.g_01602
OG0001500	Prbn	Prbg.g_01046	Prbn.g_00029
OG0001501	Prab	Prbg.g_01070	Prab.g_00712
OG0001501	Pran	Prbg.g_01070	Pran.g_01471
OG0001501	Prai	Prbg.g_01070	Prai.g_00733
OG0001501	Prav	Prbg.g_01070	Prav.g_01313
OG0001501	Prag	Prbg.g_01070	Prag.g_00683
OG0001501	Praw	Prbg.g_01070	Praw.g_01817
OG0001501	Prac	Prbg.g_01070	Prac.g_00666
OG0001501	Praq	Prbg.g_01070	Praq.g_00834
OG0001501	Prar	Prbg.g_01070	Prar.g_01535
OG0001501	Pras	Prbg.g_01070	Pras.g_01581
OG0001501	Prau	Prbg.g_01070	Prau.g_00745
OG0001501	Prae	Prbg.g_01070	Prae.g_00679
OG0001501	Prao	Prbg.g_01070	Prao.g_00143
OG0001501	Pray	Prbg.g_01070	Pray.g_01058
OG0001501	Praz	Prbg.g_01070	Praz.g_01625
OG0001501	Prba	Prbg.g_01070	Prba.g_01612
OG0001501	Prax	Prbg.g_01070	Prax.g_00937
OG0001501	Prbd	Prbg.g_01070	Prbd.g_00539
OG0001501	Prbi	Prbg.g_01070	Prbi.g_00709
OG0001501	Praa	Prbg.g_01070	Praa.g_00705
OG0001501	Prad	Prbg.g_01070	Prad.g_01279
OG0001501	Praj	Prbg.g_01070	Praj.g_01218
OG0001501	Prbb	Prbg.g_01070	Prbb.g_01260
OG0001501	Prbc	Prbg.g_01070	Prbc.g_01290
OG0001501	Prbm	Prbg.g_01070	Prbm.g_01326
OG0001501	Praf	Prbg.g_01070	Praf.g_00817
OG0001501	Prah	Prbg.g_01070	Prah.g_01344
OG0001501	Prbj	Prbg.g_01070	Prbj.g_00168
OG0001501	Prbk	Prbg.g_01070	Prbk.g_00169
OG0001501	Prbl	Prbg.g_01070	Prbl.g_00120
OG0001501	Pram	Prbg.g_01070	Pram.g_00720
OG0001501	Prbh	Prbg.g_01070	Prbh.g_00864
OG0001501	Pral	Prbg.g_01070	Pral.g_01691
OG0001501	Prat	Prbg.g_01070	Prat.g_00826
OG0001501	Prak	Prbg.g_01070	Prak.g_00756
OG0001501	Prap	Prbg.g_01070	Prap.g_00872
OG0001501	Prbe	Prbg.g_01070	Prbe.g_00403
OG0001501	Prbf	Prbg.g_01070	Prbf.g_01334
OG0001501	Prbn	Prbg.g_01070	Prbn.g_01635
OG0001503	Prab	Prbg.g_00011	Prab.g_01194
OG0001503	Pran	Prbg.g_00011	Pran.g_00085
OG0001503	Prai	Prbg.g_00011	Prai.g_01151
OG0001503	Prax	Prbg.g_00011	Prax.g_00168
OG0001503	Prbd	Prbg.g_00011	Prbd.g_00434
OG0001503	Pray	Prbg.g_00011	Pray.g_00090
OG0001503	Praz	Prbg.g_00011	Praz.g_00018
OG0001503	Prba	Prbg.g_00011	Prba.g_00090
OG0001503	Prau	Prbg.g_00011	Prau.g_01181
OG0001503	Prac	Prbg.g_00011	Prac.g_01011
OG0001503	Praq	Prbg.g_00011	Praq.g_01307
OG0001503	Prar	Prbg.g_00011	Prar.g_01289
OG0001503	Prad	Prbg.g_00011	Prad.g_01522
OG0001503	Prbi	Prbg.g_00011	Prbi.g_01181
OG0001503	Praa	Prbg.g_00011	Praa.g_01134
OG0001503	Prae	Prbg.g_00011	Prae.g_01137
OG0001503	Prao	Prbg.g_00011	Prao.g_01115
OG0001503	Prag	Prbg.g_00011	Prag.g_01127
OG0001503	Praw	Prbg.g_00011	Praw.g_00208
OG0001503	Prav	Prbg.g_00011	Prav.g_00039
OG0001503	Pras	Prbg.g_00011	Pras.g_00030
OG0001503	Pram	Prbg.g_00011	Pram.g_00690
OG0001503	Prbh	Prbg.g_00011	Prbh.g_00834
OG0001503	Prat	Prbg.g_00011	Prat.g_01175
OG0001503	Prbm	Prbg.g_00011	Prbm.g_01123
OG0001503	Prbc	Prbg.g_00011	Prbc.g_02170
OG0001503	Praj	Prbg.g_00011	Praj.g_01083
OG0001503	Prbb	Prbg.g_00011	Prbb.g_01126
OG0001503	Prah	Prbg.g_00011	Prah.g_01803
OG0001503	Praf	Prbg.g_00011	Praf.g_00359
OG0001503	Prbj	Prbg.g_00011	Prbj.g_01336
OG0001503	Prbk	Prbg.g_00011	Prbk.g_01456
OG0001503	Prbl	Prbg.g_00011	Prbl.g_01931
OG0001503	Pral	Prbg.g_00011	Pral.g_01902
OG0001503	Prak	Prbg.g_00011	Prak.g_00723
OG0001503	Prap	Prbg.g_00011	Prap.g_00031
OG0001503	Prbe	Prbg.g_00011	Prbe.g_00060
OG0001503	Prbf	Prbg.g_00011	Prbf.g_00285
OG0001503	Prbn	Prbg.g_00011	Prbn.g_01028
OG0001505	Prai	Prbg.g_00039	Prai.g_01394
OG0001505	Prbb	Prbg.g_00039	Prbb.g_00857
OG0001505	Pray	Prbg.g_00039	Pray.g_01796
OG0001505	Praz	Prbg.g_00039	Praz.g_01106
OG0001505	Prba	Prbg.g_00039	Prba.g_00163
OG0001505	Syao	Prbg.g_00039	Syao.g_01138
OG0001505	Syas	Prbg.g_00039	Syas.g_02135
OG0001505	Syar	Prbg.g_00039	Syar.g_02696
OG0001505	Syat	Prbg.g_00039	Syat.g_01215
OG0001505	Syab	Prbg.g_00039	Syab.g_00189
OG0001505	Syae	Prbg.g_00039	Syae.g_01204
OG0001505	Syaa	Prbg.g_00039	Syaa.g_00495
OG0001505	Syaq	Prbg.g_00039	Syaq.g_00906
OG0001505	Syal	Prbg.g_00039	Syal.g_01370, Syal.g_01371
OG0001505	Pram	Prbg.g_00039	Pram.g_01414
OG0001505	Prbh	Prbg.g_00039	Prbh.g_00063
OG0001505	Prak	Prbg.g_00039	Prak.g_00695
OG0001505	Prap	Prbg.g_00039	Prap.g_00003
OG0001505	Prbe	Prbg.g_00039	Prbe.g_00088
OG0001505	Prbf	Prbg.g_00039	Prbf.g_00313
OG0001505	Prbn	Prbg.g_00039	Prbn.g_01056
OG0001506	Prab	Prbg.g_00635	Prab.g_01507
OG0001506	Pran	Prbg.g_00635	Pran.g_00692
OG0001506	Prai	Prbg.g_00635	Prai.g_01502
OG0001506	Praa	Prbg.g_00635	Praa.g_01517
OG0001506	Pray	Prbg.g_00635	Pray.g_01681
OG0001506	Praz	Prbg.g_00635	Praz.g_01000
OG0001506	Prba	Prbg.g_00635	Prba.g_00347
OG0001506	Prad	Prbg.g_00635	Prad.g_00473
OG0001506	Prac	Prbg.g_00635	Prac.g_00370
OG0001506	Praq	Prbg.g_00635	Praq.g_00335
OG0001506	Prar	Prbg.g_00635	Prar.g_00806
OG0001506	Prag	Prbg.g_00635	Prag.g_01531
OG0001506	Praw	Prbg.g_00635	Praw.g_00378
OG0001506	Prav	Prbg.g_00635	Prav.g_01619
OG0001506	Prbd	Prbg.g_00635	Prbd.g_01648
OG0001506	Prae	Prbg.g_00635	Prae.g_01500
OG0001506	Prbi	Prbg.g_00635	Prbi.g_01631
OG0001506	Prax	Prbg.g_00635	Prax.g_01687
OG0001506	Prao	Prbg.g_00635	Prao.g_01437
OG0001506	Prau	Prbg.g_00635	Prau.g_01572
OG0001506	Pras	Prbg.g_00635	Pras.g_00392
OG0001506	Praf	Prbg.g_00635	Praf.g_00956
OG0001506	Prbj	Prbg.g_00635	Prbj.g_00036
OG0001506	Prbk	Prbg.g_00635	Prbk.g_01654
OG0001506	Prbl	Prbg.g_00635	Prbl.g_01086
OG0001506	Prah	Prbg.g_00635	Prah.g_01217
OG0001506	Prbm	Prbg.g_00635	Prbm.g_01752
OG0001506	Praj	Prbg.g_00635	Praj.g_01674
OG0001506	Prbb	Prbg.g_00635	Prbb.g_01728
OG0001506	Prbc	Prbg.g_00635	Prbc.g_00751
OG0001506	Pral	Prbg.g_00635	Pral.g_01115
OG0001506	Prat	Prbg.g_00635	Prat.g_01399
OG0001506	Pram	Prbg.g_00635	Pram.g_01333
OG0001506	Prbh	Prbg.g_00635	Prbh.g_00144
OG0001506	Prak	Prbg.g_00635	Prak.g_01435
OG0001506	Prap	Prbg.g_00635	Prap.g_00165
OG0001506	Prbe	Prbg.g_00635	Prbe.g_00267
OG0001506	Prbf	Prbg.g_00635	Prbf.g_00201
OG0001506	Prbn	Prbg.g_00635	Prbn.g_00256
OG0001510	Prbm	Prbg.g_01853	Prbm.g_02100
OG0001510	Prbc	Prbg.g_01853	Prbc.g_00205
OG0001510	Prbb	Prbg.g_01853	Prbb.g_02067
OG0001510	Praj	Prbg.g_01853	Praj.g_02018
OG0001510	Syas	Prbg.g_01853	Syas.g_02151
OG0001510	Syar	Prbg.g_01853	Syar.g_00601
OG0001510	Syat	Prbg.g_01853	Syat.g_02214
OG0001510	Syan	Prbg.g_01853	Syan.g_01890
OG0001510	Syap	Prbg.g_01853	Syap.g_01117
OG0001510	Syao	Prbg.g_01853	Syao.g_01944
OG0001510	Syab	Prbg.g_01853	Syab.g_00103
OG0001510	Syal	Prbg.g_01853	Syal.g_01489
OG0001510	Syag	Prbg.g_01853	Syag.g_02386
OG0001510	Syak	Prbg.g_01853	Syak.g_01662
OG0001510	Syaq	Prbg.g_01853	Syaq.g_01034
OG0001510	Syaa	Prbg.g_01853	Syaa.g_00116
OG0001510	Syae	Prbg.g_01853	Syae.g_01823
OG0001510	Syam	Prbg.g_01853	Syam.g_00109
OG0001510	Syaf	Prbg.g_01853	Syaf.g_00394
OG0001510	Syai	Prbg.g_01853	Syai.g_00105
OG0001510	Syac	Prbg.g_01853	Syac.g_00150
OG0001510	Syah	Prbg.g_01853	Syah.g_00256
OG0001510	Syad	Prbg.g_01853	Syad.g_00342
OG0001510	Syaj	Prbg.g_01853	Syaj.g_02410
OG0001510	Prbj	Prbg.g_01853	Prbj.g_01818
OG0001510	Prbk	Prbg.g_01853	Prbk.g_01485
OG0001510	Prbl	Prbg.g_01853	Prbl.g_02635
OG0001510	Praf	Prbg.g_01853	Praf.g_00172
OG0001510	Prah	Prbg.g_01853	Prah.g_00143
OG0001510	Pral	Prbg.g_01853	Pral.g_00311
OG0001510	Prat	Prbg.g_01853	Prat.g_01794
OG0001510	Pram	Prbg.g_01853	Pram.g_01839
OG0001510	Prbh	Prbg.g_01853	Prbh.g_01575
OG0001510	Prbf	Prbg.g_01853	Prbf.g_00490, Prbf.g_00489
OG0001510	Prak	Prbg.g_01853	Prak.g_01848
OG0001510	Prap	Prbg.g_01853	Prap.g_01574
OG0001510	Prbe	Prbg.g_01853	Prbe.g_00768
OG0001510	Prbn	Prbg.g_01853	Prbn.g_00990
OG0001511	Prbc	Prbg.g_00884	Prbc.g_00461
OG0001511	Praj	Prbg.g_00884	Praj.g_00150
OG0001511	Prbm	Prbg.g_00884	Prbm.g_00169
OG0001511	Prbb	Prbg.g_00884	Prbb.g_00167
OG0001511	Pral	Prbg.g_00884	Pral.g_00935
OG0001511	Prat	Prbg.g_00884	Prat.g_00109
OG0001511	Syaa	Prbg.g_00884	Syaa.g_02389
OG0001511	Syac	Prbg.g_00884	Syac.g_00387
OG0001511	Syah	Prbg.g_00884	Syah.g_02546
OG0001511	Syaf	Prbg.g_00884	Syaf.g_00894
OG0001511	Syai	Prbg.g_00884	Syai.g_02549
OG0001511	Syam	Prbg.g_00884	Syam.g_02129
OG0001511	Syae	Prbg.g_00884	Syae.g_01372
OG0001511	Prbj	Prbg.g_00884	Prbj.g_00628
OG0001511	Prbk	Prbg.g_00884	Prbk.g_00003
OG0001511	Prbl	Prbg.g_00884	Prbl.g_00544
OG0001511	Praf	Prbg.g_00884	Praf.g_00232
OG0001511	Prah	Prbg.g_00884	Prah.g_01906
OG0001511	Syad	Prbg.g_00884	Syad.g_02810
OG0001511	Syaj	Prbg.g_00884	Syaj.g_01896
OG0001511	Syab	Prbg.g_00884	Syab.g_02509
OG0001511	Syal	Prbg.g_00884	Syal.g_00829
OG0001511	Syan	Prbg.g_00884	Syan.g_02983
OG0001511	Syao	Prbg.g_00884	Syao.g_02593
OG0001511	Syar	Prbg.g_00884	Syar.g_03129
OG0001511	Syap	Prbg.g_00884	Syap.g_02629, Syap.g_02676
OG0001511	Syas	Prbg.g_00884	Syas.g_02413
OG0001511	Syat	Prbg.g_00884	Syat.g_01580
OG0001511	Syak	Prbg.g_00884	Syak.g_02183
OG0001511	Syag	Prbg.g_00884	Syag.g_01893
OG0001511	Syaq	Prbg.g_00884	Syaq.g_01478
OG0001511	Pram	Prbg.g_00884	Pram.g_00096
OG0001511	Prbh	Prbg.g_00884	Prbh.g_00671
OG0001511	Prak	Prbg.g_00884	Prak.g_00118
OG0001511	Prap	Prbg.g_00884	Prap.g_01064
OG0001511	Prbe	Prbg.g_00884	Prbe.g_01654
OG0001511	Prbf	Prbg.g_00884	Prbf.g_01440
OG0001511	Prbn	Prbg.g_00884	Prbn.g_01307
OG0001512	Praj	Prbg.g_01543	Praj.g_01746
OG0001512	Prbm	Prbg.g_01543	Prbm.g_01824
OG0001512	Prbb	Prbg.g_01543	Prbb.g_01801
OG0001512	Prbc	Prbg.g_01543	Prbc.g_00820
OG0001512	Pral	Prbg.g_01543	Pral.g_01297
OG0001512	Prat	Prbg.g_01543	Prat.g_01231
OG0001512	Prbj	Prbg.g_01543	Prbj.g_02612
OG0001512	Prbk	Prbg.g_01543	Prbk.g_01517
OG0001512	Prbl	Prbg.g_01543	Prbl.g_00195
OG0001512	Praf	Prbg.g_01543	Praf.g_00389
OG0001512	Prah	Prbg.g_01543	Prah.g_01775
OG0001512	Syat	Prbg.g_01543	Syat.g_01445
OG0001512	Syar	Prbg.g_01543	Syar.g_03020
OG0001512	Syas	Prbg.g_01543	Syas.g_02559
OG0001512	Syap	Prbg.g_01543	Syap.g_01151, Syap.g_01152
OG0001512	Syan	Prbg.g_01543	Syan.g_02428
OG0001512	Syao	Prbg.g_01543	Syao.g_01707
OG0001512	Syaq	Prbg.g_01543	Syaq.g_01583
OG0001512	Syag	Prbg.g_01543	Syag.g_01781
OG0001512	Syak	Prbg.g_01543	Syak.g_02308
OG0001512	Syab	Prbg.g_01543	Syab.g_02368
OG0001512	Syal	Prbg.g_01543	Syal.g_00682
OG0001512	Syad	Prbg.g_01543	Syad.g_00822
OG0001512	Syaj	Prbg.g_01543	Syaj.g_02878
OG0001512	Syac	Prbg.g_01543	Syac.g_01966
OG0001512	Syah	Prbg.g_01543	Syah.g_00910
OG0001512	Syaf	Prbg.g_01543	Syaf.g_02784
OG0001512	Syam	Prbg.g_01543	Syam.g_00512
OG0001512	Syai	Prbg.g_01543	Syai.g_00541
OG0001512	Syae	Prbg.g_01543	Syae.g_02241
OG0001512	Syaa	Prbg.g_01543	Syaa.g_02105
OG0001512	Pram	Prbg.g_01543	Pram.g_01192
OG0001512	Prbh	Prbg.g_01543	Prbh.g_01335
OG0001512	Prak	Prbg.g_01543	Prak.g_01229
OG0001512	Prap	Prbg.g_01543	Prap.g_00513
OG0001512	Prbe	Prbg.g_01543	Prbe.g_01606
OG0001512	Prbf	Prbg.g_01543	Prbf.g_00861
OG0001512	Prbn	Prbg.g_01543	Prbn.g_01132
OG0001513	Prbi	Prbg.g_01582	Prbi.g_01761
OG0001513	Prbc	Prbg.g_01582	Prbc.g_01112
OG0001513	Prbm	Prbg.g_01582	Prbm.g_00046
OG0001513	Praj	Prbg.g_01582	Praj.g_00041
OG0001513	Prbb	Prbg.g_01582	Prbb.g_00050
OG0001513	Syab	Prbg.g_01582	Syab.g_00470
OG0001513	Syal	Prbg.g_01582	Syal.g_00298
OG0001513	Syad	Prbg.g_01582	Syad.g_00646
OG0001513	Syaj	Prbg.g_01582	Syaj.g_02690
OG0001513	Prbj	Prbg.g_01582	Prbj.g_00676
OG0001513	Prbk	Prbg.g_01582	Prbk.g_01680
OG0001513	Prbl	Prbg.g_01582	Prbl.g_01706
OG0001513	Praf	Prbg.g_01582	Praf.g_00988
OG0001513	Prah	Prbg.g_01582	Prah.g_01194
OG0001513	Prak	Prbg.g_01582	Prak.g_01577
OG0001513	Prap	Prbg.g_01582	Prap.g_01847
OG0001513	Prbe	Prbg.g_01582	Prbe.g_01053
OG0001513	Prbf	Prbg.g_01582	Prbf.g_00761
OG0001513	Prbn	Prbg.g_01582	Prbn.g_01677
OG0001514	Prag	Prbg.g_00387	Prag.g_01253
OG0001514	Praw	Prbg.g_00387	Praw.g_00317
OG0001514	Prai	Prbg.g_00387	Prai.g_01251
OG0001514	Prao	Prbg.g_00387	Prao.g_00009
OG0001514	Praj	Prbg.g_00387	Praj.g_01367
OG0001514	Prbm	Prbg.g_00387	Prbm.g_01832
OG0001514	Prbc	Prbg.g_00387	Prbc.g_00007
OG0001514	Prbb	Prbg.g_00387	Prbb.g_01412
OG0001514	Pram	Prbg.g_00387	Pram.g_01518
OG0001514	Prbh	Prbg.g_00387	Prbh.g_01896
OG0001514	Prat	Prbg.g_00387	Prat.g_01511
OG0001514	Syas	Prbg.g_00387	Syas.g_00937
OG0001514	Syat	Prbg.g_00387	Syat.g_00315
OG0001514	Syar	Prbg.g_00387	Syar.g_02280
OG0001514	Syao	Prbg.g_00387	Syao.g_00411
OG0001514	Prah	Prbg.g_00387	Prah.g_01015
OG0001514	Praf	Prbg.g_00387	Praf.g_01114
OG0001514	Prbj	Prbg.g_00387	Prbj.g_00745
OG0001514	Prbk	Prbg.g_00387	Prbk.g_01751
OG0001514	Prbl	Prbg.g_00387	Prbl.g_00012
OG0001514	Syag	Prbg.g_00387	Syag.g_00994
OG0001514	Syaq	Prbg.g_00387	Syaq.g_02595
OG0001514	Syak	Prbg.g_00387	Syak.g_00714
OG0001514	Syab	Prbg.g_00387	Syab.g_01187
OG0001514	Syal	Prbg.g_00387	Syal.g_01803
OG0001514	Syae	Prbg.g_00387	Syae.g_00773
OG0001514	Syad	Prbg.g_00387	Syad.g_01310
OG0001514	Syaj	Prbg.g_00387	Syaj.g_00447
OG0001514	Syaa	Prbg.g_00387	Syaa.g_00896
OG0001514	Syac	Prbg.g_00387	Syac.g_00903
OG0001514	Syah	Prbg.g_00387	Syah.g_02012
OG0001514	Syam	Prbg.g_00387	Syam.g_00792
OG0001514	Syaf	Prbg.g_00387	Syaf.g_01460
OG0001514	Syai	Prbg.g_00387	Syai.g_01989
OG0001514	Prak	Prbg.g_00387	Prak.g_00688
OG0001514	Prap	Prbg.g_00387	Prap.g_00590
OG0001514	Prbe	Prbg.g_00387	Prbe.g_00741
OG0001514	Prbf	Prbg.g_00387	Prbf.g_00319
OG0001514	Prbn	Prbg.g_00387	Prbn.g_00830
OG0001515	Prbm	Prbg.g_01134	Prbm.g_00729
OG0001515	Praj	Prbg.g_01134	Praj.g_00685
OG0001515	Prbb	Prbg.g_01134	Prbb.g_00699
OG0001515	Prbc	Prbg.g_01134	Prbc.g_01774
OG0001515	Prbj	Prbg.g_01134	Prbj.g_00939
OG0001515	Prbk	Prbg.g_01134	Prbk.g_01809
OG0001515	Prbl	Prbg.g_01134	Prbl.g_01865
OG0001515	Praf	Prbg.g_01134	Praf.g_01214
OG0001515	Prah	Prbg.g_01134	Prah.g_00978
OG0001515	Syan	Prbg.g_01134	Syan.g_00505
OG0001515	Syao	Prbg.g_01134	Syao.g_00626
OG0001515	Syad	Prbg.g_01134	Syad.g_01343
OG0001515	Syaj	Prbg.g_01134	Syaj.g_00483
OG0001515	Syae	Prbg.g_01134	Syae.g_00762
OG0001515	Syaa	Prbg.g_01134	Syaa.g_00909
OG0001515	Syac	Prbg.g_01134	Syac.g_00914
OG0001515	Syah	Prbg.g_01134	Syah.g_02001
OG0001515	Syar	Prbg.g_01134	Syar.g_03266, Syar.g_02594
OG0001515	Syaf	Prbg.g_01134	Syaf.g_01472
OG0001515	Syai	Prbg.g_01134	Syai.g_01978
OG0001515	Syam	Prbg.g_01134	Syam.g_00804
OG0001515	Syat	Prbg.g_01134	Syat.g_00927
OG0001515	Syap	Prbg.g_01134	Syap.g_00906
OG0001515	Syas	Prbg.g_01134	Syas.g_00734
OG0001515	Syag	Prbg.g_01134	Syag.g_01007
OG0001515	Syaq	Prbg.g_01134	Syaq.g_02585
OG0001515	Syak	Prbg.g_01134	Syak.g_00701
OG0001515	Syab	Prbg.g_01134	Syab.g_01176
OG0001515	Syal	Prbg.g_01134	Syal.g_01791
OG0001515	Pral	Prbg.g_01134	Pral.g_01749
OG0001515	Prat	Prbg.g_01134	Prat.g_00766
OG0001515	Pram	Prbg.g_01134	Pram.g_00783
OG0001515	Prbh	Prbg.g_01134	Prbh.g_00927
OG0001515	Prbf	Prbg.g_01134	Prbf.g_01270
OG0001515	Prak	Prbg.g_01134	Prak.g_00820
OG0001515	Prap	Prbg.g_01134	Prap.g_00808
OG0001515	Prbe	Prbg.g_01134	Prbe.g_00467
OG0001515	Prbn	Prbg.g_01134	Prbn.g_01571
OG0001516	Prbm	Prbg.g_01392	Prbm.g_00695
OG0001516	Prbb	Prbg.g_01392	Prbb.g_00666
OG0001516	Praj	Prbg.g_01392	Praj.g_00652
OG0001516	Prbc	Prbg.g_01392	Prbc.g_01741
OG0001516	Prbj	Prbg.g_01392	Prbj.g_00817
OG0001516	Prbk	Prbg.g_01392	Prbk.g_00716
OG0001516	Prbl	Prbg.g_01392	Prbl.g_01402
OG0001516	Praf	Prbg.g_01392	Praf.g_01740
OG0001516	Prah	Prbg.g_01392	Prah.g_00453
OG0001516	Syan	Prbg.g_01392	Syan.g_00172, Syan.g_00767
OG0001516	Syar	Prbg.g_01392	Syar.g_01918
OG0001516	Syat	Prbg.g_01392	Syat.g_00398
OG0001516	Syas	Prbg.g_01392	Syas.g_00703
OG0001516	Syao	Prbg.g_01392	Syao.g_00939
OG0001516	Syap	Prbg.g_01392	Syap.g_01964
OG0001516	Syag	Prbg.g_01392	Syag.g_00579
OG0001516	Syaq	Prbg.g_01392	Syaq.g_02243
OG0001516	Syak	Prbg.g_01392	Syak.g_00346
OG0001516	Syab	Prbg.g_01392	Syab.g_01554
OG0001516	Syal	Prbg.g_01392	Syal.g_02197
OG0001516	Syac	Prbg.g_01392	Syac.g_01420
OG0001516	Syah	Prbg.g_01392	Syah.g_01498
OG0001516	Syaf	Prbg.g_01392	Syaf.g_02133
OG0001516	Syai	Prbg.g_01392	Syai.g_01233
OG0001516	Syam	Prbg.g_01392	Syam.g_01374
OG0001516	Syaa	Prbg.g_01392	Syaa.g_01067
OG0001516	Syae	Prbg.g_01392	Syae.g_00602
OG0001516	Syad	Prbg.g_01392	Syad.g_01588
OG0001516	Syaj	Prbg.g_01392	Syaj.g_00713
OG0001516	Pral	Prbg.g_01392	Pral.g_01465
OG0001516	Prat	Prbg.g_01392	Prat.g_01060
OG0001516	Pram	Prbg.g_01392	Pram.g_01046
OG0001516	Prbh	Prbg.g_01392	Prbh.g_01189
OG0001516	Prak	Prbg.g_01392	Prak.g_01078
OG0001516	Prap	Prbg.g_01392	Prap.g_00362
OG0001516	Prbe	Prbg.g_01392	Prbe.g_01455
OG0001516	Prbf	Prbg.g_01392	Prbf.g_01012
OG0001516	Prbn	Prbg.g_01392	Prbn.g_00839
OG0001517	Prbm	Prbg.g_00118	Prbm.g_00401
OG0001517	Prbb	Prbg.g_00118	Prbb.g_00395
OG0001517	Praj	Prbg.g_00118	Praj.g_00381
OG0001517	Prbc	Prbg.g_00118	Prbc.g_01247
OG0001517	Prbj	Prbg.g_00118	Prbj.g_00340
OG0001517	Prbk	Prbg.g_00118	Prbk.g_00872
OG0001517	Prbl	Prbg.g_00118	Prbl.g_01202
OG0001517	Praf	Prbg.g_00118	Praf.g_02053
OG0001517	Prah	Prbg.g_00118	Prah.g_01939
OG0001517	Syaf	Prbg.g_00118	Syaf.g_00022
OG0001517	Syam	Prbg.g_00118	Syam.g_00458
OG0001517	Syai	Prbg.g_00118	Syai.g_00487
OG0001517	Syad	Prbg.g_00118	Syad.g_00762
OG0001517	Syaj	Prbg.g_00118	Syaj.g_02806
OG0001517	Syae	Prbg.g_00118	Syae.g_02193
OG0001517	Syaa	Prbg.g_00118	Syaa.g_02181
OG0001517	Syac	Prbg.g_00118	Syac.g_02019
OG0001517	Syah	Prbg.g_00118	Syah.g_00859
OG0001517	Syar	Prbg.g_00118	Syar.g_01119
OG0001517	Syan	Prbg.g_00118	Syan.g_02143
OG0001517	Syao	Prbg.g_00118	Syao.g_01876
OG0001517	Syat	Prbg.g_00118	Syat.g_01613
OG0001517	Syap	Prbg.g_00118	Syap.g_00568
OG0001517	Syas	Prbg.g_00118	Syas.g_01540
OG0001517	Syak	Prbg.g_00118	Syak.g_01245
OG0001517	Syab	Prbg.g_00118	Syab.g_00524
OG0001517	Syal	Prbg.g_00118	Syal.g_00348
OG0001517	Syag	Prbg.g_00118	Syag.g_02844
OG0001517	Syaq	Prbg.g_00118	Syaq.g_00558
OG0001517	Prat	Prbg.g_00118	Prat.g_01328, Prat.g_00349
OG0001517	Pral	Prbg.g_00118	Pral.g_00697
OG0001517	Pram	Prbg.g_00118	Pram.g_00329
OG0001517	Prbh	Prbg.g_00118	Prbh.g_00438
OG0001517	Prak	Prbg.g_00118	Prak.g_00357
OG0001517	Prap	Prbg.g_00118	Prap.g_01371
OG0001517	Prbe	Prbg.g_00118	Prbe.g_01893
OG0001517	Prbf	Prbg.g_00118	Prbf.g_01679
OG0001517	Prbn	Prbg.g_00118	Prbn.g_00106
OG0001518	Prbm	Prbg.g_01906	Prbm.g_02182
OG0001518	Prbc	Prbg.g_01906	Prbc.g_01003
OG0001518	Praj	Prbg.g_01906	Praj.g_02097
OG0001518	Prbb	Prbg.g_01906	Prbb.g_02137
OG0001518	Pral	Prbg.g_01906	Pral.g_00364
OG0001518	Prat	Prbg.g_01906	Prat.g_01847
OG0001518	Prah	Prbg.g_01906	Prah.g_02506
OG0001518	Praf	Prbg.g_01906	Praf.g_02672
OG0001518	Prbj	Prbg.g_01906	Prbj.g_01971
OG0001518	Prbk	Prbg.g_01906	Prbk.g_02176
OG0001518	Prbl	Prbg.g_01906	Prbl.g_02223
OG0001518	Syaa	Prbg.g_01906	Syaa.g_02609
OG0001518	Syae	Prbg.g_01906	Syae.g_01584
OG0001518	Syac	Prbg.g_01906	Syac.g_02371
OG0001518	Syah	Prbg.g_01906	Syah.g_00488
OG0001518	Syaf	Prbg.g_01906	Syaf.g_00632
OG0001518	Syai	Prbg.g_01906	Syai.g_02791
OG0001518	Syam	Prbg.g_01906	Syam.g_02328
OG0001518	Syad	Prbg.g_01906	Syad.g_00009
OG0001518	Syaj	Prbg.g_01906	Syaj.g_02132
OG0001518	Syal	Prbg.g_01906	Syal.g_02309, Syal.g_01087
OG0001518	Syak	Prbg.g_01906	Syak.g_01924
OG0001518	Syag	Prbg.g_01906	Syag.g_02146
OG0001518	Syab	Prbg.g_01906	Syab.g_02775
OG0001518	Syaq	Prbg.g_01906	Syaq.g_01244
OG0001518	Syan	Prbg.g_01906	Syan.g_01582
OG0001518	Syao	Prbg.g_01906	Syao.g_02365
OG0001518	Syap	Prbg.g_01906	Syap.g_01026
OG0001518	Syar	Prbg.g_01906	Syar.g_00353
OG0001518	Syat	Prbg.g_01906	Syat.g_02671
OG0001518	Syas	Prbg.g_01906	Syas.g_01903
OG0001518	Pram	Prbg.g_01906	Pram.g_01892
OG0001518	Prbh	Prbg.g_01906	Prbh.g_01522
OG0001518	Prak	Prbg.g_01906	Prak.g_01901
OG0001518	Prap	Prbg.g_01906	Prap.g_01522
OG0001518	Prbe	Prbg.g_01906	Prbe.g_01164
OG0001518	Prbf	Prbg.g_01906	Prbf.g_00437
OG0001518	Prbn	Prbg.g_01906	Prbn.g_00938
OG0001519	Praj	Prbg.g_01911	Praj.g_02102
OG0001519	Prbb	Prbg.g_01911	Prbb.g_02142
OG0001519	Prbc	Prbg.g_01911	Prbc.g_01008
OG0001519	Prbm	Prbg.g_01911	Prbm.g_02187
OG0001519	Prat	Prbg.g_01911	Prat.g_01852
OG0001519	Praf	Prbg.g_01911	Praf.g_02682
OG0001519	Prbj	Prbg.g_01911	Prbj.g_01982
OG0001519	Prbk	Prbg.g_01911	Prbk.g_02187
OG0001519	Prbl	Prbg.g_01911	Prbl.g_02212
OG0001519	Prah	Prbg.g_01911	Prah.g_02515
OG0001519	Syak	Prbg.g_01911	Syak.g_01907
OG0001519	Syag	Prbg.g_01911	Syag.g_02161
OG0001519	Syaq	Prbg.g_01911	Syaq.g_01234
OG0001519	Syal	Prbg.g_01911	Syal.g_01103
OG0001519	Syab	Prbg.g_01911	Syab.g_02796
OG0001519	Syan	Prbg.g_01911	Syan.g_01592
OG0001519	Syao	Prbg.g_01911	Syao.g_02371
OG0001519	Syap	Prbg.g_01911	Syap.g_02079
OG0001519	Syas	Prbg.g_01911	Syas.g_01912
OG0001519	Syat	Prbg.g_01911	Syat.g_02646
OG0001519	Syaa	Prbg.g_01911	Syaa.g_02619
OG0001519	Syac	Prbg.g_01911	Syac.g_02384
OG0001519	Syah	Prbg.g_01911	Syah.g_00476
OG0001519	Syar	Prbg.g_01911	Syar.g_00380, Syar.g_00002
OG0001519	Syae	Prbg.g_01911	Syae.g_01596
OG0001519	Syad	Prbg.g_01911	Syad.g_00025
OG0001519	Syaj	Prbg.g_01911	Syaj.g_02147
OG0001519	Syaf	Prbg.g_01911	Syaf.g_00619
OG0001519	Syam	Prbg.g_01911	Syam.g_02337
OG0001519	Syai	Prbg.g_01911	Syai.g_02802
OG0001519	Pral	Prbg.g_01911	Pral.g_00369
OG0001519	Pram	Prbg.g_01911	Pram.g_01897
OG0001519	Prbh	Prbg.g_01911	Prbh.g_01517
OG0001519	Prak	Prbg.g_01911	Prak.g_01906
OG0001519	Prap	Prbg.g_01911	Prap.g_01517
OG0001519	Prbe	Prbg.g_01911	Prbe.g_01169
OG0001519	Prbf	Prbg.g_01911	Prbf.g_00432
OG0001519	Prbn	Prbg.g_01911	Prbn.g_00933
OG0001521	Prab	Prbg.g_01249	Prab.g_00766
OG0001521	Pran	Prbg.g_01249	Pran.g_01417
OG0001521	Prai	Prbg.g_01249	Prai.g_00896
OG0001521	Praa	Prbg.g_01249	Praa.g_00750
OG0001521	Prax	Prbg.g_01249	Prax.g_00429
OG0001521	Prbd	Prbg.g_01249	Prbd.g_00048
OG0001521	Prae	Prbg.g_01249	Prae.g_00751
OG0001521	Pray	Prbg.g_01249	Pray.g_00292
OG0001521	Praz	Prbg.g_01249	Praz.g_01568
OG0001521	Prba	Prbg.g_01249	Prba.g_01555
OG0001521	Prao	Prbg.g_01249	Prao.g_00686
OG0001521	Prag	Prbg.g_01249	Prag.g_00743
OG0001521	Praw	Prbg.g_01249	Praw.g_01760
OG0001521	Prav	Prbg.g_01249	Prav.g_00345
OG0001521	Pras	Prbg.g_01249	Pras.g_01648
OG0001521	Prau	Prbg.g_01249	Prau.g_00799
OG0001521	Prac	Prbg.g_01249	Prac.g_01522
OG0001521	Praq	Prbg.g_01249	Praq.g_00621
OG0001521	Prar	Prbg.g_01249	Prar.g_01637
OG0001521	Prbi	Prbg.g_01249	Prbi.g_00791
OG0001521	Prad	Prbg.g_01249	Prad.g_01091
OG0001521	Praj	Prbg.g_01249	Praj.g_00982, Praj.g_01392
OG0001521	Prbc	Prbg.g_01249	Prbc.g_02071, Prbc.g_01377
OG0001521	Prbb	Prbg.g_01249	Prbb.g_01027, Prbb.g_01446
OG0001521	Prbm	Prbg.g_01249	Prbm.g_01023, Prbm.g_01479
OG0001521	Prat	Prbg.g_01249	Prat.g_00831
OG0001521	Pral	Prbg.g_01249	Pral.g_01689
OG0001521	Pram	Prbg.g_01249	Pram.g_00903
OG0001521	Prbh	Prbg.g_01249	Prbh.g_01046
OG0001521	Prak	Prbg.g_01249	Prak.g_00935
OG0001521	Prap	Prbg.g_01249	Prap.g_00693
OG0001521	Prbe	Prbg.g_01249	Prbe.g_01312
OG0001521	Prbf	Prbg.g_01249	Prbf.g_01155
OG0001521	Prbn	Prbg.g_01249	Prbn.g_01456
OG0001522	Pras	Prbg.g_01193	Pras.g_01733
OG0001522	Prai	Prbg.g_01193	Prai.g_00814
OG0001522	Prac	Prbg.g_01193	Prac.g_01443
OG0001522	Praq	Prbg.g_01193	Praq.g_01430
OG0001522	Prar	Prbg.g_01193	Prar.g_01716
OG0001522	Prad	Prbg.g_01193	Prad.g_01179
OG0001522	Prau	Prbg.g_01193	Prau.g_00886
OG0001522	Prao	Prbg.g_01193	Prao.g_00774
OG0001522	Pray	Prbg.g_01193	Pray.g_00381
OG0001522	Praz	Prbg.g_01193	Praz.g_01479
OG0001522	Prba	Prbg.g_01193	Prba.g_01466
OG0001522	Prax	Prbg.g_01193	Prax.g_00340
OG0001522	Prbi	Prbg.g_01193	Prbi.g_00880
OG0001522	Praa	Prbg.g_01193	Praa.g_00837
OG0001522	Prbd	Prbg.g_01193	Prbd.g_00135
OG0001522	Syas	Prbg.g_01193	Syas.g_00369
OG0001522	Syat	Prbg.g_01193	Syat.g_00642
OG0001522	Syan	Prbg.g_01193	Syan.g_00464
OG0001522	Syao	Prbg.g_01193	Syao.g_00568
OG0001522	Syab	Prbg.g_01193	Syab.g_01703
OG0001522	Syac	Prbg.g_01193	Syac.g_00849
OG0001522	Syah	Prbg.g_01193	Syah.g_02080
OG0001522	Praf	Prbg.g_01193	Praf.g_02169
OG0001522	Syaf	Prbg.g_01193	Syaf.g_01387
OG0001522	Syad	Prbg.g_01193	Syad.g_01243
OG0001522	Syaj	Prbg.g_01193	Syaj.g_00385
OG0001522	Praj	Prbg.g_01193	Praj.g_00803
OG0001522	Prbb	Prbg.g_01193	Prbb.g_00816
OG0001522	Prbm	Prbg.g_01193	Prbm.g_00847
OG0001522	Prbc	Prbg.g_01193	Prbc.g_01892
OG0001522	Pram	Prbg.g_01193	Pram.g_00842
OG0001522	Prbh	Prbg.g_01193	Prbh.g_00986
OG0001522	Pral	Prbg.g_01193	Pral.g_01521
OG0001522	Prak	Prbg.g_01193	Prak.g_00879
OG0001522	Prap	Prbg.g_01193	Prap.g_00749
OG0001522	Prbe	Prbg.g_01193	Prbe.g_01256
OG0001522	Prbf	Prbg.g_01193	Prbf.g_01211
OG0001522	Prbn	Prbg.g_01193	Prbn.g_01512
OG0001523	Prab	Prbg.g_00754	Prab.g_01190
OG0001523	Pran	Prbg.g_00754	Pran.g_00089
OG0001523	Prai	Prbg.g_00754	Prai.g_01147
OG0001523	Prac	Prbg.g_00754	Prac.g_01014
OG0001523	Praq	Prbg.g_00754	Praq.g_01304
OG0001523	Prar	Prbg.g_00754	Prar.g_01292
OG0001523	Pras	Prbg.g_00754	Pras.g_00027
OG0001523	Prbd	Prbg.g_00754	Prbd.g_00431
OG0001523	Prao	Prbg.g_00754	Prao.g_01118
OG0001523	Prau	Prbg.g_00754	Prau.g_01178
OG0001523	Prag	Prbg.g_00754	Prag.g_01124
OG0001523	Praw	Prbg.g_00754	Praw.g_00205
OG0001523	Prad	Prbg.g_00754	Prad.g_01525
OG0001523	Prae	Prbg.g_00754	Prae.g_01134
OG0001523	Pray	Prbg.g_00754	Pray.g_00093
OG0001523	Praz	Prbg.g_00754	Praz.g_00021
OG0001523	Prba	Prbg.g_00754	Prba.g_00093
OG0001523	Prax	Prbg.g_00754	Prax.g_00165
OG0001523	Prbi	Prbg.g_00754	Prbi.g_01178
OG0001523	Praa	Prbg.g_00754	Praa.g_01131
OG0001523	Prav	Prbg.g_00754	Prav.g_00037
OG0001523	Praf	Prbg.g_00754	Praf.g_01037
OG0001523	Syat	Prbg.g_00754	Syat.g_01089
OG0001523	Syaa	Prbg.g_00754	Syaa.g_02713
OG0001523	Syaj	Prbg.g_00754	Syaj.g_00673
OG0001523	Prbc	Prbg.g_00754	Prbc.g_00901
OG0001523	Prbm	Prbg.g_00754	Prbm.g_01915
OG0001523	Praj	Prbg.g_00754	Praj.g_01837
OG0001523	Prbb	Prbg.g_00754	Prbb.g_01892
OG0001523	Pram	Prbg.g_00754	Pram.g_01551
OG0001523	Prbh	Prbg.g_00754	Prbh.g_01863
OG0001523	Pral	Prbg.g_00754	Pral.g_00073
OG0001523	Prat	Prbg.g_00754	Prat.g_01555
OG0001523	Prak	Prbg.g_00754	Prak.g_01555
OG0001523	Prap	Prbg.g_00754	Prap.g_01878
OG0001523	Prbe	Prbg.g_00754	Prbe.g_00046
OG0001523	Prbf	Prbg.g_00754	Prbf.g_00783
OG0001523	Prbn	Prbg.g_00754	Prbn.g_01655
OG0001524	Prab	Prbg.g_00755	Prab.g_01191
OG0001524	Pran	Prbg.g_00755	Pran.g_00088
OG0001524	Prai	Prbg.g_00755	Prai.g_01148
OG0001524	Prac	Prbg.g_00755	Prac.g_01013
OG0001524	Praq	Prbg.g_00755	Praq.g_01305
OG0001524	Prar	Prbg.g_00755	Prar.g_01291
OG0001524	Praa	Prbg.g_00755	Praa.g_01132
OG0001524	Pray	Prbg.g_00755	Pray.g_00092
OG0001524	Praz	Prbg.g_00755	Praz.g_00020
OG0001524	Prba	Prbg.g_00755	Prba.g_00092
OG0001524	Prax	Prbg.g_00755	Prax.g_00166
OG0001524	Pras	Prbg.g_00755	Pras.g_00028
OG0001524	Prad	Prbg.g_00755	Prad.g_01524
OG0001524	Prao	Prbg.g_00755	Prao.g_01117
OG0001524	Prbi	Prbg.g_00755	Prbi.g_01179
OG0001524	Prau	Prbg.g_00755	Prau.g_01179
OG0001524	Prav	Prbg.g_00755	Prav.g_00038
OG0001524	Prbd	Prbg.g_00755	Prbd.g_00432
OG0001524	Prae	Prbg.g_00755	Prae.g_01135
OG0001524	Prag	Prbg.g_00755	Prag.g_01125
OG0001524	Praw	Prbg.g_00755	Praw.g_00206
OG0001524	Prbc	Prbg.g_00755	Prbc.g_00902
OG0001524	Prbm	Prbg.g_00755	Prbm.g_01916
OG0001524	Praj	Prbg.g_00755	Praj.g_01838
OG0001524	Prbb	Prbg.g_00755	Prbb.g_01893
OG0001524	Praf	Prbg.g_00755	Praf.g_01038
OG0001524	Syaj	Prbg.g_00755	Syaj.g_00672
OG0001524	Syaa	Prbg.g_00755	Syaa.g_02714
OG0001524	Syat	Prbg.g_00755	Syat.g_01088
OG0001524	Pral	Prbg.g_00755	Pral.g_00072
OG0001524	Prat	Prbg.g_00755	Prat.g_01554
OG0001524	Pram	Prbg.g_00755	Pram.g_01552
OG0001524	Prbh	Prbg.g_00755	Prbh.g_01862
OG0001524	Prak	Prbg.g_00755	Prak.g_01556
OG0001524	Prap	Prbg.g_00755	Prap.g_01877
OG0001524	Prbe	Prbg.g_00755	Prbe.g_00047
OG0001524	Prbf	Prbg.g_00755	Prbf.g_00782
OG0001524	Prbn	Prbg.g_00755	Prbn.g_01656
OG0001525	Prab	Prbg.g_01615	Prab.g_01570
OG0001525	Pran	Prbg.g_01615	Pran.g_00629
OG0001525	Praa	Prbg.g_01615	Praa.g_01579
OG0001525	Prbd	Prbg.g_01615	Prbd.g_01586
OG0001525	Prae	Prbg.g_01615	Prae.g_01561
OG0001525	Prax	Prbg.g_01615	Prax.g_01626
OG0001525	Prad	Prbg.g_01615	Prad.g_00412
OG0001525	Pray	Prbg.g_01615	Pray.g_01620
OG0001525	Praz	Prbg.g_01615	Praz.g_00939
OG0001525	Prba	Prbg.g_01615	Prba.g_00286
OG0001525	Pras	Prbg.g_01615	Pras.g_00455
OG0001525	Prau	Prbg.g_01615	Prau.g_01633
OG0001525	Prav	Prbg.g_01615	Prav.g_01678
OG0001525	Prag	Prbg.g_01615	Prag.g_01589
OG0001525	Praw	Prbg.g_01615	Praw.g_00436
OG0001525	Syad	Prbg.g_01615	Syad.g_00036
OG0001525	Syaj	Prbg.g_01615	Syaj.g_02159
OG0001525	Prah	Prbg.g_01615	Prah.g_01202
OG0001525	Praf	Prbg.g_01615	Praf.g_00977
OG0001525	Prbj	Prbg.g_01615	Prbj.g_02626
OG0001525	Prbk	Prbg.g_01615	Prbk.g_02665
OG0001525	Prbl	Prbg.g_01615	Prbl.g_01807
OG0001525	Syao	Prbg.g_01615	Syao.g_00881
OG0001525	Syan	Prbg.g_01615	Syan.g_00831
OG0001525	Syar	Prbg.g_01615	Syar.g_01315
OG0001525	Syab	Prbg.g_01615	Syab.g_01823
OG0001525	Syal	Prbg.g_01615	Syal.g_02585
OG0001525	Syag	Prbg.g_01615	Syag.g_00464
OG0001525	Syaq	Prbg.g_01615	Syaq.g_02129
OG0001525	Syak	Prbg.g_01615	Syak.g_00091
OG0001525	Prbm	Prbg.g_01615	Prbm.g_00086
OG0001525	Praj	Prbg.g_01615	Praj.g_01760, Praj.g_00060
OG0001525	Prak	Prbg.g_01615	Prak.g_01610
OG0001525	Prap	Prbg.g_01615	Prap.g_01814
OG0001525	Prbe	Prbg.g_01615	Prbe.g_01020
OG0001525	Prbf	Prbg.g_01615	Prbf.g_00728
OG0001525	Prbn	Prbg.g_01615	Prbn.g_01710
OG0001526	Syam	Prbg.g_00813	Syam.g_02183
OG0001526	Prbm	Prbg.g_00813	Prbm.g_00952
OG0001526	Prbc	Prbg.g_00813	Prbc.g_02000
OG0001526	Praj	Prbg.g_00813	Praj.g_00910
OG0001526	Prbb	Prbg.g_00813	Prbb.g_00955
OG0001526	Prag	Prbg.g_00813	Prag.g_01422
OG0001526	Praw	Prbg.g_00813	Praw.g_01049
OG0001526	Prav	Prbg.g_00813	Prav.g_01504
OG0001526	Prai	Prbg.g_00813	Prai.g_01699
OG0001526	Prac	Prbg.g_00813	Prac.g_00474
OG0001526	Praq	Prbg.g_00813	Praq.g_00953
OG0001526	Prar	Prbg.g_00813	Prar.g_01116
OG0001526	Prae	Prbg.g_00813	Prae.g_01684, Prae.g_01425
OG0001526	Prax	Prbg.g_00813	Prax.g_01260
OG0001526	Prao	Prbg.g_00813	Prao.g_01613
OG0001526	Pray	Prbg.g_00813	Pray.g_01232
OG0001526	Praz	Prbg.g_00813	Praz.g_00337
OG0001526	Prba	Prbg.g_00813	Prba.g_00355
OG0001526	Prad	Prbg.g_00813	Prad.g_00376
OG0001526	Prau	Prbg.g_00813	Prau.g_01272
OG0001526	Prbi	Prbg.g_00813	Prbi.g_01278
OG0001526	Praa	Prbg.g_00813	Praa.g_01698, Praa.g_01611
OG0001526	Prab	Prbg.g_00813	Prab.g_01729
OG0001526	Pran	Prbg.g_00813	Pran.g_01030
OG0001526	Pras	Prbg.g_00813	Pras.g_00482
OG0001526	Pral	Prbg.g_00813	Pral.g_01055
OG0001526	Prat	Prbg.g_00813	Prat.g_01460
OG0001526	Syao	Prbg.g_00813	Syao.g_02559
OG0001526	Syat	Prbg.g_00813	Syat.g_02907
OG0001526	Pram	Prbg.g_00813	Pram.g_00041
OG0001526	Prbh	Prbg.g_00813	Prbh.g_00726
OG0001526	Prak	Prbg.g_00813	Prak.g_00061
OG0001526	Prap	Prbg.g_00813	Prap.g_00894
OG0001526	Prbe	Prbg.g_00813	Prbe.g_00161
OG0001526	Prbf	Prbg.g_00813	Prbf.g_01383
OG0001526	Prbn	Prbg.g_00813	Prbn.g_00721
OG0001527	Prab	Prbg.g_00281	Prab.g_00567
OG0001527	Pran	Prbg.g_00281	Pran.g_01615
OG0001527	Prai	Prbg.g_00281	Prai.g_00591
OG0001527	Prah	Prbg.g_00281	Prah.g_01453
OG0001527	Praf	Prbg.g_00281	Praf.g_00704
OG0001527	Prbj	Prbg.g_00281	Prbj.g_01878
OG0001527	Prbk	Prbg.g_00281	Prbk.g_01878
OG0001527	Prbl	Prbg.g_00281	Prbl.g_01898
OG0001527	Syas	Prbg.g_00281	Syas.g_00803
OG0001527	Syap	Prbg.g_00281	Syap.g_00287, Syap.g_00292
OG0001527	Syat	Prbg.g_00281	Syat.g_00064
OG0001527	Syar	Prbg.g_00281	Syar.g_02309
OG0001527	Syan	Prbg.g_00281	Syan.g_00867
OG0001527	Syao	Prbg.g_00281	Syao.g_00846
OG0001527	Syac	Prbg.g_00281	Syac.g_01794
OG0001527	Syah	Prbg.g_00281	Syah.g_01107
OG0001527	Syaf	Prbg.g_00281	Syaf.g_02609
OG0001527	Syai	Prbg.g_00281	Syai.g_00749
OG0001527	Syam	Prbg.g_00281	Syam.g_00693
OG0001527	Syad	Prbg.g_00281	Syad.g_01030
OG0001527	Syaj	Prbg.g_00281	Syaj.g_00198
OG0001527	Syaa	Prbg.g_00281	Syaa.g_01936
OG0001527	Syae	Prbg.g_00281	Syae.g_02417
OG0001527	Syak	Prbg.g_00281	Syak.g_02682
OG0001527	Syab	Prbg.g_00281	Syab.g_01998
OG0001527	Syal	Prbg.g_00281	Syal.g_02796
OG0001527	Syag	Prbg.g_00281	Syag.g_00287
OG0001527	Syaq	Prbg.g_00281	Syaq.g_01946
OG0001527	Pral	Prbg.g_00281	Pral.g_00526
OG0001527	Prat	Prbg.g_00281	Prat.g_00526
OG0001527	Pram	Prbg.g_00281	Pram.g_00501
OG0001527	Prbh	Prbg.g_00281	Prbh.g_00266
OG0001527	Prak	Prbg.g_00281	Prak.g_00523
OG0001527	Prap	Prbg.g_00281	Prap.g_01206
OG0001527	Prbe	Prbg.g_00281	Prbe.g_00572
OG0001527	Prbf	Prbg.g_00281	Prbf.g_01844
OG0001527	Prbn	Prbg.g_00281	Prbn.g_00553
OG0001529	Prbc	Prbg.g_00833	Prbc.g_01119
OG0001529	Prbm	Prbg.g_00833	Prbm.g_00050
OG0001529	Praj	Prbg.g_00833	Praj.g_00045
OG0001529	Prbb	Prbg.g_00833	Prbb.g_00056
OG0001529	Pral	Prbg.g_00833	Pral.g_01004
OG0001529	Prat	Prbg.g_00833	Prat.g_00043
OG0001529	Praf	Prbg.g_00833	Praf.g_00051
OG0001529	Prah	Prbg.g_00833	Prah.g_00050
OG0001529	Prbj	Prbg.g_00833	Prbj.g_01216
OG0001529	Prbk	Prbg.g_00833	Prbk.g_01605
OG0001529	Prbl	Prbg.g_00833	Prbl.g_01989
OG0001529	Syap	Prbg.g_00833	Syap.g_01809
OG0001529	Syas	Prbg.g_00833	Syas.g_02082
OG0001529	Syat	Prbg.g_00833	Syat.g_02294
OG0001529	Syao	Prbg.g_00833	Syao.g_02222
OG0001529	Syan	Prbg.g_00833	Syan.g_01730
OG0001529	Syar	Prbg.g_00833	Syar.g_00518
OG0001529	Syae	Prbg.g_00833	Syae.g_01760
OG0001529	Syaa	Prbg.g_00833	Syaa.g_00050
OG0001529	Syad	Prbg.g_00833	Syad.g_00210
OG0001529	Syaj	Prbg.g_00833	Syaj.g_02311
OG0001529	Syaf	Prbg.g_00833	Syaf.g_00448
OG0001529	Syai	Prbg.g_00833	Syai.g_00054
OG0001529	Syam	Prbg.g_00833	Syam.g_00047
OG0001529	Syac	Prbg.g_00833	Syac.g_00047
OG0001529	Syah	Prbg.g_00833	Syah.g_00328
OG0001529	Syag	Prbg.g_00833	Syag.g_02327
OG0001529	Syak	Prbg.g_00833	Syak.g_01743
OG0001529	Syab	Prbg.g_00833	Syab.g_00051
OG0001529	Syal	Prbg.g_00833	Syal.g_00145
OG0001529	Syaq	Prbg.g_00833	Syaq.g_01102
OG0001529	Pram	Prbg.g_00833	Pram.g_00025
OG0001529	Prbh	Prbg.g_00833	Prbh.g_00742
OG0001529	Prak	Prbg.g_00833	Prak.g_00041
OG0001529	Prap	Prbg.g_00833	Prap.g_00914
OG0001529	Prbe	Prbg.g_00833	Prbe.g_00141
OG0001529	Prbf	Prbg.g_00833	Prbf.g_01363
OG0001529	Prbn	Prbg.g_00833	Prbn.g_00741
OG0001530	Prbm	Prbg.g_00883	Prbm.g_00168
OG0001530	Prbc	Prbg.g_00883	Prbc.g_00462
OG0001530	Prbb	Prbg.g_00883	Prbb.g_00166
OG0001530	Praj	Prbg.g_00883	Praj.g_00149
OG0001530	Pral	Prbg.g_00883	Pral.g_00936
OG0001530	Prat	Prbg.g_00883	Prat.g_00108
OG0001530	Praf	Prbg.g_00883	Praf.g_00238
OG0001530	Prah	Prbg.g_00883	Prah.g_01903
OG0001530	Prbj	Prbg.g_00883	Prbj.g_00626
OG0001530	Prbk	Prbg.g_00883	Prbk.g_00005
OG0001530	Prbl	Prbg.g_00883	Prbl.g_00546
OG0001530	Syac	Prbg.g_00883	Syac.g_00389
OG0001530	Syah	Prbg.g_00883	Syah.g_02544
OG0001530	Syaa	Prbg.g_00883	Syaa.g_02387
OG0001530	Syaf	Prbg.g_00883	Syaf.g_00896
OG0001530	Syam	Prbg.g_00883	Syam.g_02127
OG0001530	Syai	Prbg.g_00883	Syai.g_02547
OG0001530	Syae	Prbg.g_00883	Syae.g_01370
OG0001530	Syad	Prbg.g_00883	Syad.g_02808
OG0001530	Syaj	Prbg.g_00883	Syaj.g_01894
OG0001530	Syag	Prbg.g_00883	Syag.g_01891
OG0001530	Syak	Prbg.g_00883	Syak.g_02185
OG0001530	Syap	Prbg.g_00883	Syap.g_02627
OG0001530	Syat	Prbg.g_00883	Syat.g_01578
OG0001530	Syas	Prbg.g_00883	Syas.g_02415
OG0001530	Syan	Prbg.g_00883	Syan.g_02981
OG0001530	Syao	Prbg.g_00883	Syao.g_02591
OG0001530	Syar	Prbg.g_00883	Syar.g_03127
OG0001530	Syab	Prbg.g_00883	Syab.g_02507
OG0001530	Syal	Prbg.g_00883	Syal.g_00827
OG0001530	Syaq	Prbg.g_00883	Syaq.g_01480
OG0001530	Pram	Prbg.g_00883	Pram.g_00095
OG0001530	Prbh	Prbg.g_00883	Prbh.g_00672
OG0001530	Prak	Prbg.g_00883	Prak.g_00117
OG0001530	Prap	Prbg.g_00883	Prap.g_01065
OG0001530	Prbe	Prbg.g_00883	Prbe.g_01653
OG0001530	Prbf	Prbg.g_00883	Prbf.g_01439
OG0001530	Prbn	Prbg.g_00883	Prbn.g_01308
OG0001531	Praj	Prbg.g_01021	Praj.g_00279
OG0001531	Prbc	Prbg.g_01021	Prbc.g_00331
OG0001531	Prbb	Prbg.g_01021	Prbb.g_00296
OG0001531	Prbm	Prbg.g_01021	Prbm.g_00299
OG0001531	Syab	Prbg.g_01021	Syab.g_02367
OG0001531	Syal	Prbg.g_01021	Syal.g_00681
OG0001531	Syaq	Prbg.g_01021	Syaq.g_01584
OG0001531	Praf	Prbg.g_01021	Praf.g_00390
OG0001531	Prbj	Prbg.g_01021	Prbj.g_02613
OG0001531	Prbk	Prbg.g_01021	Prbk.g_01516
OG0001531	Prbl	Prbg.g_01021	Prbl.g_00194
OG0001531	Prah	Prbg.g_01021	Prah.g_01774
OG0001531	Syat	Prbg.g_01021	Syat.g_01444
OG0001531	Syar	Prbg.g_01021	Syar.g_03019
OG0001531	Syan	Prbg.g_01021	Syan.g_01511, Syan.g_02436
OG0001531	Syap	Prbg.g_01021	Syap.g_01150
OG0001531	Syas	Prbg.g_01021	Syas.g_02560
OG0001531	Syag	Prbg.g_01021	Syag.g_01780
OG0001531	Syak	Prbg.g_01021	Syak.g_02309
OG0001531	Syad	Prbg.g_01021	Syad.g_00823
OG0001531	Syaj	Prbg.g_01021	Syaj.g_02879
OG0001531	Syae	Prbg.g_01021	Syae.g_02242
OG0001531	Syaa	Prbg.g_01021	Syaa.g_02104
OG0001531	Syaf	Prbg.g_01021	Syaf.g_02783
OG0001531	Syai	Prbg.g_01021	Syai.g_00542
OG0001531	Syam	Prbg.g_01021	Syam.g_00513
OG0001531	Syac	Prbg.g_01021	Syac.g_01965
OG0001531	Syah	Prbg.g_01021	Syah.g_00911
OG0001531	Pral	Prbg.g_01021	Pral.g_00801
OG0001531	Prat	Prbg.g_01021	Prat.g_00244
OG0001531	Pram	Prbg.g_01021	Pram.g_00226
OG0001531	Prbh	Prbg.g_01021	Prbh.g_00541
OG0001531	Prak	Prbg.g_01021	Prak.g_00255
OG0001531	Prap	Prbg.g_01021	Prap.g_01473
OG0001531	Prbe	Prbg.g_01021	Prbe.g_01791
OG0001531	Prbf	Prbg.g_01021	Prbf.g_01577
OG0001531	Prbn	Prbg.g_01021	Prbn.g_00311
OG0001532	Prai	Prbg.g_01455	Prai.g_01199
OG0001532	Prbm	Prbg.g_01455	Prbm.g_01517
OG0001532	Praj	Prbg.g_01455	Praj.g_01431
OG0001532	Prbc	Prbg.g_01455	Prbc.g_01415
OG0001532	Prbb	Prbg.g_01455	Prbb.g_01485
OG0001532	Pral	Prbg.g_01455	Pral.g_01402
OG0001532	Prat	Prbg.g_01455	Prat.g_01125
OG0001532	Syas	Prbg.g_01455	Syas.g_01113
OG0001532	Syat	Prbg.g_01455	Syat.g_00213
OG0001532	Syar	Prbg.g_01455	Syar.g_01978
OG0001532	Syan	Prbg.g_01455	Syan.g_02637
OG0001532	Syao	Prbg.g_01455	Syao.g_00226
OG0001532	Syad	Prbg.g_01455	Syad.g_01492
OG0001532	Syaj	Prbg.g_01455	Syaj.g_00619
OG0001532	Syac	Prbg.g_01455	Syac.g_01487
OG0001532	Syah	Prbg.g_01455	Syah.g_01420
OG0001532	Syam	Prbg.g_01455	Syam.g_00897
OG0001532	Syaf	Prbg.g_01455	Syaf.g_01595
OG0001532	Syai	Prbg.g_01455	Syai.g_01764
OG0001532	Syaa	Prbg.g_01455	Syaa.g_01001
OG0001532	Syae	Prbg.g_01455	Syae.g_00655
OG0001532	Prbj	Prbg.g_01455	Prbj.g_00005
OG0001532	Prbk	Prbg.g_01455	Prbk.g_00136
OG0001532	Prbl	Prbg.g_01455	Prbl.g_01117
OG0001532	Praf	Prbg.g_01455	Praf.g_00924
OG0001532	Prah	Prbg.g_01455	Prah.g_01252
OG0001532	Syag	Prbg.g_01455	Syag.g_01089
OG0001532	Syaq	Prbg.g_01455	Syaq.g_00195
OG0001532	Syak	Prbg.g_01455	Syak.g_00838
OG0001532	Syab	Prbg.g_01455	Syab.g_01024
OG0001532	Syal	Prbg.g_01455	Syal.g_01710
OG0001532	Pram	Prbg.g_01455	Pram.g_01108
OG0001532	Prbh	Prbg.g_01455	Prbh.g_01251
OG0001532	Prak	Prbg.g_01455	Prak.g_01141
OG0001532	Prap	Prbg.g_01455	Prap.g_00425
OG0001532	Prbe	Prbg.g_01455	Prbe.g_01518
OG0001532	Prbf	Prbg.g_01455	Prbf.g_00949
OG0001532	Prbn	Prbg.g_01455	Prbn.g_00393
OG0001534	Prbm	Prbg.g_01343	Prbm.g_01047
OG0001534	Prbc	Prbg.g_01343	Prbc.g_02096
OG0001534	Praj	Prbg.g_01343	Praj.g_01007
OG0001534	Prbb	Prbg.g_01343	Prbb.g_01053
OG0001534	Syak	Prbg.g_01343	Syak.g_00665
OG0001534	Prbj	Prbg.g_01343	Prbj.g_02200
OG0001534	Prbk	Prbg.g_01343	Prbk.g_00597
OG0001534	Prbl	Prbg.g_01343	Prbl.g_02545
OG0001534	Praf	Prbg.g_01343	Praf.g_01324
OG0001534	Prah	Prbg.g_01343	Prah.g_00865
OG0001534	Syag	Prbg.g_01343	Syag.g_00891
OG0001534	Syab	Prbg.g_01343	Syab.g_01297
OG0001534	Syal	Prbg.g_01343	Syal.g_01898
OG0001534	Syaq	Prbg.g_01343	Syaq.g_00048
OG0001534	Syar	Prbg.g_01343	Syar.g_01558
OG0001534	Syan	Prbg.g_01343	Syan.g_00344
OG0001534	Syao	Prbg.g_01343	Syao.g_00467
OG0001534	Syap	Prbg.g_01343	Syap.g_00534
OG0001534	Syas	Prbg.g_01343	Syas.g_00198
OG0001534	Syat	Prbg.g_01343	Syat.g_00689
OG0001534	Syad	Prbg.g_01343	Syad.g_01668
OG0001534	Syaj	Prbg.g_01343	Syaj.g_00794
OG0001534	Syae	Prbg.g_01343	Syae.g_00437
OG0001534	Syaa	Prbg.g_01343	Syaa.g_01280
OG0001534	Syaf	Prbg.g_01343	Syaf.g_01951
OG0001534	Syai	Prbg.g_01343	Syai.g_01417
OG0001534	Syam	Prbg.g_01343	Syam.g_01205
OG0001534	Syac	Prbg.g_01343	Syac.g_01258
OG0001534	Syah	Prbg.g_01343	Syah.g_01699
OG0001534	Pral	Prbg.g_01343	Pral.g_01576
OG0001534	Prat	Prbg.g_01343	Prat.g_00950
OG0001534	Pram	Prbg.g_01343	Pram.g_00994
OG0001534	Prbh	Prbg.g_01343	Prbh.g_01137
OG0001534	Prak	Prbg.g_01343	Prak.g_01029
OG0001534	Prap	Prbg.g_01343	Prap.g_00313
OG0001534	Prbe	Prbg.g_01343	Prbe.g_01406
OG0001534	Prbf	Prbg.g_01343	Prbf.g_01061
OG0001534	Prbn	Prbg.g_01343	Prbn.g_01362
OG0001535	Prbm	Prbg.g_01327	Prbm.g_01036
OG0001535	Prbc	Prbg.g_01327	Prbc.g_02084
OG0001535	Prbb	Prbg.g_01327	Prbb.g_01041
OG0001535	Praj	Prbg.g_01327	Praj.g_00996
OG0001535	Syan	Prbg.g_01327	Syan.g_00362
OG0001535	Syao	Prbg.g_01327	Syao.g_00448
OG0001535	Syar	Prbg.g_01327	Syar.g_01799
OG0001535	Syat	Prbg.g_01327	Syat.g_00707
OG0001535	Syap	Prbg.g_01327	Syap.g_01875
OG0001535	Syas	Prbg.g_01327	Syas.g_00218
OG0001535	Syae	Prbg.g_01327	Syae.g_00421
OG0001535	Syad	Prbg.g_01327	Syad.g_01685
OG0001535	Syaj	Prbg.g_01327	Syaj.g_00813
OG0001535	Syaa	Prbg.g_01327	Syaa.g_01297
OG0001535	Syac	Prbg.g_01327	Syac.g_01242
OG0001535	Syah	Prbg.g_01327	Syah.g_01683
OG0001535	Syai	Prbg.g_01327	Syai.g_01433
OG0001535	Syaf	Prbg.g_01327	Syaf.g_01931
OG0001535	Syam	Prbg.g_01327	Syam.g_01188
OG0001535	Syak	Prbg.g_01327	Syak.g_00646
OG0001535	Syab	Prbg.g_01327	Syab.g_01316
OG0001535	Syal	Prbg.g_01327	Syal.g_01917
OG0001535	Prbj	Prbg.g_01327	Prbj.g_02212
OG0001535	Prbk	Prbg.g_01327	Prbk.g_00585
OG0001535	Prbl	Prbg.g_01327	Prbl.g_02533
OG0001535	Praf	Prbg.g_01327	Praf.g_01336
OG0001535	Prah	Prbg.g_01327	Prah.g_00853
OG0001535	Syag	Prbg.g_01327	Syag.g_00871
OG0001535	Syaq	Prbg.g_01327	Syaq.g_00065
OG0001535	Pral	Prbg.g_01327	Pral.g_01596
OG0001535	Prat	Prbg.g_01327	Prat.g_00935
OG0001535	Pram	Prbg.g_01327	Pram.g_00979
OG0001535	Prbh	Prbg.g_01327	Prbh.g_01122
OG0001535	Prak	Prbg.g_01327	Prak.g_01013
OG0001535	Prap	Prbg.g_01327	Prap.g_00297
OG0001535	Prbe	Prbg.g_01327	Prbe.g_01390
OG0001535	Prbf	Prbg.g_01327	Prbf.g_01077
OG0001535	Prbn	Prbg.g_01327	Prbn.g_01378
OG0001536	Prbm	Prbg.g_01283	Prbm.g_00984
OG0001536	Prbb	Prbg.g_01283	Prbb.g_00987
OG0001536	Praj	Prbg.g_01283	Praj.g_00942
OG0001536	Prbc	Prbg.g_01283	Prbc.g_02032
OG0001536	Pral	Prbg.g_01283	Pral.g_01631
OG0001536	Prat	Prbg.g_01283	Prat.g_00892
OG0001536	Syak	Prbg.g_01283	Syak.g_00508
OG0001536	Syab	Prbg.g_01283	Syab.g_01388
OG0001536	Syal	Prbg.g_01283	Syal.g_01996
OG0001536	Syaf	Prbg.g_01283	Syaf.g_01856
OG0001536	Syai	Prbg.g_01283	Syai.g_01508
OG0001536	Syam	Prbg.g_01283	Syam.g_01119
OG0001536	Syad	Prbg.g_01283	Syad.g_01762
OG0001536	Syaj	Prbg.g_01283	Syaj.g_00903
OG0001536	Syaa	Prbg.g_01283	Syaa.g_01362
OG0001536	Syae	Prbg.g_01283	Syae.g_00355
OG0001536	Praf	Prbg.g_01283	Praf.g_01396
OG0001536	Prbj	Prbg.g_01283	Prbj.g_02272
OG0001536	Prbk	Prbg.g_01283	Prbk.g_02328
OG0001536	Prbl	Prbg.g_01283	Prbl.g_02474
OG0001536	Prah	Prbg.g_01283	Prah.g_00792
OG0001536	Syac	Prbg.g_01283	Syac.g_01177
OG0001536	Syah	Prbg.g_01283	Syah.g_01617
OG0001536	Syag	Prbg.g_01283	Syag.g_00805
OG0001536	Syaq	Prbg.g_01283	Syaq.g_02480
OG0001536	Syan	Prbg.g_01283	Syan.g_00560
OG0001536	Syao	Prbg.g_01283	Syao.g_00679
OG0001536	Syar	Prbg.g_01283	Syar.g_02544
OG0001536	Syat	Prbg.g_01283	Syat.g_00589
OG0001536	Syap	Prbg.g_01283	Syap.g_02018
OG0001536	Syas	Prbg.g_01283	Syas.g_00456
OG0001536	Pram	Prbg.g_01283	Pram.g_00939
OG0001536	Prbh	Prbg.g_01283	Prbh.g_01082
OG0001536	Prak	Prbg.g_01283	Prak.g_00969
OG0001536	Prap	Prbg.g_01283	Prap.g_00253
OG0001536	Prbe	Prbg.g_01283	Prbe.g_01346
OG0001536	Prbf	Prbg.g_01283	Prbf.g_01121
OG0001536	Prbn	Prbg.g_01283	Prbn.g_01422
OG0001537	Prbc	Prbg.g_01096	Prbc.g_01990
OG0001537	Praj	Prbg.g_01096	Praj.g_00900
OG0001537	Prbb	Prbg.g_01096	Prbb.g_00945
OG0001537	Prbm	Prbg.g_01096	Prbm.g_00942
OG0001537	Syat	Prbg.g_01096	Syat.g_00441
OG0001537	Syap	Prbg.g_01096	Syap.g_00153
OG0001537	Syas	Prbg.g_01096	Syas.g_00651
OG0001537	Syar	Prbg.g_01096	Syar.g_02602
OG0001537	Syan	Prbg.g_01096	Syan.g_00729
OG0001537	Syao	Prbg.g_01096	Syao.g_00977
OG0001537	Prah	Prbg.g_01096	Prah.g_00707
OG0001537	Praf	Prbg.g_01096	Praf.g_01488
OG0001537	Prbj	Prbg.g_01096	Prbj.g_02372
OG0001537	Prbk	Prbg.g_01096	Prbk.g_02428
OG0001537	Prbl	Prbg.g_01096	Prbl.g_02374
OG0001537	Syak	Prbg.g_01096	Syak.g_00392
OG0001537	Syaq	Prbg.g_01096	Syaq.g_02301
OG0001537	Syag	Prbg.g_01096	Syag.g_00629
OG0001537	Syab	Prbg.g_01096	Syab.g_01606
OG0001537	Syal	Prbg.g_01096	Syal.g_02257
OG0001537	Syae	Prbg.g_01096	Syae.g_00558
OG0001537	Syad	Prbg.g_01096	Syad.g_01949
OG0001537	Syaj	Prbg.g_01096	Syaj.g_01066
OG0001537	Syaf	Prbg.g_01096	Syaf.g_02086
OG0001537	Syai	Prbg.g_01096	Syai.g_01285
OG0001537	Syam	Prbg.g_01096	Syam.g_01333
OG0001537	Syaa	Prbg.g_01096	Syaa.g_01112
OG0001537	Syac	Prbg.g_01096	Syac.g_01378
OG0001537	Syah	Prbg.g_01096	Syah.g_01815
OG0001537	Prat	Prbg.g_01096	Prat.g_00729
OG0001537	Pral	Prbg.g_01096	Pral.g_01787
OG0001537	Pram	Prbg.g_01096	Pram.g_00746
OG0001537	Prbh	Prbg.g_01096	Prbh.g_00890
OG0001537	Prak	Prbg.g_01096	Prak.g_00782
OG0001537	Prap	Prbg.g_01096	Prap.g_00846
OG0001537	Prbe	Prbg.g_01096	Prbe.g_00429
OG0001537	Prbf	Prbg.g_01096	Prbf.g_01308
OG0001537	Prbn	Prbg.g_01096	Prbn.g_01609
OG0001538	Prbm	Prbg.g_01164	Prbm.g_00819
OG0001538	Prbb	Prbg.g_01164	Prbb.g_00788
OG0001538	Praj	Prbg.g_01164	Praj.g_00774
OG0001538	Prbc	Prbg.g_01164	Prbc.g_01863
OG0001538	Prbj	Prbg.g_01164	Prbj.g_02417
OG0001538	Prbk	Prbg.g_01164	Prbk.g_02473
OG0001538	Prbl	Prbg.g_01164	Prbl.g_02330
OG0001538	Praf	Prbg.g_01164	Praf.g_01535
OG0001538	Prah	Prbg.g_01164	Prah.g_00662
OG0001538	Syag	Prbg.g_01164	Syag.g_00672
OG0001538	Syaq	Prbg.g_01164	Syaq.g_02345
OG0001538	Syak	Prbg.g_01164	Syak.g_00439
OG0001538	Syab	Prbg.g_01164	Syab.g_01278
OG0001538	Syal	Prbg.g_01164	Syal.g_01870
OG0001538	Syac	Prbg.g_01164	Syac.g_01336
OG0001538	Syah	Prbg.g_01164	Syah.g_01774
OG0001538	Syaa	Prbg.g_01164	Syaa.g_01159
OG0001538	Syae	Prbg.g_01164	Syae.g_00516
OG0001538	Syad	Prbg.g_01164	Syad.g_01884
OG0001538	Syaj	Prbg.g_01164	Syaj.g_01018
OG0001538	Syaf	Prbg.g_01164	Syaf.g_02044
OG0001538	Syai	Prbg.g_01164	Syai.g_01326
OG0001538	Syam	Prbg.g_01164	Syam.g_01285
OG0001538	Syar	Prbg.g_01164	Syar.g_02644
OG0001538	Syas	Prbg.g_01164	Syas.g_00591
OG0001538	Syap	Prbg.g_01164	Syap.g_00199
OG0001538	Syat	Prbg.g_01164	Syat.g_00484
OG0001538	Syan	Prbg.g_01164	Syan.g_00685
OG0001538	Syao	Prbg.g_01164	Syao.g_00761
OG0001538	Pral	Prbg.g_01164	Pral.g_01493
OG0001538	Prat	Prbg.g_01164	Prat.g_01032
OG0001538	Pram	Prbg.g_01164	Pram.g_00814
OG0001538	Prbh	Prbg.g_01164	Prbh.g_00958
OG0001538	Prak	Prbg.g_01164	Prak.g_00850
OG0001538	Prap	Prbg.g_01164	Prap.g_00778
OG0001538	Prbe	Prbg.g_01164	Prbe.g_01227
OG0001538	Prbf	Prbg.g_01164	Prbf.g_01240
OG0001538	Prbn	Prbg.g_01164	Prbn.g_01541
OG0001539	Praj	Prbg.g_01074	Praj.g_00878
OG0001539	Prbb	Prbg.g_01074	Prbb.g_00923
OG0001539	Prbc	Prbg.g_01074	Prbc.g_01968
OG0001539	Prbm	Prbg.g_01074	Prbm.g_00920
OG0001539	Syag	Prbg.g_01074	Syag.g_00601
OG0001539	Syaq	Prbg.g_01074	Syaq.g_02261
OG0001539	Syaa	Prbg.g_01074	Syaa.g_01085
OG0001539	Syac	Prbg.g_01074	Syac.g_01403
OG0001539	Syah	Prbg.g_01074	Syah.g_01521
OG0001539	Syai	Prbg.g_01074	Syai.g_01252
OG0001539	Syam	Prbg.g_01074	Syam.g_01357
OG0001539	Syaf	Prbg.g_01074	Syaf.g_02111
OG0001539	Syak	Prbg.g_01074	Syak.g_00364
OG0001539	Syab	Prbg.g_01074	Syab.g_01641
OG0001539	Syal	Prbg.g_01074	Syal.g_02294
OG0001539	Syad	Prbg.g_01074	Syad.g_01607
OG0001539	Syaj	Prbg.g_01074	Syaj.g_00731
OG0001539	Syae	Prbg.g_01074	Syae.g_00584
OG0001539	Prbj	Prbg.g_01074	Prbj.g_02522
OG0001539	Prbk	Prbg.g_01074	Prbk.g_02579
OG0001539	Prbl	Prbg.g_01074	Prbl.g_01587
OG0001539	Praf	Prbg.g_01074	Praf.g_01637
OG0001539	Prah	Prbg.g_01074	Prah.g_00559
OG0001539	Syat	Prbg.g_01074	Syat.g_00417
OG0001539	Syan	Prbg.g_01074	Syan.g_00750
OG0001539	Syap	Prbg.g_01074	Syap.g_02370
OG0001539	Syas	Prbg.g_01074	Syas.g_00683
OG0001539	Syao	Prbg.g_01074	Syao.g_00956
OG0001539	Syar	Prbg.g_01074	Syar.g_01626
OG0001539	Pral	Prbg.g_01074	Pral.g_01808
OG0001539	Prat	Prbg.g_01074	Prat.g_00706
OG0001539	Pram	Prbg.g_01074	Pram.g_00725
OG0001539	Prbh	Prbg.g_01074	Prbh.g_00869
OG0001539	Prak	Prbg.g_01074	Prak.g_00760
OG0001539	Prap	Prbg.g_01074	Prap.g_00868
OG0001539	Prbe	Prbg.g_01074	Prbe.g_00407
OG0001539	Prbf	Prbg.g_01074	Prbf.g_01330
OG0001539	Prbn	Prbg.g_01074	Prbn.g_01631
OG0001540	Prbc	Prbg.g_00904	Prbc.g_00440
OG0001540	Prbm	Prbg.g_00904	Prbm.g_00190
OG0001540	Praj	Prbg.g_00904	Praj.g_00171
OG0001540	Prbb	Prbg.g_00904	Prbb.g_00188
OG0001540	Prbj	Prbg.g_00904	Prbj.g_01533
OG0001540	Prbk	Prbg.g_00904	Prbk.g_00545
OG0001540	Prbl	Prbg.g_00904	Prbl.g_00824
OG0001540	Praf	Prbg.g_00904	Praf.g_02406
OG0001540	Prah	Prbg.g_00904	Prah.g_02255
OG0001540	Syag	Prbg.g_00904	Syag.g_01925
OG0001540	Syaq	Prbg.g_00904	Syaq.g_01452
OG0001540	Syak	Prbg.g_00904	Syak.g_02155
OG0001540	Syab	Prbg.g_00904	Syab.g_02538
OG0001540	Syal	Prbg.g_00904	Syal.g_00858
OG0001540	Syap	Prbg.g_00904	Syap.g_02214
OG0001540	Syas	Prbg.g_00904	Syas.g_02386
OG0001540	Syat	Prbg.g_00904	Syat.g_02924
OG0001540	Syan	Prbg.g_00904	Syan.g_02284
OG0001540	Syao	Prbg.g_00904	Syao.g_02543
OG0001540	Syar	Prbg.g_00904	Syar.g_00056
OG0001540	Syae	Prbg.g_00904	Syae.g_01401
OG0001540	Syaa	Prbg.g_00904	Syaa.g_02420
OG0001540	Syai	Prbg.g_00904	Syai.g_02578
OG0001540	Syaf	Prbg.g_00904	Syaf.g_00862
OG0001540	Syam	Prbg.g_00904	Syam.g_02161
OG0001540	Syac	Prbg.g_00904	Syac.g_00358
OG0001540	Syah	Prbg.g_00904	Syah.g_00022
OG0001540	Syad	Prbg.g_00904	Syad.g_02846
OG0001540	Syaj	Prbg.g_00904	Syaj.g_01931
OG0001540	Pral	Prbg.g_00904	Pral.g_00915
OG0001540	Prat	Prbg.g_00904	Prat.g_00129
OG0001540	Pram	Prbg.g_00904	Pram.g_00116
OG0001540	Prbh	Prbg.g_00904	Prbh.g_00651
OG0001540	Prak	Prbg.g_00904	Prak.g_00138
OG0001540	Prap	Prbg.g_00904	Prap.g_01044
OG0001540	Prbe	Prbg.g_00904	Prbe.g_01674
OG0001540	Prbf	Prbg.g_00904	Prbf.g_01460
OG0001540	Prbn	Prbg.g_00904	Prbn.g_01287
OG0001541	Prbc	Prbg.g_00958	Prbc.g_00392
OG0001541	Praj	Prbg.g_00958	Praj.g_00219
OG0001541	Prbm	Prbg.g_00958	Prbm.g_00239
OG0001541	Prbb	Prbg.g_00958	Prbb.g_00236
OG0001541	Pral	Prbg.g_00958	Pral.g_00864
OG0001541	Prat	Prbg.g_00958	Prat.g_00181
OG0001541	Prbj	Prbg.g_00958	Prbj.g_00507
OG0001541	Prbk	Prbg.g_00958	Prbk.g_00787
OG0001541	Prbl	Prbg.g_00958	Prbl.g_00267
OG0001541	Praf	Prbg.g_00958	Praf.g_02478
OG0001541	Prah	Prbg.g_00958	Prah.g_02318
OG0001541	Syae	Prbg.g_00958	Syae.g_01465
OG0001541	Syad	Prbg.g_00958	Syad.g_02915
OG0001541	Syaj	Prbg.g_00958	Syaj.g_02002
OG0001541	Syaa	Prbg.g_00958	Syaa.g_02490
OG0001541	Syac	Prbg.g_00958	Syac.g_02256
OG0001541	Syah	Prbg.g_00958	Syah.g_00621
OG0001541	Syaf	Prbg.g_00958	Syaf.g_00795
OG0001541	Syai	Prbg.g_00958	Syai.g_02646
OG0001541	Syam	Prbg.g_00958	Syam.g_02229
OG0001541	Syar	Prbg.g_00958	Syar.g_00117
OG0001541	Syan	Prbg.g_00958	Syan.g_03048
OG0001541	Syao	Prbg.g_00958	Syao.g_02518
OG0001541	Syat	Prbg.g_00958	Syat.g_02847
OG0001541	Syap	Prbg.g_00958	Syap.g_01187
OG0001541	Syas	Prbg.g_00958	Syas.g_02316
OG0001541	Syaq	Prbg.g_00958	Syaq.g_01387
OG0001541	Syag	Prbg.g_00958	Syag.g_01990
OG0001541	Syak	Prbg.g_00958	Syak.g_02089
OG0001541	Syab	Prbg.g_00958	Syab.g_02603
OG0001541	Syal	Prbg.g_00958	Syal.g_00924
OG0001541	Pram	Prbg.g_00958	Pram.g_00164
OG0001541	Prbh	Prbg.g_00958	Prbh.g_00603
OG0001541	Prak	Prbg.g_00958	Prak.g_00192
OG0001541	Prap	Prbg.g_00958	Prap.g_00990
OG0001541	Prbe	Prbg.g_00958	Prbe.g_01728
OG0001541	Prbf	Prbg.g_00958	Prbf.g_01514
OG0001541	Prbn	Prbg.g_00958	Prbn.g_00374
OG0001542	Prbc	Prbg.g_00964	Prbc.g_00386
OG0001542	Praj	Prbg.g_00964	Praj.g_00225
OG0001542	Prbb	Prbg.g_00964	Prbb.g_00242
OG0001542	Prbm	Prbg.g_00964	Prbm.g_00245
OG0001542	Pral	Prbg.g_00964	Pral.g_00858
OG0001542	Prat	Prbg.g_00964	Prat.g_00187
OG0001542	Prah	Prbg.g_00964	Prah.g_02335
OG0001542	Praf	Prbg.g_00964	Praf.g_02496
OG0001542	Prbj	Prbg.g_00964	Prbj.g_01142
OG0001542	Prbk	Prbg.g_00964	Prbk.g_01276
OG0001542	Prbl	Prbg.g_00964	Prbl.g_00073
OG0001542	Syag	Prbg.g_00964	Syag.g_01999
OG0001542	Syaq	Prbg.g_00964	Syaq.g_01379
OG0001542	Syab	Prbg.g_00964	Syab.g_02614
OG0001542	Syal	Prbg.g_00964	Syal.g_00935
OG0001542	Syan	Prbg.g_00964	Syan.g_03059
OG0001542	Syao	Prbg.g_00964	Syao.g_02527
OG0001542	Syat	Prbg.g_00964	Syat.g_02837
OG0001542	Syas	Prbg.g_00964	Syas.g_02294
OG0001542	Syar	Prbg.g_00964	Syar.g_00128
OG0001542	Syap	Prbg.g_00964	Syap.g_01177
OG0001542	Syak	Prbg.g_00964	Syak.g_02080
OG0001542	Syad	Prbg.g_00964	Syad.g_02924
OG0001542	Syaj	Prbg.g_00964	Syaj.g_02011
OG0001542	Syaa	Prbg.g_00964	Syaa.g_02499
OG0001542	Syae	Prbg.g_00964	Syae.g_01474
OG0001542	Syaf	Prbg.g_00964	Syaf.g_00785
OG0001542	Syam	Prbg.g_00964	Syam.g_02238
OG0001542	Syai	Prbg.g_00964	Syai.g_02655
OG0001542	Syac	Prbg.g_00964	Syac.g_02265
OG0001542	Syah	Prbg.g_00964	Syah.g_00612
OG0001542	Pram	Prbg.g_00964	Pram.g_00170
OG0001542	Prbh	Prbg.g_00964	Prbh.g_00597
OG0001542	Prak	Prbg.g_00964	Prak.g_00198
OG0001542	Prap	Prbg.g_00964	Prap.g_00984
OG0001542	Prbe	Prbg.g_00964	Prbe.g_01734
OG0001542	Prbf	Prbg.g_00964	Prbf.g_01520
OG0001542	Prbn	Prbg.g_00964	Prbn.g_00368
OG0001543	Prbb	Prbg.g_00463	Prbb.g_00896
OG0001543	Prbm	Prbg.g_00463	Prbm.g_00892
OG0001543	Praj	Prbg.g_00463	Praj.g_00850
OG0001543	Prbc	Prbg.g_00463	Prbc.g_01939
OG0001543	Prbj	Prbg.g_00463	Prbj.g_00247
OG0001543	Prbk	Prbg.g_00463	Prbk.g_00673
OG0001543	Prbl	Prbg.g_00463	Prbl.g_01241
OG0001543	Praf	Prbg.g_00463	Praf.g_02571
OG0001543	Prah	Prbg.g_00463	Prah.g_02414
OG0001543	Syad	Prbg.g_00463	Syad.g_02969
OG0001543	Syaj	Prbg.g_00463	Syaj.g_02057
OG0001543	Syan	Prbg.g_00463	Syan.g_03110
OG0001543	Syao	Prbg.g_00463	Syao.g_02382
OG0001543	Syar	Prbg.g_00463	Syar.g_00949
OG0001543	Syap	Prbg.g_00463	Syap.g_01417, Syap.g_01416
OG0001543	Syat	Prbg.g_00463	Syat.g_03229
OG0001543	Syas	Prbg.g_00463	Syas.g_02230
OG0001543	Syak	Prbg.g_00463	Syak.g_02007
OG0001543	Syag	Prbg.g_00463	Syag.g_02058
OG0001543	Syab	Prbg.g_00463	Syab.g_02686
OG0001543	Syal	Prbg.g_00463	Syal.g_00988
OG0001543	Syam	Prbg.g_00463	Syam.g_02271
OG0001543	Syai	Prbg.g_00463	Syai.g_02692
OG0001543	Syaf	Prbg.g_00463	Syaf.g_00726
OG0001543	Syaa	Prbg.g_00463	Syaa.g_02547
OG0001543	Syac	Prbg.g_00463	Syac.g_02307
OG0001543	Syah	Prbg.g_00463	Syah.g_00568
OG0001543	Syae	Prbg.g_00463	Syae.g_01516
OG0001543	Pram	Prbg.g_00463	Pram.g_01538
OG0001543	Prbh	Prbg.g_00463	Prbh.g_01876
OG0001543	Pral	Prbg.g_00463	Pral.g_01305
OG0001543	Prat	Prbg.g_00463	Prat.g_01221
OG0001543	Prak	Prbg.g_00463	Prak.g_01263
OG0001543	Prap	Prbg.g_00463	Prap.g_00547
OG0001543	Prbe	Prbg.g_00463	Prbe.g_00907
OG0001543	Prbf	Prbg.g_00463	Prbf.g_00040
OG0001543	Prbn	Prbg.g_00463	Prbn.g_01098
OG0001544	Prbc	Prbg.g_01910	Prbc.g_01007
OG0001544	Praj	Prbg.g_01910	Praj.g_02101
OG0001544	Prbb	Prbg.g_01910	Prbb.g_02141
OG0001544	Prbm	Prbg.g_01910	Prbm.g_02186
OG0001544	Pral	Prbg.g_01910	Pral.g_00368
OG0001544	Prat	Prbg.g_01910	Prat.g_01851
OG0001544	Praf	Prbg.g_01910	Praf.g_02681
OG0001544	Prbj	Prbg.g_01910	Prbj.g_01981
OG0001544	Prbk	Prbg.g_01910	Prbk.g_02186
OG0001544	Prbl	Prbg.g_01910	Prbl.g_02213
OG0001544	Prah	Prbg.g_01910	Prah.g_02514
OG0001544	Syag	Prbg.g_01910	Syag.g_02158
OG0001544	Syas	Prbg.g_01910	Syas.g_01911
OG0001544	Syar	Prbg.g_01910	Syar.g_00379, Syar.g_00001
OG0001544	Syat	Prbg.g_01910	Syat.g_02647
OG0001544	Syaq	Prbg.g_01910	Syaq.g_01235
OG0001544	Syak	Prbg.g_01910	Syak.g_01908
OG0001544	Syac	Prbg.g_01910	Syac.g_02383
OG0001544	Syah	Prbg.g_01910	Syah.g_00477
OG0001544	Syab	Prbg.g_01910	Syab.g_02795
OG0001544	Syal	Prbg.g_01910	Syal.g_01102
OG0001544	Syan	Prbg.g_01910	Syan.g_01591
OG0001544	Syao	Prbg.g_01910	Syao.g_02370
OG0001544	Syae	Prbg.g_01910	Syae.g_01595
OG0001544	Syad	Prbg.g_01910	Syad.g_00024
OG0001544	Syaj	Prbg.g_01910	Syaj.g_02146
OG0001544	Syaa	Prbg.g_01910	Syaa.g_02618
OG0001544	Syaf	Prbg.g_01910	Syaf.g_00620
OG0001544	Syai	Prbg.g_01910	Syai.g_02801
OG0001544	Syam	Prbg.g_01910	Syam.g_02336
OG0001544	Pram	Prbg.g_01910	Pram.g_01896
OG0001544	Prbh	Prbg.g_01910	Prbh.g_01518
OG0001544	Prak	Prbg.g_01910	Prak.g_01905
OG0001544	Prap	Prbg.g_01910	Prap.g_01518
OG0001544	Prbe	Prbg.g_01910	Prbe.g_01168
OG0001544	Prbf	Prbg.g_01910	Prbf.g_00433
OG0001544	Prbn	Prbg.g_01910	Prbn.g_00934
OG0001545	Praj	Prbg.g_01925	Praj.g_02122
OG0001545	Prbc	Prbg.g_01925	Prbc.g_01041
OG0001545	Prbb	Prbg.g_01925	Prbb.g_02162
OG0001545	Prbm	Prbg.g_01925	Prbm.g_02206
OG0001545	Praf	Prbg.g_01925	Praf.g_02751
OG0001545	Prbj	Prbg.g_01925	Prbj.g_02041
OG0001545	Prbk	Prbg.g_01925	Prbk.g_02246
OG0001545	Prbl	Prbg.g_01925	Prbl.g_02153
OG0001545	Prah	Prbg.g_01925	Prah.g_02572
OG0001545	Syad	Prbg.g_01925	Syad.g_00126
OG0001545	Syaj	Prbg.g_01925	Syaj.g_02226
OG0001545	Syac	Prbg.g_01925	Syac.g_02462
OG0001545	Syah	Prbg.g_01925	Syah.g_00405
OG0001545	Syak	Prbg.g_01925	Syak.g_01830
OG0001545	Syaa	Prbg.g_01925	Syaa.g_02723
OG0001545	Syae	Prbg.g_01925	Syae.g_01676
OG0001545	Syaf	Prbg.g_01925	Syaf.g_00534
OG0001545	Syai	Prbg.g_01925	Syai.g_02898
OG0001545	Syam	Prbg.g_01925	Syam.g_02414
OG0001545	Syab	Prbg.g_01925	Syab.g_02874
OG0001545	Syal	Prbg.g_01925	Syal.g_01170
OG0001545	Syag	Prbg.g_01925	Syag.g_02238
OG0001545	Syaq	Prbg.g_01925	Syaq.g_01185
OG0001545	Syan	Prbg.g_01925	Syan.g_01661
OG0001545	Syao	Prbg.g_01925	Syao.g_02312
OG0001545	Syas	Prbg.g_01925	Syas.g_01982
OG0001545	Syar	Prbg.g_01925	Syar.g_00865
OG0001545	Syat	Prbg.g_01925	Syat.g_02444, Syat.g_02433
OG0001545	Pral	Prbg.g_01925	Pral.g_00385
OG0001545	Prat	Prbg.g_01925	Prat.g_01868
OG0001545	Pram	Prbg.g_01925	Pram.g_01912
OG0001545	Prbh	Prbg.g_01925	Prbh.g_01502
OG0001545	Prak	Prbg.g_01925	Prak.g_01920
OG0001545	Prap	Prbg.g_01925	Prap.g_01503
OG0001545	Prbe	Prbg.g_01925	Prbe.g_01183
OG0001545	Prbf	Prbg.g_01925	Prbf.g_00418
OG0001545	Prbn	Prbg.g_01925	Prbn.g_00919
OG0001549	Prai	Prbg.g_01224	Prai.g_00788
OG0001549	Prao	Prbg.g_01224	Prao.g_00800
OG0001549	Prag	Prbg.g_01224	Prag.g_00863
OG0001549	Praw	Prbg.g_01224	Praw.g_01640
OG0001549	Prav	Prbg.g_01224	Prav.g_00455
OG0001549	Prbd	Prbg.g_01224	Prbd.g_00161
OG0001549	Praa	Prbg.g_01224	Praa.g_00863
OG0001549	Pras	Prbg.g_01224	Pras.g_01759
OG0001549	Prau	Prbg.g_01224	Prau.g_00913
OG0001549	Prae	Prbg.g_01224	Prae.g_00864
OG0001549	Pray	Prbg.g_01224	Pray.g_00407
OG0001549	Praz	Prbg.g_01224	Praz.g_01453
OG0001549	Prba	Prbg.g_01224	Prba.g_01440
OG0001549	Prat	Prbg.g_01224	Prat.g_00975
OG0001549	Pram	Prbg.g_01224	Pram.g_00875
OG0001549	Prbh	Prbg.g_01224	Prbh.g_01018
OG0001549	Prbm	Prbg.g_01224	Prbm.g_00876
OG0001549	Praj	Prbg.g_01224	Praj.g_00834
OG0001549	Prbb	Prbg.g_01224	Prbb.g_00846
OG0001549	Prbc	Prbg.g_01224	Prbc.g_01922
OG0001549	Syas	Prbg.g_01224	Syas.g_00482
OG0001549	Syan	Prbg.g_01224	Syan.g_00077
OG0001549	Syar	Prbg.g_01224	Syar.g_02838
OG0001549	Syat	Prbg.g_01224	Syat.g_00799
OG0001549	Syae	Prbg.g_01224	Syae.g_00882
OG0001549	Syaa	Prbg.g_01224	Syaa.g_00806
OG0001549	Syam	Prbg.g_01224	Syam.g_01761
OG0001549	Syaf	Prbg.g_01224	Syaf.g_01326
OG0001549	Syai	Prbg.g_01224	Syai.g_02106
OG0001549	Syah	Prbg.g_01224	Syah.g_02121
OG0001549	Syaq	Prbg.g_01224	Syaq.g_02416
OG0001549	Syak	Prbg.g_01224	Syak.g_00577
OG0001549	Prak	Prbg.g_01224	Prak.g_00910
OG0001549	Prap	Prbg.g_01224	Prap.g_00718
OG0001549	Prbe	Prbg.g_01224	Prbe.g_01287
OG0001549	Prbf	Prbg.g_01224	Prbf.g_01180
OG0001549	Prbn	Prbg.g_01224	Prbn.g_01481
OG0001550	Prai	Prbg.g_00007	Prai.g_01134
OG0001550	Prab	Prbg.g_00007	Prab.g_01174
OG0001550	Pran	Prbg.g_00007	Pran.g_00105
OG0001550	Prae	Prbg.g_00007	Prae.g_01119
OG0001550	Prao	Prbg.g_00007	Prao.g_01132
OG0001550	Prag	Prbg.g_00007	Prag.g_01111
OG0001550	Praw	Prbg.g_00007	Praw.g_00192
OG0001550	Pray	Prbg.g_00007	Pray.g_00107
OG0001550	Praz	Prbg.g_00007	Praz.g_00035
OG0001550	Prba	Prbg.g_00007	Prba.g_00724
OG0001550	Prav	Prbg.g_00007	Prav.g_00024
OG0001550	Prax	Prbg.g_00007	Prax.g_00151
OG0001550	Praa	Prbg.g_00007	Praa.g_01120
OG0001550	Prbd	Prbg.g_00007	Prbd.g_00418
OG0001550	Prbi	Prbg.g_00007	Prbi.g_01166
OG0001550	Pras	Prbg.g_00007	Pras.g_00014
OG0001550	Prau	Prbg.g_00007	Prau.g_01165
OG0001550	Prac	Prbg.g_00007	Prac.g_01026
OG0001550	Praq	Prbg.g_00007	Praq.g_01292
OG0001550	Prar	Prbg.g_00007	Prar.g_01304
OG0001550	Prad	Prbg.g_00007	Prad.g_00660
OG0001550	Praj	Prbg.g_00007	Praj.g_01205
OG0001550	Prbb	Prbg.g_00007	Prbb.g_01247
OG0001550	Prbc	Prbg.g_00007	Prbc.g_01277
OG0001550	Prbm	Prbg.g_00007	Prbm.g_01314
OG0001550	Prbj	Prbg.g_00007	Prbj.g_00688
OG0001550	Prbk	Prbg.g_00007	Prbk.g_01692
OG0001550	Prbl	Prbg.g_00007	Prbl.g_01694
OG0001550	Prah	Prbg.g_00007	Prah.g_01182
OG0001550	Praf	Prbg.g_00007	Praf.g_02648, Praf.g_01002
OG0001550	Pral	Prbg.g_00007	Pral.g_01701
OG0001550	Prak	Prbg.g_00007	Prak.g_00727
OG0001550	Prap	Prbg.g_00007	Prap.g_00035
OG0001550	Prbe	Prbg.g_00007	Prbe.g_00056
OG0001550	Prbf	Prbg.g_00007	Prbf.g_00281
OG0001550	Prbn	Prbg.g_00007	Prbn.g_01024
OG0001552	Prai	Prbg.g_00684	Prai.g_01237
OG0001552	Prao	Prbg.g_00684	Prao.g_00016
OG0001552	Prad	Prbg.g_00684	Prad.g_00074
OG0001552	Prbi	Prbg.g_00684	Prbi.g_01271
OG0001552	Praa	Prbg.g_00684	Praa.g_01223
OG0001552	Prbd	Prbg.g_00684	Prbd.g_01922
OG0001552	Prag	Prbg.g_00684	Prag.g_01217
OG0001552	Praw	Prbg.g_00684	Praw.g_00906
OG0001552	Prav	Prbg.g_00684	Prav.g_02005
OG0001552	Prac	Prbg.g_00684	Prac.g_00923
OG0001552	Praq	Prbg.g_00684	Praq.g_01395
OG0001552	Prar	Prbg.g_00684	Prar.g_01201
OG0001552	Pray	Prbg.g_00684	Pray.g_00248
OG0001552	Praz	Prbg.g_00684	Praz.g_01938
OG0001552	Prba	Prbg.g_00684	Prba.g_01082
OG0001552	Prae	Prbg.g_00684	Prae.g_01225
OG0001552	Pras	Prbg.g_00684	Pras.g_00121
OG0001552	Prau	Prbg.g_00684	Prau.g_01270
OG0001552	Prab	Prbg.g_00684	Prab.g_01282
OG0001552	Pran	Prbg.g_00684	Pran.g_00920
OG0001552	Syaa	Prbg.g_00684	Syaa.g_01229
OG0001552	Syai	Prbg.g_00684	Syai.g_01018
OG0001552	Syaf	Prbg.g_00684	Syaf.g_02761, Syaf.g_02762
OG0001552	Prbm	Prbg.g_00684	Prbm.g_01918
OG0001552	Praj	Prbg.g_00684	Praj.g_01840
OG0001552	Prbb	Prbg.g_00684	Prbb.g_01895
OG0001552	Prbc	Prbg.g_00684	Prbc.g_00904
OG0001552	Pral	Prbg.g_00684	Pral.g_01067
OG0001552	Prat	Prbg.g_00684	Prat.g_01449
OG0001552	Pram	Prbg.g_00684	Pram.g_01286
OG0001552	Prbh	Prbg.g_00684	Prbh.g_00191
OG0001552	Prak	Prbg.g_00684	Prak.g_01484
OG0001552	Prap	Prbg.g_00684	Prap.g_00214
OG0001552	Prbe	Prbg.g_00684	Prbe.g_00218
OG0001552	Prbf	Prbg.g_00684	Prbf.g_00250
OG0001552	Prbn	Prbg.g_00684	Prbn.g_00889
OG0001557	Prax	Prbg.g_01100	Prax.g_00577
OG0001557	Prad	Prbg.g_01100	Prad.g_00229
OG0001557	Pray	Prbg.g_01100	Pray.g_00468
OG0001557	Pras	Prbg.g_01100	Pras.g_01817
OG0001557	Prau	Prbg.g_01100	Prau.g_00972
OG0001557	Prbi	Prbg.g_01100	Prbi.g_00967
OG0001557	Praj	Prbg.g_01100	Praj.g_00904
OG0001557	Prbb	Prbg.g_01100	Prbb.g_00949
OG0001557	Prbc	Prbg.g_01100	Prbc.g_01994
OG0001557	Syan	Prbg.g_01100	Syan.g_00721
OG0001557	Syao	Prbg.g_01100	Syao.g_00984
OG0001557	Syar	Prbg.g_01100	Syar.g_02609
OG0001557	Syag	Prbg.g_01100	Syag.g_00636
OG0001557	Syaa	Prbg.g_01100	Syaa.g_01119
OG0001557	Syae	Prbg.g_01100	Syae.g_00552
OG0001557	Syaf	Prbg.g_01100	Syaf.g_02080
OG0001557	Syai	Prbg.g_01100	Syai.g_01291
OG0001557	Syaj	Prbg.g_01100	Syaj.g_01058
OG0001557	Syam	Prbg.g_01100	Syam.g_01320
OG0001557	Syac	Prbg.g_01100	Syac.g_01372
OG0001557	Syah	Prbg.g_01100	Syah.g_01809
OG0001557	Syak	Prbg.g_01100	Syak.g_00400
OG0001557	Syaq	Prbg.g_01100	Syaq.g_02308
OG0001557	Syab	Prbg.g_01100	Syab.g_01598
OG0001557	Syal	Prbg.g_01100	Syal.g_02249
OG0001557	Syat	Prbg.g_01100	Syat.g_00451
OG0001557	Syap	Prbg.g_01100	Syap.g_00162
OG0001557	Syas	Prbg.g_01100	Syas.g_00626
OG0001557	Pral	Prbg.g_01100	Pral.g_01783
OG0001557	Pram	Prbg.g_01100	Pram.g_00750
OG0001557	Prbh	Prbg.g_01100	Prbh.g_00894
OG0001557	Prat	Prbg.g_01100	Prat.g_00733
OG0001557	Prak	Prbg.g_01100	Prak.g_00786
OG0001557	Prap	Prbg.g_01100	Prap.g_00842
OG0001557	Prbe	Prbg.g_01100	Prbe.g_00433
OG0001557	Prbf	Prbg.g_01100	Prbf.g_01304
OG0001557	Prbn	Prbg.g_01100	Prbn.g_01605
OG0001559	Prbm	Prbg.g_00882	Prbm.g_00167
OG0001559	Prbb	Prbg.g_00882	Prbb.g_00165
OG0001559	Praj	Prbg.g_00882	Praj.g_00148
OG0001559	Prbc	Prbg.g_00882	Prbc.g_00463
OG0001559	Prbj	Prbg.g_00882	Prbj.g_00625
OG0001559	Prbk	Prbg.g_00882	Prbk.g_00006
OG0001559	Prbl	Prbg.g_00882	Prbl.g_00547
OG0001559	Praf	Prbg.g_00882	Praf.g_00239
OG0001559	Prah	Prbg.g_00882	Prah.g_01902
OG0001559	Syas	Prbg.g_00882	Syas.g_02416
OG0001559	Syat	Prbg.g_00882	Syat.g_01577
OG0001559	Syar	Prbg.g_00882	Syar.g_03126
OG0001559	Syan	Prbg.g_00882	Syan.g_02980
OG0001559	Syao	Prbg.g_00882	Syao.g_02590
OG0001559	Syaa	Prbg.g_00882	Syaa.g_02386
OG0001559	Syac	Prbg.g_00882	Syac.g_00390
OG0001559	Syah	Prbg.g_00882	Syah.g_02543
OG0001559	Syai	Prbg.g_00882	Syai.g_02546
OG0001559	Syaf	Prbg.g_00882	Syaf.g_00897
OG0001559	Syam	Prbg.g_00882	Syam.g_02126
OG0001559	Syae	Prbg.g_00882	Syae.g_01369
OG0001559	Syad	Prbg.g_00882	Syad.g_02807
OG0001559	Syaj	Prbg.g_00882	Syaj.g_01893
OG0001559	Syag	Prbg.g_00882	Syag.g_01890
OG0001559	Syaq	Prbg.g_00882	Syaq.g_01481
OG0001559	Syak	Prbg.g_00882	Syak.g_02186
OG0001559	Syab	Prbg.g_00882	Syab.g_02506
OG0001559	Syal	Prbg.g_00882	Syal.g_00826
OG0001559	Pral	Prbg.g_00882	Pral.g_00937
OG0001559	Prat	Prbg.g_00882	Prat.g_00107
OG0001559	Pram	Prbg.g_00882	Pram.g_00094
OG0001559	Prbh	Prbg.g_00882	Prbh.g_00673
OG0001559	Prak	Prbg.g_00882	Prak.g_00116
OG0001559	Prap	Prbg.g_00882	Prap.g_01066
OG0001559	Prbe	Prbg.g_00882	Prbe.g_01652
OG0001559	Prbf	Prbg.g_00882	Prbf.g_01438
OG0001559	Prbn	Prbg.g_00882	Prbn.g_01309
OG0001560	Prbm	Prbg.g_00871	Prbm.g_00157
OG0001560	Prbb	Prbg.g_00871	Prbb.g_00155
OG0001560	Praj	Prbg.g_00871	Praj.g_00138
OG0001560	Prbc	Prbg.g_00871	Prbc.g_00473
OG0001560	Prbj	Prbg.g_00871	Prbj.g_00612
OG0001560	Prbk	Prbg.g_00871	Prbk.g_00019
OG0001560	Prbl	Prbg.g_00871	Prbl.g_00560
OG0001560	Praf	Prbg.g_00871	Praf.g_00252
OG0001560	Prah	Prbg.g_00871	Prah.g_01889
OG0001560	Syaa	Prbg.g_00871	Syaa.g_02372
OG0001560	Syaf	Prbg.g_00871	Syaf.g_00911
OG0001560	Syai	Prbg.g_00871	Syai.g_02535
OG0001560	Syam	Prbg.g_00871	Syam.g_02113
OG0001560	Syae	Prbg.g_00871	Syae.g_01355
OG0001560	Syac	Prbg.g_00871	Syac.g_00403
OG0001560	Syah	Prbg.g_00871	Syah.g_02531
OG0001560	Syad	Prbg.g_00871	Syad.g_02793
OG0001560	Syaj	Prbg.g_00871	Syaj.g_01879
OG0001560	Syak	Prbg.g_00871	Syak.g_02199
OG0001560	Syab	Prbg.g_00871	Syab.g_02492
OG0001560	Syal	Prbg.g_00871	Syal.g_00812
OG0001560	Syag	Prbg.g_00871	Syag.g_01877
OG0001560	Syaq	Prbg.g_00871	Syaq.g_01494
OG0001560	Syar	Prbg.g_00871	Syar.g_03110
OG0001560	Syat	Prbg.g_00871	Syat.g_01562
OG0001560	Syan	Prbg.g_00871	Syan.g_02969
OG0001560	Syao	Prbg.g_00871	Syao.g_02595
OG0001560	Syas	Prbg.g_00871	Syas.g_02429
OG0001560	Pral	Prbg.g_00871	Pral.g_00947
OG0001560	Prat	Prbg.g_00871	Prat.g_00097
OG0001560	Pram	Prbg.g_00871	Pram.g_00084
OG0001560	Prbh	Prbg.g_00871	Prbh.g_00683
OG0001560	Prak	Prbg.g_00871	Prak.g_00105
OG0001560	Prap	Prbg.g_00871	Prap.g_01077
OG0001560	Prbe	Prbg.g_00871	Prbe.g_01641
OG0001560	Prbf	Prbg.g_00871	Prbf.g_01427
OG0001560	Prbn	Prbg.g_00871	Prbn.g_01320
OG0001561	Prbm	Prbg.g_01333	Prbm.g_01040
OG0001561	Praj	Prbg.g_01333	Praj.g_01000
OG0001561	Prbb	Prbg.g_01333	Prbb.g_01046
OG0001561	Prbc	Prbg.g_01333	Prbc.g_02089
OG0001561	Prbj	Prbg.g_01333	Prbj.g_02206
OG0001561	Prbk	Prbg.g_01333	Prbk.g_00591
OG0001561	Prbl	Prbg.g_01333	Prbl.g_02539
OG0001561	Praf	Prbg.g_01333	Praf.g_01330
OG0001561	Prah	Prbg.g_01333	Prah.g_00859
OG0001561	Syaq	Prbg.g_01333	Syaq.g_00059
OG0001561	Syag	Prbg.g_01333	Syag.g_00878
OG0001561	Syao	Prbg.g_01333	Syao.g_00454
OG0001561	Syan	Prbg.g_01333	Syan.g_00356
OG0001561	Syar	Prbg.g_01333	Syar.g_01792
OG0001561	Syat	Prbg.g_01333	Syat.g_00701
OG0001561	Syas	Prbg.g_01333	Syas.g_00211
OG0001561	Syak	Prbg.g_01333	Syak.g_00653
OG0001561	Syab	Prbg.g_01333	Syab.g_01309
OG0001561	Syal	Prbg.g_01333	Syal.g_01910
OG0001561	Syaa	Prbg.g_01333	Syaa.g_01291
OG0001561	Syac	Prbg.g_01333	Syac.g_01248
OG0001561	Syah	Prbg.g_01333	Syah.g_01689
OG0001561	Syam	Prbg.g_01333	Syam.g_01195
OG0001561	Syai	Prbg.g_01333	Syai.g_01427
OG0001561	Syaf	Prbg.g_01333	Syaf.g_01937
OG0001561	Syae	Prbg.g_01333	Syae.g_00427
OG0001561	Syad	Prbg.g_01333	Syad.g_01679
OG0001561	Syaj	Prbg.g_01333	Syaj.g_00807
OG0001561	Pral	Prbg.g_01333	Pral.g_01601
OG0001561	Prat	Prbg.g_01333	Prat.g_00940
OG0001561	Pram	Prbg.g_01333	Pram.g_00984
OG0001561	Prbh	Prbg.g_01333	Prbh.g_01127
OG0001561	Prak	Prbg.g_01333	Prak.g_01019
OG0001561	Prap	Prbg.g_01333	Prap.g_00303
OG0001561	Prbe	Prbg.g_01333	Prbe.g_01396
OG0001561	Prbf	Prbg.g_01333	Prbf.g_01071
OG0001561	Prbn	Prbg.g_01333	Prbn.g_01372
OG0001562	Prai	Prbg.g_01320	Prai.g_00949
OG0001562	Pral	Prbg.g_01320	Pral.g_01589
OG0001562	Prat	Prbg.g_01320	Prat.g_00927
OG0001562	Prbm	Prbg.g_01320	Prbm.g_01030
OG0001562	Prbb	Prbg.g_01320	Prbb.g_01035
OG0001562	Praj	Prbg.g_01320	Praj.g_00990
OG0001562	Prbc	Prbg.g_01320	Prbc.g_02078
OG0001562	Syak	Prbg.g_01320	Syak.g_00639
OG0001562	Prbj	Prbg.g_01320	Prbj.g_02220
OG0001562	Prbk	Prbg.g_01320	Prbk.g_00577
OG0001562	Prbl	Prbg.g_01320	Prbl.g_02525
OG0001562	Praf	Prbg.g_01320	Praf.g_01344
OG0001562	Prah	Prbg.g_01320	Prah.g_00845
OG0001562	Syaq	Prbg.g_01320	Syaq.g_00073
OG0001562	Syag	Prbg.g_01320	Syag.g_00863
OG0001562	Syab	Prbg.g_01320	Syab.g_01324
OG0001562	Syal	Prbg.g_01320	Syal.g_01926
OG0001562	Syar	Prbg.g_01320	Syar.g_02484
OG0001562	Syat	Prbg.g_01320	Syat.g_00523
OG0001562	Syap	Prbg.g_01320	Syap.g_02700
OG0001562	Syas	Prbg.g_01320	Syas.g_00560
OG0001562	Syan	Prbg.g_01320	Syan.g_00650
OG0001562	Syao	Prbg.g_01320	Syao.g_00795
OG0001562	Syae	Prbg.g_01320	Syae.g_00413
OG0001562	Syad	Prbg.g_01320	Syad.g_01693
OG0001562	Syaj	Prbg.g_01320	Syaj.g_00821
OG0001562	Syac	Prbg.g_01320	Syac.g_01234
OG0001562	Syah	Prbg.g_01320	Syah.g_01675
OG0001562	Syaa	Prbg.g_01320	Syaa.g_01305
OG0001562	Syai	Prbg.g_01320	Syai.g_01441
OG0001562	Syaf	Prbg.g_01320	Syaf.g_01923
OG0001562	Syam	Prbg.g_01320	Syam.g_01180
OG0001562	Prak	Prbg.g_01320	Prak.g_01006
OG0001562	Prap	Prbg.g_01320	Prap.g_00290
OG0001562	Prbe	Prbg.g_01320	Prbe.g_01383
OG0001562	Prbf	Prbg.g_01320	Prbf.g_01084
OG0001562	Prbn	Prbg.g_01320	Prbn.g_01385
OG0001563	Prbm	Prbg.g_01784	Prbm.g_02032
OG0001563	Prbb	Prbg.g_01784	Prbb.g_02000
OG0001563	Praj	Prbg.g_01784	Praj.g_01951
OG0001563	Prbc	Prbg.g_01784	Prbc.g_00285
OG0001563	Prbj	Prbg.g_01784	Prbj.g_00982
OG0001563	Prbk	Prbg.g_01784	Prbk.g_00945
OG0001563	Prbl	Prbg.g_01784	Prbl.g_00999
OG0001563	Praf	Prbg.g_01784	Praf.g_02120
OG0001563	Prah	Prbg.g_01784	Prah.g_01996
OG0001563	Syak	Prbg.g_01784	Syak.g_01306
OG0001563	Syal	Prbg.g_01784	Syal.g_00274
OG0001563	Syaq	Prbg.g_01784	Syaq.g_00608
OG0001563	Syad	Prbg.g_01784	Syad.g_00693
OG0001563	Syaj	Prbg.g_01784	Syaj.g_02737
OG0001563	Syae	Prbg.g_01784	Syae.g_02124
OG0001563	Syac	Prbg.g_01784	Syac.g_02095
OG0001563	Syah	Prbg.g_01784	Syah.g_00784
OG0001563	Syaa	Prbg.g_01784	Syaa.g_02250
OG0001563	Syaf	Prbg.g_01784	Syaf.g_00094
OG0001563	Syai	Prbg.g_01784	Syai.g_00403
OG0001563	Syam	Prbg.g_01784	Syam.g_00370
OG0001563	Syan	Prbg.g_01784	Syan.g_02200
OG0001563	Syao	Prbg.g_01784	Syao.g_01841
OG0001563	Syar	Prbg.g_01784	Syar.g_01072
OG0001563	Syap	Prbg.g_01784	Syap.g_00473
OG0001563	Syas	Prbg.g_01784	Syas.g_01590
OG0001563	Syat	Prbg.g_01784	Syat.g_01662
OG0001563	Syag	Prbg.g_01784	Syag.g_02772
OG0001563	Pral	Prbg.g_01784	Pral.g_00242
OG0001563	Prat	Prbg.g_01784	Prat.g_01725
OG0001563	Pram	Prbg.g_01784	Pram.g_01769
OG0001563	Prbh	Prbg.g_01784	Prbh.g_01645
OG0001563	Prak	Prbg.g_01784	Prak.g_01779
OG0001563	Prap	Prbg.g_01784	Prap.g_01643
OG0001563	Prbe	Prbg.g_01784	Prbe.g_00837
OG0001563	Prbf	Prbg.g_01784	Prbf.g_00559
OG0001563	Prbn	Prbg.g_01784	Prbn.g_01880
OG0001564	Prbb	Prbg.g_00814	Prbb.g_00863
OG0001564	Prbm	Prbg.g_00814	Prbm.g_02124
OG0001564	Pras	Prbg.g_00814	Pras.g_00320, Pras.g_00300
OG0001564	Prbi	Prbg.g_00814	Prbi.g_01485
OG0001564	Pray	Prbg.g_00814	Pray.g_01767
OG0001564	Praz	Prbg.g_00814	Praz.g_01077
OG0001564	Prba	Prbg.g_00814	Prba.g_00133
OG0001564	Prau	Prbg.g_00814	Prau.g_01501, Prau.g_01505
OG0001564	Prao	Prbg.g_00814	Prao.g_01209
OG0001564	Syab	Prbg.g_00814	Syab.g_00177
OG0001564	Prax	Prbg.g_00814	Prax.g_00489
OG0001564	Syas	Prbg.g_00814	Syas.g_01034
OG0001564	Syan	Prbg.g_00814	Syan.g_00082
OG0001564	Syao	Prbg.g_00814	Syao.g_01231, Syao.g_00883
OG0001564	Syaq	Prbg.g_00814	Syaq.g_02158
OG0001564	Syad	Prbg.g_00814	Syad.g_01539
OG0001564	Syaj	Prbg.g_00814	Syaj.g_00657
OG0001564	Syaa	Prbg.g_00814	Syaa.g_02683
OG0001564	Syak	Prbg.g_00814	Syak.g_01860
OG0001564	Syai	Prbg.g_00814	Syai.g_02869
OG0001564	Syam	Prbg.g_00814	Syam.g_02383
OG0001564	Syaf	Prbg.g_00814	Syaf.g_00565
OG0001564	Syag	Prbg.g_00814	Syag.g_02208
OG0001564	Syae	Prbg.g_00814	Syae.g_02485
OG0001564	Syac	Prbg.g_00814	Syac.g_02430
OG0001564	Syat	Prbg.g_00814	Syat.g_01209
OG0001564	Prag	Prbg.g_00814	Prag.g_01435
OG0001564	Praw	Prbg.g_00814	Praw.g_01062
OG0001564	Syap	Prbg.g_00814	Syap.g_00876
OG0001564	Prak	Prbg.g_00814	Prak.g_00060
OG0001564	Prap	Prbg.g_00814	Prap.g_00895
OG0001564	Prbe	Prbg.g_00814	Prbe.g_00160
OG0001564	Prbf	Prbg.g_00814	Prbf.g_01382
OG0001564	Prbn	Prbg.g_00814	Prbn.g_00722
OG0001565	Praa	Prbg.g_00432	Praa.g_00416
OG0001565	Prac	Prbg.g_00432	Prac.g_01120
OG0001565	Praq	Prbg.g_00432	Praq.g_01130
OG0001565	Prar	Prbg.g_00432	Prar.g_00475
OG0001565	Prab	Prbg.g_00432	Prab.g_00426
OG0001565	Pran	Prbg.g_00432	Pran.g_01757
OG0001565	Prai	Prbg.g_00432	Prai.g_00447
OG0001565	Prav	Prbg.g_00432	Prav.g_01021
OG0001565	Pras	Prbg.g_00432	Pras.g_01295
OG0001565	Prag	Prbg.g_00432	Prag.g_00395
OG0001565	Praw	Prbg.g_00432	Praw.g_00731
OG0001565	Prau	Prbg.g_00432	Prau.g_00457, Prau.g_00431
OG0001565	Pray	Prbg.g_00432	Pray.g_00909
OG0001565	Praz	Prbg.g_00432	Praz.g_01909
OG0001565	Prba	Prbg.g_00432	Prba.g_01042
OG0001565	Pram	Prbg.g_00432	Pram.g_01576
OG0001565	Prbh	Prbg.g_00432	Prbh.g_01838
OG0001565	Prbj	Prbg.g_00432	Prbj.g_02457
OG0001565	Prbk	Prbg.g_00432	Prbk.g_02513
OG0001565	Prbl	Prbg.g_00432	Prbl.g_02291
OG0001565	Praf	Prbg.g_00432	Praf.g_01576
OG0001565	Prah	Prbg.g_00432	Prah.g_00621
OG0001565	Syar	Prbg.g_00432	Syar.g_03069
OG0001565	Syas	Prbg.g_00432	Syas.g_00351
OG0001565	Syag	Prbg.g_00432	Syag.g_00449
OG0001565	Syaq	Prbg.g_00432	Syaq.g_02120
OG0001565	Syak	Prbg.g_00432	Syak.g_00083
OG0001565	Syab	Prbg.g_00432	Syab.g_01837
OG0001565	Syal	Prbg.g_00432	Syal.g_02600
OG0001565	Pral	Prbg.g_00432	Pral.g_01872
OG0001565	Prak	Prbg.g_00432	Prak.g_00642
OG0001565	Prap	Prbg.g_00432	Prap.g_00636
OG0001565	Prbe	Prbg.g_00432	Prbe.g_00695
OG0001565	Prbf	Prbg.g_00432	Prbf.g_00364
OG0001565	Prbn	Prbg.g_00432	Prbn.g_00784
OG0001566	Prae	Prbg.g_01117	Prae.g_00650
OG0001566	Praa	Prbg.g_01117	Praa.g_00676
OG0001566	Prax	Prbg.g_01117	Prax.g_00966
OG0001566	Pray	Prbg.g_01117	Pray.g_01087
OG0001566	Praz	Prbg.g_01117	Praz.g_01654
OG0001566	Prba	Prbg.g_01117	Prba.g_01641
OG0001566	Prbd	Prbg.g_01117	Prbd.g_00568
OG0001566	Prad	Prbg.g_01117	Prad.g_01250
OG0001566	Pras	Prbg.g_01117	Pras.g_01552
OG0001566	Prab	Prbg.g_01117	Prab.g_00681
OG0001566	Pran	Prbg.g_01117	Pran.g_01502
OG0001566	Prai	Prbg.g_01117	Prai.g_00705
OG0001566	Prau	Prbg.g_01117	Prau.g_00716
OG0001566	Prag	Prbg.g_01117	Prag.g_00654
OG0001566	Praw	Prbg.g_01117	Praw.g_01846
OG0001566	Prav	Prbg.g_01117	Prav.g_01274
OG0001566	Prao	Prbg.g_01117	Prao.g_00115
OG0001566	Prac	Prbg.g_01117	Prac.g_00695
OG0001566	Praq	Prbg.g_01117	Praq.g_00805
OG0001566	Prar	Prbg.g_01117	Prar.g_01506
OG0001566	Prbi	Prbg.g_01117	Prbi.g_00679
OG0001566	Prbm	Prbg.g_01117	Prbm.g_00710
OG0001566	Prbc	Prbg.g_01117	Prbc.g_01756
OG0001566	Praj	Prbg.g_01117	Praj.g_00667
OG0001566	Prbb	Prbg.g_01117	Prbb.g_00681
OG0001566	Syan	Prbg.g_01117	Syan.g_01072
OG0001566	Syao	Prbg.g_01117	Syao.g_01198
OG0001566	Pral	Prbg.g_01117	Pral.g_01767
OG0001566	Prat	Prbg.g_01117	Prat.g_00750
OG0001566	Pram	Prbg.g_01117	Pram.g_00766
OG0001566	Prbh	Prbg.g_01117	Prbh.g_00910
OG0001566	Prak	Prbg.g_01117	Prak.g_00803
OG0001566	Prap	Prbg.g_01117	Prap.g_00825
OG0001566	Prbe	Prbg.g_01117	Prbe.g_00450
OG0001566	Prbf	Prbg.g_01117	Prbf.g_01287
OG0001566	Prbn	Prbg.g_01117	Prbn.g_01588
OG0001569	Prab	Prbg.g_00442	Prab.g_01145
OG0001569	Pran	Prbg.g_00442	Pran.g_00134
OG0001569	Prai	Prbg.g_00442	Prai.g_01108
OG0001569	Prag	Prbg.g_00442	Prag.g_01086
OG0001569	Praw	Prbg.g_00442	Praw.g_01417
OG0001569	Prav	Prbg.g_00442	Prav.g_00262
OG0001569	Pras	Prbg.g_00442	Pras.g_01983
OG0001569	Prau	Prbg.g_00442	Prau.g_01137
OG0001569	Prac	Prbg.g_00442	Prac.g_01206
OG0001569	Praq	Prbg.g_00442	Praq.g_01668
OG0001569	Prar	Prbg.g_00442	Prar.g_01954
OG0001569	Prao	Prbg.g_00442	Prao.g_01026
OG0001569	Prad	Prbg.g_00442	Prad.g_00971
OG0001569	Prbd	Prbg.g_00442	Prbd.g_00390
OG0001569	Prae	Prbg.g_00442	Prae.g_01091
OG0001569	Prbi	Prbg.g_00442	Prbi.g_01137
OG0001569	Pray	Prbg.g_00442	Pray.g_00633
OG0001569	Praz	Prbg.g_00442	Praz.g_00115
OG0001569	Prba	Prbg.g_00442	Prba.g_01215
OG0001569	Praa	Prbg.g_00442	Praa.g_01090
OG0001569	Prax	Prbg.g_00442	Prax.g_01255
OG0001569	Praf	Prbg.g_00442	Praf.g_00969
OG0001569	Prbj	Prbg.g_00442	Prbj.g_02632
OG0001569	Prbk	Prbg.g_00442	Prbk.g_02659
OG0001569	Prbl	Prbg.g_00442	Prbl.g_01813
OG0001569	Prbc	Prbg.g_00442	Prbc.g_00041
OG0001569	Prbm	Prbg.g_00442	Prbm.g_01311
OG0001569	Praj	Prbg.g_00442	Praj.g_01378
OG0001569	Prbb	Prbg.g_00442	Prbb.g_01433
OG0001569	Pram	Prbg.g_00442	Pram.g_00625
OG0001569	Prbh	Prbg.g_00442	Prbh.g_00769
OG0001569	Prak	Prbg.g_00442	Prak.g_00632
OG0001569	Prap	Prbg.g_00442	Prap.g_00647
OG0001569	Prbe	Prbg.g_00442	Prbe.g_00685
OG0001569	Prbf	Prbg.g_00442	Prbf.g_00375
OG0001569	Prbn	Prbg.g_00442	Prbn.g_00774
OG0001571	Prab	Prbg.g_00404	Prab.g_01167
OG0001571	Pran	Prbg.g_00404	Pran.g_00112
OG0001571	Prai	Prbg.g_00404	Prai.g_01128
OG0001571	Prae	Prbg.g_00404	Prae.g_01113
OG0001571	Prag	Prbg.g_00404	Prag.g_01104
OG0001571	Praw	Prbg.g_00404	Praw.g_00185
OG0001571	Prav	Prbg.g_00404	Prav.g_00017
OG0001571	Praa	Prbg.g_00404	Praa.g_01113
OG0001571	Prao	Prbg.g_00404	Prao.g_01139
OG0001571	Prac	Prbg.g_00404	Prac.g_01033
OG0001571	Prad	Prbg.g_00404	Prad.g_00653
OG0001571	Praq	Prbg.g_00404	Praq.g_01285
OG0001571	Prar	Prbg.g_00404	Prar.g_01311
OG0001571	Prax	Prbg.g_00404	Prax.g_00144
OG0001571	Prbd	Prbg.g_00404	Prbd.g_00412
OG0001571	Prbi	Prbg.g_00404	Prbi.g_01159
OG0001571	Pras	Prbg.g_00404	Pras.g_00007
OG0001571	Prau	Prbg.g_00404	Prau.g_01159
OG0001571	Pray	Prbg.g_00404	Pray.g_00114
OG0001571	Praz	Prbg.g_00404	Praz.g_00042
OG0001571	Prba	Prbg.g_00404	Prba.g_00731
OG0001571	Prbb	Prbg.g_00404	Prbb.g_01325
OG0001571	Prbc	Prbg.g_00404	Prbc.g_01348, Prbc.g_02182
OG0001571	Praj	Prbg.g_00404	Praj.g_01277
OG0001571	Prbm	Prbg.g_00404	Prbm.g_01388
OG0001571	Pral	Prbg.g_00404	Pral.g_00034
OG0001571	Prat	Prbg.g_00404	Prat.g_01234, Prat.g_01492
OG0001571	Pram	Prbg.g_00404	Pram.g_00648
OG0001571	Prbh	Prbg.g_00404	Prbh.g_00792
OG0001571	Prak	Prbg.g_00404	Prak.g_00671
OG0001571	Prap	Prbg.g_00404	Prap.g_00607
OG0001571	Prbe	Prbg.g_00404	Prbe.g_00724
OG0001571	Prbf	Prbg.g_00404	Prbf.g_00336
OG0001571	Prbn	Prbg.g_00404	Prbn.g_00813
OG0001572	Prad	Prbg.g_00406	Prad.g_00315
OG0001572	Pras	Prbg.g_00406	Pras.g_00143
OG0001572	Prau	Prbg.g_00406	Prau.g_01308
OG0001572	Prbd	Prbg.g_00406	Prbd.g_00003
OG0001572	Prab	Prbg.g_00406	Prab.g_00415
OG0001572	Pran	Prbg.g_00406	Pran.g_01768
OG0001572	Prac	Prbg.g_00406	Prac.g_00911
OG0001572	Praq	Prbg.g_00406	Praq.g_00078
OG0001572	Prar	Prbg.g_00406	Prar.g_01192
OG0001572	Prbi	Prbg.g_00406	Prbi.g_01326
OG0001572	Praa	Prbg.g_00406	Praa.g_01251
OG0001572	Prax	Prbg.g_00406	Prax.g_01964
OG0001572	Prbc	Prbg.g_00406	Prbc.g_00019, Prbc.g_00096
OG0001572	Prbj	Prbg.g_00406	Prbj.g_00213
OG0001572	Prbk	Prbg.g_00406	Prbk.g_01332
OG0001572	Prbl	Prbg.g_00406	Prbl.g_01025
OG0001572	Praf	Prbg.g_00406	Praf.g_01094
OG0001572	Prah	Prbg.g_00406	Prah.g_01101
OG0001572	Syae	Prbg.g_00406	Syae.g_00134
OG0001572	Syak	Prbg.g_00406	Syak.g_00097
OG0001572	Syao	Prbg.g_00406	Syao.g_00721
OG0001572	Syaj	Prbg.g_00406	Syaj.g_00522
OG0001572	Syab	Prbg.g_00406	Syab.g_02215
OG0001572	Syal	Prbg.g_00406	Syal.g_03017
OG0001572	Syac	Prbg.g_00406	Syac.g_01584
OG0001572	Syah	Prbg.g_00406	Syah.g_01333
OG0001572	Syaa	Prbg.g_00406	Syaa.g_01180
OG0001572	Syag	Prbg.g_00406	Syag.g_00086
OG0001572	Syai	Prbg.g_00406	Syai.g_00564
OG0001572	Syam	Prbg.g_00406	Syam.g_00531
OG0001572	Prak	Prbg.g_00406	Prak.g_00669
OG0001572	Prap	Prbg.g_00406	Prap.g_00609
OG0001572	Prbe	Prbg.g_00406	Prbe.g_00722
OG0001572	Prbf	Prbg.g_00406	Prbf.g_00338
OG0001572	Prbn	Prbg.g_00406	Prbn.g_00811
OG0001574	Praf	Prbg.g_00279	Praf.g_00702
OG0001574	Prbj	Prbg.g_00279	Prbj.g_01876
OG0001574	Prbk	Prbg.g_00279	Prbk.g_01880
OG0001574	Prbl	Prbg.g_00279	Prbl.g_01896
OG0001574	Prah	Prbg.g_00279	Prah.g_01456
OG0001574	Syag	Prbg.g_00279	Syag.g_00285
OG0001574	Syaq	Prbg.g_00279	Syaq.g_01944
OG0001574	Syak	Prbg.g_00279	Syak.g_02680
OG0001574	Syab	Prbg.g_00279	Syab.g_02000
OG0001574	Syal	Prbg.g_00279	Syal.g_02798
OG0001574	Syar	Prbg.g_00279	Syar.g_02311
OG0001574	Syas	Prbg.g_00279	Syas.g_00801
OG0001574	Syat	Prbg.g_00279	Syat.g_00066
OG0001574	Syap	Prbg.g_00279	Syap.g_00295, Syap.g_00289, Syap.g_00294
OG0001574	Syan	Prbg.g_00279	Syan.g_00865
OG0001574	Syao	Prbg.g_00279	Syao.g_00848
OG0001574	Syad	Prbg.g_00279	Syad.g_01028
OG0001574	Syaj	Prbg.g_00279	Syaj.g_00196
OG0001574	Syac	Prbg.g_00279	Syac.g_01796
OG0001574	Syah	Prbg.g_00279	Syah.g_01105
OG0001574	Syaf	Prbg.g_00279	Syaf.g_02611
OG0001574	Syai	Prbg.g_00279	Syai.g_00747
OG0001574	Syam	Prbg.g_00279	Syam.g_00691
OG0001574	Syaa	Prbg.g_00279	Syaa.g_01938
OG0001574	Syae	Prbg.g_00279	Syae.g_02415
OG0001574	Pral	Prbg.g_00279	Pral.g_00528
OG0001574	Prat	Prbg.g_00279	Prat.g_00524
OG0001574	Pram	Prbg.g_00279	Pram.g_00499
OG0001574	Prbh	Prbg.g_00279	Prbh.g_00268
OG0001574	Prak	Prbg.g_00279	Prak.g_00521
OG0001574	Prap	Prbg.g_00279	Prap.g_01208
OG0001574	Prbe	Prbg.g_00279	Prbe.g_00574
OG0001574	Prbf	Prbg.g_00279	Prbf.g_01842
OG0001574	Prbn	Prbg.g_00279	Prbn.g_00555
OG0001575	Prbb	Prbg.g_00284	Prbb.g_00569
OG0001575	Prbm	Prbg.g_00284	Prbm.g_00598
OG0001575	Prbc	Prbg.g_00284	Prbc.g_01645
OG0001575	Praj	Prbg.g_00284	Praj.g_00556
OG0001575	Prbj	Prbg.g_00284	Prbj.g_01881
OG0001575	Prbk	Prbg.g_00284	Prbk.g_01875
OG0001575	Prbl	Prbg.g_00284	Prbl.g_01901
OG0001575	Prah	Prbg.g_00284	Prah.g_01450
OG0001575	Praf	Prbg.g_00284	Praf.g_00707
OG0001575	Syaa	Prbg.g_00284	Syaa.g_01933
OG0001575	Syae	Prbg.g_00284	Syae.g_02420
OG0001575	Syac	Prbg.g_00284	Syac.g_01791
OG0001575	Syah	Prbg.g_00284	Syah.g_01110
OG0001575	Syaf	Prbg.g_00284	Syaf.g_02606
OG0001575	Syai	Prbg.g_00284	Syai.g_00752
OG0001575	Syam	Prbg.g_00284	Syam.g_00696
OG0001575	Syad	Prbg.g_00284	Syad.g_01033
OG0001575	Syaj	Prbg.g_00284	Syaj.g_00201
OG0001575	Syar	Prbg.g_00284	Syar.g_02306
OG0001575	Syas	Prbg.g_00284	Syas.g_00806
OG0001575	Syat	Prbg.g_00284	Syat.g_00061
OG0001575	Syao	Prbg.g_00284	Syao.g_00843
OG0001575	Syan	Prbg.g_00284	Syan.g_00870
OG0001575	Syab	Prbg.g_00284	Syab.g_01995
OG0001575	Syal	Prbg.g_00284	Syal.g_02793
OG0001575	Syag	Prbg.g_00284	Syag.g_00290
OG0001575	Syaq	Prbg.g_00284	Syaq.g_01949
OG0001575	Pral	Prbg.g_00284	Pral.g_00523
OG0001575	Prat	Prbg.g_00284	Prat.g_00529
OG0001575	Pram	Prbg.g_00284	Pram.g_00504
OG0001575	Prbh	Prbg.g_00284	Prbh.g_00263
OG0001575	Prak	Prbg.g_00284	Prak.g_00526
OG0001575	Prap	Prbg.g_00284	Prap.g_01203
OG0001575	Prbe	Prbg.g_00284	Prbe.g_00569
OG0001575	Prbf	Prbg.g_00284	Prbf.g_01847
OG0001575	Prbn	Prbg.g_00284	Prbn.g_00550
OG0001576	Prbm	Prbg.g_00491	Prbm.g_01623
OG0001576	Praj	Prbg.g_00491	Praj.g_01541
OG0001576	Prbc	Prbg.g_00491	Prbc.g_00578
OG0001576	Prbb	Prbg.g_00491	Prbb.g_01599
OG0001576	Prah	Prbg.g_00491	Prah.g_01379
OG0001576	Praf	Prbg.g_00491	Praf.g_00778
OG0001576	Prbj	Prbg.g_00491	Prbj.g_01743
OG0001576	Prbk	Prbg.g_00491	Prbk.g_01168
OG0001576	Prbl	Prbg.g_00491	Prbl.g_01737
OG0001576	Syac	Prbg.g_00491	Syac.g_01729
OG0001576	Syah	Prbg.g_00491	Syah.g_01172
OG0001576	Syam	Prbg.g_00491	Syam.g_01699
OG0001576	Syai	Prbg.g_00491	Syai.g_00817
OG0001576	Syaf	Prbg.g_00491	Syaf.g_02545
OG0001576	Syad	Prbg.g_00491	Syad.g_01103
OG0001576	Syae	Prbg.g_00491	Syae.g_02478
OG0001576	Syaj	Prbg.g_00491	Syaj.g_00266
OG0001576	Syas	Prbg.g_00491	Syas.g_02834
OG0001576	Syar	Prbg.g_00491	Syar.g_02794
OG0001576	Syat	Prbg.g_00491	Syat.g_01169
OG0001576	Syak	Prbg.g_00491	Syak.g_00955
OG0001576	Syao	Prbg.g_00491	Syao.g_01474
OG0001576	Syan	Prbg.g_00491	Syan.g_01242
OG0001576	Syab	Prbg.g_00491	Syab.g_00896
OG0001576	Syal	Prbg.g_00491	Syal.g_01582
OG0001576	Syag	Prbg.g_00491	Syag.g_01233
OG0001576	Syaq	Prbg.g_00491	Syaq.g_00326
OG0001576	Pral	Prbg.g_00491	Pral.g_01268
OG0001576	Prat	Prbg.g_00491	Prat.g_01262
OG0001576	Pram	Prbg.g_00491	Pram.g_01243
OG0001576	Prbh	Prbg.g_00491	Prbh.g_01386
OG0001576	Prak	Prbg.g_00491	Prak.g_01291
OG0001576	Prap	Prbg.g_00491	Prap.g_00575
OG0001576	Prbe	Prbg.g_00491	Prbe.g_00879
OG0001576	Prbf	Prbg.g_00491	Prbf.g_00012
OG0001576	Prbn	Prbg.g_00491	Prbn.g_01070
OG0001577	Prbm	Prbg.g_01491	Prbm.g_01554
OG0001577	Prbc	Prbg.g_01491	Prbc.g_01451
OG0001577	Praj	Prbg.g_01491	Praj.g_01465
OG0001577	Prbb	Prbg.g_01491	Prbb.g_01522
OG0001577	Pral	Prbg.g_01491	Pral.g_01362
OG0001577	Prat	Prbg.g_01491	Prat.g_01160
OG0001577	Prah	Prbg.g_01491	Prah.g_01326
OG0001577	Praf	Prbg.g_01491	Praf.g_00835
OG0001577	Prbj	Prbg.g_01491	Prbj.g_00967
OG0001577	Prbk	Prbg.g_01491	Prbk.g_01023
OG0001577	Prbl	Prbg.g_01491	Prbl.g_02080
OG0001577	Syag	Prbg.g_01491	Syag.g_01146
OG0001577	Syae	Prbg.g_01491	Syae.g_00925
OG0001577	Syaa	Prbg.g_01491	Syaa.g_00765
OG0001577	Syad	Prbg.g_01491	Syad.g_01148
OG0001577	Syaj	Prbg.g_01491	Syaj.g_00298
OG0001577	Syac	Prbg.g_01491	Syac.g_00765
OG0001577	Syah	Prbg.g_01491	Syah.g_02162
OG0001577	Syaf	Prbg.g_01491	Syaf.g_01284
OG0001577	Syai	Prbg.g_01491	Syai.g_02148
OG0001577	Syam	Prbg.g_01491	Syam.g_01799
OG0001577	Syan	Prbg.g_01491	Syan.g_02701
OG0001577	Syar	Prbg.g_01491	Syar.g_01534
OG0001577	Syao	Prbg.g_01491	Syao.g_00128
OG0001577	Syap	Prbg.g_01491	Syap.g_00232
OG0001577	Syas	Prbg.g_01491	Syas.g_01189
OG0001577	Syat	Prbg.g_01491	Syat.g_03255
OG0001577	Syaq	Prbg.g_01491	Syaq.g_00254
OG0001577	Syak	Prbg.g_01491	Syak.g_00903
OG0001577	Syab	Prbg.g_01491	Syab.g_00964
OG0001577	Syal	Prbg.g_01491	Syal.g_01648
OG0001577	Prak	Prbg.g_01491	Prak.g_01177
OG0001577	Prap	Prbg.g_01491	Prap.g_00461
OG0001577	Prbe	Prbg.g_01491	Prbe.g_01554
OG0001577	Prbf	Prbg.g_01491	Prbf.g_00913
OG0001577	Prbn	Prbg.g_01491	Prbn.g_01184
OG0001579	Prbb	Prbg.g_00107	Prbb.g_00381
OG0001579	Prbm	Prbg.g_00107	Prbm.g_00385
OG0001579	Praj	Prbg.g_00107	Praj.g_00365
OG0001579	Prbc	Prbg.g_00107	Prbc.g_01222
OG0001579	Syad	Prbg.g_00107	Syad.g_00732
OG0001579	Syaj	Prbg.g_00107	Syaj.g_02777
OG0001579	Syag	Prbg.g_00107	Syag.g_02813, Syag.g_02817
OG0001579	Syah	Prbg.g_00107	Syah.g_00824, Syah.g_00828
OG0001579	Syab	Prbg.g_00107	Syab.g_00489, Syab.g_00494
OG0001579	Syac	Prbg.g_00107	Syac.g_02054, Syac.g_02049
OG0001579	Syai	Prbg.g_00107	Syai.g_00447
OG0001579	Syaf	Prbg.g_00107	Syaf.g_00047
OG0001579	Syaa	Prbg.g_00107	Syaa.g_02207
OG0001579	Syam	Prbg.g_00107	Syam.g_00418
OG0001579	Syae	Prbg.g_00107	Syae.g_02165
OG0001579	Syal	Prbg.g_00107	Syal.g_00318
OG0001579	Prah	Prbg.g_00107	Prah.g_01953
OG0001579	Praf	Prbg.g_00107	Praf.g_02070
OG0001579	Prbj	Prbg.g_00107	Prbj.g_00356
OG0001579	Prbk	Prbg.g_00107	Prbk.g_00856
OG0001579	Prbl	Prbg.g_00107	Prbl.g_01186
OG0001579	Syak	Prbg.g_00107	Syak.g_01267
OG0001579	Syao	Prbg.g_00107	Syao.g_01907
OG0001579	Pral	Prbg.g_00107	Pral.g_00709
OG0001579	Prat	Prbg.g_00107	Prat.g_00337
OG0001579	Pram	Prbg.g_00107	Pram.g_00318
OG0001579	Prbh	Prbg.g_00107	Prbh.g_00449
OG0001579	Prak	Prbg.g_00107	Prak.g_00346
OG0001579	Prap	Prbg.g_00107	Prap.g_01382
OG0001579	Prbe	Prbg.g_00107	Prbe.g_01882
OG0001579	Prbf	Prbg.g_00107	Prbf.g_01668
OG0001579	Prbn	Prbg.g_00107	Prbn.g_00095
OG0001580	Syar	Prbg.g_00826	Syar.g_00895
OG0001580	Syas	Prbg.g_00826	Syas.g_01875
OG0001580	Syao	Prbg.g_00826	Syao.g_02425
OG0001580	Syan	Prbg.g_00826	Syan.g_01551
OG0001580	Syap	Prbg.g_00826	Syap.g_01340, Syap.g_01341
OG0001580	Syat	Prbg.g_00826	Syat.g_02701
OG0001580	Prah	Prbg.g_00826	Prah.g_02479
OG0001580	Praf	Prbg.g_00826	Praf.g_02612
OG0001580	Prbj	Prbg.g_00826	Prbj.g_01944
OG0001580	Prbk	Prbg.g_00826	Prbk.g_02149
OG0001580	Prbl	Prbg.g_00826	Prbl.g_02250
OG0001580	Syag	Prbg.g_00826	Syag.g_02112
OG0001580	Syaq	Prbg.g_00826	Syaq.g_01275
OG0001580	Syak	Prbg.g_00826	Syak.g_01953
OG0001580	Syab	Prbg.g_00826	Syab.g_02740
OG0001580	Syal	Prbg.g_00826	Syal.g_01052
OG0001580	Syad	Prbg.g_00826	Syad.g_03020
OG0001580	Syaj	Prbg.g_00826	Syaj.g_02100
OG0001580	Syae	Prbg.g_00826	Syae.g_01556
OG0001580	Syaa	Prbg.g_00826	Syaa.g_02580
OG0001580	Syam	Prbg.g_00826	Syam.g_02300
OG0001580	Syaf	Prbg.g_00826	Syaf.g_00662
OG0001580	Syai	Prbg.g_00826	Syai.g_02758
OG0001580	Syac	Prbg.g_00826	Syac.g_02341
OG0001580	Syah	Prbg.g_00826	Syah.g_00523, Syah.g_00522
OG0001580	Pral	Prbg.g_00826	Pral.g_00997
OG0001580	Prat	Prbg.g_00826	Prat.g_00050
OG0001580	Pram	Prbg.g_00826	Pram.g_00032
OG0001580	Prbh	Prbg.g_00826	Prbh.g_00735
OG0001580	Prak	Prbg.g_00826	Prak.g_00048
OG0001580	Prap	Prbg.g_00826	Prap.g_00907
OG0001580	Prbe	Prbg.g_00826	Prbe.g_00148
OG0001580	Prbf	Prbg.g_00826	Prbf.g_01370
OG0001580	Prbn	Prbg.g_00826	Prbn.g_00734
OG0001581	Prab	Prbg.g_00496	Prab.g_00135
OG0001581	Pran	Prbg.g_00496	Pran.g_00289
OG0001581	Prai	Prbg.g_00496	Prai.g_00155
OG0001581	Prac	Prbg.g_00496	Prac.g_01786
OG0001581	Praq	Prbg.g_00496	Praq.g_01858
OG0001581	Prar	Prbg.g_00496	Prar.g_00183
OG0001581	Pras	Prbg.g_00496	Pras.g_00995
OG0001581	Prau	Prbg.g_00496	Prau.g_00145
OG0001581	Prad	Prbg.g_00496	Prad.g_01847
OG0001581	Prbi	Prbg.g_00496	Prbi.g_00168
OG0001581	Prae	Prbg.g_00496	Prae.g_00147
OG0001581	Prax	Prbg.g_00496	Prax.g_01074
OG0001581	Praa	Prbg.g_00496	Praa.g_00144
OG0001581	Prbd	Prbg.g_00496	Prbd.g_01096
OG0001581	Prav	Prbg.g_00496	Prav.g_00211
OG0001581	Pray	Prbg.g_00496	Pray.g_00145
OG0001581	Praz	Prbg.g_00496	Praz.g_00504
OG0001581	Prba	Prbg.g_00496	Prba.g_01932
OG0001581	Prao	Prbg.g_00496	Prao.g_00282
OG0001581	Prag	Prbg.g_00496	Prag.g_00137
OG0001581	Praw	Prbg.g_00496	Praw.g_01291
OG0001581	Prbb	Prbg.g_00496	Prbb.g_01103
OG0001581	Praj	Prbg.g_00496	Praj.g_01059
OG0001581	Prbm	Prbg.g_00496	Prbm.g_01098
OG0001581	Prbc	Prbg.g_00496	Prbc.g_02147
OG0001581	Pral	Prbg.g_00496	Pral.g_00670
OG0001581	Prat	Prbg.g_00496	Prat.g_00379, Prat.g_00385
OG0001581	Pram	Prbg.g_00496	Pram.g_01246
OG0001581	Prbh	Prbg.g_00496	Prbh.g_01389
OG0001581	Prak	Prbg.g_00496	Prak.g_01296
OG0001581	Prap	Prbg.g_00496	Prap.g_00580
OG0001581	Prbe	Prbg.g_00496	Prbe.g_00874
OG0001581	Prbf	Prbg.g_00496	Prbf.g_00007
OG0001581	Prbn	Prbg.g_00496	Prbn.g_01065
OG0001583	Prac	Prbg.g_01250	Prac.g_01492, Prac.g_01903
OG0001583	Praq	Prbg.g_01250	Praq.g_00653, Praq.g_01244
OG0001583	Prar	Prbg.g_01250	Prar.g_01667, Prar.g_00591
OG0001583	Prab	Prbg.g_01250	Prab.g_00824
OG0001583	Pran	Prbg.g_01250	Pran.g_01359
OG0001583	Prai	Prbg.g_01250	Prai.g_00863
OG0001583	Pray	Prbg.g_01250	Pray.g_00332
OG0001583	Praz	Prbg.g_01250	Praz.g_01528
OG0001583	Prba	Prbg.g_01250	Prba.g_01515
OG0001583	Prad	Prbg.g_01250	Prad.g_01129
OG0001583	Prao	Prbg.g_01250	Prao.g_00724
OG0001583	Prav	Prbg.g_01250	Prav.g_00380
OG0001583	Prag	Prbg.g_01250	Prag.g_00790
OG0001583	Praw	Prbg.g_01250	Praw.g_01713
OG0001583	Prax	Prbg.g_01250	Prax.g_00389
OG0001583	Praa	Prbg.g_01250	Praa.g_00786
OG0001583	Prbd	Prbg.g_01250	Prbd.g_00086
OG0001583	Prbi	Prbg.g_01250	Prbi.g_00831
OG0001583	Prae	Prbg.g_01250	Prae.g_00790
OG0001583	Pras	Prbg.g_01250	Pras.g_01685, Pras.g_00884
OG0001583	Prau	Prbg.g_01250	Prau.g_00838, Prau.g_00038
OG0001583	Pral	Prbg.g_01250	Pral.g_01666
OG0001583	Prat	Prbg.g_01250	Prat.g_00855
OG0001583	Pram	Prbg.g_01250	Pram.g_00904
OG0001583	Prbh	Prbg.g_01250	Prbh.g_01047
OG0001583	Prak	Prbg.g_01250	Prak.g_00936
OG0001583	Prap	Prbg.g_01250	Prap.g_00692
OG0001583	Prbe	Prbg.g_01250	Prbe.g_01313
OG0001583	Prbf	Prbg.g_01250	Prbf.g_01154
OG0001583	Prbn	Prbg.g_01250	Prbn.g_01455
OG0001584	Prab	Prbg.g_01379	Prab.g_01037
OG0001584	Pran	Prbg.g_01379	Pran.g_00460
OG0001584	Prai	Prbg.g_01379	Prai.g_01016
OG0001584	Prad	Prbg.g_01379	Prad.g_00213
OG0001584	Prao	Prbg.g_01379	Prao.g_00875
OG0001584	Pray	Prbg.g_01379	Pray.g_00484
OG0001584	Praz	Prbg.g_01379	Praz.g_01377
OG0001584	Prba	Prbg.g_01379	Prba.g_01364
OG0001584	Prbd	Prbg.g_01379	Prbd.g_00237
OG0001584	Prac	Prbg.g_01379	Prac.g_01354
OG0001584	Praq	Prbg.g_01379	Praq.g_01521
OG0001584	Prar	Prbg.g_01379	Prar.g_01806
OG0001584	Prbi	Prbg.g_01379	Prbi.g_00982
OG0001584	Prax	Prbg.g_01379	Prax.g_00593
OG0001584	Prau	Prbg.g_01379	Prau.g_00988
OG0001584	Praa	Prbg.g_01379	Praa.g_00937
OG0001584	Pras	Prbg.g_01379	Pras.g_01832
OG0001584	Prat	Prbg.g_01379	Prat.g_01047
OG0001584	Prbc	Prbg.g_01379	Prbc.g_01848
OG0001584	Praj	Prbg.g_01379	Praj.g_00759
OG0001584	Prbb	Prbg.g_01379	Prbb.g_00773
OG0001584	Prbm	Prbg.g_01379	Prbm.g_00804
OG0001584	Syap	Prbg.g_01379	Syap.g_00183
OG0001584	Syao	Prbg.g_01379	Syao.g_00746
OG0001584	Syan	Prbg.g_01379	Syan.g_00701
OG0001584	Syat	Prbg.g_01379	Syat.g_00468
OG0001584	Syas	Prbg.g_01379	Syas.g_00607
OG0001584	Pram	Prbg.g_01379	Pram.g_01032
OG0001584	Prbh	Prbg.g_01379	Prbh.g_01175
OG0001584	Pral	Prbg.g_01379	Pral.g_01478
OG0001584	Prak	Prbg.g_01379	Prak.g_01065
OG0001584	Prap	Prbg.g_01379	Prap.g_00349
OG0001584	Prbe	Prbg.g_01379	Prbe.g_01442
OG0001584	Prbf	Prbg.g_01379	Prbf.g_01025
OG0001584	Prbn	Prbg.g_01379	Prbn.g_00852
OG0001587	Prad	Prbg.g_01710	Prad.g_00881
OG0001587	Prao	Prbg.g_01710	Prao.g_01611
OG0001587	Pray	Prbg.g_01710	Pray.g_01230
OG0001587	Praz	Prbg.g_01710	Praz.g_00339
OG0001587	Prba	Prbg.g_01710	Prba.g_00353
OG0001587	Prab	Prbg.g_01710	Prab.g_01728
OG0001587	Pran	Prbg.g_01710	Pran.g_01029
OG0001587	Prai	Prbg.g_01710	Prai.g_01697
OG0001587	Prav	Prbg.g_01710	Prav.g_00265
OG0001587	Prbi	Prbg.g_01710	Prbi.g_01846
OG0001587	Pras	Prbg.g_01710	Pras.g_00610
OG0001587	Prau	Prbg.g_01710	Prau.g_01791
OG0001587	Prag	Prbg.g_01710	Prag.g_01729
OG0001587	Praw	Prbg.g_01710	Praw.g_01920
OG0001587	Prae	Prbg.g_01710	Prae.g_01682
OG0001587	Prax	Prbg.g_01710	Prax.g_01258
OG0001587	Prbd	Prbg.g_01710	Prbd.g_01465
OG0001587	Praa	Prbg.g_01710	Praa.g_01696
OG0001587	Prac	Prbg.g_01710	Prac.g_00472
OG0001587	Praq	Prbg.g_01710	Praq.g_00955
OG0001587	Prar	Prbg.g_01710	Prar.g_01118
OG0001587	Syar	Prbg.g_01710	Syar.g_03010
OG0001587	Syat	Prbg.g_01710	Syat.g_02990
OG0001587	Syap	Prbg.g_01710	Syap.g_02669
OG0001587	Syas	Prbg.g_01710	Syas.g_02569
OG0001587	Syan	Prbg.g_01710	Syan.g_01482
OG0001587	Syao	Prbg.g_01710	Syao.g_01693
OG0001587	Pral	Prbg.g_01710	Pral.g_00168
OG0001587	Pram	Prbg.g_01710	Pram.g_01692
OG0001587	Prbh	Prbg.g_01710	Prbh.g_01722
OG0001587	Prak	Prbg.g_01710	Prak.g_01705
OG0001587	Prap	Prbg.g_01710	Prap.g_01718
OG0001587	Prbe	Prbg.g_01710	Prbe.g_00925
OG0001587	Prbf	Prbg.g_01710	Prbf.g_00633
OG0001587	Prbn	Prbg.g_01710	Prbn.g_01806
OG0001588	Prab	Prbg.g_00145	Prab.g_01384
OG0001588	Pran	Prbg.g_00145	Pran.g_00817
OG0001588	Syat	Prbg.g_00145	Syat.g_02169, Syat.g_03195
OG0001588	Praf	Prbg.g_00145	Praf.g_02600, Praf.g_02371
OG0001588	Prai	Prbg.g_00145	Prai.g_00778
OG0001588	Prac	Prbg.g_00145	Prac.g_00435
OG0001588	Praq	Prbg.g_00145	Praq.g_00270
OG0001588	Prar	Prbg.g_00145	Prar.g_00363
OG0001588	Syao	Prbg.g_00145	Syao.g_01998
OG0001588	Syan	Prbg.g_00145	Syan.g_02262
OG0001588	Syag	Prbg.g_00145	Syag.g_02446
OG0001588	Syaq	Prbg.g_00145	Syaq.g_00974
OG0001588	Syak	Prbg.g_00145	Syak.g_01554
OG0001588	Prbj	Prbg.g_00145	Prbj.g_01492
OG0001588	Prbk	Prbg.g_00145	Prbk.g_00504
OG0001588	Prbl	Prbg.g_00145	Prbl.g_00865
OG0001588	Prah	Prbg.g_00145	Prah.g_02223
OG0001588	Syac	Prbg.g_00145	Syac.g_00200
OG0001588	Syah	Prbg.g_00145	Syah.g_00177
OG0001588	Syaa	Prbg.g_00145	Syaa.g_00168
OG0001588	Syaf	Prbg.g_00145	Syaf.g_00343
OG0001588	Syai	Prbg.g_00145	Syai.g_00170
OG0001588	Syae	Prbg.g_00145	Syae.g_01880
OG0001588	Syad	Prbg.g_00145	Syad.g_00428
OG0001588	Syaj	Prbg.g_00145	Syaj.g_02467
OG0001588	Prax	Prbg.g_00145	Prax.g_01756
OG0001588	Prad	Prbg.g_00145	Prad.g_01186
OG0001588	Pral	Prbg.g_00145	Pral.g_01229
OG0001588	Prak	Prbg.g_00145	Prak.g_00387
OG0001588	Prap	Prbg.g_00145	Prap.g_01341
OG0001588	Prbe	Prbg.g_00145	Prbe.g_01923
OG0001588	Prbf	Prbg.g_00145	Prbf.g_01709
OG0001588	Prbn	Prbg.g_00145	Prbn.g_00688
OG0001589	Prbm	Prbg.g_01695	Prbm.g_01884
OG0001589	Praj	Prbg.g_01695	Praj.g_01811
OG0001589	Prbc	Prbg.g_01695	Prbc.g_00875
OG0001589	Prbb	Prbg.g_01695	Prbb.g_01866
OG0001589	Syag	Prbg.g_01695	Syag.g_01748
OG0001589	Prbj	Prbg.g_01695	Prbj.g_00452
OG0001589	Prbk	Prbg.g_01695	Prbk.g_01408
OG0001589	Prbl	Prbg.g_01695	Prbl.g_00341
OG0001589	Praf	Prbg.g_01695	Praf.g_00428
OG0001589	Prah	Prbg.g_01695	Prah.g_01735
OG0001589	Syak	Prbg.g_01695	Syak.g_02356
OG0001589	Syab	Prbg.g_01695	Syab.g_02331
OG0001589	Syal	Prbg.g_01695	Syal.g_00647
OG0001589	Syas	Prbg.g_01695	Syas.g_02589
OG0001589	Syan	Prbg.g_01695	Syan.g_01463
OG0001589	Syao	Prbg.g_01695	Syao.g_01639, Syao.g_01640
OG0001589	Syad	Prbg.g_01695	Syad.g_02495
OG0001589	Syaj	Prbg.g_01695	Syaj.g_01600
OG0001589	Syae	Prbg.g_01695	Syae.g_01040
OG0001589	Syaa	Prbg.g_01695	Syaa.g_00664
OG0001589	Syac	Prbg.g_01695	Syac.g_00657
OG0001589	Syah	Prbg.g_01695	Syah.g_02269
OG0001589	Syaf	Prbg.g_01695	Syaf.g_01173
OG0001589	Syai	Prbg.g_01695	Syai.g_02263
OG0001589	Syam	Prbg.g_01695	Syam.g_01897
OG0001589	Pral	Prbg.g_01695	Pral.g_00153
OG0001589	Prat	Prbg.g_01695	Prat.g_01638
OG0001589	Pram	Prbg.g_01695	Pram.g_01678
OG0001589	Prbh	Prbg.g_01695	Prbh.g_01736
OG0001589	Prak	Prbg.g_01695	Prak.g_01690
OG0001589	Prap	Prbg.g_01695	Prap.g_01733
OG0001589	Prbe	Prbg.g_01695	Prbe.g_00940
OG0001589	Prbf	Prbg.g_01695	Prbf.g_00648
OG0001589	Prbn	Prbg.g_01695	Prbn.g_01791
OG0001591	Praj	Prbg.g_01113	Praj.g_00662
OG0001591	Prbb	Prbg.g_01113	Prbb.g_00676
OG0001591	Prbm	Prbg.g_01113	Prbm.g_00705
OG0001591	Prbc	Prbg.g_01113	Prbc.g_01751
OG0001591	Pral	Prbg.g_01113	Pral.g_01770
OG0001591	Prat	Prbg.g_01113	Prat.g_00746
OG0001591	Syak	Prbg.g_01113	Syak.g_00357
OG0001591	Syag	Prbg.g_01113	Syag.g_00595
OG0001591	Prbj	Prbg.g_01113	Prbj.g_02526
OG0001591	Prbk	Prbg.g_01113	Prbk.g_02583
OG0001591	Prbl	Prbg.g_01113	Prbl.g_01591
OG0001591	Praf	Prbg.g_01113	Praf.g_01642
OG0001591	Prah	Prbg.g_01113	Prah.g_00552
OG0001591	Syaq	Prbg.g_01113	Syaq.g_02254
OG0001591	Syan	Prbg.g_01113	Syan.g_00756
OG0001591	Syao	Prbg.g_01113	Syao.g_00950
OG0001591	Syar	Prbg.g_01113	Syar.g_01685
OG0001591	Syas	Prbg.g_01113	Syas.g_00690
OG0001591	Syat	Prbg.g_01113	Syat.g_00411
OG0001591	Syaa	Prbg.g_01113	Syaa.g_01078
OG0001591	Syad	Prbg.g_01113	Syad.g_01599
OG0001591	Syai	Prbg.g_01113	Syai.g_01244
OG0001591	Syaf	Prbg.g_01113	Syaf.g_02122
OG0001591	Syam	Prbg.g_01113	Syam.g_01363
OG0001591	Syac	Prbg.g_01113	Syac.g_01409
OG0001591	Syah	Prbg.g_01113	Syah.g_01509
OG0001591	Syab	Prbg.g_01113	Syab.g_01566
OG0001591	Syal	Prbg.g_01113	Syal.g_02209
OG0001591	Pram	Prbg.g_01113	Pram.g_00762
OG0001591	Prbh	Prbg.g_01113	Prbh.g_00906
OG0001591	Prak	Prbg.g_01113	Prak.g_00799
OG0001591	Prap	Prbg.g_01113	Prap.g_00829
OG0001591	Prbe	Prbg.g_01113	Prbe.g_00446
OG0001591	Prbf	Prbg.g_01113	Prbf.g_01291
OG0001591	Prbn	Prbg.g_01113	Prbn.g_01592
OG0001592	Prbj	Prbg.g_00827	Prbj.g_01945
OG0001592	Prbk	Prbg.g_00827	Prbk.g_02150
OG0001592	Prbl	Prbg.g_00827	Prbl.g_02249
OG0001592	Praf	Prbg.g_00827	Praf.g_02613
OG0001592	Prah	Prbg.g_00827	Prah.g_02480
OG0001592	Syag	Prbg.g_00827	Syag.g_02113
OG0001592	Syak	Prbg.g_00827	Syak.g_01952
OG0001592	Syaq	Prbg.g_00827	Syaq.g_01274
OG0001592	Syab	Prbg.g_00827	Syab.g_02741
OG0001592	Syal	Prbg.g_00827	Syal.g_01053
OG0001592	Syad	Prbg.g_00827	Syad.g_03021
OG0001592	Syaj	Prbg.g_00827	Syaj.g_02101
OG0001592	Syae	Prbg.g_00827	Syae.g_01557
OG0001592	Syaa	Prbg.g_00827	Syaa.g_02581
OG0001592	Syac	Prbg.g_00827	Syac.g_02342
OG0001592	Syah	Prbg.g_00827	Syah.g_00521
OG0001592	Syar	Prbg.g_00827	Syar.g_03309, Syar.g_00310
OG0001592	Syat	Prbg.g_00827	Syat.g_02699
OG0001592	Syas	Prbg.g_00827	Syas.g_01877
OG0001592	Syap	Prbg.g_00827	Syap.g_01342
OG0001592	Syan	Prbg.g_00827	Syan.g_01552
OG0001592	Syao	Prbg.g_00827	Syao.g_02426
OG0001592	Syaf	Prbg.g_00827	Syaf.g_00661
OG0001592	Syai	Prbg.g_00827	Syai.g_02760
OG0001592	Syam	Prbg.g_00827	Syam.g_02301
OG0001592	Pral	Prbg.g_00827	Pral.g_00998
OG0001592	Prat	Prbg.g_00827	Prat.g_00049
OG0001592	Pram	Prbg.g_00827	Pram.g_00031
OG0001592	Prbh	Prbg.g_00827	Prbh.g_00736
OG0001592	Prak	Prbg.g_00827	Prak.g_00047
OG0001592	Prap	Prbg.g_00827	Prap.g_00908
OG0001592	Prbe	Prbg.g_00827	Prbe.g_00147
OG0001592	Prbf	Prbg.g_00827	Prbf.g_01369
OG0001592	Prbn	Prbg.g_00827	Prbn.g_00735
OG0001595	Prab	Prbg.g_00803	Prab.g_00059
OG0001595	Pran	Prbg.g_00803	Pran.g_00365
OG0001595	Prai	Prbg.g_00803	Prai.g_00067
OG0001595	Praa	Prbg.g_00803	Praa.g_00067
OG0001595	Prac	Prbg.g_00803	Prac.g_01864
OG0001595	Prad	Prbg.g_00803	Prad.g_01926
OG0001595	Prae	Prbg.g_00803	Prae.g_00067
OG0001595	Prag	Prbg.g_00803	Prag.g_00061
OG0001595	Praq	Prbg.g_00803	Praq.g_01936
OG0001595	Prar	Prbg.g_00803	Prar.g_00551
OG0001595	Pras	Prbg.g_00803	Pras.g_00919
OG0001595	Prau	Prbg.g_00803	Prau.g_00069
OG0001595	Prav	Prbg.g_00803	Prav.g_00132
OG0001595	Praw	Prbg.g_00803	Praw.g_01367
OG0001595	Pray	Prbg.g_00803	Pray.g_00222
OG0001595	Praz	Prbg.g_00803	Praz.g_00427
OG0001595	Prba	Prbg.g_00803	Prba.g_01855
OG0001595	Prbi	Prbg.g_00803	Prbi.g_00074
OG0001595	Prax	Prbg.g_00803	Prax.g_00638
OG0001595	Prao	Prbg.g_00803	Prao.g_00206
OG0001595	Prbd	Prbg.g_00803	Prbd.g_01177
OG0001595	Praj	Prbg.g_00803	Praj.g_00105
OG0001595	Prbb	Prbg.g_00803	Prbb.g_00122
OG0001595	Prbc	Prbg.g_00803	Prbc.g_00506
OG0001595	Prbm	Prbg.g_00803	Prbm.g_00124
OG0001595	Prat	Prbg.g_00803	Prat.g_00063
OG0001595	Pral	Prbg.g_00803	Pral.g_00981
OG0001595	Pram	Prbg.g_00803	Pram.g_00051
OG0001595	Prbh	Prbg.g_00803	Prbh.g_00716
OG0001595	Prak	Prbg.g_00803	Prak.g_00071
OG0001595	Prap	Prbg.g_00803	Prap.g_00884
OG0001595	Prbe	Prbg.g_00803	Prbe.g_00171
OG0001595	Prbf	Prbg.g_00803	Prbf.g_01393
OG0001595	Prbn	Prbg.g_00803	Prbn.g_00711
OG0001596	Pras	Prbg.g_00794	Pras.g_00926
OG0001596	Prau	Prbg.g_00794	Prau.g_00076
OG0001596	Prab	Prbg.g_00794	Prab.g_00067
OG0001596	Pran	Prbg.g_00794	Pran.g_00357
OG0001596	Prai	Prbg.g_00794	Prai.g_00075
OG0001596	Prae	Prbg.g_00794	Prae.g_00075
OG0001596	Prac	Prbg.g_00794	Prac.g_01856
OG0001596	Praq	Prbg.g_00794	Praq.g_01928
OG0001596	Prar	Prbg.g_00794	Prar.g_00253
OG0001596	Prag	Prbg.g_00794	Prag.g_00069
OG0001596	Praw	Prbg.g_00794	Praw.g_01359
OG0001596	Prav	Prbg.g_00794	Prav.g_00140
OG0001596	Prao	Prbg.g_00794	Prao.g_00214
OG0001596	Pray	Prbg.g_00794	Pray.g_00214
OG0001596	Praz	Prbg.g_00794	Praz.g_00435
OG0001596	Prba	Prbg.g_00794	Prba.g_01863
OG0001596	Prbd	Prbg.g_00794	Prbd.g_01169
OG0001596	Prbi	Prbg.g_00794	Prbi.g_00082
OG0001596	Prad	Prbg.g_00794	Prad.g_01918
OG0001596	Praa	Prbg.g_00794	Praa.g_00075
OG0001596	Prax	Prbg.g_00794	Prax.g_00646
OG0001596	Praj	Prbg.g_00794	Praj.g_00113
OG0001596	Prbb	Prbg.g_00794	Prbb.g_00130
OG0001596	Prbm	Prbg.g_00794	Prbm.g_00132
OG0001596	Prbc	Prbg.g_00794	Prbc.g_00498
OG0001596	Pral	Prbg.g_00794	Pral.g_00972
OG0001596	Prat	Prbg.g_00794	Prat.g_00072
OG0001596	Pram	Prbg.g_00794	Pram.g_00060
OG0001596	Prbh	Prbg.g_00794	Prbh.g_00707
OG0001596	Prak	Prbg.g_00794	Prak.g_00080
OG0001596	Prap	Prbg.g_00794	Prap.g_00875
OG0001596	Prbe	Prbg.g_00794	Prbe.g_00180
OG0001596	Prbf	Prbg.g_00794	Prbf.g_01402
OG0001596	Prbn	Prbg.g_00794	Prbn.g_00702
OG0001597	Prab	Prbg.g_00632	Prab.g_00351
OG0001597	Pran	Prbg.g_00632	Pran.g_01832
OG0001597	Prai	Prbg.g_00632	Prai.g_00376
OG0001597	Prag	Prbg.g_00632	Prag.g_00356
OG0001597	Praw	Prbg.g_00632	Praw.g_00770
OG0001597	Prav	Prbg.g_00632	Prav.g_00981
OG0001597	Prac	Prbg.g_00632	Prac.g_01172
OG0001597	Praq	Prbg.g_00632	Praq.g_01182
OG0001597	Prar	Prbg.g_00632	Prar.g_00422
OG0001597	Prad	Prbg.g_00632	Prad.g_00748
OG0001597	Prae	Prbg.g_00632	Prae.g_00361
OG0001597	Prao	Prbg.g_00632	Prao.g_00497
OG0001597	Prbd	Prbg.g_00632	Prbd.g_00877
OG0001597	Pray	Prbg.g_00632	Pray.g_00839
OG0001597	Praz	Prbg.g_00632	Praz.g_00813
OG0001597	Prba	Prbg.g_00632	Prba.g_00855
OG0001597	Prbi	Prbg.g_00632	Prbi.g_00386
OG0001597	Praa	Prbg.g_00632	Praa.g_00361
OG0001597	Pras	Prbg.g_00632	Pras.g_01215
OG0001597	Prau	Prbg.g_00632	Prau.g_00364
OG0001597	Prax	Prbg.g_00632	Prax.g_00811
OG0001597	Prbm	Prbg.g_00632	Prbm.g_01749
OG0001597	Praj	Prbg.g_00632	Praj.g_01671
OG0001597	Prbb	Prbg.g_00632	Prbb.g_01725
OG0001597	Prbc	Prbg.g_00632	Prbc.g_00748
OG0001597	Pral	Prbg.g_00632	Pral.g_01119
OG0001597	Prat	Prbg.g_00632	Prat.g_01396
OG0001597	Pram	Prbg.g_00632	Pram.g_01337
OG0001597	Prbh	Prbg.g_00632	Prbh.g_00140
OG0001597	Prak	Prbg.g_00632	Prak.g_01432
OG0001597	Prap	Prbg.g_00632	Prap.g_00162
OG0001597	Prbe	Prbg.g_00632	Prbe.g_00270
OG0001597	Prbf	Prbg.g_00632	Prbf.g_00198
OG0001597	Prbn	Prbg.g_00632	Prbn.g_00253
OG0001598	Prab	Prbg.g_01139	Prab.g_01626
OG0001598	Pran	Prbg.g_01139	Pran.g_00927
OG0001598	Prav	Prbg.g_01139	Prav.g_01879, Prav.g_01383
OG0001598	Prad	Prbg.g_01139	Prad.g_01980
OG0001598	Prai	Prbg.g_01139	Prai.g_01267
OG0001598	Prax	Prbg.g_01139	Prax.g_00507, Prax.g_00775
OG0001598	Prag	Prbg.g_01139	Prag.g_01640, Prag.g_01272
OG0001598	Praw	Prbg.g_01139	Praw.g_00486, Praw.g_00336
OG0001598	Prbd	Prbg.g_01139	Prbd.g_00835
OG0001598	Prae	Prbg.g_01139	Prae.g_00399
OG0001598	Praa	Prbg.g_01139	Praa.g_00397
OG0001598	Prbi	Prbg.g_01139	Prbi.g_00427
OG0001598	Praj	Prbg.g_01139	Praj.g_01027
OG0001598	Prbb	Prbg.g_01139	Prbb.g_01073
OG0001598	Prbc	Prbg.g_01139	Prbc.g_02116
OG0001598	Prbm	Prbg.g_01139	Prbm.g_01067
OG0001598	Prah	Prbg.g_01139	Prah.g_01342
OG0001598	Praf	Prbg.g_01139	Praf.g_00819
OG0001598	Prbj	Prbg.g_01139	Prbj.g_00951
OG0001598	Prbl	Prbg.g_01139	Prbl.g_02064
OG0001598	Prbk	Prbg.g_01139	Prbk.g_01039
OG0001598	Pral	Prbg.g_01139	Pral.g_01744
OG0001598	Prat	Prbg.g_01139	Prat.g_00771
OG0001598	Pram	Prbg.g_01139	Pram.g_00788
OG0001598	Prbh	Prbg.g_01139	Prbh.g_00932
OG0001598	Prak	Prbg.g_01139	Prak.g_00825
OG0001598	Prap	Prbg.g_01139	Prap.g_00803
OG0001598	Prbe	Prbg.g_01139	Prbe.g_01202
OG0001598	Prbf	Prbg.g_01139	Prbf.g_01265
OG0001598	Prbn	Prbg.g_01139	Prbn.g_01566
OG0001599	Prab	Prbg.g_00183	Prab.g_00465
OG0001599	Pran	Prbg.g_00183	Pran.g_01718
OG0001599	Prai	Prbg.g_00183	Prai.g_00491
OG0001599	Pras	Prbg.g_00183	Pras.g_01338
OG0001599	Prao	Prbg.g_00183	Prao.g_00566
OG0001599	Praa	Prbg.g_00183	Praa.g_00460
OG0001599	Prac	Prbg.g_00183	Prac.g_01085
OG0001599	Prad	Prbg.g_00183	Prad.g_00046
OG0001599	Prae	Prbg.g_00183	Prae.g_00434
OG0001599	Prag	Prbg.g_00183	Prag.g_00439
OG0001599	Praq	Prbg.g_00183	Praq.g_00510
OG0001599	Prar	Prbg.g_00183	Prar.g_00509
OG0001599	Prau	Prbg.g_00183	Prau.g_00502
OG0001599	Prav	Prbg.g_00183	Prav.g_01058
OG0001599	Praw	Prbg.g_00183	Praw.g_00687
OG0001599	Prax	Prbg.g_00183	Prax.g_00741
OG0001599	Pray	Prbg.g_00183	Pray.g_00950
OG0001599	Praz	Prbg.g_00183	Praz.g_01868
OG0001599	Prba	Prbg.g_00183	Prba.g_01001
OG0001599	Prbd	Prbg.g_00183	Prbd.g_00782
OG0001599	Prbi	Prbg.g_00183	Prbi.g_00462
OG0001599	Prbc	Prbg.g_00183	Prbc.g_01523
OG0001599	Praj	Prbg.g_00183	Praj.g_00456
OG0001599	Prbm	Prbg.g_00183	Prbm.g_00489
OG0001599	Prbb	Prbg.g_00183	Prbb.g_00467
OG0001599	Prat	Prbg.g_00183	Prat.g_00423
OG0001599	Pral	Prbg.g_00183	Pral.g_00628
OG0001599	Pram	Prbg.g_00183	Pram.g_00399
OG0001599	Prbh	Prbg.g_00183	Prbh.g_00368
OG0001599	Prak	Prbg.g_00183	Prak.g_00425
OG0001599	Prap	Prbg.g_00183	Prap.g_01303
OG0001599	Prbe	Prbg.g_00183	Prbe.g_00669
OG0001599	Prbf	Prbg.g_00183	Prbf.g_01747
OG0001599	Prbn	Prbg.g_00183	Prbn.g_00650
OG0001600	Prao	Prbg.g_00230	Prao.g_00617
OG0001600	Prab	Prbg.g_00230	Prab.g_00515
OG0001600	Pran	Prbg.g_00230	Pran.g_01667
OG0001600	Prac	Prbg.g_00230	Prac.g_00860
OG0001600	Prai	Prbg.g_00230	Prai.g_00541
OG0001600	Praq	Prbg.g_00230	Praq.g_01091
OG0001600	Prar	Prbg.g_00230	Prar.g_01342
OG0001600	Praa	Prbg.g_00230	Praa.g_00511
OG0001600	Prad	Prbg.g_00230	Prad.g_00118
OG0001600	Prae	Prbg.g_00230	Prae.g_00485
OG0001600	Prag	Prbg.g_00230	Prag.g_00490
OG0001600	Prav	Prbg.g_00230	Prav.g_01109
OG0001600	Praw	Prbg.g_00230	Praw.g_00637
OG0001600	Prax	Prbg.g_00230	Prax.g_00690
OG0001600	Pray	Prbg.g_00230	Pray.g_01002
OG0001600	Praz	Prbg.g_00230	Praz.g_01817
OG0001600	Prba	Prbg.g_00230	Prba.g_00950
OG0001600	Prbd	Prbg.g_00230	Prbd.g_00731
OG0001600	Prbi	Prbg.g_00230	Prbi.g_00514
OG0001600	Pras	Prbg.g_00230	Pras.g_01389
OG0001600	Prau	Prbg.g_00230	Prau.g_00552
OG0001600	Pral	Prbg.g_00230	Pral.g_00579
OG0001600	Prat	Prbg.g_00230	Prat.g_00474
OG0001600	Praj	Prbg.g_00230	Praj.g_00503
OG0001600	Prbb	Prbg.g_00230	Prbb.g_00515
OG0001600	Prbc	Prbg.g_00230	Prbc.g_01591
OG0001600	Prbm	Prbg.g_00230	Prbm.g_00545
OG0001600	Pram	Prbg.g_00230	Pram.g_00448
OG0001600	Prbh	Prbg.g_00230	Prbh.g_00319
OG0001600	Prak	Prbg.g_00230	Prak.g_00472
OG0001600	Prap	Prbg.g_00230	Prap.g_01256
OG0001600	Prbe	Prbg.g_00230	Prbe.g_00622
OG0001600	Prbf	Prbg.g_00230	Prbf.g_01794
OG0001600	Prbn	Prbg.g_00230	Prbn.g_00603
OG0001601	Prab	Prbg.g_01115	Prab.g_00679
OG0001601	Pran	Prbg.g_01115	Pran.g_01504
OG0001601	Prai	Prbg.g_01115	Prai.g_00703
OG0001601	Prao	Prbg.g_01115	Prao.g_00113
OG0001601	Prac	Prbg.g_01115	Prac.g_00697
OG0001601	Praq	Prbg.g_01115	Praq.g_00803
OG0001601	Prar	Prbg.g_01115	Prar.g_01504
OG0001601	Prav	Prbg.g_01115	Prav.g_01272
OG0001601	Prag	Prbg.g_01115	Prag.g_00652
OG0001601	Praw	Prbg.g_01115	Praw.g_01848
OG0001601	Prbi	Prbg.g_01115	Prbi.g_00677
OG0001601	Prbd	Prbg.g_01115	Prbd.g_00570
OG0001601	Pras	Prbg.g_01115	Pras.g_01550
OG0001601	Prau	Prbg.g_01115	Prau.g_00714
OG0001601	Prad	Prbg.g_01115	Prad.g_01248
OG0001601	Prae	Prbg.g_01115	Prae.g_00648
OG0001601	Pray	Prbg.g_01115	Pray.g_01089
OG0001601	Praz	Prbg.g_01115	Praz.g_01656
OG0001601	Prba	Prbg.g_01115	Prba.g_01643
OG0001601	Praa	Prbg.g_01115	Praa.g_00674
OG0001601	Prax	Prbg.g_01115	Prax.g_00968
OG0001601	Prbm	Prbg.g_01115	Prbm.g_00708
OG0001601	Prbc	Prbg.g_01115	Prbc.g_01754
OG0001601	Praj	Prbg.g_01115	Praj.g_00665
OG0001601	Prbb	Prbg.g_01115	Prbb.g_00679
OG0001601	Prat	Prbg.g_01115	Prat.g_00748
OG0001601	Pral	Prbg.g_01115	Pral.g_01768
OG0001601	Pram	Prbg.g_01115	Pram.g_00764
OG0001601	Prbh	Prbg.g_01115	Prbh.g_00908
OG0001601	Prak	Prbg.g_01115	Prak.g_00801
OG0001601	Prap	Prbg.g_01115	Prap.g_00827
OG0001601	Prbe	Prbg.g_01115	Prbe.g_00448
OG0001601	Prbf	Prbg.g_01115	Prbf.g_01289
OG0001601	Prbn	Prbg.g_01115	Prbn.g_01590
OG0001603	Prab	Prbg.g_01253	Prab.g_00826
OG0001603	Pran	Prbg.g_01253	Pran.g_01357
OG0001603	Prai	Prbg.g_01253	Prai.g_00861
OG0001603	Prac	Prbg.g_01253	Prac.g_01490
OG0001603	Praq	Prbg.g_01253	Praq.g_00655
OG0001603	Prar	Prbg.g_01253	Prar.g_01669
OG0001603	Prao	Prbg.g_01253	Prao.g_00726
OG0001603	Prad	Prbg.g_01253	Prad.g_01131
OG0001603	Pray	Prbg.g_01253	Pray.g_00334
OG0001603	Praz	Prbg.g_01253	Praz.g_01526
OG0001603	Prba	Prbg.g_01253	Prba.g_01513
OG0001603	Prav	Prbg.g_01253	Prav.g_00382
OG0001603	Prag	Prbg.g_01253	Prag.g_00792
OG0001603	Praw	Prbg.g_01253	Praw.g_01711
OG0001603	Pras	Prbg.g_01253	Pras.g_01687
OG0001603	Prau	Prbg.g_01253	Prau.g_00840
OG0001603	Prbi	Prbg.g_01253	Prbi.g_00833
OG0001603	Prae	Prbg.g_01253	Prae.g_00792
OG0001603	Praa	Prbg.g_01253	Praa.g_00788
OG0001603	Prbd	Prbg.g_01253	Prbd.g_00088
OG0001603	Prax	Prbg.g_01253	Prax.g_00387
OG0001603	Pral	Prbg.g_01253	Pral.g_01664
OG0001603	Prbm	Prbg.g_01253	Prbm.g_00954
OG0001603	Prbb	Prbg.g_01253	Prbb.g_00957
OG0001603	Praj	Prbg.g_01253	Praj.g_00912
OG0001603	Prbc	Prbg.g_01253	Prbc.g_02002
OG0001603	Prat	Prbg.g_01253	Prat.g_00858
OG0001603	Pram	Prbg.g_01253	Pram.g_00907
OG0001603	Prbh	Prbg.g_01253	Prbh.g_01050
OG0001603	Prak	Prbg.g_01253	Prak.g_00939
OG0001603	Prap	Prbg.g_01253	Prap.g_00689
OG0001603	Prbe	Prbg.g_01253	Prbe.g_01316
OG0001603	Prbf	Prbg.g_01253	Prbf.g_01151
OG0001603	Prbn	Prbg.g_01253	Prbn.g_01452
OG0001604	Prab	Prbg.g_01092	Prab.g_01060
OG0001604	Pran	Prbg.g_01092	Pran.g_00437
OG0001604	Prai	Prbg.g_01092	Prai.g_01038
OG0001604	Prac	Prbg.g_01092	Prac.g_01376
OG0001604	Praq	Prbg.g_01092	Praq.g_01498
OG0001604	Prar	Prbg.g_01092	Prar.g_01784
OG0001604	Pray	Prbg.g_01092	Pray.g_00460
OG0001604	Praz	Prbg.g_01092	Praz.g_01400
OG0001604	Prba	Prbg.g_01092	Prba.g_01387
OG0001604	Prax	Prbg.g_01092	Prax.g_00569
OG0001604	Prae	Prbg.g_01092	Prae.g_00916
OG0001604	Praa	Prbg.g_01092	Praa.g_00915
OG0001604	Prad	Prbg.g_01092	Prad.g_00237
OG0001604	Prbd	Prbg.g_01092	Prbd.g_00214
OG0001604	Prav	Prbg.g_01092	Prav.g_00507
OG0001604	Prbi	Prbg.g_01092	Prbi.g_00959
OG0001604	Pras	Prbg.g_01092	Pras.g_01809
OG0001604	Prau	Prbg.g_01092	Prau.g_00964
OG0001604	Prag	Prbg.g_01092	Prag.g_00914
OG0001604	Praw	Prbg.g_01092	Praw.g_01589
OG0001604	Prao	Prbg.g_01092	Prao.g_00853
OG0001604	Prbm	Prbg.g_01092	Prbm.g_00938
OG0001604	Prbc	Prbg.g_01092	Prbc.g_01986
OG0001604	Praj	Prbg.g_01092	Praj.g_00896
OG0001604	Prbb	Prbg.g_01092	Prbb.g_00941
OG0001604	Pral	Prbg.g_01092	Pral.g_01791
OG0001604	Prat	Prbg.g_01092	Prat.g_00724
OG0001604	Pram	Prbg.g_01092	Pram.g_00742
OG0001604	Prbh	Prbg.g_01092	Prbh.g_00886
OG0001604	Prap	Prbg.g_01092	Prap.g_00850
OG0001604	Prak	Prbg.g_01092	Prak.g_00778
OG0001604	Prbe	Prbg.g_01092	Prbe.g_00425
OG0001604	Prbf	Prbg.g_01092	Prbf.g_01312
OG0001604	Prbn	Prbg.g_01092	Prbn.g_01613
OG0001605	Prac	Prbg.g_00012	Prac.g_01288
OG0001605	Praq	Prbg.g_00012	Praq.g_01587
OG0001605	Prar	Prbg.g_00012	Prar.g_01872
OG0001605	Prab	Prbg.g_00012	Prab.g_00961
OG0001605	Pran	Prbg.g_00012	Pran.g_00536
OG0001605	Prai	Prbg.g_00012	Prai.g_00950
OG0001605	Prao	Prbg.g_00012	Prao.g_00942
OG0001605	Prav	Prbg.g_00012	Prav.g_00901
OG0001605	Prag	Prbg.g_00012	Prag.g_01004
OG0001605	Praw	Prbg.g_00012	Praw.g_01499
OG0001605	Prae	Prbg.g_00012	Prae.g_01008
OG0001605	Prad	Prbg.g_00012	Prad.g_00145
OG0001605	Praa	Prbg.g_00012	Praa.g_01007
OG0001605	Prbi	Prbg.g_00012	Prbi.g_01054
OG0001605	Prax	Prbg.g_00012	Prax.g_01172
OG0001605	Prbd	Prbg.g_00012	Prbd.g_00308
OG0001605	Pras	Prbg.g_00012	Pras.g_01902
OG0001605	Prau	Prbg.g_00012	Prau.g_01057
OG0001605	Pray	Prbg.g_00012	Pray.g_00552
OG0001605	Praz	Prbg.g_00012	Praz.g_01309
OG0001605	Prba	Prbg.g_00012	Prba.g_01296
OG0001605	Pral	Prbg.g_00012	Pral.g_01844
OG0001605	Syao	Prbg.g_00012	Syao.g_01284
OG0001605	Prbj	Prbg.g_00012	Prbj.g_00038
OG0001605	Prbk	Prbg.g_00012	Prbk.g_01656
OG0001605	Prbl	Prbg.g_00012	Prbl.g_01084
OG0001605	Syaq	Prbg.g_00012	Syaq.g_01892
OG0001605	Praj	Prbg.g_00012	Praj.g_01056
OG0001605	Prbc	Prbg.g_00012	Prbc.g_02144
OG0001605	Prak	Prbg.g_00012	Prak.g_00722
OG0001605	Prap	Prbg.g_00012	Prap.g_00030
OG0001605	Prbe	Prbg.g_00012	Prbe.g_00061
OG0001605	Prbf	Prbg.g_00012	Prbf.g_00286
OG0001605	Prbn	Prbg.g_00012	Prbn.g_01029
OG0001606	Prab	Prbg.g_00002	Prab.g_01298
OG0001606	Pran	Prbg.g_00002	Pran.g_00904
OG0001606	Prao	Prbg.g_00002	Prao.g_01336
OG0001606	Prad	Prbg.g_00002	Prad.g_01320
OG0001606	Prai	Prbg.g_00002	Prai.g_00738
OG0001606	Prag	Prbg.g_00002	Prag.g_01065
OG0001606	Praw	Prbg.g_00002	Praw.g_01438
OG0001606	Prac	Prbg.g_00002	Prac.g_01226
OG0001606	Praq	Prbg.g_00002	Praq.g_01648
OG0001606	Prar	Prbg.g_00002	Prar.g_01934
OG0001606	Prav	Prbg.g_00002	Prav.g_00241
OG0001606	Prbi	Prbg.g_00002	Prbi.g_01116
OG0001606	Prbd	Prbg.g_00002	Prbd.g_00369
OG0001606	Prax	Prbg.g_00002	Prax.g_01234
OG0001606	Pras	Prbg.g_00002	Pras.g_01963
OG0001606	Prau	Prbg.g_00002	Prau.g_01117
OG0001606	Pray	Prbg.g_00002	Pray.g_00613
OG0001606	Praz	Prbg.g_00002	Praz.g_00095
OG0001606	Prba	Prbg.g_00002	Prba.g_01235
OG0001606	Praa	Prbg.g_00002	Praa.g_01069
OG0001606	Prae	Prbg.g_00002	Prae.g_01071
OG0001606	Prbc	Prbg.g_00002	Prbc.g_00615
OG0001606	Praj	Prbg.g_00002	Praj.g_01094
OG0001606	Prbm	Prbg.g_00002	Prbm.g_01135
OG0001606	Prbb	Prbg.g_00002	Prbb.g_01139
OG0001606	Pral	Prbg.g_00002	Pral.g_01855
OG0001606	Prat	Prbg.g_00002	Prat.g_00655
OG0001606	Pram	Prbg.g_00002	Pram.g_00698
OG0001606	Prbh	Prbg.g_00002	Prbh.g_00842
OG0001606	Prak	Prbg.g_00002	Prak.g_00732
OG0001606	Prap	Prbg.g_00002	Prap.g_00040
OG0001606	Prbe	Prbg.g_00002	Prbe.g_00051
OG0001606	Prbf	Prbg.g_00002	Prbf.g_00276
OG0001606	Prbn	Prbg.g_00002	Prbn.g_01019
OG0001607	Prai	Prbg.g_00416	Prai.g_01149
OG0001607	Prab	Prbg.g_00416	Prab.g_01192
OG0001607	Pran	Prbg.g_00416	Pran.g_00087
OG0001607	Prad	Prbg.g_00416	Prad.g_01523
OG0001607	Praa	Prbg.g_00416	Praa.g_01133
OG0001607	Prau	Prbg.g_00416	Prau.g_01180
OG0001607	Pras	Prbg.g_00416	Pras.g_00029
OG0001607	Prac	Prbg.g_00416	Prac.g_01012
OG0001607	Praq	Prbg.g_00416	Praq.g_01306
OG0001607	Prar	Prbg.g_00416	Prar.g_01290
OG0001607	Prax	Prbg.g_00416	Prax.g_00167
OG0001607	Prbd	Prbg.g_00416	Prbd.g_00433
OG0001607	Pray	Prbg.g_00416	Pray.g_00091
OG0001607	Praz	Prbg.g_00416	Praz.g_00019
OG0001607	Prba	Prbg.g_00416	Prba.g_00091
OG0001607	Prbi	Prbg.g_00416	Prbi.g_01180
OG0001607	Prag	Prbg.g_00416	Prag.g_01126
OG0001607	Praw	Prbg.g_00416	Praw.g_00207
OG0001607	Prae	Prbg.g_00416	Prae.g_01136
OG0001607	Prao	Prbg.g_00416	Prao.g_01116
OG0001607	Syaa	Prbg.g_00416	Syaa.g_01519
OG0001607	Pram	Prbg.g_00416	Pram.g_01509
OG0001607	Prbh	Prbg.g_00416	Prbh.g_01905
OG0001607	Praj	Prbg.g_00416	Praj.g_01181
OG0001607	Prbb	Prbg.g_00416	Prbb.g_01223
OG0001607	Prbm	Prbg.g_00416	Prbm.g_01196
OG0001607	Prbc	Prbg.g_00416	Prbc.g_00158
OG0001607	Pral	Prbg.g_00416	Pral.g_01892
OG0001607	Prat	Prbg.g_00416	Prat.g_00624
OG0001607	Prak	Prbg.g_00416	Prak.g_00659
OG0001607	Prap	Prbg.g_00416	Prap.g_00620
OG0001607	Prbe	Prbg.g_00416	Prbe.g_00712
OG0001607	Prbf	Prbg.g_00416	Prbf.g_00348
OG0001607	Prbn	Prbg.g_00416	Prbn.g_00801
OG0001608	Prab	Prbg.g_01345	Prab.g_01352
OG0001608	Pran	Prbg.g_01345	Pran.g_00849
OG0001608	Prav	Prbg.g_01345	Prav.g_01464
OG0001608	Praa	Prbg.g_01345	Praa.g_01357
OG0001608	Prad	Prbg.g_01345	Prad.g_00603
OG0001608	Prae	Prbg.g_01345	Prae.g_01359
OG0001608	Prao	Prbg.g_01345	Prao.g_01248
OG0001608	Pras	Prbg.g_01345	Pras.g_00241
OG0001608	Prau	Prbg.g_01345	Prau.g_01400
OG0001608	Prax	Prbg.g_01345	Prax.g_01872
OG0001608	Pray	Prbg.g_01345	Pray.g_01838
OG0001608	Praz	Prbg.g_01345	Praz.g_01148
OG0001608	Prba	Prbg.g_01345	Prba.g_00205
OG0001608	Prbd	Prbg.g_01345	Prbd.g_01773
OG0001608	Prbi	Prbg.g_01345	Prbi.g_01430
OG0001608	Prac	Prbg.g_01345	Prac.g_00208
OG0001608	Praq	Prbg.g_01345	Praq.g_00166
OG0001608	Prar	Prbg.g_01345	Prar.g_00920
OG0001608	Prag	Prbg.g_01345	Prag.g_01380
OG0001608	Praw	Prbg.g_01345	Praw.g_01007
OG0001608	Prai	Prbg.g_01345	Prai.g_01361
OG0001608	Praj	Prbg.g_01345	Praj.g_01073
OG0001608	Prbb	Prbg.g_01345	Prbb.g_01116
OG0001608	Prbc	Prbg.g_01345	Prbc.g_02160
OG0001608	Prbm	Prbg.g_01345	Prbm.g_01112
OG0001608	Pral	Prbg.g_01345	Pral.g_01693
OG0001608	Prat	Prbg.g_01345	Prat.g_00825
OG0001608	Pram	Prbg.g_01345	Pram.g_00996
OG0001608	Prbh	Prbg.g_01345	Prbh.g_01139
OG0001608	Prak	Prbg.g_01345	Prak.g_01031
OG0001608	Prap	Prbg.g_01345	Prap.g_00315
OG0001608	Prbe	Prbg.g_01345	Prbe.g_01408
OG0001608	Prbf	Prbg.g_01345	Prbf.g_01059
OG0001608	Prbn	Prbg.g_01345	Prbn.g_01360
OG0001609	Prag	Prbg.g_00633	Prag.g_01529
OG0001609	Praw	Prbg.g_00633	Praw.g_00376
OG0001609	Pray	Prbg.g_00633	Pray.g_01683
OG0001609	Praz	Prbg.g_00633	Praz.g_01002
OG0001609	Prba	Prbg.g_00633	Prba.g_00349
OG0001609	Prad	Prbg.g_00633	Prad.g_00475
OG0001609	Prab	Prbg.g_00633	Prab.g_01505
OG0001609	Pran	Prbg.g_00633	Pran.g_00694
OG0001609	Prai	Prbg.g_00633	Prai.g_01501
OG0001609	Prav	Prbg.g_00633	Prav.g_01617
OG0001609	Praa	Prbg.g_00633	Praa.g_01515
OG0001609	Prax	Prbg.g_00633	Prax.g_01689
OG0001609	Prac	Prbg.g_00633	Prac.g_00372
OG0001609	Praq	Prbg.g_00633	Praq.g_00333
OG0001609	Prar	Prbg.g_00633	Prar.g_00808
OG0001609	Prao	Prbg.g_00633	Prao.g_01435
OG0001609	Prbi	Prbg.g_00633	Prbi.g_01629
OG0001609	Pras	Prbg.g_00633	Pras.g_00390
OG0001609	Prau	Prbg.g_00633	Prau.g_01570
OG0001609	Prbd	Prbg.g_00633	Prbd.g_01650
OG0001609	Prae	Prbg.g_00633	Prae.g_01498
OG0001609	Prbm	Prbg.g_00633	Prbm.g_01750
OG0001609	Praj	Prbg.g_00633	Praj.g_01672
OG0001609	Prbb	Prbg.g_00633	Prbb.g_01726
OG0001609	Prbc	Prbg.g_00633	Prbc.g_00749
OG0001609	Pral	Prbg.g_00633	Pral.g_01117
OG0001609	Prat	Prbg.g_00633	Prat.g_01397
OG0001609	Pram	Prbg.g_00633	Pram.g_01335
OG0001609	Prbh	Prbg.g_00633	Prbh.g_00142
OG0001609	Prak	Prbg.g_00633	Prak.g_01433
OG0001609	Prap	Prbg.g_00633	Prap.g_00163
OG0001609	Prbe	Prbg.g_00633	Prbe.g_00269
OG0001609	Prbf	Prbg.g_00633	Prbf.g_00199
OG0001609	Prbn	Prbg.g_00633	Prbn.g_00254
OG0001610	Prac	Prbg.g_00636	Prac.g_00369
OG0001610	Praq	Prbg.g_00636	Praq.g_00336
OG0001610	Prar	Prbg.g_00636	Prar.g_00805
OG0001610	Prab	Prbg.g_00636	Prab.g_01508
OG0001610	Pran	Prbg.g_00636	Pran.g_00691
OG0001610	Prai	Prbg.g_00636	Prai.g_01503
OG0001610	Prag	Prbg.g_00636	Prag.g_01532
OG0001610	Praw	Prbg.g_00636	Praw.g_00379
OG0001610	Prav	Prbg.g_00636	Prav.g_01620
OG0001610	Pray	Prbg.g_00636	Pray.g_01680
OG0001610	Praz	Prbg.g_00636	Praz.g_00999
OG0001610	Prba	Prbg.g_00636	Prba.g_00346
OG0001610	Prad	Prbg.g_00636	Prad.g_00472
OG0001610	Praa	Prbg.g_00636	Praa.g_01518
OG0001610	Prao	Prbg.g_00636	Prao.g_01438
OG0001610	Prbi	Prbg.g_00636	Prbi.g_01632
OG0001610	Prae	Prbg.g_00636	Prae.g_01501
OG0001610	Pras	Prbg.g_00636	Pras.g_00393
OG0001610	Prau	Prbg.g_00636	Prau.g_01573
OG0001610	Prax	Prbg.g_00636	Prax.g_01686
OG0001610	Prbd	Prbg.g_00636	Prbd.g_01647
OG0001610	Pral	Prbg.g_00636	Pral.g_01113
OG0001610	Prat	Prbg.g_00636	Prat.g_01402
OG0001610	Prbm	Prbg.g_00636	Prbm.g_01754
OG0001610	Prbc	Prbg.g_00636	Prbc.g_00753
OG0001610	Praj	Prbg.g_00636	Praj.g_01676
OG0001610	Prbb	Prbg.g_00636	Prbb.g_01730
OG0001610	Pram	Prbg.g_00636	Pram.g_01332
OG0001610	Prbh	Prbg.g_00636	Prbh.g_00145
OG0001610	Prak	Prbg.g_00636	Prak.g_01436
OG0001610	Prap	Prbg.g_00636	Prap.g_00166
OG0001610	Prbe	Prbg.g_00636	Prbe.g_00266
OG0001610	Prbf	Prbg.g_00636	Prbf.g_00202
OG0001610	Prbn	Prbg.g_00636	Prbn.g_00257
OG0001611	Prab	Prbg.g_01571	Prab.g_01573
OG0001611	Pran	Prbg.g_01571	Pran.g_00626
OG0001611	Prai	Prbg.g_01571	Prai.g_01566
OG0001611	Prav	Prbg.g_01571	Prav.g_01680
OG0001611	Prac	Prbg.g_01571	Prac.g_00308
OG0001611	Praq	Prbg.g_01571	Praq.g_00010
OG0001611	Prar	Prbg.g_01571	Prar.g_00744
OG0001611	Prad	Prbg.g_01571	Prad.g_00409
OG0001611	Prag	Prbg.g_01571	Prag.g_01592
OG0001611	Praw	Prbg.g_01571	Praw.g_00438
OG0001611	Prbd	Prbg.g_01571	Prbd.g_01584
OG0001611	Prax	Prbg.g_01571	Prax.g_01624
OG0001611	Prao	Prbg.g_01571	Prao.g_01499
OG0001611	Prae	Prbg.g_01571	Prae.g_01564
OG0001611	Pray	Prbg.g_01571	Pray.g_01617
OG0001611	Praz	Prbg.g_01571	Praz.g_00936
OG0001611	Prba	Prbg.g_01571	Prba.g_00283
OG0001611	Praa	Prbg.g_01571	Praa.g_01581
OG0001611	Pras	Prbg.g_01571	Pras.g_00457
OG0001611	Prau	Prbg.g_01571	Prau.g_01635
OG0001611	Prbi	Prbg.g_01571	Prbi.g_01693
OG0001611	Prat	Prbg.g_01571	Prat.g_00646
OG0001611	Pral	Prbg.g_01571	Pral.g_01862
OG0001611	Prbm	Prbg.g_01571	Prbm.g_01137
OG0001611	Praj	Prbg.g_01571	Praj.g_01096
OG0001611	Prbb	Prbg.g_01571	Prbb.g_01141
OG0001611	Prbc	Prbg.g_01571	Prbc.g_00613
OG0001611	Pram	Prbg.g_01571	Pram.g_01563
OG0001611	Prbh	Prbg.g_01571	Prbh.g_01851
OG0001611	Prak	Prbg.g_01571	Prak.g_01566
OG0001611	Prap	Prbg.g_01571	Prap.g_01858
OG0001611	Prbe	Prbg.g_01571	Prbe.g_01123
OG0001611	Prbf	Prbg.g_01571	Prbf.g_00772
OG0001611	Prbn	Prbg.g_01571	Prbn.g_01666
OG0001614	Syag	Prbg.g_01841	Syag.g_02401
OG0001614	Syaf	Prbg.g_01841	Syaf.g_00380
OG0001614	Syaa	Prbg.g_01841	Syaa.g_00130
OG0001614	Syai	Prbg.g_01841	Syai.g_00119
OG0001614	Syac	Prbg.g_01841	Syac.g_00164
OG0001614	Syah	Prbg.g_01841	Syah.g_00242
OG0001614	Syae	Prbg.g_01841	Syae.g_01837
OG0001614	Syad	Prbg.g_01841	Syad.g_00356
OG0001614	Syaj	Prbg.g_01841	Syaj.g_02425
OG0001614	Syam	Prbg.g_01841	Syam.g_00123
OG0001614	Syan	Prbg.g_01841	Syan.g_01905
OG0001614	Syao	Prbg.g_01841	Syao.g_02144
OG0001614	Syar	Prbg.g_01841	Syar.g_00617
OG0001614	Syat	Prbg.g_01841	Syat.g_02197
OG0001614	Syas	Prbg.g_01841	Syas.g_02165
OG0001614	Syap	Prbg.g_01841	Syap.g_01101
OG0001614	Syaq	Prbg.g_01841	Syaq.g_01020
OG0001614	Prbj	Prbg.g_01841	Prbj.g_01590
OG0001614	Prbk	Prbg.g_01841	Prbk.g_00229
OG0001614	Prbl	Prbg.g_01841	Prbl.g_01293
OG0001614	Praf	Prbg.g_01841	Praf.g_00186
OG0001614	Prah	Prbg.g_01841	Prah.g_00158
OG0001614	Syak	Prbg.g_01841	Syak.g_01641
OG0001614	Syab	Prbg.g_01841	Syab.g_00121
OG0001614	Syal	Prbg.g_01841	Syal.g_01451
OG0001614	Prat	Prbg.g_01841	Prat.g_01782
OG0001614	Pral	Prbg.g_01841	Pral.g_00299
OG0001614	Pram	Prbg.g_01841	Pram.g_01827
OG0001614	Prbh	Prbg.g_01841	Prbh.g_01587
OG0001614	Prak	Prbg.g_01841	Prak.g_01836
OG0001614	Prap	Prbg.g_01841	Prap.g_01586
OG0001614	Prbe	Prbg.g_01841	Prbe.g_00780
OG0001614	Prbf	Prbg.g_01841	Prbf.g_00502
OG0001614	Prbn	Prbg.g_01841	Prbn.g_01002
OG0001616	Prbj	Prbg.g_01463	Prbj.g_01911
OG0001616	Prbk	Prbg.g_01463	Prbk.g_01500
OG0001616	Prbl	Prbg.g_01463	Prbl.g_01380
OG0001616	Praf	Prbg.g_01463	Praf.g_00915
OG0001616	Prah	Prbg.g_01463	Prah.g_01261
OG0001616	Syaa	Prbg.g_01463	Syaa.g_01024
OG0001616	Syac	Prbg.g_01463	Syac.g_01472
OG0001616	Syah	Prbg.g_01463	Syah.g_01430
OG0001616	Syaf	Prbg.g_01463	Syaf.g_01610
OG0001616	Syai	Prbg.g_01463	Syai.g_01751
OG0001616	Syam	Prbg.g_01463	Syam.g_00909
OG0001616	Syae	Prbg.g_01463	Syae.g_00642
OG0001616	Syad	Prbg.g_01463	Syad.g_01515
OG0001616	Syaj	Prbg.g_01463	Syaj.g_00642
OG0001616	Syan	Prbg.g_01463	Syan.g_02649
OG0001616	Syao	Prbg.g_01463	Syao.g_00174
OG0001616	Syar	Prbg.g_01463	Syar.g_01964
OG0001616	Syat	Prbg.g_01463	Syat.g_00249
OG0001616	Syas	Prbg.g_01463	Syas.g_01127
OG0001616	Syap	Prbg.g_01463	Syap.g_01884
OG0001616	Syaq	Prbg.g_01463	Syaq.g_00208
OG0001616	Syag	Prbg.g_01463	Syag.g_01102
OG0001616	Syak	Prbg.g_01463	Syak.g_00851
OG0001616	Syab	Prbg.g_01463	Syab.g_01013
OG0001616	Syal	Prbg.g_01463	Syal.g_01699
OG0001616	Prat	Prbg.g_01463	Prat.g_01133
OG0001616	Pral	Prbg.g_01463	Pral.g_01392
OG0001616	Pram	Prbg.g_01463	Pram.g_01116
OG0001616	Prbh	Prbg.g_01463	Prbh.g_01259
OG0001616	Prak	Prbg.g_01463	Prak.g_01149
OG0001616	Prap	Prbg.g_01463	Prap.g_00433
OG0001616	Prbe	Prbg.g_01463	Prbe.g_01526
OG0001616	Prbf	Prbg.g_01463	Prbf.g_00941
OG0001616	Prbn	Prbg.g_01463	Prbn.g_00385
OG0001617	Prbj	Prbg.g_01138	Prbj.g_01092
OG0001617	Prbk	Prbg.g_01138	Prbk.g_01955
OG0001617	Prbl	Prbg.g_01138	Prbl.g_00728
OG0001617	Praf	Prbg.g_01138	Praf.g_01199
OG0001617	Prah	Prbg.g_01138	Prah.g_00989
OG0001617	Syac	Prbg.g_01138	Syac.g_00907
OG0001617	Syah	Prbg.g_01138	Syah.g_02008
OG0001617	Syaf	Prbg.g_01138	Syaf.g_01465
OG0001617	Syai	Prbg.g_01138	Syai.g_01985
OG0001617	Syam	Prbg.g_01138	Syam.g_00797
OG0001617	Syaa	Prbg.g_01138	Syaa.g_00901
OG0001617	Syae	Prbg.g_01138	Syae.g_00769
OG0001617	Syad	Prbg.g_01138	Syad.g_01335
OG0001617	Syaj	Prbg.g_01138	Syaj.g_00475
OG0001617	Syaq	Prbg.g_01138	Syaq.g_02593
OG0001617	Syak	Prbg.g_01138	Syak.g_00710
OG0001617	Syab	Prbg.g_01138	Syab.g_01183
OG0001617	Syal	Prbg.g_01138	Syal.g_01800
OG0001617	Syag	Prbg.g_01138	Syag.g_00998
OG0001617	Syas	Prbg.g_01138	Syas.g_00076
OG0001617	Syar	Prbg.g_01138	Syar.g_01972
OG0001617	Syat	Prbg.g_01138	Syat.g_03212, Syat.g_03299
OG0001617	Syan	Prbg.g_01138	Syan.g_01033
OG0001617	Syao	Prbg.g_01138	Syao.g_01201
OG0001617	Pral	Prbg.g_01138	Pral.g_01745
OG0001617	Prat	Prbg.g_01138	Prat.g_00770
OG0001617	Pram	Prbg.g_01138	Pram.g_00787
OG0001617	Prbh	Prbg.g_01138	Prbh.g_00931
OG0001617	Prak	Prbg.g_01138	Prak.g_00824
OG0001617	Prap	Prbg.g_01138	Prap.g_00804
OG0001617	Prbe	Prbg.g_01138	Prbe.g_01201
OG0001617	Prbf	Prbg.g_01138	Prbf.g_01266
OG0001617	Prbn	Prbg.g_01138	Prbn.g_01567
OG0001619	Prbj	Prbg.g_01276	Prbj.g_02282
OG0001619	Prbk	Prbg.g_01276	Prbk.g_02338
OG0001619	Prbl	Prbg.g_01276	Prbl.g_02464
OG0001619	Praf	Prbg.g_01276	Praf.g_01406
OG0001619	Prah	Prbg.g_01276	Prah.g_00782
OG0001619	Syak	Prbg.g_01276	Syak.g_00520
OG0001619	Syag	Prbg.g_01276	Syag.g_00794
OG0001619	Syaq	Prbg.g_01276	Syaq.g_02469
OG0001619	Syab	Prbg.g_01276	Syab.g_01399
OG0001619	Syal	Prbg.g_01276	Syal.g_02009
OG0001619	Syap	Prbg.g_01276	Syap.g_01752
OG0001619	Syas	Prbg.g_01276	Syas.g_00445
OG0001619	Syan	Prbg.g_01276	Syan.g_00549
OG0001619	Syao	Prbg.g_01276	Syao.g_00690
OG0001619	Syar	Prbg.g_01276	Syar.g_02556
OG0001619	Syat	Prbg.g_01276	Syat.g_00600
OG0001619	Syaf	Prbg.g_01276	Syaf.g_01845
OG0001619	Syai	Prbg.g_01276	Syai.g_01519
OG0001619	Syam	Prbg.g_01276	Syam.g_01108
OG0001619	Syaa	Prbg.g_01276	Syaa.g_01374
OG0001619	Syac	Prbg.g_01276	Syac.g_01164
OG0001619	Syah	Prbg.g_01276	Syah.g_01607
OG0001619	Syad	Prbg.g_01276	Syad.g_01773
OG0001619	Syae	Prbg.g_01276	Syae.g_00344
OG0001619	Syaj	Prbg.g_01276	Syaj.g_00914
OG0001619	Prat	Prbg.g_01276	Prat.g_00882
OG0001619	Pral	Prbg.g_01276	Pral.g_01641
OG0001619	Pram	Prbg.g_01276	Pram.g_00929
OG0001619	Prbh	Prbg.g_01276	Prbh.g_01072
OG0001619	Prak	Prbg.g_01276	Prak.g_00962
OG0001619	Prap	Prbg.g_01276	Prap.g_00246
OG0001619	Prbe	Prbg.g_01276	Prbe.g_01339
OG0001619	Prbf	Prbg.g_01276	Prbf.g_01128
OG0001619	Prbn	Prbg.g_01276	Prbn.g_01429
OG0001620	Prah	Prbg.g_00126	Prah.g_01924
OG0001620	Praf	Prbg.g_00126	Praf.g_02040
OG0001620	Prbj	Prbg.g_00126	Prbj.g_00326
OG0001620	Prbk	Prbg.g_00126	Prbk.g_00886
OG0001620	Prbl	Prbg.g_00126	Prbl.g_01215
OG0001620	Syak	Prbg.g_00126	Syak.g_01233
OG0001620	Syab	Prbg.g_00126	Syab.g_00535
OG0001620	Syal	Prbg.g_00126	Syal.g_00360
OG0001620	Syag	Prbg.g_00126	Syag.g_02857
OG0001620	Syaq	Prbg.g_00126	Syaq.g_00546
OG0001620	Syaa	Prbg.g_00126	Syaa.g_02169
OG0001620	Syac	Prbg.g_00126	Syac.g_02007
OG0001620	Syah	Prbg.g_00126	Syah.g_00871
OG0001620	Syaf	Prbg.g_00126	Syaf.g_00010
OG0001620	Syai	Prbg.g_00126	Syai.g_00499
OG0001620	Syam	Prbg.g_00126	Syam.g_00470
OG0001620	Syad	Prbg.g_00126	Syad.g_00774
OG0001620	Syaj	Prbg.g_00126	Syaj.g_02818
OG0001620	Syae	Prbg.g_00126	Syae.g_02205
OG0001620	Syat	Prbg.g_00126	Syat.g_01601
OG0001620	Syar	Prbg.g_00126	Syar.g_01131
OG0001620	Syan	Prbg.g_00126	Syan.g_02131
OG0001620	Syap	Prbg.g_00126	Syap.g_00557
OG0001620	Syas	Prbg.g_00126	Syas.g_01528
OG0001620	Syao	Prbg.g_00126	Syao.g_01864
OG0001620	Pral	Prbg.g_00126	Pral.g_00689
OG0001620	Prat	Prbg.g_00126	Prat.g_00357
OG0001620	Pram	Prbg.g_00126	Pram.g_00338
OG0001620	Prbh	Prbg.g_00126	Prbh.g_00429
OG0001620	Prak	Prbg.g_00126	Prak.g_00365
OG0001620	Prap	Prbg.g_00126	Prap.g_01363
OG0001620	Prbe	Prbg.g_00126	Prbe.g_01901
OG0001620	Prbf	Prbg.g_00126	Prbf.g_01687
OG0001620	Prbn	Prbg.g_00126	Prbn.g_00114
OG0001621	Praf	Prbg.g_01036	Praf.g_02241
OG0001621	Prah	Prbg.g_01036	Prah.g_02097
OG0001621	Prbj	Prbg.g_01036	Prbj.g_01358
OG0001621	Prbk	Prbg.g_01036	Prbk.g_00370
OG0001621	Prbl	Prbg.g_01036	Prbl.g_01500
OG0001621	Syag	Prbg.g_01036	Syag.g_02637
OG0001621	Syak	Prbg.g_01036	Syak.g_01420
OG0001621	Syaq	Prbg.g_01036	Syaq.g_00724
OG0001621	Syab	Prbg.g_01036	Syab.g_00337
OG0001621	Syal	Prbg.g_01036	Syal.g_01224
OG0001621	Syar	Prbg.g_01036	Syar.g_00169
OG0001621	Syat	Prbg.g_01036	Syat.g_01883
OG0001621	Syan	Prbg.g_01036	Syan.g_02064
OG0001621	Syao	Prbg.g_01036	Syao.g_02103
OG0001621	Syap	Prbg.g_01036	Syap.g_01592
OG0001621	Syas	Prbg.g_01036	Syas.g_01702
OG0001621	Syad	Prbg.g_01036	Syad.g_00562
OG0001621	Syaj	Prbg.g_01036	Syaj.g_02606
OG0001621	Syaf	Prbg.g_01036	Syaf.g_00205
OG0001621	Syam	Prbg.g_01036	Syam.g_00267
OG0001621	Syai	Prbg.g_01036	Syai.g_00297
OG0001621	Syaa	Prbg.g_01036	Syaa.g_00300
OG0001621	Syae	Prbg.g_01036	Syae.g_02008
OG0001621	Syac	Prbg.g_01036	Syac.g_02215
OG0001621	Syah	Prbg.g_01036	Syah.g_00662
OG0001621	Pral	Prbg.g_01036	Pral.g_00786
OG0001621	Prat	Prbg.g_01036	Prat.g_00259
OG0001621	Pram	Prbg.g_01036	Pram.g_00241
OG0001621	Prbh	Prbg.g_01036	Prbh.g_00526
OG0001621	Prak	Prbg.g_01036	Prak.g_00270
OG0001621	Prap	Prbg.g_01036	Prap.g_01458
OG0001621	Prbe	Prbg.g_01036	Prbe.g_01806
OG0001621	Prbf	Prbg.g_01036	Prbf.g_01592
OG0001621	Prbn	Prbg.g_01036	Prbn.g_00019
OG0001622	Praf	Prbg.g_01934	Praf.g_02761
OG0001622	Prbj	Prbg.g_01934	Prbj.g_02050
OG0001622	Prbk	Prbg.g_01934	Prbk.g_02255
OG0001622	Prbl	Prbg.g_01934	Prbl.g_02144
OG0001622	Prah	Prbg.g_01934	Prah.g_02581
OG0001622	Syag	Prbg.g_01934	Syag.g_02247
OG0001622	Syam	Prbg.g_01934	Syam.g_02423
OG0001622	Syak	Prbg.g_01934	Syak.g_01820
OG0001622	Syaq	Prbg.g_01934	Syaq.g_01176
OG0001622	Syab	Prbg.g_01934	Syab.g_02884
OG0001622	Syal	Prbg.g_01934	Syal.g_01178
OG0001622	Syaa	Prbg.g_01934	Syaa.g_02733
OG0001622	Syac	Prbg.g_01934	Syac.g_02471
OG0001622	Syah	Prbg.g_01934	Syah.g_00396
OG0001622	Syaf	Prbg.g_01934	Syaf.g_00525
OG0001622	Syai	Prbg.g_01934	Syai.g_02907
OG0001622	Syae	Prbg.g_01934	Syae.g_01687
OG0001622	Syad	Prbg.g_01934	Syad.g_00137
OG0001622	Syaj	Prbg.g_01934	Syaj.g_02237
OG0001622	Syar	Prbg.g_01934	Syar.g_00446
OG0001622	Syat	Prbg.g_01934	Syat.g_02404
OG0001622	Syas	Prbg.g_01934	Syas.g_02002
OG0001622	Syap	Prbg.g_01934	Syap.g_02601
OG0001622	Syan	Prbg.g_01934	Syan.g_01686
OG0001622	Syao	Prbg.g_01934	Syao.g_02334
OG0001622	Pral	Prbg.g_01934	Pral.g_00393
OG0001622	Prat	Prbg.g_01934	Prat.g_01876
OG0001622	Pram	Prbg.g_01934	Pram.g_01921
OG0001622	Prbh	Prbg.g_01934	Prbh.g_01493
OG0001622	Prak	Prbg.g_01934	Prak.g_01929
OG0001622	Prap	Prbg.g_01934	Prap.g_01494
OG0001622	Prbe	Prbg.g_01934	Prbe.g_01192
OG0001622	Prbf	Prbg.g_01934	Prbf.g_00409
OG0001622	Prbn	Prbg.g_01934	Prbn.g_00910
OG0001626	Prab	Prbg.g_00421	Prab.g_00764
OG0001626	Pran	Prbg.g_00421	Pran.g_01419
OG0001626	Prai	Prbg.g_00421	Prai.g_00898
OG0001626	Prac	Prbg.g_00421	Prac.g_01524
OG0001626	Praq	Prbg.g_00421	Praq.g_00619
OG0001626	Prar	Prbg.g_00421	Prar.g_01635
OG0001626	Prag	Prbg.g_00421	Prag.g_00741
OG0001626	Praw	Prbg.g_00421	Praw.g_01762
OG0001626	Prad	Prbg.g_00421	Prad.g_01089
OG0001626	Prao	Prbg.g_00421	Prao.g_00684
OG0001626	Pras	Prbg.g_00421	Pras.g_01646
OG0001626	Prau	Prbg.g_00421	Prau.g_00797
OG0001626	Prbi	Prbg.g_00421	Prbi.g_00789
OG0001626	Prax	Prbg.g_00421	Prax.g_00431
OG0001626	Praa	Prbg.g_00421	Praa.g_00748
OG0001626	Prae	Prbg.g_00421	Prae.g_00749
OG0001626	Pray	Prbg.g_00421	Pray.g_00290
OG0001626	Praz	Prbg.g_00421	Praz.g_01570
OG0001626	Prba	Prbg.g_00421	Prba.g_01557
OG0001626	Prbd	Prbg.g_00421	Prbd.g_00046
OG0001626	Prbb	Prbg.g_00421	Prbb.g_01272
OG0001626	Prbm	Prbg.g_00421	Prbm.g_01339
OG0001626	Praj	Prbg.g_00421	Praj.g_01230
OG0001626	Prbc	Prbg.g_00421	Prbc.g_01302
OG0001626	Prak	Prbg.g_00421	Prak.g_00654
OG0001626	Prap	Prbg.g_00421	Prap.g_00625
OG0001626	Prbe	Prbg.g_00421	Prbe.g_00707
OG0001626	Prbf	Prbg.g_00421	Prbf.g_00353
OG0001626	Prbn	Prbg.g_00421	Prbn.g_00796
OG0001628	Prai	Prbg.g_00357	Prai.g_01293
OG0001628	Praa	Prbg.g_00357	Praa.g_00760
OG0001628	Prac	Prbg.g_00357	Prac.g_01513
OG0001628	Prad	Prbg.g_00357	Prad.g_01102, Prad.g_01207
OG0001628	Prao	Prbg.g_00357	Prao.g_00696
OG0001628	Praq	Prbg.g_00357	Praq.g_00632
OG0001628	Prar	Prbg.g_00357	Prar.g_01646
OG0001628	Prau	Prbg.g_00357	Prau.g_00811
OG0001628	Prax	Prbg.g_00357	Prax.g_00418
OG0001628	Pray	Prbg.g_00357	Pray.g_00302
OG0001628	Praz	Prbg.g_00357	Praz.g_01558
OG0001628	Prba	Prbg.g_00357	Prba.g_01545
OG0001628	Prbd	Prbg.g_00357	Prbd.g_00058, Prbd.g_01923
OG0001628	Prbi	Prbg.g_00357	Prbi.g_00802
OG0001628	Pras	Prbg.g_00357	Pras.g_01659
OG0001628	Prae	Prbg.g_00357	Prae.g_00761
OG0001628	Prag	Prbg.g_00357	Prag.g_00754
OG0001628	Prav	Prbg.g_00357	Prav.g_00357, Prav.g_01015
OG0001628	Praw	Prbg.g_00357	Praw.g_01749
OG0001628	Prab	Prbg.g_00357	Prab.g_00778, Prab.g_00420
OG0001628	Pran	Prbg.g_00357	Pran.g_01405, Pran.g_01763
OG0001628	Pral	Prbg.g_00357	Pral.g_00451
OG0001628	Prat	Prbg.g_00357	Prat.g_00600
OG0001628	Prak	Prbg.g_00357	Prak.g_00599
OG0001628	Prap	Prbg.g_00357	Prap.g_01130
OG0001628	Prbe	Prbg.g_00357	Prbe.g_00496
OG0001628	Prbf	Prbg.g_00357	Prbf.g_01920
OG0001628	Prbn	Prbg.g_00357	Prbn.g_00477
OG0001629	Prab	Prbg.g_00395	Prab.g_00779
OG0001629	Pran	Prbg.g_00395	Pran.g_01404
OG0001629	Prai	Prbg.g_00395	Prai.g_00886
OG0001629	Prag	Prbg.g_00395	Prag.g_00755
OG0001629	Praw	Prbg.g_00395	Praw.g_01748
OG0001629	Prav	Prbg.g_00395	Prav.g_00358
OG0001629	Prac	Prbg.g_00395	Prac.g_01512
OG0001629	Praq	Prbg.g_00395	Praq.g_00633
OG0001629	Prar	Prbg.g_00395	Prar.g_01647
OG0001629	Prao	Prbg.g_00395	Prao.g_00697
OG0001629	Prad	Prbg.g_00395	Prad.g_01103
OG0001629	Pray	Prbg.g_00395	Pray.g_00303
OG0001629	Praz	Prbg.g_00395	Praz.g_01557
OG0001629	Prba	Prbg.g_00395	Prba.g_01544
OG0001629	Praa	Prbg.g_00395	Praa.g_00761
OG0001629	Prbi	Prbg.g_00395	Prbi.g_00803
OG0001629	Pras	Prbg.g_00395	Pras.g_01660
OG0001629	Prau	Prbg.g_00395	Prau.g_00812
OG0001629	Prbd	Prbg.g_00395	Prbd.g_00059
OG0001629	Prae	Prbg.g_00395	Prae.g_00762
OG0001629	Prax	Prbg.g_00395	Prax.g_00417
OG0001629	Prbc	Prbg.g_00395	Prbc.g_00115
OG0001629	Praj	Prbg.g_00395	Praj.g_01138
OG0001629	Prbb	Prbg.g_00395	Prbb.g_01179
OG0001629	Prbm	Prbg.g_00395	Prbm.g_01155
OG0001629	Pram	Prbg.g_00395	Pram.g_00660
OG0001629	Prbh	Prbg.g_00395	Prbh.g_00804
OG0001629	Prat	Prbg.g_00395	Prat.g_01524
OG0001629	Prak	Prbg.g_00395	Prak.g_00680
OG0001629	Prap	Prbg.g_00395	Prap.g_00598
OG0001629	Prbe	Prbg.g_00395	Prbe.g_00733
OG0001629	Prbf	Prbg.g_00395	Prbf.g_00327
OG0001629	Prbn	Prbg.g_00395	Prbn.g_00822
OG0001630	Pray	Prbg.g_01068	Pray.g_00441
OG0001630	Praz	Prbg.g_01068	Praz.g_01419
OG0001630	Prba	Prbg.g_01068	Prba.g_01406
OG0001630	Prag	Prbg.g_01068	Prag.g_00896
OG0001630	Praw	Prbg.g_01068	Praw.g_01607
OG0001630	Prac	Prbg.g_01068	Prac.g_01395
OG0001630	Praq	Prbg.g_01068	Praq.g_01479
OG0001630	Prar	Prbg.g_01068	Prar.g_01765
OG0001630	Prad	Prbg.g_01068	Prad.g_00255
OG0001630	Prao	Prbg.g_01068	Prao.g_00835
OG0001630	Prab	Prbg.g_01068	Prab.g_01078
OG0001630	Pran	Prbg.g_01068	Pran.g_00419
OG0001630	Prai	Prbg.g_01068	Prai.g_01056
OG0001630	Prbi	Prbg.g_01068	Prbi.g_00940
OG0001630	Prav	Prbg.g_01068	Prav.g_00488
OG0001630	Praa	Prbg.g_01068	Praa.g_00897
OG0001630	Prae	Prbg.g_01068	Prae.g_00898
OG0001630	Prax	Prbg.g_01068	Prax.g_00551
OG0001630	Prbd	Prbg.g_01068	Prbd.g_00195
OG0001630	Prau	Prbg.g_01068	Prau.g_00947
OG0001630	Prbm	Prbg.g_01068	Prbm.g_00915
OG0001630	Praj	Prbg.g_01068	Praj.g_00873
OG0001630	Prbb	Prbg.g_01068	Prbb.g_00918
OG0001630	Prbc	Prbg.g_01068	Prbc.g_01963
OG0001630	Pral	Prbg.g_01068	Pral.g_01814
OG0001630	Prat	Prbg.g_01068	Prat.g_00700
OG0001630	Pram	Prbg.g_01068	Pram.g_00718
OG0001630	Prbh	Prbg.g_01068	Prbh.g_00862
OG0001630	Prak	Prbg.g_01068	Prak.g_00754
OG0001630	Prap	Prbg.g_01068	Prap.g_00654
OG0001630	Prbe	Prbg.g_01068	Prbe.g_00111
OG0001630	Prbf	Prbg.g_01068	Prbf.g_00832
OG0001630	Prbn	Prbg.g_01068	Prbn.g_01924
OG0001631	Prai	Prbg.g_00412	Prai.g_01078
OG0001631	Prab	Prbg.g_00412	Prab.g_01115
OG0001631	Pran	Prbg.g_00412	Pran.g_00164
OG0001631	Prav	Prbg.g_00412	Prav.g_00231
OG0001631	Prag	Prbg.g_00412	Prag.g_01054
OG0001631	Praw	Prbg.g_00412	Praw.g_01449
OG0001631	Prao	Prbg.g_00412	Prao.g_00996
OG0001631	Pray	Prbg.g_00412	Pray.g_00603
OG0001631	Praz	Prbg.g_00412	Praz.g_00085
OG0001631	Prba	Prbg.g_00412	Prba.g_01245
OG0001631	Pras	Prbg.g_00412	Pras.g_01953
OG0001631	Prau	Prbg.g_00412	Prau.g_01107
OG0001631	Prbd	Prbg.g_00412	Prbd.g_00359
OG0001631	Prax	Prbg.g_00412	Prax.g_01224
OG0001631	Praa	Prbg.g_00412	Praa.g_01058
OG0001631	Prae	Prbg.g_00412	Prae.g_01060
OG0001631	Prac	Prbg.g_00412	Prac.g_01237
OG0001631	Praq	Prbg.g_00412	Praq.g_01637
OG0001631	Prar	Prbg.g_00412	Prar.g_01923
OG0001631	Prbi	Prbg.g_00412	Prbi.g_01105
OG0001631	Prad	Prbg.g_00412	Prad.g_01000
OG0001631	Prbm	Prbg.g_00412	Prbm.g_00770
OG0001631	Praj	Prbg.g_00412	Praj.g_00725
OG0001631	Prbb	Prbg.g_00412	Prbb.g_00740
OG0001631	Prbc	Prbg.g_00412	Prbc.g_01814
OG0001631	Prat	Prbg.g_00412	Prat.g_01226
OG0001631	Pram	Prbg.g_00412	Pram.g_00650
OG0001631	Prbh	Prbg.g_00412	Prbh.g_00794
OG0001631	Prak	Prbg.g_00412	Prak.g_00663
OG0001631	Prap	Prbg.g_00412	Prap.g_00616
OG0001631	Prbe	Prbg.g_00412	Prbe.g_00716
OG0001631	Prbf	Prbg.g_00412	Prbf.g_00344
OG0001631	Prbn	Prbg.g_00412	Prbn.g_00805
OG0001636	Prbj	Prbg.g_00839	Prbj.g_01209
OG0001636	Prbl	Prbg.g_00839	Prbl.g_01982
OG0001636	Prbk	Prbg.g_00839	Prbk.g_01612
OG0001636	Praf	Prbg.g_00839	Praf.g_00042
OG0001636	Prah	Prbg.g_00839	Prah.g_00043
OG0001636	Syar	Prbg.g_00839	Syar.g_00510
OG0001636	Syan	Prbg.g_00839	Syan.g_01738
OG0001636	Syao	Prbg.g_00839	Syao.g_02229
OG0001636	Syap	Prbg.g_00839	Syap.g_01797
OG0001636	Syat	Prbg.g_00839	Syat.g_02302
OG0001636	Syas	Prbg.g_00839	Syas.g_02075
OG0001636	Syag	Prbg.g_00839	Syag.g_02314
OG0001636	Syaq	Prbg.g_00839	Syaq.g_01109
OG0001636	Syak	Prbg.g_00839	Syak.g_01751
OG0001636	Syab	Prbg.g_00839	Syab.g_00041
OG0001636	Syal	Prbg.g_00839	Syal.g_00137
OG0001636	Syae	Prbg.g_00839	Syae.g_01753
OG0001636	Syaa	Prbg.g_00839	Syaa.g_00043
OG0001636	Syaf	Prbg.g_00839	Syaf.g_00456
OG0001636	Syam	Prbg.g_00839	Syam.g_00040
OG0001636	Syac	Prbg.g_00839	Syac.g_00038
OG0001636	Syah	Prbg.g_00839	Syah.g_00336
OG0001636	Syad	Prbg.g_00839	Syad.g_00203
OG0001636	Syaj	Prbg.g_00839	Syaj.g_02303
OG0001636	Pral	Prbg.g_00839	Pral.g_01010
OG0001636	Prat	Prbg.g_00839	Prat.g_00035
OG0001636	Pram	Prbg.g_00839	Pram.g_00020
OG0001636	Prbh	Prbg.g_00839	Prbh.g_00747
OG0001636	Prak	Prbg.g_00839	Prak.g_00035
OG0001636	Prap	Prbg.g_00839	Prap.g_00920
OG0001636	Prbe	Prbg.g_00839	Prbe.g_00135
OG0001636	Prbf	Prbg.g_00839	Prbf.g_01357
OG0001636	Prbn	Prbg.g_00839	Prbn.g_00747
OG0001638	Praf	Prbg.g_01661	Praf.g_00467
OG0001638	Prah	Prbg.g_01661	Prah.g_01691
OG0001638	Prbj	Prbg.g_01661	Prbj.g_00490
OG0001638	Prbk	Prbg.g_01661	Prbk.g_01446
OG0001638	Prbl	Prbg.g_01661	Prbl.g_00379
OG0001638	Pral	Prbg.g_01661	Pral.g_00118
OG0001638	Syag	Prbg.g_01661	Syag.g_01700
OG0001638	Syas	Prbg.g_01661	Syas.g_02670
OG0001638	Syat	Prbg.g_01661	Syat.g_03143
OG0001638	Syap	Prbg.g_01661	Syap.g_01778
OG0001638	Syaa	Prbg.g_01661	Syaa.g_00538
OG0001638	Syah	Prbg.g_01661	Syah.g_02399
OG0001638	Syar	Prbg.g_01661	Syar.g_03132, Syar.g_02949
OG0001638	Syaf	Prbg.g_01661	Syaf.g_01021
OG0001638	Syai	Prbg.g_01661	Syai.g_02390
OG0001638	Syam	Prbg.g_01661	Syam.g_02001
OG0001638	Syad	Prbg.g_01661	Syad.g_02636
OG0001638	Syaj	Prbg.g_01661	Syaj.g_01733
OG0001638	Syan	Prbg.g_01661	Syan.g_01418
OG0001638	Syao	Prbg.g_01661	Syao.g_01684
OG0001638	Syae	Prbg.g_01661	Syae.g_01175
OG0001638	Syaq	Prbg.g_01661	Syaq.g_01660
OG0001638	Syak	Prbg.g_01661	Syak.g_02404
OG0001638	Syab	Prbg.g_01661	Syab.g_02270
OG0001638	Syal	Prbg.g_01661	Syal.g_00599
OG0001638	Pram	Prbg.g_01661	Pram.g_01643
OG0001638	Prbh	Prbg.g_01661	Prbh.g_01771
OG0001638	Prak	Prbg.g_01661	Prak.g_01656
OG0001638	Prap	Prbg.g_01661	Prap.g_01768
OG0001638	Prbe	Prbg.g_01661	Prbe.g_00974
OG0001638	Prbf	Prbg.g_01661	Prbf.g_00682
OG0001638	Prbn	Prbg.g_01661	Prbn.g_01756
OG0001639	Prah	Prbg.g_00640	Prah.g_01616
OG0001639	Praf	Prbg.g_00640	Praf.g_00541
OG0001639	Prbj	Prbg.g_00640	Prbj.g_01685
OG0001639	Prbk	Prbg.g_00640	Prbk.g_02005
OG0001639	Prbl	Prbg.g_00640	Prbl.g_00455
OG0001639	Syak	Prbg.g_00640	Syak.g_02481
OG0001639	Syab	Prbg.g_00640	Syab.g_02170
OG0001639	Syal	Prbg.g_00640	Syal.g_02968
OG0001639	Syaq	Prbg.g_00640	Syaq.g_01738
OG0001639	Syag	Prbg.g_00640	Syag.g_01615
OG0001639	Syap	Prbg.g_00640	Syap.g_00751
OG0001639	Syar	Prbg.g_00640	Syar.g_01212
OG0001639	Syas	Prbg.g_00640	Syas.g_01477
OG0001639	Syan	Prbg.g_00640	Syan.g_02407
OG0001639	Syat	Prbg.g_00640	Syat.g_02981
OG0001639	Syad	Prbg.g_00640	Syad.g_02539
OG0001639	Syaj	Prbg.g_00640	Syaj.g_01636
OG0001639	Syae	Prbg.g_00640	Syae.g_01082
OG0001639	Syaa	Prbg.g_00640	Syaa.g_00626
OG0001639	Syac	Prbg.g_00640	Syac.g_00622
OG0001639	Syah	Prbg.g_00640	Syah.g_02312
OG0001639	Syaf	Prbg.g_00640	Syaf.g_01108
OG0001639	Syai	Prbg.g_00640	Syai.g_02297
OG0001639	Syam	Prbg.g_00640	Syam.g_01924
OG0001639	Pral	Prbg.g_00640	Pral.g_01109
OG0001639	Prat	Prbg.g_00640	Prat.g_01406
OG0001639	Pram	Prbg.g_00640	Pram.g_01329
OG0001639	Prbh	Prbg.g_00640	Prbh.g_00148
OG0001639	Prak	Prbg.g_00640	Prak.g_01440
OG0001639	Prap	Prbg.g_00640	Prap.g_00170
OG0001639	Prbe	Prbg.g_00640	Prbe.g_00262
OG0001639	Prbf	Prbg.g_00640	Prbf.g_00206
OG0001639	Prbn	Prbg.g_00640	Prbn.g_00261
OG0001640	Syac	Prbg.g_01246	Syac.g_00868
OG0001640	Syah	Prbg.g_01246	Syah.g_02060
OG0001640	Syaf	Prbg.g_01246	Syaf.g_01408
OG0001640	Syai	Prbg.g_01246	Syai.g_02022
OG0001640	Syam	Prbg.g_01246	Syam.g_00756
OG0001640	Syaa	Prbg.g_01246	Syaa.g_00862
OG0001640	Syad	Prbg.g_01246	Syad.g_01274
OG0001640	Syaj	Prbg.g_01246	Syaj.g_00411
OG0001640	Syae	Prbg.g_01246	Syae.g_00809
OG0001640	Syan	Prbg.g_01246	Syan.g_00309
OG0001640	Syao	Prbg.g_01246	Syao.g_00502
OG0001640	Syat	Prbg.g_01246	Syat.g_00792
OG0001640	Syas	Prbg.g_01246	Syas.g_00989
OG0001640	Syar	Prbg.g_01246	Syar.g_01377
OG0001640	Prah	Prbg.g_01246	Prah.g_00902
OG0001640	Praf	Prbg.g_01246	Praf.g_01288
OG0001640	Prbj	Prbg.g_01246	Prbj.g_01851
OG0001640	Prbk	Prbg.g_01246	Prbk.g_00069
OG0001640	Prbl	Prbg.g_01246	Prbl.g_00940
OG0001640	Syag	Prbg.g_01246	Syag.g_00955
OG0001640	Syak	Prbg.g_01246	Syak.g_00759
OG0001640	Syaq	Prbg.g_01246	Syaq.g_02695
OG0001640	Syab	Prbg.g_01246	Syab.g_01233
OG0001640	Syal	Prbg.g_01246	Syal.g_01839
OG0001640	Pral	Prbg.g_01246	Pral.g_01572
OG0001640	Prat	Prbg.g_01246	Prat.g_00954
OG0001640	Pram	Prbg.g_01246	Pram.g_00900
OG0001640	Prbh	Prbg.g_01246	Prbh.g_01043
OG0001640	Prak	Prbg.g_01246	Prak.g_00932
OG0001640	Prap	Prbg.g_01246	Prap.g_00696
OG0001640	Prbe	Prbg.g_01246	Prbe.g_01309
OG0001640	Prbf	Prbg.g_01246	Prbf.g_01158
OG0001640	Prbn	Prbg.g_01246	Prbn.g_01459
OG0001641	Prao	Prbg.g_01308	Prao.g_01200
OG0001641	Syad	Prbg.g_01308	Syad.g_01711
OG0001641	Syaj	Prbg.g_01308	Syaj.g_00840
OG0001641	Syae	Prbg.g_01308	Syae.g_00397
OG0001641	Syaa	Prbg.g_01308	Syaa.g_01321
OG0001641	Syac	Prbg.g_01308	Syac.g_01219
OG0001641	Syah	Prbg.g_01308	Syah.g_01660
OG0001641	Syaf	Prbg.g_01308	Syaf.g_01907
OG0001641	Syai	Prbg.g_01308	Syai.g_01457
OG0001641	Syam	Prbg.g_01308	Syam.g_01164
OG0001641	Syan	Prbg.g_01308	Syan.g_00606
OG0001641	Syao	Prbg.g_01308	Syao.g_00816
OG0001641	Syar	Prbg.g_01308	Syar.g_02500
OG0001641	Syap	Prbg.g_01308	Syap.g_02685
OG0001641	Syas	Prbg.g_01308	Syas.g_00545
OG0001641	Syat	Prbg.g_01308	Syat.g_00540
OG0001641	Syag	Prbg.g_01308	Syag.g_00847
OG0001641	Syaq	Prbg.g_01308	Syaq.g_02520
OG0001641	Syak	Prbg.g_01308	Syak.g_00467
OG0001641	Syab	Prbg.g_01308	Syab.g_01341
OG0001641	Syal	Prbg.g_01308	Syal.g_01955
OG0001641	Prah	Prbg.g_01308	Prah.g_00827
OG0001641	Praf	Prbg.g_01308	Praf.g_01361
OG0001641	Prbj	Prbg.g_01308	Prbj.g_02238
OG0001641	Prbk	Prbg.g_01308	Prbk.g_02294
OG0001641	Prbl	Prbg.g_01308	Prbl.g_02507
OG0001641	Pram	Prbg.g_01308	Pram.g_00962
OG0001641	Prbh	Prbg.g_01308	Prbh.g_01105
OG0001641	Prak	Prbg.g_01308	Prak.g_00994
OG0001641	Prap	Prbg.g_01308	Prap.g_00278
OG0001641	Prbe	Prbg.g_01308	Prbe.g_01371
OG0001641	Prbf	Prbg.g_01308	Prbf.g_01096
OG0001641	Prbn	Prbg.g_01308	Prbn.g_01397
OG0001642	Prbc	Prbg.g_01213	Prbc.g_00597
OG0001642	Praj	Prbg.g_01213	Praj.g_01558
OG0001642	Prbb	Prbg.g_01213	Prbb.g_01621
OG0001642	Prbm	Prbg.g_01213	Prbm.g_01643
OG0001642	Prat	Prbg.g_01213	Prat.g_00986
OG0001642	Pral	Prbg.g_01213	Pral.g_01540
OG0001642	Praf	Prbg.g_01213	Praf.g_01615
OG0001642	Prbj	Prbg.g_01213	Prbj.g_02499
OG0001642	Prbk	Prbg.g_01213	Prbk.g_02555
OG0001642	Prbl	Prbg.g_01213	Prbl.g_01563
OG0001642	Prah	Prbg.g_01213	Prah.g_00580
OG0001642	Syag	Prbg.g_01213	Syag.g_00742
OG0001642	Syak	Prbg.g_01213	Syak.g_00581
OG0001642	Syaf	Prbg.g_01213	Syaf.g_01336
OG0001642	Syai	Prbg.g_01213	Syai.g_02085
OG0001642	Syaa	Prbg.g_01213	Syaa.g_00814
OG0001642	Syad	Prbg.g_01213	Syad.g_01197
OG0001642	Syaj	Prbg.g_01213	Syaj.g_00347
OG0001642	Syab	Prbg.g_01213	Syab.g_02027
OG0001642	Syao	Prbg.g_01213	Syao.g_00233
OG0001642	Syaq	Prbg.g_01213	Syaq.g_02411
OG0001642	Syat	Prbg.g_01213	Syat.g_00676
OG0001642	Syap	Prbg.g_01213	Syap.g_00530
OG0001642	Syar	Prbg.g_01213	Syar.g_01387
OG0001642	Syae	Prbg.g_01213	Syae.g_00878
OG0001642	Syan	Prbg.g_01213	Syan.g_02603
OG0001642	Pram	Prbg.g_01213	Pram.g_00863
OG0001642	Prbh	Prbg.g_01213	Prbh.g_01007
OG0001642	Prak	Prbg.g_01213	Prak.g_00899
OG0001642	Prap	Prbg.g_01213	Prap.g_00729
OG0001642	Prbe	Prbg.g_01213	Prbe.g_01276
OG0001642	Prbf	Prbg.g_01213	Prbf.g_01191
OG0001642	Prbn	Prbg.g_01213	Prbn.g_01492
OG0001643	Prbj	Prbg.g_01417	Prbj.g_02578
OG0001643	Prbk	Prbg.g_01417	Prbk.g_02636
OG0001643	Prbl	Prbg.g_01417	Prbl.g_01644
OG0001643	Praf	Prbg.g_01417	Praf.g_01697
OG0001643	Prah	Prbg.g_01417	Prah.g_00496
OG0001643	Syap	Prbg.g_01417	Syap.g_00902
OG0001643	Syas	Prbg.g_01417	Syas.g_00741
OG0001643	Syar	Prbg.g_01417	Syar.g_02423
OG0001643	Syat	Prbg.g_01417	Syat.g_00131
OG0001643	Syan	Prbg.g_01417	Syan.g_00811
OG0001643	Syao	Prbg.g_01417	Syao.g_00899
OG0001643	Syak	Prbg.g_01417	Syak.g_00040
OG0001643	Syab	Prbg.g_01417	Syab.g_01869
OG0001643	Syal	Prbg.g_01417	Syal.g_02631
OG0001643	Syag	Prbg.g_01417	Syag.g_00415
OG0001643	Syaq	Prbg.g_01417	Syaq.g_02087
OG0001643	Syae	Prbg.g_01417	Syae.g_00079
OG0001643	Syaa	Prbg.g_01417	Syaa.g_01628
OG0001643	Syad	Prbg.g_01417	Syad.g_02147
OG0001643	Syaj	Prbg.g_01417	Syaj.g_01278
OG0001643	Syac	Prbg.g_01417	Syac.g_00984
OG0001643	Syah	Prbg.g_01417	Syah.g_01930
OG0001643	Syam	Prbg.g_01417	Syam.g_01463
OG0001643	Syaf	Prbg.g_01417	Syaf.g_02305
OG0001643	Syai	Prbg.g_01417	Syai.g_01109
OG0001643	Prat	Prbg.g_01417	Prat.g_01085
OG0001643	Pram	Prbg.g_01417	Pram.g_01071
OG0001643	Prbh	Prbg.g_01417	Prbh.g_01214
OG0001643	Prak	Prbg.g_01417	Prak.g_01103
OG0001643	Prap	Prbg.g_01417	Prap.g_00387
OG0001643	Prbe	Prbg.g_01417	Prbe.g_01480
OG0001643	Prbf	Prbg.g_01417	Prbf.g_00987
OG0001643	Prbn	Prbg.g_01417	Prbn.g_00431
OG0001644	Prbm	Prbg.g_01362	Prbm.g_00757
OG0001644	Prbc	Prbg.g_01362	Prbc.g_01802
OG0001644	Praj	Prbg.g_01362	Praj.g_00713
OG0001644	Prbb	Prbg.g_01362	Prbb.g_00728
OG0001644	Syag	Prbg.g_01362	Syag.g_00902
OG0001644	Syak	Prbg.g_01362	Syak.g_00783
OG0001644	Syab	Prbg.g_01362	Syab.g_01672
OG0001644	Syal	Prbg.g_01362	Syal.g_02426
OG0001644	Syac	Prbg.g_01362	Syac.g_01266
OG0001644	Syah	Prbg.g_01362	Syah.g_01709
OG0001644	Syaf	Prbg.g_01362	Syaf.g_01962
OG0001644	Syai	Prbg.g_01362	Syai.g_01406
OG0001644	Syam	Prbg.g_01362	Syam.g_01229
OG0001644	Syaa	Prbg.g_01362	Syaa.g_01263
OG0001644	Syae	Prbg.g_01362	Syae.g_00452
OG0001644	Syad	Prbg.g_01362	Syad.g_01799
OG0001644	Syaj	Prbg.g_01362	Syaj.g_00941
OG0001644	Syan	Prbg.g_01362	Syan.g_00336
OG0001644	Syao	Prbg.g_01362	Syao.g_00474
OG0001644	Syar	Prbg.g_01362	Syar.g_01876
OG0001644	Syat	Prbg.g_01362	Syat.g_00844
OG0001644	Syap	Prbg.g_01362	Syap.g_00346
OG0001644	Syas	Prbg.g_01362	Syas.g_00921, Syas.g_00767
OG0001644	Pral	Prbg.g_01362	Pral.g_01714
OG0001644	Prat	Prbg.g_01362	Prat.g_00806
OG0001644	Pram	Prbg.g_01362	Pram.g_01015
OG0001644	Prbh	Prbg.g_01362	Prbh.g_01158
OG0001644	Prak	Prbg.g_01362	Prak.g_01048
OG0001644	Prap	Prbg.g_01362	Prap.g_00332
OG0001644	Prbe	Prbg.g_01362	Prbe.g_01425
OG0001644	Prbf	Prbg.g_01362	Prbf.g_01042
OG0001644	Prbn	Prbg.g_01362	Prbn.g_01951
OG0001648	Prai	Prbg.g_01586	Prai.g_00385
OG0001648	Prab	Prbg.g_01586	Prab.g_00361
OG0001648	Pran	Prbg.g_01586	Pran.g_01822
OG0001648	Prav	Prbg.g_01586	Prav.g_00991
OG0001648	Prae	Prbg.g_01586	Prae.g_00372
OG0001648	Prax	Prbg.g_01586	Prax.g_00801
OG0001648	Prac	Prbg.g_01586	Prac.g_01161
OG0001648	Praq	Prbg.g_01586	Praq.g_01171
OG0001648	Prar	Prbg.g_01586	Prar.g_00433
OG0001648	Prad	Prbg.g_01586	Prad.g_00737
OG0001648	Prbi	Prbg.g_01586	Prbi.g_00396
OG0001648	Prao	Prbg.g_01586	Prao.g_00507
OG0001648	Praa	Prbg.g_01586	Praa.g_00371
OG0001648	Prbd	Prbg.g_01586	Prbd.g_00866
OG0001648	Pras	Prbg.g_01586	Pras.g_01225
OG0001648	Prau	Prbg.g_01586	Prau.g_00375
OG0001648	Pray	Prbg.g_01586	Pray.g_00850
OG0001648	Praz	Prbg.g_01586	Praz.g_00802
OG0001648	Prba	Prbg.g_01586	Prba.g_00866
OG0001648	Prag	Prbg.g_01586	Prag.g_00366
OG0001648	Praw	Prbg.g_01586	Praw.g_00760
OG0001648	Praj	Prbg.g_01586	Praj.g_01741
OG0001648	Prbm	Prbg.g_01586	Prbm.g_01819
OG0001648	Prbc	Prbg.g_01586	Prbc.g_00816
OG0001648	Prbb	Prbg.g_01586	Prbb.g_01796
OG0001648	Pral	Prbg.g_01586	Pral.g_00087, Pral.g_01294
OG0001648	Prak	Prbg.g_01586	Prak.g_01581
OG0001648	Prap	Prbg.g_01586	Prap.g_01843
OG0001648	Prbe	Prbg.g_01586	Prbe.g_01049
OG0001648	Prbf	Prbg.g_01586	Prbf.g_00757
OG0001648	Prbn	Prbg.g_01586	Prbn.g_01681
OG0001649	Prab	Prbg.g_00004	Prab.g_01116
OG0001649	Pran	Prbg.g_00004	Pran.g_00163
OG0001649	Prai	Prbg.g_00004	Prai.g_01079
OG0001649	Pray	Prbg.g_00004	Pray.g_00604
OG0001649	Praz	Prbg.g_00004	Praz.g_00086
OG0001649	Prba	Prbg.g_00004	Prba.g_01244
OG0001649	Prao	Prbg.g_00004	Prao.g_00997
OG0001649	Prad	Prbg.g_00004	Prad.g_00999
OG0001649	Prbi	Prbg.g_00004	Prbi.g_01107
OG0001649	Prbd	Prbg.g_00004	Prbd.g_00360
OG0001649	Praa	Prbg.g_00004	Praa.g_01060
OG0001649	Prae	Prbg.g_00004	Prae.g_01062
OG0001649	Prax	Prbg.g_00004	Prax.g_01225
OG0001649	Pras	Prbg.g_00004	Pras.g_01954
OG0001649	Prau	Prbg.g_00004	Prau.g_01108
OG0001649	Prav	Prbg.g_00004	Prav.g_00232
OG0001649	Prag	Prbg.g_00004	Prag.g_01056
OG0001649	Praw	Prbg.g_00004	Praw.g_01447
OG0001649	Prac	Prbg.g_00004	Prac.g_01236
OG0001649	Praq	Prbg.g_00004	Praq.g_01638
OG0001649	Prar	Prbg.g_00004	Prar.g_01924
OG0001649	Prbc	Prbg.g_00004	Prbc.g_01946
OG0001649	Prbm	Prbg.g_00004	Prbm.g_00899
OG0001649	Prbb	Prbg.g_00004	Prbb.g_00902
OG0001649	Praj	Prbg.g_00004	Praj.g_00857
OG0001649	Pram	Prbg.g_00004	Pram.g_00695
OG0001649	Prbh	Prbg.g_00004	Prbh.g_00839
OG0001649	Prak	Prbg.g_00004	Prak.g_00730
OG0001649	Prap	Prbg.g_00004	Prap.g_00038
OG0001649	Prbe	Prbg.g_00004	Prbe.g_00053
OG0001649	Prbf	Prbg.g_00004	Prbf.g_00278
OG0001649	Prbn	Prbg.g_00004	Prbn.g_01021
OG0001650	Praa	Prbg.g_01610, Prbg.g_00719	Praa.g_01342
OG0001650	Prbd	Prbg.g_01610, Prbg.g_00719	Prbd.g_01784
OG0001650	Prbi	Prbg.g_01610, Prbg.g_00719	Prbi.g_01407
OG0001650	Prai	Prbg.g_01610, Prbg.g_00719	Prai.g_00746
OG0001650	Prag	Prbg.g_01610, Prbg.g_00719	Prag.g_01628
OG0001650	Praw	Prbg.g_01610, Prbg.g_00719	Praw.g_00474
OG0001650	Prav	Prbg.g_01610, Prbg.g_00719	Prav.g_01717
OG0001650	Prac	Prbg.g_01610, Prbg.g_00719	Prac.g_00196
OG0001650	Praq	Prbg.g_01610, Prbg.g_00719	Praq.g_00154
OG0001650	Prar	Prbg.g_01610, Prbg.g_00719	Prar.g_00934
OG0001650	Pras	Prbg.g_01610, Prbg.g_00719	Pras.g_00227
OG0001650	Praj	Prbg.g_01610	Praj.g_01377
OG0001650	Prbb	Prbg.g_01610	Prbb.g_01432
OG0001650	Prbc	Prbg.g_01610	Prbc.g_00040
OG0001650	Prbm	Prbg.g_01610	Prbm.g_01310
OG0001650	Pral	Prbg.g_01610	Pral.g_00060
OG0001650	Prat	Prbg.g_01610	Prat.g_01579
OG0001650	Prak	Prbg.g_01610	Prak.g_01605
OG0001650	Prap	Prbg.g_01610	Prap.g_01819
OG0001650	Prbe	Prbg.g_01610	Prbe.g_01025
OG0001650	Prbf	Prbg.g_01610	Prbf.g_00733
OG0001650	Prbn	Prbg.g_01610	Prbn.g_01705
OG0001650	Pral	Prbg.g_00719	Pral.g_00441
OG0001650	Praj	Prbg.g_00719	Praj.g_01228
OG0001650	Prbc	Prbg.g_00719	Prbc.g_01300
OG0001650	Prbb	Prbg.g_00719	Prbb.g_01270
OG0001650	Prak	Prbg.g_00719	Prak.g_01519
OG0001650	Prap	Prbg.g_00719	Prap.g_01914
OG0001650	Prbe	Prbg.g_00719	Prbe.g_00010
OG0001650	Prbf	Prbg.g_00719	Prbf.g_00819
OG0001650	Prbn	Prbg.g_00719	Prbn.g_00141
OG0001651	Prab	Prbg.g_01522	Prab.g_01571
OG0001651	Pran	Prbg.g_01522	Pran.g_00628
OG0001651	Prai	Prbg.g_01522	Prai.g_01565
OG0001651	Prac	Prbg.g_01522	Prac.g_00310
OG0001651	Praq	Prbg.g_01522	Praq.g_00008
OG0001651	Prar	Prbg.g_01522	Prar.g_00746
OG0001651	Prag	Prbg.g_01522	Prag.g_01590
OG0001651	Praw	Prbg.g_01522	Praw.g_00437
OG0001651	Prav	Prbg.g_01522	Prav.g_01679
OG0001651	Pray	Prbg.g_01522	Pray.g_01619
OG0001651	Praz	Prbg.g_01522	Praz.g_00938
OG0001651	Prba	Prbg.g_01522	Prba.g_00285
OG0001651	Prad	Prbg.g_01522	Prad.g_00411
OG0001651	Prau	Prbg.g_01522	Prau.g_01634
OG0001651	Praa	Prbg.g_01522	Praa.g_01580
OG0001651	Prae	Prbg.g_01522	Prae.g_01562
OG0001651	Prao	Prbg.g_01522	Prao.g_01498
OG0001651	Prax	Prbg.g_01522	Prax.g_01625
OG0001651	Pras	Prbg.g_01522	Pras.g_00456
OG0001651	Prbi	Prbg.g_01522	Prbi.g_01691
OG0001651	Prbd	Prbg.g_01522	Prbd.g_01585
OG0001651	Prbm	Prbg.g_01522	Prbm.g_01109
OG0001651	Prbb	Prbg.g_01522	Prbb.g_01113
OG0001651	Praj	Prbg.g_01522	Praj.g_01069
OG0001651	Prbc	Prbg.g_01522	Prbc.g_02157
OG0001651	Pral	Prbg.g_01522	Pral.g_01863
OG0001651	Prat	Prbg.g_01522	Prat.g_00649
OG0001651	Prak	Prbg.g_01522	Prak.g_01208
OG0001651	Prap	Prbg.g_01522	Prap.g_00492
OG0001651	Prbe	Prbg.g_01522	Prbe.g_01585
OG0001651	Prbf	Prbg.g_01522	Prbf.g_00882
OG0001651	Prbn	Prbg.g_01522	Prbn.g_01153
OG0001654	Prbj	Prbg.g_00638	Prbj.g_01683
OG0001654	Prbk	Prbg.g_00638	Prbk.g_02007
OG0001654	Prbl	Prbg.g_00638	Prbl.g_00457
OG0001654	Praf	Prbg.g_00638	Praf.g_00543
OG0001654	Prah	Prbg.g_00638	Prah.g_01614
OG0001654	Syag	Prbg.g_00638	Syag.g_01613
OG0001654	Syaq	Prbg.g_00638	Syaq.g_01736
OG0001654	Syak	Prbg.g_00638	Syak.g_02483
OG0001654	Syab	Prbg.g_00638	Syab.g_02168
OG0001654	Syal	Prbg.g_00638	Syal.g_02966
OG0001654	Syar	Prbg.g_00638	Syar.g_01214
OG0001654	Syan	Prbg.g_00638	Syan.g_02409
OG0001654	Syao	Prbg.g_00638	Syao.g_01697
OG0001654	Syap	Prbg.g_00638	Syap.g_00753
OG0001654	Syas	Prbg.g_00638	Syas.g_01475
OG0001654	Syat	Prbg.g_00638	Syat.g_02983
OG0001654	Syae	Prbg.g_00638	Syae.g_01080
OG0001654	Syaf	Prbg.g_00638	Syaf.g_01110
OG0001654	Syai	Prbg.g_00638	Syai.g_02295
OG0001654	Syam	Prbg.g_00638	Syam.g_01922
OG0001654	Syaa	Prbg.g_00638	Syaa.g_00628
OG0001654	Syac	Prbg.g_00638	Syac.g_00624
OG0001654	Syah	Prbg.g_00638	Syah.g_02310
OG0001654	Syad	Prbg.g_00638	Syad.g_02537
OG0001654	Syaj	Prbg.g_00638	Syaj.g_01634
OG0001654	Pral	Prbg.g_00638	Pral.g_01111
OG0001654	Prat	Prbg.g_00638	Prat.g_01404
OG0001654	Prak	Prbg.g_00638	Prak.g_01438
OG0001654	Prap	Prbg.g_00638	Prap.g_00168
OG0001654	Prbe	Prbg.g_00638	Prbe.g_00264
OG0001654	Prbf	Prbg.g_00638	Prbf.g_00204
OG0001654	Prbn	Prbg.g_00638	Prbn.g_00259
OG0001656	Prbm	Prbg.g_00106	Prbm.g_00384
OG0001656	Praj	Prbg.g_00106	Praj.g_00364
OG0001656	Prbc	Prbg.g_00106	Prbc.g_01221
OG0001656	Prbb	Prbg.g_00106	Prbb.g_00380
OG0001656	Prbj	Prbg.g_00106	Prbj.g_00357
OG0001656	Prbk	Prbg.g_00106	Prbk.g_00855
OG0001656	Prbl	Prbg.g_00106	Prbl.g_01185
OG0001656	Praf	Prbg.g_00106	Praf.g_02071
OG0001656	Prah	Prbg.g_00106	Prah.g_01954
OG0001656	Syak	Prbg.g_00106	Syak.g_01268
OG0001656	Syao	Prbg.g_00106	Syao.g_01908
OG0001656	Syae	Prbg.g_00106	Syae.g_02164
OG0001656	Syal	Prbg.g_00106	Syal.g_00317
OG0001656	Syad	Prbg.g_00106	Syad.g_00731
OG0001656	Syaj	Prbg.g_00106	Syaj.g_02776
OG0001656	Syaa	Prbg.g_00106	Syaa.g_02209
OG0001656	Syaf	Prbg.g_00106	Syaf.g_00052
OG0001656	Syai	Prbg.g_00106	Syai.g_00445
OG0001656	Syam	Prbg.g_00106	Syam.g_00413
OG0001656	Syab	Prbg.g_00106	Syab.g_00493
OG0001656	Syag	Prbg.g_00106	Syag.g_02816
OG0001656	Syac	Prbg.g_00106	Syac.g_02050
OG0001656	Syah	Prbg.g_00106	Syah.g_00827
OG0001656	Pral	Prbg.g_00106	Pral.g_00710
OG0001656	Prat	Prbg.g_00106	Prat.g_00336
OG0001656	Pram	Prbg.g_00106	Pram.g_00317
OG0001656	Prbh	Prbg.g_00106	Prbh.g_00450
OG0001656	Prak	Prbg.g_00106	Prak.g_00345
OG0001656	Prap	Prbg.g_00106	Prap.g_01383
OG0001656	Prbe	Prbg.g_00106	Prbe.g_01881
OG0001656	Prbf	Prbg.g_00106	Prbf.g_01667
OG0001656	Prbn	Prbg.g_00106	Prbn.g_00094
OG0001657	Syas	Prbg.g_00933	Syas.g_02355
OG0001657	Syar	Prbg.g_00933	Syar.g_00089
OG0001657	Syan	Prbg.g_00933	Syan.g_03019
OG0001657	Syao	Prbg.g_00933	Syao.g_02491
OG0001657	Syat	Prbg.g_00933	Syat.g_02887
OG0001657	Syap	Prbg.g_00933	Syap.g_02175
OG0001657	Syab	Prbg.g_00933	Syab.g_02575
OG0001657	Syal	Prbg.g_00933	Syal.g_00897
OG0001657	Syak	Prbg.g_00933	Syak.g_02117
OG0001657	Syag	Prbg.g_00933	Syag.g_01962
OG0001657	Syaq	Prbg.g_00933	Syaq.g_01413
OG0001657	Prbj	Prbg.g_00933	Prbj.g_00532
OG0001657	Prbk	Prbg.g_00933	Prbk.g_00762
OG0001657	Prbl	Prbg.g_00933	Prbl.g_00292
OG0001657	Praf	Prbg.g_00933	Praf.g_02443
OG0001657	Prah	Prbg.g_00933	Prah.g_02293
OG0001657	Syaa	Prbg.g_00933	Syaa.g_02464
OG0001657	Syae	Prbg.g_00933	Syae.g_01439
OG0001657	Syac	Prbg.g_00933	Syac.g_00319
OG0001657	Syah	Prbg.g_00933	Syah.g_00063
OG0001657	Syai	Prbg.g_00933	Syai.g_02619
OG0001657	Syaf	Prbg.g_00933	Syaf.g_00822
OG0001657	Syam	Prbg.g_00933	Syam.g_02202
OG0001657	Syad	Prbg.g_00933	Syad.g_02889
OG0001657	Syaj	Prbg.g_00933	Syaj.g_01976
OG0001657	Pral	Prbg.g_00933	Pral.g_00889
OG0001657	Prat	Prbg.g_00933	Prat.g_00155
OG0001657	Prak	Prbg.g_00933	Prak.g_00167
OG0001657	Prap	Prbg.g_00933	Prap.g_01015
OG0001657	Prbe	Prbg.g_00933	Prbe.g_01703
OG0001657	Prbf	Prbg.g_00933	Prbf.g_01489
OG0001657	Prbn	Prbg.g_00933	Prbn.g_01258
OG0001658	Prbj	Prbg.g_00831	Prbj.g_01954
OG0001658	Prbk	Prbg.g_00831	Prbk.g_02159
OG0001658	Prbl	Prbg.g_00831	Prbl.g_02240
OG0001658	Praf	Prbg.g_00831	Praf.g_02655
OG0001658	Prah	Prbg.g_00831	Prah.g_02489
OG0001658	Syao	Prbg.g_00831	Syao.g_02435
OG0001658	Syan	Prbg.g_00831	Syan.g_01564
OG0001658	Syap	Prbg.g_00831	Syap.g_00131
OG0001658	Syar	Prbg.g_00831	Syar.g_00329
OG0001658	Syag	Prbg.g_00831	Syag.g_02125
OG0001658	Syaq	Prbg.g_00831	Syaq.g_01265
OG0001658	Syak	Prbg.g_00831	Syak.g_01943
OG0001658	Syab	Prbg.g_00831	Syab.g_02754
OG0001658	Syal	Prbg.g_00831	Syal.g_01066
OG0001658	Syaa	Prbg.g_00831	Syaa.g_02591
OG0001658	Syad	Prbg.g_00831	Syad.g_03033
OG0001658	Syaj	Prbg.g_00831	Syaj.g_02110
OG0001658	Syac	Prbg.g_00831	Syac.g_02352
OG0001658	Syah	Prbg.g_00831	Syah.g_00513
OG0001658	Syae	Prbg.g_00831	Syae.g_01566
OG0001658	Syaf	Prbg.g_00831	Syaf.g_00647
OG0001658	Syai	Prbg.g_00831	Syai.g_02775
OG0001658	Syam	Prbg.g_00831	Syam.g_02312
OG0001658	Prat	Prbg.g_00831	Prat.g_00045
OG0001658	Pral	Prbg.g_00831	Pral.g_01002
OG0001658	Pram	Prbg.g_00831	Pram.g_00027
OG0001658	Prbh	Prbg.g_00831	Prbh.g_00740
OG0001658	Prak	Prbg.g_00831	Prak.g_00043
OG0001658	Prap	Prbg.g_00831	Prap.g_00912
OG0001658	Prbe	Prbg.g_00831	Prbe.g_00143
OG0001658	Prbf	Prbg.g_00831	Prbf.g_01365
OG0001658	Prbn	Prbg.g_00831	Prbn.g_00739
OG0001659	Prbm	Prbg.g_00717	Prbm.g_01521
OG0001659	Prbc	Prbg.g_00717	Prbc.g_01419
OG0001659	Praj	Prbg.g_00717	Praj.g_01435
OG0001659	Prbb	Prbg.g_00717	Prbb.g_01489
OG0001659	Syar	Prbg.g_00717	Syar.g_01973
OG0001659	Syae	Prbg.g_00717	Syae.g_00650
OG0001659	Syaa	Prbg.g_00717	Syaa.g_01006
OG0001659	Syad	Prbg.g_00717	Syad.g_01507
OG0001659	Syaj	Prbg.g_00717	Syaj.g_00634
OG0001659	Syaf	Prbg.g_00717	Syaf.g_01602
OG0001659	Syai	Prbg.g_00717	Syai.g_01759
OG0001659	Syam	Prbg.g_00717	Syam.g_00901
OG0001659	Syac	Prbg.g_00717	Syac.g_01478
OG0001659	Syah	Prbg.g_00717	Syah.g_01424
OG0001659	Syag	Prbg.g_00717	Syag.g_01093
OG0001659	Syab	Prbg.g_00717	Syab.g_01020
OG0001659	Syal	Prbg.g_00717	Syal.g_01706
OG0001659	Syak	Prbg.g_00717	Syak.g_00842
OG0001659	Syaq	Prbg.g_00717	Syaq.g_00199
OG0001659	Syat	Prbg.g_00717	Syat.g_00219
OG0001659	Syan	Prbg.g_00717	Syan.g_02642
OG0001659	Syao	Prbg.g_00717	Syao.g_00020
OG0001659	Syap	Prbg.g_00717	Syap.g_01892
OG0001659	Syas	Prbg.g_00717	Syas.g_01118
OG0001659	Pral	Prbg.g_00717	Pral.g_00433
OG0001659	Pram	Prbg.g_00717	Pram.g_01264
OG0001659	Prbh	Prbg.g_00717	Prbh.g_01407
OG0001659	Prak	Prbg.g_00717	Prak.g_01517
OG0001659	Prap	Prbg.g_00717	Prap.g_01916
OG0001659	Prbe	Prbg.g_00717	Prbe.g_00008
OG0001659	Prbf	Prbg.g_00717	Prbf.g_00821
OG0001659	Prbn	Prbg.g_00717	Prbn.g_00143
OG0001661	Prai	Prbg.g_00425	Prai.g_01621
OG0001661	Prad	Prbg.g_00425	Prad.g_01191
OG0001661	Pras	Prbg.g_00425	Pras.g_00133
OG0001661	Praa	Prbg.g_00425	Praa.g_00410
OG0001661	Prau	Prbg.g_00425	Prau.g_00440
OG0001661	Pray	Prbg.g_00425	Pray.g_00905
OG0001661	Praz	Prbg.g_00425	Praz.g_01913
OG0001661	Prba	Prbg.g_00425	Prba.g_00921, Prba.g_01046
OG0001661	Syar	Prbg.g_00425	Syar.g_00911
OG0001661	Prah	Prbg.g_00425	Prah.g_01208
OG0001661	Praf	Prbg.g_00425	Praf.g_00966
OG0001661	Prbj	Prbg.g_00425	Prbj.g_00045, Prbj.g_00051
OG0001661	Prbk	Prbg.g_00425	Prbk.g_01663, Prbk.g_01668
OG0001661	Prbl	Prbg.g_00425	Prbl.g_01077, Prbl.g_01071
OG0001661	Prbm	Prbg.g_00425	Prbm.g_01108
OG0001661	Praj	Prbg.g_00425	Praj.g_01068
OG0001661	Prbb	Prbg.g_00425	Prbb.g_01112
OG0001661	Prbc	Prbg.g_00425	Prbc.g_02156
OG0001661	Pral	Prbg.g_00425	Pral.g_01865
OG0001661	Pram	Prbg.g_00425	Pram.g_00637
OG0001661	Prbh	Prbg.g_00425	Prbh.g_00781
OG0001661	Prat	Prbg.g_00425	Prat.g_01505
OG0001661	Prak	Prbg.g_00425	Prak.g_00650
OG0001661	Prap	Prbg.g_00425	Prap.g_00629
OG0001661	Prbe	Prbg.g_00425	Prbe.g_00703
OG0001661	Prbf	Prbg.g_00425	Prbf.g_00357
OG0001661	Prbn	Prbg.g_00425	Prbn.g_00792
OG0001663	Prai	Prbg.g_01505	Prai.g_01155
OG0001663	Prac	Prbg.g_01505	Prac.g_01002
OG0001663	Praq	Prbg.g_01505	Praq.g_01316
OG0001663	Prar	Prbg.g_01505	Prar.g_01280
OG0001663	Prbd	Prbg.g_01505	Prbd.g_00451
OG0001663	Prao	Prbg.g_01505	Prao.g_01106
OG0001663	Praa	Prbg.g_01505	Praa.g_01143
OG0001663	Prae	Prbg.g_01505	Prae.g_01146
OG0001663	Prbi	Prbg.g_01505	Prbi.g_01190
OG0001663	Prad	Prbg.g_01505	Prad.g_01513
OG0001663	Prax	Prbg.g_01505	Prax.g_00183
OG0001663	Pray	Prbg.g_01505	Pray.g_00081
OG0001663	Praz	Prbg.g_01505	Praz.g_00009
OG0001663	Prba	Prbg.g_01505	Prba.g_00081
OG0001663	Prag	Prbg.g_01505	Prag.g_01136
OG0001663	Praw	Prbg.g_01505	Praw.g_00217
OG0001663	Prav	Prbg.g_01505	Prav.g_00048
OG0001663	Pras	Prbg.g_01505	Pras.g_00039
OG0001663	Prau	Prbg.g_01505	Prau.g_01190
OG0001663	Praj	Prbg.g_01505	Praj.g_01478
OG0001663	Prbc	Prbg.g_01505	Prbc.g_01464
OG0001663	Prbm	Prbg.g_01505	Prbm.g_01567
OG0001663	Pral	Prbg.g_01505	Pral.g_01349
OG0001663	Prat	Prbg.g_01505	Prat.g_01173
OG0001663	Pram	Prbg.g_01505	Pram.g_01158
OG0001663	Prbh	Prbg.g_01505	Prbh.g_01301
OG0001663	Prak	Prbg.g_01505	Prak.g_01191
OG0001663	Prap	Prbg.g_01505	Prap.g_00475
OG0001663	Prbe	Prbg.g_01505	Prbe.g_01568
OG0001663	Prbf	Prbg.g_01505	Prbf.g_00899
OG0001663	Prbn	Prbg.g_01505	Prbn.g_01170
OG0001664	Prag	Prbg.g_00742	Prag.g_01268
OG0001664	Praw	Prbg.g_00742	Praw.g_00332
OG0001664	Prao	Prbg.g_00742	Prao.g_01350
OG0001664	Prav	Prbg.g_00742	Prav.g_01882
OG0001664	Praa	Prbg.g_00742	Praa.g_01246
OG0001664	Prai	Prbg.g_00742	Prai.g_01295
OG0001664	Prbi	Prbg.g_00742	Prbi.g_01770, Prbi.g_01317
OG0001664	Pray	Prbg.g_00742	Pray.g_01937
OG0001664	Praz	Prbg.g_00742	Praz.g_01248
OG0001664	Prba	Prbg.g_00742	Prba.g_01124
OG0001664	Prac	Prbg.g_00742	Prac.g_00143
OG0001664	Praq	Prbg.g_00742	Praq.g_00101
OG0001664	Prar	Prbg.g_00742	Prar.g_00987
OG0001664	Prbd	Prbg.g_00742	Prbd.g_01866
OG0001664	Prad	Prbg.g_00742	Prad.g_01202
OG0001664	Pras	Prbg.g_00742	Pras.g_00167
OG0001664	Prau	Prbg.g_00742	Prau.g_01336
OG0001664	Pral	Prbg.g_00742	Pral.g_00054
OG0001664	Prat	Prbg.g_00742	Prat.g_00381
OG0001664	Pram	Prbg.g_00742	Pram.g_01210
OG0001664	Prbh	Prbg.g_00742	Prbh.g_01353
OG0001664	Praj	Prbg.g_00742	Praj.g_01570
OG0001664	Prbb	Prbg.g_00742	Prbb.g_01634
OG0001664	Prbm	Prbg.g_00742	Prbm.g_01655
OG0001664	Prbc	Prbg.g_00742	Prbc.g_00652
OG0001664	Prak	Prbg.g_00742	Prak.g_01542
OG0001664	Prap	Prbg.g_00742	Prap.g_01890
OG0001664	Prbe	Prbg.g_00742	Prbe.g_00033
OG0001664	Prbf	Prbg.g_00742	Prbf.g_00795
OG0001664	Prbn	Prbg.g_00742	Prbn.g_01643
OG0001665	Prai	Prbg.g_01512	Prai.g_01298
OG0001665	Pray	Prbg.g_01512	Pray.g_01934
OG0001665	Praz	Prbg.g_01512	Praz.g_01245
OG0001665	Prba	Prbg.g_01512	Prba.g_01127
OG0001665	Prao	Prbg.g_01512	Prao.g_01347
OG0001665	Prag	Prbg.g_01512	Prag.g_01271
OG0001665	Praw	Prbg.g_01512	Praw.g_00335
OG0001665	Prav	Prbg.g_01512	Prav.g_01886
OG0001665	Prbi	Prbg.g_01512	Prbi.g_01320, Prbi.g_01767
OG0001665	Prac	Prbg.g_01512	Prac.g_00146
OG0001665	Praq	Prbg.g_01512	Praq.g_00104
OG0001665	Prar	Prbg.g_01512	Prar.g_00984
OG0001665	Praa	Prbg.g_01512	Praa.g_01249
OG0001665	Prbd	Prbg.g_01512	Prbd.g_01863
OG0001665	Pras	Prbg.g_01512	Pras.g_00170
OG0001665	Prad	Prbg.g_01512	Prad.g_01205
OG0001665	Prau	Prbg.g_01512	Prau.g_01339
OG0001665	Pral	Prbg.g_01512	Pral.g_01329
OG0001665	Prat	Prbg.g_01512	Prat.g_01195
OG0001665	Praj	Prbg.g_01512	Praj.g_01572
OG0001665	Prbc	Prbg.g_01512	Prbc.g_00654
OG0001665	Prbb	Prbg.g_01512	Prbb.g_01636
OG0001665	Prbm	Prbg.g_01512	Prbm.g_01657
OG0001665	Pram	Prbg.g_01512	Pram.g_01166
OG0001665	Prbh	Prbg.g_01512	Prbh.g_01309
OG0001665	Prak	Prbg.g_01512	Prak.g_01198
OG0001665	Prap	Prbg.g_01512	Prap.g_00482
OG0001665	Prbe	Prbg.g_01512	Prbe.g_01575
OG0001665	Prbf	Prbg.g_01512	Prbf.g_00892
OG0001665	Prbn	Prbg.g_01512	Prbn.g_01163
OG0001668	Prab	Prbg.g_01574, Prbg.g_01604	Prab.g_01607
OG0001668	Pran	Prbg.g_01574, Prbg.g_01604	Pran.g_00592
OG0001668	Prbc	Prbg.g_01574, Prbg.g_01604	Prbc.g_01486, Prbc.g_00895
OG0001668	Praj	Prbg.g_01574, Prbg.g_01604	Praj.g_01500, Praj.g_01831
OG0001668	Prbm	Prbg.g_01574, Prbg.g_01604	Prbm.g_01587, Prbm.g_01909
OG0001668	Prbb	Prbg.g_01574, Prbg.g_01604	Prbb.g_01556, Prbb.g_00881, Prbb.g_00883, Prbb.g_01886
OG0001668	Prag	Prbg.g_01574, Prbg.g_01604	Prag.g_01244, Prag.g_01653
OG0001668	Praw	Prbg.g_01574, Prbg.g_01604	Praw.g_00308, Praw.g_00499
OG0001668	Praa	Prbg.g_01574, Prbg.g_01604	Praa.g_01625
OG0001668	Prav	Prbg.g_01574, Prbg.g_01604	Prav.g_01747
OG0001668	Prbi	Prbg.g_01574, Prbg.g_01604	Prbi.g_01543, Prbi.g_01762
OG0001668	Prak	Prbg.g_01574	Prak.g_01569
OG0001668	Prap	Prbg.g_01574	Prap.g_01855
OG0001668	Prbe	Prbg.g_01574	Prbe.g_01126
OG0001668	Prbf	Prbg.g_01574	Prbf.g_00769
OG0001668	Prbn	Prbg.g_01574	Prbn.g_01669
OG0001668	Prak	Prbg.g_01604	Prak.g_01599
OG0001668	Prap	Prbg.g_01604	Prap.g_01825
OG0001668	Prbe	Prbg.g_01604	Prbe.g_01031
OG0001668	Prbf	Prbg.g_01604	Prbf.g_00739
OG0001668	Prbn	Prbg.g_01604	Prbn.g_01699
OG0001669	Syab	Prbg.g_00495, Prbg.g_01592	Syab.g_02892
OG0001669	Prai	Prbg.g_00495, Prbg.g_01592	Prai.g_00043
OG0001669	Prat	Prbg.g_00495, Prbg.g_01592	Prat.g_00041
OG0001669	Syan	Prbg.g_00495, Prbg.g_01592	Syan.g_02176
OG0001669	Syao	Prbg.g_00495, Prbg.g_01592	Syao.g_01817
OG0001669	Prab	Prbg.g_00495, Prbg.g_01592	Prab.g_01292
OG0001669	Pran	Prbg.g_00495, Prbg.g_01592	Pran.g_00910
OG0001669	Prao	Prbg.g_00495, Prbg.g_01592	Prao.g_00184
OG0001669	Prbd	Prbg.g_00495, Prbg.g_01592	Prbd.g_01712
OG0001669	Prak	Prbg.g_00495	Prak.g_01295
OG0001669	Prap	Prbg.g_00495	Prap.g_00579
OG0001669	Prbe	Prbg.g_00495	Prbe.g_00875
OG0001669	Prbf	Prbg.g_00495	Prbf.g_00008
OG0001669	Prbn	Prbg.g_00495	Prbn.g_01066
OG0001669	Prak	Prbg.g_01592	Prak.g_01587
OG0001669	Prap	Prbg.g_01592	Prap.g_01837
OG0001669	Prbe	Prbg.g_01592	Prbe.g_01043
OG0001669	Prbf	Prbg.g_01592	Prbf.g_00751
OG0001669	Prbn	Prbg.g_01592	Prbn.g_01687
OG0001676	Praj	Prbg.g_00108	Praj.g_00366
OG0001676	Prbm	Prbg.g_00108	Prbm.g_00386
OG0001676	Prbb	Prbg.g_00108	Prbb.g_00382
OG0001676	Prbc	Prbg.g_00108	Prbc.g_01223
OG0001676	Prbj	Prbg.g_00108	Prbj.g_00354
OG0001676	Prbk	Prbg.g_00108	Prbk.g_00858
OG0001676	Prbl	Prbg.g_00108	Prbl.g_01188
OG0001676	Praf	Prbg.g_00108	Praf.g_02068
OG0001676	Prah	Prbg.g_00108	Prah.g_01951
OG0001676	Syai	Prbg.g_00108	Syai.g_00444
OG0001676	Syaf	Prbg.g_00108	Syaf.g_00053
OG0001676	Syam	Prbg.g_00108	Syam.g_00412
OG0001676	Syab	Prbg.g_00108	Syab.g_00492
OG0001676	Syag	Prbg.g_00108	Syag.g_02815
OG0001676	Syac	Prbg.g_00108	Syac.g_02051
OG0001676	Syah	Prbg.g_00108	Syah.g_00826
OG0001676	Syad	Prbg.g_00108	Syad.g_00734
OG0001676	Syaj	Prbg.g_00108	Syaj.g_02779
OG0001676	Syak	Prbg.g_00108	Syak.g_01264
OG0001676	Syao	Prbg.g_00108	Syao.g_01895
OG0001676	Syae	Prbg.g_00108	Syae.g_02167
OG0001676	Syal	Prbg.g_00108	Syal.g_00320
OG0001676	Pral	Prbg.g_00108	Pral.g_00708
OG0001676	Prat	Prbg.g_00108	Prat.g_00338
OG0001676	Pram	Prbg.g_00108	Pram.g_00319
OG0001676	Prbh	Prbg.g_00108	Prbh.g_00448
OG0001676	Prak	Prbg.g_00108	Prak.g_00347
OG0001676	Prap	Prbg.g_00108	Prap.g_01381
OG0001676	Prbe	Prbg.g_00108	Prbe.g_01883
OG0001676	Prbf	Prbg.g_00108	Prbf.g_01669
OG0001676	Prbn	Prbg.g_00108	Prbn.g_00096
OG0001678	Praf	Prbg.g_01717	Praf.g_02198
OG0001678	Prah	Prbg.g_01717	Prah.g_02069
OG0001678	Syag	Prbg.g_01717	Syag.g_02692
OG0001678	Syaq	Prbg.g_01717	Syaq.g_00691
OG0001678	Syab	Prbg.g_01717	Syab.g_00370
OG0001678	Syal	Prbg.g_01717	Syal.g_00197
OG0001678	Syak	Prbg.g_01717	Syak.g_01389
OG0001678	Syan	Prbg.g_01717	Syan.g_02109
OG0001678	Syao	Prbg.g_01717	Syao.g_01938
OG0001678	Syar	Prbg.g_01717	Syar.g_00144
OG0001678	Syat	Prbg.g_01717	Syat.g_01859
OG0001678	Syap	Prbg.g_01717	Syap.g_02678
OG0001678	Syas	Prbg.g_01717	Syas.g_01666
OG0001678	Syai	Prbg.g_01717	Syai.g_00322
OG0001678	Syaf	Prbg.g_01717	Syaf.g_00174
OG0001678	Syam	Prbg.g_01717	Syam.g_00291
OG0001678	Syaa	Prbg.g_01717	Syaa.g_02348
OG0001678	Syac	Prbg.g_01717	Syac.g_02188
OG0001678	Syah	Prbg.g_01717	Syah.g_00691
OG0001678	Syae	Prbg.g_01717	Syae.g_02035
OG0001678	Syad	Prbg.g_01717	Syad.g_00593
OG0001678	Syaj	Prbg.g_01717	Syaj.g_02640
OG0001678	Pral	Prbg.g_01717	Pral.g_00174
OG0001678	Prat	Prbg.g_01717	Prat.g_01659
OG0001678	Pram	Prbg.g_01717	Pram.g_01699
OG0001678	Prbh	Prbg.g_01717	Prbh.g_01715
OG0001678	Prak	Prbg.g_01717	Prak.g_01712
OG0001678	Prap	Prbg.g_01717	Prap.g_01711
OG0001678	Prbe	Prbg.g_01717	Prbe.g_00918
OG0001678	Prbf	Prbg.g_01717	Prbf.g_00626
OG0001678	Prbn	Prbg.g_01717	Prbn.g_01813
OG0001679	Syaq	Prbg.g_00113	Syaq.g_02436
OG0001679	Syak	Prbg.g_00113	Syak.g_00549
OG0001679	Syai	Prbg.g_00113	Syai.g_00756
OG0001679	Syaf	Prbg.g_00113	Syaf.g_02602, Syaf.g_02601
OG0001679	Syae	Prbg.g_00113	Syae.g_02424
OG0001679	Syac	Prbg.g_00113	Syac.g_01788
OG0001679	Syah	Prbg.g_00113	Syah.g_01114
OG0001679	Syab	Prbg.g_00113	Syab.g_02475, Syab.g_01425
OG0001679	Syal	Prbg.g_00113	Syal.g_00794, Syal.g_02034
OG0001679	Syaj	Prbg.g_00113	Syaj.g_00205
OG0001679	Syad	Prbg.g_00113	Syad.g_01038, Syad.g_01037
OG0001679	Syat	Prbg.g_00113	Syat.g_02946
OG0001679	Syap	Prbg.g_00113	Syap.g_02521
OG0001679	Syas	Prbg.g_00113	Syas.g_02407
OG0001679	Syar	Prbg.g_00113	Syar.g_00032
OG0001679	Syan	Prbg.g_00113	Syan.g_02307
OG0001679	Syao	Prbg.g_00113	Syao.g_02566, Syao.g_02565
OG0001679	Pral	Prbg.g_00113	Pral.g_00703
OG0001679	Prat	Prbg.g_00113	Prat.g_00343
OG0001679	Pram	Prbg.g_00113	Pram.g_00324
OG0001679	Prbh	Prbg.g_00113	Prbh.g_00443
OG0001679	Prak	Prbg.g_00113	Prak.g_00352
OG0001679	Prap	Prbg.g_00113	Prap.g_01376
OG0001679	Prbe	Prbg.g_00113	Prbe.g_01888
OG0001679	Prbf	Prbg.g_00113	Prbf.g_01674
OG0001679	Prbn	Prbg.g_00113	Prbn.g_00101
OG0001684	Prab	Prbg.g_00308	Prab.g_00593
OG0001684	Pran	Prbg.g_00308	Pran.g_01589
OG0001684	Prai	Prbg.g_00308	Prai.g_01275, Prai.g_00617
OG0001684	Prac	Prbg.g_00308	Prac.g_01965, Prac.g_00784
OG0001684	Prau	Prbg.g_00308	Prau.g_01674
OG0001684	Praq	Prbg.g_00308	Praq.g_01014
OG0001684	Prar	Prbg.g_00308	Prar.g_01418
OG0001684	Prad	Prbg.g_00308	Prad.g_01378
OG0001684	Prae	Prbg.g_00308	Prae.g_00563
OG0001684	Prbi	Prbg.g_00308	Prbi.g_00591
OG0001684	Praa	Prbg.g_00308	Praa.g_00589
OG0001684	Prag	Prbg.g_00308	Prag.g_00567
OG0001684	Praw	Prbg.g_00308	Praw.g_01936
OG0001684	Praj	Prbg.g_00308	Praj.g_00374
OG0001684	Prbb	Prbg.g_00308	Prbb.g_00390
OG0001684	Prbc	Prbg.g_00308	Prbc.g_01231
OG0001684	Prbm	Prbg.g_00308	Prbm.g_00396
OG0001684	Praf	Prbg.g_00308	Praf.g_00737
OG0001684	Prbj	Prbg.g_00308	Prbj.g_01783
OG0001684	Prbk	Prbg.g_00308	Prbk.g_01128
OG0001684	Prbl	Prbg.g_00308	Prbl.g_01777
OG0001684	Prah	Prbg.g_00308	Prah.g_01419
OG0001684	Pral	Prbg.g_00308	Pral.g_00500
OG0001684	Prak	Prbg.g_00308	Prak.g_00550
OG0001684	Prap	Prbg.g_00308	Prap.g_01179
OG0001684	Prbe	Prbg.g_00308	Prbe.g_00545
OG0001684	Prbf	Prbg.g_00308	Prbf.g_01871
OG0001684	Prbn	Prbg.g_00308	Prbn.g_00526
OG0001685	Prab	Prbg.g_00362	Prab.g_00902
OG0001685	Pran	Prbg.g_00362	Pran.g_01281
OG0001685	Prai	Prbg.g_00362	Prai.g_00785
OG0001685	Prag	Prbg.g_00362	Prag.g_00867
OG0001685	Praw	Prbg.g_00362	Praw.g_01636
OG0001685	Prac	Prbg.g_00362	Prac.g_01413
OG0001685	Praq	Prbg.g_00362	Praq.g_01461
OG0001685	Prar	Prbg.g_00362	Prar.g_01747
OG0001685	Prav	Prbg.g_00362	Prav.g_00459
OG0001685	Prad	Prbg.g_00362	Prad.g_00285
OG0001685	Prao	Prbg.g_00362	Prao.g_00804
OG0001685	Prbi	Prbg.g_00362	Prbi.g_00910
OG0001685	Prae	Prbg.g_00362	Prae.g_00868
OG0001685	Prax	Prbg.g_00362	Prax.g_00310
OG0001685	Prbd	Prbg.g_00362	Prbd.g_00165
OG0001685	Pray	Prbg.g_00362	Pray.g_00411
OG0001685	Praz	Prbg.g_00362	Praz.g_01449
OG0001685	Prba	Prbg.g_00362	Prba.g_01436
OG0001685	Praa	Prbg.g_00362	Praa.g_00867
OG0001685	Pras	Prbg.g_00362	Pras.g_01763
OG0001685	Prau	Prbg.g_00362	Prau.g_00917
OG0001685	Pral	Prbg.g_00362	Pral.g_00448
OG0001685	Prat	Prbg.g_00362	Prat.g_00833
OG0001685	Pram	Prbg.g_00362	Pram.g_00581
OG0001685	Prbh	Prbg.g_00362	Prbh.g_01440
OG0001685	Prak	Prbg.g_00362	Prak.g_00604
OG0001685	Prap	Prbg.g_00362	Prap.g_01125
OG0001685	Prbe	Prbg.g_00362	Prbe.g_00491
OG0001685	Prbf	Prbg.g_00362	Prbf.g_01925
OG0001685	Prbn	Prbg.g_00362	Prbn.g_00472
OG0001686	Prab	Prbg.g_01526	Prab.g_00962
OG0001686	Pran	Prbg.g_01526	Pran.g_00535
OG0001686	Prai	Prbg.g_01526	Prai.g_00951
OG0001686	Prac	Prbg.g_01526	Prac.g_01289
OG0001686	Praq	Prbg.g_01526	Praq.g_01586
OG0001686	Prar	Prbg.g_01526	Prar.g_01871
OG0001686	Prao	Prbg.g_01526	Prao.g_00941
OG0001686	Prav	Prbg.g_01526	Prav.g_00900
OG0001686	Prbd	Prbg.g_01526	Prbd.g_00307
OG0001686	Prbi	Prbg.g_01526	Prbi.g_01053
OG0001686	Prae	Prbg.g_01526	Prae.g_01007
OG0001686	Prad	Prbg.g_01526	Prad.g_00146
OG0001686	Pray	Prbg.g_01526	Pray.g_00551
OG0001686	Praz	Prbg.g_01526	Praz.g_01310
OG0001686	Prba	Prbg.g_01526	Prba.g_01297
OG0001686	Pras	Prbg.g_01526	Pras.g_01901
OG0001686	Prau	Prbg.g_01526	Prau.g_01056
OG0001686	Prag	Prbg.g_01526	Prag.g_01003
OG0001686	Praw	Prbg.g_01526	Praw.g_01500
OG0001686	Prax	Prbg.g_01526	Prax.g_01171
OG0001686	Praa	Prbg.g_01526	Praa.g_01006
OG0001686	Pral	Prbg.g_01526	Pral.g_01330
OG0001686	Prat	Prbg.g_01526	Prat.g_01194
OG0001686	Pram	Prbg.g_01526	Pram.g_01179
OG0001686	Prbh	Prbg.g_01526	Prbh.g_01322
OG0001686	Prak	Prbg.g_01526	Prak.g_01212
OG0001686	Prap	Prbg.g_01526	Prap.g_00496
OG0001686	Prbe	Prbg.g_01526	Prbe.g_01589
OG0001686	Prbf	Prbg.g_01526	Prbf.g_00878
OG0001686	Prbn	Prbg.g_01526	Prbn.g_01149
OG0001687	Prab	Prbg.g_00181	Prab.g_01109
OG0001687	Pran	Prbg.g_00181	Pran.g_00170
OG0001687	Prai	Prbg.g_00181	Prai.g_01072
OG0001687	Prad	Prbg.g_00181	Prad.g_01006
OG0001687	Prag	Prbg.g_00181	Prag.g_01048
OG0001687	Praw	Prbg.g_00181	Praw.g_01455
OG0001687	Prbd	Prbg.g_00181	Prbd.g_00353
OG0001687	Prae	Prbg.g_00181	Prae.g_01053
OG0001687	Prax	Prbg.g_00181	Prax.g_01217
OG0001687	Prac	Prbg.g_00181	Prac.g_01243
OG0001687	Praq	Prbg.g_00181	Praq.g_01631
OG0001687	Prar	Prbg.g_00181	Prar.g_01917
OG0001687	Prbi	Prbg.g_00181	Prbi.g_01099
OG0001687	Praa	Prbg.g_00181	Praa.g_01052
OG0001687	Pras	Prbg.g_00181	Pras.g_01947
OG0001687	Prau	Prbg.g_00181	Prau.g_01101
OG0001687	Prao	Prbg.g_00181	Prao.g_00990
OG0001687	Pray	Prbg.g_00181	Pray.g_00597
OG0001687	Praz	Prbg.g_00181	Praz.g_00079
OG0001687	Prba	Prbg.g_00181	Prba.g_01251
OG0001687	Prav	Prbg.g_00181	Prav.g_00223
OG0001687	Pral	Prbg.g_00181	Pral.g_00630
OG0001687	Prat	Prbg.g_00181	Prat.g_00420
OG0001687	Pram	Prbg.g_00181	Pram.g_00398
OG0001687	Prbh	Prbg.g_00181	Prbh.g_00369
OG0001687	Prak	Prbg.g_00181	Prak.g_00423
OG0001687	Prap	Prbg.g_00181	Prap.g_01305
OG0001687	Prbe	Prbg.g_00181	Prbe.g_00671
OG0001687	Prbf	Prbg.g_00181	Prbf.g_01745
OG0001687	Prbn	Prbg.g_00181	Prbn.g_00652
OG0001689	Prab	Prbg.g_01857	Prab.g_01866
OG0001689	Pran	Prbg.g_01857	Pran.g_01169
OG0001689	Prai	Prbg.g_01857	Prai.g_01847
OG0001689	Prad	Prbg.g_01857	Prad.g_01622
OG0001689	Pray	Prbg.g_01857	Pray.g_01373
OG0001689	Praz	Prbg.g_01857	Praz.g_00196
OG0001689	Prba	Prbg.g_01857	Prba.g_00777
OG0001689	Prao	Prbg.g_01857	Prao.g_01752
OG0001689	Prag	Prbg.g_01857	Prag.g_01870
OG0001689	Praw	Prbg.g_01857	Praw.g_00030
OG0001689	Prav	Prbg.g_01857	Prav.g_00698
OG0001689	Prae	Prbg.g_01857	Prae.g_01824
OG0001689	Praa	Prbg.g_01857	Praa.g_01841
OG0001689	Prax	Prbg.g_01857	Prax.g_01403
OG0001689	Prbd	Prbg.g_01857	Prbd.g_01326
OG0001689	Prbi	Prbg.g_01857	Prbi.g_02003
OG0001689	Pras	Prbg.g_01857	Pras.g_00752
OG0001689	Prau	Prbg.g_01857	Prau.g_01934
OG0001689	Prbc	Prbg.g_01857	Prbc.g_00200
OG0001689	Praj	Prbg.g_01857	Praj.g_02023
OG0001689	Prbb	Prbg.g_01857	Prbb.g_02072
OG0001689	Pral	Prbg.g_01857	Pral.g_00315
OG0001689	Prat	Prbg.g_01857	Prat.g_01798
OG0001689	Pram	Prbg.g_01857	Pram.g_01843
OG0001689	Prbh	Prbg.g_01857	Prbh.g_01571
OG0001689	Prak	Prbg.g_01857	Prak.g_01852
OG0001689	Prap	Prbg.g_01857	Prap.g_01570
OG0001689	Prbe	Prbg.g_01857	Prbe.g_00764
OG0001689	Prbf	Prbg.g_01857	Prbf.g_00485
OG0001689	Prbn	Prbg.g_01857	Prbn.g_00986
OG0001691	Prbb	Prbg.g_01248	Prbb.g_01056
OG0001691	Prbm	Prbg.g_01248	Prbm.g_01050
OG0001691	Praj	Prbg.g_01248	Praj.g_01010
OG0001691	Prbc	Prbg.g_01248	Prbc.g_02099
OG0001691	Pral	Prbg.g_01248	Pral.g_01574
OG0001691	Syan	Prbg.g_01248	Syan.g_01609
OG0001691	Prbj	Prbg.g_01248	Prbj.g_02325
OG0001691	Prbk	Prbg.g_01248	Prbk.g_02381
OG0001691	Prbl	Prbg.g_01248	Prbl.g_02422
OG0001691	Praf	Prbg.g_01248	Praf.g_01446
OG0001691	Prah	Prbg.g_01248	Prah.g_00742
OG0001691	Syao	Prbg.g_01248	Syao.g_00729
OG0001691	Syae	Prbg.g_01248	Syae.g_00044
OG0001691	Syad	Prbg.g_01248	Syad.g_02182
OG0001691	Syaj	Prbg.g_01248	Syaj.g_01312
OG0001691	Syac	Prbg.g_01248	Syac.g_00950
OG0001691	Syah	Prbg.g_01248	Syah.g_01965
OG0001691	Syaf	Prbg.g_01248	Syaf.g_02349
OG0001691	Syai	Prbg.g_01248	Syai.g_01064
OG0001691	Syam	Prbg.g_01248	Syam.g_01497
OG0001691	Syag	Prbg.g_01248	Syag.g_00486
OG0001691	Syaa	Prbg.g_01248	Syaa.g_01665
OG0001691	Prat	Prbg.g_01248	Prat.g_00952
OG0001691	Pram	Prbg.g_01248	Pram.g_00902
OG0001691	Prbh	Prbg.g_01248	Prbh.g_01045
OG0001691	Prak	Prbg.g_01248	Prak.g_00934
OG0001691	Prap	Prbg.g_01248	Prap.g_00694
OG0001691	Prbe	Prbg.g_01248	Prbe.g_01311
OG0001691	Prbf	Prbg.g_01248	Prbf.g_01156
OG0001691	Prbn	Prbg.g_01248	Prbn.g_01457
OG0001693	Praf	Prbg.g_01594	Praf.g_02009
OG0001693	Prah	Prbg.g_01594	Prah.g_00212
OG0001693	Prbj	Prbg.g_01594	Prbj.g_00070
OG0001693	Prbk	Prbg.g_01594	Prbk.g_00358
OG0001693	Prbl	Prbg.g_01594	Prbl.g_00682
OG0001693	Syas	Prbg.g_01594	Syas.g_01022
OG0001693	Syak	Prbg.g_01594	Syak.g_00735, Syak.g_00733
OG0001693	Syaq	Prbg.g_01594	Syaq.g_02678
OG0001693	Syag	Prbg.g_01594	Syag.g_00976
OG0001693	Syab	Prbg.g_01594	Syab.g_01209
OG0001693	Syan	Prbg.g_01594	Syan.g_00196
OG0001693	Syao	Prbg.g_01594	Syao.g_00389
OG0001693	Syal	Prbg.g_01594	Syal.g_01822
OG0001693	Syaa	Prbg.g_01594	Syaa.g_00880
OG0001693	Syaf	Prbg.g_01594	Syaf.g_01443
OG0001693	Syam	Prbg.g_01594	Syam.g_00775
OG0001693	Syad	Prbg.g_01594	Syad.g_01291
OG0001693	Syaj	Prbg.g_01594	Syaj.g_00428
OG0001693	Syae	Prbg.g_01594	Syae.g_00792
OG0001693	Syac	Prbg.g_01594	Syac.g_00885
OG0001693	Syah	Prbg.g_01594	Syah.g_02029
OG0001693	Pram	Prbg.g_01594	Pram.g_00661
OG0001693	Prbh	Prbg.g_01594	Prbh.g_00805
OG0001693	Prat	Prbg.g_01594	Prat.g_00625
OG0001693	Prak	Prbg.g_01594	Prak.g_01589
OG0001693	Prap	Prbg.g_01594	Prap.g_01835
OG0001693	Prbe	Prbg.g_01594	Prbe.g_01041
OG0001693	Prbf	Prbg.g_01594	Prbf.g_00749
OG0001693	Prbn	Prbg.g_01594	Prbn.g_01689
OG0001697	Pras	Prbg.g_01252	Pras.g_01771
OG0001697	Prab	Prbg.g_01252	Prab.g_01101
OG0001697	Pran	Prbg.g_01252	Pran.g_00178
OG0001697	Praa	Prbg.g_01252	Praa.g_00875
OG0001697	Prau	Prbg.g_01252	Prau.g_00925
OG0001697	Pray	Prbg.g_01252	Pray.g_00419
OG0001697	Praz	Prbg.g_01252	Praz.g_01441
OG0001697	Prba	Prbg.g_01252	Prba.g_01428
OG0001697	Prad	Prbg.g_01252	Prad.g_00277
OG0001697	Prax	Prbg.g_01252	Prax.g_00302
OG0001697	Prag	Prbg.g_01252	Prag.g_00875
OG0001697	Praw	Prbg.g_01252	Praw.g_01628
OG0001697	Prao	Prbg.g_01252	Prao.g_00811
OG0001697	Prac	Prbg.g_01252	Prac.g_01406
OG0001697	Praq	Prbg.g_01252	Praq.g_01468
OG0001697	Prar	Prbg.g_01252	Prar.g_01754
OG0001697	Prbd	Prbg.g_01252	Prbd.g_00173
OG0001697	Prbm	Prbg.g_01252	Prbm.g_00953
OG0001697	Prbc	Prbg.g_01252	Prbc.g_02001
OG0001697	Praj	Prbg.g_01252	Praj.g_00911
OG0001697	Prbb	Prbg.g_01252	Prbb.g_00956
OG0001697	Prat	Prbg.g_01252	Prat.g_00857
OG0001697	Pram	Prbg.g_01252	Pram.g_00906
OG0001697	Prbh	Prbg.g_01252	Prbh.g_01049
OG0001697	Prak	Prbg.g_01252	Prak.g_00938
OG0001697	Prap	Prbg.g_01252	Prap.g_00690
OG0001697	Prbe	Prbg.g_01252	Prbe.g_01315
OG0001697	Prbf	Prbg.g_01252	Prbf.g_01152
OG0001697	Prbn	Prbg.g_01252	Prbn.g_01453
OG0001699	Prai	Prbg.g_00748	Prai.g_01618
OG0001699	Praa	Prbg.g_00748	Praa.g_01237
OG0001699	Prbd	Prbg.g_00748	Prbd.g_01912
OG0001699	Pray	Prbg.g_00748	Pray.g_01574
OG0001699	Praz	Prbg.g_00748	Praz.g_00892
OG0001699	Prba	Prbg.g_00748	Prba.g_00241
OG0001699	Prau	Prbg.g_00748	Prau.g_01683, Prau.g_01667
OG0001699	Prad	Prbg.g_00748	Prad.g_01318, Prad.g_01985
OG0001699	Pras	Prbg.g_00748	Pras.g_00510, Pras.g_00495
OG0001699	Prac	Prbg.g_00748	Prac.g_01577, Prac.g_00275
OG0001699	Praq	Prbg.g_00748	Praq.g_00566
OG0001699	Prar	Prbg.g_00748	Prar.g_01582, Prar.g_00711
OG0001699	Praj	Prbg.g_00748	Praj.g_00453
OG0001699	Prbm	Prbg.g_00748	Prbm.g_00486
OG0001699	Prbb	Prbg.g_00748	Prbb.g_00464
OG0001699	Prbc	Prbg.g_00748	Prbc.g_01520
OG0001699	Pram	Prbg.g_00748	Pram.g_00362
OG0001699	Prbh	Prbg.g_00748	Prbh.g_00405
OG0001699	Prat	Prbg.g_00748	Prat.g_01237
OG0001699	Prak	Prbg.g_00748	Prak.g_01549
OG0001699	Prap	Prbg.g_00748	Prap.g_01884
OG0001699	Prbe	Prbg.g_00748	Prbe.g_00040
OG0001699	Prbf	Prbg.g_00748	Prbf.g_00789
OG0001699	Prbn	Prbg.g_00748	Prbn.g_01649
OG0001701	Prad	Prbg.g_00812	Prad.g_00375
OG0001701	Pray	Prbg.g_00812	Pray.g_01233
OG0001701	Praz	Prbg.g_00812	Praz.g_00336
OG0001701	Prba	Prbg.g_00812	Prba.g_00356
OG0001701	Prao	Prbg.g_00812	Prao.g_01614
OG0001701	Prac	Prbg.g_00812	Prac.g_00475
OG0001701	Praq	Prbg.g_00812	Praq.g_00952
OG0001701	Prar	Prbg.g_00812	Prar.g_01115
OG0001701	Prag	Prbg.g_00812	Prag.g_01731
OG0001701	Praw	Prbg.g_00812	Praw.g_01918
OG0001701	Prav	Prbg.g_00812	Prav.g_00267
OG0001701	Prae	Prbg.g_00812	Prae.g_01685
OG0001701	Prax	Prbg.g_00812	Prax.g_01261
OG0001701	Pras	Prbg.g_00812	Pras.g_00612
OG0001701	Prau	Prbg.g_00812	Prau.g_01793, Prau.g_01273
OG0001701	Prbi	Prbg.g_00812	Prbi.g_01279
OG0001701	Prab	Prbg.g_00812	Prab.g_01730
OG0001701	Pran	Prbg.g_00812	Pran.g_01031
OG0001701	Prai	Prbg.g_00812	Prai.g_01700
OG0001701	Syao	Prbg.g_00812	Syao.g_02561
OG0001701	Syat	Prbg.g_00812	Syat.g_02905
OG0001701	Pram	Prbg.g_00812	Pram.g_00042
OG0001701	Prbh	Prbg.g_00812	Prbh.g_00725
OG0001701	Prak	Prbg.g_00812	Prak.g_00062
OG0001701	Prap	Prbg.g_00812	Prap.g_00893
OG0001701	Prbe	Prbg.g_00812	Prbe.g_00162
OG0001701	Prbf	Prbg.g_00812	Prbf.g_01384
OG0001701	Prbn	Prbg.g_00812	Prbn.g_00720
OG0001705	Prab	Prbg.g_01712	Prab.g_00390
OG0001705	Pran	Prbg.g_01712	Pran.g_01793
OG0001705	Prai	Prbg.g_01712	Prai.g_00414
OG0001705	Prac	Prbg.g_01712	Prac.g_01132
OG0001705	Praq	Prbg.g_01712	Praq.g_01142
OG0001705	Prar	Prbg.g_01712	Prar.g_00463
OG0001705	Pras	Prbg.g_01712	Pras.g_01255
OG0001705	Prau	Prbg.g_01712	Prau.g_00406
OG0001705	Prag	Prbg.g_01712	Prag.g_00389
OG0001705	Praw	Prbg.g_01712	Praw.g_00737
OG0001705	Prav	Prbg.g_01712	Prav.g_01011
OG0001705	Prad	Prbg.g_01712	Prad.g_00701
OG0001705	Prbd	Prbg.g_01712	Prbd.g_00840
OG0001705	Prae	Prbg.g_01712	Prae.g_00395
OG0001705	Prao	Prbg.g_01712	Prao.g_00528
OG0001705	Pray	Prbg.g_01712	Pray.g_00881
OG0001705	Praz	Prbg.g_01712	Praz.g_00771
OG0001705	Prba	Prbg.g_01712	Prba.g_00897
OG0001705	Praa	Prbg.g_01712	Praa.g_00394
OG0001705	Prax	Prbg.g_01712	Prax.g_00778
OG0001705	Prbi	Prbg.g_01712	Prbi.g_00422
OG0001705	Pram	Prbg.g_01712	Pram.g_01694
OG0001705	Prbh	Prbg.g_01712	Prbh.g_01720
OG0001705	Prak	Prbg.g_01712	Prak.g_01707
OG0001705	Prap	Prbg.g_01712	Prap.g_01716
OG0001705	Prbe	Prbg.g_01712	Prbe.g_00923
OG0001705	Prbf	Prbg.g_01712	Prbf.g_00631
OG0001705	Prbn	Prbg.g_01712	Prbn.g_01808
OG0001706	Prae	Prbg.g_00732	Prae.g_00999
OG0001706	Prax	Prbg.g_00732	Prax.g_01163
OG0001706	Prbi	Prbg.g_00732	Prbi.g_01044
OG0001706	Praa	Prbg.g_00732	Praa.g_00998
OG0001706	Prav	Prbg.g_00732	Prav.g_00891
OG0001706	Prad	Prbg.g_00732	Prad.g_01189
OG0001706	Prbd	Prbg.g_00732	Prbd.g_01901
OG0001706	Prao	Prbg.g_00732	Prao.g_00005
OG0001706	Prag	Prbg.g_00732	Prag.g_00716
OG0001706	Praw	Prbg.g_00732	Praw.g_01785
OG0001706	Prau	Prbg.g_00732	Prau.g_00779
OG0001706	Prac	Prbg.g_00732	Prac.g_00915
OG0001706	Praq	Prbg.g_00732	Praq.g_01404
OG0001706	Prar	Prbg.g_00732	Prar.g_01196
OG0001706	Pram	Prbg.g_00732	Pram.g_00641
OG0001706	Prbh	Prbg.g_00732	Prbh.g_00785
OG0001706	Prbb	Prbg.g_00732	Prbb.g_01281
OG0001706	Prbc	Prbg.g_00732	Prbc.g_00527, Prbc.g_01311
OG0001706	Praj	Prbg.g_00732	Praj.g_01238
OG0001706	Prbm	Prbg.g_00732	Prbm.g_01347
OG0001706	Prat	Prbg.g_00732	Prat.g_00460
OG0001706	Pral	Prbg.g_00732	Pral.g_00425
OG0001706	Prak	Prbg.g_00732	Prak.g_01532
OG0001706	Prap	Prbg.g_00732	Prap.g_01901
OG0001706	Prbe	Prbg.g_00732	Prbe.g_00023
OG0001706	Prbf	Prbg.g_00732	Prbf.g_00806
OG0001706	Prbn	Prbg.g_00732	Prbn.g_00128
OG0001707	Prav	Prbg.g_01533	Prav.g_00249
OG0001707	Prbd	Prbg.g_01533	Prbd.g_00377
OG0001707	Prbi	Prbg.g_01533	Prbi.g_01124
OG0001707	Prab	Prbg.g_01533	Prab.g_01132
OG0001707	Pran	Prbg.g_01533	Pran.g_00147
OG0001707	Prao	Prbg.g_01533	Prao.g_01013
OG0001707	Prac	Prbg.g_01533	Prac.g_01219
OG0001707	Praq	Prbg.g_01533	Praq.g_01655
OG0001707	Prar	Prbg.g_01533	Prar.g_01941
OG0001707	Prai	Prbg.g_01533	Prai.g_01095
OG0001707	Praa	Prbg.g_01533	Praa.g_01077
OG0001707	Prae	Prbg.g_01533	Prae.g_01078
OG0001707	Prag	Prbg.g_01533	Prag.g_01073
OG0001707	Praw	Prbg.g_01533	Praw.g_01430
OG0001707	Prax	Prbg.g_01533	Prax.g_01242
OG0001707	Pray	Prbg.g_01533	Pray.g_00620
OG0001707	Praz	Prbg.g_01533	Praz.g_00102
OG0001707	Prba	Prbg.g_01533	Prba.g_01228
OG0001707	Prad	Prbg.g_01533	Prad.g_00984
OG0001707	Pral	Prbg.g_01533	Pral.g_01325
OG0001707	Prat	Prbg.g_01533	Prat.g_01198
OG0001707	Pram	Prbg.g_01533	Pram.g_01187
OG0001707	Prbh	Prbg.g_01533	Prbh.g_01330
OG0001707	Prak	Prbg.g_01533	Prak.g_01219
OG0001707	Prap	Prbg.g_01533	Prap.g_00503
OG0001707	Prbe	Prbg.g_01533	Prbe.g_01596
OG0001707	Prbf	Prbg.g_01533	Prbf.g_00871
OG0001707	Prbn	Prbg.g_01533	Prbn.g_01142
OG0001709	Prag	Prbg.g_00567	Prag.g_01469
OG0001709	Praw	Prbg.g_00567	Praw.g_01102
OG0001709	Prau	Prbg.g_00567	Prau.g_01477
OG0001709	Pray	Prbg.g_00567	Pray.g_01742
OG0001709	Praz	Prbg.g_00567	Praz.g_01061
OG0001709	Prba	Prbg.g_00567	Prba.g_00117
OG0001709	Prad	Prbg.g_00567	Prad.g_00535
OG0001709	Pram	Prbg.g_00567	Pram.g_01400
OG0001709	Prbh	Prbg.g_00567	Prbh.g_00077
OG0001709	Prav	Prbg.g_00567	Prav.g_01559
OG0001709	Prao	Prbg.g_00567	Prao.g_01196
OG0001709	Praa	Prbg.g_00567	Praa.g_01398
OG0001709	Pras	Prbg.g_00567	Pras.g_00293
OG0001709	Prac	Prbg.g_00567	Prac.g_00260
OG0001709	Praq	Prbg.g_00567	Praq.g_00220
OG0001709	Prar	Prbg.g_00567	Prar.g_00868
OG0001709	Prax	Prbg.g_00567	Prax.g_01821
OG0001709	Prbi	Prbg.g_00567	Prbi.g_01498
OG0001709	Prbb	Prbg.g_00567	Prbb.g_00875
OG0001709	Syab	Prbg.g_00567	Syab.g_00162
OG0001709	Syaa	Prbg.g_00567	Syaa.g_00453
OG0001709	Syag	Prbg.g_00567	Syag.g_02478
OG0001709	Syaq	Prbg.g_00567	Syaq.g_00943
OG0001709	Prap	Prbg.g_00567	Prap.g_00097
OG0001709	Prak	Prbg.g_00567	Prak.g_01367
OG0001709	Prbe	Prbg.g_00567	Prbe.g_00335
OG0001709	Prbf	Prbg.g_00567	Prbf.g_00133
OG0001709	Prbn	Prbg.g_00567	Prbn.g_00188
OG0001710	Prab	Prbg.g_00375	Prab.g_01749
OG0001710	Pran	Prbg.g_00375	Pran.g_01051
OG0001710	Prai	Prbg.g_00375	Prai.g_01719
OG0001710	Prao	Prbg.g_00375	Prao.g_01633
OG0001710	Pras	Prbg.g_00375	Pras.g_00631
OG0001710	Prac	Prbg.g_00375	Prac.g_00494
OG0001710	Praq	Prbg.g_00375	Praq.g_00933
OG0001710	Prar	Prbg.g_00375	Prar.g_01096
OG0001710	Prad	Prbg.g_00375	Prad.g_00861
OG0001710	Prau	Prbg.g_00375	Prau.g_01812
OG0001710	Prbd	Prbg.g_00375	Prbd.g_01445
OG0001710	Prbi	Prbg.g_00375	Prbi.g_01867
OG0001710	Prae	Prbg.g_00375	Prae.g_01704
OG0001710	Prax	Prbg.g_00375	Prax.g_01280
OG0001710	Pray	Prbg.g_00375	Pray.g_01252
OG0001710	Praz	Prbg.g_00375	Praz.g_00317
OG0001710	Prba	Prbg.g_00375	Prba.g_00375
OG0001710	Prag	Prbg.g_00375	Prag.g_01750
OG0001710	Praw	Prbg.g_00375	Praw.g_01899
OG0001710	Praa	Prbg.g_00375	Praa.g_01717
OG0001710	Prav	Prbg.g_00375	Prav.g_00286
OG0001710	Prbc	Prbg.g_00375	Prbc.g_01135
OG0001710	Prbm	Prbg.g_00375	Prbm.g_00079
OG0001710	Prak	Prbg.g_00375	Prak.g_00617
OG0001710	Prap	Prbg.g_00375	Prap.g_01112
OG0001710	Prbe	Prbg.g_00375	Prbe.g_00478
OG0001710	Prbf	Prbg.g_00375	Prbf.g_01938
OG0001710	Prbn	Prbg.g_00375	Prbn.g_00459
OG0001717	Syak	Prbg.g_00391	Syak.g_02104
OG0001717	Syab	Prbg.g_00391	Syab.g_02588
OG0001717	Syal	Prbg.g_00391	Syal.g_00910
OG0001717	Syag	Prbg.g_00391	Syag.g_01976
OG0001717	Syat	Prbg.g_00391	Syat.g_02860
OG0001717	Syar	Prbg.g_00391	Syar.g_00103
OG0001717	Syas	Prbg.g_00391	Syas.g_02330
OG0001717	Syan	Prbg.g_00391	Syan.g_03034
OG0001717	Syao	Prbg.g_00391	Syao.g_02505
OG0001717	Syap	Prbg.g_00391	Syap.g_01200
OG0001717	Syaf	Prbg.g_00391	Syaf.g_00809
OG0001717	Syai	Prbg.g_00391	Syai.g_02632
OG0001717	Syam	Prbg.g_00391	Syam.g_02215
OG0001717	Syaa	Prbg.g_00391	Syaa.g_02476
OG0001717	Syae	Prbg.g_00391	Syae.g_01451
OG0001717	Syac	Prbg.g_00391	Syac.g_00306
OG0001717	Syah	Prbg.g_00391	Syah.g_00076
OG0001717	Syad	Prbg.g_00391	Syad.g_02901
OG0001717	Syaj	Prbg.g_00391	Syaj.g_01988
OG0001717	Pral	Prbg.g_00391	Pral.g_00876
OG0001717	Prat	Prbg.g_00391	Prat.g_00168
OG0001717	Pram	Prbg.g_00391	Pram.g_00678
OG0001717	Prbh	Prbg.g_00391	Prbh.g_00822
OG0001717	Prak	Prbg.g_00391	Prak.g_00684
OG0001717	Prap	Prbg.g_00391	Prap.g_00594
OG0001717	Prbe	Prbg.g_00391	Prbe.g_00737
OG0001717	Prbf	Prbg.g_00391	Prbf.g_00323
OG0001717	Prbn	Prbg.g_00391	Prbn.g_00826
OG0001722	Prab	Prbg.g_01066	Prab.g_01080
OG0001722	Pran	Prbg.g_01066	Pran.g_00417
OG0001722	Prac	Prbg.g_01066	Prac.g_01397
OG0001722	Praq	Prbg.g_01066	Praq.g_01477
OG0001722	Prar	Prbg.g_01066	Prar.g_01763
OG0001722	Prao	Prbg.g_01066	Prao.g_00833
OG0001722	Prav	Prbg.g_01066	Prav.g_00486
OG0001722	Pras	Prbg.g_01066	Pras.g_01790
OG0001722	Prau	Prbg.g_01066	Prau.g_00945
OG0001722	Prae	Prbg.g_01066	Prae.g_00896
OG0001722	Prbi	Prbg.g_01066	Prbi.g_00938
OG0001722	Prax	Prbg.g_01066	Prax.g_00549
OG0001722	Praa	Prbg.g_01066	Praa.g_00895
OG0001722	Praj	Prbg.g_01066	Praj.g_00871
OG0001722	Prbb	Prbg.g_01066	Prbb.g_00916
OG0001722	Prbc	Prbg.g_01066	Prbc.g_01961
OG0001722	Prbm	Prbg.g_01066	Prbm.g_00913
OG0001722	Prat	Prbg.g_01066	Prat.g_00698
OG0001722	Syal	Prbg.g_01066	Syal.g_00730
OG0001722	Pral	Prbg.g_01066	Pral.g_01816
OG0001722	Pram	Prbg.g_01066	Pram.g_00716
OG0001722	Prbh	Prbg.g_01066	Prbh.g_00860
OG0001722	Prak	Prbg.g_01066	Prak.g_00752
OG0001722	Prap	Prbg.g_01066	Prap.g_00656
OG0001722	Prbe	Prbg.g_01066	Prbe.g_00109
OG0001722	Prbf	Prbg.g_01066	Prbf.g_00834
OG0001722	Prbn	Prbg.g_01066	Prbn.g_01926
OG0001725	Prab	Prbg.g_00728	Prab.g_00380
OG0001725	Pran	Prbg.g_00728	Pran.g_01803
OG0001725	Prai	Prbg.g_00728	Prai.g_00401
OG0001725	Prad	Prbg.g_00728	Prad.g_00722
OG0001725	Pras	Prbg.g_00728	Pras.g_01241
OG0001725	Prau	Prbg.g_00728	Prau.g_00392
OG0001725	Prac	Prbg.g_00728	Prac.g_01146
OG0001725	Praq	Prbg.g_00728	Praq.g_01156
OG0001725	Prar	Prbg.g_00728	Prar.g_00449
OG0001725	Prag	Prbg.g_00728	Prag.g_00381
OG0001725	Praw	Prbg.g_00728	Praw.g_00745
OG0001725	Pray	Prbg.g_00728	Pray.g_00867
OG0001725	Praz	Prbg.g_00728	Praz.g_00785
OG0001725	Prba	Prbg.g_00728	Prba.g_00883
OG0001725	Prbd	Prbg.g_00728	Prbd.g_00850
OG0001725	Prax	Prbg.g_00728	Prax.g_00788
OG0001725	Prbi	Prbg.g_00728	Prbi.g_00413
OG0001725	Pral	Prbg.g_00728	Pral.g_00035
OG0001725	Prbc	Prbg.g_00728	Prbc.g_00078
OG0001725	Prbm	Prbg.g_00728	Prbm.g_01285
OG0001725	Pram	Prbg.g_00728	Pram.g_00628
OG0001725	Prbh	Prbg.g_00728	Prbh.g_00772
OG0001725	Prak	Prbg.g_00728	Prak.g_01528
OG0001725	Prap	Prbg.g_00728	Prap.g_01905
OG0001725	Prbe	Prbg.g_00728	Prbe.g_00019
OG0001725	Prbf	Prbg.g_00728	Prbf.g_00810
OG0001725	Prbn	Prbg.g_00728	Prbn.g_00132
OG0001727	Pras	Prbg.g_00024, Prbg.g_01570	Pras.g_00536
OG0001727	Prau	Prbg.g_00024, Prbg.g_01570	Prau.g_01710
OG0001727	Prax	Prbg.g_00024, Prbg.g_01570	Prax.g_01578
OG0001727	Prad	Prbg.g_00024, Prbg.g_01570	Prad.g_00075, Prad.g_00962
OG0001727	Prbi	Prbg.g_00024, Prbg.g_01570	Prbi.g_01751
OG0001727	Praj	Prbg.g_00024, Prbg.g_01570	Praj.g_01293
OG0001727	Prbb	Prbg.g_00024, Prbg.g_01570	Prbb.g_01338
OG0001727	Prbc	Prbg.g_00024, Prbg.g_01570	Prbc.g_00630
OG0001727	Prbm	Prbg.g_00024, Prbg.g_01570	Prbm.g_01250
OG0001727	Prat	Prbg.g_00024, Prbg.g_01570	Prat.g_00656
OG0001727	Prak	Prbg.g_00024	Prak.g_00710
OG0001727	Prap	Prbg.g_00024	Prap.g_00018
OG0001727	Prbe	Prbg.g_00024	Prbe.g_00073
OG0001727	Prbf	Prbg.g_00024	Prbf.g_00298
OG0001727	Prbn	Prbg.g_00024	Prbn.g_01041
OG0001727	Pral	Prbg.g_01570	Pral.g_01854
OG0001727	Pram	Prbg.g_01570	Pram.g_01562
OG0001727	Prbh	Prbg.g_01570	Prbh.g_01852
OG0001727	Prak	Prbg.g_01570	Prak.g_01565
OG0001727	Prap	Prbg.g_01570	Prap.g_01859
OG0001727	Prbe	Prbg.g_01570	Prbe.g_01122
OG0001727	Prbf	Prbg.g_01570	Prbf.g_00773
OG0001727	Prbn	Prbg.g_01570	Prbn.g_01665
OG0001733	Prbm	Prbg.g_01634	Prbm.g_01421
OG0001733	Praj	Prbg.g_01634	Praj.g_01107
OG0001733	Prbb	Prbg.g_01634	Prbb.g_01152
OG0001733	Praf	Prbg.g_01634	Praf.g_01029
OG0001733	Syar	Prbg.g_01634	Syar.g_00179
OG0001733	Syat	Prbg.g_01634	Syat.g_01048
OG0001733	Syap	Prbg.g_01634	Syap.g_00794
OG0001733	Syas	Prbg.g_01634	Syas.g_00974
OG0001733	Syao	Prbg.g_01634	Syao.g_00310
OG0001733	Syan	Prbg.g_01634	Syan.g_00275
OG0001733	Syah	Prbg.g_01634	Syah.g_01514
OG0001733	Syal	Prbg.g_01634	Syal.g_02213
OG0001733	Syag	Prbg.g_01634	Syag.g_00597
OG0001733	Syai	Prbg.g_01634	Syai.g_01247
OG0001733	Syaf	Prbg.g_01634	Syaf.g_02119
OG0001733	Syam	Prbg.g_01634	Syam.g_01219
OG0001733	Syad	Prbg.g_01634	Syad.g_01602
OG0001733	Syaj	Prbg.g_01634	Syaj.g_00726
OG0001733	Syaa	Prbg.g_01634	Syaa.g_01080
OG0001733	Syae	Prbg.g_01634	Syae.g_00589
OG0001733	Syak	Prbg.g_01634	Syak.g_00359
OG0001733	Syaq	Prbg.g_01634	Syaq.g_02256
OG0001733	Prak	Prbg.g_01634	Prak.g_01629
OG0001733	Prap	Prbg.g_01634	Prap.g_01795
OG0001733	Prbe	Prbg.g_01634	Prbe.g_01001
OG0001733	Prbf	Prbg.g_01634	Prbf.g_00709
OG0001733	Prbn	Prbg.g_01634	Prbn.g_01729
OG0001746	Prau	Prbg.g_00731	Prau.g_01296
OG0001746	Prai	Prbg.g_00731	Prai.g_01260
OG0001746	Prac	Prbg.g_00731	Prac.g_00907
OG0001746	Praq	Prbg.g_00731	Praq.g_00074
OG0001746	Prar	Prbg.g_00731	Prar.g_01188
OG0001746	Pras	Prbg.g_00731	Pras.g_00130
OG0001746	Prad	Prbg.g_00731	Prad.g_00082
OG0001746	Praj	Prbg.g_00731	Praj.g_01168
OG0001746	Prbb	Prbg.g_00731	Prbb.g_01210
OG0001746	Prbc	Prbg.g_00731	Prbc.g_00146
OG0001746	Prbm	Prbg.g_00731	Prbm.g_01184
OG0001746	Pram	Prbg.g_00731	Pram.g_01257
OG0001746	Prbh	Prbg.g_00731	Prbh.g_01400
OG0001746	Syae	Prbg.g_00731	Syae.g_01064
OG0001746	Prat	Prbg.g_00731	Prat.g_01517
OG0001746	Praf	Prbg.g_00731	Praf.g_02007
OG0001746	Prah	Prbg.g_00731	Prah.g_00213
OG0001746	Prbj	Prbg.g_00731	Prbj.g_00071
OG0001746	Prbk	Prbg.g_00731	Prbk.g_00357
OG0001746	Prbl	Prbg.g_00731	Prbl.g_00681
OG0001746	Pral	Prbg.g_00731	Pral.g_00434
OG0001746	Prak	Prbg.g_00731	Prak.g_01531
OG0001746	Prap	Prbg.g_00731	Prap.g_01902
OG0001746	Prbe	Prbg.g_00731	Prbe.g_00022
OG0001746	Prbf	Prbg.g_00731	Prbf.g_00807
OG0001746	Prbn	Prbg.g_00731	Prbn.g_00129
OG0001747	Prad	Prbg.g_00146	Prad.g_00089
OG0001747	Syab	Prbg.g_00146	Syab.g_02559
OG0001747	Syak	Prbg.g_00146	Syak.g_02134, Syak.g_02135
OG0001747	Syan	Prbg.g_00146	Syan.g_01930, Syan.g_02260
OG0001747	Prbj	Prbg.g_00146	Prbj.g_00549
OG0001747	Prbk	Prbg.g_00146	Prbk.g_00745
OG0001747	Prbl	Prbg.g_00146	Prbl.g_00309
OG0001747	Praf	Prbg.g_00146	Praf.g_02425
OG0001747	Prah	Prbg.g_00146	Prah.g_02276
OG0001747	Syag	Prbg.g_00146	Syag.g_01945
OG0001747	Syaq	Prbg.g_00146	Syaq.g_01432
OG0001747	Syaa	Prbg.g_00146	Syaa.g_02442
OG0001747	Syac	Prbg.g_00146	Syac.g_00337
OG0001747	Syah	Prbg.g_00146	Syah.g_00044
OG0001747	Syaf	Prbg.g_00146	Syaf.g_00841
OG0001747	Syai	Prbg.g_00146	Syai.g_02600
OG0001747	Syae	Prbg.g_00146	Syae.g_01422
OG0001747	Syad	Prbg.g_00146	Syad.g_02871
OG0001747	Syaj	Prbg.g_00146	Syaj.g_01958
OG0001747	Prak	Prbg.g_00146	Prak.g_00388
OG0001747	Prap	Prbg.g_00146	Prap.g_01340
OG0001747	Prbe	Prbg.g_00146	Prbe.g_01924
OG0001747	Prbf	Prbg.g_00146	Prbf.g_01710
OG0001747	Prbn	Prbg.g_00146	Prbn.g_00687
OG0001757	Prbc	Prbg.g_00392, Prbg.g_00418	Prbc.g_00112
OG0001757	Prbm	Prbg.g_00392, Prbg.g_00418	Prbm.g_01152
OG0001757	Praj	Prbg.g_00392, Prbg.g_00418	Praj.g_01135
OG0001757	Prbb	Prbg.g_00392, Prbg.g_00418	Prbb.g_01176
OG0001757	Prah	Prbg.g_00392, Prbg.g_00418	Prah.g_01198
OG0001757	Praf	Prbg.g_00392, Prbg.g_00418	Praf.g_00985
OG0001757	Prbj	Prbg.g_00392, Prbg.g_00418	Prbj.g_00315, Prbj.g_02170, Prbj.g_00673
OG0001757	Prbk	Prbg.g_00392, Prbg.g_00418	Prbk.g_00171, Prbk.g_01677
OG0001757	Prbl	Prbg.g_00392, Prbg.g_00418	Prbl.g_02597, Prbl.g_01709
OG0001757	Prat	Prbg.g_00392, Prbg.g_00418	Prat.g_00630
OG0001757	Prak	Prbg.g_00392	Prak.g_00683
OG0001757	Prap	Prbg.g_00392	Prap.g_00595
OG0001757	Prbe	Prbg.g_00392	Prbe.g_00736
OG0001757	Prbf	Prbg.g_00392	Prbf.g_00324
OG0001757	Prbn	Prbg.g_00392	Prbn.g_00825
OG0001757	Pral	Prbg.g_00418	Pral.g_01900
OG0001757	Prak	Prbg.g_00418	Prak.g_00657
OG0001757	Prap	Prbg.g_00418	Prap.g_00622
OG0001757	Prbe	Prbg.g_00418	Prbe.g_00710
OG0001757	Prbf	Prbg.g_00418	Prbf.g_00350
OG0001757	Prbn	Prbg.g_00418	Prbn.g_00799
OG0001758	Prao	Prbg.g_01628	Prao.g_01541
OG0001758	Prbi	Prbg.g_01628	Prbi.g_01756
OG0001758	Prbb	Prbg.g_01628	Prbb.g_01572
OG0001758	Prbc	Prbg.g_01628	Prbc.g_00020, Prbc.g_00552
OG0001758	Prbm	Prbg.g_01628	Prbm.g_01903
OG0001758	Praf	Prbg.g_01628	Praf.g_01061
OG0001758	Prah	Prbg.g_01628	Prah.g_01121
OG0001758	Syab	Prbg.g_01628	Syab.g_01483
OG0001758	Syac	Prbg.g_01628	Syac.g_01440
OG0001758	Syah	Prbg.g_01628	Syah.g_01464
OG0001758	Syag	Prbg.g_01628	Syag.g_00524
OG0001758	Syam	Prbg.g_01628	Syam.g_00551
OG0001758	Syai	Prbg.g_01628	Syai.g_01708
OG0001758	Syaf	Prbg.g_01628	Syaf.g_01645
OG0001758	Syak	Prbg.g_01628	Syak.g_00292
OG0001758	Syad	Prbg.g_01628	Syad.g_01546
OG0001758	Syae	Prbg.g_01628	Syae.g_00620
OG0001758	Syaj	Prbg.g_01628	Syaj.g_00665
OG0001758	Pram	Prbg.g_01628	Pram.g_01615
OG0001758	Prbh	Prbg.g_01628	Prbh.g_01799
OG0001758	Prak	Prbg.g_01628	Prak.g_01623
OG0001758	Prap	Prbg.g_01628	Prap.g_01801
OG0001758	Prbe	Prbg.g_01628	Prbe.g_01007
OG0001758	Prbf	Prbg.g_01628	Prbf.g_00715
OG0001758	Prbn	Prbg.g_01628	Prbn.g_01723
OG0001769	Prbb	Prbg.g_01538	Prbb.g_01441
OG0001769	Praj	Prbg.g_01538	Praj.g_01387
OG0001769	Prbc	Prbg.g_01538	Prbc.g_01372
OG0001769	Prbm	Prbg.g_01538	Prbm.g_01474
OG0001769	Prat	Prbg.g_01538	Prat.g_01222
OG0001769	Syat	Prbg.g_01538	Syat.g_00373
OG0001769	Syar	Prbg.g_01538	Syar.g_02437
OG0001769	Syan	Prbg.g_01538	Syan.g_00794
OG0001769	Syao	Prbg.g_01538	Syao.g_00916
OG0001769	Syap	Prbg.g_01538	Syap.g_00643
OG0001769	Syas	Prbg.g_01538	Syas.g_00723
OG0001769	Syaa	Prbg.g_01538	Syaa.g_01614
OG0001769	Syae	Prbg.g_01538	Syae.g_00093
OG0001769	Syad	Prbg.g_01538	Syad.g_02133
OG0001769	Syaj	Prbg.g_01538	Syaj.g_01264
OG0001769	Syak	Prbg.g_01538	Syak.g_00972
OG0001769	Syac	Prbg.g_01538	Syac.g_00998
OG0001769	Syah	Prbg.g_01538	Syah.g_01915
OG0001769	Syaf	Prbg.g_01538	Syaf.g_02291
OG0001769	Syai	Prbg.g_01538	Syai.g_01123
OG0001769	Syam	Prbg.g_01538	Syam.g_01449
OG0001769	Prak	Prbg.g_01538	Prak.g_01224
OG0001769	Prap	Prbg.g_01538	Prap.g_00508
OG0001769	Prbe	Prbg.g_01538	Prbe.g_01601
OG0001769	Prbf	Prbg.g_01538	Prbf.g_00866
OG0001769	Prbn	Prbg.g_01538	Prbn.g_01137
OG0001770	Prbi	Prbg.g_01565	Prbi.g_01537
OG0001770	Prbm	Prbg.g_01565	Prbm.g_01904
OG0001770	Prbc	Prbg.g_01565	Prbc.g_00021, Prbc.g_01364
OG0001770	Syaq	Prbg.g_01565	Syaq.g_02165
OG0001770	Syab	Prbg.g_01565	Syab.g_01743
OG0001770	Syal	Prbg.g_01565	Syal.g_02501
OG0001770	Syaf	Prbg.g_01565	Syaf.g_01631
OG0001770	Syag	Prbg.g_01565	Syag.g_00523
OG0001770	Syaj	Prbg.g_01565	Syaj.g_02409
OG0001770	Syak	Prbg.g_01565	Syak.g_00323
OG0001770	Syaa	Prbg.g_01565	Syaa.g_00115
OG0001770	Syae	Prbg.g_01565	Syae.g_00617
OG0001770	Syac	Prbg.g_01565	Syac.g_01454
OG0001770	Syah	Prbg.g_01565	Syah.g_01448
OG0001770	Pral	Prbg.g_01565	Pral.g_00001, Pral.g_00027, Pral.g_00028
OG0001770	Pram	Prbg.g_01565	Pram.g_01612
OG0001770	Prbh	Prbg.g_01565	Prbh.g_01802
OG0001770	Prat	Prbg.g_01565	Prat.g_01553
OG0001770	Prak	Prbg.g_01565	Prak.g_01560
OG0001770	Prap	Prbg.g_01565	Prap.g_01864
OG0001770	Prbe	Prbg.g_01565	Prbe.g_01117
OG0001770	Prbf	Prbg.g_01565	Prbf.g_00778
OG0001770	Prbn	Prbg.g_01565	Prbn.g_01660
OG0001771	Syap	Prbg.g_01577	Syap.g_00329
OG0001771	Syak	Prbg.g_01577	Syak.g_00145
OG0001771	Syad	Prbg.g_01577	Syad.g_02075
OG0001771	Syaa	Prbg.g_01577	Syaa.g_01514
OG0001771	Syae	Prbg.g_01577	Syae.g_00183
OG0001771	Syaj	Prbg.g_01577	Syaj.g_00669
OG0001771	Syag	Prbg.g_01577	Syag.g_00180
OG0001771	Syaf	Prbg.g_01577	Syaf.g_01656
OG0001771	Syai	Prbg.g_01577	Syai.g_01697, Syai.g_01134
OG0001771	Syam	Prbg.g_01577	Syam.g_00958
OG0001771	Syan	Prbg.g_01577	Syan.g_01176
OG0001771	Syao	Prbg.g_01577	Syao.g_01406
OG0001771	Syar	Prbg.g_01577	Syar.g_02677
OG0001771	Syas	Prbg.g_01577	Syas.g_00034
OG0001771	Syat	Prbg.g_01577	Syat.g_01094
OG0001771	Syac	Prbg.g_01577	Syac.g_00851
OG0001771	Syah	Prbg.g_01577	Syah.g_02078
OG0001771	Prat	Prbg.g_01577	Prat.g_01576
OG0001771	Pram	Prbg.g_01577	Pram.g_01571
OG0001771	Prbh	Prbg.g_01577	Prbh.g_01843
OG0001771	Prak	Prbg.g_01577	Prak.g_01572
OG0001771	Prap	Prbg.g_01577	Prap.g_01852
OG0001771	Prbe	Prbg.g_01577	Prbe.g_01129
OG0001771	Prbf	Prbg.g_01577	Prbf.g_00766
OG0001771	Prbn	Prbg.g_01577	Prbn.g_01672
OG0001780	Prac	Prbg.g_00558	Prac.g_00268
OG0001780	Praq	Prbg.g_00558	Praq.g_00228
OG0001780	Prar	Prbg.g_00558	Prar.g_00860
OG0001780	Prax	Prbg.g_00558	Prax.g_01813
OG0001780	Prag	Prbg.g_00558	Prag.g_01449, Prag.g_01461
OG0001780	Praw	Prbg.g_00558	Praw.g_01122, Praw.g_01110
OG0001780	Prbi	Prbg.g_00558	Prbi.g_01471
OG0001780	Pram	Prbg.g_00558	Pram.g_01421
OG0001780	Prbh	Prbg.g_00558	Prbh.g_00056
OG0001780	Pray	Prbg.g_00558	Pray.g_01772
OG0001780	Praz	Prbg.g_00558	Praz.g_01082
OG0001780	Prba	Prbg.g_00558	Prba.g_00138
OG0001780	Prav	Prbg.g_00558	Prav.g_01515
OG0001780	Praf	Prbg.g_00558	Praf.g_00099
OG0001780	Syad	Prbg.g_00558	Syad.g_00288
OG0001780	Praa	Prbg.g_00558	Praa.g_01438
OG0001780	Prab	Prbg.g_00558	Prab.g_01401
OG0001780	Pran	Prbg.g_00558	Pran.g_00799
OG0001780	Prak	Prbg.g_00558	Prak.g_01358
OG0001780	Prap	Prbg.g_00558	Prap.g_00088
OG0001780	Prbe	Prbg.g_00558	Prbe.g_00344
OG0001780	Prbf	Prbg.g_00558	Prbf.g_00124
OG0001780	Prbn	Prbg.g_00558	Prbn.g_00179
OG0001793	Prbc	Prbg.g_00440, Prbg.g_00034	Prbc.g_01324
OG0001793	Praj	Prbg.g_00440, Prbg.g_00034	Praj.g_01250
OG0001793	Prbb	Prbg.g_00440, Prbg.g_00034	Prbb.g_01295
OG0001793	Prbm	Prbg.g_00440, Prbg.g_00034	Prbm.g_01360
OG0001793	Praf	Prbg.g_00440, Prbg.g_00034	Praf.g_01015
OG0001793	Prbj	Prbg.g_00440, Prbg.g_00034	Prbj.g_00698
OG0001793	Prbk	Prbg.g_00440, Prbg.g_00034	Prbk.g_01702
OG0001793	Prbl	Prbg.g_00440, Prbg.g_00034	Prbl.g_01684
OG0001793	Prah	Prbg.g_00440, Prbg.g_00034	Prah.g_01174
OG0001793	Pral	Prbg.g_00440, Prbg.g_00034	Pral.g_00423
OG0001793	Pram	Prbg.g_00440	Pram.g_00646
OG0001793	Prbh	Prbg.g_00440	Prbh.g_00790
OG0001793	Prak	Prbg.g_00440	Prak.g_00634
OG0001793	Prap	Prbg.g_00440	Prap.g_00645
OG0001793	Prbe	Prbg.g_00440	Prbe.g_00687
OG0001793	Prbf	Prbg.g_00440	Prbf.g_00373
OG0001793	Prbn	Prbg.g_00440	Prbn.g_00776
OG0001793	Pram	Prbg.g_00034	Pram.g_00623
OG0001793	Prbh	Prbg.g_00034	Prbh.g_00767
OG0001793	Prak	Prbg.g_00034	Prak.g_00700
OG0001793	Prap	Prbg.g_00034	Prap.g_00008
OG0001793	Prbe	Prbg.g_00034	Prbe.g_00083
OG0001793	Prbf	Prbg.g_00034	Prbf.g_00308
OG0001793	Prbn	Prbg.g_00034	Prbn.g_01051
OG0001795	Prah	Prbg.g_01617, Prbg.g_01049	Prah.g_01049
OG0001795	Praf	Prbg.g_01617, Prbg.g_01049	Praf.g_01144
OG0001795	Prbj	Prbg.g_01617, Prbg.g_01049	Prbj.g_00779
OG0001795	Prbk	Prbg.g_01617, Prbg.g_01049	Prbk.g_01787
OG0001795	Prbl	Prbg.g_01617, Prbg.g_01049	Prbl.g_00047
OG0001795	Syad	Prbg.g_01617, Prbg.g_01049	Syad.g_00817
OG0001795	Syaj	Prbg.g_01617, Prbg.g_01049	Syaj.g_02873
OG0001795	Syah	Prbg.g_01617, Prbg.g_01049	Syah.g_01461
OG0001795	Syac	Prbg.g_01617, Prbg.g_01049	Syac.g_01443
OG0001795	Syam	Prbg.g_01617, Prbg.g_01049	Syam.g_01940
OG0001795	Prat	Prbg.g_01617, Prbg.g_01049	Prat.g_00675
OG0001795	Pral	Prbg.g_01617, Prbg.g_01049	Pral.g_01836
OG0001795	Pram	Prbg.g_01617, Prbg.g_01049	Pram.g_00700
OG0001795	Prbh	Prbg.g_01617, Prbg.g_01049	Prbh.g_00844
OG0001795	Prak	Prbg.g_01617	Prak.g_01612
OG0001795	Prap	Prbg.g_01617	Prap.g_01812
OG0001795	Prbe	Prbg.g_01617	Prbe.g_01018
OG0001795	Prbf	Prbg.g_01617	Prbf.g_00726
OG0001795	Prbn	Prbg.g_01617	Prbn.g_01712
OG0001795	Prak	Prbg.g_01049	Prak.g_00735
OG0001795	Prap	Prbg.g_01049	Prap.g_00673
OG0001795	Prbe	Prbg.g_01049	Prbe.g_00092
OG0001795	Prbf	Prbg.g_01049	Prbf.g_00851
OG0001795	Prbn	Prbg.g_01049	Prbn.g_01943
OG0001802	Prbm	Prbg.g_00402, Prbg.g_01545	Prbm.g_02054
OG0001802	Prbb	Prbg.g_00402, Prbg.g_01545	Prbb.g_02021
OG0001802	Praj	Prbg.g_00402, Prbg.g_01545	Praj.g_01972
OG0001802	Prbc	Prbg.g_00402, Prbg.g_01545	Prbc.g_00251
OG0001802	Pral	Prbg.g_00402, Prbg.g_01545	Pral.g_00030
OG0001802	Prah	Prbg.g_00402, Prbg.g_01545	Prah.g_00317
OG0001802	Praf	Prbg.g_00402, Prbg.g_01545	Praf.g_01903
OG0001802	Prbj	Prbg.g_00402, Prbg.g_01545	Prbj.g_00125
OG0001802	Prbk	Prbg.g_00402, Prbg.g_01545	Prbk.g_02116
OG0001802	Prbl	Prbg.g_00402, Prbg.g_01545	Prbl.g_01337
OG0001802	Pram	Prbg.g_00402	Pram.g_00657
OG0001802	Prbh	Prbg.g_00402	Prbh.g_00801
OG0001802	Prak	Prbg.g_00402	Prak.g_00673
OG0001802	Prap	Prbg.g_00402	Prap.g_00605
OG0001802	Prbe	Prbg.g_00402	Prbe.g_00726
OG0001802	Prbf	Prbg.g_00402	Prbf.g_00334
OG0001802	Prbn	Prbg.g_00402	Prbn.g_00815
OG0001802	Pram	Prbg.g_01545	Pram.g_01194
OG0001802	Prbh	Prbg.g_01545	Prbh.g_01337
OG0001802	Prak	Prbg.g_01545	Prak.g_01231
OG0001802	Prap	Prbg.g_01545	Prap.g_00515
OG0001802	Prbe	Prbg.g_01545	Prbe.g_01608
OG0001802	Prbf	Prbg.g_01545	Prbf.g_00859
OG0001802	Prbn	Prbg.g_01545	Prbn.g_01130
OG0001807	Syal	Prbg.g_00815	Syal.g_01337
OG0001807	Syaa	Prbg.g_00815	Syaa.g_00176
OG0001807	Syaf	Prbg.g_00815	Syaf.g_00334
OG0001807	Syat	Prbg.g_00815	Syat.g_02090
OG0001807	Syan	Prbg.g_00815	Syan.g_01955
OG0001807	Syah	Prbg.g_00815	Syah.g_00170
OG0001807	Syac	Prbg.g_00815	Syac.g_00208
OG0001807	Prah	Prbg.g_00815	Prah.g_02218
OG0001807	Syag	Prbg.g_00815	Syag.g_02452
OG0001807	Syaq	Prbg.g_00815	Syaq.g_00968
OG0001807	Syai	Prbg.g_00815	Syai.g_00177
OG0001807	Praf	Prbg.g_00815	Praf.g_02365
OG0001807	Prbj	Prbg.g_00815	Prbj.g_01486
OG0001807	Prbk	Prbg.g_00815	Prbk.g_00498
OG0001807	Prbl	Prbg.g_00815	Prbl.g_00871
OG0001807	Syab	Prbg.g_00815	Syab.g_00215
OG0001807	Syak	Prbg.g_00815	Syak.g_01548
OG0001807	Syae	Prbg.g_00815	Syae.g_01887
OG0001807	Syad	Prbg.g_00815	Syad.g_00435
OG0001807	Syaj	Prbg.g_00815	Syaj.g_02477
OG0001807	Prak	Prbg.g_00815	Prak.g_00059
OG0001807	Prap	Prbg.g_00815	Prap.g_00896
OG0001807	Prbe	Prbg.g_00815	Prbe.g_00159
OG0001807	Prbf	Prbg.g_00815	Prbf.g_01381
OG0001807	Prbn	Prbg.g_00815	Prbn.g_00723
OG0001820	Pras	Prbg.g_00023	Pras.g_01642
OG0001820	Prab	Prbg.g_00023	Prab.g_01301
OG0001820	Pran	Prbg.g_00023	Pran.g_00901
OG0001820	Prai	Prbg.g_00023	Prai.g_01306
OG0001820	Praa	Prbg.g_00023	Praa.g_00744, Praa.g_01254
OG0001820	Prae	Prbg.g_00023	Prae.g_00744
OG0001820	Prax	Prbg.g_00023	Prax.g_00435, Prax.g_01961
OG0001820	Prbd	Prbg.g_00023	Prbd.g_00041, Prbd.g_01896
OG0001820	Prad	Prbg.g_00023	Prad.g_01073, Prad.g_01084
OG0001820	Prav	Prbg.g_00023	Prav.g_01381
OG0001820	Prbi	Prbg.g_00023	Prbi.g_01328
OG0001820	Praj	Prbg.g_00023	Praj.g_01178
OG0001820	Prbc	Prbg.g_00023	Prbc.g_00155
OG0001820	Prbm	Prbg.g_00023	Prbm.g_01193
OG0001820	Prbb	Prbg.g_00023	Prbb.g_01220
OG0001820	Prak	Prbg.g_00023	Prak.g_00711
OG0001820	Prap	Prbg.g_00023	Prap.g_00019
OG0001820	Prbe	Prbg.g_00023	Prbe.g_00072
OG0001820	Prbf	Prbg.g_00023	Prbf.g_00297
OG0001820	Prbn	Prbg.g_00023	Prbn.g_01040
OG0001834	Prau	Prbg.g_00555	Prau.g_01454
OG0001834	Pram	Prbg.g_00555	Pram.g_01442
OG0001834	Prbh	Prbg.g_00555	Prbh.g_00035
OG0001834	Prac	Prbg.g_00555	Prac.g_00264
OG0001834	Praq	Prbg.g_00555	Praq.g_00224
OG0001834	Prar	Prbg.g_00555	Prar.g_00864
OG0001834	Prax	Prbg.g_00555	Prax.g_01817
OG0001834	Prav	Prbg.g_00555	Prav.g_01517
OG0001834	Prbi	Prbg.g_00555	Prbi.g_01469
OG0001834	Prag	Prbg.g_00555	Prag.g_01447
OG0001834	Praw	Prbg.g_00555	Praw.g_01074
OG0001834	Pray	Prbg.g_00555	Pray.g_01775
OG0001834	Praz	Prbg.g_00555	Praz.g_01085
OG0001834	Prba	Prbg.g_00555	Prba.g_00141, Prba.g_00142
OG0001834	Praf	Prbg.g_00555	Praf.g_00097
OG0001834	Praa	Prbg.g_00555	Praa.g_01436
OG0001834	Prab	Prbg.g_00555	Prab.g_01398
OG0001834	Pran	Prbg.g_00555	Pran.g_00802
OG0001834	Prak	Prbg.g_00555	Prak.g_01355
OG0001834	Prap	Prbg.g_00555	Prap.g_00085
OG0001834	Prbe	Prbg.g_00555	Prbe.g_00347
OG0001834	Prbf	Prbg.g_00555	Prbf.g_00121
OG0001834	Prbn	Prbg.g_00555	Prbn.g_00176
OG0001836	Prad	Prbg.g_00525	Prad.g_00087
OG0001836	Prak	Prbg.g_00525	Prak.g_01325
OG0001836	Prap	Prbg.g_00525	Prap.g_01948
OG0001836	Prbe	Prbg.g_00525	Prbe.g_00377
OG0001836	Prbf	Prbg.g_00525	Prbf.g_00091
OG0001836	Prbn	Prbg.g_00525	Prbn.g_01236
OG0001836	Prac	Prbg.g_00526	Prac.g_00887
OG0001836	Praq	Prbg.g_00526	Praq.g_00053
OG0001836	Prar	Prbg.g_00526	Prar.g_01167
OG0001836	Prav	Prbg.g_00526	Prav.g_00950, Prav.g_01367
OG0001836	Prau	Prbg.g_00526	Prau.g_01278
OG0001836	Syam	Prbg.g_00526	Syam.g_00760
OG0001836	Prad	Prbg.g_00526	Prad.g_00310
OG0001836	Prag	Prbg.g_00526	Prag.g_01274, Prag.g_01221
OG0001836	Praw	Prbg.g_00526	Praw.g_00338, Praw.g_00902
OG0001836	Prak	Prbg.g_00526	Prak.g_01326
OG0001836	Prap	Prbg.g_00526	Prap.g_01949
OG0001836	Prbe	Prbg.g_00526	Prbe.g_00376
OG0001836	Prbf	Prbg.g_00526	Prbf.g_00092
OG0001836	Prbn	Prbg.g_00526	Prbn.g_01237
OG0001842	Prav	Prbg.g_00020	Prav.g_00966
OG0001842	Syad	Prbg.g_00020	Syad.g_02522
OG0001842	Syaj	Prbg.g_00020	Syaj.g_01627
OG0001842	Syaa	Prbg.g_00020	Syaa.g_00634
OG0001842	Syae	Prbg.g_00020	Syae.g_01072
OG0001842	Syac	Prbg.g_00020	Syac.g_00630
OG0001842	Syah	Prbg.g_00020	Syah.g_02303
OG0001842	Syaf	Prbg.g_00020	Syaf.g_01115
OG0001842	Syai	Prbg.g_00020	Syai.g_02289
OG0001842	Praf	Prbg.g_00020	Praf.g_00168
OG0001842	Prah	Prbg.g_00020	Prah.g_00139
OG0001842	Syap	Prbg.g_00020	Syap.g_00147, Syap.g_00146
OG0001842	Prbj	Prbg.g_00020	Prbj.g_01812
OG0001842	Prbk	Prbg.g_00020	Prbk.g_01491
OG0001842	Prbl	Prbg.g_00020	Prbl.g_01232
OG0001842	Syas	Prbg.g_00020	Syas.g_00658
OG0001842	Syar	Prbg.g_00020	Syar.g_02270
OG0001842	Syat	Prbg.g_00020	Syat.g_02421
OG0001842	Prak	Prbg.g_00020	Prak.g_00714
OG0001842	Prap	Prbg.g_00020	Prap.g_00022
OG0001842	Prbe	Prbg.g_00020	Prbe.g_00069
OG0001842	Prbf	Prbg.g_00020	Prbf.g_00294
OG0001842	Prbn	Prbg.g_00020	Prbn.g_01037
OG0001875	Prao	Prbg.g_01627	Prao.g_01542
OG0001875	Prbi	Prbg.g_01627	Prbi.g_01757
OG0001875	Prbm	Prbg.g_01627	Prbm.g_01902
OG0001875	Prbb	Prbg.g_01627	Prbb.g_01573
OG0001875	Prbc	Prbg.g_01627	Prbc.g_00553
OG0001875	Praf	Prbg.g_01627	Praf.g_01062
OG0001875	Prah	Prbg.g_01627	Prah.g_01122
OG0001875	Syad	Prbg.g_01627	Syad.g_01547
OG0001875	Syae	Prbg.g_01627	Syae.g_00619
OG0001875	Syac	Prbg.g_01627	Syac.g_01439
OG0001875	Syah	Prbg.g_01627	Syah.g_01465
OG0001875	Syaf	Prbg.g_01627	Syaf.g_01646
OG0001875	Syai	Prbg.g_01627	Syai.g_01707
OG0001875	Syam	Prbg.g_01627	Syam.g_00550
OG0001875	Syab	Prbg.g_01627	Syab.g_01493
OG0001875	Syak	Prbg.g_01627	Syak.g_00293
OG0001875	Syag	Prbg.g_01627	Syag.g_00525
OG0001875	Pram	Prbg.g_01627	Pram.g_01614
OG0001875	Prbh	Prbg.g_01627	Prbh.g_01800
OG0001875	Prak	Prbg.g_01627	Prak.g_01622
OG0001875	Prap	Prbg.g_01627	Prap.g_01802
OG0001875	Prbe	Prbg.g_01627	Prbe.g_01008
OG0001875	Prbf	Prbg.g_01627	Prbf.g_00716
OG0001875	Prbn	Prbg.g_01627	Prbn.g_01722
OG0001876	Prao	Prbg.g_01626	Prao.g_01543
OG0001876	Prbi	Prbg.g_01626	Prbi.g_01758
OG0001876	Prbm	Prbg.g_01626	Prbm.g_01901
OG0001876	Prbb	Prbg.g_01626	Prbb.g_01574
OG0001876	Prbc	Prbg.g_01626	Prbc.g_00554
OG0001876	Praf	Prbg.g_01626	Praf.g_01063
OG0001876	Prah	Prbg.g_01626	Prah.g_01123
OG0001876	Syad	Prbg.g_01626	Syad.g_01548
OG0001876	Syae	Prbg.g_01626	Syae.g_00618
OG0001876	Syag	Prbg.g_01626	Syag.g_00526
OG0001876	Syaf	Prbg.g_01626	Syaf.g_01647
OG0001876	Syai	Prbg.g_01626	Syai.g_01706
OG0001876	Syam	Prbg.g_01626	Syam.g_00549
OG0001876	Syak	Prbg.g_01626	Syak.g_00294
OG0001876	Syab	Prbg.g_01626	Syab.g_01494
OG0001876	Syac	Prbg.g_01626	Syac.g_01438
OG0001876	Syah	Prbg.g_01626	Syah.g_01466
OG0001876	Pram	Prbg.g_01626	Pram.g_01613
OG0001876	Prbh	Prbg.g_01626	Prbh.g_01801
OG0001876	Prak	Prbg.g_01626	Prak.g_01621
OG0001876	Prap	Prbg.g_01626	Prap.g_01803
OG0001876	Prbe	Prbg.g_01626	Prbe.g_01009
OG0001876	Prbf	Prbg.g_01626	Prbf.g_00717
OG0001876	Prbn	Prbg.g_01626	Prbn.g_01721
OG0001916	Prbb	Prbg.g_00215	Prbb.g_00500
OG0001916	Prbm	Prbg.g_00215	Prbm.g_00521
OG0001916	Praj	Prbg.g_00215	Praj.g_00488
OG0001916	Prbc	Prbg.g_00215	Prbc.g_01555
OG0001916	Syag	Prbg.g_00215	Syag.g_01510
OG0001916	Syaq	Prbg.g_00215	Syaq.g_01790
OG0001916	Syai	Prbg.g_00215	Syai.g_00655
OG0001916	Syaf	Prbg.g_00215	Syaf.g_02704
OG0001916	Syam	Prbg.g_00215	Syam.g_00600
OG0001916	Syac	Prbg.g_00215	Syac.g_01887
OG0001916	Syah	Prbg.g_00215	Syah.g_01014
OG0001916	Syad	Prbg.g_00215	Syad.g_00921
OG0001916	Syaj	Prbg.g_00215	Syaj.g_00089
OG0001916	Syae	Prbg.g_00215	Syae.g_02326
OG0001916	Syaa	Prbg.g_00215	Syaa.g_02034
OG0001916	Pral	Prbg.g_00215	Pral.g_00594
OG0001916	Prat	Prbg.g_00215	Prat.g_00457
OG0001916	Pram	Prbg.g_00215	Pram.g_00432
OG0001916	Prbh	Prbg.g_00215	Prbh.g_00335
OG0001916	Prak	Prbg.g_00215	Prak.g_00457
OG0001916	Prap	Prbg.g_00215	Prap.g_01271
OG0001916	Prbe	Prbg.g_00215	Prbe.g_00637
OG0001916	Prbf	Prbg.g_00215	Prbf.g_01779
OG0001916	Prbn	Prbg.g_00215	Prbn.g_00618
OG0001917	Prbb	Prbg.g_01328	Prbb.g_01042
OG0001917	Prbc	Prbg.g_01328	Prbc.g_02085
OG0001917	Syar	Prbg.g_01328	Syar.g_01798
OG0001917	Syae	Prbg.g_01328	Syae.g_00422
OG0001917	Syab	Prbg.g_01328	Syab.g_01314
OG0001917	Syac	Prbg.g_01328	Syac.g_01243
OG0001917	Syah	Prbg.g_01328	Syah.g_01684
OG0001917	Syaf	Prbg.g_01328	Syaf.g_01932
OG0001917	Syai	Prbg.g_01328	Syai.g_01432
OG0001917	Syam	Prbg.g_01328	Syam.g_01189
OG0001917	Syaa	Prbg.g_01328	Syaa.g_01296
OG0001917	Syad	Prbg.g_01328	Syad.g_01684
OG0001917	Syag	Prbg.g_01328	Syag.g_00873
OG0001917	Syaj	Prbg.g_01328	Syaj.g_00812
OG0001917	Syak	Prbg.g_01328	Syak.g_00648
OG0001917	Syas	Prbg.g_01328	Syas.g_00216
OG0001917	Syan	Prbg.g_01328	Syan.g_00361
OG0001917	Syao	Prbg.g_01328	Syao.g_00449
OG0001917	Syaq	Prbg.g_01328	Syaq.g_00063
OG0001917	Prak	Prbg.g_01328	Prak.g_01014
OG0001917	Prap	Prbg.g_01328	Prap.g_00298
OG0001917	Prbe	Prbg.g_01328	Prbe.g_01391
OG0001917	Prbf	Prbg.g_01328	Prbf.g_01076
OG0001917	Prbn	Prbg.g_01328	Prbn.g_01377
OG0001922	Prac	Prbg.g_00573	Prac.g_00190
OG0001922	Praq	Prbg.g_00573	Praq.g_00148
OG0001922	Prar	Prbg.g_00573	Prar.g_00940
OG0001922	Pray	Prbg.g_00573	Pray.g_01855
OG0001922	Praz	Prbg.g_00573	Praz.g_01165
OG0001922	Prba	Prbg.g_00573	Prba.g_01207
OG0001922	Prai	Prbg.g_00573	Prai.g_01350
OG0001922	Prab	Prbg.g_00573	Prab.g_01341
OG0001922	Pran	Prbg.g_00573	Pran.g_00861
OG0001922	Prbi	Prbg.g_00573	Prbi.g_01406
OG0001922	Praa	Prbg.g_00573	Praa.g_01333
OG0001922	Prax	Prbg.g_00573	Prax.g_01884
OG0001922	Pras	Prbg.g_00573	Pras.g_00225
OG0001922	Prau	Prbg.g_00573	Prau.g_01386
OG0001922	Syab	Prbg.g_00573	Syab.g_00153
OG0001922	Prbb	Prbg.g_00573	Prbb.g_00877
OG0001922	Pram	Prbg.g_00573	Pram.g_01399
OG0001922	Prbh	Prbg.g_00573	Prbh.g_00078
OG0001922	Prak	Prbg.g_00573	Prak.g_01373
OG0001922	Prap	Prbg.g_00573	Prap.g_00103
OG0001922	Prbe	Prbg.g_00573	Prbe.g_00329
OG0001922	Prbf	Prbg.g_00573	Prbf.g_00139
OG0001922	Prbn	Prbg.g_00573	Prbn.g_00194
OG0001923	Syac	Prbg.g_00566	Syac.g_00128
OG0001923	Syad	Prbg.g_00566	Syad.g_00251, Syad.g_00317
OG0001923	Syar	Prbg.g_00566	Syar.g_00582, Syar.g_00583, Syar.g_00267
OG0001923	Prbm	Prbg.g_00566	Prbm.g_00116, Prbm.g_01593
OG0001923	Praj	Prbg.g_00566	Praj.g_00097
OG0001923	Prbc	Prbg.g_00566	Prbc.g_00515
OG0001923	Prbb	Prbg.g_00566	Prbb.g_00114
OG0001923	Syao	Prbg.g_00566	Syao.g_01982, Syao.g_02124
OG0001923	Prau	Prbg.g_00566	Prau.g_01451
OG0001923	Praa	Prbg.g_00566	Praa.g_01389
OG0001923	Prab	Prbg.g_00566	Prab.g_01407
OG0001923	Pran	Prbg.g_00566	Pran.g_00793
OG0001923	Pras	Prbg.g_00566	Pras.g_00276
OG0001923	Prak	Prbg.g_00566	Prak.g_01366
OG0001923	Prap	Prbg.g_00566	Prap.g_00096
OG0001923	Prbe	Prbg.g_00566	Prbe.g_00336
OG0001923	Prbf	Prbg.g_00566	Prbf.g_00132
OG0001923	Prbn	Prbg.g_00566	Prbn.g_00187
OG0001930	Prav	Prbg.g_00019	Prav.g_00967
OG0001930	Prbj	Prbg.g_00019	Prbj.g_01813
OG0001930	Prbk	Prbg.g_00019	Prbk.g_01490
OG0001930	Prbl	Prbg.g_00019	Prbl.g_01231
OG0001930	Syar	Prbg.g_00019	Syar.g_02271
OG0001930	Syat	Prbg.g_00019	Syat.g_02422
OG0001930	Syas	Prbg.g_00019	Syas.g_00657
OG0001930	Praf	Prbg.g_00019	Praf.g_00169
OG0001930	Prah	Prbg.g_00019	Prah.g_00140
OG0001930	Syap	Prbg.g_00019	Syap.g_00148
OG0001930	Syad	Prbg.g_00019	Syad.g_02523
OG0001930	Syaj	Prbg.g_00019	Syaj.g_01628
OG0001930	Syae	Prbg.g_00019	Syae.g_01073
OG0001930	Syaa	Prbg.g_00019	Syaa.g_00633
OG0001930	Syac	Prbg.g_00019	Syac.g_00629
OG0001930	Syah	Prbg.g_00019	Syah.g_02304
OG0001930	Syaf	Prbg.g_00019	Syaf.g_01114
OG0001930	Syai	Prbg.g_00019	Syai.g_02290
OG0001930	Prak	Prbg.g_00019	Prak.g_00715
OG0001930	Prap	Prbg.g_00019	Prap.g_00023
OG0001930	Prbe	Prbg.g_00019	Prbe.g_00068
OG0001930	Prbf	Prbg.g_00019	Prbf.g_00293
OG0001930	Prbn	Prbg.g_00019	Prbn.g_01036
OG0001931	Prav	Prbg.g_00018	Prav.g_00968
OG0001931	Syar	Prbg.g_00018	Syar.g_02272
OG0001931	Prbj	Prbg.g_00018	Prbj.g_01814
OG0001931	Prbk	Prbg.g_00018	Prbk.g_01489
OG0001931	Prbl	Prbg.g_00018	Prbl.g_01230
OG0001931	Praf	Prbg.g_00018	Praf.g_00170
OG0001931	Prah	Prbg.g_00018	Prah.g_00141
OG0001931	Syap	Prbg.g_00018	Syap.g_00149
OG0001931	Syat	Prbg.g_00018	Syat.g_02424
OG0001931	Syas	Prbg.g_00018	Syas.g_00656
OG0001931	Syaa	Prbg.g_00018	Syaa.g_00632
OG0001931	Syaf	Prbg.g_00018	Syaf.g_01113
OG0001931	Syai	Prbg.g_00018	Syai.g_02291
OG0001931	Syac	Prbg.g_00018	Syac.g_00628
OG0001931	Syah	Prbg.g_00018	Syah.g_02305
OG0001931	Syae	Prbg.g_00018	Syae.g_01074
OG0001931	Syad	Prbg.g_00018	Syad.g_02524
OG0001931	Syaj	Prbg.g_00018	Syaj.g_01629
OG0001931	Prak	Prbg.g_00018	Prak.g_00716
OG0001931	Prap	Prbg.g_00018	Prap.g_00024
OG0001931	Prbe	Prbg.g_00018	Prbe.g_00067
OG0001931	Prbf	Prbg.g_00018	Prbf.g_00292
OG0001931	Prbn	Prbg.g_00018	Prbn.g_01035
OG0001955	Prbm	Prbg.g_00725	Prbm.g_00098
OG0001955	Praj	Prbg.g_00725	Praj.g_00077
OG0001955	Prbb	Prbg.g_00725	Prbb.g_00092
OG0001955	Prbc	Prbg.g_00725	Prbc.g_00547
OG0001955	Pram	Prbg.g_00725	Pram.g_01541
OG0001955	Prbh	Prbg.g_00725	Prbh.g_01873
OG0001955	Pral	Prbg.g_00725	Pral.g_01307
OG0001955	Prat	Prbg.g_00725	Prat.g_01218
OG0001955	Praf	Prbg.g_00725	Praf.g_01612
OG0001955	Prbj	Prbg.g_00725	Prbj.g_02496
OG0001955	Prbk	Prbg.g_00725	Prbk.g_02552
OG0001955	Prbl	Prbg.g_00725	Prbl.g_01560
OG0001955	Prah	Prbg.g_00725	Prah.g_00583
OG0001955	Syan	Prbg.g_00725	Syan.g_00517
OG0001955	Syar	Prbg.g_00725	Syar.g_00733
OG0001955	Syat	Prbg.g_00725	Syat.g_01670
OG0001955	Syao	Prbg.g_00725	Syao.g_00609
OG0001955	Syas	Prbg.g_00725	Syas.g_00480
OG0001955	Prak	Prbg.g_00725	Prak.g_01525
OG0001955	Prap	Prbg.g_00725	Prap.g_01908
OG0001955	Prbe	Prbg.g_00725	Prbe.g_00016
OG0001955	Prbf	Prbg.g_00725	Prbf.g_00813
OG0001955	Prbn	Prbg.g_00725	Prbn.g_00135
OG0001956	Prbm	Prbg.g_01220	Prbm.g_00872
OG0001956	Prbc	Prbg.g_01220	Prbc.g_01918
OG0001956	Prbb	Prbg.g_01220	Prbb.g_00842
OG0001956	Praj	Prbg.g_01220	Praj.g_00830
OG0001956	Prat	Prbg.g_01220	Prat.g_00979
OG0001956	Pral	Prbg.g_01220	Pral.g_01547
OG0001956	Syat	Prbg.g_01220	Syat.g_00959
OG0001956	Syap	Prbg.g_01220	Syap.g_01978
OG0001956	Syao	Prbg.g_01220	Syao.g_01376
OG0001956	Syas	Prbg.g_01220	Syas.g_00971
OG0001956	Prbj	Prbg.g_01220	Prbj.g_02513
OG0001956	Prbk	Prbg.g_01220	Prbk.g_02569
OG0001956	Prbl	Prbg.g_01220	Prbl.g_01578
OG0001956	Praf	Prbg.g_01220	Praf.g_01628
OG0001956	Prah	Prbg.g_01220	Prah.g_00565
OG0001956	Syaj	Prbg.g_01220	Syaj.g_02662
OG0001956	Pram	Prbg.g_01220	Pram.g_00871
OG0001956	Prbh	Prbg.g_01220	Prbh.g_01014
OG0001956	Prak	Prbg.g_01220	Prak.g_00906
OG0001956	Prap	Prbg.g_01220	Prap.g_00722
OG0001956	Prbe	Prbg.g_01220	Prbe.g_01283
OG0001956	Prbf	Prbg.g_01220	Prbf.g_01184
OG0001956	Prbn	Prbg.g_01220	Prbn.g_01485
OG0001963	Prag	Prbg.g_00700	Prag.g_01642
OG0001963	Praw	Prbg.g_00700	Praw.g_00488
OG0001963	Prav	Prbg.g_00700	Prav.g_01742
OG0001963	Prat	Prbg.g_00700	Prat.g_01466
OG0001963	Pral	Prbg.g_00700	Pral.g_01049
OG0001963	Pram	Prbg.g_00700	Pram.g_01273
OG0001963	Prbh	Prbg.g_00700	Prbh.g_00204
OG0001963	Praj	Prbg.g_00700	Praj.g_01895
OG0001963	Prbb	Prbg.g_00700	Prbb.g_01949
OG0001963	Prbc	Prbg.g_00700	Prbc.g_00961
OG0001963	Prbm	Prbg.g_00700	Prbm.g_01976
OG0001963	Prah	Prbg.g_00700	Prah.g_01969
OG0001963	Praf	Prbg.g_00700	Praf.g_02086
OG0001963	Prbk	Prbg.g_00700	Prbk.g_00837, Prbk.g_00838
OG0001963	Prbl	Prbg.g_00700	Prbl.g_01167, Prbl.g_01168
OG0001963	Prbj	Prbg.g_00700	Prbj.g_00374
OG0001963	Prak	Prbg.g_00700	Prak.g_01500
OG0001963	Prap	Prbg.g_00700	Prap.g_00230
OG0001963	Prbe	Prbg.g_00700	Prbe.g_00202
OG0001963	Prbf	Prbg.g_00700	Prbf.g_00266
OG0001963	Prbn	Prbg.g_00700	Prbn.g_00873
OG0001965	Prah	Prbg.g_01584	Prah.g_02096
OG0001965	Praf	Prbg.g_01584	Praf.g_02240
OG0001965	Prbj	Prbg.g_01584	Prbj.g_01357
OG0001965	Prbk	Prbg.g_01584	Prbk.g_00369
OG0001965	Prbl	Prbg.g_01584	Prbl.g_01501
OG0001965	Syab	Prbg.g_01584	Syab.g_02045
OG0001965	Syal	Prbg.g_01584	Syal.g_02842
OG0001965	Syag	Prbg.g_01584	Syag.g_01457
OG0001965	Syak	Prbg.g_01584	Syak.g_00384
OG0001965	Syaa	Prbg.g_01584	Syaa.g_01602
OG0001965	Syae	Prbg.g_01584	Syae.g_00108
OG0001965	Syad	Prbg.g_01584	Syad.g_02126
OG0001965	Syaj	Prbg.g_01584	Syaj.g_01254
OG0001965	Syai	Prbg.g_01584	Syai.g_01131
OG0001965	Syaf	Prbg.g_01584	Syaf.g_02281
OG0001965	Syam	Prbg.g_01584	Syam.g_01439
OG0001965	Syac	Prbg.g_01584	Syac.g_01011
OG0001965	Syah	Prbg.g_01584	Syah.g_01902
OG0001965	Prak	Prbg.g_01584	Prak.g_01579
OG0001965	Prap	Prbg.g_01584	Prap.g_01845
OG0001965	Prbe	Prbg.g_01584	Prbe.g_01051
OG0001965	Prbf	Prbg.g_01584	Prbf.g_00759
OG0001965	Prbn	Prbg.g_01584	Prbn.g_01679
OG0001977	Prbb	Prbg.g_01916	Prbb.g_02148
OG0001977	Praj	Prbg.g_01916	Praj.g_02108
OG0001977	Prbc	Prbg.g_01916	Prbc.g_01014
OG0001977	Prbm	Prbg.g_01916	Prbm.g_02193
OG0001977	Praf	Prbg.g_01916	Praf.g_02718
OG0001977	Prbj	Prbg.g_01916	Prbj.g_02007
OG0001977	Prbk	Prbg.g_01916	Prbk.g_02212
OG0001977	Prbl	Prbg.g_01916	Prbl.g_02187
OG0001977	Prah	Prbg.g_01916	Prah.g_02542
OG0001977	Syas	Prbg.g_01916	Syas.g_01942
OG0001977	Syap	Prbg.g_01916	Syap.g_02094
OG0001977	Syar	Prbg.g_01916	Syar.g_00703
OG0001977	Syan	Prbg.g_01916	Syan.g_01621
OG0001977	Syat	Prbg.g_01916	Syat.g_02506
OG0001977	Pral	Prbg.g_01916	Pral.g_00376
OG0001977	Prat	Prbg.g_01916	Prat.g_01859
OG0001977	Pram	Prbg.g_01916	Pram.g_01903
OG0001977	Prbh	Prbg.g_01916	Prbh.g_01511
OG0001977	Prak	Prbg.g_01916	Prak.g_01911
OG0001977	Prap	Prbg.g_01916	Prap.g_01512
OG0001977	Prbe	Prbg.g_01916	Prbe.g_01174
OG0001977	Prbf	Prbg.g_01916	Prbf.g_00427
OG0001977	Prbn	Prbg.g_01916	Prbn.g_00928
OG0001988	Prab	Prbg.g_00453	Prab.g_00346
OG0001988	Pran	Prbg.g_00453	Pran.g_01836
OG0001988	Prai	Prbg.g_00453	Prai.g_00371
OG0001988	Praa	Prbg.g_00453	Praa.g_01341
OG0001988	Pras	Prbg.g_00453	Pras.g_00226
OG0001988	Prau	Prbg.g_00453	Prau.g_01387
OG0001988	Prae	Prbg.g_00453	Prae.g_01346
OG0001988	Prbd	Prbg.g_00453	Prbd.g_01785
OG0001988	Prav	Prbg.g_00453	Prav.g_00109
OG0001988	Pray	Prbg.g_00453	Pray.g_01853
OG0001988	Praz	Prbg.g_00453	Praz.g_01163
OG0001988	Prba	Prbg.g_00453	Prba.g_01209
OG0001988	Pral	Prbg.g_00453	Pral.g_00011
OG0001988	Praj	Prbg.g_00453	Praj.g_01169
OG0001988	Prbb	Prbg.g_00453	Prbb.g_01211
OG0001988	Prbc	Prbg.g_00453	Prbc.g_00147
OG0001988	Prbm	Prbg.g_00453	Prbm.g_01185
OG0001988	Prak	Prbg.g_00453	Prak.g_01253
OG0001988	Prap	Prbg.g_00453	Prap.g_00537
OG0001988	Prbe	Prbg.g_00453	Prbe.g_00917
OG0001988	Prbf	Prbg.g_00453	Prbf.g_00050
OG0001988	Prbn	Prbg.g_00453	Prbn.g_01108
OG0001996	Prbj	Prbg.g_00845	Prbj.g_01201
OG0001996	Prbk	Prbg.g_00845	Prbk.g_01620
OG0001996	Prbl	Prbg.g_00845	Prbl.g_01974
OG0001996	Praf	Prbg.g_00845	Praf.g_00034
OG0001996	Prah	Prbg.g_00845	Prah.g_00035
OG0001996	Syag	Prbg.g_00845	Syag.g_02306
OG0001996	Syaq	Prbg.g_00845	Syaq.g_01116
OG0001996	Syas	Prbg.g_00845	Syas.g_02067
OG0001996	Syan	Prbg.g_00845	Syan.g_01746
OG0001996	Syao	Prbg.g_00845	Syao.g_02237
OG0001996	Syae	Prbg.g_00845	Syae.g_01746
OG0001996	Syaf	Prbg.g_00845	Syaf.g_00464
OG0001996	Syai	Prbg.g_00845	Syai.g_00036
OG0001996	Syaa	Prbg.g_00845	Syaa.g_00036
OG0001996	Syar	Prbg.g_00845	Syar.g_00502
OG0001996	Syat	Prbg.g_00845	Syat.g_02309
OG0001996	Prat	Prbg.g_00845	Prat.g_00030
OG0001996	Prak	Prbg.g_00845	Prak.g_00029
OG0001996	Prap	Prbg.g_00845	Prap.g_00926
OG0001996	Prbe	Prbg.g_00845	Prbe.g_00129
OG0001996	Prbf	Prbg.g_00845	Prbf.g_01351
OG0001996	Prbn	Prbg.g_00845	Prbn.g_00753
OG0002003	Syan	Prbg.g_00014	Syan.g_00010
OG0002003	Syao	Prbg.g_00014	Syao.g_01337
OG0002003	Prbj	Prbg.g_00014	Prbj.g_00935
OG0002003	Prbk	Prbg.g_00014	Prbk.g_01813
OG0002003	Prbl	Prbg.g_00014	Prbl.g_01861
OG0002003	Praf	Prbg.g_00014	Praf.g_01216
OG0002003	Prah	Prbg.g_00014	Prah.g_00976
OG0002003	Syas	Prbg.g_00014	Syas.g_00491
OG0002003	Syar	Prbg.g_00014	Syar.g_02127
OG0002003	Syat	Prbg.g_00014	Syat.g_01980
OG0002003	Syak	Prbg.g_00014	Syak.g_00700
OG0002003	Syab	Prbg.g_00014	Syab.g_01175
OG0002003	Syal	Prbg.g_00014	Syal.g_01790
OG0002003	Syag	Prbg.g_00014	Syag.g_01009
OG0002003	Syaq	Prbg.g_00014	Syaq.g_02584
OG0002003	Pram	Prbg.g_00014	Pram.g_00688
OG0002003	Prbh	Prbg.g_00014	Prbh.g_00832
OG0002003	Prak	Prbg.g_00014	Prak.g_00720
OG0002003	Prap	Prbg.g_00014	Prap.g_00028
OG0002003	Prbe	Prbg.g_00014	Prbe.g_00063
OG0002003	Prbf	Prbg.g_00014	Prbf.g_00288
OG0002003	Prbn	Prbg.g_00014	Prbn.g_01031
OG0002019	Prai	Prbg.g_00720	Prai.g_01304
OG0002019	Prax	Prbg.g_00720	Prax.g_00503
OG0002019	Syag	Prbg.g_00720	Syag.g_02511
OG0002019	Syal	Prbg.g_00720	Syal.g_01425
OG0002019	Syaq	Prbg.g_00720	Syaq.g_00994
OG0002019	Syaa	Prbg.g_00720	Syaa.g_01419
OG0002019	Syae	Prbg.g_00720	Syae.g_00294
OG0002019	Syat	Prbg.g_00720	Syat.g_02199
OG0002019	Syar	Prbg.g_00720	Syar.g_00615
OG0002019	Syas	Prbg.g_00720	Syas.g_02163
OG0002019	Syap	Prbg.g_00720	Syap.g_01103
OG0002019	Syan	Prbg.g_00720	Syan.g_01903
OG0002019	Syao	Prbg.g_00720	Syao.g_02146
OG0002019	Syad	Prbg.g_00720	Syad.g_01962
OG0002019	Syaj	Prbg.g_00720	Syaj.g_01105
OG0002019	Pram	Prbg.g_00720	Pram.g_01951
OG0002019	Prbh	Prbg.g_00720	Prbh.g_01950
OG0002019	Prak	Prbg.g_00720	Prak.g_01520
OG0002019	Prap	Prbg.g_00720	Prap.g_01913
OG0002019	Prbe	Prbg.g_00720	Prbe.g_00011
OG0002019	Prbf	Prbg.g_00720	Prbf.g_00818
OG0002019	Prbn	Prbg.g_00720	Prbn.g_00140
OG0002030	Prav	Prbg.g_01563	Prav.g_00941
OG0002030	Pray	Prbg.g_01563	Pray.g_01852
OG0002030	Praz	Prbg.g_01563	Praz.g_01162
OG0002030	Prba	Prbg.g_01563	Prba.g_01210
OG0002030	Prad	Prbg.g_01563	Prad.g_01192
OG0002030	Prag	Prbg.g_01563	Prag.g_00725
OG0002030	Praw	Prbg.g_01563	Praw.g_01776
OG0002030	Praa	Prbg.g_01563	Praa.g_01343
OG0002030	Pras	Prbg.g_01563	Pras.g_00229
OG0002030	Prae	Prbg.g_01563	Prae.g_01347
OG0002030	Prax	Prbg.g_01563	Prax.g_01585
OG0002030	Prbi	Prbg.g_01563	Prbi.g_01306, Prbi.g_00153, Prbi.g_01409
OG0002030	Pram	Prbg.g_01563	Pram.g_01532
OG0002030	Prbh	Prbg.g_01563	Prbh.g_01882
OG0002030	Prak	Prbg.g_01563	Prak.g_01558
OG0002030	Prap	Prbg.g_01563	Prap.g_01866
OG0002030	Prbe	Prbg.g_01563	Prbe.g_01115
OG0002030	Prbf	Prbg.g_01563	Prbf.g_00780
OG0002030	Prbn	Prbg.g_01563	Prbn.g_01658
OG0002034	Prag	Prbg.g_00353	Prag.g_01211
OG0002034	Prav	Prbg.g_00353	Prav.g_01823
OG0002034	Praw	Prbg.g_00353	Praw.g_00292
OG0002034	Prai	Prbg.g_00353	Prai.g_01231
OG0002034	Prao	Prbg.g_00353	Prao.g_01031
OG0002034	Pray	Prbg.g_00353	Pray.g_00005
OG0002034	Praz	Prbg.g_00353	Praz.g_00696
OG0002034	Prba	Prbg.g_00353	Prba.g_00005
OG0002034	Prad	Prbg.g_00353	Prad.g_01437
OG0002034	Pras	Prbg.g_00353	Pras.g_00115
OG0002034	Prau	Prbg.g_00353	Prau.g_01264
OG0002034	Prbd	Prbg.g_00353	Prbd.g_00526
OG0002034	Prbi	Prbg.g_00353	Prbi.g_01265
OG0002034	Prat	Prbg.g_00353	Prat.g_00596
OG0002034	Pram	Prbg.g_00353	Pram.g_00572
OG0002034	Prbh	Prbg.g_00353	Prbh.g_01449
OG0002034	Prak	Prbg.g_00353	Prak.g_00595
OG0002034	Prap	Prbg.g_00353	Prap.g_01134
OG0002034	Prbe	Prbg.g_00353	Prbe.g_00500
OG0002034	Prbf	Prbg.g_00353	Prbf.g_01916
OG0002034	Prbn	Prbg.g_00353	Prbn.g_00481
OG0002036	Prag	Prbg.g_00691	Prag.g_01643
OG0002036	Praw	Prbg.g_00691	Praw.g_00489
OG0002036	Prav	Prbg.g_00691	Prav.g_01724
OG0002036	Pral	Prbg.g_00691	Pral.g_01048
OG0002036	Prbm	Prbg.g_00691	Prbm.g_01320
OG0002036	Prbb	Prbg.g_00691	Prbb.g_01253
OG0002036	Praj	Prbg.g_00691	Praj.g_01211
OG0002036	Prbc	Prbg.g_00691	Prbc.g_01283
OG0002036	Prbj	Prbg.g_00691	Prbj.g_00859
OG0002036	Prbk	Prbg.g_00691	Prbk.g_00909
OG0002036	Prbl	Prbg.g_00691	Prbl.g_00395
OG0002036	Praf	Prbg.g_00691	Praf.g_00482
OG0002036	Prah	Prbg.g_00691	Prah.g_01675
OG0002036	Prat	Prbg.g_00691	Prat.g_01467
OG0002036	Pram	Prbg.g_00691	Pram.g_01280
OG0002036	Prbh	Prbg.g_00691	Prbh.g_00197
OG0002036	Prak	Prbg.g_00691	Prak.g_01491
OG0002036	Prap	Prbg.g_00691	Prap.g_00221
OG0002036	Prbe	Prbg.g_00691	Prbe.g_00211
OG0002036	Prbf	Prbg.g_00691	Prbf.g_00257
OG0002036	Prbn	Prbg.g_00691	Prbn.g_00882
OG0002052	Prbc	Prbg.g_01338	Prbc.g_01937
OG0002052	Praj	Prbg.g_01338	Praj.g_00848
OG0002052	Prbm	Prbg.g_01338	Prbm.g_00890
OG0002052	Prbb	Prbg.g_01338	Prbb.g_00894
OG0002052	Prah	Prbg.g_01338	Prah.g_02516
OG0002052	Praf	Prbg.g_01338	Praf.g_02683
OG0002052	Prbj	Prbg.g_01338	Prbj.g_01983
OG0002052	Prbk	Prbg.g_01338	Prbk.g_02188
OG0002052	Prbl	Prbg.g_01338	Prbl.g_02211
OG0002052	Pral	Prbg.g_01338	Pral.g_01606
OG0002052	Syat	Prbg.g_01338	Syat.g_01022
OG0002052	Syan	Prbg.g_01338	Syan.g_00061
OG0002052	Syaq	Prbg.g_01338	Syaq.g_02551
OG0002052	Prat	Prbg.g_01338	Prat.g_00945
OG0002052	Pram	Prbg.g_01338	Pram.g_00989
OG0002052	Prbh	Prbg.g_01338	Prbh.g_01132
OG0002052	Prak	Prbg.g_01338	Prak.g_01024
OG0002052	Prap	Prbg.g_01338	Prap.g_00308
OG0002052	Prbe	Prbg.g_01338	Prbe.g_01401
OG0002052	Prbf	Prbg.g_01338	Prbf.g_01066
OG0002052	Prbn	Prbg.g_01338	Prbn.g_01367
OG0002096	Pras	Prbg.g_00564, Prbg.g_00036	Pras.g_00278
OG0002096	Prav	Prbg.g_00564, Prbg.g_00036	Prav.g_01519
OG0002096	Prad	Prbg.g_00564, Prbg.g_00036	Prad.g_00570
OG0002096	Pral	Prbg.g_00564, Prbg.g_00036	Pral.g_01733
OG0002096	Prat	Prbg.g_00564, Prbg.g_00036	Prat.g_00782
OG0002096	Prab	Prbg.g_00564	Prab.g_01405
OG0002096	Pran	Prbg.g_00564	Pran.g_00795
OG0002096	Praa	Prbg.g_00564	Praa.g_01391
OG0002096	Prak	Prbg.g_00564	Prak.g_01364
OG0002096	Prap	Prbg.g_00564	Prap.g_00094
OG0002096	Prbe	Prbg.g_00564	Prbe.g_00338
OG0002096	Prbf	Prbg.g_00564	Prbf.g_00130
OG0002096	Prbn	Prbg.g_00564	Prbn.g_00185
OG0002096	Syaa	Prbg.g_00036	Syaa.g_00492
OG0002096	Prak	Prbg.g_00036	Prak.g_00698
OG0002096	Prap	Prbg.g_00036	Prap.g_00006
OG0002096	Prbe	Prbg.g_00036	Prbe.g_00085
OG0002096	Prbf	Prbg.g_00036	Prbf.g_00310
OG0002096	Prbn	Prbg.g_00036	Prbn.g_01053
OG0002098	Prad	Prbg.g_00512	Prad.g_00553
OG0002098	Syal	Prbg.g_00512	Syal.g_01386
OG0002098	Prao	Prbg.g_00512	Prao.g_01357
OG0002098	Pray	Prbg.g_00512	Pray.g_01780
OG0002098	Praz	Prbg.g_00512	Praz.g_01090
OG0002098	Prba	Prbg.g_00512	Prba.g_00147
OG0002098	Pram	Prbg.g_00512	Pram.g_01493
OG0002098	Prbh	Prbg.g_00512	Prbh.g_01921
OG0002098	Syap	Prbg.g_00512	Syap.g_02161
OG0002098	Syas	Prbg.g_00512	Syas.g_02608
OG0002098	Pras	Prbg.g_00512	Pras.g_00287
OG0002098	Prak	Prbg.g_00512	Prak.g_01312
OG0002098	Prap	Prbg.g_00512	Prap.g_01935
OG0002098	Prbe	Prbg.g_00512	Prbe.g_00390
OG0002098	Prbf	Prbg.g_00512	Prbf.g_00078
OG0002098	Prbn	Prbg.g_00512	Prbn.g_01223
OG0002106	Prab	Prbg.g_00449	Prab.g_00374
OG0002106	Pran	Prbg.g_00449	Pran.g_01809
OG0002106	Prai	Prbg.g_00449	Prai.g_00396
OG0002106	Syaf	Prbg.g_00449	Syaf.g_02774
OG0002106	Syai	Prbg.g_00449	Syai.g_00555
OG0002106	Syam	Prbg.g_00449	Syam.g_00522
OG0002106	Syaa	Prbg.g_00449	Syaa.g_02085
OG0002106	Syae	Prbg.g_00449	Syae.g_00444
OG0002106	Syac	Prbg.g_00449	Syac.g_02391
OG0002106	Syah	Prbg.g_00449	Syah.g_00469
OG0002106	Syag	Prbg.g_00449	Syag.g_01417
OG0002106	Syak	Prbg.g_00449	Syak.g_00071
OG0002106	Syab	Prbg.g_00449	Syab.g_00956
OG0002106	Syad	Prbg.g_00449	Syad.g_01217
OG0002106	Syaj	Prbg.g_00449	Syaj.g_00365
OG0002106	Prak	Prbg.g_00449	Prak.g_01249
OG0002106	Prap	Prbg.g_00449	Prap.g_00533
OG0002106	Prbe	Prbg.g_00449	Prbe.g_01626
OG0002106	Prbf	Prbg.g_00449	Prbf.g_00054
OG0002106	Prbn	Prbg.g_00449	Prbn.g_01112
OG0002109	Prad	Prbg.g_00009	Prad.g_01286
OG0002109	Praq	Prbg.g_00009	Praq.g_00151
OG0002109	Prac	Prbg.g_00009	Prac.g_00658, Prac.g_00193
OG0002109	Prar	Prbg.g_00009	Prar.g_00937
OG0002109	Syak	Prbg.g_00009	Syak.g_01102
OG0002109	Syas	Prbg.g_00009	Syas.g_02770
OG0002109	Syat	Prbg.g_00009	Syat.g_01923, Syat.g_01752
OG0002109	Syaf	Prbg.g_00009	Syaf.g_02148, Syaf.g_01983
OG0002109	Syar	Prbg.g_00009	Syar.g_00759, Syar.g_01997
OG0002109	Pram	Prbg.g_00009	Pram.g_00692
OG0002109	Prbh	Prbg.g_00009	Prbh.g_00836
OG0002109	Prak	Prbg.g_00009	Prak.g_00725
OG0002109	Prap	Prbg.g_00009	Prap.g_00033
OG0002109	Prbe	Prbg.g_00009	Prbe.g_00058
OG0002109	Prbf	Prbg.g_00009	Prbf.g_00283
OG0002109	Prbn	Prbg.g_00009	Prbn.g_01026
OG0002122	Syap	Prbg.g_00015	Syap.g_01294
OG0002122	Syan	Prbg.g_00015	Syan.g_00009
OG0002122	Syao	Prbg.g_00015	Syao.g_01336
OG0002122	Praf	Prbg.g_00015	Praf.g_01217
OG0002122	Prbj	Prbg.g_00015	Prbj.g_00934
OG0002122	Prbk	Prbg.g_00015	Prbk.g_01814
OG0002122	Prbl	Prbg.g_00015	Prbl.g_01860
OG0002122	Prah	Prbg.g_00015	Prah.g_00975
OG0002122	Syak	Prbg.g_00015	Syak.g_00699
OG0002122	Syab	Prbg.g_00015	Syab.g_01174
OG0002122	Syal	Prbg.g_00015	Syal.g_01789
OG0002122	Syag	Prbg.g_00015	Syag.g_01010
OG0002122	Syaq	Prbg.g_00015	Syaq.g_02583
OG0002122	Pram	Prbg.g_00015	Pram.g_00687
OG0002122	Prbh	Prbg.g_00015	Prbh.g_00831
OG0002122	Prak	Prbg.g_00015	Prak.g_00719
OG0002122	Prap	Prbg.g_00015	Prap.g_00027
OG0002122	Prbe	Prbg.g_00015	Prbe.g_00064
OG0002122	Prbf	Prbg.g_00015	Prbf.g_00289
OG0002122	Prbn	Prbg.g_00015	Prbn.g_01032
OG0002164	Praj	Prbg.g_01056	Praj.g_01039
OG0002164	Prbb	Prbg.g_01056	Prbb.g_01084
OG0002164	Prbm	Prbg.g_01056	Prbm.g_01078
OG0002164	Prbc	Prbg.g_01056	Prbc.g_02127
OG0002164	Prbj	Prbg.g_01056	Prbj.g_00033
OG0002164	Prbk	Prbg.g_01056	Prbk.g_01652
OG0002164	Prbl	Prbg.g_01056	Prbl.g_01089
OG0002164	Prah	Prbg.g_01056	Prah.g_01219
OG0002164	Praf	Prbg.g_01056	Praf.g_00954
OG0002164	Prat	Prbg.g_01056	Prat.g_00687
OG0002164	Pral	Prbg.g_01056	Pral.g_01310, Pral.g_01827
OG0002164	Pram	Prbg.g_01056	Pram.g_00708
OG0002164	Prbh	Prbg.g_01056	Prbh.g_00852
OG0002164	Prak	Prbg.g_01056	Prak.g_00742
OG0002164	Prap	Prbg.g_01056	Prap.g_00666
OG0002164	Prbe	Prbg.g_01056	Prbe.g_00099
OG0002164	Prbf	Prbg.g_01056	Prbf.g_00844
OG0002164	Prbn	Prbg.g_01056	Prbn.g_01936
OG0002165	Prbm	Prbg.g_01050	Prbm.g_00115
OG0002165	Prbc	Prbg.g_01050	Prbc.g_00516
OG0002165	Praj	Prbg.g_01050	Praj.g_00096
OG0002165	Prbb	Prbg.g_01050	Prbb.g_00113
OG0002165	Pral	Prbg.g_01050	Pral.g_01835
OG0002165	Prbj	Prbg.g_01050	Prbj.g_00040
OG0002165	Prbk	Prbg.g_01050	Prbk.g_01658
OG0002165	Prbl	Prbg.g_01050	Prbl.g_01082
OG0002165	Praf	Prbg.g_01050	Praf.g_00957
OG0002165	Prah	Prbg.g_01050	Prah.g_01216
OG0002165	Prat	Prbg.g_01050	Prat.g_00677, Prat.g_01581
OG0002165	Pram	Prbg.g_01050	Pram.g_00701
OG0002165	Prbh	Prbg.g_01050	Prbh.g_00845
OG0002165	Prak	Prbg.g_01050	Prak.g_00736
OG0002165	Prap	Prbg.g_01050	Prap.g_00672
OG0002165	Prbe	Prbg.g_01050	Prbe.g_00093
OG0002165	Prbf	Prbg.g_01050	Prbf.g_00850
OG0002165	Prbn	Prbg.g_01050	Prbn.g_01942
OG0002176	Praj	Prbg.g_00443, Prbg.g_00713	Praj.g_01161
OG0002176	Prbb	Prbg.g_00443, Prbg.g_00713	Prbb.g_01202
OG0002176	Prbm	Prbg.g_00443, Prbg.g_00713	Prbm.g_01177
OG0002176	Prbc	Prbg.g_00443, Prbg.g_00713	Prbc.g_00139
OG0002176	Pram	Prbg.g_00443, Prbg.g_00713	Pram.g_00676
OG0002176	Prbh	Prbg.g_00443, Prbg.g_00713	Prbh.g_00820
OG0002176	Pral	Prbg.g_00443, Prbg.g_00713	Pral.g_01857
OG0002176	Prat	Prbg.g_00443, Prbg.g_00713	Prat.g_00651
OG0002176	Prak	Prbg.g_00443	Prak.g_00631
OG0002176	Prap	Prbg.g_00443	Prap.g_00648
OG0002176	Prbe	Prbg.g_00443	Prbe.g_00684
OG0002176	Prbf	Prbg.g_00443	Prbf.g_00376
OG0002176	Prbn	Prbg.g_00443	Prbn.g_00773
OG0002176	Prak	Prbg.g_00713	Prak.g_01513
OG0002176	Prap	Prbg.g_00713	Prap.g_01920
OG0002176	Prbe	Prbg.g_00713	Prbe.g_00004
OG0002176	Prbf	Prbg.g_00713	Prbf.g_00825
OG0002176	Prbn	Prbg.g_00713	Prbn.g_00147
OG0002177	Prbb	Prbg.g_00355	Prbb.g_01454
OG0002177	Prbm	Prbg.g_00355	Prbm.g_01487
OG0002177	Praj	Prbg.g_00355	Praj.g_01400
OG0002177	Prbc	Prbg.g_00355	Prbc.g_01385
OG0002177	Syag	Prbg.g_00355	Syag.g_01022
OG0002177	Syab	Prbg.g_00355	Syab.g_01480
OG0002177	Syal	Prbg.g_00355	Syal.g_02864
OG0002177	Syam	Prbg.g_00355	Syam.g_01406
OG0002177	Syai	Prbg.g_00355	Syai.g_01182
OG0002177	Syaf	Prbg.g_00355	Syaf.g_02240
OG0002177	Pral	Prbg.g_00355	Pral.g_00453
OG0002177	Prat	Prbg.g_00355	Prat.g_00598
OG0002177	Pram	Prbg.g_00355	Pram.g_00574
OG0002177	Prbh	Prbg.g_00355	Prbh.g_01447
OG0002177	Prak	Prbg.g_00355	Prak.g_00597
OG0002177	Prap	Prbg.g_00355	Prap.g_01132
OG0002177	Prbe	Prbg.g_00355	Prbe.g_00498
OG0002177	Prbf	Prbg.g_00355	Prbf.g_01918
OG0002177	Prbn	Prbg.g_00355	Prbn.g_00479
OG0002228	Prad	Prbg.g_01585, Prbg.g_01613	Prad.g_00079
OG0002228	Prat	Prbg.g_01585	Prat.g_01551, Prat.g_01564
OG0002228	Prak	Prbg.g_01585	Prak.g_01580
OG0002228	Prap	Prbg.g_01585	Prap.g_01844
OG0002228	Prbe	Prbg.g_01585	Prbe.g_01050
OG0002228	Prbf	Prbg.g_01585	Prbf.g_00758
OG0002228	Prbn	Prbg.g_01585	Prbn.g_01680
OG0002228	Pram	Prbg.g_01613	Pram.g_01578
OG0002228	Prbh	Prbg.g_01613	Prbh.g_01836
OG0002228	Prat	Prbg.g_01613	Prat.g_01535
OG0002228	Pral	Prbg.g_01613	Pral.g_00068
OG0002228	Prak	Prbg.g_01613	Prak.g_01608
OG0002228	Prap	Prbg.g_01613	Prap.g_01816
OG0002228	Prbe	Prbg.g_01613	Prbe.g_01022
OG0002228	Prbf	Prbg.g_01613	Prbf.g_00730
OG0002228	Prbn	Prbg.g_01613	Prbn.g_01708
OG0002232	Prbm	Prbg.g_01124	Prbm.g_00718
OG0002232	Praj	Prbg.g_01124	Praj.g_00675
OG0002232	Prbb	Prbg.g_01124	Prbb.g_00688
OG0002232	Prbc	Prbg.g_01124	Prbc.g_01764
OG0002232	Prbj	Prbg.g_01124	Prbj.g_00908
OG0002232	Prbk	Prbg.g_01124	Prbk.g_01840
OG0002232	Prbl	Prbg.g_01124	Prbl.g_01834
OG0002232	Praf	Prbg.g_01124	Praf.g_01245
OG0002232	Prah	Prbg.g_01124	Prah.g_00952
OG0002232	Pral	Prbg.g_01124	Pral.g_01759
OG0002232	Prat	Prbg.g_01124	Prat.g_00756
OG0002232	Pram	Prbg.g_01124	Pram.g_00773
OG0002232	Prbh	Prbg.g_01124	Prbh.g_00917
OG0002232	Prak	Prbg.g_01124	Prak.g_00810
OG0002232	Prap	Prbg.g_01124	Prap.g_00818
OG0002232	Prbe	Prbg.g_01124	Prbe.g_00457
OG0002232	Prbf	Prbg.g_01124	Prbf.g_01280
OG0002232	Prbn	Prbg.g_01124	Prbn.g_01581
OG0002240	Praj	Prbg.g_00895	Praj.g_00161
OG0002240	Prbb	Prbg.g_00895	Prbb.g_00178
OG0002240	Prbm	Prbg.g_00895	Prbm.g_00180
OG0002240	Prbc	Prbg.g_00895	Prbc.g_00450
OG0002240	Prbj	Prbg.g_00895	Prbj.g_00122
OG0002240	Prbk	Prbg.g_00895	Prbk.g_02119
OG0002240	Prbl	Prbg.g_00895	Prbl.g_01334
OG0002240	Praf	Prbg.g_00895	Praf.g_01899
OG0002240	Prah	Prbg.g_00895	Prah.g_00320
OG0002240	Pral	Prbg.g_00895	Pral.g_00924
OG0002240	Prat	Prbg.g_00895	Prat.g_00120
OG0002240	Pram	Prbg.g_00895	Pram.g_00107
OG0002240	Prbh	Prbg.g_00895	Prbh.g_00660
OG0002240	Prak	Prbg.g_00895	Prak.g_00129
OG0002240	Prap	Prbg.g_00895	Prap.g_01053
OG0002240	Prbe	Prbg.g_00895	Prbe.g_01665
OG0002240	Prbf	Prbg.g_00895	Prbf.g_01451
OG0002240	Prbn	Prbg.g_00895	Prbn.g_01296
OG0002246	Syan	Prbg.g_01598	Syan.g_00912, Syan.g_02323
OG0002246	Syao	Prbg.g_01598	Syao.g_00422, Syao.g_01724
OG0002246	Syaq	Prbg.g_01598	Syaq.g_00271, Syaq.g_00518
OG0002246	Syag	Prbg.g_01598	Syag.g_00015
OG0002246	Syab	Prbg.g_01598	Syab.g_00563
OG0002246	Syal	Prbg.g_01598	Syal.g_00542
OG0002246	Pral	Prbg.g_01598	Pral.g_00081
OG0002246	Prat	Prbg.g_01598	Prat.g_01537
OG0002246	Pram	Prbg.g_01598	Pram.g_01583
OG0002246	Prbh	Prbg.g_01598	Prbh.g_01831
OG0002246	Prak	Prbg.g_01598	Prak.g_01593
OG0002246	Prap	Prbg.g_01598	Prap.g_01831
OG0002246	Prbe	Prbg.g_01598	Prbe.g_01037
OG0002246	Prbf	Prbg.g_01598	Prbf.g_00745
OG0002246	Prbn	Prbg.g_01598	Prbn.g_01693
OG0002270	Praa	Prbg.g_00562	Praa.g_01441
OG0002270	Pras	Prbg.g_00562	Pras.g_00283
OG0002270	Prae	Prbg.g_00562	Prae.g_01407
OG0002270	Syat	Prbg.g_00562	Syat.g_01201, Syat.g_02138, Syat.g_00352, Syat.g_00351
OG0002270	Syar	Prbg.g_00562	Syar.g_02461, Syar.g_02463, Syar.g_02462
OG0002270	Prab	Prbg.g_00562	Prab.g_01442
OG0002270	Pran	Prbg.g_00562	Pran.g_00757
OG0002270	Prak	Prbg.g_00562	Prak.g_01362
OG0002270	Prap	Prbg.g_00562	Prap.g_00092
OG0002270	Prbe	Prbg.g_00562	Prbe.g_00340
OG0002270	Prbf	Prbg.g_00562	Prbf.g_00128
OG0002270	Prbn	Prbg.g_00562	Prbn.g_00183
OG0002275	Prab	Prbg.g_01620	Prab.g_01633
OG0002275	Pran	Prbg.g_01620	Pran.g_00934
OG0002275	Prbi	Prbg.g_01620	Prbi.g_00160
OG0002275	Prav	Prbg.g_01620	Prav.g_01743
OG0002275	Prag	Prbg.g_01620	Prag.g_01233
OG0002275	Praw	Prbg.g_01620	Praw.g_00297
OG0002275	Prbc	Prbg.g_01620	Prbc.g_01361
OG0002275	Prbd	Prbg.g_01620	Prbd.g_00532
OG0002275	Prar	Prbg.g_01620	Prar.g_01152
OG0002275	Prao	Prbg.g_01620	Prao.g_01339
OG0002275	Prax	Prbg.g_01620	Prax.g_01574
OG0002275	Prat	Prbg.g_01620	Prat.g_00608
OG0002275	Prak	Prbg.g_01620	Prak.g_01615
OG0002275	Prap	Prbg.g_01620	Prap.g_01809
OG0002275	Prbe	Prbg.g_01620	Prbe.g_01015
OG0002275	Prbf	Prbg.g_01620	Prbf.g_00723
OG0002275	Prbn	Prbg.g_01620	Prbn.g_01715
OG0002282	Praj	Prbg.g_00685	Praj.g_00860
OG0002282	Prbb	Prbg.g_00685	Prbb.g_00905
OG0002282	Prbm	Prbg.g_00685	Prbm.g_00902
OG0002282	Prbc	Prbg.g_00685	Prbc.g_01949
OG0002282	Pram	Prbg.g_00685	Pram.g_01285
OG0002282	Prbh	Prbg.g_00685	Prbh.g_00192
OG0002282	Prat	Prbg.g_00685	Prat.g_01450
OG0002282	Pral	Prbg.g_00685	Pral.g_01066
OG0002282	Praf	Prbg.g_00685	Praf.g_00947
OG0002282	Prbj	Prbg.g_00685	Prbj.g_00029
OG0002282	Prbk	Prbg.g_00685	Prbk.g_01648
OG0002282	Prbl	Prbg.g_00685	Prbl.g_01093
OG0002282	Prak	Prbg.g_00685	Prak.g_01485
OG0002282	Prap	Prbg.g_00685	Prap.g_00215
OG0002282	Prbe	Prbg.g_00685	Prbe.g_00217
OG0002282	Prbf	Prbg.g_00685	Prbf.g_00251
OG0002282	Prbn	Prbg.g_00685	Prbn.g_00888
OG0002283	Prbc	Prbg.g_01536	Prbc.g_00090
OG0002283	Praj	Prbg.g_01536	Praj.g_01342
OG0002283	Prbb	Prbg.g_01536	Prbb.g_01386
OG0002283	Prbm	Prbg.g_01536	Prbm.g_01269
OG0002283	Praf	Prbg.g_01536	Praf.g_00989
OG0002283	Prbj	Prbg.g_01536	Prbj.g_00677
OG0002283	Prbk	Prbg.g_01536	Prbk.g_01681
OG0002283	Prbl	Prbg.g_01536	Prbl.g_01705
OG0002283	Prat	Prbg.g_01536	Prat.g_01207
OG0002283	Pram	Prbg.g_01536	Pram.g_01525
OG0002283	Prbh	Prbg.g_01536	Prbh.g_01889
OG0002283	Pral	Prbg.g_01536	Pral.g_01317
OG0002283	Prak	Prbg.g_01536	Prak.g_01222
OG0002283	Prap	Prbg.g_01536	Prap.g_00506
OG0002283	Prbe	Prbg.g_01536	Prbe.g_01599
OG0002283	Prbf	Prbg.g_01536	Prbf.g_00868
OG0002283	Prbn	Prbg.g_01536	Prbn.g_01139
OG0002284	Pram	Prbg.g_00400	Pram.g_00643
OG0002284	Prbh	Prbg.g_00400	Prbh.g_00787
OG0002284	Praj	Prbg.g_00400	Praj.g_01513
OG0002284	Prbb	Prbg.g_00400	Prbb.g_01565
OG0002284	Prbc	Prbg.g_00400	Prbc.g_00551
OG0002284	Prbm	Prbg.g_00400	Prbm.g_01589
OG0002284	Prat	Prbg.g_00400	Prat.g_00638
OG0002284	Pral	Prbg.g_00400	Pral.g_00442
OG0002284	Praf	Prbg.g_00400	Praf.g_01211
OG0002284	Prbj	Prbg.g_00400	Prbj.g_00942
OG0002284	Prbk	Prbg.g_00400	Prbk.g_01806
OG0002284	Prbl	Prbg.g_00400	Prbl.g_01868
OG0002284	Prak	Prbg.g_00400	Prak.g_00675
OG0002284	Prap	Prbg.g_00400	Prap.g_00603
OG0002284	Prbe	Prbg.g_00400	Prbe.g_00728
OG0002284	Prbf	Prbg.g_00400	Prbf.g_00332
OG0002284	Prbn	Prbg.g_00400	Prbn.g_00817
OG0002293	Prag	Prbg.g_00401	Prag.g_01260
OG0002293	Praw	Prbg.g_00401	Praw.g_00324
OG0002293	Prav	Prbg.g_00401	Prav.g_01368
OG0002293	Pram	Prbg.g_00401	Pram.g_00639
OG0002293	Prbh	Prbg.g_00401	Prbh.g_00783
OG0002293	Syai	Prbg.g_00401	Syai.g_00879
OG0002293	Pral	Prbg.g_00401	Pral.g_01734
OG0002293	Prat	Prbg.g_00401	Prat.g_00780
OG0002293	Prbm	Prbg.g_00401	Prbm.g_01073
OG0002293	Praj	Prbg.g_00401	Praj.g_01033
OG0002293	Prbc	Prbg.g_00401	Prbc.g_02122
OG0002293	Prbb	Prbg.g_00401	Prbb.g_01079
OG0002293	Prak	Prbg.g_00401	Prak.g_00674
OG0002293	Prap	Prbg.g_00401	Prap.g_00604
OG0002293	Prbe	Prbg.g_00401	Prbe.g_00727
OG0002293	Prbf	Prbg.g_00401	Prbf.g_00333
OG0002293	Prbn	Prbg.g_00401	Prbn.g_00816
OG0002294	Prbm	Prbg.g_01057	Prbm.g_00107, Prbm.g_01069
OG0002294	Prbb	Prbg.g_01057	Prbb.g_00104, Prbb.g_01075
OG0002294	Praj	Prbg.g_01057	Praj.g_00088, Praj.g_01029
OG0002294	Prbc	Prbg.g_01057	Prbc.g_00524, Prbc.g_02118
OG0002294	Pral	Prbg.g_01057	Pral.g_01825
OG0002294	Prat	Prbg.g_01057	Prat.g_00689
OG0002294	Pram	Prbg.g_01057	Pram.g_00709
OG0002294	Prbh	Prbg.g_01057	Prbh.g_00853
OG0002294	Prak	Prbg.g_01057	Prak.g_00743
OG0002294	Prap	Prbg.g_01057	Prap.g_00665
OG0002294	Prbe	Prbg.g_01057	Prbe.g_00100
OG0002294	Prbf	Prbg.g_01057	Prbf.g_00843
OG0002294	Prbn	Prbg.g_01057	Prbn.g_01935
OG0002321	Prbd	Prbg.g_00559	Prbd.g_01741
OG0002321	Pram	Prbg.g_00559	Pram.g_01419
OG0002321	Prbh	Prbg.g_00559	Prbh.g_00058
OG0002321	Pray	Prbg.g_00559	Pray.g_01774
OG0002321	Praz	Prbg.g_00559	Praz.g_01084
OG0002321	Prba	Prbg.g_00559	Prba.g_00140
OG0002321	Praf	Prbg.g_00559	Praf.g_00100
OG0002321	Syad	Prbg.g_00559	Syad.g_00278
OG0002321	Praa	Prbg.g_00559	Praa.g_01439
OG0002321	Prab	Prbg.g_00559	Prab.g_01402
OG0002321	Pran	Prbg.g_00559	Pran.g_00798
OG0002321	Prak	Prbg.g_00559	Prak.g_01359
OG0002321	Prap	Prbg.g_00559	Prap.g_00089
OG0002321	Prbe	Prbg.g_00559	Prbe.g_00343
OG0002321	Prbf	Prbg.g_00559	Prbf.g_00125
OG0002321	Prbn	Prbg.g_00559	Prbn.g_00180
OG0002326	Prab	Prbg.g_01587	Prab.g_01193
OG0002326	Pran	Prbg.g_01587	Pran.g_00086
OG0002326	Prai	Prbg.g_01587	Prai.g_01150
OG0002326	Prbi	Prbg.g_01587	Prbi.g_01309
OG0002326	Prag	Prbg.g_01587	Prag.g_00717
OG0002326	Praw	Prbg.g_01587	Praw.g_01784
OG0002326	Prax	Prbg.g_01587	Prax.g_00495
OG0002326	Prav	Prbg.g_01587	Prav.g_01389
OG0002326	Prac	Prbg.g_01587	Prac.g_00895
OG0002326	Praq	Prbg.g_01587	Praq.g_00062
OG0002326	Prar	Prbg.g_01587	Prar.g_01176
OG0002326	Prak	Prbg.g_01587	Prak.g_01582
OG0002326	Prap	Prbg.g_01587	Prap.g_01842
OG0002326	Prbe	Prbg.g_01587	Prbe.g_01048
OG0002326	Prbf	Prbg.g_01587	Prbf.g_00756
OG0002326	Prbn	Prbg.g_01587	Prbn.g_01682
OG0002340	Prah	Prbg.g_00988	Prah.g_02421
OG0002340	Praf	Prbg.g_00988	Praf.g_02584
OG0002340	Prbj	Prbg.g_00988	Prbj.g_00232
OG0002340	Prbk	Prbg.g_00988	Prbk.g_00689
OG0002340	Prbl	Prbg.g_00988	Prbl.g_00133
OG0002340	Syac	Prbg.g_00988	Syac.g_02299
OG0002340	Syah	Prbg.g_00988	Syah.g_00576
OG0002340	Syab	Prbg.g_00988	Syab.g_02676
OG0002340	Syal	Prbg.g_00988	Syal.g_00973
OG0002340	Syar	Prbg.g_00988	Syar.g_00960
OG0002340	Syat	Prbg.g_00988	Syat.g_02781
OG0002340	Prak	Prbg.g_00988	Prak.g_00222
OG0002340	Prap	Prbg.g_00988	Prap.g_00960
OG0002340	Prbe	Prbg.g_00988	Prbe.g_01758
OG0002340	Prbf	Prbg.g_00988	Prbf.g_01544
OG0002340	Prbn	Prbg.g_00988	Prbn.g_00344
OG0002344	Praj	Prbg.g_00133	Praj.g_00398
OG0002344	Prbm	Prbg.g_00133	Prbm.g_00418
OG0002344	Syar	Prbg.g_00133	Syar.g_00030, Syar.g_01149, Syar.g_01154
OG0002344	Syaa	Prbg.g_00133	Syaa.g_02159, Syaa.g_02396
OG0002344	Syag	Prbg.g_00133	Syag.g_01900, Syag.g_02869
OG0002344	Prak	Prbg.g_00133	Prak.g_00375
OG0002344	Pram	Prbg.g_00133	Pram.g_00348
OG0002344	Prap	Prbg.g_00133	Prap.g_01353
OG0002344	Prbe	Prbg.g_00133	Prbe.g_01911
OG0002344	Prbf	Prbg.g_00133	Prbf.g_01697
OG0002344	Prbh	Prbg.g_00133	Prbh.g_00419
OG0002344	Prbn	Prbg.g_00133	Prbn.g_00700
OG0002345	Pram	Prbg.g_00363	Pram.g_01591
OG0002345	Prbh	Prbg.g_00363	Prbh.g_01823
OG0002345	Prat	Prbg.g_00363	Prat.g_01501
OG0002345	Prbb	Prbg.g_00363	Prbb.g_01410, Prbb.g_01299
OG0002345	Praj	Prbg.g_00363	Praj.g_01364, Praj.g_01254
OG0002345	Prbc	Prbg.g_00363	Prbc.g_00053, Prbc.g_01328
OG0002345	Prbm	Prbg.g_00363	Prbm.g_01364
OG0002345	Pral	Prbg.g_00363	Pral.g_00036
OG0002345	Prak	Prbg.g_00363	Prak.g_00605
OG0002345	Prap	Prbg.g_00363	Prap.g_01124
OG0002345	Prbe	Prbg.g_00363	Prbe.g_00490
OG0002345	Prbf	Prbg.g_00363	Prbf.g_01926
OG0002345	Prbn	Prbg.g_00363	Prbn.g_00471
OG0002346	Prav	Prbg.g_01513	Prav.g_01887
OG0002346	Prbi	Prbg.g_01513	Prbi.g_01766, Prbi.g_01321
OG0002346	Pral	Prbg.g_01513	Pral.g_01328
OG0002346	Prat	Prbg.g_01513	Prat.g_01196
OG0002346	Pram	Prbg.g_01513	Pram.g_01167
OG0002346	Prbh	Prbg.g_01513	Prbh.g_01310
OG0002346	Praj	Prbg.g_01513	Praj.g_01569
OG0002346	Prbb	Prbg.g_01513	Prbb.g_01633
OG0002346	Prbm	Prbg.g_01513	Prbm.g_01654
OG0002346	Prbc	Prbg.g_01513	Prbc.g_00651
OG0002346	Prak	Prbg.g_01513	Prak.g_01199
OG0002346	Prap	Prbg.g_01513	Prap.g_00483
OG0002346	Prbe	Prbg.g_01513	Prbe.g_01576
OG0002346	Prbf	Prbg.g_01513	Prbf.g_00891
OG0002346	Prbn	Prbg.g_01513	Prbn.g_01162
OG0002348	Syao	Prbg.g_00711	Syao.g_01224
OG0002348	Syak	Prbg.g_00711	Syak.g_00243
OG0002348	Syag	Prbg.g_00711	Syag.g_00117
OG0002348	Syai	Prbg.g_00711	Syai.g_01637
OG0002348	Syas	Prbg.g_00711	Syas.g_00879
OG0002348	Syar	Prbg.g_00711	Syar.g_00309
OG0002348	Syat	Prbg.g_00711	Syat.g_02603
OG0002348	Prat	Prbg.g_00711	Prat.g_01518
OG0002348	Pral	Prbg.g_00711	Pral.g_00033
OG0002348	Pram	Prbg.g_00711	Pram.g_01527
OG0002348	Prbh	Prbg.g_00711	Prbh.g_01887
OG0002348	Prak	Prbg.g_00711	Prak.g_01511
OG0002348	Prap	Prbg.g_00711	Prap.g_01922
OG0002348	Prbe	Prbg.g_00711	Prbe.g_00002
OG0002348	Prbf	Prbg.g_00711	Prbf.g_00827
OG0002348	Prbn	Prbg.g_00711	Prbn.g_00149
OG0002377	Prag	Prbg.g_00527	Prag.g_01273
OG0002377	Praw	Prbg.g_00527	Praw.g_00337
OG0002377	Prad	Prbg.g_00527	Prad.g_00309
OG0002377	Prav	Prbg.g_00527	Prav.g_00949, Prav.g_01366
OG0002377	Prac	Prbg.g_00527	Prac.g_00888
OG0002377	Praq	Prbg.g_00527	Praq.g_00054
OG0002377	Prar	Prbg.g_00527	Prar.g_01168
OG0002377	Prau	Prbg.g_00527	Prau.g_01277
OG0002377	Syam	Prbg.g_00527	Syam.g_00761
OG0002377	Prak	Prbg.g_00527	Prak.g_01327
OG0002377	Prap	Prbg.g_00527	Prap.g_00057
OG0002377	Prbe	Prbg.g_00527	Prbe.g_00375
OG0002377	Prbf	Prbg.g_00527	Prbf.g_00093
OG0002377	Prbn	Prbg.g_00527	Prbn.g_01238
OG0002379	Prac	Prbg.g_01597	Prac.g_01899
OG0002379	Praq	Prbg.g_01597	Praq.g_01248
OG0002379	Prar	Prbg.g_01597	Prar.g_00587
OG0002379	Pras	Prbg.g_01597	Pras.g_00888
OG0002379	Prau	Prbg.g_01597	Prau.g_00042
OG0002379	Pram	Prbg.g_01597	Pram.g_01582
OG0002379	Prbh	Prbg.g_01597	Prbh.g_01832
OG0002379	Prat	Prbg.g_01597	Prat.g_01536
OG0002379	Pral	Prbg.g_01597	Pral.g_00067
OG0002379	Syan	Prbg.g_01597	Syan.g_00214
OG0002379	Prak	Prbg.g_01597	Prak.g_01592
OG0002379	Prap	Prbg.g_01597	Prap.g_01832
OG0002379	Prbe	Prbg.g_01597	Prbe.g_01038
OG0002379	Prbf	Prbg.g_01597	Prbf.g_00746
OG0002379	Prbn	Prbg.g_01597	Prbn.g_01692
OG0002383	Prbm	Prbg.g_00026	Prbm.g_01266
OG0002383	Prbc	Prbg.g_00026	Prbc.g_00087
OG0002383	Praj	Prbg.g_00026	Praj.g_01338
OG0002383	Prbb	Prbg.g_00026	Prbb.g_01382
OG0002383	Prat	Prbg.g_00026	Prat.g_00623
OG0002383	Praf	Prbg.g_00026	Praf.g_00890
OG0002383	Prah	Prbg.g_00026	Prah.g_01287
OG0002383	Prbj	Prbg.g_00026	Prbj.g_02168
OG0002383	Prbk	Prbg.g_00026	Prbk.g_00173
OG0002383	Prbl	Prbg.g_00026	Prbl.g_02595
OG0002383	Prak	Prbg.g_00026	Prak.g_00708
OG0002383	Prap	Prbg.g_00026	Prap.g_00016
OG0002383	Prbe	Prbg.g_00026	Prbe.g_00075
OG0002383	Prbf	Prbg.g_00026	Prbf.g_00300
OG0002383	Prbn	Prbg.g_00026	Prbn.g_01043
OG0002384	Syai	Prbg.g_01621	Syai.g_00598
OG0002384	Syaj	Prbg.g_01621	Syaj.g_01198
OG0002384	Syar	Prbg.g_01621	Syar.g_00354
OG0002384	Syat	Prbg.g_01621	Syat.g_00943
OG0002384	Prbb	Prbg.g_01621	Prbb.g_01567, Prbb.g_01308
OG0002384	Praf	Prbg.g_01621	Praf.g_00981, Praf.g_00982
OG0002384	Praj	Prbg.g_01621	Praj.g_01262
OG0002384	Prbm	Prbg.g_01621	Prbm.g_01372
OG0002384	Prak	Prbg.g_01621	Prak.g_01616
OG0002384	Prap	Prbg.g_01621	Prap.g_01808
OG0002384	Prbe	Prbg.g_01621	Prbe.g_01014
OG0002384	Prbf	Prbg.g_01621	Prbf.g_00722
OG0002384	Prbn	Prbg.g_01621	Prbn.g_01716
OG0002389	Praf	Prbg.g_01804	Praf.g_02095
OG0002389	Syan	Prbg.g_01804	Syan.g_02178
OG0002389	Syao	Prbg.g_01804	Syao.g_01819
OG0002389	Syat	Prbg.g_01804	Syat.g_01641
OG0002389	Syap	Prbg.g_01804	Syap.g_00600
OG0002389	Syas	Prbg.g_01804	Syas.g_01570
OG0002389	Syai	Prbg.g_01804	Syai.g_00424
OG0002389	Syaq	Prbg.g_01804	Syaq.g_00586
OG0002389	Pram	Prbg.g_01804	Pram.g_01789
OG0002389	Prbh	Prbg.g_01804	Prbh.g_01625
OG0002389	Prak	Prbg.g_01804	Prak.g_01799
OG0002389	Prap	Prbg.g_01804	Prap.g_01623
OG0002389	Prbe	Prbg.g_01804	Prbe.g_00817
OG0002389	Prbf	Prbg.g_01804	Prbf.g_00539
OG0002389	Prbn	Prbg.g_01804	Prbn.g_01900
OG0002397	Prbj	Prbg.g_01318	Prbj.g_00203
OG0002397	Prbk	Prbg.g_01318	Prbk.g_01342
OG0002397	Prbl	Prbg.g_01318	Prbl.g_01015
OG0002397	Syao	Prbg.g_01318	Syao.g_01162
OG0002397	Syad	Prbg.g_01318	Syad.g_02009
OG0002397	Syaj	Prbg.g_01318	Syaj.g_01136
OG0002397	Pral	Prbg.g_01318	Pral.g_01668
OG0002397	Prat	Prbg.g_01318	Prat.g_00853
OG0002397	Pram	Prbg.g_01318	Pram.g_00668
OG0002397	Prbh	Prbg.g_01318	Prbh.g_00812
OG0002397	Prak	Prbg.g_01318	Prak.g_01004
OG0002397	Prap	Prbg.g_01318	Prap.g_00288
OG0002397	Prbe	Prbg.g_01318	Prbe.g_01381
OG0002397	Prbf	Prbg.g_01318	Prbf.g_01086
OG0002397	Prbn	Prbg.g_01318	Prbn.g_01387
OG0002398	Prat	Prbg.g_00693, Prbg.g_01515	Prat.g_01183
OG0002398	Pral	Prbg.g_00693, Prbg.g_01515	Pral.g_01341
OG0002398	Pram	Prbg.g_00693, Prbg.g_01515	Pram.g_01169
OG0002398	Prbh	Prbg.g_00693, Prbg.g_01515	Prbh.g_01312
OG0002398	Prak	Prbg.g_00693	Prak.g_01493
OG0002398	Prap	Prbg.g_00693	Prap.g_00223
OG0002398	Prbe	Prbg.g_00693	Prbe.g_00209
OG0002398	Prbf	Prbg.g_00693	Prbf.g_00259
OG0002398	Prbn	Prbg.g_00693	Prbn.g_00880
OG0002398	Prak	Prbg.g_01515	Prak.g_01201
OG0002398	Prap	Prbg.g_01515	Prap.g_00485
OG0002398	Prbe	Prbg.g_01515	Prbe.g_01578
OG0002398	Prbf	Prbg.g_01515	Prbf.g_00889
OG0002398	Prbn	Prbg.g_01515	Prbn.g_01160
OG0002421	Prac	Prbg.g_00560	Prac.g_00271
OG0002421	Praq	Prbg.g_00560	Praq.g_00231
OG0002421	Prar	Prbg.g_00560	Prar.g_00857
OG0002421	Prax	Prbg.g_00560	Prax.g_01810
OG0002421	Praa	Prbg.g_00560	Praa.g_01440, Praa.g_01417
OG0002421	Prab	Prbg.g_00560	Prab.g_01403
OG0002421	Pran	Prbg.g_00560	Pran.g_00797
OG0002421	Syad	Prbg.g_00560	Syad.g_00276
OG0002421	Prak	Prbg.g_00560	Prak.g_01360
OG0002421	Prap	Prbg.g_00560	Prap.g_00090
OG0002421	Prbe	Prbg.g_00560	Prbe.g_00342
OG0002421	Prbf	Prbg.g_00560	Prbf.g_00126
OG0002421	Prbn	Prbg.g_00560	Prbn.g_00181
OG0002433	Praf	Prbg.g_00736	Praf.g_00562
OG0002433	Prbj	Prbg.g_00736	Prbj.g_01664
OG0002433	Prbk	Prbg.g_00736	Prbk.g_02027
OG0002433	Prbl	Prbg.g_00736	Prbl.g_00477
OG0002433	Syak	Prbg.g_00736	Syak.g_00130
OG0002433	Syab	Prbg.g_00736	Syab.g_02671
OG0002433	Syal	Prbg.g_00736	Syal.g_00969
OG0002433	Syag	Prbg.g_00736	Syag.g_00123
OG0002433	Syao	Prbg.g_00736	Syao.g_00363
OG0002433	Prak	Prbg.g_00736	Prak.g_01536
OG0002433	Prap	Prbg.g_00736	Prap.g_01897
OG0002433	Prbe	Prbg.g_00736	Prbe.g_00027
OG0002433	Prbf	Prbg.g_00736	Prbf.g_00802
OG0002433	Prbn	Prbg.g_00736	Prbn.g_00124
OG0002436	Syai	Prbg.g_01580	Syai.g_00606
OG0002436	Syat	Prbg.g_01580	Syat.g_01258, Syat.g_02488
OG0002436	Prbj	Prbg.g_01580	Prbj.g_00708
OG0002436	Prbk	Prbg.g_01580	Prbk.g_01713
OG0002436	Prbl	Prbg.g_01580	Prbl.g_01674
OG0002436	Praf	Prbg.g_01580	Praf.g_01025
OG0002436	Prah	Prbg.g_01580	Prah.g_01164
OG0002436	Pral	Prbg.g_01580	Pral.g_00071
OG0002436	Prak	Prbg.g_01580	Prak.g_01575
OG0002436	Prap	Prbg.g_01580	Prap.g_01849
OG0002436	Prbe	Prbg.g_01580	Prbe.g_01132
OG0002436	Prbf	Prbg.g_01580	Prbf.g_00763
OG0002436	Prbn	Prbg.g_01580	Prbn.g_01675
OG0002439	Prbj	Prbg.g_00738	Prbj.g_00871
OG0002439	Prbk	Prbg.g_00738	Prbk.g_00921
OG0002439	Prbl	Prbg.g_00738	Prbl.g_00407
OG0002439	Praf	Prbg.g_00738	Praf.g_01256
OG0002439	Prah	Prbg.g_00738	Prah.g_00943
OG0002439	Pral	Prbg.g_00738	Pral.g_01306
OG0002439	Prat	Prbg.g_00738	Prat.g_01220
OG0002439	Pram	Prbg.g_00738	Pram.g_01564
OG0002439	Prbh	Prbg.g_00738	Prbh.g_01850
OG0002439	Prak	Prbg.g_00738	Prak.g_01538
OG0002439	Prap	Prbg.g_00738	Prap.g_01895
OG0002439	Prbe	Prbg.g_00738	Prbe.g_00029
OG0002439	Prbf	Prbg.g_00738	Prbf.g_00800
OG0002439	Prbn	Prbg.g_00738	Prbn.g_01638
OG0002442	Prbj	Prbg.g_00420	Prbj.g_02528
OG0002442	Prbk	Prbg.g_00420	Prbk.g_02585
OG0002442	Prbl	Prbg.g_00420	Prbl.g_01593
OG0002442	Praf	Prbg.g_00420	Praf.g_01644
OG0002442	Prah	Prbg.g_00420	Prah.g_00548
OG0002442	Prat	Prbg.g_00420	Prat.g_00628
OG0002442	Pral	Prbg.g_00420	Pral.g_01894
OG0002442	Pram	Prbg.g_00420	Pram.g_00633
OG0002442	Prbh	Prbg.g_00420	Prbh.g_00777
OG0002442	Prak	Prbg.g_00420	Prak.g_00655
OG0002442	Prap	Prbg.g_00420	Prap.g_00624
OG0002442	Prbe	Prbg.g_00420	Prbe.g_00708
OG0002442	Prbf	Prbg.g_00420	Prbf.g_00352
OG0002442	Prbn	Prbg.g_00420	Prbn.g_00797
OG0002453	Prbm	Prbg.g_01630	Prbm.g_01318
OG0002453	Praj	Prbg.g_01630	Praj.g_01209
OG0002453	Prbb	Prbg.g_01630	Prbb.g_01251
OG0002453	Prbc	Prbg.g_01630	Prbc.g_01281
OG0002453	Pram	Prbg.g_01630	Pram.g_01568
OG0002453	Prbh	Prbg.g_01630	Prbh.g_01846
OG0002453	Prat	Prbg.g_01630	Prat.g_01506, Prat.g_01562
OG0002453	Pral	Prbg.g_01630	Pral.g_00079
OG0002453	Prak	Prbg.g_01630	Prak.g_01625
OG0002453	Prap	Prbg.g_01630	Prap.g_01799
OG0002453	Prbe	Prbg.g_01630	Prbe.g_01005
OG0002453	Prbf	Prbg.g_01630	Prbf.g_00713
OG0002453	Prbn	Prbg.g_01630	Prbn.g_01725
OG0002455	Praj	Prbg.g_00733	Praj.g_01743
OG0002455	Prbm	Prbg.g_00733	Prbm.g_01821
OG0002455	Prbb	Prbg.g_00733	Prbb.g_01798
OG0002455	Prbc	Prbg.g_00733	Prbc.g_00818
OG0002455	Prat	Prbg.g_00733	Prat.g_01206
OG0002455	Pral	Prbg.g_00733	Pral.g_00041, Pral.g_01318
OG0002455	Pram	Prbg.g_00733	Pram.g_01528
OG0002455	Prbh	Prbg.g_00733	Prbh.g_01886
OG0002455	Prak	Prbg.g_00733	Prak.g_01533
OG0002455	Prap	Prbg.g_00733	Prap.g_01900
OG0002455	Prbe	Prbg.g_00733	Prbe.g_00024
OG0002455	Prbf	Prbg.g_00733	Prbf.g_00805
OG0002455	Prbn	Prbg.g_00733	Prbn.g_00127
OG0002456	Prbb	Prbg.g_01817	Prbb.g_02033
OG0002456	Prbc	Prbg.g_01817	Prbc.g_00239
OG0002456	Praj	Prbg.g_01817	Praj.g_01984
OG0002456	Prbm	Prbg.g_01817	Prbm.g_02066
OG0002456	Syaf	Prbg.g_01817	Syaf.g_01687
OG0002456	Pral	Prbg.g_01817	Pral.g_00276
OG0002456	Prat	Prbg.g_01817	Prat.g_01758
OG0002456	Pram	Prbg.g_01817	Pram.g_01803
OG0002456	Prbh	Prbg.g_01817	Prbh.g_01611
OG0002456	Prbf	Prbg.g_01817	Prbf.g_00526
OG0002456	Prak	Prbg.g_01817	Prak.g_01812
OG0002456	Prap	Prbg.g_01817	Prap.g_01610
OG0002456	Prbe	Prbg.g_01817	Prbe.g_00804
OG0002456	Prbn	Prbg.g_01817	Prbn.g_01913
OG0002457	Prbj	Prbg.g_01600, Prbg.g_01618	Prbj.g_00301
OG0002457	Prbk	Prbg.g_01600, Prbg.g_01618	Prbk.g_00109
OG0002457	Prbl	Prbg.g_01600, Prbg.g_01618	Prbl.g_00175
OG0002457	Prak	Prbg.g_01600	Prak.g_01595
OG0002457	Prap	Prbg.g_01600	Prap.g_01829
OG0002457	Prbe	Prbg.g_01600	Prbe.g_01035
OG0002457	Prbf	Prbg.g_01600	Prbf.g_00743
OG0002457	Prbn	Prbg.g_01600	Prbn.g_01695
OG0002457	Prak	Prbg.g_01618	Prak.g_01613
OG0002457	Prap	Prbg.g_01618	Prap.g_01811
OG0002457	Prbe	Prbg.g_01618	Prbe.g_01017
OG0002457	Prbf	Prbg.g_01618	Prbf.g_00725
OG0002457	Prbn	Prbg.g_01618	Prbn.g_01713
OG0002480	Prab	Prbg.g_00556	Prab.g_01399
OG0002480	Pran	Prbg.g_00556	Pran.g_00801
OG0002480	Praa	Prbg.g_00556	Praa.g_01416
OG0002480	Prac	Prbg.g_00556	Prac.g_00265
OG0002480	Praq	Prbg.g_00556	Praq.g_00225
OG0002480	Prar	Prbg.g_00556	Prar.g_00863
OG0002480	Prax	Prbg.g_00556	Prax.g_01816
OG0002480	Syad	Prbg.g_00556	Syad.g_00290
OG0002480	Prak	Prbg.g_00556	Prak.g_01356
OG0002480	Prap	Prbg.g_00556	Prap.g_00086
OG0002480	Prbe	Prbg.g_00556	Prbe.g_00346
OG0002480	Prbf	Prbg.g_00556	Prbf.g_00122
OG0002480	Prbn	Prbg.g_00556	Prbn.g_00177
OG0002487	Prab	Prbg.g_00460	Prab.g_01644
OG0002487	Pran	Prbg.g_00460	Pran.g_00945
OG0002487	Prae	Prbg.g_00460	Prae.g_01603
OG0002487	Syae	Prbg.g_00460	Syae.g_00132
OG0002487	Syak	Prbg.g_00460	Syak.g_00128
OG0002487	Syai	Prbg.g_00460	Syai.g_01842
OG0002487	Syad	Prbg.g_00460	Syad.g_00850
OG0002487	Syaj	Prbg.g_00460	Syaj.g_01800
OG0002487	Prak	Prbg.g_00460	Prak.g_01260
OG0002487	Prap	Prbg.g_00460	Prap.g_00544
OG0002487	Prbe	Prbg.g_00460	Prbe.g_00910
OG0002487	Prbf	Prbg.g_00460	Prbf.g_00043
OG0002487	Prbn	Prbg.g_00460	Prbn.g_01101
OG0002497	Praj	Prbg.g_00393	Praj.g_01143
OG0002497	Prbb	Prbg.g_00393	Prbb.g_01184
OG0002497	Prbc	Prbg.g_00393	Prbc.g_00120
OG0002497	Pral	Prbg.g_00393	Pral.g_00424
OG0002497	Pram	Prbg.g_00393	Pram.g_00652
OG0002497	Prbh	Prbg.g_00393	Prbh.g_00796
OG0002497	Praf	Prbg.g_00393	Praf.g_01870, Praf.g_02644
OG0002497	Prak	Prbg.g_00393	Prak.g_00682
OG0002497	Prap	Prbg.g_00393	Prap.g_00596
OG0002497	Prbe	Prbg.g_00393	Prbe.g_00735
OG0002497	Prbf	Prbg.g_00393	Prbf.g_00325
OG0002497	Prbn	Prbg.g_00393	Prbn.g_00824
OG0002499	Prag	Prbg.g_00701	Prag.g_01644
OG0002499	Praw	Prbg.g_00701	Praw.g_00490
OG0002499	Prav	Prbg.g_00701	Prav.g_01725
OG0002499	Prbc	Prbg.g_00701	Prbc.g_00005
OG0002499	Prbm	Prbg.g_00701	Prbm.g_01296
OG0002499	Prat	Prbg.g_00701	Prat.g_00650
OG0002499	Pram	Prbg.g_00701	Pram.g_01269
OG0002499	Prbh	Prbg.g_00701	Prbh.g_00208
OG0002499	Prak	Prbg.g_00701	Prak.g_01501
OG0002499	Prap	Prbg.g_00701	Prap.g_00231
OG0002499	Prbe	Prbg.g_00701	Prbe.g_00201
OG0002499	Prbf	Prbg.g_00701	Prbf.g_00267
OG0002499	Prbn	Prbg.g_00701	Prbn.g_00872
OG0002500	Prah	Prbg.g_00704	Prah.g_01599
OG0002500	Prbj	Prbg.g_00704	Prbj.g_01665
OG0002500	Prbk	Prbg.g_00704	Prbk.g_02026
OG0002500	Prbl	Prbg.g_00704	Prbl.g_00476
OG0002500	Pram	Prbg.g_00704	Pram.g_01270
OG0002500	Prbh	Prbg.g_00704	Prbh.g_00207
OG0002500	Prat	Prbg.g_00704	Prat.g_00664
OG0002500	Pral	Prbg.g_00704	Pral.g_01847
OG0002500	Prak	Prbg.g_00704	Prak.g_01504
OG0002500	Prap	Prbg.g_00704	Prap.g_00234
OG0002500	Prbe	Prbg.g_00704	Prbe.g_00198
OG0002500	Prbf	Prbg.g_00704	Prbf.g_00270
OG0002500	Prbn	Prbg.g_00704	Prbn.g_00869
OG0002501	Prbm	Prbg.g_00422	Prbm.g_00103
OG0002501	Praj	Prbg.g_00422	Praj.g_00083
OG0002501	Prbb	Prbg.g_00422	Prbb.g_00098
OG0002501	Prbc	Prbg.g_00422	Prbc.g_02188
OG0002501	Pral	Prbg.g_00422	Pral.g_01315
OG0002501	Prat	Prbg.g_00422	Prat.g_01209
OG0002501	Pram	Prbg.g_00422	Pram.g_01572
OG0002501	Prbh	Prbg.g_00422	Prbh.g_01842
OG0002501	Prak	Prbg.g_00422	Prak.g_00653
OG0002501	Prap	Prbg.g_00422	Prap.g_00626
OG0002501	Prbe	Prbg.g_00422	Prbe.g_00706
OG0002501	Prbf	Prbg.g_00422	Prbf.g_00354
OG0002501	Prbn	Prbg.g_00422	Prbn.g_00795
OG0002502	Praj	Prbg.g_01052	Praj.g_00090
OG0002502	Prbm	Prbg.g_01052	Prbm.g_00110
OG0002502	Prbb	Prbg.g_01052	Prbb.g_00106
OG0002502	Prbc	Prbg.g_01052	Prbc.g_00522
OG0002502	Pral	Prbg.g_01052	Pral.g_01833
OG0002502	Prat	Prbg.g_01052	Prat.g_00681
OG0002502	Pram	Prbg.g_01052	Pram.g_00703
OG0002502	Prbh	Prbg.g_01052	Prbh.g_00847
OG0002502	Prak	Prbg.g_01052	Prak.g_00738
OG0002502	Prap	Prbg.g_01052	Prap.g_00670
OG0002502	Prbe	Prbg.g_01052	Prbe.g_00095
OG0002502	Prbf	Prbg.g_01052	Prbf.g_00848
OG0002502	Prbn	Prbg.g_01052	Prbn.g_01940
OG0002503	Prbb	Prbg.g_00187	Prbb.g_00471
OG0002503	Praj	Prbg.g_00187	Praj.g_00460
OG0002503	Prbm	Prbg.g_00187	Prbm.g_00493
OG0002503	Prbc	Prbg.g_00187	Prbc.g_01527
OG0002503	Prat	Prbg.g_00187	Prat.g_00427
OG0002503	Pral	Prbg.g_00187	Pral.g_00624
OG0002503	Pram	Prbg.g_00187	Pram.g_00403
OG0002503	Prbh	Prbg.g_00187	Prbh.g_00364
OG0002503	Prak	Prbg.g_00187	Prak.g_00429
OG0002503	Prap	Prbg.g_00187	Prap.g_01299
OG0002503	Prbe	Prbg.g_00187	Prbe.g_00665
OG0002503	Prbf	Prbg.g_00187	Prbf.g_01751
OG0002503	Prbn	Prbg.g_00187	Prbn.g_00646
OG0002504	Praj	Prbg.g_01150	Praj.g_00697
OG0002504	Prbb	Prbg.g_01150	Prbb.g_00712
OG0002504	Prbc	Prbg.g_01150	Prbc.g_01786
OG0002504	Prbm	Prbg.g_01150	Prbm.g_00741
OG0002504	Pram	Prbg.g_01150	Pram.g_00800
OG0002504	Prbh	Prbg.g_01150	Prbh.g_00944
OG0002504	Pral	Prbg.g_01150	Pral.g_01730
OG0002504	Prat	Prbg.g_01150	Prat.g_00787
OG0002504	Prak	Prbg.g_01150	Prak.g_00836
OG0002504	Prap	Prbg.g_01150	Prap.g_00792
OG0002504	Prbe	Prbg.g_01150	Prbe.g_01213
OG0002504	Prbf	Prbg.g_01150	Prbf.g_01254
OG0002504	Prbn	Prbg.g_01150	Prbn.g_01555
OG0002505	Prbb	Prbg.g_00723	Prbb.g_00850
OG0002505	Prbc	Prbg.g_00723	Prbc.g_01926
OG0002505	Praj	Prbg.g_00723	Praj.g_00838
OG0002505	Prbm	Prbg.g_00723	Prbm.g_00880
OG0002505	Pram	Prbg.g_00723	Pram.g_01260
OG0002505	Prbh	Prbg.g_00723	Prbh.g_01403
OG0002505	Pral	Prbg.g_00723	Pral.g_00026
OG0002505	Prat	Prbg.g_00723	Prat.g_01490
OG0002505	Prak	Prbg.g_00723	Prak.g_01523
OG0002505	Prap	Prbg.g_00723	Prap.g_01910
OG0002505	Prbe	Prbg.g_00723	Prbe.g_00014
OG0002505	Prbf	Prbg.g_00723	Prbf.g_00815
OG0002505	Prbn	Prbg.g_00723	Prbn.g_00137
OG0002508	Prbc	Prbg.g_00394	Prbc.g_00611
OG0002508	Prbb	Prbg.g_00394	Prbb.g_01143
OG0002508	Praj	Prbg.g_00394	Praj.g_01098
OG0002508	Prbm	Prbg.g_00394	Prbm.g_01139
OG0002508	Prat	Prbg.g_00394	Prat.g_00642
OG0002508	Pram	Prbg.g_00394	Pram.g_00664
OG0002508	Prbh	Prbg.g_00394	Prbh.g_00808
OG0002508	Pral	Prbg.g_00394	Pral.g_01732
OG0002508	Prak	Prbg.g_00394	Prak.g_00681
OG0002508	Prap	Prbg.g_00394	Prap.g_00597
OG0002508	Prbe	Prbg.g_00394	Prbe.g_00734
OG0002508	Prbf	Prbg.g_00394	Prbf.g_00326
OG0002508	Prbn	Prbg.g_00394	Prbn.g_00823
OG0002509	Prbc	Prbg.g_00399	Prbc.g_01306
OG0002509	Praj	Prbg.g_00399	Praj.g_01234
OG0002509	Prbm	Prbg.g_00399	Prbm.g_01343
OG0002509	Prbb	Prbg.g_00399	Prbb.g_01276
OG0002509	Pral	Prbg.g_00399	Pral.g_00086
OG0002509	Prat	Prbg.g_00399	Prat.g_01526
OG0002509	Pram	Prbg.g_00399	Pram.g_00654
OG0002509	Prbh	Prbg.g_00399	Prbh.g_00798
OG0002509	Prak	Prbg.g_00399	Prak.g_00676
OG0002509	Prap	Prbg.g_00399	Prap.g_00602
OG0002509	Prbe	Prbg.g_00399	Prbe.g_00729
OG0002509	Prbf	Prbg.g_00399	Prbf.g_00331
OG0002509	Prbn	Prbg.g_00399	Prbn.g_00818
OG0002510	Prbb	Prbg.g_00016	Prbb.g_01283
OG0002510	Prbc	Prbg.g_00016	Prbc.g_01313
OG0002510	Praj	Prbg.g_00016	Praj.g_01240
OG0002510	Prbm	Prbg.g_00016	Prbm.g_01349
OG0002510	Pram	Prbg.g_00016	Pram.g_00686
OG0002510	Prbh	Prbg.g_00016	Prbh.g_00830
OG0002510	Pral	Prbg.g_00016	Pral.g_01700
OG0002510	Prat	Prbg.g_00016	Prat.g_00819
OG0002510	Prak	Prbg.g_00016	Prak.g_00718
OG0002510	Prap	Prbg.g_00016	Prap.g_00026
OG0002510	Prbe	Prbg.g_00016	Prbe.g_00065
OG0002510	Prbf	Prbg.g_00016	Prbf.g_00290
OG0002510	Prbn	Prbg.g_00016	Prbn.g_01033
OG0002511	Praj	Prbg.g_00063	Praj.g_01261
OG0002511	Prbm	Prbg.g_00063	Prbm.g_01371
OG0002511	Prbc	Prbg.g_00063	Prbc.g_01335
OG0002511	Prbb	Prbg.g_00063	Prbb.g_01307
OG0002511	Prat	Prbg.g_00063	Prat.g_00673
OG0002511	Pral	Prbg.g_00063	Pral.g_01838
OG0002511	Pram	Prbg.g_00063	Pram.g_00272
OG0002511	Prbh	Prbg.g_00063	Prbh.g_00495
OG0002511	Prak	Prbg.g_00063	Prak.g_00302
OG0002511	Prap	Prbg.g_00063	Prap.g_01426
OG0002511	Prbe	Prbg.g_00063	Prbe.g_01838
OG0002511	Prbf	Prbg.g_00063	Prbf.g_01624
OG0002511	Prbn	Prbg.g_00063	Prbn.g_00051
OG0002512	Prbb	Prbg.g_00356	Prbb.g_01453
OG0002512	Prbc	Prbg.g_00356	Prbc.g_01384
OG0002512	Praj	Prbg.g_00356	Praj.g_01399
OG0002512	Prbm	Prbg.g_00356	Prbm.g_01486
OG0002512	Pral	Prbg.g_00356	Pral.g_00452
OG0002512	Prat	Prbg.g_00356	Prat.g_00599
OG0002512	Pram	Prbg.g_00356	Pram.g_00575
OG0002512	Prbh	Prbg.g_00356	Prbh.g_01446
OG0002512	Prak	Prbg.g_00356	Prak.g_00598
OG0002512	Prap	Prbg.g_00356	Prap.g_01131
OG0002512	Prbe	Prbg.g_00356	Prbe.g_00497
OG0002512	Prbf	Prbg.g_00356	Prbf.g_01919
OG0002512	Prbn	Prbg.g_00356	Prbn.g_00478
OG0002513	Praj	Prbg.g_01519	Praj.g_01491
OG0002513	Prbb	Prbg.g_01519	Prbb.g_01548
OG0002513	Prbc	Prbg.g_01519	Prbc.g_01477
OG0002513	Prbm	Prbg.g_01519	Prbm.g_01580
OG0002513	Prat	Prbg.g_01519	Prat.g_01186
OG0002513	Pral	Prbg.g_01519	Pral.g_01338
OG0002513	Pram	Prbg.g_01519	Pram.g_01172
OG0002513	Prbh	Prbg.g_01519	Prbh.g_01315
OG0002513	Prak	Prbg.g_01519	Prak.g_01205
OG0002513	Prap	Prbg.g_01519	Prap.g_00489
OG0002513	Prbe	Prbg.g_01519	Prbe.g_01582
OG0002513	Prbf	Prbg.g_01519	Prbf.g_00885
OG0002513	Prbn	Prbg.g_01519	Prbn.g_01156
OG0002514	Prbc	Prbg.g_00671	Prbc.g_00786
OG0002514	Praj	Prbg.g_00671	Praj.g_01710
OG0002514	Prbb	Prbg.g_00671	Prbb.g_01764
OG0002514	Prbm	Prbg.g_00671	Prbm.g_01788
OG0002514	Prat	Prbg.g_00671	Prat.g_01438
OG0002514	Pral	Prbg.g_00671	Pral.g_01077
OG0002514	Pram	Prbg.g_00671	Pram.g_01297
OG0002514	Prbh	Prbg.g_00671	Prbh.g_00180
OG0002514	Prak	Prbg.g_00671	Prak.g_01471
OG0002514	Prap	Prbg.g_00671	Prap.g_00201
OG0002514	Prbe	Prbg.g_00671	Prbe.g_00231
OG0002514	Prbf	Prbg.g_00671	Prbf.g_00237
OG0002514	Prbn	Prbg.g_00671	Prbn.g_00902
OG0002515	Prbc	Prbg.g_00753	Prbc.g_00900
OG0002515	Prbm	Prbg.g_00753	Prbm.g_01914
OG0002515	Praj	Prbg.g_00753	Praj.g_01836
OG0002515	Prbb	Prbg.g_00753	Prbb.g_01891
OG0002515	Pram	Prbg.g_00753	Pram.g_01550
OG0002515	Prbh	Prbg.g_00753	Prbh.g_01864
OG0002515	Pral	Prbg.g_00753	Pral.g_00074
OG0002515	Prat	Prbg.g_00753	Prat.g_01556
OG0002515	Prak	Prbg.g_00753	Prak.g_01554
OG0002515	Prap	Prbg.g_00753	Prap.g_01879
OG0002515	Prbe	Prbg.g_00753	Prbe.g_00045
OG0002515	Prbf	Prbg.g_00753	Prbf.g_00784
OG0002515	Prbn	Prbg.g_00753	Prbn.g_01654
OG0002516	Praj	Prbg.g_01517	Praj.g_01864
OG0002516	Prbb	Prbg.g_01517	Prbb.g_01918
OG0002516	Prbc	Prbg.g_01517	Prbc.g_00928
OG0002516	Prbm	Prbg.g_01517	Prbm.g_01943
OG0002516	Prat	Prbg.g_01517	Prat.g_01185
OG0002516	Pral	Prbg.g_01517	Pral.g_01339
OG0002516	Pram	Prbg.g_01517	Pram.g_01171
OG0002516	Prbh	Prbg.g_01517	Prbh.g_01314
OG0002516	Prak	Prbg.g_01517	Prak.g_01203
OG0002516	Prap	Prbg.g_01517	Prap.g_00487
OG0002516	Prbe	Prbg.g_01517	Prbe.g_01580
OG0002516	Prbf	Prbg.g_01517	Prbf.g_00887
OG0002516	Prbn	Prbg.g_01517	Prbn.g_01158
OG0002517	Praj	Prbg.g_00041	Praj.g_01896
OG0002517	Prbm	Prbg.g_00041	Prbm.g_01977
OG0002517	Prbc	Prbg.g_00041	Prbc.g_00962
OG0002517	Prbb	Prbg.g_00041	Prbb.g_01950
OG0002517	Pram	Prbg.g_00041	Pram.g_01267
OG0002517	Prbh	Prbg.g_00041	Prbh.g_00210
OG0002517	Pral	Prbg.g_00041	Pral.g_01031
OG0002517	Prat	Prbg.g_00041	Prat.g_01481
OG0002517	Prak	Prbg.g_00041	Prak.g_00693
OG0002517	Prap	Prbg.g_00041	Prap.g_00001
OG0002517	Prbf	Prbg.g_00041	Prbf.g_00315
OG0002517	Prbn	Prbg.g_00041	Prbn.g_01058
OG0002517	Prbe	Prbg.g_00041	Prbe.g_00090
OG0002518	Prau	Prbg.g_00374	Prau.g_00454
OG0002518	Syah	Prbg.g_00374	Syah.g_01479
OG0002518	Syae	Prbg.g_00374	Syae.g_00206
OG0002518	Syak	Prbg.g_00374	Syak.g_00195
OG0002518	Syai	Prbg.g_00374	Syai.g_01532, Syai.g_01662
OG0002518	Syal	Prbg.g_00374	Syal.g_02172, Syal.g_00737
OG0002518	Prak	Prbg.g_00374	Prak.g_00616
OG0002518	Prap	Prbg.g_00374	Prap.g_01113
OG0002518	Prbe	Prbg.g_00374	Prbe.g_00479
OG0002518	Prbf	Prbg.g_00374	Prbf.g_01937
OG0002518	Prbn	Prbg.g_00374	Prbn.g_00460
OG0002556	Prax	Prbg.g_00499	Prax.g_01764
OG0002556	Prad	Prbg.g_00499	Prad.g_00543
OG0002556	Prac	Prbg.g_00499	Prac.g_00436
OG0002556	Praq	Prbg.g_00499	Praq.g_00269
OG0002556	Prar	Prbg.g_00499	Prar.g_00364
OG0002556	Prav	Prbg.g_00499	Prav.g_01540
OG0002556	Prat	Prbg.g_00499	Prat.g_00786
OG0002556	Prak	Prbg.g_00499	Prak.g_01299
OG0002556	Prap	Prbg.g_00499	Prap.g_00583
OG0002556	Prbe	Prbg.g_00499	Prbe.g_00871
OG0002556	Prbf	Prbg.g_00499	Prbf.g_00004
OG0002556	Prbn	Prbg.g_00499	Prbn.g_01062
OG0002557	Prax	Prbg.g_00498	Prax.g_01765
OG0002557	Prac	Prbg.g_00498	Prac.g_00437
OG0002557	Praq	Prbg.g_00498	Praq.g_00268
OG0002557	Prar	Prbg.g_00498	Prar.g_00365
OG0002557	Prad	Prbg.g_00498	Prad.g_00544
OG0002557	Prav	Prbg.g_00498	Prav.g_01539
OG0002557	Prat	Prbg.g_00498	Prat.g_00785
OG0002557	Prak	Prbg.g_00498	Prak.g_01298
OG0002557	Prap	Prbg.g_00498	Prap.g_00582
OG0002557	Prbe	Prbg.g_00498	Prbe.g_00872
OG0002557	Prbf	Prbg.g_00498	Prbf.g_00005
OG0002557	Prbn	Prbg.g_00498	Prbn.g_01063
OG0002558	Prad	Prbg.g_00497	Prad.g_00545
OG0002558	Prav	Prbg.g_00497	Prav.g_01538
OG0002558	Prac	Prbg.g_00497	Prac.g_00438
OG0002558	Praq	Prbg.g_00497	Praq.g_00267
OG0002558	Prar	Prbg.g_00497	Prar.g_00366
OG0002558	Prax	Prbg.g_00497	Prax.g_01766
OG0002558	Prat	Prbg.g_00497	Prat.g_00784
OG0002558	Prak	Prbg.g_00497	Prak.g_01297
OG0002558	Prap	Prbg.g_00497	Prap.g_00581
OG0002558	Prbe	Prbg.g_00497	Prbe.g_00873
OG0002558	Prbf	Prbg.g_00497	Prbf.g_00006
OG0002558	Prbn	Prbg.g_00497	Prbn.g_01064
OG0002564	Prbj	Prbg.g_00710	Prbj.g_01328
OG0002564	Prbk	Prbg.g_00710	Prbk.g_01464
OG0002564	Prbl	Prbg.g_00710	Prbl.g_01939
OG0002564	Prah	Prbg.g_00710	Prah.g_01804
OG0002564	Praf	Prbg.g_00710	Praf.g_00355
OG0002564	Pram	Prbg.g_00710	Pram.g_01268
OG0002564	Prbh	Prbg.g_00710	Prbh.g_00209
OG0002564	Prak	Prbg.g_00710	Prak.g_01510
OG0002564	Prap	Prbg.g_00710	Prap.g_01923
OG0002564	Prbe	Prbg.g_00710	Prbe.g_00001
OG0002564	Prbf	Prbg.g_00710	Prbf.g_00828
OG0002564	Prbn	Prbg.g_00710	Prbn.g_00150
OG0002583	Prau	Prbg.g_00702	Prau.g_01438
OG0002583	Prai	Prbg.g_00702	Prai.g_01322
OG0002583	Pral	Prbg.g_00702	Pral.g_01226, Pral.g_01301
OG0002583	Pram	Prbg.g_00702	Pram.g_01261
OG0002583	Prbh	Prbg.g_00702	Prbh.g_01404
OG0002583	Prak	Prbg.g_00702	Prak.g_01502
OG0002583	Prap	Prbg.g_00702	Prap.g_00232
OG0002583	Prbe	Prbg.g_00702	Prbe.g_00200
OG0002583	Prbf	Prbg.g_00702	Prbf.g_00268
OG0002583	Prbn	Prbg.g_00702	Prbn.g_00871
OG0002584	Prbc	Prbg.g_01346	Prbc.g_00523
OG0002584	Praj	Prbg.g_01346	Praj.g_00089
OG0002584	Prbb	Prbg.g_01346	Prbb.g_00105
OG0002584	Prbm	Prbg.g_01346	Prbm.g_00109
OG0002584	Pral	Prbg.g_01346	Pral.g_01695
OG0002584	Pram	Prbg.g_01346	Pram.g_00997
OG0002584	Prbh	Prbg.g_01346	Prbh.g_01140
OG0002584	Prak	Prbg.g_01346	Prak.g_01032
OG0002584	Prap	Prbg.g_01346	Prap.g_00316
OG0002584	Prbe	Prbg.g_01346	Prbe.g_01409
OG0002584	Prbf	Prbg.g_01346	Prbf.g_01058
OG0002584	Prbn	Prbg.g_01346	Prbn.g_01359
OG0002586	Praj	Prbg.g_01118	Praj.g_01566
OG0002586	Prbc	Prbg.g_01118	Prbc.g_00648
OG0002586	Prbm	Prbg.g_01118	Prbm.g_01651
OG0002586	Prbb	Prbg.g_01118	Prbb.g_01630
OG0002586	Pral	Prbg.g_01118	Pral.g_01765
OG0002586	Pram	Prbg.g_01118	Pram.g_00767
OG0002586	Prbh	Prbg.g_01118	Prbh.g_00911
OG0002586	Prak	Prbg.g_01118	Prak.g_00804
OG0002586	Prap	Prbg.g_01118	Prap.g_00824
OG0002586	Prbe	Prbg.g_01118	Prbe.g_00451
OG0002586	Prbf	Prbg.g_01118	Prbf.g_01286
OG0002586	Prbn	Prbg.g_01118	Prbn.g_01587
OG0002587	Prbm	Prbg.g_01625	Prbm.g_01941
OG0002587	Praj	Prbg.g_01625	Praj.g_01862
OG0002587	Prbc	Prbg.g_01625	Prbc.g_00926
OG0002587	Prbb	Prbg.g_01625	Prbb.g_01916
OG0002587	Pral	Prbg.g_01625	Pral.g_00084
OG0002587	Pram	Prbg.g_01625	Pram.g_01619
OG0002587	Prbh	Prbg.g_01625	Prbh.g_01795
OG0002587	Prak	Prbg.g_01625	Prak.g_01620
OG0002587	Prap	Prbg.g_01625	Prap.g_01804
OG0002587	Prbe	Prbg.g_01625	Prbe.g_01010
OG0002587	Prbf	Prbg.g_01625	Prbf.g_00718
OG0002587	Prbn	Prbg.g_01625	Prbn.g_01720
OG0002588	Prat	Prbg.g_00570	Prat.g_01276
OG0002588	Prav	Prbg.g_00570	Prav.g_01543
OG0002588	Syao	Prbg.g_00570	Syao.g_01115
OG0002588	Syap	Prbg.g_00570	Syap.g_02162
OG0002588	Pray	Prbg.g_00570	Pray.g_01744
OG0002588	Praz	Prbg.g_00570	Praz.g_01063
OG0002588	Prba	Prbg.g_00570	Prba.g_00119
OG0002588	Prak	Prbg.g_00570	Prak.g_01370
OG0002588	Prap	Prbg.g_00570	Prap.g_00100
OG0002588	Prbe	Prbg.g_00570	Prbe.g_00332
OG0002588	Prbf	Prbg.g_00570	Prbf.g_00136
OG0002588	Prbn	Prbg.g_00570	Prbn.g_00191
OG0002646	Pram	Prbg.g_01818	Pram.g_01804
OG0002646	Prbh	Prbg.g_01818	Prbh.g_01610
OG0002646	Praf	Prbg.g_01818	Praf.g_02339, Praf.g_02340
OG0002646	Pral	Prbg.g_01818	Pral.g_01186
OG0002646	Prat	Prbg.g_01818	Prat.g_01331
OG0002646	Prak	Prbg.g_01818	Prak.g_01813
OG0002646	Prap	Prbg.g_01818	Prap.g_01609
OG0002646	Prbe	Prbg.g_01818	Prbe.g_00803
OG0002646	Prbf	Prbg.g_01818	Prbf.g_00525
OG0002646	Prbn	Prbg.g_01818	Prbn.g_01914
OG0002654	Prbm	Prbg.g_01537	Prbm.g_01086
OG0002654	Prbc	Prbg.g_01537	Prbc.g_02134
OG0002654	Praj	Prbg.g_01537	Praj.g_01046
OG0002654	Prbb	Prbg.g_01537	Prbb.g_01091
OG0002654	Prat	Prbg.g_01537	Prat.g_00661
OG0002654	Pral	Prbg.g_01537	Pral.g_01850
OG0002654	Prak	Prbg.g_01537	Prak.g_01223
OG0002654	Prap	Prbg.g_01537	Prap.g_00507
OG0002654	Prbe	Prbg.g_01537	Prbe.g_01600
OG0002654	Prbf	Prbg.g_01537	Prbf.g_00867
OG0002654	Prbn	Prbg.g_01537	Prbn.g_01138
OG0002655	Prbm	Prbg.g_01553	Prbm.g_01090
OG0002655	Praj	Prbg.g_01553	Praj.g_01050
OG0002655	Prbb	Prbg.g_01553	Prbb.g_01095
OG0002655	Prbc	Prbg.g_01553	Prbc.g_02138
OG0002655	Pral	Prbg.g_01553	Pral.g_00432
OG0002655	Prat	Prbg.g_01553	Prat.g_01223
OG0002655	Prak	Prbg.g_01553	Prak.g_01239
OG0002655	Prap	Prbg.g_01553	Prap.g_00523
OG0002655	Prbe	Prbg.g_01553	Prbe.g_01616
OG0002655	Prbf	Prbg.g_01553	Prbf.g_00064
OG0002655	Prbn	Prbg.g_01553	Prbn.g_01122
OG0002656	Prbc	Prbg.g_00456	Prbc.g_00612
OG0002656	Praj	Prbg.g_00456	Praj.g_01097
OG0002656	Prbm	Prbg.g_00456	Prbm.g_01138
OG0002656	Prbb	Prbg.g_00456	Prbb.g_01142
OG0002656	Pram	Prbg.g_00456	Pram.g_01211
OG0002656	Prbh	Prbg.g_00456	Prbh.g_01354
OG0002656	Prak	Prbg.g_00456	Prak.g_01256
OG0002656	Prap	Prbg.g_00456	Prap.g_00540
OG0002656	Prbe	Prbg.g_00456	Prbe.g_00914
OG0002656	Prbf	Prbg.g_00456	Prbf.g_00047
OG0002656	Prbn	Prbg.g_00456	Prbn.g_01105
OG0002657	Prbm	Prbg.g_00729	Prbm.g_01341
OG0002657	Prbb	Prbg.g_00729	Prbb.g_01274
OG0002657	Prbc	Prbg.g_00729	Prbc.g_01304
OG0002657	Praj	Prbg.g_00729	Praj.g_01232
OG0002657	Pram	Prbg.g_00729	Pram.g_00798
OG0002657	Prbh	Prbg.g_00729	Prbh.g_00942
OG0002657	Prak	Prbg.g_00729	Prak.g_01529
OG0002657	Prap	Prbg.g_00729	Prap.g_01904
OG0002657	Prbe	Prbg.g_00729	Prbe.g_00020
OG0002657	Prbf	Prbg.g_00729	Prbf.g_00809
OG0002657	Prbn	Prbg.g_00729	Prbn.g_00131
OG0002658	Praj	Prbg.g_01509	Praj.g_01483
OG0002658	Prbb	Prbg.g_01509	Prbb.g_01540
OG0002658	Prbm	Prbg.g_01509	Prbm.g_01572
OG0002658	Prbc	Prbg.g_01509	Prbc.g_01469
OG0002658	Pram	Prbg.g_01509	Pram.g_01163
OG0002658	Prbh	Prbg.g_01509	Prbh.g_01306
OG0002658	Prak	Prbg.g_01509	Prak.g_01195
OG0002658	Prap	Prbg.g_01509	Prap.g_00479
OG0002658	Prbe	Prbg.g_01509	Prbe.g_01572
OG0002658	Prbf	Prbg.g_01509	Prbf.g_00895
OG0002658	Prbn	Prbg.g_01509	Prbn.g_01166
OG0002659	Praj	Prbg.g_01048	Praj.g_01742
OG0002659	Prbb	Prbg.g_01048	Prbb.g_01797
OG0002659	Prbm	Prbg.g_01048	Prbm.g_01820
OG0002659	Prbc	Prbg.g_01048	Prbc.g_00817
OG0002659	Pral	Prbg.g_01048	Pral.g_01837
OG0002659	Prat	Prbg.g_01048	Prat.g_00674
OG0002659	Prak	Prbg.g_01048	Prak.g_00734
OG0002659	Prap	Prbg.g_01048	Prap.g_00674
OG0002659	Prbe	Prbg.g_01048	Prbe.g_00091
OG0002659	Prbf	Prbg.g_01048	Prbf.g_00852
OG0002659	Prbn	Prbg.g_01048	Prbn.g_01944
OG0002660	Prbm	Prbg.g_01546	Prbm.g_01827
OG0002660	Prbc	Prbg.g_01546	Prbc.g_00824
OG0002660	Praj	Prbg.g_01546	Praj.g_01750
OG0002660	Prbb	Prbg.g_01546	Prbb.g_01805
OG0002660	Pram	Prbg.g_01546	Pram.g_01195
OG0002660	Prbh	Prbg.g_01546	Prbh.g_01338
OG0002660	Prak	Prbg.g_01546	Prak.g_01232
OG0002660	Prap	Prbg.g_01546	Prap.g_00516
OG0002660	Prbe	Prbg.g_01546	Prbe.g_01609
OG0002660	Prbf	Prbg.g_01546	Prbf.g_00858
OG0002660	Prbn	Prbg.g_01546	Prbn.g_01129
OG0002661	Prbc	Prbg.g_01559	Prbc.g_00537
OG0002661	Prbm	Prbg.g_01559	Prbm.g_00464
OG0002661	Pral	Prbg.g_01559	Pral.g_01051
OG0002661	Prat	Prbg.g_01559	Prat.g_01464
OG0002661	Pram	Prbg.g_01559	Pram.g_01203
OG0002661	Prbh	Prbg.g_01559	Prbh.g_01346
OG0002661	Prak	Prbg.g_01559	Prak.g_01245
OG0002661	Prap	Prbg.g_01559	Prap.g_00529
OG0002661	Prbe	Prbg.g_01559	Prbe.g_01622
OG0002661	Prbf	Prbg.g_01559	Prbf.g_00058
OG0002661	Prbn	Prbg.g_01559	Prbn.g_01116
OG0002662	Prbb	Prbg.g_00741	Prbb.g_01427
OG0002662	Prbc	Prbg.g_00741	Prbc.g_00034
OG0002662	Pral	Prbg.g_00741	Pral.g_00055
OG0002662	Prat	Prbg.g_00741	Prat.g_00382
OG0002662	Pram	Prbg.g_00741	Pram.g_01209
OG0002662	Prbh	Prbg.g_00741	Prbh.g_01352
OG0002662	Prak	Prbg.g_00741	Prak.g_01541
OG0002662	Prap	Prbg.g_00741	Prap.g_01891
OG0002662	Prbe	Prbg.g_00741	Prbe.g_00032
OG0002662	Prbf	Prbg.g_00741	Prbf.g_00796
OG0002662	Prbn	Prbg.g_00741	Prbn.g_01642
OG0002663	Syab	Prbg.g_01629	Syab.g_00346
OG0002663	Syai	Prbg.g_01629	Syai.g_02098
OG0002663	Syad	Prbg.g_01629	Syad.g_00962
OG0002663	Syaj	Prbg.g_01629	Syaj.g_00130
OG0002663	Pram	Prbg.g_01629	Pram.g_01592
OG0002663	Prbh	Prbg.g_01629	Prbh.g_01822
OG0002663	Prak	Prbg.g_01629	Prak.g_01624
OG0002663	Prap	Prbg.g_01629	Prap.g_01800
OG0002663	Prbe	Prbg.g_01629	Prbe.g_01006
OG0002663	Prbf	Prbg.g_01629	Prbf.g_00714
OG0002663	Prbn	Prbg.g_01629	Prbn.g_01724
OG0002702	Pray	Prbg.g_01622	Pray.g_00252
OG0002702	Prba	Prbg.g_01622	Prba.g_01091
OG0002702	Prae	Prbg.g_01622	Prae.g_01260
OG0002702	Praf	Prbg.g_01622	Praf.g_01202
OG0002702	Prav	Prbg.g_01622	Prav.g_01874
OG0002702	Prak	Prbg.g_01622	Prak.g_01617
OG0002702	Prap	Prbg.g_01622	Prap.g_01807
OG0002702	Prbe	Prbg.g_01622	Prbe.g_01013
OG0002702	Prbf	Prbg.g_01622	Prbf.g_00721
OG0002702	Prbn	Prbg.g_01622	Prbn.g_01717
OG0002703	Prae	Prbg.g_00037	Prae.g_01419
OG0002703	Prbb	Prbg.g_00037	Prbb.g_00859
OG0002703	Syae	Prbg.g_00037	Syae.g_01206
OG0002703	Syan	Prbg.g_00037	Syan.g_01827
OG0002703	Syao	Prbg.g_00037	Syao.g_01120
OG0002703	Prak	Prbg.g_00037	Prak.g_00697
OG0002703	Prap	Prbg.g_00037	Prap.g_00005
OG0002703	Prbe	Prbg.g_00037	Prbe.g_00086
OG0002703	Prbf	Prbg.g_00037	Prbf.g_00311
OG0002703	Prbn	Prbg.g_00037	Prbn.g_01054
OG0002725	Praj	Prbg.g_01607	Praj.g_00070
OG0002725	Prbm	Prbg.g_01607	Prbm.g_00092
OG0002725	Prbc	Prbg.g_01607	Prbc.g_00540, Prbc.g_02199
OG0002725	Prbb	Prbg.g_01607	Prbb.g_00087
OG0002725	Prak	Prbg.g_01607	Prak.g_01602
OG0002725	Prap	Prbg.g_01607	Prap.g_01822
OG0002725	Prbe	Prbg.g_01607	Prbe.g_01028
OG0002725	Prbf	Prbg.g_01607	Prbf.g_00736
OG0002725	Prbn	Prbg.g_01607	Prbn.g_01702
OG0002727	Prbc	Prbg.g_01350	Prbc.g_00058
OG0002727	Praj	Prbg.g_01350	Praj.g_01315
OG0002727	Prbb	Prbg.g_01350	Prbb.g_01361
OG0002727	Pram	Prbg.g_01350	Pram.g_01002
OG0002727	Prbh	Prbg.g_01350	Prbh.g_01145
OG0002727	Prak	Prbg.g_01350	Prak.g_01036
OG0002727	Prap	Prbg.g_01350	Prap.g_00320
OG0002727	Prbe	Prbg.g_01350	Prbe.g_01413
OG0002727	Prbf	Prbg.g_01350	Prbf.g_01054
OG0002727	Prbn	Prbg.g_01350	Prbn.g_01355
OG0002728	Prbb	Prbg.g_01054	Prbb.g_00908
OG0002728	Prbc	Prbg.g_01054	Prbc.g_01952
OG0002728	Prat	Prbg.g_01054	Prat.g_00683
OG0002728	Pram	Prbg.g_01054	Pram.g_00705
OG0002728	Prbh	Prbg.g_01054	Prbh.g_00849
OG0002728	Prak	Prbg.g_01054	Prak.g_00740
OG0002728	Prap	Prbg.g_01054	Prap.g_00668
OG0002728	Prbe	Prbg.g_01054	Prbe.g_00097
OG0002728	Prbf	Prbg.g_01054	Prbf.g_00846
OG0002728	Prbn	Prbg.g_01054	Prbn.g_01938
OG0002729	Syao	Prbg.g_00692	Syao.g_01467
OG0002729	Pral	Prbg.g_00692	Pral.g_01841
OG0002729	Prat	Prbg.g_00692	Prat.g_00670
OG0002729	Pram	Prbg.g_00692	Pram.g_01279
OG0002729	Prbh	Prbg.g_00692	Prbh.g_00198
OG0002729	Prak	Prbg.g_00692	Prak.g_01492
OG0002729	Prap	Prbg.g_00692	Prap.g_00222
OG0002729	Prbe	Prbg.g_00692	Prbe.g_00210
OG0002729	Prbf	Prbg.g_00692	Prbf.g_00258
OG0002729	Prbn	Prbg.g_00692	Prbn.g_00881
OG0002772	Praa	Prbg.g_00520	Praa.g_01442
OG0002772	Syad	Prbg.g_00520	Syad.g_00287
OG0002772	Prab	Prbg.g_00520	Prab.g_01424
OG0002772	Pran	Prbg.g_00520	Pran.g_00776
OG0002772	Prak	Prbg.g_00520	Prak.g_01320
OG0002772	Prap	Prbg.g_00520	Prap.g_01943
OG0002772	Prbe	Prbg.g_00520	Prbe.g_00382
OG0002772	Prbf	Prbg.g_00520	Prbf.g_00086
OG0002772	Prbn	Prbg.g_00520	Prbn.g_01231
OG0002773	Syad	Prbg.g_00515	Syad.g_00275
OG0002773	Prab	Prbg.g_00515	Prab.g_01419
OG0002773	Pran	Prbg.g_00515	Pran.g_00781
OG0002773	Praa	Prbg.g_00515	Praa.g_01451
OG0002773	Prak	Prbg.g_00515	Prak.g_01315
OG0002773	Prap	Prbg.g_00515	Prap.g_01938
OG0002773	Prbe	Prbg.g_00515	Prbe.g_00387
OG0002773	Prbf	Prbg.g_00515	Prbf.g_00081
OG0002773	Prbn	Prbg.g_00515	Prbn.g_01226
OG0002774	Prab	Prbg.g_00516	Prab.g_01420
OG0002774	Pran	Prbg.g_00516	Pran.g_00780
OG0002774	Syad	Prbg.g_00516	Syad.g_00274
OG0002774	Praa	Prbg.g_00516	Praa.g_01452
OG0002774	Prak	Prbg.g_00516	Prak.g_01316
OG0002774	Prap	Prbg.g_00516	Prap.g_01939
OG0002774	Prbe	Prbg.g_00516	Prbe.g_00386
OG0002774	Prbf	Prbg.g_00516	Prbf.g_00082
OG0002774	Prbn	Prbg.g_00516	Prbn.g_01227
OG0002775	Prab	Prbg.g_00513	Prab.g_01421
OG0002775	Pran	Prbg.g_00513	Pran.g_00779
OG0002775	Syad	Prbg.g_00513	Syad.g_00273
OG0002775	Praa	Prbg.g_00513	Praa.g_01453
OG0002775	Prak	Prbg.g_00513	Prak.g_01313
OG0002775	Prap	Prbg.g_00513	Prap.g_01936
OG0002775	Prbe	Prbg.g_00513	Prbe.g_00389
OG0002775	Prbf	Prbg.g_00513	Prbf.g_00079
OG0002775	Prbn	Prbg.g_00513	Prbn.g_01224
OG0002786	Prau	Prbg.g_00437	Prau.g_00657
OG0002786	Prav	Prbg.g_00437	Prav.g_01215
OG0002786	Prae	Prbg.g_00437	Prae.g_00684
OG0002786	Prbi	Prbg.g_00437	Prbi.g_00159
OG0002786	Prak	Prbg.g_00437	Prak.g_00637
OG0002786	Prap	Prbg.g_00437	Prap.g_00642
OG0002786	Prbe	Prbg.g_00437	Prbe.g_00690
OG0002786	Prbf	Prbg.g_00437	Prbf.g_00370
OG0002786	Prbn	Prbg.g_00437	Prbn.g_00779
OG0002806	Prag	Prbg.g_00427	Prag.g_01261
OG0002806	Praw	Prbg.g_00427	Praw.g_00325
OG0002806	Prat	Prbg.g_00427	Prat.g_01233
OG0002806	Prbb	Prbg.g_00427	Prbb.g_01561
OG0002806	Prap	Prbg.g_00427	Prap.g_00631
OG0002806	Prak	Prbg.g_00427	Prak.g_00647
OG0002806	Prbe	Prbg.g_00427	Prbe.g_00700
OG0002806	Prbf	Prbg.g_00427	Prbf.g_00359
OG0002806	Prbn	Prbg.g_00427	Prbn.g_00789
OG0002809	Prbb	Prbg.g_01313	Prbb.g_01015
OG0002809	Praj	Prbg.g_01313	Praj.g_00971
OG0002809	Prbc	Prbg.g_01313	Prbc.g_02060
OG0002809	Prbm	Prbg.g_01313	Prbm.g_01012
OG0002809	Prak	Prbg.g_01313	Prak.g_00999
OG0002809	Prap	Prbg.g_01313	Prap.g_00283
OG0002809	Prbe	Prbg.g_01313	Prbe.g_01376
OG0002809	Prbf	Prbg.g_01313	Prbf.g_01091
OG0002809	Prbn	Prbg.g_01313	Prbn.g_01392
OG0002810	Prbb	Prbg.g_00705	Prbb.g_01130
OG0002810	Praj	Prbg.g_00705	Praj.g_01087
OG0002810	Prbc	Prbg.g_00705	Prbc.g_02174
OG0002810	Prbm	Prbg.g_00705	Prbm.g_01127
OG0002810	Prak	Prbg.g_00705	Prak.g_01505
OG0002810	Prap	Prbg.g_00705	Prap.g_00235
OG0002810	Prbe	Prbg.g_00705	Prbe.g_00197
OG0002810	Prbf	Prbg.g_00705	Prbf.g_00271
OG0002810	Prbn	Prbg.g_00705	Prbn.g_00868
OG0002811	Praj	Prbg.g_00033	Praj.g_01153
OG0002811	Prbb	Prbg.g_00033	Prbb.g_01194
OG0002811	Prbc	Prbg.g_00033	Prbc.g_00131
OG0002811	Prat	Prbg.g_00033	Prat.g_00633
OG0002811	Prak	Prbg.g_00033	Prak.g_00701
OG0002811	Prap	Prbg.g_00033	Prap.g_00009
OG0002811	Prbe	Prbg.g_00033	Prbe.g_00082
OG0002811	Prbf	Prbg.g_00033	Prbf.g_00307
OG0002811	Prbn	Prbg.g_00033	Prbn.g_01050
OG0002812	Prbm	Prbg.g_00417	Prbm.g_01330
OG0002812	Praj	Prbg.g_00417	Praj.g_01224
OG0002812	Prbb	Prbg.g_00417	Prbb.g_01266
OG0002812	Prbc	Prbg.g_00417	Prbc.g_01296
OG0002812	Prak	Prbg.g_00417	Prak.g_00658
OG0002812	Prap	Prbg.g_00417	Prap.g_00621
OG0002812	Prbe	Prbg.g_00417	Prbe.g_00711
OG0002812	Prbf	Prbg.g_00417	Prbf.g_00349
OG0002812	Prbn	Prbg.g_00417	Prbn.g_00800
OG0002814	Prbb	Prbg.g_00426	Prbb.g_01341
OG0002814	Prbm	Prbg.g_00426	Prbm.g_01253
OG0002814	Praj	Prbg.g_00426	Praj.g_01297
OG0002814	Prbc	Prbg.g_00426	Prbc.g_00626
OG0002814	Prak	Prbg.g_00426	Prak.g_00649
OG0002814	Prap	Prbg.g_00426	Prap.g_00630
OG0002814	Prbe	Prbg.g_00426	Prbe.g_00702
OG0002814	Prbf	Prbg.g_00426	Prbf.g_00358
OG0002814	Prbn	Prbg.g_00426	Prbn.g_00791
OG0002815	Praj	Prbg.g_01633	Praj.g_01317
OG0002815	Prbb	Prbg.g_01633	Prbb.g_01363
OG0002815	Prbc	Prbg.g_01633	Prbc.g_00060, Prbc.g_00061
OG0002815	Prak	Prbg.g_01633	Prak.g_01628
OG0002815	Prap	Prbg.g_01633	Prap.g_01796
OG0002815	Prbe	Prbg.g_01633	Prbe.g_01002
OG0002815	Prbf	Prbg.g_01633	Prbf.g_00710
OG0002815	Prbn	Prbg.g_01633	Prbn.g_01728
OG0002817	Prbb	Prbg.g_01506	Prbb.g_01538
OG0002817	Prbm	Prbg.g_01506	Prbm.g_01570
OG0002817	Praj	Prbg.g_01506	Praj.g_01481
OG0002817	Prbc	Prbg.g_01506	Prbc.g_01467
OG0002817	Prak	Prbg.g_01506	Prak.g_01192
OG0002817	Prap	Prbg.g_01506	Prap.g_00476
OG0002817	Prbe	Prbg.g_01506	Prbe.g_01569
OG0002817	Prbf	Prbg.g_01506	Prbf.g_00898
OG0002817	Prbn	Prbg.g_01506	Prbn.g_01169
OG0002818	Prbb	Prbg.g_01047	Prbb.g_01543
OG0002818	Praj	Prbg.g_01047	Praj.g_01486
OG0002818	Prbc	Prbg.g_01047	Prbc.g_01472
OG0002818	Prbm	Prbg.g_01047	Prbm.g_01575
OG0002818	Pral	Prbg.g_01047	Pral.g_01839
OG0002818	Prat	Prbg.g_01047	Prat.g_00672
OG0002818	Pram	Prbg.g_01047	Pram.g_00699
OG0002818	Prbh	Prbg.g_01047	Prbh.g_00843
OG0002818	Prak	Prbg.g_01047	Prak.g_00733
OG0002819	Praj	Prbg.g_01579	Praj.g_01512
OG0002819	Prbb	Prbg.g_01579	Prbb.g_00884
OG0002819	Pral	Prbg.g_01579	Pral.g_01293
OG0002819	Prat	Prbg.g_01579	Prat.g_01540
OG0002819	Prak	Prbg.g_01579	Prak.g_01574
OG0002819	Prap	Prbg.g_01579	Prap.g_01850
OG0002819	Prbe	Prbg.g_01579	Prbe.g_01131
OG0002819	Prbf	Prbg.g_01579	Prbf.g_00764
OG0002819	Prbn	Prbg.g_01579	Prbn.g_01674
OG0002820	Prbb	Prbg.g_01573	Prbb.g_01917
OG0002820	Praj	Prbg.g_01573	Praj.g_01863
OG0002820	Prbc	Prbg.g_01573	Prbc.g_00927
OG0002820	Prbm	Prbg.g_01573	Prbm.g_01942
OG0002820	Prak	Prbg.g_01573	Prak.g_01568
OG0002820	Prap	Prbg.g_01573	Prap.g_01856
OG0002820	Prbe	Prbg.g_01573	Prbe.g_01125
OG0002820	Prbf	Prbg.g_01573	Prbf.g_00770
OG0002820	Prbn	Prbg.g_01573	Prbn.g_01668
OG0002821	Syao	Prbg.g_00811	Syao.g_02562
OG0002821	Syat	Prbg.g_00811	Syat.g_02904
OG0002821	Pram	Prbg.g_00811	Pram.g_00043
OG0002821	Prbh	Prbg.g_00811	Prbh.g_00724
OG0002821	Prak	Prbg.g_00811	Prak.g_00063
OG0002821	Prap	Prbg.g_00811	Prap.g_00892
OG0002821	Prbe	Prbg.g_00811	Prbe.g_00163
OG0002821	Prbf	Prbg.g_00811	Prbf.g_01385
OG0002821	Prbn	Prbg.g_00811	Prbn.g_00719
OG0002822	Syao	Prbg.g_00810	Syao.g_02560
OG0002822	Syat	Prbg.g_00810	Syat.g_02906
OG0002822	Pram	Prbg.g_00810	Pram.g_00044
OG0002822	Prbh	Prbg.g_00810	Prbh.g_00723
OG0002822	Prak	Prbg.g_00810	Prak.g_00064
OG0002822	Prap	Prbg.g_00810	Prap.g_00891
OG0002822	Prbe	Prbg.g_00810	Prbe.g_00164
OG0002822	Prbf	Prbg.g_00810	Prbf.g_01386
OG0002822	Prbn	Prbg.g_00810	Prbn.g_00718
OG0002823	Pral	Prbg.g_00173	Pral.g_01050
OG0002823	Prat	Prbg.g_00173	Prat.g_01465
OG0002823	Pram	Prbg.g_00173	Pram.g_00389
OG0002823	Prbh	Prbg.g_00173	Prbh.g_00378
OG0002823	Prbe	Prbg.g_00173	Prbe.g_01951
OG0002823	Prak	Prbg.g_00173	Prak.g_00415
OG0002823	Prap	Prbg.g_00173	Prap.g_01313
OG0002823	Prbf	Prbg.g_00173	Prbf.g_01737
OG0002823	Prbn	Prbg.g_00173	Prbn.g_00660
OG0002824	Pram	Prbg.g_00390	Pram.g_00667
OG0002824	Prbh	Prbg.g_00390	Prbh.g_00811
OG0002824	Prat	Prbg.g_00390	Prat.g_01232
OG0002824	Pral	Prbg.g_00390	Pral.g_00447
OG0002824	Prak	Prbg.g_00390	Prak.g_00685
OG0002824	Prap	Prbg.g_00390	Prap.g_00593
OG0002824	Prbe	Prbg.g_00390	Prbe.g_00738
OG0002824	Prbf	Prbg.g_00390	Prbf.g_00322
OG0002824	Prbn	Prbg.g_00390	Prbn.g_00827
OG0002825	Prbc	Prbg.g_00005	Prbc.g_00635, Prbc.g_01564
OG0002825	Pram	Prbg.g_00005	Pram.g_00694
OG0002825	Prbh	Prbg.g_00005	Prbh.g_00838
OG0002825	Prak	Prbg.g_00005	Prak.g_00729
OG0002825	Prap	Prbg.g_00005	Prap.g_00037
OG0002825	Prbe	Prbg.g_00005	Prbe.g_00054
OG0002825	Prbf	Prbg.g_00005	Prbf.g_00279
OG0002825	Prbn	Prbg.g_00005	Prbn.g_01022
OG0002826	Pral	Prbg.g_01384	Pral.g_01473
OG0002826	Prat	Prbg.g_01384	Prat.g_01052
OG0002826	Pram	Prbg.g_01384	Pram.g_01037
OG0002826	Prbh	Prbg.g_01384	Prbh.g_01180
OG0002826	Prak	Prbg.g_01384	Prak.g_01070
OG0002826	Prap	Prbg.g_01384	Prap.g_00354
OG0002826	Prbe	Prbg.g_01384	Prbe.g_01447
OG0002826	Prbf	Prbg.g_01384	Prbf.g_01020
OG0002826	Prbn	Prbg.g_01384	Prbn.g_00847
OG0002827	Pral	Prbg.g_01462	Pral.g_01393
OG0002827	Prat	Prbg.g_01462	Prat.g_01132
OG0002827	Pram	Prbg.g_01462	Pram.g_01115
OG0002827	Prbh	Prbg.g_01462	Prbh.g_01258
OG0002827	Prak	Prbg.g_01462	Prak.g_01148
OG0002827	Prap	Prbg.g_01462	Prap.g_00432
OG0002827	Prbe	Prbg.g_01462	Prbe.g_01525
OG0002827	Prbf	Prbg.g_01462	Prbf.g_00942
OG0002827	Prbn	Prbg.g_01462	Prbn.g_00386
OG0002828	Prat	Prbg.g_01520	Prat.g_01488
OG0002828	Pral	Prbg.g_01520	Pral.g_00431
OG0002828	Pram	Prbg.g_01520	Pram.g_01173
OG0002828	Prbh	Prbg.g_01520	Prbh.g_01316
OG0002828	Prak	Prbg.g_01520	Prak.g_01206
OG0002828	Prap	Prbg.g_01520	Prap.g_00490
OG0002828	Prbe	Prbg.g_01520	Prbe.g_01583
OG0002828	Prbf	Prbg.g_01520	Prbf.g_00884
OG0002828	Prbn	Prbg.g_01520	Prbn.g_01155
OG0002829	Pral	Prbg.g_01527	Pral.g_01867
OG0002829	Prat	Prbg.g_01527	Prat.g_00645
OG0002829	Pram	Prbg.g_01527	Pram.g_01180
OG0002829	Prbh	Prbg.g_01527	Prbh.g_01323
OG0002829	Prak	Prbg.g_01527	Prak.g_01213
OG0002829	Prap	Prbg.g_01527	Prap.g_00497
OG0002829	Prbe	Prbg.g_01527	Prbe.g_01590
OG0002829	Prbf	Prbg.g_01527	Prbf.g_00877
OG0002829	Prbn	Prbg.g_01527	Prbn.g_01148
OG0002830	Pral	Prbg.g_00689	Pral.g_01062
OG0002830	Pram	Prbg.g_00689	Pram.g_00673
OG0002830	Prbh	Prbg.g_00689	Prbh.g_00817
OG0002830	Prat	Prbg.g_00689	Prat.g_01453
OG0002830	Prak	Prbg.g_00689	Prak.g_01489
OG0002830	Prap	Prbg.g_00689	Prap.g_00219
OG0002830	Prbe	Prbg.g_00689	Prbe.g_00213
OG0002830	Prbf	Prbg.g_00689	Prbf.g_00255
OG0002830	Prbn	Prbg.g_00689	Prbn.g_00884
OG0002831	Prat	Prbg.g_00703	Prat.g_01493
OG0002831	Pral	Prbg.g_00703	Pral.g_00018, Pral.g_00031
OG0002831	Prap	Prbg.g_00703	Prap.g_00233
OG0002831	Prbe	Prbg.g_00703	Prbe.g_00199
OG0002831	Prbf	Prbg.g_00703	Prbf.g_00269
OG0002831	Prbn	Prbg.g_00703	Prbn.g_00870
OG0002831	Prak	Prbg.g_00703	Prak.g_01509, Prak.g_01503
OG0002832	Prbm	Prbg.g_00724	Prbm.g_00470, Prbm.g_00090
OG0002832	Pram	Prbg.g_00724	Pram.g_01540
OG0002832	Prbh	Prbg.g_00724	Prbh.g_01874
OG0002832	Prak	Prbg.g_00724	Prak.g_01524
OG0002832	Prap	Prbg.g_00724	Prap.g_01909
OG0002832	Prbe	Prbg.g_00724	Prbe.g_00015
OG0002832	Prbf	Prbg.g_00724	Prbf.g_00814
OG0002832	Prbn	Prbg.g_00724	Prbn.g_00136
OG0002833	Pras	Prbg.g_01596	Pras.g_00887
OG0002833	Prau	Prbg.g_01596	Prau.g_00041
OG0002833	Pram	Prbg.g_01596	Pram.g_01581
OG0002833	Prbh	Prbg.g_01596	Prbh.g_01833
OG0002833	Prak	Prbg.g_01596	Prak.g_01591
OG0002833	Prap	Prbg.g_01596	Prap.g_01833
OG0002833	Prbe	Prbg.g_01596	Prbe.g_01039
OG0002833	Prbf	Prbg.g_01596	Prbf.g_00747
OG0002833	Prbn	Prbg.g_01596	Prbn.g_01691
OG0002834	Pral	Prbg.g_01599	Pral.g_00080
OG0002834	Prat	Prbg.g_01599	Prat.g_01538
OG0002834	Pram	Prbg.g_01599	Pram.g_01584
OG0002834	Prbh	Prbg.g_01599	Prbh.g_01830
OG0002834	Prak	Prbg.g_01599	Prak.g_01594
OG0002834	Prap	Prbg.g_01599	Prap.g_01830
OG0002834	Prbe	Prbg.g_01599	Prbe.g_01036
OG0002834	Prbf	Prbg.g_01599	Prbf.g_00744
OG0002834	Prbn	Prbg.g_01599	Prbn.g_01694
OG0002835	Syan	Prbg.g_01601	Syan.g_00515
OG0002835	Syao	Prbg.g_01601	Syao.g_00611
OG0002835	Syag	Prbg.g_01601	Syag.g_00247, Syag.g_00135
OG0002835	Prak	Prbg.g_01601	Prak.g_01596
OG0002835	Prbe	Prbg.g_01601	Prbe.g_01034
OG0002835	Prbf	Prbg.g_01601	Prbf.g_00742
OG0002835	Prbn	Prbg.g_01601	Prbn.g_01696
OG0002835	Prap	Prbg.g_01601	Prap.g_01828
OG0002836	Pral	Prbg.g_01649	Pral.g_00106
OG0002836	Prat	Prbg.g_01649	Prat.g_01591
OG0002836	Pram	Prbg.g_01649	Pram.g_01631
OG0002836	Prbh	Prbg.g_01649	Prbh.g_01783
OG0002836	Prak	Prbg.g_01649	Prak.g_01644
OG0002836	Prap	Prbg.g_01649	Prap.g_01780
OG0002836	Prbe	Prbg.g_01649	Prbe.g_00986
OG0002836	Prbf	Prbg.g_01649	Prbf.g_00694
OG0002836	Prbn	Prbg.g_01649	Prbn.g_01744
OG0002888	Praa	Prbg.g_00561	Praa.g_01435
OG0002888	Prah	Prbg.g_00561	Prah.g_00115
OG0002888	Syap	Prbg.g_00561	Syap.g_00862
OG0002888	Prak	Prbg.g_00561	Prak.g_01361
OG0002888	Prap	Prbg.g_00561	Prap.g_00091
OG0002888	Prbe	Prbg.g_00561	Prbe.g_00341
OG0002888	Prbf	Prbg.g_00561	Prbf.g_00127
OG0002888	Prbn	Prbg.g_00561	Prbn.g_00182
OG0002894	Prab	Prbg.g_00554	Prab.g_01396
OG0002894	Pran	Prbg.g_00554	Pran.g_00804
OG0002894	Pras	Prbg.g_00554	Pras.g_00274
OG0002894	Prak	Prbg.g_00554	Prak.g_01354
OG0002894	Prap	Prbg.g_00554	Prap.g_00084
OG0002894	Prbe	Prbg.g_00554	Prbe.g_00348
OG0002894	Prbf	Prbg.g_00554	Prbf.g_00120
OG0002894	Prbn	Prbg.g_00554	Prbn.g_00175
OG0002903	Prau	Prbg.g_00438	Prau.g_00658
OG0002903	Prae	Prbg.g_00438	Prae.g_00685
OG0002903	Prav	Prbg.g_00438	Prav.g_01216
OG0002903	Prak	Prbg.g_00438	Prak.g_00636
OG0002903	Prap	Prbg.g_00438	Prap.g_00643
OG0002903	Prbe	Prbg.g_00438	Prbe.g_00689
OG0002903	Prbf	Prbg.g_00438	Prbf.g_00371
OG0002903	Prbn	Prbg.g_00438	Prbn.g_00778
OG0002918	Praj	Prbg.g_00413	Praj.g_01194
OG0002918	Prbb	Prbg.g_00413	Prbb.g_01236
OG0002918	Prbc	Prbg.g_00413	Prbc.g_00171
OG0002918	Prak	Prbg.g_00413	Prak.g_00662
OG0002918	Prap	Prbg.g_00413	Prap.g_00617
OG0002918	Prbe	Prbg.g_00413	Prbe.g_00715
OG0002918	Prbf	Prbg.g_00413	Prbf.g_00345
OG0002918	Prbn	Prbg.g_00413	Prbn.g_00804
OG0002919	Prbc	Prbg.g_00369	Prbc.g_01577
OG0002919	Pram	Prbg.g_00369	Pram.g_00583
OG0002919	Prbh	Prbg.g_00369	Prbh.g_01438
OG0002919	Prak	Prbg.g_00369	Prak.g_00611
OG0002919	Prap	Prbg.g_00369	Prap.g_01118
OG0002919	Prbe	Prbg.g_00369	Prbe.g_00484
OG0002919	Prbf	Prbg.g_00369	Prbf.g_01932
OG0002919	Prbn	Prbg.g_00369	Prbn.g_00465
OG0002920	Prat	Prbg.g_00405	Prat.g_00636
OG0002920	Pram	Prbg.g_00405	Pram.g_00651
OG0002920	Prbh	Prbg.g_00405	Prbh.g_00795
OG0002920	Prak	Prbg.g_00405	Prak.g_00670
OG0002920	Prap	Prbg.g_00405	Prap.g_00608
OG0002920	Prbe	Prbg.g_00405	Prbe.g_00723
OG0002920	Prbf	Prbg.g_00405	Prbf.g_00337
OG0002920	Prbn	Prbg.g_00405	Prbn.g_00812
OG0002921	Prat	Prbg.g_00397	Prat.g_00641
OG0002921	Pram	Prbg.g_00397	Pram.g_00663
OG0002921	Prbh	Prbg.g_00397	Prbh.g_00807
OG0002921	Prak	Prbg.g_00397	Prak.g_00678
OG0002921	Prap	Prbg.g_00397	Prap.g_00600
OG0002921	Prbe	Prbg.g_00397	Prbe.g_00731
OG0002921	Prbf	Prbg.g_00397	Prbf.g_00329
OG0002921	Prbn	Prbg.g_00397	Prbn.g_00820
OG0002922	Pral	Prbg.g_00396	Pral.g_01903
OG0002922	Pram	Prbg.g_00396	Pram.g_00665
OG0002922	Prbh	Prbg.g_00396	Prbh.g_00809
OG0002922	Prak	Prbg.g_00396	Prak.g_00679
OG0002922	Prap	Prbg.g_00396	Prap.g_00599
OG0002922	Prbe	Prbg.g_00396	Prbe.g_00732
OG0002922	Prbf	Prbg.g_00396	Prbf.g_00328
OG0002922	Prbn	Prbg.g_00396	Prbn.g_00821
OG0002923	Pral	Prbg.g_00389	Pral.g_00427
OG0002923	Pram	Prbg.g_00389	Pram.g_00880
OG0002923	Prbh	Prbg.g_00389	Prbh.g_01023
OG0002923	Prak	Prbg.g_00389	Prak.g_00686
OG0002923	Prap	Prbg.g_00389	Prap.g_00592
OG0002923	Prbe	Prbg.g_00389	Prbe.g_00739
OG0002923	Prbf	Prbg.g_00389	Prbf.g_00321
OG0002923	Prbn	Prbg.g_00389	Prbn.g_00828
OG0002924	Prat	Prbg.g_00040	Prat.g_01229
OG0002924	Pram	Prbg.g_00040	Pram.g_01567
OG0002924	Prbh	Prbg.g_00040	Prbh.g_01847
OG0002924	Prak	Prbg.g_00040	Prak.g_00694
OG0002924	Prap	Prbg.g_00040	Prap.g_00002
OG0002924	Prbe	Prbg.g_00040	Prbe.g_00089
OG0002924	Prbf	Prbg.g_00040	Prbf.g_00314
OG0002924	Prbn	Prbg.g_00040	Prbn.g_01057
OG0002925	Pral	Prbg.g_00027	Pral.g_01852
OG0002925	Pram	Prbg.g_00027	Pram.g_00679
OG0002925	Prbh	Prbg.g_00027	Prbh.g_00823
OG0002925	Prak	Prbg.g_00027	Prak.g_00707
OG0002925	Prap	Prbg.g_00027	Prap.g_00015
OG0002925	Prbe	Prbg.g_00027	Prbe.g_00076
OG0002925	Prbf	Prbg.g_00027	Prbf.g_00301
OG0002925	Prbn	Prbg.g_00027	Prbn.g_01044
OG0002926	Syak	Prbg.g_00010	Syak.g_01101
OG0002926	Pram	Prbg.g_00010	Pram.g_00691
OG0002926	Prbh	Prbg.g_00010	Prbh.g_00835
OG0002926	Prak	Prbg.g_00010	Prak.g_00724
OG0002926	Prap	Prbg.g_00010	Prap.g_00032
OG0002926	Prbe	Prbg.g_00010	Prbe.g_00059
OG0002926	Prbf	Prbg.g_00010	Prbf.g_00284
OG0002926	Prbn	Prbg.g_00010	Prbn.g_01027
OG0002927	Syai	Prbg.g_01255	Syai.g_00581
OG0002927	Prat	Prbg.g_01255	Prat.g_00860
OG0002927	Pral	Prbg.g_01255	Pral.g_01662
OG0002927	Prak	Prbg.g_01255	Prak.g_00941
OG0002927	Prap	Prbg.g_01255	Prap.g_00687
OG0002927	Prbe	Prbg.g_01255	Prbe.g_01318
OG0002927	Prbf	Prbg.g_01255	Prbf.g_01149
OG0002927	Prbn	Prbg.g_01255	Prbn.g_01450
OG0002928	Prat	Prbg.g_00462	Prat.g_01483
OG0002928	Pram	Prbg.g_00462	Pram.g_01218
OG0002928	Prbh	Prbg.g_00462	Prbh.g_01361
OG0002928	Prak	Prbg.g_00462	Prak.g_01262
OG0002928	Prap	Prbg.g_00462	Prap.g_00546
OG0002928	Prbe	Prbg.g_00462	Prbe.g_00908
OG0002928	Prbf	Prbg.g_00462	Prbf.g_00041
OG0002928	Prbn	Prbg.g_00462	Prbn.g_01099
OG0002929	Pral	Prbg.g_01564	Pral.g_00042
OG0002929	Pram	Prbg.g_01564	Pram.g_01530
OG0002929	Prbh	Prbg.g_01564	Prbh.g_01884
OG0002929	Prak	Prbg.g_01564	Prak.g_01559
OG0002929	Prap	Prbg.g_01564	Prap.g_01865
OG0002929	Prbe	Prbg.g_01564	Prbe.g_01116
OG0002929	Prbf	Prbg.g_01564	Prbf.g_00779
OG0002929	Prbn	Prbg.g_01564	Prbn.g_01659
OG0002930	Pral	Prbg.g_01806	Pral.g_00264
OG0002930	Pram	Prbg.g_01806	Pram.g_01791
OG0002930	Prbh	Prbg.g_01806	Prbh.g_01623
OG0002930	Prak	Prbg.g_01806	Prak.g_01801
OG0002930	Prap	Prbg.g_01806	Prap.g_01621
OG0002930	Prbe	Prbg.g_01806	Prbe.g_00815
OG0002930	Prbf	Prbg.g_01806	Prbf.g_00537
OG0002930	Prbn	Prbg.g_01806	Prbn.g_01902
OG0003012	Praa	Prbg.g_00517	Praa.g_01420, Praa.g_01455
OG0003012	Prak	Prbg.g_00517	Prak.g_01317
OG0003012	Prap	Prbg.g_00517	Prap.g_01940
OG0003012	Prbe	Prbg.g_00517	Prbe.g_00385
OG0003012	Prbf	Prbg.g_00517	Prbf.g_00083
OG0003012	Prbn	Prbg.g_00517	Prbn.g_01228
OG0003013	Praa	Prbg.g_00518	Praa.g_01444
OG0003013	Syad	Prbg.g_00518	Syad.g_00280
OG0003013	Prak	Prbg.g_00518	Prak.g_01318
OG0003013	Prap	Prbg.g_00518	Prap.g_01941
OG0003013	Prbe	Prbg.g_00518	Prbe.g_00384
OG0003013	Prbf	Prbg.g_00518	Prbf.g_00084
OG0003013	Prbn	Prbg.g_00518	Prbn.g_01229
OG0003028	Prac	Prbg.g_00430	Prac.g_00656
OG0003028	Prad	Prbg.g_00430	Prad.g_01288
OG0003028	Prak	Prbg.g_00430	Prak.g_00644
OG0003028	Prap	Prbg.g_00430	Prap.g_00634
OG0003028	Prbe	Prbg.g_00430	Prbe.g_00697
OG0003028	Prbf	Prbg.g_00430	Prbf.g_00362
OG0003028	Prbn	Prbg.g_00430	Prbn.g_00786
OG0003031	Prad	Prbg.g_00147	Prad.g_00088
OG0003031	Prax	Prbg.g_00147	Prax.g_01773
OG0003031	Prak	Prbg.g_00147	Prak.g_00389
OG0003031	Prap	Prbg.g_00147	Prap.g_01339
OG0003031	Prbe	Prbg.g_00147	Prbe.g_01925
OG0003031	Prbf	Prbg.g_00147	Prbf.g_01711
OG0003031	Prbn	Prbg.g_00147	Prbn.g_00686
OG0003060	Prag	Prbg.g_00381	Prag.g_01237
OG0003060	Praw	Prbg.g_00381	Praw.g_00301
OG0003060	Prak	Prbg.g_00381	Prak.g_00623
OG0003060	Prap	Prbg.g_00381	Prap.g_01106
OG0003060	Prbe	Prbg.g_00381	Prbe.g_00472
OG0003060	Prbf	Prbg.g_00381	Prbf.g_01944
OG0003060	Prbn	Prbg.g_00381	Prbn.g_00453
OG0003061	Prag	Prbg.g_00380	Prag.g_01238
OG0003061	Praw	Prbg.g_00380	Praw.g_00302
OG0003061	Prak	Prbg.g_00380	Prak.g_00622
OG0003061	Prap	Prbg.g_00380	Prap.g_01107
OG0003061	Prbe	Prbg.g_00380	Prbe.g_00473
OG0003061	Prbf	Prbg.g_00380	Prbf.g_01943
OG0003061	Prbn	Prbg.g_00380	Prbn.g_00454
OG0003062	Prag	Prbg.g_00379	Prag.g_01239
OG0003062	Praw	Prbg.g_00379	Praw.g_00303
OG0003062	Prak	Prbg.g_00379	Prak.g_00621
OG0003062	Prap	Prbg.g_00379	Prap.g_01108
OG0003062	Prbe	Prbg.g_00379	Prbe.g_00474
OG0003062	Prbf	Prbg.g_00379	Prbf.g_01942
OG0003062	Prbn	Prbg.g_00379	Prbn.g_00455
OG0003070	Pral	Prbg.g_01010	Pral.g_00814
OG0003070	Prat	Prbg.g_01010	Prat.g_00232
OG0003070	Prak	Prbg.g_01010	Prak.g_00244
OG0003070	Prap	Prbg.g_01010	Prap.g_01484
OG0003070	Prbe	Prbg.g_01010	Prbe.g_01780
OG0003070	Prbf	Prbg.g_01010	Prbf.g_01566
OG0003070	Prbn	Prbg.g_01010	Prbn.g_00322
OG0003071	Pram	Prbg.g_00070	Pram.g_00279
OG0003071	Prbh	Prbg.g_00070	Prbh.g_00488
OG0003071	Prak	Prbg.g_00070	Prak.g_00309
OG0003071	Prap	Prbg.g_00070	Prap.g_01419
OG0003071	Prbe	Prbg.g_00070	Prbe.g_01845
OG0003071	Prbf	Prbg.g_00070	Prbf.g_01631
OG0003071	Prbn	Prbg.g_00070	Prbn.g_00058
OG0003072	Prbi	Prbg.g_00372	Prbi.g_00721, Prbi.g_01886
OG0003072	Prak	Prbg.g_00372	Prak.g_00614
OG0003072	Prap	Prbg.g_00372	Prap.g_01115
OG0003072	Prbe	Prbg.g_00372	Prbe.g_00481
OG0003072	Prbf	Prbg.g_00372	Prbf.g_01935
OG0003072	Prbn	Prbg.g_00372	Prbn.g_00462
OG0003073	Pram	Prbg.g_00436	Pram.g_01610
OG0003073	Prbh	Prbg.g_00436	Prbh.g_01804
OG0003073	Prak	Prbg.g_00436	Prak.g_00638
OG0003073	Prap	Prbg.g_00436	Prap.g_00641
OG0003073	Prbe	Prbg.g_00436	Prbe.g_00691
OG0003073	Prbf	Prbg.g_00436	Prbf.g_00369
OG0003073	Prbn	Prbg.g_00436	Prbn.g_00780
OG0003074	Pram	Prbg.g_00411	Pram.g_00636
OG0003074	Prbh	Prbg.g_00411	Prbh.g_00780
OG0003074	Prak	Prbg.g_00411	Prak.g_00664
OG0003074	Prap	Prbg.g_00411	Prap.g_00615
OG0003074	Prbe	Prbg.g_00411	Prbe.g_00717
OG0003074	Prbf	Prbg.g_00411	Prbf.g_00343
OG0003074	Prbn	Prbg.g_00411	Prbn.g_00806
OG0003075	Pral	Prbg.g_01058	Pral.g_01824
OG0003075	Prat	Prbg.g_01058	Prat.g_00690
OG0003075	Prak	Prbg.g_01058	Prak.g_00744
OG0003075	Prap	Prbg.g_01058	Prap.g_00664
OG0003075	Prbe	Prbg.g_01058	Prbe.g_00101
OG0003075	Prbf	Prbg.g_01058	Prbf.g_00842
OG0003075	Prbn	Prbg.g_01058	Prbn.g_01934
OG0003076	Pram	Prbg.g_01147	Pram.g_00796
OG0003076	Prbh	Prbg.g_01147	Prbh.g_00940
OG0003076	Prak	Prbg.g_01147	Prak.g_00833
OG0003076	Prap	Prbg.g_01147	Prap.g_00795
OG0003076	Prbe	Prbg.g_01147	Prbe.g_01210
OG0003076	Prbf	Prbg.g_01147	Prbf.g_01257
OG0003076	Prbn	Prbg.g_01147	Prbn.g_01558
OG0003077	Pram	Prbg.g_01257	Pram.g_00910
OG0003077	Prbh	Prbg.g_01257	Prbh.g_01053
OG0003077	Prak	Prbg.g_01257	Prak.g_00943
OG0003077	Prap	Prbg.g_01257	Prap.g_00686
OG0003077	Prbe	Prbg.g_01257	Prbe.g_01320
OG0003077	Prbf	Prbg.g_01257	Prbf.g_01147
OG0003077	Prbn	Prbg.g_01257	Prbn.g_01448
OG0003078	Pram	Prbg.g_01322	Pram.g_00974
OG0003078	Prbh	Prbg.g_01322	Prbh.g_01117
OG0003078	Prak	Prbg.g_01322	Prak.g_01008
OG0003078	Prap	Prbg.g_01322	Prap.g_00292
OG0003078	Prbe	Prbg.g_01322	Prbe.g_01385
OG0003078	Prbf	Prbg.g_01322	Prbf.g_01082
OG0003078	Prbn	Prbg.g_01322	Prbn.g_01383
OG0003079	Pram	Prbg.g_01347	Pram.g_00998
OG0003079	Prbh	Prbg.g_01347	Prbh.g_01141
OG0003079	Prak	Prbg.g_01347	Prak.g_01033
OG0003079	Prap	Prbg.g_01347	Prap.g_00317
OG0003079	Prbe	Prbg.g_01347	Prbe.g_01410
OG0003079	Prbf	Prbg.g_01347	Prbf.g_01057
OG0003079	Prbn	Prbg.g_01347	Prbn.g_01358
OG0003080	Pram	Prbg.g_00450	Pram.g_01206
OG0003080	Prbh	Prbg.g_00450	Prbh.g_01349
OG0003080	Prak	Prbg.g_00450	Prak.g_01250
OG0003080	Prap	Prbg.g_00450	Prap.g_00534
OG0003080	Prbe	Prbg.g_00450	Prbe.g_01627
OG0003080	Prbf	Prbg.g_00450	Prbf.g_00053
OG0003080	Prbn	Prbg.g_00450	Prbn.g_01111
OG0003081	Prau	Prbg.g_00494	Prau.g_01529
OG0003081	Prbb	Prbg.g_00494	Prbb.g_00865
OG0003081	Prak	Prbg.g_00494	Prak.g_01294
OG0003081	Prap	Prbg.g_00494	Prap.g_00578
OG0003081	Prbe	Prbg.g_00494	Prbe.g_00876
OG0003081	Prbf	Prbg.g_00494	Prbf.g_00009
OG0003081	Prbn	Prbg.g_00494	Prbn.g_01067
OG0003082	Pram	Prbg.g_01588	Pram.g_00634
OG0003082	Prbh	Prbg.g_01588	Prbh.g_00778
OG0003082	Prak	Prbg.g_01588	Prak.g_01583
OG0003082	Prap	Prbg.g_01588	Prap.g_01841
OG0003082	Prbe	Prbg.g_01588	Prbe.g_01047
OG0003082	Prbf	Prbg.g_01588	Prbf.g_00755
OG0003082	Prbn	Prbg.g_01588	Prbn.g_01683
OG0003083	Pram	Prbg.g_01591	Pram.g_01523
OG0003083	Prbh	Prbg.g_01591	Prbh.g_01891
OG0003083	Prak	Prbg.g_01591	Prak.g_01586
OG0003083	Prap	Prbg.g_01591	Prap.g_01838
OG0003083	Prbe	Prbg.g_01591	Prbe.g_01044
OG0003083	Prbf	Prbg.g_01591	Prbf.g_00752
OG0003083	Prbn	Prbg.g_01591	Prbn.g_01686
OG0003084	Prav	Prbg.g_01640	Prav.g_01372
OG0003084	Syan	Prbg.g_01640	Syan.g_01490
OG0003084	Prak	Prbg.g_01640	Prak.g_01635
OG0003084	Prap	Prbg.g_01640	Prap.g_01789
OG0003084	Prbe	Prbg.g_01640	Prbe.g_00995
OG0003084	Prbf	Prbg.g_01640	Prbf.g_00703
OG0003084	Prbn	Prbg.g_01640	Prbn.g_01735
OG0003161	Praa	Prbg.g_00572	Praa.g_01446
OG0003161	Prak	Prbg.g_00572	Prak.g_01372
OG0003161	Prap	Prbg.g_00572	Prap.g_00102
OG0003161	Prbe	Prbg.g_00572	Prbe.g_00330
OG0003161	Prbf	Prbg.g_00572	Prbf.g_00138
OG0003161	Prbn	Prbg.g_00572	Prbn.g_00193
OG0003162	Praa	Prbg.g_00521	Praa.g_01456
OG0003162	Prak	Prbg.g_00521	Prak.g_01321
OG0003162	Prap	Prbg.g_00521	Prap.g_01944
OG0003162	Prbe	Prbg.g_00521	Prbe.g_00381
OG0003162	Prbf	Prbg.g_00521	Prbf.g_00087
OG0003162	Prbn	Prbg.g_00521	Prbn.g_01232
OG0003163	Praa	Prbg.g_00522	Praa.g_01457
OG0003163	Prak	Prbg.g_00522	Prak.g_01322
OG0003163	Prap	Prbg.g_00522	Prap.g_01945
OG0003163	Prbe	Prbg.g_00522	Prbe.g_00380
OG0003163	Prbf	Prbg.g_00522	Prbf.g_00088
OG0003163	Prbn	Prbg.g_00522	Prbn.g_01233
OG0003178	Prad	Prbg.g_00500	Prad.g_00542
OG0003178	Prak	Prbg.g_00500	Prak.g_01300
OG0003178	Prap	Prbg.g_00500	Prap.g_00584
OG0003178	Prbe	Prbg.g_00500	Prbe.g_00870
OG0003178	Prbf	Prbg.g_00500	Prbf.g_00003
OG0003178	Prbn	Prbg.g_00500	Prbn.g_01061
OG0003221	Prai	Prbg.g_00510	Prai.g_00042
OG0003221	Prak	Prbg.g_00510	Prak.g_01310
OG0003221	Prap	Prbg.g_00510	Prap.g_01933
OG0003221	Prbe	Prbg.g_00510	Prbe.g_00392
OG0003221	Prbf	Prbg.g_00510	Prbf.g_00076
OG0003221	Prbn	Prbg.g_00510	Prbn.g_01221
OG0003234	Prbi	Prbg.g_00921	Prbi.g_01273
OG0003234	Prak	Prbg.g_00921	Prak.g_00155
OG0003234	Prap	Prbg.g_00921	Prap.g_01027
OG0003234	Prbe	Prbg.g_00921	Prbe.g_01691
OG0003234	Prbf	Prbg.g_00921	Prbf.g_01477
OG0003234	Prbn	Prbg.g_00921	Prbn.g_01270
OG0003236	Pral	Prbg.g_00431	Pral.g_01873
OG0003236	Prak	Prbg.g_00431	Prak.g_00643
OG0003236	Prap	Prbg.g_00431	Prap.g_00635
OG0003236	Prbe	Prbg.g_00431	Prbe.g_00696
OG0003236	Prbf	Prbg.g_00431	Prbf.g_00363
OG0003236	Prbn	Prbg.g_00431	Prbn.g_00785
OG0003237	Prbm	Prbg.g_00428	Prbm.g_01446
OG0003237	Prak	Prbg.g_00428	Prak.g_00646
OG0003237	Prap	Prbg.g_00428	Prap.g_00632
OG0003237	Prbe	Prbg.g_00428	Prbe.g_00699
OG0003237	Prbf	Prbg.g_00428	Prbf.g_00360
OG0003237	Prbn	Prbg.g_00428	Prbn.g_00788
OG0003238	Pral	Prbg.g_00398	Pral.g_01298
OG0003238	Prak	Prbg.g_00398	Prak.g_00677
OG0003238	Prap	Prbg.g_00398	Prap.g_00601
OG0003238	Prbe	Prbg.g_00398	Prbe.g_00730
OG0003238	Prbf	Prbg.g_00398	Prbf.g_00330
OG0003238	Prbn	Prbg.g_00398	Prbn.g_00819
OG0003239	Pram	Prbg.g_01256	Pram.g_00909
OG0003239	Prbh	Prbg.g_01256	Prbh.g_01052
OG0003239	Prak	Prbg.g_01256	Prak.g_00942
OG0003239	Prbe	Prbg.g_01256	Prbe.g_01319
OG0003239	Prbf	Prbg.g_01256	Prbf.g_01148
OG0003239	Prbn	Prbg.g_01256	Prbn.g_01449
OG0003240	Prat	Prbg.g_01556	Prat.g_00820
OG0003240	Prak	Prbg.g_01556	Prak.g_01242
OG0003240	Prap	Prbg.g_01556	Prap.g_00526
OG0003240	Prbe	Prbg.g_01556	Prbe.g_01619
OG0003240	Prbf	Prbg.g_01556	Prbf.g_00061
OG0003240	Prbn	Prbg.g_01556	Prbn.g_01119
OG0003241	Pral	Prbg.g_00739	Pral.g_00429
OG0003241	Prak	Prbg.g_00739	Prak.g_01539
OG0003241	Prap	Prbg.g_00739	Prap.g_01893
OG0003241	Prbe	Prbg.g_00739	Prbe.g_00030
OG0003241	Prbf	Prbg.g_00739	Prbf.g_00798
OG0003241	Prbn	Prbg.g_00739	Prbn.g_01640
OG0003242	Prat	Prbg.g_00740	Prat.g_01494
OG0003242	Prak	Prbg.g_00740	Prak.g_01540
OG0003242	Prap	Prbg.g_00740	Prap.g_01892
OG0003242	Prbe	Prbg.g_00740	Prbe.g_00031
OG0003242	Prbf	Prbg.g_00740	Prbf.g_00797
OG0003242	Prbn	Prbg.g_00740	Prbn.g_01641
OG0003243	Prao	Prbg.g_01619	Prao.g_00001
OG0003243	Prak	Prbg.g_01619	Prak.g_01614
OG0003243	Prap	Prbg.g_01619	Prap.g_01810
OG0003243	Prbe	Prbg.g_01619	Prbe.g_01016
OG0003243	Prbf	Prbg.g_01619	Prbf.g_00724
OG0003243	Prbn	Prbg.g_01619	Prbn.g_01714
OG0003244	Pral	Prbg.g_01631	Pral.g_00089
OG0003244	Prak	Prbg.g_01631	Prak.g_01626
OG0003244	Prap	Prbg.g_01631	Prap.g_01798
OG0003244	Prbe	Prbg.g_01631	Prbe.g_01004
OG0003244	Prbf	Prbg.g_01631	Prbf.g_00712
OG0003244	Prbn	Prbg.g_01631	Prbn.g_01726
OG0003419	Prak	Prbg.g_00840	Prak.g_00034
OG0003419	Prap	Prbg.g_00840	Prap.g_00921
OG0003419	Prbe	Prbg.g_00840	Prbe.g_00134
OG0003419	Prbf	Prbg.g_00840	Prbf.g_01356
OG0003419	Prbn	Prbg.g_00840	Prbn.g_00748
OG0003420	Prak	Prbg.g_00835	Prak.g_00039
OG0003420	Prap	Prbg.g_00835	Prap.g_00916
OG0003420	Prbe	Prbg.g_00835	Prbe.g_00139
OG0003420	Prbf	Prbg.g_00835	Prbf.g_01361
OG0003420	Prbn	Prbg.g_00835	Prbn.g_00743
OG0003421	Prak	Prbg.g_00819	Prak.g_00055
OG0003421	Prap	Prbg.g_00819	Prap.g_00900
OG0003421	Prbe	Prbg.g_00819	Prbe.g_00155
OG0003421	Prbf	Prbg.g_00819	Prbf.g_01377
OG0003421	Prbn	Prbg.g_00819	Prbn.g_00727
OG0003422	Prak	Prbg.g_00867	Prak.g_00101
OG0003422	Prap	Prbg.g_00867	Prap.g_01081
OG0003422	Prbe	Prbg.g_00867	Prbe.g_01637
OG0003422	Prbf	Prbg.g_00867	Prbf.g_01423
OG0003422	Prbn	Prbg.g_00867	Prbn.g_01324
OG0003423	Prak	Prbg.g_00878	Prak.g_00112
OG0003423	Prap	Prbg.g_00878	Prap.g_01070
OG0003423	Prbe	Prbg.g_00878	Prbe.g_01648
OG0003423	Prbf	Prbg.g_00878	Prbf.g_01434
OG0003423	Prbn	Prbg.g_00878	Prbn.g_01313
OG0003424	Prak	Prbg.g_00918	Prak.g_00152
OG0003424	Prap	Prbg.g_00918	Prap.g_01030
OG0003424	Prbe	Prbg.g_00918	Prbe.g_01688
OG0003424	Prbf	Prbg.g_00918	Prbf.g_01474
OG0003424	Prbn	Prbg.g_00918	Prbn.g_01273
OG0003425	Prak	Prbg.g_00919	Prak.g_00153
OG0003425	Prap	Prbg.g_00919	Prap.g_01029
OG0003425	Prbe	Prbg.g_00919	Prbe.g_01689
OG0003425	Prbf	Prbg.g_00919	Prbf.g_01475
OG0003425	Prbn	Prbg.g_00919	Prbn.g_01272
OG0003426	Prak	Prbg.g_00920	Prak.g_00154
OG0003426	Prap	Prbg.g_00920	Prap.g_01028
OG0003426	Prbe	Prbg.g_00920	Prbe.g_01690
OG0003426	Prbf	Prbg.g_00920	Prbf.g_01476
OG0003426	Prbn	Prbg.g_00920	Prbn.g_01271
OG0003427	Prak	Prbg.g_00044	Prak.g_00283
OG0003427	Prap	Prbg.g_00044	Prap.g_01445
OG0003427	Prbe	Prbg.g_00044	Prbe.g_01819
OG0003427	Prbf	Prbg.g_00044	Prbf.g_01605
OG0003427	Prbn	Prbg.g_00044	Prbn.g_00032
OG0003428	Prak	Prbg.g_00148	Prak.g_00390
OG0003428	Prap	Prbg.g_00148	Prap.g_01338
OG0003428	Prbe	Prbg.g_00148	Prbe.g_01926
OG0003428	Prbf	Prbg.g_00148	Prbf.g_01712
OG0003428	Prbn	Prbg.g_00148	Prbn.g_00685
OG0003429	Prak	Prbg.g_00303	Prak.g_00545
OG0003429	Prap	Prbg.g_00303	Prap.g_01184
OG0003429	Prbe	Prbg.g_00303	Prbe.g_00550
OG0003429	Prbf	Prbg.g_00303	Prbf.g_01866
OG0003429	Prbn	Prbg.g_00303	Prbn.g_00531
OG0003430	Prak	Prbg.g_00360	Prak.g_00602
OG0003430	Prap	Prbg.g_00360	Prap.g_01127
OG0003430	Prbe	Prbg.g_00360	Prbe.g_00493
OG0003430	Prbf	Prbg.g_00360	Prbf.g_01923
OG0003430	Prbn	Prbg.g_00360	Prbn.g_00474
OG0003431	Prak	Prbg.g_00370	Prak.g_00612
OG0003431	Prap	Prbg.g_00370	Prap.g_01117
OG0003431	Prbe	Prbg.g_00370	Prbe.g_00483
OG0003431	Prbf	Prbg.g_00370	Prbf.g_01933
OG0003431	Prbn	Prbg.g_00370	Prbn.g_00464
OG0003432	Prak	Prbg.g_00371	Prak.g_00613
OG0003432	Prap	Prbg.g_00371	Prap.g_01116
OG0003432	Prbe	Prbg.g_00371	Prbe.g_00482
OG0003432	Prbf	Prbg.g_00371	Prbf.g_01934
OG0003432	Prbn	Prbg.g_00371	Prbn.g_00463
OG0003433	Prak	Prbg.g_00373	Prak.g_00615
OG0003433	Prap	Prbg.g_00373	Prap.g_01114
OG0003433	Prbe	Prbg.g_00373	Prbe.g_00480
OG0003433	Prbf	Prbg.g_00373	Prbf.g_01936
OG0003433	Prbn	Prbg.g_00373	Prbn.g_00461
OG0003434	Prak	Prbg.g_00376	Prak.g_00618
OG0003434	Prap	Prbg.g_00376	Prap.g_01111
OG0003434	Prbe	Prbg.g_00376	Prbe.g_00477
OG0003434	Prbf	Prbg.g_00376	Prbf.g_01939
OG0003434	Prbn	Prbg.g_00376	Prbn.g_00458
OG0003435	Prak	Prbg.g_00377	Prak.g_00619
OG0003435	Prap	Prbg.g_00377	Prap.g_01110
OG0003435	Prbe	Prbg.g_00377	Prbe.g_00476
OG0003435	Prbf	Prbg.g_00377	Prbf.g_01940
OG0003435	Prbn	Prbg.g_00377	Prbn.g_00457
OG0003436	Prak	Prbg.g_00378	Prak.g_00620
OG0003436	Prap	Prbg.g_00378	Prap.g_01109
OG0003436	Prbe	Prbg.g_00378	Prbe.g_00475
OG0003436	Prbf	Prbg.g_00378	Prbf.g_01941
OG0003436	Prbn	Prbg.g_00378	Prbn.g_00456
OG0003437	Prak	Prbg.g_00382	Prak.g_00624
OG0003437	Prap	Prbg.g_00382	Prap.g_01105
OG0003437	Prbe	Prbg.g_00382	Prbe.g_00471
OG0003437	Prbf	Prbg.g_00382	Prbf.g_01945
OG0003437	Prbn	Prbg.g_00382	Prbn.g_00452
OG0003438	Prak	Prbg.g_00383	Prak.g_00625
OG0003438	Prap	Prbg.g_00383	Prap.g_01104
OG0003438	Prbf	Prbg.g_00383	Prbf.g_01946
OG0003438	Prbe	Prbg.g_00383	Prbe.g_00470
OG0003438	Prbn	Prbg.g_00383	Prbn.g_00451
OG0003439	Prak	Prbg.g_00446	Prak.g_00628
OG0003439	Prap	Prbg.g_00446	Prap.g_00651
OG0003439	Prbe	Prbg.g_00446	Prbe.g_00681
OG0003439	Prbf	Prbg.g_00446	Prbf.g_00379
OG0003439	Prbn	Prbg.g_00446	Prbn.g_00770
OG0003440	Prak	Prbg.g_00445	Prak.g_00629
OG0003440	Prap	Prbg.g_00445	Prap.g_00650
OG0003440	Prbe	Prbg.g_00445	Prbe.g_00682
OG0003440	Prbf	Prbg.g_00445	Prbf.g_00378
OG0003440	Prbn	Prbg.g_00445	Prbn.g_00771
OG0003441	Prak	Prbg.g_00444	Prak.g_00630
OG0003441	Prap	Prbg.g_00444	Prap.g_00649
OG0003441	Prbe	Prbg.g_00444	Prbe.g_00683
OG0003441	Prbf	Prbg.g_00444	Prbf.g_00377
OG0003441	Prbn	Prbg.g_00444	Prbn.g_00772
OG0003442	Prak	Prbg.g_00435	Prak.g_00639
OG0003442	Prap	Prbg.g_00435	Prap.g_00640
OG0003442	Prbe	Prbg.g_00435	Prbe.g_00692
OG0003442	Prbf	Prbg.g_00435	Prbf.g_00368
OG0003442	Prbn	Prbg.g_00435	Prbn.g_00781
OG0003443	Prak	Prbg.g_00434	Prak.g_00640
OG0003443	Prap	Prbg.g_00434	Prap.g_00639
OG0003443	Prbe	Prbg.g_00434	Prbe.g_00693
OG0003443	Prbf	Prbg.g_00434	Prbf.g_00367
OG0003443	Prbn	Prbg.g_00434	Prbn.g_00782
OG0003444	Prak	Prbg.g_00433	Prak.g_00641
OG0003444	Prap	Prbg.g_00433	Prap.g_00638
OG0003444	Prbe	Prbg.g_00433	Prbe.g_00694
OG0003444	Prbf	Prbg.g_00433	Prbf.g_00366
OG0003444	Prbn	Prbg.g_00433	Prbn.g_00783
OG0003445	Prak	Prbg.g_00423	Prak.g_00652
OG0003445	Prap	Prbg.g_00423	Prap.g_00627
OG0003445	Prbe	Prbg.g_00423	Prbe.g_00705
OG0003445	Prbf	Prbg.g_00423	Prbf.g_00355
OG0003445	Prbn	Prbg.g_00423	Prbn.g_00794
OG0003446	Prak	Prbg.g_00410	Prak.g_00665
OG0003446	Prap	Prbg.g_00410	Prap.g_00614
OG0003446	Prbe	Prbg.g_00410	Prbe.g_00718
OG0003446	Prbf	Prbg.g_00410	Prbf.g_00342
OG0003446	Prbn	Prbg.g_00410	Prbn.g_00807
OG0003447	Prak	Prbg.g_00409	Prak.g_00666
OG0003447	Prap	Prbg.g_00409	Prap.g_00613
OG0003447	Prbe	Prbg.g_00409	Prbe.g_00719
OG0003447	Prbf	Prbg.g_00409	Prbf.g_00341
OG0003447	Prbn	Prbg.g_00409	Prbn.g_00808
OG0003448	Prak	Prbg.g_00403	Prak.g_00672
OG0003448	Prap	Prbg.g_00403	Prap.g_00606
OG0003448	Prbe	Prbg.g_00403	Prbe.g_00725
OG0003448	Prbf	Prbg.g_00403	Prbf.g_00335
OG0003448	Prbn	Prbg.g_00403	Prbn.g_00814
OG0003449	Prak	Prbg.g_00031	Prak.g_00703
OG0003449	Prap	Prbg.g_00031	Prap.g_00011
OG0003449	Prbe	Prbg.g_00031	Prbe.g_00080
OG0003449	Prbf	Prbg.g_00031	Prbf.g_00305
OG0003449	Prbn	Prbg.g_00031	Prbn.g_01048
OG0003450	Prak	Prbg.g_00030	Prak.g_00704
OG0003450	Prap	Prbg.g_00030	Prap.g_00012
OG0003450	Prbe	Prbg.g_00030	Prbe.g_00079
OG0003450	Prbf	Prbg.g_00030	Prbf.g_00304
OG0003450	Prbn	Prbg.g_00030	Prbn.g_01047
OG0003451	Prak	Prbg.g_00029	Prak.g_00705
OG0003451	Prap	Prbg.g_00029	Prap.g_00013
OG0003451	Prbe	Prbg.g_00029	Prbe.g_00078
OG0003451	Prbf	Prbg.g_00029	Prbf.g_00303
OG0003451	Prbn	Prbg.g_00029	Prbn.g_01046
OG0003452	Prak	Prbg.g_00028	Prak.g_00706
OG0003452	Prap	Prbg.g_00028	Prap.g_00014
OG0003452	Prbe	Prbg.g_00028	Prbe.g_00077
OG0003452	Prbf	Prbg.g_00028	Prbf.g_00302
OG0003452	Prbn	Prbg.g_00028	Prbn.g_01045
OG0003453	Prak	Prbg.g_00003	Prak.g_00731
OG0003453	Prap	Prbg.g_00003	Prap.g_00039
OG0003453	Prbe	Prbg.g_00003	Prbe.g_00052
OG0003453	Prbf	Prbg.g_00003	Prbf.g_00277
OG0003453	Prbn	Prbg.g_00003	Prbn.g_01020
OG0003454	Prak	Prbg.g_01065	Prak.g_00751
OG0003454	Prap	Prbg.g_01065	Prap.g_00657
OG0003454	Prbe	Prbg.g_01065	Prbe.g_00108
OG0003454	Prbf	Prbg.g_01065	Prbf.g_00835
OG0003454	Prbn	Prbg.g_01065	Prbn.g_01927
OG0003455	Prak	Prbg.g_01077	Prak.g_00763
OG0003455	Prap	Prbg.g_01077	Prap.g_00865
OG0003455	Prbe	Prbg.g_01077	Prbe.g_00410
OG0003455	Prbf	Prbg.g_01077	Prbf.g_01327
OG0003455	Prbn	Prbg.g_01077	Prbn.g_01628
OG0003456	Prak	Prbg.g_01189	Prak.g_00875
OG0003456	Prap	Prbg.g_01189	Prap.g_00753
OG0003456	Prbe	Prbg.g_01189	Prbe.g_01252
OG0003456	Prbf	Prbg.g_01189	Prbf.g_01215
OG0003456	Prbn	Prbg.g_01189	Prbn.g_01516
OG0003457	Prak	Prbg.g_01247	Prak.g_00933
OG0003457	Prap	Prbg.g_01247	Prap.g_00695
OG0003457	Prbe	Prbg.g_01247	Prbe.g_01310
OG0003457	Prbf	Prbg.g_01247	Prbf.g_01157
OG0003457	Prbn	Prbg.g_01247	Prbn.g_01458
OG0003458	Prak	Prbg.g_01303	Prak.g_00989
OG0003458	Prap	Prbg.g_01303	Prap.g_00273
OG0003458	Prbe	Prbg.g_01303	Prbe.g_01366
OG0003458	Prbf	Prbg.g_01303	Prbf.g_01101
OG0003458	Prbn	Prbg.g_01303	Prbn.g_01402
OG0003459	Prbf	Prbg.g_01307	Prbf.g_01097
OG0003459	Prak	Prbg.g_01307	Prak.g_00993
OG0003459	Prap	Prbg.g_01307	Prap.g_00277
OG0003459	Prbe	Prbg.g_01307	Prbe.g_01370
OG0003459	Prbn	Prbg.g_01307	Prbn.g_01398
OG0003460	Prak	Prbg.g_01503	Prak.g_01189
OG0003460	Prap	Prbg.g_01503	Prap.g_00473
OG0003460	Prbe	Prbg.g_01503	Prbe.g_01566
OG0003460	Prbf	Prbg.g_01503	Prbf.g_00901
OG0003460	Prbn	Prbg.g_01503	Prbn.g_01172
OG0003461	Prak	Prbg.g_01518	Prak.g_01204
OG0003461	Prap	Prbg.g_01518	Prap.g_00488
OG0003461	Prbe	Prbg.g_01518	Prbe.g_01581
OG0003461	Prbf	Prbg.g_01518	Prbf.g_00886
OG0003461	Prbn	Prbg.g_01518	Prbn.g_01157
OG0003462	Prak	Prbg.g_01560	Prak.g_01246
OG0003462	Prap	Prbg.g_01560	Prap.g_00530
OG0003462	Prbe	Prbg.g_01560	Prbe.g_01623
OG0003462	Prbf	Prbg.g_01560	Prbf.g_00057
OG0003462	Prbn	Prbg.g_01560	Prbn.g_01115
OG0003463	Prak	Prbg.g_00454	Prak.g_01254
OG0003463	Prap	Prbg.g_00454	Prap.g_00538
OG0003463	Prbe	Prbg.g_00454	Prbe.g_00916
OG0003463	Prbf	Prbg.g_00454	Prbf.g_00049
OG0003463	Prbn	Prbg.g_00454	Prbn.g_01107
OG0003464	Prak	Prbg.g_00465	Prak.g_01265
OG0003464	Prap	Prbg.g_00465	Prap.g_00549
OG0003464	Prbe	Prbg.g_00465	Prbe.g_00905
OG0003464	Prbf	Prbg.g_00465	Prbf.g_00038
OG0003464	Prbn	Prbg.g_00465	Prbn.g_01096
OG0003465	Prak	Prbg.g_00483	Prak.g_01283
OG0003465	Prap	Prbg.g_00483	Prap.g_00567
OG0003465	Prbe	Prbg.g_00483	Prbe.g_00887
OG0003465	Prbf	Prbg.g_00483	Prbf.g_00020
OG0003465	Prbn	Prbg.g_00483	Prbn.g_01078
OG0003466	Prak	Prbg.g_00507	Prak.g_01307
OG0003466	Prap	Prbg.g_00507	Prap.g_01930
OG0003466	Prbe	Prbg.g_00507	Prbe.g_00395
OG0003466	Prbf	Prbg.g_00507	Prbf.g_00073
OG0003466	Prbn	Prbg.g_00507	Prbn.g_01218
OG0003467	Prak	Prbg.g_00508	Prak.g_01308
OG0003467	Prap	Prbg.g_00508	Prap.g_01931
OG0003467	Prbe	Prbg.g_00508	Prbe.g_00394
OG0003467	Prbf	Prbg.g_00508	Prbf.g_00074
OG0003467	Prbn	Prbg.g_00508	Prbn.g_01219
OG0003468	Prak	Prbg.g_00509	Prak.g_01309
OG0003468	Prap	Prbg.g_00509	Prap.g_01932
OG0003468	Prbe	Prbg.g_00509	Prbe.g_00393
OG0003468	Prbf	Prbg.g_00509	Prbf.g_00075
OG0003468	Prbn	Prbg.g_00509	Prbn.g_01220
OG0003469	Prak	Prbg.g_00511	Prak.g_01311
OG0003469	Prap	Prbg.g_00511	Prap.g_01934
OG0003469	Prbe	Prbg.g_00511	Prbe.g_00391
OG0003469	Prbf	Prbg.g_00511	Prbf.g_00077
OG0003469	Prbn	Prbg.g_00511	Prbn.g_01222
OG0003470	Prbn	Prbg.g_00514	Prbn.g_01225
OG0003470	Prak	Prbg.g_00514	Prak.g_01314
OG0003470	Prap	Prbg.g_00514	Prap.g_01937
OG0003470	Prbe	Prbg.g_00514	Prbe.g_00388
OG0003470	Prbf	Prbg.g_00514	Prbf.g_00080
OG0003471	Prak	Prbg.g_00519	Prak.g_01319
OG0003471	Prap	Prbg.g_00519	Prap.g_01942
OG0003471	Prbe	Prbg.g_00519	Prbe.g_00383
OG0003471	Prbf	Prbg.g_00519	Prbf.g_00085
OG0003471	Prbn	Prbg.g_00519	Prbn.g_01230
OG0003472	Prak	Prbg.g_00568	Prak.g_01368
OG0003472	Prap	Prbg.g_00568	Prap.g_00098
OG0003472	Prbe	Prbg.g_00568	Prbe.g_00334
OG0003472	Prbf	Prbg.g_00568	Prbf.g_00134
OG0003472	Prbn	Prbg.g_00568	Prbn.g_00189
OG0003473	Prak	Prbg.g_00672	Prak.g_01472
OG0003473	Prap	Prbg.g_00672	Prap.g_00202
OG0003473	Prbe	Prbg.g_00672	Prbe.g_00230
OG0003473	Prbf	Prbg.g_00672	Prbf.g_00238
OG0003473	Prbn	Prbg.g_00672	Prbn.g_00901
OG0003474	Prak	Prbg.g_00683	Prak.g_01483
OG0003474	Prap	Prbg.g_00683	Prap.g_00213
OG0003474	Prbe	Prbg.g_00683	Prbe.g_00219
OG0003474	Prbf	Prbg.g_00683	Prbf.g_00249
OG0003474	Prbn	Prbg.g_00683	Prbn.g_00890
OG0003475	Prak	Prbg.g_00695	Prak.g_01495
OG0003475	Prap	Prbg.g_00695	Prap.g_00225
OG0003475	Prbe	Prbg.g_00695	Prbe.g_00207
OG0003475	Prbf	Prbg.g_00695	Prbf.g_00261
OG0003475	Prbn	Prbg.g_00695	Prbn.g_00878
OG0003476	Prak	Prbg.g_00707	Prak.g_01507
OG0003476	Prap	Prbg.g_00707	Prap.g_00237
OG0003476	Prbe	Prbg.g_00707	Prbe.g_00195
OG0003476	Prbf	Prbg.g_00707	Prbf.g_00273
OG0003476	Prbn	Prbg.g_00707	Prbn.g_00866
OG0003477	Prak	Prbg.g_00715	Prak.g_01515
OG0003477	Prap	Prbg.g_00715	Prap.g_01918
OG0003477	Prbe	Prbg.g_00715	Prbe.g_00006
OG0003477	Prbf	Prbg.g_00715	Prbf.g_00823
OG0003477	Prbn	Prbg.g_00715	Prbn.g_00145
OG0003478	Prak	Prbg.g_00718	Prak.g_01518
OG0003478	Prap	Prbg.g_00718	Prap.g_01915
OG0003478	Prbe	Prbg.g_00718	Prbe.g_00009
OG0003478	Prbf	Prbg.g_00718	Prbf.g_00820
OG0003478	Prbn	Prbg.g_00718	Prbn.g_00142
OG0003479	Prak	Prbg.g_00735	Prak.g_01535
OG0003479	Prap	Prbg.g_00735	Prap.g_01898
OG0003479	Prbe	Prbg.g_00735	Prbe.g_00026
OG0003479	Prbf	Prbg.g_00735	Prbf.g_00803
OG0003479	Prbn	Prbg.g_00735	Prbn.g_00125
OG0003480	Prak	Prbg.g_00746	Prak.g_01547
OG0003480	Prap	Prbg.g_00746	Prap.g_01886
OG0003480	Prbe	Prbg.g_00746	Prbe.g_00038
OG0003480	Prbf	Prbg.g_00746	Prbf.g_00791
OG0003480	Prbn	Prbg.g_00746	Prbn.g_01647
OG0003481	Prak	Prbg.g_00747	Prak.g_01548
OG0003481	Prap	Prbg.g_00747	Prap.g_01885
OG0003481	Prbe	Prbg.g_00747	Prbe.g_00039
OG0003481	Prbf	Prbg.g_00747	Prbf.g_00790
OG0003481	Prbn	Prbg.g_00747	Prbn.g_01648
OG0003482	Prak	Prbg.g_01572	Prak.g_01567
OG0003482	Prap	Prbg.g_01572	Prap.g_01857
OG0003482	Prbe	Prbg.g_01572	Prbe.g_01124
OG0003482	Prbf	Prbg.g_01572	Prbf.g_00771
OG0003482	Prbn	Prbg.g_01572	Prbn.g_01667
OG0003483	Prak	Prbg.g_01575	Prak.g_01570
OG0003483	Prap	Prbg.g_01575	Prap.g_01854
OG0003483	Prbe	Prbg.g_01575	Prbe.g_01127
OG0003483	Prbf	Prbg.g_01575	Prbf.g_00768
OG0003483	Prbn	Prbg.g_01575	Prbn.g_01670
OG0003484	Prak	Prbg.g_01590	Prak.g_01585
OG0003484	Prap	Prbg.g_01590	Prap.g_01839
OG0003484	Prbe	Prbg.g_01590	Prbe.g_01045
OG0003484	Prbf	Prbg.g_01590	Prbf.g_00753
OG0003484	Prbn	Prbg.g_01590	Prbn.g_01685
OG0003485	Prak	Prbg.g_01603	Prak.g_01598
OG0003485	Prap	Prbg.g_01603	Prap.g_01826
OG0003485	Prbe	Prbg.g_01603	Prbe.g_01032
OG0003485	Prbf	Prbg.g_01603	Prbf.g_00740
OG0003485	Prbn	Prbg.g_01603	Prbn.g_01698
OG0003486	Prak	Prbg.g_01605	Prak.g_01600
OG0003486	Prap	Prbg.g_01605	Prap.g_01824
OG0003486	Prbe	Prbg.g_01605	Prbe.g_01030
OG0003486	Prbf	Prbg.g_01605	Prbf.g_00738
OG0003486	Prbn	Prbg.g_01605	Prbn.g_01700
OG0003487	Prak	Prbg.g_01606	Prak.g_01601
OG0003487	Prap	Prbg.g_01606	Prap.g_01823
OG0003487	Prbe	Prbg.g_01606	Prbe.g_01029
OG0003487	Prbf	Prbg.g_01606	Prbf.g_00737
OG0003487	Prbn	Prbg.g_01606	Prbn.g_01701
OG0003488	Prak	Prbg.g_01616	Prak.g_01611
OG0003488	Prap	Prbg.g_01616	Prap.g_01813
OG0003488	Prbe	Prbg.g_01616	Prbe.g_01019
OG0003488	Prbf	Prbg.g_01616	Prbf.g_00727
OG0003488	Prbn	Prbg.g_01616	Prbn.g_01711
OG0003489	Prak	Prbg.g_01623	Prak.g_01618
OG0003489	Prap	Prbg.g_01623	Prap.g_01806
OG0003489	Prbe	Prbg.g_01623	Prbe.g_01012
OG0003489	Prbf	Prbg.g_01623	Prbf.g_00720
OG0003489	Prbn	Prbg.g_01623	Prbn.g_01718
OG0003810	Prap	Prbg.g_00001	Prap.g_00041
OG0003810	Prbe	Prbg.g_00001	Prbe.g_00050
OG0003810	Prbf	Prbg.g_00001	Prbf.g_00275
OG0003810	Prbn	Prbg.g_00001	Prbn.g_01018
OG0004046	Prad	Prbg.g_00756	Prad.g_01329
OG0004046	Prap	Prbg.g_00756	Prap.g_01876
OG0004046	Prbe	Prbg.g_00756	Prbe.g_00048
OG0004284	Prbf	Prbg.g_00447	Prbf.g_00380
OG0004284	Prbe	Prbg.g_00447	Prbe.g_00680
OG0004284	Prbn	Prbg.g_00447	Prbn.g_00769
OG0004715	Prbf	Prbg.g_00709	Prbf.g_00829
OG0004715	Prbn	Prbg.g_00709	Prbn.g_00151
OG0005526	Prak	Prbg.g_00263	Prak.g_00505
OG0005699	Prbe	Prbg.g_01562	Prbe.g_00049
