Orthogroup	Prax	Prbm
OG0000000	Prax.g_01870	Prbm.g_00874
OG0000000	Prax.g_00964	Prbm.g_00712, Prbm.g_01578, Prbm.g_01577, Prbm.g_01582, Prbm.g_01576, Prbm.g_01581
OG0000002	Prax.g_01878	Prbm.g_01633
OG0000002	Prax.g_00522	Prbm.g_00496, Prbm.g_01940
OG0000003	Prax.g_00494, Prax.g_01919	Prbm.g_01140, Prbm.g_00433, Prbm.g_01231, Prbm.g_01384, Prbm.g_01313, Prbm.g_01814
OG0000004	Prax.g_00444, Prax.g_00437, Prax.g_01924	Prbm.g_01436, Prbm.g_01988, Prbm.g_00081
OG0000005	Prax.g_00496	Prbm.g_01406, Prbm.g_00435, Prbm.g_01116, Prbm.g_01808, Prbm.g_01407, Prbm.g_01117, Prbm.g_01229, Prbm.g_01382, Prbm.g_00436
OG0000006	Prax.g_00704	Prbm.g_00522
OG0000006	Prax.g_01559	Prbm.g_01841
OG0000008	Prax.g_00791	Prbm.g_00463
OG0000009	Prax.g_00393	Prbm.g_00792
OG0000010	Prax.g_00500, Prax.g_00141, Prax.g_01936	Prbm.g_01359
OG0000011	Prax.g_00843	Prbm.g_00390
OG0000012	Prax.g_00057	Prbm.g_00628, Prbm.g_00635
OG0000013	Prax.g_00523	Prbm.g_01427, Prbm.g_01149
OG0000015	Prax.g_00793	Prbm.g_01415, Prbm.g_01164
OG0000016	Prax.g_01867	Prbm.g_01653
OG0000017	Prax.g_01708	Prbm.g_01729
OG0000018	Prax.g_01972	Prbm.g_00302, Prbm.g_01236, Prbm.g_01588
OG0000020	Prax.g_00799, Prax.g_00173, Prax.g_00512	Prbm.g_00329
OG0000021	Prax.g_00391	Prbm.g_01091, Prbm.g_01262, Prbm.g_01017, Prbm.g_01016
OG0000022	Prax.g_01917	Prbm.g_01115, Prbm.g_01408, Prbm.g_00437, Prbm.g_01228, Prbm.g_01312, Prbm.g_01381
OG0000024	Prax.g_00869	Prbm.g_00362, Prbm.g_02126
OG0000025	Prax.g_00448	Prbm.g_00118, Prbm.g_01485
OG0000026	Prax.g_00280	Prbm.g_01947
OG0000027	Prax.g_01641	Prbm.g_01124, Prbm.g_01110, Prbm.g_01445, Prbm.g_01461
OG0000028	Prax.g_01733	Prbm.g_01710
OG0000029	Prax.g_01616	Prbm.g_00772, Prbm.g_01414, Prbm.g_01387, Prbm.g_01753
OG0000030	Prax.g_01976	Prbm.g_00528
OG0000032	Prax.g_01831	Prbm.g_01627, Prbm.g_00392, Prbm.g_00391, Prbm.g_00393
OG0000036	Prax.g_00045	Prbm.g_01900
OG0000037	Prax.g_00082	Prbm.g_01106
OG0000038	Prax.g_00415	Prbm.g_01204
OG0000039	Prax.g_01052	Prbm.g_00225
OG0000040	Prax.g_00813	Prbm.g_01444, Prbm.g_01297, Prbm.g_01284
OG0000042	Prax.g_00485	Prbm.g_00742
OG0000043	Prax.g_00388	Prbm.g_00950
OG0000046	Prax.g_01566	Prbm.g_01834
OG0000047	Prax.g_01394	Prbm.g_02094
OG0000048	Prax.g_01401	Prbm.g_02102
OG0000050	Prax.g_00458	Prbm.g_00031
OG0000051	Prax.g_01061	Prbm.g_00216
OG0000052	Prax.g_00803	Prbm.g_01172, Prbm.g_01237
OG0000053	Prax.g_00662	Prbm.g_00572
OG0000054	Prax.g_00421	Prbm.g_00047
OG0000055	Prax.g_00351	Prbm.g_00838, Prbm.g_01191
OG0000056	Prax.g_00148	Prbm.g_00048
OG0000057	Prax.g_00981, Prax.g_01581	Prbm.g_00297
OG0000058	Prax.g_00727	Prbm.g_00500
OG0000059	Prax.g_00944	Prbm.g_00735
OG0000060	Prax.g_00439	Prbm.g_01186
OG0000061	Prax.g_01149	Prbm.g_01648
OG0000062	Prax.g_00161	Prbm.g_01910
OG0000063	Prax.g_01959	Prbm.g_01522
OG0000065	Prax.g_01899	Prbm.g_00468, Prbm.g_01611
OG0000066	Prax.g_01832	Prbm.g_00707
OG0000067	Prax.g_00454	Prbm.g_01174
OG0000068	Prax.g_01338	Prbm.g_02033
OG0000069	Prax.g_01838	Prbm.g_01747
OG0000071	Prax.g_01974	Prbm.g_00011
OG0000072	Prax.g_01783	Prbm.g_00377
OG0000073	Prax.g_00973	Prbm.g_00702
OG0000074	Prax.g_00951	Prbm.g_00728
OG0000075	Prax.g_00366	Prbm.g_00821
OG0000076	Prax.g_01204	Prbm.g_01064
OG0000078	Prax.g_01825	Prbm.g_00394
OG0000079	Prax.g_01650	Prbm.g_01792
OG0000080	Prax.g_01600	Prbm.g_01182
OG0000081	Prax.g_01368	Prbm.g_02067
OG0000082	Prax.g_01456	Prbm.g_02188
OG0000083	Prax.g_01493	Prbm.g_00003
OG0000084	Prax.g_01496	Prbm.g_00006
OG0000085	Prax.g_00290	Prbm.g_00023
OG0000086	Prax.g_00274	Prbm.g_00063, Prbm.g_01170
OG0000087	Prax.g_00624	Prbm.g_00058
OG0000088	Prax.g_01106	Prbm.g_00172
OG0000089	Prax.g_01097	Prbm.g_00181
OG0000090	Prax.g_01079	Prbm.g_00198
OG0000091	Prax.g_01049	Prbm.g_00228
OG0000092	Prax.g_01048	Prbm.g_00229
OG0000093	Prax.g_01034	Prbm.g_00243
OG0000094	Prax.g_01016	Prbm.g_00262
OG0000095	Prax.g_01011	Prbm.g_00266
OG0000096	Prax.g_00924	Prbm.g_00310
OG0000097	Prax.g_00901	Prbm.g_00331
OG0000099	Prax.g_00881	Prbm.g_00350
OG0000100	Prax.g_00878	Prbm.g_00353
OG0000101	Prax.g_00816	Prbm.g_00425
OG0000102	Prax.g_00792	Prbm.g_01389
OG0000103	Prax.g_00726	Prbm.g_00501
OG0000104	Prax.g_00722	Prbm.g_00506
OG0000105	Prax.g_00702	Prbm.g_00533
OG0000106	Prax.g_00669	Prbm.g_00565
OG0000107	Prax.g_00668	Prbm.g_00566
OG0000108	Prax.g_00004	Prbm.g_00576
OG0000109	Prax.g_00013	Prbm.g_00585
OG0000110	Prax.g_00029	Prbm.g_00601
OG0000111	Prax.g_00110	Prbm.g_00682
OG0000112	Prax.g_00111	Prbm.g_00683
OG0000113	Prax.g_00463	Prbm.g_00766
OG0000114	Prax.g_00375	Prbm.g_00812
OG0000115	Prax.g_01129	Prbm.g_00988
OG0000116	Prax.g_01133	Prbm.g_00992
OG0000117	Prax.g_01201	Prbm.g_01061
OG0000118	Prax.g_01254	Prbm.g_01210
OG0000119	Prax.g_00164	Prbm.g_01913
OG0000120	Prax.g_00206	Prbm.g_01542
OG0000121	Prax.g_00225	Prbm.g_01519
OG0000122	Prax.g_00244	Prbm.g_01499
OG0000123	Prax.g_00257	Prbm.g_01489
OG0000124	Prax.g_01789	Prbm.g_01054
OG0000125	Prax.g_01887	Prbm.g_01622
OG0000126	Prax.g_01863	Prbm.g_01660
OG0000127	Prax.g_01746	Prbm.g_01696
OG0000128	Prax.g_01727	Prbm.g_01711
OG0000129	Prax.g_01691	Prbm.g_01745
OG0000130	Prax.g_01561	Prbm.g_01839
OG0000131	Prax.g_01523	Prbm.g_01876
OG0000132	Prax.g_01520	Prbm.g_01878
OG0000133	Prax.g_01297	Prbm.g_01991
OG0000134	Prax.g_01333	Prbm.g_02027
OG0000135	Prax.g_01335	Prbm.g_02029
OG0000136	Prax.g_01379	Prbm.g_02079
OG0000137	Prax.g_01411	Prbm.g_02114
OG0000138	Prax.g_01447	Prbm.g_02176
OG0000139	Prax.g_01473	Prbm.g_02212
OG0000140	Prax.g_01491	Prbm.g_00001
OG0000141	Prax.g_01492	Prbm.g_00002
OG0000142	Prax.g_01494	Prbm.g_00004
OG0000143	Prax.g_01495	Prbm.g_00005
OG0000144	Prax.g_01497	Prbm.g_00007
OG0000145	Prax.g_01498	Prbm.g_00008
OG0000146	Prax.g_01499	Prbm.g_00009
OG0000147	Prax.g_01975	Prbm.g_00010
OG0000148	Prax.g_01973	Prbm.g_00012
OG0000149	Prax.g_00299	Prbm.g_00014
OG0000150	Prax.g_00298	Prbm.g_00015
OG0000151	Prax.g_00297	Prbm.g_00016
OG0000152	Prax.g_00296	Prbm.g_00017
OG0000153	Prax.g_00295	Prbm.g_00018
OG0000154	Prax.g_00294	Prbm.g_00019
OG0000155	Prax.g_00293	Prbm.g_00020
OG0000156	Prax.g_00292	Prbm.g_00021
OG0000157	Prax.g_00291	Prbm.g_00022
OG0000158	Prax.g_00289	Prbm.g_00024
OG0000159	Prax.g_00288	Prbm.g_00025
OG0000160	Prax.g_00287	Prbm.g_00026
OG0000161	Prax.g_00286	Prbm.g_00027
OG0000162	Prax.g_00285	Prbm.g_00028
OG0000163	Prax.g_00284	Prbm.g_00029
OG0000164	Prax.g_00281	Prbm.g_00032
OG0000165	Prax.g_00278	Prbm.g_00033
OG0000166	Prax.g_00277	Prbm.g_00034
OG0000167	Prax.g_00276	Prbm.g_00035
OG0000168	Prax.g_00273	Prbm.g_00049
OG0000169	Prax.g_00271	Prbm.g_00051
OG0000170	Prax.g_00270	Prbm.g_00052
OG0000171	Prax.g_00269	Prbm.g_00053
OG0000172	Prax.g_00261	Prbm.g_00054
OG0000173	Prax.g_00621	Prbm.g_00055
OG0000174	Prax.g_00622	Prbm.g_00056
OG0000175	Prax.g_00623	Prbm.g_00057
OG0000176	Prax.g_00625	Prbm.g_00059
OG0000177	Prax.g_00626	Prbm.g_00060
OG0000178	Prax.g_00627	Prbm.g_00061
OG0000179	Prax.g_00635	Prbm.g_00121
OG0000180	Prax.g_00636	Prbm.g_00122
OG0000181	Prax.g_00637	Prbm.g_00123
OG0000182	Prax.g_00640	Prbm.g_00126
OG0000183	Prax.g_00641	Prbm.g_00127
OG0000184	Prax.g_00644	Prbm.g_00130
OG0000185	Prax.g_00648	Prbm.g_00134
OG0000186	Prax.g_00649	Prbm.g_00135
OG0000187	Prax.g_00650	Prbm.g_00136
OG0000188	Prax.g_00651	Prbm.g_00137
OG0000189	Prax.g_00652	Prbm.g_00138
OG0000190	Prax.g_00653	Prbm.g_00139
OG0000191	Prax.g_00654	Prbm.g_00140
OG0000192	Prax.g_00655	Prbm.g_00141
OG0000193	Prax.g_00656	Prbm.g_00142
OG0000194	Prax.g_00657	Prbm.g_00143
OG0000195	Prax.g_00659	Prbm.g_00145
OG0000196	Prax.g_00660	Prbm.g_00146
OG0000197	Prax.g_01128	Prbm.g_00147
OG0000198	Prax.g_01127	Prbm.g_00148
OG0000199	Prax.g_01124	Prbm.g_00151
OG0000200	Prax.g_01123	Prbm.g_00152
OG0000201	Prax.g_01122	Prbm.g_00153
OG0000202	Prax.g_01121	Prbm.g_00154
OG0000203	Prax.g_01120	Prbm.g_00155
OG0000204	Prax.g_01119	Prbm.g_00156
OG0000205	Prax.g_01118	Prbm.g_00158
OG0000206	Prax.g_01117	Prbm.g_00159
OG0000207	Prax.g_01116	Prbm.g_00160
OG0000208	Prax.g_01115	Prbm.g_00161
OG0000209	Prax.g_01114	Prbm.g_00162
OG0000210	Prax.g_01113	Prbm.g_00163
OG0000211	Prax.g_01112	Prbm.g_00164
OG0000212	Prax.g_01111	Prbm.g_00165
OG0000213	Prax.g_01110	Prbm.g_00166
OG0000214	Prax.g_01108	Prbm.g_00170
OG0000215	Prax.g_01107	Prbm.g_00171
OG0000216	Prax.g_01105	Prbm.g_00173
OG0000217	Prax.g_01103	Prbm.g_00175
OG0000218	Prax.g_01102	Prbm.g_00176
OG0000219	Prax.g_01101	Prbm.g_00177
OG0000220	Prax.g_01098	Prbm.g_00179
OG0000221	Prax.g_01096	Prbm.g_00182
OG0000222	Prax.g_01095	Prbm.g_00183
OG0000223	Prax.g_01094	Prbm.g_00184
OG0000224	Prax.g_01091	Prbm.g_00187
OG0000225	Prax.g_01089	Prbm.g_00189
OG0000226	Prax.g_01088	Prbm.g_00191
OG0000227	Prax.g_01087	Prbm.g_00192
OG0000228	Prax.g_01086	Prbm.g_00193
OG0000229	Prax.g_01085	Prbm.g_00194
OG0000230	Prax.g_01084	Prbm.g_00195
OG0000231	Prax.g_01082	Prbm.g_01096
OG0000232	Prax.g_01081	Prbm.g_00196
OG0000233	Prax.g_01078	Prbm.g_00199
OG0000234	Prax.g_01076	Prbm.g_00202
OG0000235	Prax.g_01073	Prbm.g_00204
OG0000236	Prax.g_01072	Prbm.g_00205
OG0000237	Prax.g_01071	Prbm.g_00206
OG0000238	Prax.g_01070	Prbm.g_00207
OG0000239	Prax.g_01069	Prbm.g_00208
OG0000240	Prax.g_01067	Prbm.g_00210
OG0000241	Prax.g_01066	Prbm.g_00211
OG0000242	Prax.g_01065	Prbm.g_00212
OG0000243	Prax.g_01064	Prbm.g_00213
OG0000244	Prax.g_01063	Prbm.g_00214
OG0000245	Prax.g_01062	Prbm.g_00215
OG0000246	Prax.g_01060	Prbm.g_00217
OG0000247	Prax.g_01059	Prbm.g_00218
OG0000248	Prax.g_01058	Prbm.g_00219
OG0000249	Prax.g_01057	Prbm.g_00220
OG0000250	Prax.g_01056	Prbm.g_00221
OG0000251	Prax.g_01055	Prbm.g_00222
OG0000252	Prax.g_01054	Prbm.g_00223
OG0000253	Prax.g_01053	Prbm.g_00224
OG0000254	Prax.g_01051	Prbm.g_00226
OG0000255	Prax.g_01050	Prbm.g_00227
OG0000256	Prax.g_01047	Prbm.g_00230
OG0000257	Prax.g_01045	Prbm.g_00232
OG0000258	Prax.g_01044	Prbm.g_00233
OG0000259	Prax.g_01043	Prbm.g_00234
OG0000260	Prax.g_01042	Prbm.g_00235
OG0000261	Prax.g_01041	Prbm.g_00236
OG0000262	Prax.g_01040	Prbm.g_00237
OG0000263	Prax.g_01039	Prbm.g_00238
OG0000264	Prax.g_01037	Prbm.g_00240
OG0000265	Prax.g_01036	Prbm.g_00241
OG0000266	Prax.g_01035	Prbm.g_00242
OG0000267	Prax.g_01033	Prbm.g_00244
OG0000268	Prax.g_01032	Prbm.g_00246
OG0000269	Prax.g_01031	Prbm.g_00247
OG0000270	Prax.g_01030	Prbm.g_00248
OG0000271	Prax.g_01029	Prbm.g_00249
OG0000272	Prax.g_01028	Prbm.g_00250
OG0000273	Prax.g_01027	Prbm.g_00251
OG0000274	Prax.g_01026	Prbm.g_00252
OG0000275	Prax.g_01025	Prbm.g_00253
OG0000276	Prax.g_01024	Prbm.g_00254
OG0000277	Prax.g_01023	Prbm.g_00255
OG0000278	Prax.g_01022	Prbm.g_00256
OG0000279	Prax.g_01021	Prbm.g_00257
OG0000280	Prax.g_01020	Prbm.g_00258
OG0000281	Prax.g_01018	Prbm.g_00260
OG0000282	Prax.g_01017	Prbm.g_00261
OG0000283	Prax.g_01014	Prbm.g_00263
OG0000284	Prax.g_01013	Prbm.g_00264
OG0000285	Prax.g_01012	Prbm.g_00265
OG0000286	Prax.g_01010	Prbm.g_00267
OG0000287	Prax.g_01009	Prbm.g_00268
OG0000288	Prax.g_01008	Prbm.g_00269
OG0000289	Prax.g_01007	Prbm.g_00270
OG0000290	Prax.g_01006	Prbm.g_00271
OG0000291	Prax.g_01005	Prbm.g_00272
OG0000292	Prax.g_01004	Prbm.g_00273
OG0000293	Prax.g_01003	Prbm.g_00274
OG0000294	Prax.g_01002	Prbm.g_00275
OG0000295	Prax.g_01001	Prbm.g_00276
OG0000296	Prax.g_01000	Prbm.g_00277
OG0000297	Prax.g_00999	Prbm.g_00278
OG0000298	Prax.g_00998	Prbm.g_00279
OG0000299	Prax.g_00997	Prbm.g_00280
OG0000300	Prax.g_00996	Prbm.g_00281
OG0000301	Prax.g_00995	Prbm.g_00282
OG0000302	Prax.g_00994	Prbm.g_00283
OG0000303	Prax.g_00993	Prbm.g_00284
OG0000304	Prax.g_00992	Prbm.g_00285
OG0000305	Prax.g_00991	Prbm.g_00286
OG0000306	Prax.g_00990	Prbm.g_00287
OG0000307	Prax.g_00989	Prbm.g_00288
OG0000308	Prax.g_00988	Prbm.g_00289
OG0000309	Prax.g_00987	Prbm.g_00290
OG0000310	Prax.g_00986	Prbm.g_00291
OG0000311	Prax.g_00985	Prbm.g_00293
OG0000312	Prax.g_00983	Prbm.g_00295
OG0000313	Prax.g_00982	Prbm.g_00296
OG0000314	Prax.g_00979	Prbm.g_00300
OG0000315	Prax.g_00978	Prbm.g_00301
OG0000316	Prax.g_00933	Prbm.g_00303
OG0000317	Prax.g_00931	Prbm.g_00305
OG0000318	Prax.g_00930	Prbm.g_00306
OG0000319	Prax.g_00929	Prbm.g_00307
OG0000320	Prax.g_00928	Prbm.g_00308
OG0000321	Prax.g_00925	Prbm.g_00309
OG0000322	Prax.g_00922	Prbm.g_00312
OG0000323	Prax.g_00921	Prbm.g_00313
OG0000324	Prax.g_00918	Prbm.g_00317
OG0000325	Prax.g_00916	Prbm.g_00318
OG0000326	Prax.g_00915	Prbm.g_00319
OG0000327	Prax.g_00913	Prbm.g_00320
OG0000328	Prax.g_00912	Prbm.g_00321
OG0000329	Prax.g_00911	Prbm.g_00322
OG0000330	Prax.g_00910	Prbm.g_00323
OG0000331	Prax.g_00909	Prbm.g_00324
OG0000332	Prax.g_00908	Prbm.g_00325
OG0000333	Prax.g_00907	Prbm.g_00326
OG0000334	Prax.g_00906	Prbm.g_00327
OG0000335	Prax.g_00905	Prbm.g_00328
OG0000336	Prax.g_00904	Prbm.g_00330
OG0000337	Prax.g_00900	Prbm.g_00332
OG0000338	Prax.g_00899	Prbm.g_00333
OG0000339	Prax.g_00898	Prbm.g_00334
OG0000340	Prax.g_00897	Prbm.g_00335
OG0000341	Prax.g_00893	Prbm.g_00339
OG0000342	Prax.g_00892	Prbm.g_00340
OG0000343	Prax.g_00890	Prbm.g_00342
OG0000344	Prax.g_00889	Prbm.g_00343
OG0000345	Prax.g_00888	Prbm.g_00344
OG0000346	Prax.g_00887	Prbm.g_00345
OG0000347	Prax.g_00886	Prbm.g_00346
OG0000348	Prax.g_00885	Prbm.g_00347
OG0000349	Prax.g_00884	Prbm.g_00348
OG0000350	Prax.g_00883	Prbm.g_00349
OG0000351	Prax.g_00880	Prbm.g_00351
OG0000352	Prax.g_00877	Prbm.g_00354
OG0000353	Prax.g_00876	Prbm.g_00355
OG0000354	Prax.g_00875	Prbm.g_00356
OG0000355	Prax.g_00874	Prbm.g_00357
OG0000356	Prax.g_00873	Prbm.g_00358
OG0000357	Prax.g_00872	Prbm.g_00359
OG0000358	Prax.g_00871	Prbm.g_00360
OG0000359	Prax.g_00870	Prbm.g_00361
OG0000360	Prax.g_00867	Prbm.g_00364
OG0000361	Prax.g_00866	Prbm.g_00365
OG0000362	Prax.g_00865	Prbm.g_00366
OG0000363	Prax.g_00864	Prbm.g_00367
OG0000364	Prax.g_00863	Prbm.g_00368
OG0000365	Prax.g_00862	Prbm.g_00369
OG0000366	Prax.g_00861	Prbm.g_00370
OG0000367	Prax.g_00860	Prbm.g_00371
OG0000368	Prax.g_00859	Prbm.g_00372
OG0000369	Prax.g_00858	Prbm.g_00373
OG0000370	Prax.g_00857	Prbm.g_00374
OG0000371	Prax.g_00856	Prbm.g_00375
OG0000372	Prax.g_00854	Prbm.g_00376
OG0000373	Prax.g_00850	Prbm.g_00378
OG0000374	Prax.g_00849	Prbm.g_00379
OG0000375	Prax.g_00848	Prbm.g_00380
OG0000376	Prax.g_00846	Prbm.g_00382
OG0000377	Prax.g_00845	Prbm.g_00388
OG0000378	Prax.g_00844	Prbm.g_00768
OG0000379	Prax.g_00839	Prbm.g_00400
OG0000380	Prax.g_00838	Prbm.g_00402
OG0000381	Prax.g_00837	Prbm.g_00403
OG0000382	Prax.g_00835	Prbm.g_00404
OG0000383	Prax.g_00832	Prbm.g_00407
OG0000384	Prax.g_00831	Prbm.g_00408
OG0000385	Prax.g_00828	Prbm.g_00410
OG0000386	Prax.g_00827	Prbm.g_00411
OG0000387	Prax.g_00826	Prbm.g_00412
OG0000388	Prax.g_00825	Prbm.g_00413
OG0000389	Prax.g_00824	Prbm.g_00414
OG0000390	Prax.g_00823	Prbm.g_00415
OG0000391	Prax.g_00822	Prbm.g_00416
OG0000392	Prax.g_00821	Prbm.g_00417
OG0000393	Prax.g_00818	Prbm.g_00422
OG0000394	Prax.g_00817	Prbm.g_00423
OG0000395	Prax.g_00815	Prbm.g_00426
OG0000396	Prax.g_00814	Prbm.g_00866
OG0000397	Prax.g_00802	Prbm.g_01088
OG0000398	Prax.g_00795	Prbm.g_01121
OG0000399	Prax.g_00794	Prbm.g_01353
OG0000400	Prax.g_00790	Prbm.g_01949
OG0000401	Prax.g_00769	Prbm.g_00440
OG0000402	Prax.g_00768	Prbm.g_00441
OG0000403	Prax.g_00767	Prbm.g_00442
OG0000404	Prax.g_00765	Prbm.g_00445
OG0000405	Prax.g_00764	Prbm.g_00446
OG0000406	Prax.g_00762	Prbm.g_00448
OG0000407	Prax.g_00761	Prbm.g_00449
OG0000408	Prax.g_00760	Prbm.g_00450
OG0000409	Prax.g_00759	Prbm.g_00451
OG0000410	Prax.g_00758	Prbm.g_00452
OG0000411	Prax.g_00757	Prbm.g_00453
OG0000412	Prax.g_00756	Prbm.g_00454
OG0000413	Prax.g_00755	Prbm.g_00455
OG0000414	Prax.g_00754	Prbm.g_00456
OG0000415	Prax.g_00753	Prbm.g_00457
OG0000416	Prax.g_00752	Prbm.g_00458
OG0000417	Prax.g_00751	Prbm.g_00459
OG0000418	Prax.g_00750	Prbm.g_00460
OG0000419	Prax.g_00749	Prbm.g_00461
OG0000420	Prax.g_00748	Prbm.g_00462
OG0000421	Prax.g_00747	Prbm.g_00480
OG0000422	Prax.g_00746	Prbm.g_00482
OG0000423	Prax.g_00745	Prbm.g_00483
OG0000424	Prax.g_00743	Prbm.g_00484
OG0000425	Prax.g_00740	Prbm.g_00490
OG0000426	Prax.g_00739	Prbm.g_00491
OG0000427	Prax.g_00738	Prbm.g_00492
OG0000428	Prax.g_00737	Prbm.g_00494
OG0000429	Prax.g_00736	Prbm.g_00495
OG0000430	Prax.g_00731	Prbm.g_00497
OG0000431	Prax.g_00729	Prbm.g_00498
OG0000432	Prax.g_00728	Prbm.g_00499
OG0000433	Prax.g_00725	Prbm.g_00502
OG0000434	Prax.g_00724	Prbm.g_00504
OG0000435	Prax.g_00723	Prbm.g_00505
OG0000436	Prax.g_00721	Prbm.g_00507
OG0000437	Prax.g_00719	Prbm.g_00509
OG0000438	Prax.g_00718	Prbm.g_00510
OG0000439	Prax.g_00717	Prbm.g_00511
OG0000440	Prax.g_00715	Prbm.g_00512
OG0000441	Prax.g_00714	Prbm.g_00513
OG0000442	Prax.g_00713	Prbm.g_00514
OG0000443	Prax.g_00712	Prbm.g_00515
OG0000444	Prax.g_00711	Prbm.g_00516
OG0000445	Prax.g_00709	Prbm.g_00517
OG0000446	Prax.g_00708	Prbm.g_00518
OG0000447	Prax.g_00707	Prbm.g_00519
OG0000448	Prax.g_00706	Prbm.g_00520
OG0000449	Prax.g_00701	Prbm.g_00534
OG0000450	Prax.g_00700	Prbm.g_00535
OG0000451	Prax.g_00699	Prbm.g_00536
OG0000452	Prax.g_00698	Prbm.g_00537
OG0000453	Prax.g_00696	Prbm.g_00539
OG0000454	Prax.g_00695	Prbm.g_00540
OG0000455	Prax.g_00694	Prbm.g_00541
OG0000456	Prax.g_00693	Prbm.g_00542
OG0000457	Prax.g_00691	Prbm.g_00544
OG0000458	Prax.g_00689	Prbm.g_00546
OG0000459	Prax.g_00688	Prbm.g_00547
OG0000460	Prax.g_00686	Prbm.g_00549
OG0000461	Prax.g_00685	Prbm.g_00550
OG0000462	Prax.g_00684	Prbm.g_00551
OG0000463	Prax.g_00683	Prbm.g_00553
OG0000464	Prax.g_00678	Prbm.g_00557
OG0000465	Prax.g_00676	Prbm.g_00558
OG0000466	Prax.g_00675	Prbm.g_00559
OG0000467	Prax.g_00674	Prbm.g_00560
OG0000468	Prax.g_00673	Prbm.g_00561
OG0000469	Prax.g_00672	Prbm.g_00562
OG0000470	Prax.g_00671	Prbm.g_00563
OG0000471	Prax.g_00670	Prbm.g_00564
OG0000472	Prax.g_00667	Prbm.g_00567
OG0000473	Prax.g_00666	Prbm.g_00568
OG0000474	Prax.g_00665	Prbm.g_00569
OG0000475	Prax.g_00664	Prbm.g_00570
OG0000476	Prax.g_00663	Prbm.g_00571
OG0000477	Prax.g_00001	Prbm.g_00573
OG0000478	Prax.g_00002	Prbm.g_00574
OG0000479	Prax.g_00003	Prbm.g_00575
OG0000480	Prax.g_00005	Prbm.g_00577
OG0000481	Prax.g_00006	Prbm.g_00578
OG0000482	Prax.g_00007	Prbm.g_00579
OG0000483	Prax.g_00008	Prbm.g_00580
OG0000484	Prax.g_00009	Prbm.g_00581
OG0000485	Prax.g_00010	Prbm.g_00582
OG0000486	Prax.g_00011	Prbm.g_00583
OG0000487	Prax.g_00012	Prbm.g_00584
OG0000488	Prax.g_00014	Prbm.g_00586
OG0000489	Prax.g_00015	Prbm.g_00587
OG0000490	Prax.g_00016	Prbm.g_00588
OG0000491	Prax.g_00017	Prbm.g_00589
OG0000492	Prax.g_00018	Prbm.g_00590
OG0000493	Prax.g_00019	Prbm.g_00591
OG0000494	Prax.g_00021	Prbm.g_00593
OG0000495	Prax.g_00022	Prbm.g_00594
OG0000496	Prax.g_00023	Prbm.g_00595
OG0000497	Prax.g_00024	Prbm.g_00596
OG0000498	Prax.g_00025	Prbm.g_00597
OG0000499	Prax.g_00027	Prbm.g_00599
OG0000500	Prax.g_00028	Prbm.g_00600
OG0000501	Prax.g_00030	Prbm.g_00602
OG0000502	Prax.g_00031	Prbm.g_00603
OG0000503	Prax.g_00032	Prbm.g_00604
OG0000504	Prax.g_00033	Prbm.g_00605
OG0000505	Prax.g_00034	Prbm.g_00606
OG0000506	Prax.g_00035	Prbm.g_00607
OG0000507	Prax.g_00036	Prbm.g_00608
OG0000508	Prax.g_00038	Prbm.g_00609
OG0000509	Prax.g_00039	Prbm.g_00610
OG0000510	Prax.g_00040	Prbm.g_00611
OG0000511	Prax.g_00041	Prbm.g_00612
OG0000512	Prax.g_00042	Prbm.g_00613
OG0000513	Prax.g_00043	Prbm.g_00614
OG0000514	Prax.g_00044	Prbm.g_00615
OG0000515	Prax.g_00046	Prbm.g_00616
OG0000516	Prax.g_00047	Prbm.g_00617
OG0000517	Prax.g_00048	Prbm.g_00618
OG0000518	Prax.g_00050	Prbm.g_00620
OG0000519	Prax.g_00051	Prbm.g_00621
OG0000520	Prax.g_00052	Prbm.g_00624
OG0000521	Prax.g_00053	Prbm.g_00623
OG0000522	Prax.g_00054	Prbm.g_00625
OG0000523	Prax.g_00055	Prbm.g_00626
OG0000524	Prax.g_00056	Prbm.g_00627
OG0000525	Prax.g_00058	Prbm.g_00629
OG0000526	Prax.g_00059	Prbm.g_00630
OG0000527	Prax.g_00060	Prbm.g_00631
OG0000528	Prax.g_00061	Prbm.g_00632
OG0000529	Prax.g_00062	Prbm.g_00633
OG0000530	Prax.g_00063	Prbm.g_00634
OG0000531	Prax.g_00064	Prbm.g_00636
OG0000532	Prax.g_00065	Prbm.g_00637
OG0000533	Prax.g_00066	Prbm.g_00638
OG0000534	Prax.g_00067	Prbm.g_00639
OG0000535	Prax.g_00068	Prbm.g_00640
OG0000536	Prax.g_00069	Prbm.g_00641
OG0000537	Prax.g_00070	Prbm.g_00642
OG0000538	Prax.g_00071	Prbm.g_00643
OG0000539	Prax.g_00072	Prbm.g_00644
OG0000540	Prax.g_00073	Prbm.g_00645
OG0000541	Prax.g_00074	Prbm.g_00646
OG0000542	Prax.g_00075	Prbm.g_00647
OG0000543	Prax.g_00076	Prbm.g_00648
OG0000544	Prax.g_00077	Prbm.g_00649
OG0000545	Prax.g_00080	Prbm.g_00652
OG0000546	Prax.g_00081	Prbm.g_00653
OG0000547	Prax.g_00083	Prbm.g_00654
OG0000548	Prax.g_00084	Prbm.g_00656
OG0000549	Prax.g_00085	Prbm.g_00657
OG0000550	Prax.g_00086	Prbm.g_00658
OG0000551	Prax.g_00087	Prbm.g_00659
OG0000552	Prax.g_00088	Prbm.g_00660
OG0000553	Prax.g_00089	Prbm.g_00661
OG0000554	Prax.g_00090	Prbm.g_00662
OG0000555	Prax.g_00091	Prbm.g_00663
OG0000556	Prax.g_00092	Prbm.g_00664
OG0000557	Prax.g_00093	Prbm.g_00665
OG0000558	Prax.g_00094	Prbm.g_00666
OG0000559	Prax.g_00095	Prbm.g_00667
OG0000560	Prax.g_00097	Prbm.g_00669
OG0000561	Prax.g_00098	Prbm.g_00670
OG0000562	Prax.g_00099	Prbm.g_00671
OG0000563	Prax.g_00100	Prbm.g_00672
OG0000564	Prax.g_00101	Prbm.g_00673
OG0000565	Prax.g_00102	Prbm.g_00674
OG0000566	Prax.g_00103	Prbm.g_00675
OG0000567	Prax.g_00104	Prbm.g_00676
OG0000568	Prax.g_00105	Prbm.g_00677
OG0000569	Prax.g_00106	Prbm.g_00678
OG0000570	Prax.g_00107	Prbm.g_00679
OG0000571	Prax.g_00108	Prbm.g_00680
OG0000572	Prax.g_00109	Prbm.g_00681
OG0000573	Prax.g_00112	Prbm.g_00684
OG0000574	Prax.g_00113	Prbm.g_00685
OG0000575	Prax.g_00114	Prbm.g_00686
OG0000576	Prax.g_00115	Prbm.g_00687
OG0000577	Prax.g_00116	Prbm.g_00688
OG0000578	Prax.g_00117	Prbm.g_00689
OG0000579	Prax.g_00118	Prbm.g_00690
OG0000580	Prax.g_00119	Prbm.g_00691
OG0000581	Prax.g_00120	Prbm.g_00692
OG0000582	Prax.g_00121	Prbm.g_00693
OG0000583	Prax.g_00122	Prbm.g_00694
OG0000584	Prax.g_00123	Prbm.g_00696
OG0000585	Prax.g_00977	Prbm.g_00697
OG0000586	Prax.g_00975	Prbm.g_00699
OG0000587	Prax.g_00974	Prbm.g_00700
OG0000588	Prax.g_00972	Prbm.g_00703
OG0000589	Prax.g_00971	Prbm.g_00704
OG0000590	Prax.g_00969	Prbm.g_00706
OG0000591	Prax.g_00963	Prbm.g_00713
OG0000592	Prax.g_00962	Prbm.g_00714
OG0000593	Prax.g_00961	Prbm.g_00716
OG0000594	Prax.g_00959	Prbm.g_00719
OG0000595	Prax.g_00958	Prbm.g_00720
OG0000596	Prax.g_00957	Prbm.g_00722
OG0000597	Prax.g_00955	Prbm.g_00724
OG0000598	Prax.g_00954	Prbm.g_00725
OG0000599	Prax.g_00953	Prbm.g_00726
OG0000600	Prax.g_00952	Prbm.g_00727
OG0000601	Prax.g_00950	Prbm.g_00730
OG0000602	Prax.g_00949	Prbm.g_00731
OG0000603	Prax.g_00948	Prbm.g_00732
OG0000604	Prax.g_00947	Prbm.g_01483
OG0000605	Prax.g_00946	Prbm.g_00733
OG0000606	Prax.g_00945	Prbm.g_00734
OG0000607	Prax.g_00943	Prbm.g_00736
OG0000608	Prax.g_00942	Prbm.g_00737
OG0000609	Prax.g_00938	Prbm.g_02220
OG0000610	Prax.g_00937	Prbm.g_01326
OG0000611	Prax.g_00484	Prbm.g_00743
OG0000612	Prax.g_00483	Prbm.g_00744
OG0000613	Prax.g_00482	Prbm.g_00745
OG0000614	Prax.g_00481	Prbm.g_00746
OG0000615	Prax.g_00479	Prbm.g_00748
OG0000616	Prax.g_00478	Prbm.g_00749
OG0000617	Prax.g_00477	Prbm.g_00750
OG0000618	Prax.g_00476	Prbm.g_00751
OG0000619	Prax.g_00475	Prbm.g_00752
OG0000620	Prax.g_00474	Prbm.g_00753
OG0000621	Prax.g_00473	Prbm.g_00754
OG0000622	Prax.g_00472	Prbm.g_00755
OG0000623	Prax.g_00471	Prbm.g_00756
OG0000624	Prax.g_00470	Prbm.g_00758
OG0000625	Prax.g_00469	Prbm.g_00759
OG0000626	Prax.g_00468	Prbm.g_00760
OG0000627	Prax.g_00467	Prbm.g_00762
OG0000628	Prax.g_00466	Prbm.g_00763
OG0000629	Prax.g_00465	Prbm.g_00764
OG0000630	Prax.g_00464	Prbm.g_00765
OG0000631	Prax.g_00462	Prbm.g_00767
OG0000632	Prax.g_00432	Prbm.g_01151
OG0000633	Prax.g_00428	Prbm.g_00111
OG0000634	Prax.g_00413	Prbm.g_01094
OG0000635	Prax.g_00409	Prbm.g_00980
OG0000636	Prax.g_00408	Prbm.g_00979
OG0000637	Prax.g_00407	Prbm.g_00978
OG0000638	Prax.g_00395	Prbm.g_00395
OG0000639	Prax.g_00386	Prbm.g_00955
OG0000640	Prax.g_00384	Prbm.g_00957
OG0000641	Prax.g_00382	Prbm.g_00959
OG0000642	Prax.g_00381	Prbm.g_00960
OG0000643	Prax.g_00380	Prbm.g_00961
OG0000644	Prax.g_00379	Prbm.g_00808
OG0000645	Prax.g_00378	Prbm.g_00809
OG0000646	Prax.g_00377	Prbm.g_00810
OG0000647	Prax.g_00376	Prbm.g_00811
OG0000648	Prax.g_00374	Prbm.g_00813
OG0000649	Prax.g_00373	Prbm.g_00814
OG0000650	Prax.g_00372	Prbm.g_00815
OG0000651	Prax.g_00371	Prbm.g_00816
OG0000652	Prax.g_00370	Prbm.g_00817
OG0000653	Prax.g_00369	Prbm.g_00818
OG0000654	Prax.g_00367	Prbm.g_00820
OG0000655	Prax.g_00365	Prbm.g_00822
OG0000656	Prax.g_00364	Prbm.g_00823
OG0000657	Prax.g_00363	Prbm.g_00824
OG0000658	Prax.g_00362	Prbm.g_00825
OG0000659	Prax.g_00361	Prbm.g_00826
OG0000660	Prax.g_00360	Prbm.g_00827
OG0000661	Prax.g_00359	Prbm.g_00829
OG0000662	Prax.g_00358	Prbm.g_00831
OG0000663	Prax.g_00357	Prbm.g_00832
OG0000664	Prax.g_00356	Prbm.g_00833
OG0000665	Prax.g_00355	Prbm.g_00834
OG0000666	Prax.g_00354	Prbm.g_00835
OG0000667	Prax.g_00353	Prbm.g_00836
OG0000668	Prax.g_00352	Prbm.g_00837
OG0000669	Prax.g_00350	Prbm.g_00839
OG0000670	Prax.g_00349	Prbm.g_00840
OG0000671	Prax.g_00348	Prbm.g_00841
OG0000672	Prax.g_00347	Prbm.g_00842
OG0000673	Prax.g_00346	Prbm.g_00843
OG0000674	Prax.g_00345	Prbm.g_00844
OG0000675	Prax.g_00343	Prbm.g_00845
OG0000676	Prax.g_00342	Prbm.g_00846
OG0000677	Prax.g_00339	Prbm.g_00848
OG0000678	Prax.g_00337	Prbm.g_00850
OG0000679	Prax.g_00336	Prbm.g_00852
OG0000680	Prax.g_00335	Prbm.g_00853
OG0000681	Prax.g_00334	Prbm.g_00854
OG0000682	Prax.g_00333	Prbm.g_00855
OG0000683	Prax.g_00331	Prbm.g_00857
OG0000684	Prax.g_00330	Prbm.g_00858
OG0000685	Prax.g_00329	Prbm.g_00859
OG0000686	Prax.g_00328	Prbm.g_00860
OG0000687	Prax.g_00327	Prbm.g_00861
OG0000688	Prax.g_00326	Prbm.g_00862
OG0000689	Prax.g_00325	Prbm.g_00863
OG0000690	Prax.g_00324	Prbm.g_00864
OG0000691	Prax.g_00323	Prbm.g_00865
OG0000692	Prax.g_00321	Prbm.g_00867
OG0000693	Prax.g_00320	Prbm.g_00868
OG0000694	Prax.g_00319	Prbm.g_00869
OG0000695	Prax.g_00318	Prbm.g_00870
OG0000696	Prax.g_00317	Prbm.g_00871
OG0000697	Prax.g_00315	Prbm.g_00873
OG0000698	Prax.g_00313	Prbm.g_00877
OG0000699	Prax.g_00312	Prbm.g_00878
OG0000700	Prax.g_00546	Prbm.g_00911
OG0000701	Prax.g_00550	Prbm.g_00914
OG0000702	Prax.g_00553	Prbm.g_00919
OG0000703	Prax.g_00554	Prbm.g_00921
OG0000704	Prax.g_00555	Prbm.g_00922
OG0000705	Prax.g_00556	Prbm.g_00923
OG0000706	Prax.g_00557	Prbm.g_00924
OG0000707	Prax.g_00558	Prbm.g_00926
OG0000708	Prax.g_00559	Prbm.g_00927
OG0000709	Prax.g_00561	Prbm.g_00929
OG0000710	Prax.g_00562	Prbm.g_00930
OG0000711	Prax.g_00563	Prbm.g_00931
OG0000712	Prax.g_00564	Prbm.g_00932
OG0000713	Prax.g_00565	Prbm.g_00933
OG0000714	Prax.g_00567	Prbm.g_00935
OG0000715	Prax.g_00568	Prbm.g_00936
OG0000716	Prax.g_00570	Prbm.g_00939
OG0000717	Prax.g_00571	Prbm.g_00940
OG0000718	Prax.g_00572	Prbm.g_00941
OG0000719	Prax.g_00574	Prbm.g_00943
OG0000720	Prax.g_00575	Prbm.g_00944
OG0000721	Prax.g_00578	Prbm.g_00946
OG0000722	Prax.g_00579	Prbm.g_00947
OG0000723	Prax.g_00580	Prbm.g_00948
OG0000724	Prax.g_00582	Prbm.g_00793
OG0000725	Prax.g_00583	Prbm.g_00794
OG0000726	Prax.g_00584	Prbm.g_00795
OG0000727	Prax.g_00585	Prbm.g_00796
OG0000728	Prax.g_00586	Prbm.g_00797
OG0000729	Prax.g_00587	Prbm.g_00798
OG0000730	Prax.g_00588	Prbm.g_00799
OG0000731	Prax.g_00589	Prbm.g_00800
OG0000732	Prax.g_00590	Prbm.g_00801
OG0000733	Prax.g_00591	Prbm.g_00802
OG0000734	Prax.g_00592	Prbm.g_00803
OG0000735	Prax.g_00594	Prbm.g_00805
OG0000736	Prax.g_00595	Prbm.g_00806
OG0000737	Prax.g_00596	Prbm.g_00807
OG0000738	Prax.g_00597	Prbm.g_00962
OG0000739	Prax.g_00598	Prbm.g_00963
OG0000740	Prax.g_00599	Prbm.g_00964
OG0000741	Prax.g_00600	Prbm.g_00965
OG0000742	Prax.g_00602	Prbm.g_00967
OG0000743	Prax.g_00603	Prbm.g_00968
OG0000744	Prax.g_00604	Prbm.g_00969
OG0000745	Prax.g_00605	Prbm.g_00970
OG0000746	Prax.g_00606	Prbm.g_00971
OG0000747	Prax.g_00607	Prbm.g_00972
OG0000748	Prax.g_00608	Prbm.g_00973
OG0000749	Prax.g_00609	Prbm.g_00974
OG0000750	Prax.g_00610	Prbm.g_00975
OG0000751	Prax.g_00611	Prbm.g_00976
OG0000752	Prax.g_00612	Prbm.g_00889
OG0000753	Prax.g_00614	Prbm.g_00981
OG0000754	Prax.g_00615	Prbm.g_00982
OG0000755	Prax.g_00616	Prbm.g_00983
OG0000756	Prax.g_00617	Prbm.g_00985
OG0000757	Prax.g_00618	Prbm.g_00986
OG0000758	Prax.g_00619	Prbm.g_00987
OG0000759	Prax.g_01130	Prbm.g_00989
OG0000760	Prax.g_01131	Prbm.g_00990
OG0000761	Prax.g_01132	Prbm.g_00991
OG0000762	Prax.g_01134	Prbm.g_00993
OG0000763	Prax.g_01135	Prbm.g_00994
OG0000764	Prax.g_01136	Prbm.g_00995
OG0000765	Prax.g_01137	Prbm.g_00996
OG0000766	Prax.g_01138	Prbm.g_00997
OG0000767	Prax.g_01140	Prbm.g_00999
OG0000768	Prax.g_01141	Prbm.g_01000
OG0000769	Prax.g_01142	Prbm.g_01001
OG0000770	Prax.g_01143	Prbm.g_01002
OG0000771	Prax.g_01144	Prbm.g_01003
OG0000772	Prax.g_01145	Prbm.g_00102
OG0000773	Prax.g_01146	Prbm.g_01004
OG0000774	Prax.g_01147	Prbm.g_01005
OG0000775	Prax.g_01148	Prbm.g_01006
OG0000776	Prax.g_01150	Prbm.g_01007
OG0000777	Prax.g_01152	Prbm.g_01009
OG0000778	Prax.g_01153	Prbm.g_01010
OG0000779	Prax.g_01154	Prbm.g_01011
OG0000780	Prax.g_01156	Prbm.g_01013
OG0000781	Prax.g_01158	Prbm.g_01014
OG0000782	Prax.g_01159	Prbm.g_01015
OG0000783	Prax.g_01173	Prbm.g_01031
OG0000784	Prax.g_01175	Prbm.g_01032
OG0000785	Prax.g_01176	Prbm.g_01033
OG0000786	Prax.g_01177	Prbm.g_01034
OG0000787	Prax.g_01178	Prbm.g_01035
OG0000788	Prax.g_01182	Prbm.g_01039
OG0000789	Prax.g_01184	Prbm.g_01042
OG0000790	Prax.g_01185	Prbm.g_00888
OG0000791	Prax.g_01186	Prbm.g_01043
OG0000792	Prax.g_01187	Prbm.g_01044
OG0000793	Prax.g_01188	Prbm.g_01045
OG0000794	Prax.g_01190	Prbm.g_01048
OG0000795	Prax.g_01193	Prbm.g_01052
OG0000796	Prax.g_01194	Prbm.g_01053
OG0000797	Prax.g_01196	Prbm.g_01056
OG0000798	Prax.g_01197	Prbm.g_01057
OG0000799	Prax.g_01198	Prbm.g_01058
OG0000800	Prax.g_01199	Prbm.g_01059
OG0000801	Prax.g_01202	Prbm.g_01062
OG0000802	Prax.g_01203	Prbm.g_01063
OG0000803	Prax.g_01205	Prbm.g_00887
OG0000804	Prax.g_01206	Prbm.g_00886
OG0000805	Prax.g_01207	Prbm.g_00885
OG0000806	Prax.g_01209	Prbm.g_00883
OG0000807	Prax.g_01235	Prbm.g_00894
OG0000808	Prax.g_01245	Prbm.g_01103
OG0000809	Prax.g_01248	Prbm.g_01085
OG0000810	Prax.g_01249	Prbm.g_01806
OG0000811	Prax.g_01256	Prbm.g_02104
OG0000812	Prax.g_00126	Prbm.g_00398
OG0000813	Prax.g_00130	Prbm.g_00406
OG0000814	Prax.g_00132	Prbm.g_01803
OG0000815	Prax.g_00146	Prbm.g_01079
OG0000816	Prax.g_00162	Prbm.g_01911
OG0000817	Prax.g_00163	Prbm.g_01912
OG0000818	Prax.g_00168	Prbm.g_01123
OG0000819	Prax.g_00181	Prbm.g_01571
OG0000820	Prax.g_00185	Prbm.g_01565
OG0000821	Prax.g_00187	Prbm.g_01563
OG0000822	Prax.g_00188	Prbm.g_01562
OG0000823	Prax.g_00189	Prbm.g_01561
OG0000824	Prax.g_00190	Prbm.g_01560
OG0000825	Prax.g_00191	Prbm.g_01559
OG0000826	Prax.g_00192	Prbm.g_01558
OG0000827	Prax.g_00193	Prbm.g_01557
OG0000828	Prax.g_00194	Prbm.g_01556
OG0000829	Prax.g_00195	Prbm.g_01555
OG0000830	Prax.g_00196	Prbm.g_01553
OG0000831	Prax.g_00199	Prbm.g_01550
OG0000832	Prax.g_00201	Prbm.g_01548
OG0000833	Prax.g_00202	Prbm.g_01547
OG0000834	Prax.g_00203	Prbm.g_01545
OG0000835	Prax.g_00204	Prbm.g_01544
OG0000836	Prax.g_00205	Prbm.g_01543
OG0000837	Prax.g_00207	Prbm.g_01540
OG0000838	Prax.g_00208	Prbm.g_01539
OG0000839	Prax.g_00209	Prbm.g_01538
OG0000840	Prax.g_00210	Prbm.g_01537
OG0000841	Prax.g_00211	Prbm.g_01536
OG0000842	Prax.g_00212	Prbm.g_01534
OG0000843	Prax.g_00213	Prbm.g_01533
OG0000844	Prax.g_00214	Prbm.g_01532
OG0000845	Prax.g_00215	Prbm.g_01531
OG0000846	Prax.g_00218	Prbm.g_01529
OG0000847	Prax.g_00220	Prbm.g_01527
OG0000848	Prax.g_00221	Prbm.g_01525
OG0000849	Prax.g_00222	Prbm.g_01524
OG0000850	Prax.g_00223	Prbm.g_01523
OG0000851	Prax.g_00224	Prbm.g_01520
OG0000852	Prax.g_00226	Prbm.g_01518
OG0000853	Prax.g_00227	Prbm.g_01516
OG0000854	Prax.g_00229	Prbm.g_01514
OG0000855	Prax.g_00230	Prbm.g_01513
OG0000856	Prax.g_00231	Prbm.g_01512
OG0000857	Prax.g_00232	Prbm.g_01511
OG0000858	Prax.g_00233	Prbm.g_01510
OG0000859	Prax.g_00234	Prbm.g_01509
OG0000860	Prax.g_00235	Prbm.g_01508
OG0000861	Prax.g_00236	Prbm.g_01507
OG0000862	Prax.g_00237	Prbm.g_01506
OG0000863	Prax.g_00238	Prbm.g_01505
OG0000864	Prax.g_00239	Prbm.g_01504
OG0000865	Prax.g_00240	Prbm.g_01503
OG0000866	Prax.g_00241	Prbm.g_01502
OG0000867	Prax.g_00242	Prbm.g_01501
OG0000868	Prax.g_00243	Prbm.g_01500
OG0000869	Prax.g_00245	Prbm.g_01498
OG0000870	Prax.g_00246	Prbm.g_01497
OG0000871	Prax.g_00248	Prbm.g_01496
OG0000872	Prax.g_00249	Prbm.g_01495
OG0000873	Prax.g_00251	Prbm.g_01494
OG0000874	Prax.g_00252	Prbm.g_01493
OG0000875	Prax.g_00253	Prbm.g_01492
OG0000876	Prax.g_00254	Prbm.g_01491
OG0000877	Prax.g_00256	Prbm.g_01490
OG0000878	Prax.g_01928	Prbm.g_01356
OG0000879	Prax.g_01910	Prbm.g_01600
OG0000880	Prax.g_01909	Prbm.g_01601
OG0000881	Prax.g_01908	Prbm.g_01602
OG0000882	Prax.g_01907	Prbm.g_01603
OG0000883	Prax.g_01906	Prbm.g_01605
OG0000884	Prax.g_01904	Prbm.g_01606
OG0000885	Prax.g_01903	Prbm.g_01607
OG0000886	Prax.g_01902	Prbm.g_01608
OG0000887	Prax.g_01901	Prbm.g_01609
OG0000888	Prax.g_01900	Prbm.g_01610
OG0000889	Prax.g_01897	Prbm.g_01613
OG0000890	Prax.g_01896	Prbm.g_01614
OG0000891	Prax.g_01895	Prbm.g_01615
OG0000892	Prax.g_01893	Prbm.g_01616
OG0000893	Prax.g_01892	Prbm.g_01617
OG0000894	Prax.g_01891	Prbm.g_01618
OG0000895	Prax.g_01890	Prbm.g_01619
OG0000896	Prax.g_01889	Prbm.g_01620
OG0000897	Prax.g_01888	Prbm.g_01621
OG0000898	Prax.g_01886	Prbm.g_01624
OG0000899	Prax.g_01885	Prbm.g_01625
OG0000900	Prax.g_01881	Prbm.g_01630
OG0000901	Prax.g_01877	Prbm.g_01634
OG0000902	Prax.g_01876	Prbm.g_00777
OG0000903	Prax.g_01875	Prbm.g_01573
OG0000904	Prax.g_01873	Prbm.g_01051
OG0000905	Prax.g_01871	Prbm.g_01812
OG0000906	Prax.g_01869	Prbm.g_01658
OG0000907	Prax.g_01868	Prbm.g_00875
OG0000908	Prax.g_01865	Prbm.g_01176
OG0000909	Prax.g_01861	Prbm.g_01662
OG0000910	Prax.g_01860	Prbm.g_01663
OG0000911	Prax.g_01859	Prbm.g_01664
OG0000912	Prax.g_01858	Prbm.g_01665
OG0000913	Prax.g_01857	Prbm.g_01666
OG0000914	Prax.g_01856	Prbm.g_01667
OG0000915	Prax.g_01855	Prbm.g_01668
OG0000916	Prax.g_01854	Prbm.g_01669
OG0000917	Prax.g_01853	Prbm.g_01670
OG0000918	Prax.g_01852	Prbm.g_01671
OG0000919	Prax.g_01851	Prbm.g_01672
OG0000920	Prax.g_01850	Prbm.g_01673
OG0000921	Prax.g_01849	Prbm.g_01674
OG0000922	Prax.g_01848	Prbm.g_01675
OG0000923	Prax.g_01847	Prbm.g_01676
OG0000924	Prax.g_01846	Prbm.g_01677
OG0000925	Prax.g_01845	Prbm.g_01678
OG0000926	Prax.g_01780	Prbm.g_02077
OG0000927	Prax.g_01751	Prbm.g_01691
OG0000928	Prax.g_01750	Prbm.g_01692
OG0000929	Prax.g_01749	Prbm.g_01693
OG0000930	Prax.g_01748	Prbm.g_01694
OG0000931	Prax.g_01747	Prbm.g_01695
OG0000932	Prax.g_01745	Prbm.g_01697
OG0000933	Prax.g_01744	Prbm.g_01698
OG0000934	Prax.g_01743	Prbm.g_01699
OG0000935	Prax.g_01742	Prbm.g_01700
OG0000936	Prax.g_01741	Prbm.g_01701
OG0000937	Prax.g_01740	Prbm.g_01702
OG0000938	Prax.g_01739	Prbm.g_01703
OG0000939	Prax.g_01738	Prbm.g_01704
OG0000940	Prax.g_01737	Prbm.g_01706
OG0000941	Prax.g_01735	Prbm.g_01708
OG0000942	Prax.g_01734	Prbm.g_01709
OG0000943	Prax.g_01726	Prbm.g_01712
OG0000944	Prax.g_01725	Prbm.g_01713
OG0000945	Prax.g_01724	Prbm.g_01714
OG0000946	Prax.g_01723	Prbm.g_01715
OG0000947	Prax.g_01722	Prbm.g_01716
OG0000948	Prax.g_01721	Prbm.g_01717
OG0000949	Prax.g_01720	Prbm.g_01718
OG0000950	Prax.g_01719	Prbm.g_01719
OG0000951	Prax.g_01718	Prbm.g_01720
OG0000952	Prax.g_01717	Prbm.g_01721
OG0000953	Prax.g_01716	Prbm.g_01722
OG0000954	Prax.g_01715	Prbm.g_01723
OG0000955	Prax.g_01714	Prbm.g_01724
OG0000956	Prax.g_01713	Prbm.g_01725
OG0000957	Prax.g_01712	Prbm.g_00487
OG0000958	Prax.g_01711	Prbm.g_01726
OG0000959	Prax.g_01710	Prbm.g_01727
OG0000960	Prax.g_01709	Prbm.g_01728
OG0000961	Prax.g_01705	Prbm.g_01731
OG0000962	Prax.g_01704	Prbm.g_01732
OG0000963	Prax.g_01703	Prbm.g_01733
OG0000964	Prax.g_01701	Prbm.g_01735
OG0000965	Prax.g_01700	Prbm.g_01736
OG0000966	Prax.g_01699	Prbm.g_01737
OG0000967	Prax.g_01698	Prbm.g_01738
OG0000968	Prax.g_01697	Prbm.g_01739
OG0000969	Prax.g_01696	Prbm.g_01740
OG0000970	Prax.g_01695	Prbm.g_01741
OG0000971	Prax.g_01694	Prbm.g_01742
OG0000972	Prax.g_01693	Prbm.g_01743
OG0000973	Prax.g_01692	Prbm.g_01744
OG0000974	Prax.g_01690	Prbm.g_01746
OG0000975	Prax.g_01687	Prbm.g_01752
OG0000976	Prax.g_01685	Prbm.g_01755
OG0000977	Prax.g_01684	Prbm.g_01756
OG0000978	Prax.g_01683	Prbm.g_01757
OG0000979	Prax.g_01681	Prbm.g_01759
OG0000980	Prax.g_01680	Prbm.g_01760
OG0000981	Prax.g_01679	Prbm.g_01761
OG0000982	Prax.g_01678	Prbm.g_01762
OG0000983	Prax.g_01676	Prbm.g_01764
OG0000984	Prax.g_01675	Prbm.g_01765
OG0000985	Prax.g_01674	Prbm.g_01766
OG0000986	Prax.g_01673	Prbm.g_01768
OG0000987	Prax.g_01672	Prbm.g_01769
OG0000988	Prax.g_01671	Prbm.g_01770
OG0000989	Prax.g_01670	Prbm.g_01771
OG0000990	Prax.g_01669	Prbm.g_01772
OG0000991	Prax.g_01668	Prbm.g_01773
OG0000992	Prax.g_01667	Prbm.g_01774
OG0000993	Prax.g_01666	Prbm.g_01775
OG0000994	Prax.g_01665	Prbm.g_01776
OG0000995	Prax.g_01664	Prbm.g_01777
OG0000996	Prax.g_01663	Prbm.g_01778
OG0000997	Prax.g_01662	Prbm.g_01779
OG0000998	Prax.g_01661	Prbm.g_01780
OG0000999	Prax.g_01660	Prbm.g_01781
OG0001000	Prax.g_01659	Prbm.g_01782
OG0001001	Prax.g_01657	Prbm.g_01784
OG0001002	Prax.g_01656	Prbm.g_01785
OG0001003	Prax.g_01655	Prbm.g_01786
OG0001004	Prax.g_01654	Prbm.g_01787
OG0001005	Prax.g_01653	Prbm.g_01789
OG0001006	Prax.g_01652	Prbm.g_01790
OG0001007	Prax.g_01651	Prbm.g_01791
OG0001008	Prax.g_01649	Prbm.g_01793
OG0001009	Prax.g_01648	Prbm.g_01794
OG0001010	Prax.g_01640	Prbm.g_01586
OG0001011	Prax.g_01633	Prbm.g_01685
OG0001012	Prax.g_01605	Prbm.g_00830
OG0001013	Prax.g_01565	Prbm.g_01835
OG0001014	Prax.g_01564	Prbm.g_01836
OG0001015	Prax.g_01558	Prbm.g_01842
OG0001016	Prax.g_01557	Prbm.g_01843
OG0001017	Prax.g_01556	Prbm.g_01844
OG0001018	Prax.g_01555	Prbm.g_01845
OG0001019	Prax.g_01553	Prbm.g_01846
OG0001020	Prax.g_01552	Prbm.g_01847
OG0001021	Prax.g_01551	Prbm.g_01848
OG0001022	Prax.g_01550	Prbm.g_01849
OG0001023	Prax.g_01549	Prbm.g_01850
OG0001024	Prax.g_01548	Prbm.g_01851
OG0001025	Prax.g_01547	Prbm.g_01852
OG0001026	Prax.g_01545	Prbm.g_01853
OG0001027	Prax.g_01544	Prbm.g_01854
OG0001028	Prax.g_01543	Prbm.g_01855
OG0001029	Prax.g_01542	Prbm.g_01856
OG0001030	Prax.g_01541	Prbm.g_01857
OG0001031	Prax.g_01540	Prbm.g_01858
OG0001032	Prax.g_01539	Prbm.g_01859
OG0001033	Prax.g_01538	Prbm.g_01860
OG0001034	Prax.g_01537	Prbm.g_01861
OG0001035	Prax.g_01535	Prbm.g_01863
OG0001036	Prax.g_01534	Prbm.g_01864
OG0001037	Prax.g_01533	Prbm.g_01865
OG0001038	Prax.g_01532	Prbm.g_01866
OG0001039	Prax.g_01531	Prbm.g_01867
OG0001040	Prax.g_01530	Prbm.g_01869
OG0001041	Prax.g_01529	Prbm.g_01870
OG0001042	Prax.g_01528	Prbm.g_01871
OG0001043	Prax.g_01527	Prbm.g_01872
OG0001044	Prax.g_01526	Prbm.g_01873
OG0001045	Prax.g_01525	Prbm.g_01874
OG0001046	Prax.g_01524	Prbm.g_01875
OG0001047	Prax.g_01521	Prbm.g_01877
OG0001048	Prax.g_01519	Prbm.g_01879
OG0001049	Prax.g_01518	Prbm.g_01880
OG0001050	Prax.g_01517	Prbm.g_01881
OG0001051	Prax.g_01516	Prbm.g_01882
OG0001052	Prax.g_01515	Prbm.g_01883
OG0001053	Prax.g_01513	Prbm.g_01885
OG0001054	Prax.g_01511	Prbm.g_01887
OG0001055	Prax.g_01510	Prbm.g_01888
OG0001056	Prax.g_01509	Prbm.g_01889
OG0001057	Prax.g_01508	Prbm.g_01890
OG0001058	Prax.g_01507	Prbm.g_01891
OG0001059	Prax.g_01506	Prbm.g_01892
OG0001060	Prax.g_01505	Prbm.g_01893
OG0001061	Prax.g_01504	Prbm.g_01894
OG0001062	Prax.g_01503	Prbm.g_01895
OG0001063	Prax.g_01502	Prbm.g_01896
OG0001064	Prax.g_01257	Prbm.g_01898
OG0001065	Prax.g_01262	Prbm.g_01948
OG0001066	Prax.g_01263	Prbm.g_01950
OG0001067	Prax.g_01264	Prbm.g_01951
OG0001068	Prax.g_01266	Prbm.g_01953
OG0001069	Prax.g_01267	Prbm.g_01954
OG0001070	Prax.g_01268	Prbm.g_01955
OG0001071	Prax.g_01269	Prbm.g_01956
OG0001072	Prax.g_01270	Prbm.g_01957
OG0001073	Prax.g_01271	Prbm.g_01958
OG0001074	Prax.g_01272	Prbm.g_01959
OG0001075	Prax.g_01273	Prbm.g_01960
OG0001076	Prax.g_01274	Prbm.g_01961
OG0001077	Prax.g_01275	Prbm.g_01962
OG0001078	Prax.g_01276	Prbm.g_01963
OG0001079	Prax.g_01277	Prbm.g_01964
OG0001080	Prax.g_01278	Prbm.g_01965
OG0001081	Prax.g_01281	Prbm.g_01975
OG0001082	Prax.g_01282	Prbm.g_01974
OG0001083	Prax.g_01283	Prbm.g_01970
OG0001084	Prax.g_01285	Prbm.g_01972
OG0001085	Prax.g_01286	Prbm.g_01973
OG0001086	Prax.g_01287	Prbm.g_01968
OG0001087	Prax.g_01288	Prbm.g_01967
OG0001088	Prax.g_01289	Prbm.g_01966
OG0001089	Prax.g_01296	Prbm.g_01990
OG0001090	Prax.g_01298	Prbm.g_01992
OG0001091	Prax.g_01299	Prbm.g_01993
OG0001092	Prax.g_01300	Prbm.g_01994
OG0001093	Prax.g_01301	Prbm.g_01995
OG0001094	Prax.g_01302	Prbm.g_01996
OG0001095	Prax.g_01303	Prbm.g_01997
OG0001096	Prax.g_01304	Prbm.g_01998
OG0001097	Prax.g_01305	Prbm.g_01999
OG0001098	Prax.g_01306	Prbm.g_02000
OG0001099	Prax.g_01307	Prbm.g_02001
OG0001100	Prax.g_01308	Prbm.g_02002
OG0001101	Prax.g_01309	Prbm.g_02003
OG0001102	Prax.g_01310	Prbm.g_02004
OG0001103	Prax.g_01311	Prbm.g_02005
OG0001104	Prax.g_01312	Prbm.g_02006
OG0001105	Prax.g_01313	Prbm.g_02007
OG0001106	Prax.g_01314	Prbm.g_02008
OG0001107	Prax.g_01315	Prbm.g_02009
OG0001108	Prax.g_01316	Prbm.g_02010
OG0001109	Prax.g_01317	Prbm.g_02011
OG0001110	Prax.g_01318	Prbm.g_02012
OG0001111	Prax.g_01319	Prbm.g_02013
OG0001112	Prax.g_01320	Prbm.g_02014
OG0001113	Prax.g_01321	Prbm.g_02015
OG0001114	Prax.g_01322	Prbm.g_02016
OG0001115	Prax.g_01323	Prbm.g_02017
OG0001116	Prax.g_01324	Prbm.g_02018
OG0001117	Prax.g_01325	Prbm.g_02019
OG0001118	Prax.g_01326	Prbm.g_02020
OG0001119	Prax.g_01327	Prbm.g_02021
OG0001120	Prax.g_01328	Prbm.g_02022
OG0001121	Prax.g_01330	Prbm.g_02024
OG0001122	Prax.g_01331	Prbm.g_02025
OG0001123	Prax.g_01332	Prbm.g_02026
OG0001124	Prax.g_01334	Prbm.g_02028
OG0001125	Prax.g_01336	Prbm.g_02030
OG0001126	Prax.g_01337	Prbm.g_02031
OG0001127	Prax.g_01339	Prbm.g_02034
OG0001128	Prax.g_01340	Prbm.g_02035
OG0001129	Prax.g_01341	Prbm.g_02036
OG0001130	Prax.g_01344	Prbm.g_02039
OG0001131	Prax.g_01345	Prbm.g_02040
OG0001132	Prax.g_01346	Prbm.g_02041
OG0001133	Prax.g_01347	Prbm.g_02042
OG0001134	Prax.g_01348	Prbm.g_02043
OG0001135	Prax.g_01349	Prbm.g_02044
OG0001136	Prax.g_01350	Prbm.g_02045
OG0001137	Prax.g_01351	Prbm.g_02046
OG0001138	Prax.g_01352	Prbm.g_02048
OG0001139	Prax.g_01353	Prbm.g_02050
OG0001140	Prax.g_01354	Prbm.g_02051
OG0001141	Prax.g_01355	Prbm.g_02052
OG0001142	Prax.g_01358	Prbm.g_02057
OG0001143	Prax.g_01359	Prbm.g_02058
OG0001144	Prax.g_01360	Prbm.g_02059
OG0001145	Prax.g_01361	Prbm.g_02060
OG0001146	Prax.g_01362	Prbm.g_02061
OG0001147	Prax.g_01363	Prbm.g_02062
OG0001148	Prax.g_01364	Prbm.g_02063
OG0001149	Prax.g_01366	Prbm.g_02064
OG0001150	Prax.g_01367	Prbm.g_02065
OG0001151	Prax.g_01369	Prbm.g_02068
OG0001152	Prax.g_01370	Prbm.g_02069
OG0001153	Prax.g_01371	Prbm.g_02070
OG0001154	Prax.g_01373	Prbm.g_02072
OG0001155	Prax.g_01375	Prbm.g_02074
OG0001156	Prax.g_01377	Prbm.g_02076
OG0001157	Prax.g_01378	Prbm.g_02078
OG0001158	Prax.g_01380	Prbm.g_02080
OG0001159	Prax.g_01381	Prbm.g_02081
OG0001160	Prax.g_01382	Prbm.g_02082
OG0001161	Prax.g_01383	Prbm.g_02083
OG0001162	Prax.g_01384	Prbm.g_02084
OG0001163	Prax.g_01385	Prbm.g_02085
OG0001164	Prax.g_01386	Prbm.g_02086
OG0001165	Prax.g_01387	Prbm.g_02087
OG0001166	Prax.g_01388	Prbm.g_02088
OG0001167	Prax.g_01389	Prbm.g_02089
OG0001168	Prax.g_01390	Prbm.g_02090
OG0001169	Prax.g_01391	Prbm.g_02091
OG0001170	Prax.g_01392	Prbm.g_02092
OG0001171	Prax.g_01393	Prbm.g_02093
OG0001172	Prax.g_01395	Prbm.g_02095
OG0001173	Prax.g_01397	Prbm.g_02097
OG0001174	Prax.g_01398	Prbm.g_02098
OG0001175	Prax.g_01399	Prbm.g_02099
OG0001176	Prax.g_01400	Prbm.g_02101
OG0001177	Prax.g_01402	Prbm.g_02103
OG0001178	Prax.g_01405	Prbm.g_02106
OG0001179	Prax.g_01406	Prbm.g_02107
OG0001180	Prax.g_01407	Prbm.g_02108
OG0001181	Prax.g_01408	Prbm.g_02109
OG0001182	Prax.g_01409	Prbm.g_02110
OG0001183	Prax.g_01410	Prbm.g_02111
OG0001184	Prax.g_01412	Prbm.g_02140
OG0001185	Prax.g_01415	Prbm.g_02144
OG0001186	Prax.g_01416	Prbm.g_02145
OG0001187	Prax.g_01418	Prbm.g_02146
OG0001188	Prax.g_01419	Prbm.g_02147
OG0001189	Prax.g_01420	Prbm.g_02148
OG0001190	Prax.g_01421	Prbm.g_02149
OG0001191	Prax.g_01422	Prbm.g_02150
OG0001192	Prax.g_01423	Prbm.g_02151
OG0001193	Prax.g_01424	Prbm.g_02152
OG0001194	Prax.g_01425	Prbm.g_02153
OG0001195	Prax.g_01426	Prbm.g_02154
OG0001196	Prax.g_01427	Prbm.g_02155
OG0001197	Prax.g_01428	Prbm.g_02156
OG0001198	Prax.g_01429	Prbm.g_02157
OG0001199	Prax.g_01430	Prbm.g_02158
OG0001200	Prax.g_01431	Prbm.g_02159
OG0001201	Prax.g_01432	Prbm.g_02160
OG0001202	Prax.g_01433	Prbm.g_02161
OG0001203	Prax.g_01435	Prbm.g_02163
OG0001204	Prax.g_01437	Prbm.g_02165
OG0001205	Prax.g_01438	Prbm.g_02167
OG0001206	Prax.g_01439	Prbm.g_02168
OG0001207	Prax.g_01440	Prbm.g_02169
OG0001208	Prax.g_01441	Prbm.g_02170
OG0001209	Prax.g_01442	Prbm.g_02171
OG0001210	Prax.g_01443	Prbm.g_02172
OG0001211	Prax.g_01444	Prbm.g_02173
OG0001212	Prax.g_01445	Prbm.g_02174
OG0001213	Prax.g_01446	Prbm.g_02175
OG0001214	Prax.g_01448	Prbm.g_02177
OG0001215	Prax.g_01449	Prbm.g_02178
OG0001216	Prax.g_01450	Prbm.g_02179
OG0001217	Prax.g_01451	Prbm.g_02180
OG0001218	Prax.g_01452	Prbm.g_02181
OG0001219	Prax.g_01454	Prbm.g_02184
OG0001220	Prax.g_01455	Prbm.g_02185
OG0001221	Prax.g_01458	Prbm.g_02190
OG0001222	Prax.g_01459	Prbm.g_02191
OG0001223	Prax.g_01460	Prbm.g_02192
OG0001224	Prax.g_01461	Prbm.g_02194
OG0001225	Prax.g_01462	Prbm.g_02195
OG0001226	Prax.g_01463	Prbm.g_02196
OG0001227	Prax.g_01464	Prbm.g_02197
OG0001228	Prax.g_01465	Prbm.g_02198
OG0001229	Prax.g_01466	Prbm.g_02199
OG0001230	Prax.g_01467	Prbm.g_02200
OG0001231	Prax.g_01468	Prbm.g_02201
OG0001232	Prax.g_01469	Prbm.g_02208
OG0001233	Prax.g_01470	Prbm.g_02209
OG0001234	Prax.g_01471	Prbm.g_02210
OG0001235	Prax.g_01472	Prbm.g_02211
OG0001236	Prax.g_01474	Prbm.g_02213
OG0001237	Prax.g_01475	Prbm.g_02214
OG0001238	Prax.g_01477	Prbm.g_02217
OG0001239	Prax.g_01478	Prbm.g_02218
OG0001240	Prax.g_01479	Prbm.g_02219
OG0001241	Prax.g_01481	Prbm.g_02222
OG0001242	Prax.g_01482	Prbm.g_02225
OG0001243	Prax.g_01483	Prbm.g_02226
OG0001244	Prax.g_01484	Prbm.g_02227
OG0001245	Prax.g_01485	Prbm.g_02228
OG0001246	Prax.g_01486	Prbm.g_02229
OG0001247	Prax.g_01487	Prbm.g_02230
OG0001248	Prax.g_01488	Prbm.g_02231
OG0001249	Prax.g_01489	Prbm.g_02232
OG0001250	Prax.g_01490	Prbm.g_02233
OG0001251	Prax.g_01126	Prbm.g_00149
OG0001252	Prax.g_01080	Prbm.g_00197
OG0001253	Prax.g_01068	Prbm.g_00209
OG0001254	Prax.g_00894	Prbm.g_00337
OG0001255	Prax.g_00840	Prbm.g_00399
OG0001256	Prax.g_01930	Prbm.g_01202
OG0001257	Prax.g_00720	Prbm.g_00508
OG0001258	Prax.g_00703	Prbm.g_00523
OG0001259	Prax.g_00049	Prbm.g_00619
OG0001260	Prax.g_00429	Prbm.g_01023, Prbm.g_01479
OG0001261	Prax.g_00338	Prbm.g_00849
OG0001263	Prax.g_00301, Prax.g_00501, Prax.g_00530	Prbm.g_01173, Prbm.g_00906
OG0001264	Prax.g_00560	Prbm.g_00928
OG0001265	Prax.g_01180	Prbm.g_01037
OG0001266	Prax.g_01229	Prbm.g_01945
OG0001267	Prax.g_00184	Prbm.g_01566
OG0001268	Prax.g_00197	Prbm.g_01552
OG0001269	Prax.g_01880	Prbm.g_01594, Prbm.g_01631
OG0001270	Prax.g_01688	Prbm.g_01751
OG0001271	Prax.g_01677	Prbm.g_01763
OG0001272	Prax.g_01635	Prbm.g_00893
OG0001273	Prax.g_01634	Prbm.g_00552
OG0001274	Prax.g_01629	Prbm.g_01801
OG0001275	Prax.g_01613	Prbm.g_01080
OG0001277	Prax.g_01591	Prbm.g_01409, Prbm.g_01813, Prbm.g_01923
OG0001278	Prax.g_01567	Prbm.g_01833
OG0001279	Prax.g_01563	Prbm.g_01837
OG0001280	Prax.g_01560	Prbm.g_01840
OG0001281	Prax.g_01265	Prbm.g_01952
OG0001282	Prax.g_01290	Prbm.g_01345
OG0001283	Prax.g_01376	Prbm.g_02075
OG0001284	Prax.g_01404	Prbm.g_02105
OG0001285	Prax.g_01436	Prbm.g_02164
OG0001286	Prax.g_01480	Prbm.g_02221
OG0001288	Prax.g_00763	Prbm.g_00447
OG0001290	Prax.g_00283	Prbm.g_00030
OG0001291	Prax.g_00642	Prbm.g_00128
OG0001292	Prax.g_00645	Prbm.g_00131
OG0001293	Prax.g_00647	Prbm.g_00133
OG0001294	Prax.g_01125	Prbm.g_00150
OG0001295	Prax.g_01099	Prbm.g_00178
OG0001296	Prax.g_01093	Prbm.g_00185
OG0001297	Prax.g_01019	Prbm.g_00259
OG0001298	Prax.g_00932	Prbm.g_00304
OG0001299	Prax.g_00923	Prbm.g_00311
OG0001300	Prax.g_00800	Prbm.g_01071
OG0001301	Prax.g_00096	Prbm.g_00668
OG0001302	Prax.g_00425	Prbm.g_01823
OG0001303	Prax.g_00420	Prbm.g_00785
OG0001304	Prax.g_01195	Prbm.g_01055
OG0001305	Prax.g_01200	Prbm.g_01060
OG0001306	Prax.g_01237	Prbm.g_02207
OG0001307	Prax.g_01247	Prbm.g_00937
OG0001308	Prax.g_00138	Prbm.g_01065
OG0001309	Prax.g_00140	Prbm.g_02166
OG0001310	Prax.g_00151	Prbm.g_01314
OG0001311	Prax.g_00228	Prbm.g_01515
OG0001312	Prax.g_01879	Prbm.g_01632
OG0001313	Prax.g_01631	Prbm.g_00789
OG0001314	Prax.g_01536	Prbm.g_01862
OG0001315	Prax.g_01501	Prbm.g_01897
OG0001316	Prax.g_01372	Prbm.g_02071
OG0001318	Prax.g_01077	Prbm.g_00201
OG0001319	Prax.g_00980	Prbm.g_00298
OG0001320	Prax.g_00734	Prbm.g_01574
OG0001322	Prax.g_00392	Prbm.g_00778
OG0001323	Prax.g_01221	Prbm.g_00918
OG0001324	Prax.g_01255	Prbm.g_01311
OG0001325	Prax.g_00144	Prbm.g_01388
OG0001326	Prax.g_01931	Prbm.g_01181
OG0001327	Prax.g_01929	Prbm.g_01604
OG0001329	Prax.g_01843	Prbm.g_02215
OG0001330	Prax.g_01638	Prbm.g_01797
OG0001331	Prax.g_01562	Prbm.g_01838
OG0001332	Prax.g_01512	Prbm.g_01886
OG0001333	Prax.g_01342	Prbm.g_02037
OG0001334	Prax.g_01396	Prbm.g_02096
OG0001335	Prax.g_01434	Prbm.g_02162
OG0001336	Prax.g_01090	Prbm.g_00188
OG0001338	Prax.g_01074	Prbm.g_01098
OG0001344	Prax.g_00796	Prbm.g_01584, Prbm.g_01649
OG0001348	Prax.g_00697	Prbm.g_00538
OG0001349	Prax.g_00692	Prbm.g_00543
OG0001350	Prax.g_00687	Prbm.g_00548
OG0001352	Prax.g_00960	Prbm.g_00717
OG0001356	Prax.g_00544	Prbm.g_00909
OG0001359	Prax.g_00165	Prbm.g_01915
OG0001360	Prax.g_00166	Prbm.g_01916
OG0001362	Prax.g_01957	Prbm.g_01171
OG0001363	Prax.g_01824	Prbm.g_02115
OG0001364	Prax.g_01658	Prbm.g_01783
OG0001365	Prax.g_01260	Prbm.g_00952
OG0001367	Prax.g_01279	Prbm.g_00080
OG0001369	Prax.g_01181	Prbm.g_01038
OG0001371	Prax.g_00638	Prbm.g_00124
OG0001372	Prax.g_00639	Prbm.g_00125
OG0001373	Prax.g_00646	Prbm.g_00132
OG0001374	Prax.g_00658	Prbm.g_00144
OG0001376	Prax.g_00984	Prbm.g_00294
OG0001377	Prax.g_00919	Prbm.g_00316
OG0001379	Prax.g_00811	Prbm.g_01749
OG0001380	Prax.g_00775, Prax.g_00507	Prbm.g_01067
OG0001382	Prax.g_00741	Prbm.g_00489
OG0001383	Prax.g_00690	Prbm.g_00545
OG0001385	Prax.g_00976	Prbm.g_00698
OG0001386	Prax.g_00968	Prbm.g_00708
OG0001387	Prax.g_00966	Prbm.g_00710
OG0001388	Prax.g_00956	Prbm.g_00723
OG0001389	Prax.g_00480	Prbm.g_00747
OG0001390	Prax.g_00430	Prbm.g_00091
OG0001391	Prax.g_00387	Prbm.g_00954
OG0001392	Prax.g_00543	Prbm.g_00908
OG0001393	Prax.g_00545	Prbm.g_00910
OG0001394	Prax.g_00566	Prbm.g_00934
OG0001395	Prax.g_00569	Prbm.g_00938
OG0001396	Prax.g_01161	Prbm.g_01273
OG0001397	Prax.g_01189	Prbm.g_01046
OG0001398	Prax.g_01208	Prbm.g_00884
OG0001399	Prax.g_01218	Prbm.g_00907
OG0001400	Prax.g_01227	Prbm.g_00900
OG0001401	Prax.g_01234	Prbm.g_01135
OG0001402	Prax.g_00186	Prbm.g_01564
OG0001403	Prax.g_01898	Prbm.g_01612
OG0001404	Prax.g_01872	Prbm.g_01112
OG0001405	Prax.g_01862	Prbm.g_01661
OG0001406	Prax.g_01689	Prbm.g_01750
OG0001407	Prax.g_01686	Prbm.g_01754
OG0001408	Prax.g_01637	Prbm.g_01798
OG0001409	Prax.g_01624	Prbm.g_01137
OG0001410	Prax.g_01611, Prax.g_01610	Prbm.g_01122
OG0001412	Prax.g_00601	Prbm.g_00966
OG0001414	Prax.g_00633	Prbm.g_02056
OG0001415	Prax.g_00847	Prbm.g_00381
OG0001416	Prax.g_00680	Prbm.g_00555
OG0001417	Prax.g_00967	Prbm.g_00709
OG0001418	Prax.g_00417	Prbm.g_01155
OG0001419	Prax.g_00383	Prbm.g_00958
OG0001420	Prax.g_00547	Prbm.g_01937
OG0001421	Prax.g_00551	Prbm.g_00915
OG0001422	Prax.g_01224	Prbm.g_00770
OG0001423	Prax.g_00167	Prbm.g_01196
OG0001426	Prax.g_01476	Prbm.g_02216
OG0001427	Prax.g_00801	Prbm.g_01819
OG0001429	Prax.g_01139	Prbm.g_00998
OG0001431	Prax.g_01225	Prbm.g_00899
OG0001432	Prax.g_01228	Prbm.g_00781
OG0001433	Prax.g_01954	Prbm.g_01162
OG0001435	Prax.g_01625	Prbm.g_01109
OG0001436	Prax.g_00527	Prbm.g_01145, Prbm.g_01433
OG0001440	Prax.g_01183	Prbm.g_01041
OG0001441	Prax.g_00131	Prbm.g_01286
OG0001442	Prax.g_00154	Prbm.g_01805
OG0001443	Prax.g_00183	Prbm.g_01567
OG0001444	Prax.g_00219	Prbm.g_01528
OG0001458	Prax.g_00431	Prbm.g_01339
OG0001459	Prax.g_00394	Prbm.g_00117
OG0001461	Prax.g_00593	Prbm.g_00804
OG0001464	Prax.g_01223	Prbm.g_01018, Prbm.g_01481
OG0001466	Prax.g_01921	Prbm.g_01315
OG0001467	Prax.g_01736	Prbm.g_01707
OG0001469	Prax.g_00198	Prbm.g_01551
OG0001472	Prax.g_00311	Prbm.g_00879
OG0001473	Prax.g_00302	Prbm.g_00953
OG0001474	Prax.g_00531	Prbm.g_01925
OG0001475	Prax.g_01213	Prbm.g_00895
OG0001476	Prax.g_01214	Prbm.g_00896
OG0001477	Prax.g_01215	Prbm.g_00897
OG0001478	Prax.g_01222	Prbm.g_01686
OG0001479	Prax.g_01250	Prbm.g_01526
OG0001480	Prax.g_00125	Prbm.g_00443
OG0001486	Prax.g_00581	Prbm.g_00949
OG0001487	Prax.g_00412	Prbm.g_00655
OG0001488	Prax.g_01046	Prbm.g_00231
OG0001491	Prax.g_00397	Prbm.g_01100
OG0001492	Prax.g_00340	Prbm.g_00847
OG0001493	Prax.g_00532	Prbm.g_01926
OG0001494	Prax.g_00533	Prbm.g_01927
OG0001495	Prax.g_00534	Prbm.g_01928
OG0001496	Prax.g_00535	Prbm.g_01929
OG0001497	Prax.g_00536	Prbm.g_01930
OG0001498	Prax.g_00537	Prbm.g_01931
OG0001499	Prax.g_00538	Prbm.g_01932
OG0001500	Prax.g_00539	Prbm.g_01933
OG0001501	Prax.g_00540	Prbm.g_01934
OG0001502	Prax.g_00541	Prbm.g_01935
OG0001503	Prax.g_00542	Prbm.g_01936
OG0001504	Prax.g_00576	Prbm.g_00945
OG0001505	Prax.g_01163	Prbm.g_01347
OG0001507	Prax.g_00182	Prbm.g_01568
OG0001508	Prax.g_01626	Prbm.g_00086
OG0001509	Prax.g_01280	Prbm.g_00079
OG0001510	Prax.g_01357	Prbm.g_02055
OG0001511	Prax.g_00447	Prbm.g_01307
OG0001515	Prax.g_00427	Prbm.g_01811
OG0001516	Prax.g_01151	Prbm.g_01008
OG0001517	Prax.g_01232	Prbm.g_00104
OG0001518	Prax.g_01588	Prbm.g_01362, Prbm.g_01367
OG0001519	Prax.g_00788	Prbm.g_01285
OG0001520	Prax.g_00526	Prbm.g_01146, Prbm.g_01432
OG0001522	Prax.g_01578	Prbm.g_01250
OG0001523	Prax.g_00632	Prbm.g_00113
OG0001524	Prax.g_00797	Prbm.g_01316
OG0001526	Prax.g_00549	Prbm.g_00913
OG0001527	Prax.g_00129	Prbm.g_01380
OG0001528	Prax.g_01956	Prbm.g_01815
OG0001529	Prax.g_01952	Prbm.g_01458, Prbm.g_01370
OG0001530	Prax.g_00525	Prbm.g_01431, Prbm.g_01147
OG0001533	Prax.g_00777	Prbm.g_01317
OG0001534	Prax.g_01620, Prax.g_00492	Prbm.g_01242
OG0001536	Prax.g_00127	Prbm.g_01092
OG0001538	Prax.g_01932	Prbm.g_01628
OG0001539	Prax.g_01913	Prbm.g_01327
OG0001540	Prax.g_01912	Prbm.g_01201
OG0001543	Prax.g_01612	Prbm.g_01028, Prbm.g_01323
OG0001549	Prax.g_01092	Prbm.g_00186
OG0001550	Prax.g_00868	Prbm.g_00363
OG0001552	Prax.g_00804	Prbm.g_01189
OG0001553	Prax.g_00786	Prbm.g_01332
OG0001554	Prax.g_00785	Prbm.g_01074
OG0001555	Prax.g_00744	Prbm.g_01083
OG0001556	Prax.g_00732	Prbm.g_01583
OG0001557	Prax.g_00965	Prbm.g_00711
OG0001558	Prax.g_00435, Prax.g_01961	Prbm.g_01193
OG0001559	Prax.g_00426	Prbm.g_01166
OG0001560	Prax.g_00405	Prbm.g_01024
OG0001561	Prax.g_00309	Prbm.g_01255
OG0001562	Prax.g_01170	Prbm.g_00775
OG0001563	Prax.g_01230	Prbm.g_00112
OG0001564	Prax.g_01231	Prbm.g_01068
OG0001565	Prax.g_01233	Prbm.g_00782
OG0001566	Prax.g_01236	Prbm.g_01082
OG0001567	Prax.g_01243	Prbm.g_01346
OG0001568	Prax.g_00124	Prbm.g_00105
OG0001569	Prax.g_00128	Prbm.g_01154
OG0001570	Prax.g_00134	Prbm.g_01159
OG0001571	Prax.g_00147	Prbm.g_01188
OG0001572	Prax.g_00157	Prbm.g_01324
OG0001573	Prax.g_00160	Prbm.g_01097
OG0001575	Prax.g_01935	Prbm.g_01252
OG0001576	Prax.g_01926	Prbm.g_01180
OG0001577	Prax.g_01866	Prbm.g_01946
OG0001578	Prax.g_01864	Prbm.g_01659
OG0001582	Prax.g_01645	Prbm.g_01027
OG0001583	Prax.g_01643	Prbm.g_00790
OG0001584	Prax.g_01642	Prbm.g_01585
OG0001585	Prax.g_01632	Prbm.g_01802
OG0001586	Prax.g_01413	Prbm.g_01645
OG0001587	Prax.g_01569	Prbm.g_00071
OG0001591	Prax.g_00810	Prbm.g_01136
OG0001595	Prax.g_00936	Prbm.g_01350
OG0001599	Prax.g_00176	Prbm.g_01922
OG0001600	Prax.g_00177	Prbm.g_01592
OG0001601	Prax.g_00178	Prbm.g_01591
OG0001602	Prax.g_00179	Prbm.g_01590
OG0001603	Prax.g_01590	Prbm.g_01157
OG0001605	Prax.g_01284	Prbm.g_01971
OG0001606	Prax.g_00833	Prbm.g_00405
OG0001609	Prax.g_00805	Prbm.g_01818
OG0001615	Prax.g_01943	Prbm.g_01438
OG0001625	Prax.g_01166	Prbm.g_00786
OG0001626	Prax.g_01942	Prbm.g_01439
OG0001630	Prax.g_01731	Prbm.g_00531, Prbm.g_01288
OG0001646	Prax.g_01575	Prbm.g_01342, Prbm.g_01440
OG0001695	Prax.g_01839	Prbm.g_02136
OG0001705	Prax.g_00137	Prbm.g_01241, Prbm.g_01240
OG0001709	Prax.g_00517	Prbm.g_01422
OG0001713	Prax.g_01842	Prbm.g_02139
OG0001720	Prax.g_00489	Prbm.g_02124
OG0001730	Prax.g_01841	Prbm.g_02138, Prbm.g_02128
OG0001789	Prax.g_01941	Prbm.g_01398
OG0001807	Prax.g_00784	Prbm.g_00467
OG0001823	Prax.g_01807	Prbm.g_02130
OG0001827	Prax.g_01923	Prbm.g_01319
OG0001830	Prax.g_01840	Prbm.g_02137
OG0001855	Prax.g_01963	Prbm.g_01626, Prbm.g_01984, Prbm.g_00527, Prbm.g_02142, Prbm.g_02141
OG0001867	Prax.g_01944	Prbm.g_01437
OG0001874	Prax.g_00497	Prbm.g_01113
OG0001913	Prax.g_00518	Prbm.g_01423
OG0001957	Prax.g_00528	Prbm.g_01428, Prbm.g_01148
OG0001959	Prax.g_01806	Prbm.g_02129
OG0001965	Prax.g_00630	Prbm.g_01128
OG0001991	Prax.g_00524	Prbm.g_01430
OG0001992	Prax.g_01577	Prbm.g_00471
OG0002034	Prax.g_00455	Prbm.g_01442, Prbm.g_01355
OG0002123	Prax.g_00628	Prbm.g_02127
OG0002140	Prax.g_00498	Prbm.g_00038
OG0002182	Prax.g_00172	Prbm.g_00069
OG0002183	Prax.g_00519	Prbm.g_01424
OG0002184	Prax.g_00520	Prbm.g_01425
OG0002532	Prax.g_01752	Prbm.g_00044
