Orthogroup	Prav	Praq
OG0000000	Prav.g_01466	Praq.g_00168
OG0000000	Prav.g_01276	Praq.g_00807
OG0000001	Prav.g_01821	Praq.g_00025
OG0000002	Prav.g_01458	Praq.g_00160
OG0000002	Prav.g_01734	Praq.g_01393
OG0000002	Prav.g_01820, Prav.g_02007	Praq.g_01394
OG0000003	Prav.g_01413	Praq.g_00115
OG0000003	Prav.g_01698	Praq.g_00028
OG0000004	Prav.g_00330	Praq.g_00607
OG0000004	Prav.g_00338	Praq.g_00614
OG0000005	Prav.g_01695	Praq.g_00026
OG0000006	Prav.g_01095	Praq.g_01105
OG0000006	Prav.g_01761	Praq.g_00497
OG0000007	Prav.g_01749	Praq.g_00071
OG0000007	Prav.g_01270	Praq.g_00801
OG0000008	Prav.g_01000	Praq.g_01159
OG0000008	Prav.g_01016	Praq.g_00085
OG0000009	Prav.g_00375	Praq.g_00649
OG0000009	Prav.g_01896	Praq.g_01753
OG0000010	Prav.g_01732	Praq.g_00081
OG0000010	Prav.g_01400	Praq.g_00097
OG0000011	Prav.g_01976	Praq.g_01672
OG0000012	Prav.g_01194	Praq.g_01004
OG0000013	Prav.g_00961	Praq.g_00065
OG0000014	Prav.g_01068	Praq.g_00521
OG0000015	Prav.g_00998	Praq.g_01161
OG0000016	Prav.g_01469	Praq.g_00171
OG0000017	Prav.g_01598	Praq.g_00314
OG0000018	Prav.g_02001	Praq.g_01761
OG0000019	Prav.g_00984	Praq.g_01179
OG0000020	Prav.g_00993	Praq.g_01169
OG0000021	Prav.g_00377	Praq.g_00651
OG0000022	Prav.g_01736, Prav.g_01415	Praq.g_00117
OG0000023	Prav.g_01688	Praq.g_00017
OG0000024	Prav.g_01952	Praq.g_01696
OG0000025	Prav.g_00247	Praq.g_01654
OG0000026	Prav.g_00101	Praq.g_01236, Praq.g_01237
OG0000027	Prav.g_00333	Praq.g_00610
OG0000028	Prav.g_01578	Praq.g_00294
OG0000029	Prav.g_01689	Praq.g_00018
OG0000029	Prav.g_01881	Praq.g_00056
OG0000035	Prav.g_00251	Praq.g_01657
OG0000035	Prav.g_01877	Praq.g_01475
OG0000036	Prav.g_01182	Praq.g_01018
OG0000037	Prav.g_01221	Praq.g_00979
OG0000038	Prav.g_00360	Praq.g_00635
OG0000039	Prav.g_00872	Praq.g_01836
OG0000040	Prav.g_00979	Praq.g_01184
OG0000041	Prav.g_01022	Praq.g_01129
OG0000042	Prav.g_00306	Praq.g_00583
OG0000043	Prav.g_00381	Praq.g_00654
OG0000044	Prav.g_00065	Praq.g_01333
OG0000045	Prav.g_01512	Praq.g_00218
OG0000047	Prav.g_00689	Praq.g_00763
OG0000048	Prav.g_00696	Praq.g_00770
OG0000050	Prav.g_00099	Praq.g_01234
OG0000051	Prav.g_00881	Praq.g_00554, Praq.g_01845
OG0000052	Prav.g_00989	Praq.g_01173
OG0000053	Prav.g_01137	Praq.g_01063
OG0000054	Prav.g_00354	Praq.g_00629
OG0000055	Prav.g_00419	Praq.g_01420
OG0000056	Prav.g_00021	Praq.g_01289
OG0000057	Prav.g_00801	Praq.g_01765
OG0000058	Prav.g_01073	Praq.g_00526
OG0000059	Prav.g_01296	Praq.g_00827
OG0000060	Prav.g_00335	Praq.g_00612
OG0000061	Prav.g_00031	Praq.g_01298
OG0000062	Prav.g_00033	Praq.g_01300
OG0000063	Prav.g_01390	Praq.g_00084
OG0000064	Prav.g_01396	Praq.g_00091
OG0000065	Prav.g_01438	Praq.g_00133
OG0000066	Prav.g_01513	Praq.g_00208
OG0000067	Prav.g_01334	Praq.g_00100
OG0000068	Prav.g_00632	Praq.g_00879
OG0000069	Prav.g_01499	Praq.g_00202
OG0000071	Prav.g_00079	Praq.g_00437
OG0000072	Prav.g_01968	Praq.g_01680
OG0000073	Prav.g_01267	Praq.g_00798
OG0000074	Prav.g_01289	Praq.g_00820
OG0000075	Prav.g_00404	Praq.g_00677
OG0000076	Prav.g_00933	Praq.g_01619
OG0000078	Prav.g_01514	Praq.g_00216
OG0000079	Prav.g_01656	Praq.g_00372
OG0000080	Prav.g_01705	Praq.g_00052
OG0000081	Prav.g_00663	Praq.g_00737
OG0000082	Prav.g_00751	Praq.g_00392
OG0000083	Prav.g_00789	Praq.g_00429
OG0000084	Prav.g_00792	Praq.g_00432
OG0000085	Prav.g_00091	Praq.g_01226
OG0000086	Prav.g_00110	Praq.g_01254
OG0000087	Prav.g_00120	Praq.g_01265
OG0000088	Prav.g_00178	Praq.g_01890
OG0000089	Prav.g_00186	Praq.g_01882
OG0000090	Prav.g_00204	Praq.g_01864
OG0000091	Prav.g_00869	Praq.g_01833
OG0000092	Prav.g_00868	Praq.g_01832
OG0000093	Prav.g_00854	Praq.g_01818
OG0000094	Prav.g_00836	Praq.g_01800
OG0000095	Prav.g_00831	Praq.g_01795
OG0000096	Prav.g_01898	Praq.g_01751
OG0000097	Prav.g_01920	Praq.g_01729
OG0000098	Prav.g_01930	Praq.g_01718
OG0000099	Prav.g_01940	Praq.g_01708
OG0000100	Prav.g_01943	Praq.g_01705
OG0000101	Prav.g_00976	Praq.g_01187
OG0000102	Prav.g_00999	Praq.g_01160
OG0000103	Prav.g_01074	Praq.g_00527
OG0000104	Prav.g_01078	Praq.g_00531
OG0000105	Prav.g_01097	Praq.g_01103
OG0000106	Prav.g_01130	Praq.g_01070
OG0000107	Prav.g_01131	Praq.g_01069
OG0000108	Prav.g_01141	Praq.g_01059
OG0000109	Prav.g_01150	Praq.g_01050
OG0000110	Prav.g_01166	Praq.g_01034
OG0000111	Prav.g_01249	Praq.g_00780
OG0000112	Prav.g_01250	Praq.g_00781
OG0000113	Prav.g_00328	Praq.g_00605
OG0000114	Prav.g_00395	Praq.g_00668
OG0000115	Prav.g_00556	Praq.g_01548
OG0000116	Prav.g_00560	Praq.g_01552
OG0000117	Prav.g_00930	Praq.g_01616
OG0000118	Prav.g_00261	Praq.g_01667
OG0000119	Prav.g_00036	Praq.g_01303
OG0000120	Prav.g_00071	Praq.g_01339
OG0000121	Prav.g_01856	Praq.g_01358
OG0000122	Prav.g_01837	Praq.g_01377
OG0000123	Prav.g_01824	Praq.g_01390
OG0000124	Prav.g_02003	Praq.g_00257
OG0000125	Prav.g_01450	Praq.g_00145
OG0000126	Prav.g_01473	Praq.g_00175
OG0000127	Prav.g_01565	Praq.g_00281
OG0000128	Prav.g_01579	Praq.g_00295
OG0000129	Prav.g_01615	Praq.g_00331
OG0000130	Prav.g_01759	Praq.g_01954, Praq.g_00499
OG0000131	Prav.g_01797	Praq.g_00461
OG0000132	Prav.g_01800	Praq.g_00458
OG0000133	Prav.g_00591	Praq.g_00920
OG0000134	Prav.g_00627	Praq.g_00884
OG0000135	Prav.g_00629	Praq.g_00882
OG0000136	Prav.g_00674	Praq.g_00748
OG0000137	Prav.g_00706	Praq.g_00683
OG0000138	Prav.g_00741	Praq.g_00718
OG0000139	Prav.g_00768	Praq.g_00409
OG0000140	Prav.g_00787	Praq.g_00427
OG0000141	Prav.g_00788	Praq.g_00428
OG0000142	Prav.g_00790	Praq.g_00430
OG0000143	Prav.g_00791	Praq.g_00431
OG0000144	Prav.g_00793	Praq.g_00433
OG0000145	Prav.g_00794	Praq.g_00434
OG0000146	Prav.g_00795	Praq.g_00435
OG0000147	Prav.g_00078	Praq.g_00436
OG0000148	Prav.g_00080	Praq.g_00438
OG0000149	Prav.g_00082	Praq.g_01217
OG0000150	Prav.g_00083	Praq.g_01218
OG0000151	Prav.g_00084	Praq.g_01219
OG0000152	Prav.g_00085	Praq.g_01220
OG0000153	Prav.g_00086	Praq.g_01221
OG0000154	Prav.g_00087	Praq.g_01222
OG0000155	Prav.g_00088	Praq.g_01223
OG0000156	Prav.g_00089	Praq.g_01224
OG0000157	Prav.g_00090	Praq.g_01225
OG0000158	Prav.g_00092	Praq.g_01227
OG0000159	Prav.g_00093	Praq.g_01228
OG0000160	Prav.g_00094	Praq.g_01229
OG0000161	Prav.g_00095	Praq.g_01230
OG0000162	Prav.g_00096	Praq.g_01231
OG0000163	Prav.g_00097	Praq.g_01232
OG0000164	Prav.g_00100	Praq.g_01235
OG0000165	Prav.g_00103	Praq.g_01239
OG0000166	Prav.g_00104	Praq.g_01240
OG0000167	Prav.g_00105	Praq.g_01241
OG0000168	Prav.g_00111	Praq.g_01255
OG0000169	Prav.g_00113	Praq.g_01257
OG0000170	Prav.g_00114	Praq.g_01258
OG0000171	Prav.g_00115	Praq.g_01259
OG0000172	Prav.g_00116	Praq.g_01261
OG0000173	Prav.g_00117	Praq.g_01262
OG0000174	Prav.g_00118	Praq.g_01263
OG0000175	Prav.g_00119	Praq.g_01264
OG0000176	Prav.g_00121	Praq.g_01266
OG0000177	Prav.g_00122	Praq.g_01267
OG0000178	Prav.g_00123	Praq.g_01268
OG0000179	Prav.g_00129	Praq.g_01939
OG0000180	Prav.g_00130	Praq.g_01938
OG0000181	Prav.g_00131	Praq.g_01937
OG0000182	Prav.g_00134	Praq.g_01934
OG0000183	Prav.g_00135	Praq.g_01933
OG0000184	Prav.g_00138	Praq.g_01930
OG0000185	Prav.g_00142	Praq.g_01926
OG0000186	Prav.g_00143	Praq.g_01925
OG0000187	Prav.g_00144	Praq.g_01924
OG0000188	Prav.g_00145	Praq.g_01923
OG0000189	Prav.g_00146	Praq.g_01922
OG0000190	Prav.g_00147	Praq.g_01921
OG0000191	Prav.g_00148	Praq.g_01920
OG0000192	Prav.g_00149	Praq.g_01919
OG0000193	Prav.g_00150	Praq.g_01918
OG0000194	Prav.g_00151	Praq.g_01917
OG0000195	Prav.g_00153	Praq.g_01915
OG0000196	Prav.g_00154	Praq.g_01914
OG0000197	Prav.g_00155	Praq.g_01913
OG0000198	Prav.g_00156	Praq.g_01912
OG0000199	Prav.g_00159	Praq.g_01909
OG0000200	Prav.g_00160	Praq.g_01908
OG0000201	Prav.g_00161	Praq.g_01907
OG0000202	Prav.g_00162	Praq.g_01906
OG0000203	Prav.g_00163	Praq.g_01905
OG0000204	Prav.g_00164	Praq.g_01904
OG0000205	Prav.g_00165	Praq.g_01903
OG0000206	Prav.g_00166	Praq.g_01902
OG0000207	Prav.g_00167	Praq.g_01901
OG0000208	Prav.g_00168	Praq.g_01900
OG0000209	Prav.g_00169	Praq.g_01899
OG0000210	Prav.g_00171	Praq.g_01897
OG0000211	Prav.g_00172	Praq.g_01896
OG0000212	Prav.g_00173	Praq.g_01895
OG0000213	Prav.g_00174	Praq.g_01894
OG0000214	Prav.g_00176	Praq.g_01892
OG0000215	Prav.g_00177	Praq.g_01891
OG0000216	Prav.g_00179	Praq.g_01889
OG0000217	Prav.g_00180	Praq.g_01888
OG0000218	Prav.g_00181	Praq.g_01887
OG0000219	Prav.g_00182	Praq.g_01886
OG0000220	Prav.g_00185	Praq.g_01883
OG0000221	Prav.g_00187	Praq.g_01881
OG0000222	Prav.g_00188	Praq.g_01880
OG0000223	Prav.g_00189	Praq.g_01879
OG0000224	Prav.g_00192	Praq.g_01876
OG0000225	Prav.g_00194	Praq.g_01874
OG0000226	Prav.g_00195	Praq.g_01873
OG0000227	Prav.g_00196	Praq.g_01872
OG0000228	Prav.g_00197	Praq.g_01871
OG0000229	Prav.g_00198	Praq.g_01870
OG0000230	Prav.g_00199	Praq.g_01869
OG0000231	Prav.g_00201	Praq.g_01867
OG0000232	Prav.g_00202	Praq.g_01866
OG0000233	Prav.g_00205	Praq.g_01863
OG0000234	Prav.g_00207	Praq.g_01861
OG0000235	Prav.g_00212	Praq.g_01857
OG0000236	Prav.g_00213	Praq.g_01856
OG0000237	Prav.g_00214	Praq.g_01855
OG0000238	Prav.g_00215	Praq.g_01854
OG0000239	Prav.g_00216	Praq.g_01853
OG0000240	Prav.g_00887	Praq.g_01851
OG0000241	Prav.g_00886	Praq.g_01850
OG0000242	Prav.g_00885	Praq.g_01849
OG0000243	Prav.g_00884	Praq.g_01848
OG0000244	Prav.g_00883	Praq.g_01847
OG0000245	Prav.g_00882	Praq.g_01846
OG0000246	Prav.g_00880	Praq.g_01844
OG0000247	Prav.g_00879	Praq.g_01843
OG0000248	Prav.g_00878	Praq.g_01842
OG0000249	Prav.g_00877	Praq.g_01841
OG0000250	Prav.g_00876	Praq.g_01840
OG0000251	Prav.g_00875	Praq.g_01839
OG0000252	Prav.g_00874	Praq.g_01838
OG0000253	Prav.g_00873	Praq.g_01837
OG0000254	Prav.g_00871	Praq.g_01835
OG0000255	Prav.g_00870	Praq.g_01834
OG0000256	Prav.g_00867	Praq.g_01831
OG0000257	Prav.g_00865	Praq.g_01829
OG0000258	Prav.g_00864	Praq.g_01828
OG0000259	Prav.g_00863	Praq.g_01827
OG0000260	Prav.g_00862	Praq.g_01826
OG0000261	Prav.g_00861	Praq.g_01825
OG0000262	Prav.g_00860	Praq.g_01824
OG0000263	Prav.g_00859	Praq.g_01823
OG0000264	Prav.g_00857	Praq.g_01821
OG0000265	Prav.g_00856	Praq.g_01820
OG0000266	Prav.g_00855	Praq.g_01819
OG0000267	Prav.g_00853	Praq.g_01817
OG0000268	Prav.g_00852	Praq.g_01816
OG0000269	Prav.g_00851	Praq.g_01815
OG0000270	Prav.g_00850	Praq.g_01814
OG0000271	Prav.g_00849	Praq.g_01813
OG0000272	Prav.g_00848	Praq.g_01812
OG0000273	Prav.g_00847	Praq.g_01811
OG0000274	Prav.g_00846	Praq.g_01810
OG0000275	Prav.g_00845	Praq.g_01809
OG0000276	Prav.g_00844	Praq.g_01808
OG0000277	Prav.g_00843	Praq.g_01807
OG0000278	Prav.g_00842	Praq.g_01806
OG0000279	Prav.g_00841	Praq.g_01805
OG0000280	Prav.g_00840	Praq.g_01804
OG0000281	Prav.g_00838	Praq.g_01802
OG0000282	Prav.g_00837	Praq.g_01801
OG0000283	Prav.g_00834	Praq.g_01798
OG0000284	Prav.g_00833	Praq.g_01797
OG0000285	Prav.g_00832	Praq.g_01796
OG0000286	Prav.g_00830	Praq.g_01794
OG0000287	Prav.g_00829	Praq.g_01793
OG0000288	Prav.g_00828	Praq.g_01792
OG0000289	Prav.g_00827	Praq.g_01791
OG0000290	Prav.g_00826	Praq.g_01790
OG0000291	Prav.g_00825	Praq.g_01789
OG0000292	Prav.g_00824	Praq.g_01788
OG0000293	Prav.g_00823	Praq.g_01787
OG0000294	Prav.g_00822	Praq.g_01786
OG0000295	Prav.g_00821	Praq.g_01785
OG0000296	Prav.g_00820	Praq.g_01784
OG0000297	Prav.g_00819	Praq.g_01783
OG0000298	Prav.g_00818	Praq.g_01782
OG0000299	Prav.g_00817	Praq.g_01781
OG0000300	Prav.g_00816	Praq.g_01780
OG0000301	Prav.g_00815	Praq.g_01779
OG0000302	Prav.g_00814	Praq.g_01778
OG0000303	Prav.g_00813	Praq.g_01777
OG0000304	Prav.g_00812	Praq.g_01776
OG0000305	Prav.g_00811	Praq.g_01775
OG0000306	Prav.g_00810	Praq.g_01774
OG0000307	Prav.g_00809	Praq.g_01773
OG0000308	Prav.g_00808	Praq.g_01772
OG0000309	Prav.g_00807	Praq.g_01771
OG0000310	Prav.g_00806	Praq.g_01770
OG0000311	Prav.g_00805	Praq.g_01769
OG0000312	Prav.g_00803	Praq.g_01767
OG0000313	Prav.g_00802	Praq.g_01766
OG0000314	Prav.g_00799	Praq.g_01763
OG0000315	Prav.g_00798	Praq.g_01762
OG0000316	Prav.g_01889	Praq.g_01760
OG0000317	Prav.g_01891	Praq.g_01758
OG0000318	Prav.g_01892	Praq.g_01757
OG0000319	Prav.g_01893	Praq.g_01756
OG0000320	Prav.g_01894	Praq.g_01755
OG0000321	Prav.g_01897	Praq.g_01752
OG0000322	Prav.g_01900	Praq.g_01750
OG0000323	Prav.g_01901	Praq.g_01749
OG0000324	Prav.g_01904	Praq.g_01746
OG0000325	Prav.g_01906	Praq.g_01744
OG0000326	Prav.g_01907	Praq.g_01743
OG0000327	Prav.g_01909	Praq.g_01741
OG0000328	Prav.g_01910	Praq.g_01740
OG0000329	Prav.g_01911	Praq.g_01739
OG0000330	Prav.g_01912	Praq.g_01738
OG0000331	Prav.g_01913	Praq.g_01737
OG0000332	Prav.g_01914	Praq.g_01736
OG0000333	Prav.g_01915	Praq.g_01735
OG0000334	Prav.g_01916	Praq.g_01734
OG0000335	Prav.g_01917	Praq.g_01733
OG0000336	Prav.g_01918	Praq.g_01732
OG0000337	Prav.g_01921	Praq.g_01728
OG0000338	Prav.g_01922	Praq.g_01727
OG0000339	Prav.g_01923	Praq.g_01726
OG0000340	Prav.g_01924	Praq.g_01725
OG0000341	Prav.g_01928	Praq.g_01721
OG0000342	Prav.g_01929	Praq.g_01719
OG0000343	Prav.g_01931	Praq.g_01717
OG0000344	Prav.g_01932	Praq.g_01716
OG0000345	Prav.g_01933	Praq.g_01715
OG0000346	Prav.g_01934	Praq.g_01714
OG0000347	Prav.g_01935	Praq.g_01713
OG0000348	Prav.g_01936	Praq.g_01712
OG0000349	Prav.g_01937	Praq.g_01711
OG0000350	Prav.g_01938	Praq.g_01710
OG0000351	Prav.g_01941	Praq.g_01707
OG0000352	Prav.g_01944	Praq.g_01704
OG0000353	Prav.g_01945	Praq.g_01703
OG0000354	Prav.g_01946	Praq.g_01702
OG0000355	Prav.g_01947	Praq.g_01701
OG0000356	Prav.g_01948	Praq.g_01700
OG0000357	Prav.g_01949	Praq.g_01699
OG0000358	Prav.g_01950	Praq.g_01698
OG0000359	Prav.g_01951	Praq.g_01697
OG0000360	Prav.g_01954	Praq.g_01694
OG0000361	Prav.g_01955	Praq.g_01693
OG0000362	Prav.g_01956	Praq.g_01692
OG0000363	Prav.g_01957	Praq.g_01691
OG0000364	Prav.g_01958	Praq.g_01690
OG0000365	Prav.g_01959	Praq.g_01689
OG0000366	Prav.g_01960	Praq.g_01688
OG0000367	Prav.g_01961	Praq.g_01687
OG0000368	Prav.g_01962	Praq.g_01686
OG0000369	Prav.g_01963	Praq.g_01685
OG0000370	Prav.g_01964	Praq.g_01684
OG0000371	Prav.g_01965	Praq.g_01683
OG0000372	Prav.g_01967	Praq.g_01681
OG0000373	Prav.g_01969	Praq.g_01679
OG0000374	Prav.g_01970	Praq.g_01678
OG0000375	Prav.g_01971	Praq.g_01677
OG0000376	Prav.g_01973	Praq.g_01675
OG0000377	Prav.g_01974	Praq.g_01674
OG0000378	Prav.g_01975	Praq.g_01673
OG0000379	Prav.g_01980	Praq.g_01211
OG0000380	Prav.g_01981	Praq.g_01210
OG0000381	Prav.g_01982	Praq.g_01209
OG0000382	Prav.g_01984	Praq.g_01207
OG0000383	Prav.g_01987	Praq.g_01204
OG0000384	Prav.g_01988	Praq.g_01203
OG0000385	Prav.g_01991	Praq.g_01200
OG0000386	Prav.g_01992	Praq.g_01199
OG0000387	Prav.g_01993	Praq.g_01198
OG0000388	Prav.g_01994	Praq.g_01197
OG0000389	Prav.g_01995	Praq.g_01196
OG0000390	Prav.g_01996	Praq.g_01195
OG0000391	Prav.g_01997	Praq.g_01194
OG0000392	Prav.g_01998	Praq.g_01193
OG0000393	Prav.g_00974	Praq.g_01189
OG0000394	Prav.g_00975	Praq.g_01188
OG0000395	Prav.g_00977	Praq.g_01186
OG0000396	Prav.g_00978	Praq.g_01185
OG0000397	Prav.g_00990	Praq.g_01172
OG0000398	Prav.g_00996	Praq.g_01164
OG0000399	Prav.g_00997	Praq.g_01163
OG0000400	Prav.g_01001	Praq.g_01158
OG0000401	Prav.g_01030	Praq.g_01126
OG0000402	Prav.g_01031	Praq.g_01125
OG0000403	Prav.g_01032	Praq.g_01124
OG0000404	Prav.g_01034	Praq.g_01122
OG0000405	Prav.g_01035	Praq.g_01121
OG0000406	Prav.g_01037	Praq.g_01119
OG0000407	Prav.g_01038	Praq.g_01118
OG0000408	Prav.g_01039	Praq.g_01117
OG0000409	Prav.g_01040	Praq.g_01116
OG0000410	Prav.g_01041	Praq.g_01115
OG0000411	Prav.g_01042	Praq.g_01114
OG0000412	Prav.g_01043	Praq.g_01113
OG0000413	Prav.g_01044	Praq.g_01112
OG0000414	Prav.g_01045	Praq.g_01111
OG0000415	Prav.g_01046	Praq.g_01110
OG0000416	Prav.g_01047	Praq.g_01109
OG0000417	Prav.g_01048	Praq.g_01108
OG0000418	Prav.g_01049	Praq.g_01107
OG0000419	Prav.g_01050	Praq.g_00500
OG0000420	Prav.g_01051	Praq.g_00501
OG0000421	Prav.g_01052	Praq.g_00502
OG0000422	Prav.g_01053	Praq.g_00504
OG0000423	Prav.g_01054	Praq.g_00505
OG0000424	Prav.g_01056	Praq.g_00507
OG0000425	Prav.g_01059	Praq.g_00511
OG0000426	Prav.g_01060	Praq.g_00512
OG0000427	Prav.g_01061	Praq.g_00513
OG0000428	Prav.g_01062	Praq.g_00514
OG0000429	Prav.g_01063	Praq.g_00515
OG0000430	Prav.g_01069	Praq.g_00522
OG0000431	Prav.g_01071	Praq.g_00524
OG0000432	Prav.g_01072	Praq.g_00525
OG0000433	Prav.g_01075	Praq.g_00528
OG0000434	Prav.g_01076	Praq.g_00529
OG0000435	Prav.g_01077	Praq.g_00530
OG0000436	Prav.g_01079	Praq.g_00532
OG0000437	Prav.g_01081	Praq.g_00534
OG0000438	Prav.g_01082	Praq.g_00535
OG0000439	Prav.g_01083	Praq.g_00536
OG0000440	Prav.g_01085	Praq.g_00538
OG0000441	Prav.g_01086	Praq.g_00539
OG0000442	Prav.g_01087	Praq.g_00540
OG0000443	Prav.g_01088	Praq.g_00541
OG0000444	Prav.g_01089	Praq.g_00542
OG0000445	Prav.g_01090	Praq.g_00543
OG0000446	Prav.g_01091	Praq.g_00544
OG0000447	Prav.g_01092	Praq.g_00545
OG0000448	Prav.g_01093	Praq.g_00546
OG0000449	Prav.g_01098	Praq.g_01102
OG0000450	Prav.g_01099	Praq.g_01101
OG0000451	Prav.g_01100	Praq.g_01100
OG0000452	Prav.g_01101	Praq.g_01099
OG0000453	Prav.g_01103	Praq.g_01097
OG0000454	Prav.g_01104	Praq.g_01096
OG0000455	Prav.g_01105	Praq.g_01095
OG0000456	Prav.g_01106	Praq.g_01094
OG0000457	Prav.g_01108	Praq.g_01092
OG0000458	Prav.g_01110	Praq.g_01090
OG0000459	Prav.g_01111	Praq.g_01089
OG0000460	Prav.g_01113	Praq.g_01087
OG0000461	Prav.g_01114	Praq.g_01086
OG0000462	Prav.g_01115	Praq.g_01085
OG0000463	Prav.g_01116	Praq.g_01084
OG0000464	Prav.g_01121	Praq.g_01079
OG0000465	Prav.g_01123	Praq.g_01077
OG0000466	Prav.g_01124	Praq.g_01076
OG0000467	Prav.g_01125	Praq.g_01075
OG0000468	Prav.g_01126	Praq.g_01074
OG0000469	Prav.g_01127	Praq.g_01073
OG0000470	Prav.g_01128	Praq.g_01072
OG0000471	Prav.g_01129	Praq.g_01071
OG0000472	Prav.g_01132	Praq.g_01068
OG0000473	Prav.g_01133	Praq.g_01067
OG0000474	Prav.g_01134	Praq.g_01066
OG0000475	Prav.g_01135	Praq.g_01065
OG0000476	Prav.g_01136	Praq.g_01064
OG0000477	Prav.g_01138	Praq.g_01062
OG0000478	Prav.g_01139	Praq.g_01061
OG0000479	Prav.g_01140	Praq.g_01060
OG0000480	Prav.g_01142	Praq.g_01058
OG0000481	Prav.g_01143	Praq.g_01057
OG0000482	Prav.g_01144	Praq.g_01056
OG0000483	Prav.g_01145	Praq.g_01055
OG0000484	Prav.g_01146	Praq.g_01054
OG0000485	Prav.g_01147	Praq.g_01053
OG0000486	Prav.g_01148	Praq.g_01052
OG0000487	Prav.g_01149	Praq.g_01051
OG0000488	Prav.g_01151	Praq.g_01049
OG0000489	Prav.g_01152	Praq.g_01048
OG0000490	Prav.g_01153	Praq.g_01047
OG0000491	Prav.g_01154	Praq.g_01046
OG0000492	Prav.g_01155	Praq.g_01045
OG0000493	Prav.g_01156	Praq.g_01044
OG0000494	Prav.g_01158	Praq.g_01042
OG0000495	Prav.g_01159	Praq.g_01041
OG0000496	Prav.g_01160	Praq.g_01040
OG0000497	Prav.g_01161	Praq.g_01039
OG0000498	Prav.g_01162	Praq.g_01038
OG0000499	Prav.g_01164	Praq.g_01036
OG0000500	Prav.g_01165	Praq.g_01035
OG0000501	Prav.g_01167	Praq.g_01033
OG0000502	Prav.g_01168	Praq.g_01032
OG0000503	Prav.g_01169	Praq.g_01031
OG0000504	Prav.g_01170	Praq.g_01030
OG0000505	Prav.g_01171	Praq.g_01029
OG0000506	Prav.g_01172	Praq.g_01028
OG0000507	Prav.g_01173	Praq.g_01027
OG0000508	Prav.g_01175	Praq.g_01025
OG0000509	Prav.g_01176	Praq.g_01024
OG0000510	Prav.g_01177	Praq.g_01023
OG0000511	Prav.g_01178	Praq.g_01022
OG0000512	Prav.g_01179	Praq.g_01021
OG0000513	Prav.g_01180	Praq.g_01020
OG0000514	Prav.g_01181	Praq.g_01019
OG0000515	Prav.g_01183	Praq.g_01017
OG0000516	Prav.g_01184	Praq.g_01016
OG0000517	Prav.g_01185	Praq.g_01015
OG0000518	Prav.g_01187	Praq.g_01012
OG0000519	Prav.g_01188	Praq.g_01010
OG0000520	Prav.g_01189	Praq.g_01009
OG0000521	Prav.g_01190	Praq.g_01008
OG0000522	Prav.g_01191	Praq.g_01007
OG0000523	Prav.g_01192	Praq.g_01006
OG0000524	Prav.g_01193	Praq.g_01005
OG0000525	Prav.g_01195	Praq.g_01003
OG0000526	Prav.g_01196	Praq.g_01002
OG0000527	Prav.g_01197	Praq.g_01001
OG0000528	Prav.g_01198	Praq.g_01000
OG0000529	Prav.g_01199	Praq.g_00999
OG0000530	Prav.g_01200	Praq.g_00998
OG0000531	Prav.g_01201	Praq.g_00997
OG0000532	Prav.g_01202	Praq.g_00996
OG0000533	Prav.g_01203	Praq.g_00995
OG0000534	Prav.g_01204	Praq.g_00994
OG0000535	Prav.g_01205	Praq.g_00993
OG0000536	Prav.g_01206	Praq.g_00992
OG0000537	Prav.g_01207	Praq.g_00991
OG0000538	Prav.g_01208	Praq.g_00990
OG0000539	Prav.g_01209	Praq.g_00989
OG0000540	Prav.g_01210	Praq.g_00988
OG0000541	Prav.g_01211	Praq.g_00987
OG0000542	Prav.g_01212	Praq.g_00986
OG0000543	Prav.g_01213	Praq.g_00985
OG0000544	Prav.g_01214	Praq.g_00984
OG0000545	Prav.g_01219	Praq.g_00981
OG0000546	Prav.g_01220	Praq.g_00980
OG0000547	Prav.g_01222	Praq.g_00978
OG0000548	Prav.g_01223	Praq.g_00977
OG0000549	Prav.g_01224	Praq.g_00976
OG0000550	Prav.g_01225	Praq.g_00975
OG0000551	Prav.g_01226	Praq.g_00974
OG0000552	Prav.g_01227	Praq.g_00973
OG0000553	Prav.g_01228	Praq.g_00972
OG0000554	Prav.g_01229	Praq.g_00971
OG0000555	Prav.g_01230	Praq.g_00970
OG0000556	Prav.g_01231	Praq.g_00969
OG0000557	Prav.g_01232	Praq.g_00968
OG0000558	Prav.g_01233	Praq.g_00967
OG0000559	Prav.g_01234	Praq.g_00966
OG0000560	Prav.g_01236	Praq.g_00964
OG0000561	Prav.g_01237	Praq.g_00963
OG0000562	Prav.g_01238	Praq.g_00962
OG0000563	Prav.g_01239	Praq.g_00961
OG0000564	Prav.g_01240	Praq.g_00960
OG0000565	Prav.g_01241	Praq.g_00959
OG0000566	Prav.g_01242	Praq.g_00958
OG0000567	Prav.g_01243	Praq.g_00957
OG0000568	Prav.g_01244	Praq.g_00775
OG0000569	Prav.g_01245	Praq.g_00776
OG0000570	Prav.g_01246	Praq.g_00777
OG0000571	Prav.g_01247	Praq.g_00778
OG0000572	Prav.g_01248	Praq.g_00779
OG0000573	Prav.g_01251	Praq.g_00782
OG0000574	Prav.g_01252	Praq.g_00783
OG0000575	Prav.g_01253	Praq.g_00784
OG0000576	Prav.g_01254	Praq.g_00785
OG0000577	Prav.g_01255	Praq.g_00786
OG0000578	Prav.g_01256	Praq.g_00787
OG0000579	Prav.g_01257	Praq.g_00788
OG0000580	Prav.g_01258	Praq.g_00789
OG0000581	Prav.g_01259	Praq.g_00790
OG0000582	Prav.g_01260	Praq.g_00791
OG0000583	Prav.g_01261	Praq.g_00792
OG0000584	Prav.g_01262	Praq.g_00793
OG0000585	Prav.g_01263	Praq.g_00794
OG0000586	Prav.g_01265	Praq.g_00796
OG0000587	Prav.g_01266	Praq.g_00797
OG0000588	Prav.g_01268	Praq.g_00799
OG0000589	Prav.g_01269	Praq.g_00800
OG0000590	Prav.g_01271	Praq.g_00802
OG0000591	Prav.g_01277	Praq.g_00808
OG0000592	Prav.g_01278	Praq.g_00809
OG0000593	Prav.g_01279	Praq.g_00810
OG0000594	Prav.g_01281	Praq.g_00812
OG0000595	Prav.g_01282	Praq.g_00813
OG0000596	Prav.g_01283	Praq.g_00814
OG0000597	Prav.g_01285	Praq.g_00816
OG0000598	Prav.g_01286	Praq.g_00817
OG0000599	Prav.g_01287	Praq.g_00818
OG0000600	Prav.g_01288	Praq.g_00819
OG0000601	Prav.g_01290	Praq.g_00821
OG0000602	Prav.g_01291	Praq.g_00822
OG0000603	Prav.g_01292	Praq.g_00823
OG0000604	Prav.g_01293	Praq.g_00824
OG0000605	Prav.g_01294	Praq.g_00825
OG0000606	Prav.g_01295	Praq.g_00826
OG0000607	Prav.g_01297	Praq.g_00828
OG0000608	Prav.g_01298	Praq.g_00829
OG0000609	Prav.g_01312	Praq.g_00833
OG0000610	Prav.g_01313	Praq.g_00834
OG0000611	Prav.g_00307	Praq.g_00584
OG0000612	Prav.g_00308	Praq.g_00585
OG0000613	Prav.g_00309	Praq.g_00586
OG0000614	Prav.g_00310	Praq.g_00587
OG0000615	Prav.g_00312	Praq.g_00589
OG0000616	Prav.g_00313	Praq.g_00590
OG0000617	Prav.g_00314	Praq.g_00591
OG0000618	Prav.g_00315	Praq.g_00592
OG0000619	Prav.g_00316	Praq.g_00593
OG0000620	Prav.g_00317	Praq.g_00594
OG0000621	Prav.g_00318	Praq.g_00595
OG0000622	Prav.g_00319	Praq.g_00596
OG0000623	Prav.g_00320	Praq.g_00597
OG0000624	Prav.g_00321	Praq.g_00598
OG0000625	Prav.g_00322	Praq.g_00599
OG0000626	Prav.g_00323	Praq.g_00600
OG0000627	Prav.g_00324	Praq.g_00601
OG0000628	Prav.g_00325	Praq.g_00602
OG0000629	Prav.g_00326	Praq.g_00603
OG0000630	Prav.g_00327	Praq.g_00604
OG0000631	Prav.g_00329	Praq.g_00606
OG0000632	Prav.g_00343	Praq.g_00618
OG0000633	Prav.g_00346	Praq.g_00622
OG0000634	Prav.g_00362	Praq.g_00637
OG0000635	Prav.g_00364	Praq.g_00638
OG0000636	Prav.g_00365	Praq.g_00639
OG0000637	Prav.g_00366	Praq.g_00640
OG0000638	Prav.g_00373	Praq.g_00647
OG0000639	Prav.g_00383	Praq.g_00656
OG0000640	Prav.g_00385	Praq.g_00658
OG0000641	Prav.g_00388	Praq.g_00661
OG0000642	Prav.g_00389	Praq.g_00662
OG0000643	Prav.g_00390	Praq.g_00663
OG0000644	Prav.g_00391	Praq.g_00664
OG0000645	Prav.g_00392	Praq.g_00665
OG0000646	Prav.g_00393	Praq.g_00666
OG0000647	Prav.g_00394	Praq.g_00667
OG0000648	Prav.g_00396	Praq.g_00669
OG0000649	Prav.g_00397	Praq.g_00670
OG0000650	Prav.g_00398	Praq.g_00671
OG0000651	Prav.g_00399	Praq.g_00672
OG0000652	Prav.g_00400	Praq.g_00673
OG0000653	Prav.g_00401	Praq.g_00674
OG0000654	Prav.g_00403	Praq.g_00676
OG0000655	Prav.g_00405	Praq.g_00678
OG0000656	Prav.g_00406	Praq.g_01407
OG0000657	Prav.g_00407	Praq.g_01408
OG0000658	Prav.g_00408	Praq.g_01409
OG0000659	Prav.g_00409	Praq.g_01410
OG0000660	Prav.g_00410	Praq.g_01411
OG0000661	Prav.g_00411	Praq.g_01412
OG0000662	Prav.g_00412	Praq.g_01413
OG0000663	Prav.g_00413	Praq.g_01414
OG0000664	Prav.g_00414	Praq.g_01415
OG0000665	Prav.g_00415	Praq.g_01416
OG0000666	Prav.g_00416	Praq.g_01417
OG0000667	Prav.g_00417	Praq.g_01418
OG0000668	Prav.g_00418	Praq.g_01419
OG0000669	Prav.g_00420	Praq.g_01421
OG0000670	Prav.g_00421	Praq.g_01422
OG0000671	Prav.g_00422	Praq.g_01423
OG0000672	Prav.g_00423	Praq.g_01424
OG0000673	Prav.g_00424	Praq.g_01425
OG0000674	Prav.g_00425	Praq.g_01426
OG0000675	Prav.g_00427	Praq.g_01428
OG0000676	Prav.g_00428	Praq.g_01429
OG0000677	Prav.g_00430	Praq.g_01431
OG0000678	Prav.g_00432	Praq.g_01433
OG0000679	Prav.g_00433	Praq.g_01434
OG0000680	Prav.g_00434	Praq.g_01435
OG0000681	Prav.g_00435	Praq.g_01436
OG0000682	Prav.g_00436	Praq.g_01437
OG0000683	Prav.g_00438	Praq.g_01439
OG0000684	Prav.g_00439	Praq.g_01440
OG0000685	Prav.g_00440	Praq.g_01441
OG0000686	Prav.g_00441	Praq.g_01442
OG0000687	Prav.g_00442	Praq.g_01443
OG0000688	Prav.g_00443	Praq.g_01444
OG0000689	Prav.g_00444	Praq.g_01445
OG0000690	Prav.g_00445	Praq.g_01446
OG0000691	Prav.g_00446	Praq.g_01447
OG0000692	Prav.g_00448	Praq.g_01449
OG0000693	Prav.g_00449	Praq.g_01450
OG0000694	Prav.g_00450	Praq.g_01451
OG0000695	Prav.g_00451	Praq.g_01452
OG0000696	Prav.g_00452	Praq.g_01454
OG0000697	Prav.g_00454	Praq.g_01456
OG0000698	Prav.g_00456	Praq.g_01458
OG0000699	Prav.g_00457	Praq.g_01459
OG0000700	Prav.g_00483	Praq.g_01473
OG0000701	Prav.g_00487	Praq.g_01478
OG0000702	Prav.g_00490	Praq.g_01481
OG0000703	Prav.g_00491	Praq.g_01482
OG0000704	Prav.g_00492	Praq.g_01483
OG0000705	Prav.g_00493	Praq.g_01484
OG0000706	Prav.g_00494	Praq.g_01485
OG0000707	Prav.g_00496	Praq.g_01487
OG0000708	Prav.g_00497	Praq.g_01488
OG0000709	Prav.g_00499	Praq.g_01490
OG0000710	Prav.g_00500	Praq.g_01491
OG0000711	Prav.g_00501	Praq.g_01492
OG0000712	Prav.g_00502	Praq.g_01493
OG0000713	Prav.g_00503	Praq.g_01494
OG0000714	Prav.g_00505	Praq.g_01496
OG0000715	Prav.g_00506	Praq.g_01497
OG0000716	Prav.g_00508	Praq.g_01499
OG0000717	Prav.g_00509	Praq.g_01500
OG0000718	Prav.g_00510	Praq.g_01501
OG0000719	Prav.g_00512	Praq.g_01503
OG0000720	Prav.g_00513	Praq.g_01504
OG0000721	Prav.g_00515	Praq.g_01506
OG0000722	Prav.g_00516	Praq.g_01507
OG0000723	Prav.g_00517	Praq.g_01508
OG0000724	Prav.g_00519	Praq.g_01510
OG0000725	Prav.g_00520	Praq.g_01511
OG0000726	Prav.g_00521	Praq.g_01512
OG0000727	Prav.g_00522	Praq.g_01513
OG0000728	Prav.g_00523	Praq.g_01514
OG0000729	Prav.g_00524	Praq.g_01515
OG0000730	Prav.g_00525	Praq.g_01516
OG0000731	Prav.g_00526	Praq.g_01517
OG0000732	Prav.g_00527	Praq.g_01518
OG0000733	Prav.g_00528	Praq.g_01519
OG0000734	Prav.g_00529	Praq.g_01520
OG0000735	Prav.g_00530	Praq.g_01522
OG0000736	Prav.g_00531	Praq.g_01523
OG0000737	Prav.g_00532	Praq.g_01524
OG0000738	Prav.g_00533	Praq.g_01525
OG0000739	Prav.g_00534	Praq.g_01526
OG0000740	Prav.g_00535	Praq.g_01527
OG0000741	Prav.g_00536	Praq.g_01528
OG0000742	Prav.g_00538	Praq.g_01530
OG0000743	Prav.g_00539	Praq.g_01531
OG0000744	Prav.g_00540	Praq.g_01532
OG0000745	Prav.g_00541	Praq.g_01533
OG0000746	Prav.g_00542	Praq.g_01534
OG0000747	Prav.g_00543	Praq.g_01535
OG0000748	Prav.g_00544	Praq.g_01536
OG0000749	Prav.g_00545	Praq.g_01537
OG0000750	Prav.g_00546	Praq.g_01538
OG0000751	Prav.g_00547	Praq.g_01539
OG0000752	Prav.g_00548	Praq.g_01540
OG0000753	Prav.g_00550	Praq.g_01542
OG0000754	Prav.g_00551	Praq.g_01543
OG0000755	Prav.g_00552	Praq.g_01544
OG0000756	Prav.g_00553	Praq.g_01545
OG0000757	Prav.g_00554	Praq.g_01546
OG0000758	Prav.g_00555	Praq.g_01547
OG0000759	Prav.g_00557	Praq.g_01549
OG0000760	Prav.g_00558	Praq.g_01550
OG0000761	Prav.g_00559	Praq.g_01551
OG0000762	Prav.g_00561	Praq.g_01553
OG0000763	Prav.g_00562	Praq.g_01554
OG0000764	Prav.g_00563	Praq.g_01555
OG0000765	Prav.g_00564	Praq.g_01556
OG0000766	Prav.g_00565	Praq.g_01557
OG0000767	Prav.g_00567	Praq.g_01559
OG0000768	Prav.g_00568	Praq.g_01560
OG0000769	Prav.g_00569	Praq.g_01561
OG0000770	Prav.g_00570	Praq.g_01562
OG0000771	Prav.g_00571	Praq.g_01563
OG0000772	Prav.g_00572	Praq.g_01564
OG0000773	Prav.g_00573	Praq.g_01565
OG0000774	Prav.g_00574	Praq.g_01566
OG0000775	Prav.g_00575	Praq.g_01567
OG0000776	Prav.g_00577	Praq.g_01568
OG0000777	Prav.g_00579	Praq.g_01570
OG0000778	Prav.g_00580	Praq.g_01571
OG0000779	Prav.g_00581	Praq.g_01572
OG0000780	Prav.g_00583	Praq.g_01574
OG0000781	Prav.g_00585	Praq.g_01576
OG0000782	Prav.g_00586	Praq.g_01577
OG0000783	Prav.g_00902	Praq.g_01588
OG0000784	Prav.g_00904	Praq.g_01590
OG0000785	Prav.g_00905	Praq.g_01591
OG0000786	Prav.g_00906	Praq.g_01592
OG0000787	Prav.g_00907	Praq.g_01593
OG0000788	Prav.g_00911	Praq.g_01597
OG0000789	Prav.g_00913	Praq.g_01599
OG0000790	Prav.g_00914	Praq.g_01600
OG0000791	Prav.g_00915	Praq.g_01601
OG0000792	Prav.g_00916	Praq.g_01602
OG0000793	Prav.g_00917	Praq.g_01603
OG0000794	Prav.g_00919	Praq.g_01605
OG0000795	Prav.g_00922	Praq.g_01608
OG0000796	Prav.g_00923	Praq.g_01609
OG0000797	Prav.g_00925	Praq.g_01611
OG0000798	Prav.g_00926	Praq.g_01612
OG0000799	Prav.g_00927	Praq.g_01613
OG0000800	Prav.g_00928	Praq.g_01614
OG0000801	Prav.g_00931	Praq.g_01617
OG0000802	Prav.g_00932	Praq.g_01618
OG0000803	Prav.g_00934	Praq.g_01620
OG0000804	Prav.g_00935	Praq.g_01621
OG0000805	Prav.g_00936	Praq.g_01622
OG0000806	Prav.g_00938	Praq.g_01624
OG0000807	Prav.g_00242	Praq.g_01649
OG0000808	Prav.g_00252	Praq.g_01658
OG0000809	Prav.g_00255	Praq.g_01661
OG0000810	Prav.g_00256	Praq.g_01662
OG0000811	Prav.g_00263	Praq.g_01669
OG0000812	Prav.g_00004	Praq.g_01273
OG0000813	Prav.g_00008	Praq.g_01276
OG0000814	Prav.g_00010	Praq.g_01278
OG0000815	Prav.g_00019	Praq.g_01287
OG0000816	Prav.g_00034	Praq.g_01301
OG0000817	Prav.g_00035	Praq.g_01302
OG0000818	Prav.g_00039	Praq.g_01307
OG0000819	Prav.g_00046	Praq.g_01314
OG0000820	Prav.g_00050	Praq.g_01318
OG0000821	Prav.g_00052	Praq.g_01320
OG0000822	Prav.g_00053	Praq.g_01321
OG0000823	Prav.g_00054	Praq.g_01322
OG0000824	Prav.g_00055	Praq.g_01323
OG0000825	Prav.g_00056	Praq.g_01324
OG0000826	Prav.g_00057	Praq.g_01325
OG0000827	Prav.g_00058	Praq.g_01326
OG0000828	Prav.g_00059	Praq.g_01327
OG0000829	Prav.g_00060	Praq.g_01328
OG0000830	Prav.g_00061	Praq.g_01329
OG0000831	Prav.g_00064	Praq.g_01332
OG0000832	Prav.g_00066	Praq.g_01334
OG0000833	Prav.g_00067	Praq.g_01335
OG0000834	Prav.g_00068	Praq.g_01336
OG0000835	Prav.g_00069	Praq.g_01337
OG0000836	Prav.g_00070	Praq.g_01338
OG0000837	Prav.g_00072	Praq.g_01340
OG0000838	Prav.g_00073	Praq.g_01341
OG0000839	Prav.g_00074	Praq.g_01342
OG0000840	Prav.g_00075	Praq.g_01343
OG0000841	Prav.g_00076	Praq.g_01344
OG0000842	Prav.g_00077	Praq.g_01345
OG0000843	Prav.g_01868	Praq.g_01346
OG0000844	Prav.g_01867	Praq.g_01347
OG0000845	Prav.g_01866	Praq.g_01348
OG0000846	Prav.g_01863	Praq.g_01351
OG0000847	Prav.g_01861	Praq.g_01353
OG0000848	Prav.g_01860	Praq.g_01354
OG0000849	Prav.g_01859	Praq.g_01355
OG0000850	Prav.g_01858	Praq.g_01356
OG0000851	Prav.g_01857	Praq.g_01357
OG0000852	Prav.g_01855	Praq.g_01359
OG0000853	Prav.g_01854	Praq.g_01360
OG0000854	Prav.g_01852	Praq.g_01362
OG0000855	Prav.g_01851	Praq.g_01363
OG0000856	Prav.g_01850	Praq.g_01364
OG0000857	Prav.g_01849	Praq.g_01365
OG0000858	Prav.g_01848	Praq.g_01366
OG0000859	Prav.g_01847	Praq.g_01367
OG0000860	Prav.g_01846	Praq.g_01368
OG0000861	Prav.g_01845	Praq.g_01369
OG0000862	Prav.g_01844	Praq.g_01370
OG0000863	Prav.g_01843	Praq.g_01371
OG0000864	Prav.g_01842	Praq.g_01372
OG0000865	Prav.g_01841	Praq.g_01373
OG0000866	Prav.g_01840	Praq.g_01374
OG0000867	Prav.g_01839	Praq.g_01375
OG0000868	Prav.g_01838	Praq.g_01376
OG0000869	Prav.g_01836	Praq.g_01378
OG0000870	Prav.g_01835	Praq.g_01379
OG0000871	Prav.g_01833	Praq.g_01381
OG0000872	Prav.g_01832	Praq.g_01382
OG0000873	Prav.g_01830	Praq.g_01384
OG0000874	Prav.g_01829	Praq.g_01385
OG0000875	Prav.g_01828	Praq.g_01386
OG0000876	Prav.g_01827	Praq.g_01387
OG0000877	Prav.g_01825	Praq.g_01389
OG0000878	Prav.g_01409	Praq.g_00112
OG0000879	Prav.g_01427	Praq.g_00122
OG0000880	Prav.g_01428	Praq.g_00123
OG0000881	Prav.g_01429	Praq.g_00124
OG0000882	Prav.g_01430	Praq.g_00125
OG0000883	Prav.g_01431	Praq.g_00126
OG0000884	Prav.g_01433	Praq.g_00128
OG0000885	Prav.g_01434	Praq.g_00129
OG0000886	Prav.g_01435	Praq.g_00130
OG0000887	Prav.g_01436	Praq.g_00131
OG0000888	Prav.g_01437	Praq.g_00132
OG0000889	Prav.g_01440	Praq.g_00135
OG0000890	Prav.g_01441	Praq.g_00136
OG0000891	Prav.g_01442	Praq.g_00137
OG0000892	Prav.g_01444	Praq.g_00139
OG0000893	Prav.g_01445	Praq.g_00140
OG0000894	Prav.g_01446	Praq.g_00141
OG0000895	Prav.g_01447	Praq.g_00142
OG0000896	Prav.g_01448	Praq.g_00143
OG0000897	Prav.g_01449	Praq.g_00144
OG0000898	Prav.g_01451	Praq.g_00146
OG0000899	Prav.g_01452	Praq.g_00147
OG0000900	Prav.g_01455	Praq.g_00157
OG0000901	Prav.g_01459	Praq.g_00161
OG0000902	Prav.g_01460	Praq.g_00162
OG0000903	Prav.g_01461	Praq.g_00163
OG0000904	Prav.g_01463	Praq.g_00165
OG0000905	Prav.g_01465	Praq.g_00167
OG0000906	Prav.g_01467	Praq.g_00169
OG0000907	Prav.g_01468	Praq.g_00170
OG0000908	Prav.g_01471	Praq.g_00173
OG0000909	Prav.g_01475	Praq.g_00179
OG0000910	Prav.g_01476	Praq.g_00180
OG0000911	Prav.g_01477	Praq.g_00181
OG0000912	Prav.g_01478	Praq.g_00182
OG0000913	Prav.g_01479	Praq.g_00183
OG0000914	Prav.g_01480	Praq.g_00184
OG0000915	Prav.g_01481	Praq.g_00185
OG0000916	Prav.g_01482	Praq.g_00186
OG0000917	Prav.g_01483	Praq.g_00187
OG0000918	Prav.g_01484	Praq.g_00188
OG0000919	Prav.g_01485	Praq.g_00189
OG0000920	Prav.g_01486	Praq.g_00190
OG0000921	Prav.g_01487	Praq.g_00191
OG0000922	Prav.g_01488	Praq.g_00192
OG0000923	Prav.g_01489	Praq.g_00193
OG0000924	Prav.g_01490	Praq.g_00194
OG0000925	Prav.g_01491	Praq.g_00195
OG0000926	Prav.g_01505	Praq.g_00258
OG0000927	Prav.g_01560	Praq.g_00276
OG0000928	Prav.g_01561	Praq.g_00277
OG0000929	Prav.g_01562	Praq.g_00278
OG0000930	Prav.g_01563	Praq.g_00279
OG0000931	Prav.g_01564	Praq.g_00280
OG0000932	Prav.g_01566	Praq.g_00282
OG0000933	Prav.g_01567	Praq.g_00283
OG0000934	Prav.g_01568	Praq.g_00284
OG0000935	Prav.g_01569	Praq.g_00285
OG0000936	Prav.g_01570	Praq.g_00286
OG0000937	Prav.g_01571	Praq.g_00287
OG0000938	Prav.g_01572	Praq.g_00288
OG0000939	Prav.g_01573	Praq.g_00289
OG0000940	Prav.g_01574	Praq.g_00290
OG0000941	Prav.g_01576	Praq.g_00292
OG0000942	Prav.g_01577	Praq.g_00293
OG0000943	Prav.g_01580	Praq.g_00296
OG0000944	Prav.g_01581	Praq.g_00297
OG0000945	Prav.g_01582	Praq.g_00298
OG0000946	Prav.g_01583	Praq.g_00299
OG0000947	Prav.g_01584	Praq.g_00300
OG0000948	Prav.g_01585	Praq.g_00301
OG0000949	Prav.g_01586	Praq.g_00302
OG0000950	Prav.g_01587	Praq.g_00303
OG0000951	Prav.g_01588	Praq.g_00304
OG0000952	Prav.g_01589	Praq.g_00305
OG0000953	Prav.g_01590	Praq.g_00306
OG0000954	Prav.g_01591	Praq.g_00307
OG0000955	Prav.g_01592	Praq.g_00308
OG0000956	Prav.g_01593	Praq.g_00309
OG0000957	Prav.g_01594	Praq.g_00310
OG0000958	Prav.g_01595	Praq.g_00311
OG0000959	Prav.g_01596	Praq.g_00312
OG0000960	Prav.g_01597	Praq.g_00313
OG0000961	Prav.g_01601	Praq.g_00317
OG0000962	Prav.g_01602	Praq.g_00318
OG0000963	Prav.g_01603	Praq.g_00319
OG0000964	Prav.g_01605	Praq.g_00321
OG0000965	Prav.g_01606	Praq.g_00322
OG0000966	Prav.g_01607	Praq.g_00323
OG0000967	Prav.g_01608	Praq.g_00324
OG0000968	Prav.g_01609	Praq.g_00325
OG0000969	Prav.g_01610	Praq.g_00326
OG0000970	Prav.g_01611	Praq.g_00327
OG0000971	Prav.g_01612	Praq.g_00328
OG0000972	Prav.g_01613	Praq.g_00329
OG0000973	Prav.g_01614	Praq.g_00330
OG0000974	Prav.g_01616	Praq.g_00332
OG0000975	Prav.g_01619	Praq.g_00335
OG0000976	Prav.g_01621	Praq.g_00337
OG0000977	Prav.g_01622	Praq.g_00338
OG0000978	Prav.g_01623	Praq.g_00339
OG0000979	Prav.g_01625	Praq.g_00341
OG0000980	Prav.g_01626	Praq.g_00342
OG0000981	Prav.g_01627	Praq.g_00343
OG0000982	Prav.g_01628	Praq.g_00344
OG0000983	Prav.g_01630	Praq.g_00346
OG0000984	Prav.g_01631	Praq.g_00347
OG0000985	Prav.g_01632	Praq.g_00348
OG0000986	Prav.g_01633	Praq.g_00349
OG0000987	Prav.g_01634	Praq.g_00350
OG0000988	Prav.g_01635	Praq.g_00351
OG0000989	Prav.g_01636	Praq.g_00352
OG0000990	Prav.g_01637	Praq.g_00353
OG0000991	Prav.g_01638	Praq.g_00354
OG0000992	Prav.g_01639	Praq.g_00355
OG0000993	Prav.g_01640	Praq.g_00356
OG0000994	Prav.g_01641	Praq.g_00357
OG0000995	Prav.g_01642	Praq.g_00358
OG0000996	Prav.g_01643	Praq.g_00359
OG0000997	Prav.g_01644	Praq.g_00360
OG0000998	Prav.g_01645	Praq.g_00361
OG0000999	Prav.g_01646	Praq.g_00362
OG0001000	Prav.g_01647	Praq.g_00363
OG0001001	Prav.g_01649	Praq.g_00365
OG0001002	Prav.g_01650	Praq.g_00366
OG0001003	Prav.g_01651	Praq.g_00367
OG0001004	Prav.g_01652	Praq.g_00368
OG0001005	Prav.g_01653	Praq.g_00369
OG0001006	Prav.g_01654	Praq.g_00370
OG0001007	Prav.g_01655	Praq.g_00371
OG0001008	Prav.g_01657	Praq.g_00373
OG0001009	Prav.g_01658	Praq.g_00374
OG0001010	Prav.g_01664	Praq.g_00382
OG0001011	Prav.g_01671	Praq.g_00001
OG0001012	Prav.g_01699	Praq.g_00030
OG0001013	Prav.g_01755	Praq.g_01953
OG0001014	Prav.g_01756	Praq.g_01952
OG0001015	Prav.g_01762	Praq.g_00496
OG0001016	Prav.g_01763	Praq.g_00495
OG0001017	Prav.g_01764	Praq.g_00494
OG0001018	Prav.g_01765	Praq.g_00493
OG0001019	Prav.g_01767	Praq.g_00491
OG0001020	Prav.g_01768	Praq.g_00490
OG0001021	Prav.g_01769	Praq.g_00489
OG0001022	Prav.g_01770	Praq.g_00488
OG0001023	Prav.g_01771	Praq.g_00487
OG0001024	Prav.g_01772	Praq.g_00486
OG0001025	Prav.g_01773	Praq.g_00485
OG0001026	Prav.g_01775	Praq.g_00483
OG0001027	Prav.g_01776	Praq.g_00482
OG0001028	Prav.g_01777	Praq.g_00481
OG0001029	Prav.g_01778	Praq.g_00480
OG0001030	Prav.g_01779	Praq.g_00479
OG0001031	Prav.g_01780	Praq.g_00478
OG0001032	Prav.g_01781	Praq.g_00477
OG0001033	Prav.g_01782	Praq.g_00476
OG0001034	Prav.g_01783	Praq.g_00475
OG0001035	Prav.g_01785	Praq.g_00473
OG0001036	Prav.g_01786	Praq.g_00472
OG0001037	Prav.g_01787	Praq.g_00471
OG0001038	Prav.g_01788	Praq.g_00470
OG0001039	Prav.g_01789	Praq.g_00469
OG0001040	Prav.g_01790	Praq.g_00468
OG0001041	Prav.g_01791	Praq.g_00467
OG0001042	Prav.g_01792	Praq.g_00466
OG0001043	Prav.g_01793	Praq.g_00465
OG0001044	Prav.g_01794	Praq.g_00464
OG0001045	Prav.g_01795	Praq.g_00463
OG0001046	Prav.g_01796	Praq.g_00462
OG0001047	Prav.g_01799	Praq.g_00459
OG0001048	Prav.g_01801	Praq.g_00457
OG0001049	Prav.g_01802	Praq.g_00456
OG0001050	Prav.g_01803	Praq.g_00455
OG0001051	Prav.g_01804	Praq.g_00454
OG0001052	Prav.g_01805	Praq.g_00453
OG0001053	Prav.g_01807	Praq.g_00452
OG0001054	Prav.g_01809	Praq.g_00450
OG0001055	Prav.g_01810	Praq.g_00449
OG0001056	Prav.g_01811	Praq.g_00448
OG0001057	Prav.g_01812	Praq.g_00447
OG0001058	Prav.g_01813	Praq.g_00446
OG0001059	Prav.g_01814	Praq.g_00445
OG0001060	Prav.g_01815	Praq.g_00444
OG0001061	Prav.g_01816	Praq.g_00443
OG0001062	Prav.g_01817	Praq.g_00442
OG0001063	Prav.g_01818	Praq.g_00441
OG0001064	Prav.g_00264	Praq.g_00956
OG0001065	Prav.g_00268	Praq.g_00951
OG0001066	Prav.g_00269	Praq.g_00950
OG0001067	Prav.g_00270	Praq.g_00949
OG0001068	Prav.g_00272	Praq.g_00947
OG0001069	Prav.g_00273	Praq.g_00946
OG0001070	Prav.g_00274	Praq.g_00945
OG0001071	Prav.g_00275	Praq.g_00944
OG0001072	Prav.g_00276	Praq.g_00943
OG0001073	Prav.g_00277	Praq.g_00942
OG0001074	Prav.g_00278	Praq.g_00941
OG0001075	Prav.g_00279	Praq.g_00940
OG0001076	Prav.g_00280	Praq.g_00939
OG0001077	Prav.g_00281	Praq.g_00938
OG0001078	Prav.g_00282	Praq.g_00937
OG0001079	Prav.g_00283	Praq.g_00936
OG0001080	Prav.g_00284	Praq.g_00935
OG0001081	Prav.g_00287	Praq.g_00932
OG0001082	Prav.g_00288	Praq.g_00931
OG0001083	Prav.g_00289	Praq.g_00930
OG0001084	Prav.g_00291	Praq.g_00928
OG0001085	Prav.g_00292	Praq.g_00927
OG0001086	Prav.g_00293	Praq.g_00926
OG0001087	Prav.g_00294	Praq.g_00925
OG0001088	Prav.g_00295	Praq.g_00924
OG0001089	Prav.g_00590	Praq.g_00921
OG0001090	Prav.g_00592	Praq.g_00919
OG0001091	Prav.g_00593	Praq.g_00918
OG0001092	Prav.g_00594	Praq.g_00917
OG0001093	Prav.g_00595	Praq.g_00916
OG0001094	Prav.g_00596	Praq.g_00915
OG0001095	Prav.g_00597	Praq.g_00914
OG0001096	Prav.g_00598	Praq.g_00913
OG0001097	Prav.g_00599	Praq.g_00912
OG0001098	Prav.g_00600	Praq.g_00911
OG0001099	Prav.g_00601	Praq.g_00910
OG0001100	Prav.g_00602	Praq.g_00909
OG0001101	Prav.g_00603	Praq.g_00908
OG0001102	Prav.g_00604	Praq.g_00907
OG0001103	Prav.g_00605	Praq.g_00906
OG0001104	Prav.g_00606	Praq.g_00905
OG0001105	Prav.g_00607	Praq.g_00904
OG0001106	Prav.g_00608	Praq.g_00903
OG0001107	Prav.g_00609	Praq.g_00902
OG0001108	Prav.g_00610	Praq.g_00901
OG0001109	Prav.g_00611	Praq.g_00900
OG0001110	Prav.g_00612	Praq.g_00899
OG0001111	Prav.g_00613	Praq.g_00898
OG0001112	Prav.g_00614	Praq.g_00897
OG0001113	Prav.g_00615	Praq.g_00896
OG0001114	Prav.g_00616	Praq.g_00895
OG0001115	Prav.g_00617	Praq.g_00894
OG0001116	Prav.g_00618	Praq.g_00893
OG0001117	Prav.g_00619	Praq.g_00892
OG0001118	Prav.g_00620	Praq.g_00891
OG0001119	Prav.g_00621	Praq.g_00890
OG0001120	Prav.g_00622	Praq.g_00889
OG0001121	Prav.g_00624	Praq.g_00887
OG0001122	Prav.g_00625	Praq.g_00886
OG0001123	Prav.g_00626	Praq.g_00885
OG0001124	Prav.g_00628	Praq.g_00883
OG0001125	Prav.g_00630	Praq.g_00881
OG0001126	Prav.g_00631	Praq.g_00880
OG0001127	Prav.g_00633	Praq.g_00878
OG0001128	Prav.g_00634	Praq.g_00877
OG0001129	Prav.g_00635	Praq.g_00876
OG0001130	Prav.g_00638	Praq.g_00874
OG0001131	Prav.g_00639	Praq.g_00873
OG0001132	Prav.g_00640	Praq.g_00872
OG0001133	Prav.g_00641	Praq.g_00871
OG0001134	Prav.g_00642	Praq.g_00870
OG0001135	Prav.g_00643	Praq.g_00869
OG0001136	Prav.g_00644	Praq.g_00868
OG0001137	Prav.g_00645	Praq.g_00867
OG0001138	Prav.g_00646	Praq.g_00866
OG0001139	Prav.g_00647	Praq.g_00865
OG0001140	Prav.g_00648	Praq.g_00864
OG0001141	Prav.g_00649	Praq.g_00863
OG0001142	Prav.g_00653	Praq.g_00727
OG0001143	Prav.g_00654	Praq.g_00728
OG0001144	Prav.g_00655	Praq.g_00729
OG0001145	Prav.g_00656	Praq.g_00730
OG0001146	Prav.g_00657	Praq.g_00731
OG0001147	Prav.g_00658	Praq.g_00732
OG0001148	Prav.g_00659	Praq.g_00733
OG0001149	Prav.g_00661	Praq.g_00735
OG0001150	Prav.g_00662	Praq.g_00736
OG0001151	Prav.g_00664	Praq.g_00738
OG0001152	Prav.g_00665	Praq.g_00739
OG0001153	Prav.g_00666	Praq.g_00740
OG0001154	Prav.g_00668	Praq.g_00742
OG0001155	Prav.g_00670	Praq.g_00744
OG0001156	Prav.g_00672	Praq.g_00746
OG0001157	Prav.g_00673	Praq.g_00747
OG0001158	Prav.g_00675	Praq.g_00749
OG0001159	Prav.g_00676	Praq.g_00750
OG0001160	Prav.g_00677	Praq.g_00751
OG0001161	Prav.g_00678	Praq.g_00752
OG0001162	Prav.g_00679	Praq.g_00753
OG0001163	Prav.g_00680	Praq.g_00754
OG0001164	Prav.g_00681	Praq.g_00755
OG0001165	Prav.g_00682	Praq.g_00756
OG0001166	Prav.g_00683	Praq.g_00757
OG0001167	Prav.g_00684	Praq.g_00758
OG0001168	Prav.g_00685	Praq.g_00759
OG0001169	Prav.g_00686	Praq.g_00760
OG0001170	Prav.g_00687	Praq.g_00761
OG0001171	Prav.g_00688	Praq.g_00762
OG0001172	Prav.g_00690	Praq.g_00764
OG0001173	Prav.g_00692	Praq.g_00766
OG0001174	Prav.g_00693	Praq.g_00767
OG0001175	Prav.g_00694	Praq.g_00768
OG0001176	Prav.g_00695	Praq.g_00769
OG0001177	Prav.g_00697	Praq.g_00771
OG0001178	Prav.g_00700	Praq.g_00773
OG0001179	Prav.g_00701	Praq.g_00774
OG0001180	Prav.g_00702	Praq.g_00679
OG0001181	Prav.g_00703	Praq.g_00680
OG0001182	Prav.g_00704	Praq.g_00681
OG0001183	Prav.g_00705	Praq.g_00682
OG0001184	Prav.g_00707	Praq.g_00684
OG0001185	Prav.g_00710	Praq.g_00687
OG0001186	Prav.g_00711	Praq.g_00688
OG0001187	Prav.g_00712	Praq.g_00689
OG0001188	Prav.g_00713	Praq.g_00690
OG0001189	Prav.g_00714	Praq.g_00691
OG0001190	Prav.g_00715	Praq.g_00692
OG0001191	Prav.g_00716	Praq.g_00693
OG0001192	Prav.g_00717	Praq.g_00694
OG0001193	Prav.g_00718	Praq.g_00695
OG0001194	Prav.g_00719	Praq.g_00696
OG0001195	Prav.g_00720	Praq.g_00697
OG0001196	Prav.g_00721	Praq.g_00698
OG0001197	Prav.g_00722	Praq.g_00699
OG0001198	Prav.g_00723	Praq.g_00700
OG0001199	Prav.g_00724	Praq.g_00701
OG0001200	Prav.g_00725	Praq.g_00702
OG0001201	Prav.g_00726	Praq.g_00703
OG0001202	Prav.g_00727	Praq.g_00704
OG0001203	Prav.g_00729	Praq.g_00706
OG0001204	Prav.g_00731	Praq.g_00708
OG0001205	Prav.g_00732	Praq.g_00709
OG0001206	Prav.g_00733	Praq.g_00710
OG0001207	Prav.g_00734	Praq.g_00711
OG0001208	Prav.g_00735	Praq.g_00712
OG0001209	Prav.g_00736	Praq.g_00713
OG0001210	Prav.g_00737	Praq.g_00714
OG0001211	Prav.g_00738	Praq.g_00715
OG0001212	Prav.g_00739	Praq.g_00716
OG0001213	Prav.g_00740	Praq.g_00717
OG0001214	Prav.g_00742	Praq.g_00719
OG0001215	Prav.g_00743	Praq.g_00720
OG0001216	Prav.g_00744	Praq.g_00721
OG0001217	Prav.g_00745	Praq.g_00722
OG0001218	Prav.g_00746	Praq.g_00723
OG0001219	Prav.g_00749	Praq.g_00390
OG0001220	Prav.g_00750	Praq.g_00391
OG0001221	Prav.g_00753	Praq.g_00394
OG0001222	Prav.g_00754	Praq.g_00395
OG0001223	Prav.g_00755	Praq.g_00396
OG0001224	Prav.g_00756	Praq.g_00397
OG0001225	Prav.g_00757	Praq.g_00398
OG0001226	Prav.g_00758	Praq.g_00399
OG0001227	Prav.g_00759	Praq.g_00400
OG0001228	Prav.g_00760	Praq.g_00401
OG0001229	Prav.g_00761	Praq.g_00402
OG0001230	Prav.g_00762	Praq.g_00403
OG0001231	Prav.g_00763	Praq.g_00404
OG0001232	Prav.g_00764	Praq.g_00405
OG0001233	Prav.g_00765	Praq.g_00406
OG0001234	Prav.g_00766	Praq.g_00407
OG0001235	Prav.g_00767	Praq.g_00408
OG0001236	Prav.g_00769	Praq.g_00410
OG0001237	Prav.g_00770	Praq.g_00411
OG0001238	Prav.g_00772	Praq.g_00413
OG0001239	Prav.g_00773	Praq.g_00414
OG0001240	Prav.g_00774	Praq.g_00415
OG0001241	Prav.g_00776	Praq.g_00417
OG0001242	Prav.g_00778	Praq.g_00418
OG0001243	Prav.g_00779	Praq.g_00419
OG0001244	Prav.g_00780	Praq.g_00420
OG0001245	Prav.g_00781	Praq.g_00421
OG0001246	Prav.g_00782	Praq.g_00422
OG0001247	Prav.g_00783	Praq.g_00423
OG0001248	Prav.g_00784	Praq.g_00424
OG0001249	Prav.g_00785	Praq.g_00425
OG0001250	Prav.g_00786	Praq.g_00426
OG0001251	Prav.g_00157	Praq.g_01911
OG0001252	Prav.g_00203	Praq.g_01865
OG0001254	Prav.g_01927	Praq.g_01722
OG0001255	Prav.g_01979	Praq.g_01212
OG0001257	Prav.g_01080	Praq.g_00533
OG0001258	Prav.g_01096	Praq.g_01104
OG0001259	Prav.g_01186	Praq.g_01013
OG0001260	Prav.g_00345	Praq.g_00621
OG0001261	Prav.g_00431	Praq.g_01432
OG0001262	Prav.g_00447	Praq.g_01448
OG0001263	Prav.g_00467	Praq.g_01469
OG0001264	Prav.g_00498	Praq.g_01489
OG0001265	Prav.g_00909	Praq.g_01595
OG0001266	Prav.g_00236	Praq.g_01642
OG0001267	Prav.g_00049	Praq.g_01317
OG0001268	Prav.g_00062	Praq.g_01330
OG0001269	Prav.g_01456	Praq.g_00158
OG0001270	Prav.g_01618	Praq.g_00334
OG0001271	Prav.g_01629	Praq.g_00345
OG0001272	Prav.g_01669	Praq.g_00387
OG0001274	Prav.g_01675	Praq.g_00005
OG0001275	Prav.g_01691	Praq.g_00021
OG0001276	Prav.g_01704	Praq.g_00033
OG0001276	Prav.g_00969	Praq.g_00044
OG0001277	Prav.g_01720	Praq.g_01955
OG0001280	Prav.g_01760	Praq.g_00498
OG0001281	Prav.g_00271	Praq.g_00948
OG0001282	Prav.g_00296	Praq.g_00923
OG0001283	Prav.g_00671	Praq.g_00745
OG0001284	Prav.g_00699	Praq.g_00772
OG0001285	Prav.g_00730	Praq.g_00707
OG0001286	Prav.g_00775	Praq.g_00416
OG0001287	Prav.g_01386	Praq.g_00041, Praq.g_00080, Praq.g_00547
OG0001288	Prav.g_01036	Praq.g_01120
OG0001290	Prav.g_00098	Praq.g_01233
OG0001291	Prav.g_00136	Praq.g_01932
OG0001292	Prav.g_00139	Praq.g_01929
OG0001293	Prav.g_00141	Praq.g_01927
OG0001294	Prav.g_00158	Praq.g_01910
OG0001295	Prav.g_00184	Praq.g_01884
OG0001296	Prav.g_00190	Praq.g_01878
OG0001297	Prav.g_00839	Praq.g_01803
OG0001298	Prav.g_01890	Praq.g_01759
OG0001300	Prav.g_00992	Praq.g_01170
OG0001301	Prav.g_01235	Praq.g_00965
OG0001302	Prav.g_00350	Praq.g_00627
OG0001303	Prav.g_00355	Praq.g_00630
OG0001304	Prav.g_00924	Praq.g_01610
OG0001305	Prav.g_00929	Praq.g_01615
OG0001306	Prav.g_00244	Praq.g_01651
OG0001307	Prav.g_00254	Praq.g_01660
OG0001308	Prav.g_00014	Praq.g_01281
OG0001309	Prav.g_00016	Praq.g_01282
OG0001310	Prav.g_00024	Praq.g_01292
OG0001311	Prav.g_01853	Praq.g_01361
OG0001312	Prav.g_01457	Praq.g_00159
OG0001313	Prav.g_01673	Praq.g_00003
OG0001314	Prav.g_01784	Praq.g_00474
OG0001315	Prav.g_01819	Praq.g_00440
OG0001316	Prav.g_00667	Praq.g_00741
OG0001318	Prav.g_00206	Praq.g_01862
OG0001319	Prav.g_00800	Praq.g_01764
OG0001320	Prav.g_01065	Praq.g_00517
OG0001321	Prav.g_00357	Praq.g_00632
OG0001322	Prav.g_00376	Praq.g_00650
OG0001323	Prav.g_00227	Praq.g_01634
OG0001324	Prav.g_00262	Praq.g_01668
OG0001325	Prav.g_00017	Praq.g_01285
OG0001326	Prav.g_01406	Praq.g_00109
OG0001327	Prav.g_01408	Praq.g_00111
OG0001328	Prav.g_01443	Praq.g_00138
OG0001329	Prav.g_01493	Praq.g_00197
OG0001330	Prav.g_01666	Praq.g_00384
OG0001332	Prav.g_01808	Praq.g_00451
OG0001334	Prav.g_00691	Praq.g_00765
OG0001335	Prav.g_00728	Praq.g_00705
OG0001336	Prav.g_00193	Praq.g_01875
OG0001337	Prav.g_00183	Praq.g_01885
OG0001338	Prav.g_00211	Praq.g_01858
OG0001339	Prav.g_00835	Praq.g_01799
OG0001340	Prav.g_01895	Praq.g_01754
OG0001341	Prav.g_01908	Praq.g_01742
OG0001342	Prav.g_01926	Praq.g_01723
OG0001343	Prav.g_01985	Praq.g_01206
OG0001344	Prav.g_00995	Praq.g_01165
OG0001345	Prav.g_01033	Praq.g_01123
OG0001346	Prav.g_01070	Praq.g_00523
OG0001347	Prav.g_01084	Praq.g_00537
OG0001348	Prav.g_01102	Praq.g_01098
OG0001349	Prav.g_01107	Praq.g_01093
OG0001350	Prav.g_01112	Praq.g_01088
OG0001351	Prav.g_01174	Praq.g_01026
OG0001352	Prav.g_01280	Praq.g_00811
OG0001353	Prav.g_01311	Praq.g_00832
OG0001354	Prav.g_00380	Praq.g_00653
OG0001355	Prav.g_00437	Praq.g_01438
OG0001356	Prav.g_00481	Praq.g_01471
OG0001357	Prav.g_00584	Praq.g_01575
OG0001358	Prav.g_00908	Praq.g_01594
OG0001359	Prav.g_00037	Praq.g_01304
OG0001360	Prav.g_00038	Praq.g_01305
OG0001361	Prav.g_01831	Praq.g_01383
OG0001363	Prav.g_01506	Praq.g_00217
OG0001364	Prav.g_01648	Praq.g_00364
OG0001365	Prav.g_01504	Praq.g_00953
OG0001366	Prav.g_01798	Praq.g_00460
OG0001367	Prav.g_00285	Praq.g_00934
OG0001369	Prav.g_00910	Praq.g_01596
OG0001371	Prav.g_00132	Praq.g_01936
OG0001372	Prav.g_00133	Praq.g_01935
OG0001373	Prav.g_00140	Praq.g_01928
OG0001374	Prav.g_00152	Praq.g_01916
OG0001375	Prav.g_00200	Praq.g_01868
OG0001376	Prav.g_00804	Praq.g_01768
OG0001377	Prav.g_01903	Praq.g_01747
OG0001378	Prav.g_01919	Praq.g_01731
OG0001379	Prav.g_00981	Praq.g_01182
OG0001382	Prav.g_01058	Praq.g_00510
OG0001383	Prav.g_01109	Praq.g_01091
OG0001384	Prav.g_01117	Praq.g_01083
OG0001385	Prav.g_01264	Praq.g_00795
OG0001386	Prav.g_01272	Praq.g_00803
OG0001387	Prav.g_01274	Praq.g_00805
OG0001388	Prav.g_01284	Praq.g_00815
OG0001389	Prav.g_00311	Praq.g_00588
OG0001390	Prav.g_00344	Praq.g_00620
OG0001391	Prav.g_00382	Praq.g_00655
OG0001392	Prav.g_00480	Praq.g_01470
OG0001393	Prav.g_00482	Praq.g_01472
OG0001394	Prav.g_00504	Praq.g_01495
OG0001395	Prav.g_00507	Praq.g_01498
OG0001396	Prav.g_00946	Praq.g_01579
OG0001397	Prav.g_00918	Praq.g_01604
OG0001398	Prav.g_00937	Praq.g_01623
OG0001399	Prav.g_00225	Praq.g_01632
OG0001400	Prav.g_00234	Praq.g_01640
OG0001401	Prav.g_00241	Praq.g_01648
OG0001402	Prav.g_00051	Praq.g_01319
OG0001403	Prav.g_01439	Praq.g_00134
OG0001404	Prav.g_01464	Praq.g_00166
OG0001405	Prav.g_01474	Praq.g_00178
OG0001406	Prav.g_01617	Praq.g_00333
OG0001407	Prav.g_01620	Praq.g_00336
OG0001408	Prav.g_01667	Praq.g_00385
OG0001409	Prav.g_01680	Praq.g_00010
OG0001410	Prav.g_01693	Praq.g_00023
OG0001414	Prav.g_00126	Praq.g_01942
OG0001415	Prav.g_01972	Praq.g_01676
OG0001416	Prav.g_01119	Praq.g_01081
OG0001417	Prav.g_01273	Praq.g_00804
OG0001418	Prav.g_00358	Praq.g_00633
OG0001419	Prav.g_00386	Praq.g_00659
OG0001420	Prav.g_00484	Praq.g_01474
OG0001421	Prav.g_00488	Praq.g_01479
OG0001422	Prav.g_00231	Praq.g_01637
OG0001424	Prav.g_02005	Praq.g_01395
OG0001425	Prav.g_01686	Praq.g_00016
OG0001426	Prav.g_00771	Praq.g_00412
OG0001427	Prav.g_00991	Praq.g_01171
OG0001430	Prav.g_00901	Praq.g_01587
OG0001431	Prav.g_00232	Praq.g_01638
OG0001432	Prav.g_00235	Praq.g_01641
OG0001433	Prav.g_01394	Praq.g_00087
OG0001434	Prav.g_01717	Praq.g_00154
OG0001435	Prav.g_01679	Praq.g_00008
OG0001436	Prav.g_00957	Praq.g_00067
OG0001438	Prav.g_01218	Praq.g_00982
OG0001440	Prav.g_00912	Praq.g_01598
OG0001441	Prav.g_00009	Praq.g_01277
OG0001442	Prav.g_00026	Praq.g_01294
OG0001443	Prav.g_00048	Praq.g_01316
OG0001444	Prav.g_01862	Praq.g_01352
OG0001445	Prav.g_01882	Praq.g_00101
OG0001446	Prav.g_01885	Praq.g_00103
OG0001447	Prav.g_01886	Praq.g_00104
OG0001449	Prav.g_01558	Praq.g_00221
OG0001452	Prav.g_00748	Praq.g_00389
OG0001453	Prav.g_01710	Praq.g_00037
OG0001454	Prav.g_00986	Praq.g_01177
OG0001457	Prav.g_01300	Praq.g_00831
OG0001459	Prav.g_00374	Praq.g_00648
OG0001460	Prav.g_00459	Praq.g_01461
OG0001462	Prav.g_00900	Praq.g_01586
OG0001463	Prav.g_00223	Praq.g_01631
OG0001464	Prav.g_00230	Praq.g_01636
OG0001465	Prav.g_01403	Praq.g_00106
OG0001467	Prav.g_01575	Praq.g_00291
OG0001468	Prav.g_00660	Praq.g_00734
OG0001469	Prav.g_00063	Praq.g_01331
OG0001470	Prav.g_01966	Praq.g_01682
OG0001471	Prav.g_01021	Praq.g_01130
OG0001472	Prav.g_00458	Praq.g_01460
OG0001474	Prav.g_00468	Praq.g_00850
OG0001475	Prav.g_00219	Praq.g_01627
OG0001476	Prav.g_00220	Praq.g_01628
OG0001477	Prav.g_00221	Praq.g_01629
OG0001478	Prav.g_00228	Praq.g_01635
OG0001479	Prav.g_00257	Praq.g_01663
OG0001480	Prav.g_00003	Praq.g_01272
OG0001481	Prav.g_01865	Praq.g_01349
OG0001484	Prav.g_01507	Praq.g_00219
OG0001485	Prav.g_00265	Praq.g_00955
OG0001486	Prav.g_00518	Praq.g_01509
OG0001488	Prav.g_00866	Praq.g_01830
OG0001490	Prav.g_01011	Praq.g_01142
OG0001491	Prav.g_00371	Praq.g_00645
OG0001493	Prav.g_00469	Praq.g_00849
OG0001494	Prav.g_00470	Praq.g_00848
OG0001495	Prav.g_00471	Praq.g_00847
OG0001496	Prav.g_00472	Praq.g_00846
OG0001497	Prav.g_00473	Praq.g_00845
OG0001498	Prav.g_00474	Praq.g_00844
OG0001499	Prav.g_00475	Praq.g_00843
OG0001500	Prav.g_00476	Praq.g_00842
OG0001501	Prav.g_00477	Praq.g_00841
OG0001502	Prav.g_00478	Praq.g_00840
OG0001503	Prav.g_00479	Praq.g_00839
OG0001505	Prav.g_00891	Praq.g_01404
OG0001506	Prav.g_00249	Praq.g_01655
OG0001507	Prav.g_00047	Praq.g_01315
OG0001509	Prav.g_00286	Praq.g_00933
OG0001510	Prav.g_00652	Praq.g_00726
OG0001513	Prav.g_00170	Praq.g_01898
OG0001514	Prav.g_01018, Prav.g_01414	Praq.g_00116
OG0001515	Prav.g_00348	Praq.g_00625
OG0001516	Prav.g_00578	Praq.g_01569
OG0001517	Prav.g_00239	Praq.g_01645
OG0001520	Prav.g_00958	Praq.g_00066
OG0001521	Prav.g_00267	Praq.g_00952
OG0001523	Prav.g_00125	Praq.g_01943
OG0001524	Prav.g_00994	Praq.g_01167
OG0001525	Prav.g_01057	Praq.g_00508
OG0001526	Prav.g_00486	Praq.g_01477
OG0001528	Prav.g_01393	Praq.g_00086
OG0001529	Prav.g_01395	Praq.g_00089
OG0001532	Prav.g_00102	Praq.g_01238
OG0001533	Prav.g_01012	Praq.g_00851
OG0001536	Prav.g_00005	Praq.g_01274
OG0001537	Prav.g_00947, Prav.g_00889	Praq.g_00076
OG0001538	Prav.g_01405	Praq.g_00108
OG0001539	Prav.g_01419	Praq.g_00120
OG0001540	Prav.g_01420	Praq.g_00121
OG0001542	Prav.g_01683	Praq.g_00012
OG0001543	Prav.g_01692	Praq.g_00022
OG0001545	Prav.g_00495	Praq.g_01486
OG0001549	Prav.g_00191	Praq.g_01877
OG0001550	Prav.g_01953	Praq.g_01695
OG0001551	Prav.g_01977	Praq.g_01671
OG0001552	Prav.g_00988	Praq.g_01175
OG0001553	Prav.g_01004	Praq.g_01154
OG0001554	Prav.g_01005	Praq.g_01153
OG0001555	Prav.g_01055	Praq.g_00506
OG0001556	Prav.g_01067	Praq.g_00520
OG0001557	Prav.g_01275	Praq.g_00806
OG0001559	Prav.g_00349	Praq.g_00626
OG0001560	Prav.g_00368	Praq.g_00641
OG0001561	Prav.g_00460	Praq.g_01462
OG0001562	Prav.g_00899	Praq.g_01585
OG0001563	Prav.g_00237	Praq.g_01643
OG0001564	Prav.g_00238	Praq.g_01644
OG0001565	Prav.g_00240	Praq.g_01647
OG0001566	Prav.g_00243	Praq.g_01650
OG0001567	Prav.g_00250	Praq.g_01656
OG0001568	Prav.g_00002	Praq.g_01271
OG0001569	Prav.g_00006	Praq.g_01275
OG0001570	Prav.g_00012	Praq.g_01280
OG0001571	Prav.g_00020	Praq.g_01288
OG0001572	Prav.g_00029	Praq.g_01296
OG0001573	Prav.g_00032	Praq.g_01299
OG0001575	Prav.g_01401	Praq.g_00098
OG0001576	Prav.g_01411	Praq.g_00113
OG0001577	Prav.g_01470	Praq.g_00172
OG0001578	Prav.g_01472	Praq.g_00174
OG0001579	Prav.g_01559	Praq.g_00220
OG0001580	Prav.g_01517	Praq.g_00224
OG0001581	Prav.g_01515	Praq.g_00228
OG0001582	Prav.g_01661	Praq.g_00377
OG0001583	Prav.g_01662	Praq.g_00379
OG0001584	Prav.g_01663	Praq.g_00380
OG0001585	Prav.g_01672	Praq.g_00002
OG0001586	Prav.g_00708	Praq.g_00685
OG0001589	Prav.g_02004	Praq.g_01397
OG0001589	Prav.g_01315	Praq.g_00031
OG0001590	Prav.g_01939	Praq.g_01709
OG0001591	Prav.g_00982	Praq.g_01181
OG0001594	Prav.g_01066	Praq.g_00518
OG0001596	Prav.g_00351	Praq.g_00628
OG0001597	Prav.g_00462	Praq.g_01464
OG0001598	Prav.g_00485	Praq.g_01476
OG0001599	Prav.g_00041	Praq.g_01309
OG0001600	Prav.g_00042	Praq.g_01310
OG0001601	Prav.g_00043	Praq.g_01311
OG0001602	Prav.g_00044	Praq.g_01312
OG0001603	Prav.g_01722	Praq.g_01957
OG0001604	Prav.g_01774	Praq.g_00484
OG0001606	Prav.g_01986	Praq.g_01205
OG0001607	Prav.g_01367	Praq.g_00053
OG0001609	Prav.g_00987	Praq.g_01176
OG0001610	Prav.g_01299	Praq.g_00830
OG0001611	Prav.g_00331	Praq.g_00608
OG0001612	Prav.g_00372	Praq.g_00646
OG0001613	Prav.g_00466	Praq.g_01467
OG0001614	Prav.g_00582	Praq.g_01573
OG0001615	Prav.g_01377	Praq.g_00092
OG0001616	Prav.g_01332	Praq.g_00095
OG0001619	Prav.g_01462	Praq.g_00164
OG0001620	Prav.g_01553	Praq.g_00252
OG0001621	Prav.g_00361	Praq.g_00636
OG0001623	Prav.g_01983	Praq.g_01208
OG0001624	Prav.g_00464	Praq.g_01465
OG0001625	Prav.g_00894	Praq.g_01580
OG0001626	Prav.g_01378	Praq.g_00093
OG0001628	Prav.g_01703	Praq.g_00032
OG0001629	Prav.g_00942	Praq.g_00724
OG0001639	Prav.g_00175	Praq.g_01893
OG0001640	Prav.g_00858	Praq.g_01822
OG0001641	Prav.g_00983	Praq.g_01180
OG0001642	Prav.g_00985	Praq.g_01178
OG0001643	Prav.g_01006	Praq.g_01145
OG0001644	Prav.g_01007	Praq.g_01144
OG0001645	Prav.g_01009	Praq.g_01143
OG0001647	Prav.g_01064	Praq.g_00516
OG0001648	Prav.g_01157	Praq.g_01043
OG0001649	Prav.g_01163	Praq.g_01037
OG0001650	Prav.g_00305	Praq.g_00582
OG0001651	Prav.g_00340	Praq.g_00615
OG0001652	Prav.g_00342	Praq.g_00617
OG0001653	Prav.g_00369	Praq.g_00642
OG0001654	Prav.g_00370	Praq.g_00644
OG0001655	Prav.g_00379	Praq.g_00652
OG0001656	Prav.g_00402	Praq.g_00675
OG0001657	Prav.g_00453	Praq.g_01455
OG0001658	Prav.g_00465	Praq.g_01466
OG0001659	Prav.g_00511	Praq.g_01502
OG0001660	Prav.g_00895	Praq.g_01581
OG0001661	Prav.g_00898	Praq.g_01584
OG0001662	Prav.g_00903	Praq.g_01589
OG0001663	Prav.g_00920	Praq.g_01606
OG0001664	Prav.g_00921	Praq.g_01607
OG0001665	Prav.g_00218	Praq.g_01626
OG0001666	Prav.g_00222	Praq.g_01630
OG0001667	Prav.g_00226	Praq.g_01633
OG0001668	Prav.g_00233	Praq.g_01639
OG0001669	Prav.g_00245	Praq.g_01652
OG0001670	Prav.g_00246	Praq.g_01653
OG0001671	Prav.g_00253	Praq.g_01659
OG0001672	Prav.g_00258	Praq.g_01664
OG0001673	Prav.g_00259	Praq.g_01665
OG0001674	Prav.g_00260	Praq.g_01666
OG0001675	Prav.g_00018	Praq.g_01286
OG0001676	Prav.g_00023	Praq.g_01291
OG0001677	Prav.g_00040	Praq.g_01308
OG0001678	Prav.g_01834	Praq.g_01380
OG0001679	Prav.g_01826	Praq.g_01388
OG0001680	Prav.g_01382	Praq.g_00045
OG0001681	Prav.g_01412	Praq.g_00114
OG0001682	Prav.g_01417	Praq.g_00118
OG0001684	Prav.g_01660	Praq.g_00376
OG0001685	Prav.g_01665	Praq.g_00383
OG0001686	Prav.g_01668	Praq.g_00386
OG0001687	Prav.g_01674	Praq.g_00004
OG0001688	Prav.g_01677	Praq.g_00007
OG0001689	Prav.g_01682	Praq.g_00011
OG0001690	Prav.g_01684	Praq.g_00013
OG0001691	Prav.g_01685	Praq.g_00015
OG0001692	Prav.g_01766	Praq.g_00492
OG0001693	Prav.g_00747	Praq.g_00388
OG0001695	Prav.g_01511	Praq.g_00201
OG0001698	Prav.g_01094	Praq.g_01106
OG0001700	Prav.g_00334	Praq.g_00611
OG0001701	Prav.g_00337	Praq.g_00613
OG0001702	Prav.g_00356	Praq.g_00631
OG0001704	Prav.g_00896	Praq.g_01582
OG0001706	Prav.g_00022	Praq.g_01290
OG0001707	Prav.g_00045	Praq.g_01313
OG0001710	Prav.g_00897	Praq.g_01583
OG0001713	Prav.g_01508	Praq.g_00198
OG0001722	Prav.g_00332	Praq.g_00609
OG0001724	Prav.g_00384	Praq.g_00657
OG0001725	Prav.g_00461	Praq.g_01463
OG0001726	Prav.g_00011	Praq.g_01279
OG0001728	Prav.g_01418	Praq.g_00119
OG0001730	Prav.g_01509	Praq.g_00199
OG0001733	Prav.g_01002	Praq.g_01157
OG0001734	Prav.g_00304	Praq.g_00581
OG0001783	Prav.g_00112	Praq.g_01256
OG0001784	Prav.g_01122	Praq.g_01078
OG0001786	Prav.g_00426	Praq.g_01427
OG0001787	Prav.g_00025	Praq.g_01293
OG0001788	Prav.g_01884	Praq.g_00102
OG0001790	Prav.g_01398	Praq.g_00094
OG0001791	Prav.g_01399	Praq.g_00096
OG0001794	Prav.g_01709	Praq.g_01959
OG0001796	Prav.g_00028	Praq.g_01295
OG0001809	Prav.g_00359	Praq.g_00634
OG0001820	Prav.g_01404	Praq.g_00107
OG0001824	Prav.g_01676	Praq.g_00006
OG0001826	Prav.g_01719	Praq.g_00040
OG0001828	Prav.g_01389	Praq.g_00062
OG0001829	Prav.g_01706	Praq.g_00034
OG0001830	Prav.g_01510, Prav.g_01547	Praq.g_00200
OG0001837	Prav.g_01989	Praq.g_01202
OG0001841	Prav.g_01402	Praq.g_00099
OG0001845	Prav.g_01599	Praq.g_00315
OG0001849	Prav.g_01690	Praq.g_00020
OG0001859	Prav.g_01905	Praq.g_01745
OG0001872	Prav.g_01697	Praq.g_00027
OG0001873	Prav.g_00949, Prav.g_01366	Praq.g_00054
OG0001874	Prav.g_01728	Praq.g_00063
OG0001914	Prav.g_00888, Prav.g_00945	Praq.g_01139
OG0001953	Prav.g_00127	Praq.g_01941
OG0001956	Prav.g_00341	Praq.g_00616
OG0001960	Prav.g_01735	Praq.g_00725
OG0001962	Prav.g_01540	Praq.g_00269
OG0001963	Prav.g_01539	Praq.g_00268
OG0001964	Prav.g_01538	Praq.g_00267
OG0001982	Prav.g_00980	Praq.g_01183
OG0001985	Prav.g_01711	Praq.g_00048
OG0002030	Prav.g_00514	Praq.g_01505
OG0002055	Prav.g_01387	Praq.g_00082
OG0002120	Prav.g_00387	Praq.g_00660
OG0002189	Prav.g_01516	Praq.g_00229
OG0002196	Prav.g_01718, Prav.g_01696	Praq.g_00039
OG0002261	Prav.g_01320	Praq.g_00072
OG0002351	Prav.g_00347	Praq.g_00624
OG0002357	Prav.g_01371	Praq.g_00150
OG0002365	Prav.g_01733	Praq.g_00061
OG0002366	Prav.g_00972	Praq.g_01405
