Orthogroup	Syat	Syaa
OG0000001	Syat.g_02910, Syat.g_02911	Syaa.g_02435, Syaa.g_02438, Syaa.g_02437, Syaa.g_02436
OG0000001	Syat.g_02908, Syat.g_02909	Syaa.g_02439
OG0000001	Syat.g_01540	Syaa.g_02329
OG0000005	Syat.g_03065	Syaa.g_00534
OG0000005	Syat.g_03105	Syaa.g_00573
OG0000005	Syat.g_01038	Syaa.g_01449
OG0000006	Syat.g_00371	Syaa.g_01611
OG0000006	Syat.g_01439, Syat.g_01865	Syaa.g_01043, Syaa.g_02353, Syaa.g_02099
OG0000007	Syat.g_03191	Syaa.g_02032
OG0000007	Syat.g_03124	Syaa.g_00551
OG0000008	Syat.g_02626	Syaa.g_00918
OG0000008	Syat.g_02627	Syaa.g_00919
OG0000009	Syat.g_01567	Syaa.g_02378
OG0000010	Syat.g_01372	Syaa.g_01843
OG0000012	Syat.g_03313, Syat.g_02642, Syat.g_02987, Syat.g_00139, Syat.g_00143	Syaa.g_02304
OG0000013	Syat.g_01027	Syaa.g_02217
OG0000014	Syat.g_02104	Syaa.g_00222
OG0000014	Syat.g_02250	Syaa.g_00481
OG0000016	Syat.g_02329	Syaa.g_00014
OG0000016	Syat.g_00909	Syaa.g_00981
OG0000018	Syat.g_01334	Syaa.g_01801
OG0000019	Syat.g_01876	Syaa.g_00307
OG0000021	Syat.g_00964	Syaa.g_02627
OG0000022	Syat.g_00210	Syaa.g_01571
OG0000024	Syat.g_03394	Syaa.g_00922
OG0000025	Syat.g_00719	Syaa.g_00839
OG0000026	Syat.g_02306	Syaa.g_00038
OG0000027	Syat.g_00850	Syaa.g_01605, Syaa.g_00854
OG0000028	Syat.g_02126	Syaa.g_00205
OG0000030	Syat.g_00307	Syaa.g_00099
OG0000030	Syat.g_00308	Syaa.g_00098
OG0000031	Syat.g_02131	Syaa.g_00200
OG0000032	Syat.g_01354	Syaa.g_01818
OG0000033	Syat.g_02858	Syaa.g_02478, Syaa.g_00485
OG0000034	Syat.g_01165, Syat.g_02902	Syaa.g_00722, Syaa.g_02444
OG0000035	Syat.g_01227, Syat.g_01226	Syaa.g_01773
OG0000037	Syat.g_00849, Syat.g_00187	Syaa.g_02384
OG0000038	Syat.g_02688	Syaa.g_02596
OG0000039	Syat.g_01278	Syaa.g_00846
OG0000040	Syat.g_02551	Syaa.g_02690
OG0000042	Syat.g_00223, Syat.g_02222	Syaa.g_00103
OG0000044	Syat.g_00933, Syat.g_01910, Syat.g_00146, Syat.g_03333	Syaa.g_00363
OG0000045	Syat.g_00935	Syaa.g_01518
OG0000046	Syat.g_01626, Syat.g_01026	Syaa.g_02218
OG0000048	Syat.g_02046	Syaa.g_00275, Syaa.g_02719
OG0000052	Syat.g_02140	Syaa.g_00174
OG0000053	Syat.g_01330	Syaa.g_01797
OG0000054	Syat.g_00987, Syat.g_03390	Syaa.g_01502
OG0000055	Syat.g_00693	Syaa.g_01564
OG0000057	Syat.g_02055	Syaa.g_01466
OG0000058	Syat.g_02133, Syat.g_02238	Syaa.g_00193, Syaa.g_00455
OG0000059	Syat.g_01832	Syaa.g_02315
OG0000060	Syat.g_01384	Syaa.g_02053
OG0000060	Syat.g_01047	Syaa.g_01007
OG0000061	Syat.g_03260	Syaa.g_00770
OG0000062	Syat.g_03107	Syaa.g_00571
OG0000063	Syat.g_02303	Syaa.g_00042
OG0000064	Syat.g_01568	Syaa.g_02666
OG0000066	Syat.g_03283	Syaa.g_01968
OG0000067	Syat.g_00479, Syat.g_01324, Syat.g_02018, Syat.g_02874	Syaa.g_01154
OG0000068	Syat.g_00085, Syat.g_01295	Syaa.g_02059
OG0000069	Syat.g_00879	Syaa.g_01497
OG0000070	Syat.g_01032, Syat.g_01040	Syaa.g_00718
OG0000072	Syat.g_02856	Syaa.g_02480
OG0000073	Syat.g_03201	Syaa.g_02030
OG0000075	Syat.g_02497, Syat.g_01713, Syat.g_02154	Syaa.g_00157
OG0000076	Syat.g_02206	Syaa.g_00123
OG0000078	Syat.g_00184	Syaa.g_02103
OG0000079	Syat.g_01879	Syaa.g_00303
OG0000080	Syat.g_02246, Syat.g_02282, Syat.g_01200	Syaa.g_00487
OG0000081	Syat.g_00980	Syaa.g_02089, Syaa.g_01694
OG0000082	Syat.g_00035	Syaa.g_01905
OG0000085	Syat.g_03113	Syaa.g_00564
OG0000086	Syat.g_01531, Syat.g_00798, Syat.g_00635	Syaa.g_00324
OG0000087	Syat.g_02912	Syaa.g_02433
OG0000088	Syat.g_02862	Syaa.g_02474
OG0000089	Syat.g_02953	Syaa.g_02149
OG0000090	Syat.g_03270	Syaa.g_01980
OG0000091	Syat.g_00939, Syat.g_00862	Syaa.g_01625
OG0000094	Syat.g_00698	Syaa.g_01288
OG0000095	Syat.g_00808	Syaa.g_00879
OG0000098	Syat.g_03281	Syaa.g_01970
OG0000099	Syat.g_02130	Syaa.g_00202
OG0000100	Syat.g_00517	Syaa.g_01201
OG0000102	Syat.g_00974	Syaa.g_00118
OG0000104	Syat.g_02385	Syaa.g_02754
OG0000105	Syat.g_02052	Syaa.g_00270
OG0000106	Syat.g_00957	Syaa.g_01439
OG0000107	Syat.g_02009, Syat.g_01862	Syaa.g_02351
OG0000108	Syat.g_03170	Syaa.g_02051
OG0000109	Syat.g_03187	Syaa.g_02036
OG0000110	Syat.g_00049	Syaa.g_01918
OG0000111	Syat.g_00816	Syaa.g_00888
OG0000112	Syat.g_00593	Syaa.g_01366
OG0000113	Syat.g_00509	Syaa.g_01196
OG0000114	Syat.g_00426	Syaa.g_01094
OG0000115	Syat.g_01328	Syaa.g_01795
OG0000116	Syat.g_02641	Syaa.g_00757
OG0000117	Syat.g_00224	Syaa.g_01009
OG0000118	Syat.g_01168	Syaa.g_01874
OG0000119	Syat.g_00309	Syaa.g_00785
OG0000120	Syat.g_02132	Syaa.g_00201
OG0000121	Syat.g_01223	Syaa.g_01777
OG0000123	Syat.g_01653	Syaa.g_02242
OG0000124	Syat.g_02231	Syaa.g_00092
OG0000125	Syat.g_02684	Syaa.g_02598
OG0000126	Syat.g_00976	Syaa.g_02752
OG0000127	Syat.g_00175	Syaa.g_00377, Syaa.g_00390
OG0000128	Syat.g_02331	Syaa.g_00012
OG0000129	Syat.g_02693, Syat.g_02694	Syaa.g_02586
OG0000130	Syat.g_01469	Syaa.g_00354
OG0000131	Syat.g_02898	Syaa.g_02448
OG0000132	Syat.g_02864	Syaa.g_02472
OG0000133	Syat.g_00588	Syaa.g_01361
OG0000134	Syat.g_02956	Syaa.g_02146
OG0000135	Syat.g_02501	Syaa.g_02649
OG0000136	Syat.g_01292	Syaa.g_00708
OG0000137	Syat.g_01371	Syaa.g_01842
OG0000138	Syat.g_03188	Syaa.g_02035
OG0000139	Syat.g_03276	Syaa.g_01974
OG0000140	Syat.g_03280	Syaa.g_01971
OG0000141	Syat.g_03398	Syaa.g_01689
OG0000142	Syat.g_00117	Syaa.g_01633
OG0000143	Syat.g_00130	Syaa.g_01629
OG0000144	Syat.g_00369	Syaa.g_01446
OG0000145	Syat.g_03202	Syaa.g_02029
OG0000146	Syat.g_00594	Syaa.g_01367
OG0000147	Syat.g_00595	Syaa.g_01368
OG0000148	Syat.g_00503	Syaa.g_01190
OG0000149	Syat.g_00747	Syaa.g_00826
OG0000150	Syat.g_03399	Syaa.g_01688
OG0000151	Syat.g_00801, Syat.g_00440	Syaa.g_01107
OG0000152	Syat.g_00578	Syaa.g_01357
OG0000153	Syat.g_00542	Syaa.g_01324
OG0000154	Syat.g_00708	Syaa.g_01298
OG0000155	Syat.g_00287	Syaa.g_00804
OG0000156	Syat.g_03228	Syaa.g_00751
OG0000157	Syat.g_02012, Syat.g_03227	Syaa.g_00750
OG0000158	Syat.g_02163	Syaa.g_00148
OG0000159	Syat.g_01187	Syaa.g_00456
OG0000160	Syat.g_01224	Syaa.g_01776
OG0000161	Syat.g_01180	Syaa.g_01782
OG0000162	Syat.g_01281	Syaa.g_01788
OG0000163	Syat.g_02979	Syaa.g_00624
OG0000165	Syat.g_03033	Syaa.g_00681
OG0000166	Syat.g_01822	Syaa.g_02289
OG0000167	Syat.g_02148	Syaa.g_00160
OG0000168	Syat.g_02164	Syaa.g_00145
OG0000169	Syat.g_02192	Syaa.g_00134
OG0000170	Syat.g_02201	Syaa.g_00128
OG0000171	Syat.g_02230	Syaa.g_00093
OG0000172	Syat.g_02260	Syaa.g_00079
OG0000173	Syat.g_02284	Syaa.g_00060
OG0000174	Syat.g_02504	Syaa.g_02651
OG0000175	Syat.g_02416	Syaa.g_02726
OG0000176	Syat.g_02372	Syaa.g_00004
OG0000177	Syat.g_02338	Syaa.g_00005
OG0000178	Syat.g_02337	Syaa.g_00006
OG0000179	Syat.g_02322	Syaa.g_00023
OG0000180	Syat.g_02321	Syaa.g_00024
OG0000181	Syat.g_02320	Syaa.g_00025
OG0000182	Syat.g_02319	Syaa.g_00026
OG0000183	Syat.g_02315	Syaa.g_00030
OG0000184	Syat.g_02704	Syaa.g_02578
OG0000185	Syat.g_02719	Syaa.g_02575
OG0000186	Syat.g_01463	Syaa.g_00359
OG0000187	Syat.g_01467	Syaa.g_00358
OG0000188	Syat.g_01489	Syaa.g_00334
OG0000189	Syat.g_00386, Syat.g_01557	Syaa.g_02367
OG0000190	Syat.g_00330	Syaa.g_02369
OG0000191	Syat.g_03344, Syat.g_02939	Syaa.g_02404
OG0000192	Syat.g_02933	Syaa.g_02410
OG0000193	Syat.g_02897	Syaa.g_02449
OG0000194	Syat.g_02894	Syaa.g_02452
OG0000196	Syat.g_02867	Syaa.g_02469
OG0000197	Syat.g_02866	Syaa.g_02470
OG0000198	Syat.g_02865	Syaa.g_02471
OG0000199	Syat.g_02857	Syaa.g_02479
OG0000200	Syat.g_02840	Syaa.g_02496
OG0000201	Syat.g_02821	Syaa.g_02521
OG0000202	Syat.g_02820	Syaa.g_02522
OG0000203	Syat.g_02819	Syaa.g_02523
OG0000204	Syat.g_02818	Syaa.g_02524
OG0000205	Syat.g_02809	Syaa.g_02531
OG0000206	Syat.g_02785	Syaa.g_02538
OG0000207	Syat.g_02778	Syaa.g_02540
OG0000208	Syat.g_02777	Syaa.g_02541
OG0000209	Syat.g_02735	Syaa.g_02556
OG0000210	Syat.g_02734	Syaa.g_02557
OG0000211	Syat.g_01452	Syaa.g_02113
OG0000212	Syat.g_01442	Syaa.g_02102
OG0000213	Syat.g_01889	Syaa.g_00295
OG0000214	Syat.g_02042	Syaa.g_00279
OG0000215	Syat.g_02075	Syaa.g_00248
OG0000216	Syat.g_02079	Syaa.g_00244
OG0000217	Syat.g_02085	Syaa.g_00240
OG0000218	Syat.g_02087	Syaa.g_00238
OG0000219	Syat.g_02088	Syaa.g_00237
OG0000220	Syat.g_02089	Syaa.g_00236
OG0000221	Syat.g_02095	Syaa.g_00229
OG0000222	Syat.g_02109	Syaa.g_00215
OG0000223	Syat.g_02570	Syaa.g_00192
OG0000224	Syat.g_02139	Syaa.g_00183
OG0000225	Syat.g_01595	Syaa.g_02166
OG0000226	Syat.g_01588	Syaa.g_02162
OG0000228	Syat.g_02952	Syaa.g_02150
OG0000229	Syat.g_02970	Syaa.g_00703
OG0000230	Syat.g_02972	Syaa.g_00705
OG0000231	Syat.g_01283	Syaa.g_00717
OG0000232	Syat.g_01313	Syaa.g_01858
OG0000233	Syat.g_01407	Syaa.g_01853
OG0000234	Syat.g_01369	Syaa.g_01841
OG0000235	Syat.g_03169	Syaa.g_02052
OG0000236	Syat.g_03186	Syaa.g_02037
OG0000237	Syat.g_03214	Syaa.g_02020
OG0000238	Syat.g_03219	Syaa.g_02015
OG0000239	Syat.g_01105	Syaa.g_01996
OG0000240	Syat.g_01104	Syaa.g_01995
OG0000241	Syat.g_00111	Syaa.g_01644
OG0000242	Syat.g_01077	Syaa.g_01982
OG0000243	Syat.g_00092	Syaa.g_01960
OG0000244	Syat.g_00082	Syaa.g_01954
OG0000245	Syat.g_00080	Syaa.g_01952
OG0000246	Syat.g_00076	Syaa.g_01948
OG0000247	Syat.g_00065	Syaa.g_01937
OG0000248	Syat.g_00062	Syaa.g_01934
OG0000249	Syat.g_00060	Syaa.g_01932
OG0000250	Syat.g_00053	Syaa.g_01922
OG0000251	Syat.g_00027	Syaa.g_01897
OG0000252	Syat.g_00022	Syaa.g_01894
OG0000253	Syat.g_00021	Syaa.g_01893
OG0000254	Syat.g_03407	Syaa.g_01684
OG0000255	Syat.g_02405	Syaa.g_01668
OG0000256	Syat.g_03306	Syaa.g_01651
OG0000257	Syat.g_00109	Syaa.g_01645
OG0000258	Syat.g_00382	Syaa.g_01624
OG0000259	Syat.g_00342	Syaa.g_01063
OG0000260	Syat.g_00392	Syaa.g_01066
OG0000261	Syat.g_00400	Syaa.g_01069
OG0000262	Syat.g_00407	Syaa.g_01074
OG0000263	Syat.g_00200	Syaa.g_00989
OG0000266	Syat.g_00671	Syaa.g_01257, Syaa.g_01258
OG0000267	Syat.g_00636	Syaa.g_01409
OG0000268	Syat.g_00634	Syaa.g_01408
OG0000269	Syat.g_00474, Syat.g_00126	Syaa.g_01149
OG0000270	Syat.g_00477	Syaa.g_01152
OG0000271	Syat.g_00485	Syaa.g_01160
OG0000272	Syat.g_00486	Syaa.g_01161
OG0000274	Syat.g_00521	Syaa.g_00843
OG0000275	Syat.g_00718	Syaa.g_00840
OG0000276	Syat.g_00725	Syaa.g_00834
OG0000278	Syat.g_00741	Syaa.g_00830
OG0000279	Syat.g_00755	Syaa.g_00822
OG0000280	Syat.g_01669	Syaa.g_00815
OG0000282	Syat.g_00431	Syaa.g_01096
OG0000283	Syat.g_00620	Syaa.g_01396
OG0000284	Syat.g_00614	Syaa.g_01390
OG0000285	Syat.g_00607	Syaa.g_01377
OG0000286	Syat.g_00579	Syaa.g_01358
OG0000287	Syat.g_00550	Syaa.g_01330
OG0000288	Syat.g_00709	Syaa.g_01299
OG0000289	Syat.g_00695	Syaa.g_01285
OG0000290	Syat.g_00805	Syaa.g_00875
OG0000291	Syat.g_00807	Syaa.g_00877
OG0000292	Syat.g_02388	Syaa.g_02751
OG0000293	Syat.g_03241	Syaa.g_00758
OG0000294	Syat.g_03248	Syaa.g_00759
OG0000295	Syat.g_00297	Syaa.g_00796
OG0000296	Syat.g_00295	Syaa.g_00798
OG0000297	Syat.g_00226	Syaa.g_01021
OG0000298	Syat.g_00225	Syaa.g_01010
OG0000299	Syat.g_00910	Syaa.g_00982
OG0000300	Syat.g_00904	Syaa.g_00976
OG0000301	Syat.g_00903	Syaa.g_00975
OG0000302	Syat.g_00901	Syaa.g_00972
OG0000303	Syat.g_00892	Syaa.g_00963
OG0000304	Syat.g_00885	Syaa.g_00957
OG0000305	Syat.g_00809	Syaa.g_00881
OG0000306	Syat.g_01704	Syaa.g_00807
OG0000307	Syat.g_01304	Syaa.g_02068
OG0000308	Syat.g_01306	Syaa.g_02070
OG0000309	Syat.g_01417	Syaa.g_02075
OG0000310	Syat.g_01246	Syaa.g_01752
OG0000311	Syat.g_01242	Syaa.g_01757
OG0000312	Syat.g_01237	Syaa.g_01762
OG0000313	Syat.g_01183	Syaa.g_01779
OG0000314	Syat.g_01341	Syaa.g_01806
OG0000315	Syat.g_01351	Syaa.g_01816
OG0000316	Syat.g_03082	Syaa.g_00598
OG0000317	Syat.g_03120	Syaa.g_00556
OG0000318	Syat.g_03125	Syaa.g_00550
OG0000319	Syat.g_03055	Syaa.g_00532
OG0000320	Syat.g_03053	Syaa.g_00530
OG0000321	Syat.g_03052	Syaa.g_00529
OG0000322	Syat.g_03051	Syaa.g_00528
OG0000323	Syat.g_03038	Syaa.g_00496
OG0000324	Syat.g_02998	Syaa.g_00653
OG0000325	Syat.g_01861	Syaa.g_02350
OG0000326	Syat.g_01854	Syaa.g_02343
OG0000327	Syat.g_01827	Syaa.g_02294
OG0000328	Syat.g_01826	Syaa.g_02293
OG0000329	Syat.g_01808	Syaa.g_02275
OG0000330	Syat.g_01807	Syaa.g_02274
OG0000331	Syat.g_01806	Syaa.g_02273
OG0000333	Syat.g_01787	Syaa.g_02255
OG0000334	Syat.g_01657	Syaa.g_02246
OG0000335	Syat.g_01652	Syaa.g_02241
OG0000336	Syat.g_01648	Syaa.g_02237
OG0000337	Syat.g_02144	Syaa.g_00167
OG0000338	Syat.g_02146	Syaa.g_00162
OG0000339	Syat.g_02155, Syat.g_01055	Syaa.g_00156
OG0000340	Syat.g_02165	Syaa.g_00144
OG0000341	Syat.g_02167	Syaa.g_00142
OG0000342	Syat.g_02168	Syaa.g_00141
OG0000343	Syat.g_02185	Syaa.g_00140
OG0000344	Syat.g_02189	Syaa.g_00136
OG0000345	Syat.g_02202	Syaa.g_00127
OG0000346	Syat.g_02207	Syaa.g_00122
OG0000347	Syat.g_02234	Syaa.g_00088
OG0000348	Syat.g_02264	Syaa.g_00071
OG0000349	Syat.g_02291	Syaa.g_00053
OG0000350	Syat.g_01847	Syaa.g_02336
OG0000351	Syat.g_02411	Syaa.g_02730
OG0000352	Syat.g_02410	Syaa.g_02731
OG0000353	Syat.g_00955, Syat.g_02377	Syaa.g_02757
OG0000354	Syat.g_03225	Syaa.g_02008, Syaa.g_02009
OG0000354	Syat.g_02325	Syaa.g_00019, Syaa.g_00020
OG0000355	Syat.g_02375	Syaa.g_00001
OG0000356	Syat.g_02374	Syaa.g_00002
OG0000357	Syat.g_02373	Syaa.g_00003
OG0000358	Syat.g_02336	Syaa.g_00007
OG0000359	Syat.g_02334	Syaa.g_00009
OG0000360	Syat.g_02333	Syaa.g_00010
OG0000361	Syat.g_02332	Syaa.g_00011
OG0000362	Syat.g_02330	Syaa.g_00013
OG0000363	Syat.g_02328	Syaa.g_00015
OG0000364	Syat.g_03122	Syaa.g_00016
OG0000365	Syat.g_02318	Syaa.g_00027
OG0000366	Syat.g_02317	Syaa.g_00028
OG0000367	Syat.g_02316	Syaa.g_00029
OG0000368	Syat.g_02314	Syaa.g_00031
OG0000369	Syat.g_02313	Syaa.g_00032
OG0000370	Syat.g_02312	Syaa.g_00033
OG0000371	Syat.g_02304	Syaa.g_00041
OG0000372	Syat.g_02298	Syaa.g_00046
OG0000373	Syat.g_02297	Syaa.g_00047
OG0000374	Syat.g_02296	Syaa.g_00048
OG0000375	Syat.g_02295	Syaa.g_00049
OG0000376	Syat.g_02293	Syaa.g_00051
OG0000377	Syat.g_02695	Syaa.g_02585
OG0000378	Syat.g_02715	Syaa.g_02577
OG0000379	Syat.g_02720	Syaa.g_02574
OG0000380	Syat.g_01468	Syaa.g_00357
OG0000381	Syat.g_01470	Syaa.g_00353
OG0000382	Syat.g_01488	Syaa.g_00335
OG0000383	Syat.g_01521	Syaa.g_00333
OG0000384	Syat.g_01522	Syaa.g_00332
OG0000385	Syat.g_01523	Syaa.g_00331
OG0000386	Syat.g_01524	Syaa.g_00330
OG0000387	Syat.g_01561	Syaa.g_02371
OG0000388	Syat.g_01565	Syaa.g_02375
OG0000389	Syat.g_01569	Syaa.g_02379
OG0000390	Syat.g_02945	Syaa.g_02398
OG0000391	Syat.g_02940	Syaa.g_02403
OG0000392	Syat.g_02934	Syaa.g_02409
OG0000393	Syat.g_02931	Syaa.g_02412
OG0000394	Syat.g_02930	Syaa.g_02413
OG0000395	Syat.g_02929	Syaa.g_02414
OG0000396	Syat.g_02927	Syaa.g_02417
OG0000397	Syat.g_02925	Syaa.g_02419
OG0000398	Syat.g_02920	Syaa.g_02424
OG0000399	Syat.g_02919	Syaa.g_02425
OG0000400	Syat.g_02918	Syaa.g_02426
OG0000401	Syat.g_02917	Syaa.g_02427
OG0000402	Syat.g_02915	Syaa.g_02429
OG0000403	Syat.g_02914	Syaa.g_02430
OG0000404	Syat.g_02913	Syaa.g_02431
OG0000405	Syat.g_02900	Syaa.g_02446
OG0000406	Syat.g_02896	Syaa.g_02450
OG0000407	Syat.g_02895	Syaa.g_02451
OG0000408	Syat.g_02893	Syaa.g_02458
OG0000409	Syat.g_02891	Syaa.g_02460
OG0000410	Syat.g_02890	Syaa.g_02461
OG0000411	Syat.g_02889	Syaa.g_02462
OG0000412	Syat.g_02888	Syaa.g_02463
OG0000413	Syat.g_02886	Syaa.g_02465
OG0000415	Syat.g_02884	Syaa.g_02466
OG0000416	Syat.g_02883	Syaa.g_02467
OG0000417	Syat.g_02868	Syaa.g_02468
OG0000418	Syat.g_02863	Syaa.g_02473
OG0000419	Syat.g_02861	Syaa.g_02475
OG0000420	Syat.g_02859	Syaa.g_02477
OG0000421	Syat.g_02855	Syaa.g_02482
OG0000422	Syat.g_02854	Syaa.g_02483
OG0000423	Syat.g_02853	Syaa.g_02484
OG0000424	Syat.g_02852	Syaa.g_02485
OG0000425	Syat.g_02851	Syaa.g_02486
OG0000426	Syat.g_02850	Syaa.g_02487
OG0000427	Syat.g_02849	Syaa.g_02488
OG0000428	Syat.g_02846	Syaa.g_02491
OG0000429	Syat.g_02843	Syaa.g_02493
OG0000430	Syat.g_02841	Syaa.g_02495
OG0000431	Syat.g_02838	Syaa.g_02498
OG0000432	Syat.g_02832	Syaa.g_02504
OG0000433	Syat.g_02829	Syaa.g_02513
OG0000434	Syat.g_02828	Syaa.g_02514
OG0000435	Syat.g_02824	Syaa.g_02516
OG0000436	Syat.g_02817	Syaa.g_02525
OG0000437	Syat.g_02558	Syaa.g_02526
OG0000438	Syat.g_02813	Syaa.g_02527
OG0000439	Syat.g_02811	Syaa.g_02529
OG0000440	Syat.g_02810	Syaa.g_02530
OG0000441	Syat.g_02807	Syaa.g_02534
OG0000442	Syat.g_02797	Syaa.g_02535
OG0000443	Syat.g_02787	Syaa.g_02536
OG0000444	Syat.g_02756	Syaa.g_02542
OG0000445	Syat.g_02755	Syaa.g_02543
OG0000446	Syat.g_02753	Syaa.g_02545
OG0000447	Syat.g_02749	Syaa.g_02548
OG0000448	Syat.g_02748	Syaa.g_02549
OG0000449	Syat.g_02747	Syaa.g_02550
OG0000450	Syat.g_02738	Syaa.g_02553
OG0000451	Syat.g_02737	Syaa.g_02554
OG0000452	Syat.g_02732	Syaa.g_02558
OG0000453	Syat.g_02731	Syaa.g_02559
OG0000454	Syat.g_02730	Syaa.g_02560
OG0000455	Syat.g_02729	Syaa.g_02561
OG0000456	Syat.g_02728	Syaa.g_02562
OG0000457	Syat.g_02726	Syaa.g_02564
OG0000458	Syat.g_02725	Syaa.g_02565
OG0000459	Syat.g_02724	Syaa.g_02566
OG0000460	Syat.g_01450	Syaa.g_02111
OG0000461	Syat.g_01866	Syaa.g_00318
OG0000462	Syat.g_01868	Syaa.g_00315
OG0000463	Syat.g_01869	Syaa.g_00314
OG0000464	Syat.g_01870	Syaa.g_00313
OG0000465	Syat.g_01872	Syaa.g_00311
OG0000466	Syat.g_01877	Syaa.g_00306
OG0000467	Syat.g_01878	Syaa.g_00304
OG0000468	Syat.g_01884	Syaa.g_00299
OG0000469	Syat.g_02000	Syaa.g_00285
OG0000470	Syat.g_02038	Syaa.g_00283
OG0000471	Syat.g_02039	Syaa.g_00282
OG0000472	Syat.g_02041	Syaa.g_00280
OG0000473	Syat.g_02043	Syaa.g_00278
OG0000474	Syat.g_02044	Syaa.g_00277
OG0000475	Syat.g_02045	Syaa.g_00276
OG0000476	Syat.g_02047	Syaa.g_00274
OG0000477	Syat.g_02053	Syaa.g_00268
OG0000478	Syat.g_02054	Syaa.g_00267
OG0000479	Syat.g_02056	Syaa.g_00266
OG0000480	Syat.g_02063	Syaa.g_00259
OG0000481	Syat.g_02066	Syaa.g_00257
OG0000482	Syat.g_02067	Syaa.g_00256
OG0000483	Syat.g_02071	Syaa.g_00252
OG0000484	Syat.g_02072	Syaa.g_00251
OG0000485	Syat.g_02073	Syaa.g_00250
OG0000486	Syat.g_02074	Syaa.g_00249
OG0000487	Syat.g_02080	Syaa.g_00243
OG0000488	Syat.g_02086	Syaa.g_00239
OG0000489	Syat.g_02097	Syaa.g_00228
OG0000490	Syat.g_02106	Syaa.g_00220
OG0000491	Syat.g_02107	Syaa.g_00218
OG0000492	Syat.g_02110	Syaa.g_00214
OG0000493	Syat.g_02111	Syaa.g_00213
OG0000494	Syat.g_02112	Syaa.g_00212
OG0000495	Syat.g_02120	Syaa.g_00211
OG0000496	Syat.g_02121	Syaa.g_00210
OG0000497	Syat.g_02122	Syaa.g_00209
OG0000498	Syat.g_02123	Syaa.g_00208
OG0000499	Syat.g_02124	Syaa.g_00207
OG0000500	Syat.g_02125	Syaa.g_00206
OG0000501	Syat.g_02128	Syaa.g_00203
OG0000502	Syat.g_02135	Syaa.g_00190
OG0000503	Syat.g_01614	Syaa.g_02182
OG0000504	Syat.g_01612	Syaa.g_02180
OG0000505	Syat.g_01611	Syaa.g_02179
OG0000506	Syat.g_01609	Syaa.g_02177
OG0000507	Syat.g_01603	Syaa.g_02171
OG0000508	Syat.g_01596	Syaa.g_02167
OG0000509	Syat.g_01591	Syaa.g_02165
OG0000510	Syat.g_01590	Syaa.g_02164
OG0000511	Syat.g_01589	Syaa.g_02163
OG0000512	Syat.g_01587	Syaa.g_02161
OG0000513	Syat.g_02957	Syaa.g_02145
OG0000514	Syat.g_02962	Syaa.g_02118
OG0000515	Syat.g_02963	Syaa.g_02117
OG0000516	Syat.g_02965	Syaa.g_00698
OG0000517	Syat.g_02969	Syaa.g_00702
OG0000518	Syat.g_01286	Syaa.g_00714
OG0000519	Syat.g_01285	Syaa.g_00715
OG0000520	Syat.g_01284	Syaa.g_00716
OG0000521	Syat.g_01319	Syaa.g_01864
OG0000522	Syat.g_01317	Syaa.g_01862
OG0000523	Syat.g_01316	Syaa.g_01859
OG0000524	Syat.g_01409	Syaa.g_01856
OG0000525	Syat.g_01382	Syaa.g_01851
OG0000526	Syat.g_01380	Syaa.g_01848
OG0000527	Syat.g_01373	Syaa.g_01844
OG0000528	Syat.g_03167	Syaa.g_02054
OG0000529	Syat.g_03171	Syaa.g_02050
OG0000530	Syat.g_03174	Syaa.g_02047
OG0000531	Syat.g_03175	Syaa.g_02046
OG0000532	Syat.g_03178	Syaa.g_02043
OG0000533	Syat.g_03180	Syaa.g_02042
OG0000534	Syat.g_03181	Syaa.g_02041
OG0000535	Syat.g_03182	Syaa.g_02040
OG0000536	Syat.g_03183	Syaa.g_02039
OG0000537	Syat.g_03185	Syaa.g_02038
OG0000538	Syat.g_03204	Syaa.g_02027
OG0000539	Syat.g_03206	Syaa.g_02026
OG0000540	Syat.g_03207	Syaa.g_02025
OG0000541	Syat.g_03208	Syaa.g_02024
OG0000542	Syat.g_03213	Syaa.g_02021
OG0000543	Syat.g_03215	Syaa.g_02019
OG0000544	Syat.g_03216	Syaa.g_02018
OG0000545	Syat.g_03218	Syaa.g_02016
OG0000546	Syat.g_03220	Syaa.g_02014
OG0000547	Syat.g_03222	Syaa.g_02012
OG0000548	Syat.g_03223	Syaa.g_02011
OG0000549	Syat.g_01795	Syaa.g_02003
OG0000550	Syat.g_01107	Syaa.g_01998
OG0000551	Syat.g_01103	Syaa.g_01993
OG0000552	Syat.g_01102	Syaa.g_01992
OG0000553	Syat.g_01098	Syaa.g_01990
OG0000554	Syat.g_03271	Syaa.g_01979
OG0000555	Syat.g_00093	Syaa.g_01961
OG0000556	Syat.g_00088	Syaa.g_01957
OG0000557	Syat.g_00083	Syaa.g_01955
OG0000558	Syat.g_00081	Syaa.g_01953
OG0000559	Syat.g_00077	Syaa.g_01949
OG0000560	Syat.g_00074	Syaa.g_01946
OG0000561	Syat.g_00073	Syaa.g_01945
OG0000562	Syat.g_00072	Syaa.g_01944
OG0000563	Syat.g_00071	Syaa.g_01943
OG0000564	Syat.g_00070	Syaa.g_01942
OG0000565	Syat.g_00067	Syaa.g_01939
OG0000566	Syat.g_00063	Syaa.g_01935
OG0000567	Syat.g_00059	Syaa.g_01931
OG0000568	Syat.g_00057	Syaa.g_01928
OG0000569	Syat.g_00056	Syaa.g_01925
OG0000570	Syat.g_00055	Syaa.g_01924
OG0000571	Syat.g_00052	Syaa.g_01920
OG0000572	Syat.g_00033	Syaa.g_01904
OG0000573	Syat.g_00024	Syaa.g_01896
OG0000574	Syat.g_00023	Syaa.g_01895
OG0000575	Syat.g_00018	Syaa.g_01891
OG0000576	Syat.g_00014	Syaa.g_01889
OG0000577	Syat.g_00013	Syaa.g_01888
OG0000578	Syat.g_00012	Syaa.g_01887
OG0000579	Syat.g_00011	Syaa.g_01886
OG0000580	Syat.g_00010	Syaa.g_01885
OG0000581	Syat.g_00003	Syaa.g_01879
OG0000582	Syat.g_03403	Syaa.g_01687
OG0000583	Syat.g_03404	Syaa.g_01686
OG0000584	Syat.g_03405	Syaa.g_01685
OG0000585	Syat.g_03408	Syaa.g_01683
OG0000586	Syat.g_03409	Syaa.g_01682
OG0000587	Syat.g_00001	Syaa.g_01680
OG0000588	Syat.g_00338	Syaa.g_01666
OG0000589	Syat.g_03318	Syaa.g_01662
OG0000590	Syat.g_03317	Syaa.g_01661
OG0000591	Syat.g_03308	Syaa.g_01653
OG0000592	Syat.g_03307	Syaa.g_01652
OG0000593	Syat.g_00113	Syaa.g_01638
OG0000594	Syat.g_00114	Syaa.g_01637
OG0000595	Syat.g_00115	Syaa.g_01636
OG0000596	Syat.g_00129	Syaa.g_01630
OG0000597	Syat.g_00132	Syaa.g_01627
OG0000598	Syat.g_00133	Syaa.g_01626
OG0000599	Syat.g_00381	Syaa.g_01623
OG0000600	Syat.g_00380	Syaa.g_01622
OG0000601	Syat.g_00379	Syaa.g_01621
OG0000602	Syat.g_00375	Syaa.g_01616
OG0000603	Syat.g_00374	Syaa.g_01615
OG0000604	Syat.g_00372	Syaa.g_01612
OG0000605	Syat.g_00370	Syaa.g_01447
OG0000606	Syat.g_00367	Syaa.g_01055
OG0000607	Syat.g_00364	Syaa.g_01058
OG0000608	Syat.g_00363	Syaa.g_01059
OG0000609	Syat.g_00344	Syaa.g_01061
OG0000610	Syat.g_00399	Syaa.g_01068
OG0000611	Syat.g_00402	Syaa.g_01071
OG0000612	Syat.g_00403	Syaa.g_01072
OG0000613	Syat.g_02129	Syaa.g_00199
OG0000614	Syat.g_01084	Syaa.g_00906
OG0000615	Syat.g_00442	Syaa.g_01113
OG0000616	Syat.g_02397	Syaa.g_02742
OG0000617	Syat.g_00665	Syaa.g_01244
OG0000618	Syat.g_00666	Syaa.g_01245
OG0000619	Syat.g_00667	Syaa.g_01246
OG0000620	Syat.g_02591	Syaa.g_01259
OG0000621	Syat.g_02590	Syaa.g_01260
OG0000622	Syat.g_02572	Syaa.g_01261
OG0000623	Syat.g_00672	Syaa.g_01262
OG0000624	Syat.g_00673	Syaa.g_01264
OG0000625	Syat.g_00674	Syaa.g_01265
OG0000626	Syat.g_00675	Syaa.g_01266
OG0000627	Syat.g_00641	Syaa.g_01414
OG0000628	Syat.g_00640	Syaa.g_01413
OG0000629	Syat.g_00637	Syaa.g_01410
OG0000630	Syat.g_00631	Syaa.g_01406
OG0000631	Syat.g_00624	Syaa.g_01400
OG0000632	Syat.g_00623	Syaa.g_01399
OG0000633	Syat.g_00622	Syaa.g_01397
OG0000634	Syat.g_00475	Syaa.g_01150
OG0000635	Syat.g_00476	Syaa.g_01151
OG0000636	Syat.g_00478	Syaa.g_01153
OG0000637	Syat.g_00480	Syaa.g_01155
OG0000638	Syat.g_00481	Syaa.g_01156
OG0000639	Syat.g_00482	Syaa.g_01157
OG0000640	Syat.g_00483	Syaa.g_01158
OG0000641	Syat.g_00488	Syaa.g_01162
OG0000642	Syat.g_00489	Syaa.g_01163
OG0000643	Syat.g_00494	Syaa.g_01165
OG0000644	Syat.g_00495	Syaa.g_01166
OG0000645	Syat.g_00496	Syaa.g_01184
OG0000646	Syat.g_00499	Syaa.g_01187
OG0000647	Syat.g_00501	Syaa.g_01189
OG0000648	Syat.g_00504	Syaa.g_01191
OG0000649	Syat.g_00505	Syaa.g_01192
OG0000650	Syat.g_00506	Syaa.g_01193
OG0000651	Syat.g_00507	Syaa.g_01194
OG0000652	Syat.g_00508	Syaa.g_01195
OG0000653	Syat.g_00510	Syaa.g_01197
OG0000654	Syat.g_00514	Syaa.g_01198
OG0000655	Syat.g_00515	Syaa.g_01199
OG0000656	Syat.g_00518	Syaa.g_01202
OG0000657	Syat.g_00720	Syaa.g_00838
OG0000658	Syat.g_00723	Syaa.g_00836
OG0000659	Syat.g_00724	Syaa.g_00835
OG0000660	Syat.g_00740	Syaa.g_00831
OG0000662	Syat.g_00746	Syaa.g_00827
OG0000663	Syat.g_00749	Syaa.g_00824
OG0000664	Syat.g_00752	Syaa.g_00823
OG0000665	Syat.g_03302	Syaa.g_01442
OG0000666	Syat.g_01415	Syaa.g_01448
OG0000668	Syat.g_00710	Syaa.g_01300
OG0000669	Syat.g_00416	Syaa.g_01084
OG0000670	Syat.g_00419	Syaa.g_01087
OG0000671	Syat.g_00421	Syaa.g_01089
OG0000672	Syat.g_00424	Syaa.g_01092
OG0000673	Syat.g_00430	Syaa.g_01095
OG0000674	Syat.g_00432	Syaa.g_01097
OG0000675	Syat.g_00433	Syaa.g_01098
OG0000676	Syat.g_00436	Syaa.g_01100
OG0000677	Syat.g_00437	Syaa.g_01101
OG0000678	Syat.g_00439	Syaa.g_01106
OG0000679	Syat.g_00448	Syaa.g_01116
OG0000680	Syat.g_00449	Syaa.g_01117
OG0000681	Syat.g_00452	Syaa.g_01120
OG0000682	Syat.g_00453	Syaa.g_01121
OG0000683	Syat.g_00454	Syaa.g_01122
OG0000684	Syat.g_00457	Syaa.g_01132
OG0000685	Syat.g_02571	Syaa.g_01134
OG0000686	Syat.g_00459	Syaa.g_01135
OG0000687	Syat.g_00460	Syaa.g_01136
OG0000688	Syat.g_00463	Syaa.g_01140
OG0000689	Syat.g_00465	Syaa.g_01142
OG0000690	Syat.g_00466	Syaa.g_01143
OG0000691	Syat.g_00467	Syaa.g_01144
OG0000692	Syat.g_00469	Syaa.g_01145
OG0000693	Syat.g_00471	Syaa.g_01146
OG0000694	Syat.g_00472	Syaa.g_01147
OG0000695	Syat.g_00619	Syaa.g_01395
OG0000696	Syat.g_00618	Syaa.g_01394
OG0000697	Syat.g_00616	Syaa.g_01392
OG0000698	Syat.g_00613	Syaa.g_01389
OG0000699	Syat.g_00611	Syaa.g_01387
OG0000700	Syat.g_00610	Syaa.g_01386
OG0000701	Syat.g_00609	Syaa.g_01385
OG0000702	Syat.g_00606	Syaa.g_01376
OG0000703	Syat.g_00601	Syaa.g_01375
OG0000704	Syat.g_00599	Syaa.g_01373
OG0000705	Syat.g_00592	Syaa.g_01365
OG0000706	Syat.g_00591	Syaa.g_01364
OG0000707	Syat.g_00590	Syaa.g_01363
OG0000708	Syat.g_00587	Syaa.g_01360
OG0000709	Syat.g_00573	Syaa.g_01351
OG0000710	Syat.g_00567	Syaa.g_01348
OG0000711	Syat.g_00539	Syaa.g_01320
OG0000712	Syat.g_00537	Syaa.g_01318
OG0000713	Syat.g_00536	Syaa.g_01317
OG0000714	Syat.g_00532	Syaa.g_01315
OG0000715	Syat.g_00530	Syaa.g_01313
OG0000716	Syat.g_00527	Syaa.g_01309
OG0000717	Syat.g_00526	Syaa.g_01308
OG0000718	Syat.g_00522	Syaa.g_01304
OG0000719	Syat.g_00712	Syaa.g_01302
OG0000720	Syat.g_00699	Syaa.g_01289
OG0000721	Syat.g_00697	Syaa.g_01287
OG0000722	Syat.g_00696	Syaa.g_01286
OG0000723	Syat.g_00686	Syaa.g_01268
OG0000724	Syat.g_00782	Syaa.g_00872
OG0000725	Syat.g_00810	Syaa.g_00882
OG0000726	Syat.g_00811	Syaa.g_00883
OG0000727	Syat.g_00812	Syaa.g_00884
OG0000728	Syat.g_00814	Syaa.g_00886
OG0000729	Syat.g_02224	Syaa.g_00100
OG0000730	Syat.g_01617	Syaa.g_02185
OG0000731	Syat.g_01605	Syaa.g_02173
OG0000732	Syat.g_02290	Syaa.g_00054
OG0000733	Syat.g_03285	Syaa.g_02621
OG0000734	Syat.g_01579	Syaa.g_02388
OG0000735	Syat.g_03235	Syaa.g_00754
OG0000736	Syat.g_03236	Syaa.g_00755
OG0000737	Syat.g_03237	Syaa.g_00756
OG0000738	Syat.g_03251	Syaa.g_00761
OG0000739	Syat.g_03252	Syaa.g_00762
OG0000740	Syat.g_03253	Syaa.g_00763
OG0000741	Syat.g_03256	Syaa.g_00766
OG0000742	Syat.g_03259	Syaa.g_00769
OG0000743	Syat.g_03262	Syaa.g_00771
OG0000744	Syat.g_03263	Syaa.g_00772
OG0000745	Syat.g_03266	Syaa.g_00774
OG0000746	Syat.g_00314	Syaa.g_00776
OG0000747	Syat.g_00313	Syaa.g_00777
OG0000748	Syat.g_00305	Syaa.g_00787
OG0000749	Syat.g_00303	Syaa.g_00789
OG0000750	Syat.g_00302	Syaa.g_00790
OG0000751	Syat.g_00296	Syaa.g_00797
OG0000752	Syat.g_00294	Syaa.g_00799
OG0000753	Syat.g_00291	Syaa.g_00802
OG0000754	Syat.g_00250	Syaa.g_01025
OG0000755	Syat.g_00217	Syaa.g_01005
OG0000756	Syat.g_00216	Syaa.g_01004
OG0000757	Syat.g_00205	Syaa.g_00996
OG0000758	Syat.g_00204	Syaa.g_00995
OG0000759	Syat.g_00203	Syaa.g_00994
OG0000760	Syat.g_00202	Syaa.g_00993
OG0000761	Syat.g_00201	Syaa.g_00992
OG0000762	Syat.g_00199	Syaa.g_00988
OG0000763	Syat.g_00924	Syaa.g_00986
OG0000764	Syat.g_00923	Syaa.g_00985
OG0000765	Syat.g_00897	Syaa.g_00968
OG0000766	Syat.g_00896	Syaa.g_00967
OG0000767	Syat.g_00894	Syaa.g_00965
OG0000768	Syat.g_00893	Syaa.g_00964
OG0000769	Syat.g_00891	Syaa.g_00962
OG0000770	Syat.g_00886	Syaa.g_00959
OG0000771	Syat.g_00788	Syaa.g_00866
OG0000772	Syat.g_01768	Syaa.g_01526
OG0000773	Syat.g_01114	Syaa.g_00749
OG0000774	Syat.g_01146	Syaa.g_00745
OG0000775	Syat.g_01148	Syaa.g_00742
OG0000776	Syat.g_01149	Syaa.g_00741
OG0000777	Syat.g_01150	Syaa.g_00740
OG0000778	Syat.g_01151	Syaa.g_00739
OG0000779	Syat.g_01154	Syaa.g_00733
OG0000780	Syat.g_01157	Syaa.g_00730
OG0000781	Syat.g_01161	Syaa.g_00726
OG0000782	Syat.g_01162	Syaa.g_00725
OG0000783	Syat.g_01163	Syaa.g_00724
OG0000784	Syat.g_01164	Syaa.g_00723
OG0000785	Syat.g_01166	Syaa.g_00721
OG0000786	Syat.g_01170	Syaa.g_01875
OG0000787	Syat.g_01171	Syaa.g_01876
OG0000788	Syat.g_00087	Syaa.g_01620
OG0000789	Syat.g_00845	Syaa.g_01434
OG0000790	Syat.g_01300	Syaa.g_02064
OG0000791	Syat.g_01302	Syaa.g_02066
OG0000792	Syat.g_01303	Syaa.g_02067
OG0000793	Syat.g_01412	Syaa.g_02072
OG0000794	Syat.g_01414	Syaa.g_02073
OG0000795	Syat.g_01416	Syaa.g_02074
OG0000796	Syat.g_01422	Syaa.g_02078
OG0000797	Syat.g_01423	Syaa.g_02079
OG0000798	Syat.g_02057	Syaa.g_00265
OG0000798	Syat.g_01214	Syaa.g_00494
OG0000799	Syat.g_01256	Syaa.g_01743
OG0000800	Syat.g_01255	Syaa.g_01747
OG0000801	Syat.g_01253	Syaa.g_01748
OG0000802	Syat.g_01245	Syaa.g_01753
OG0000803	Syat.g_01241	Syaa.g_01758
OG0000804	Syat.g_01238	Syaa.g_01761
OG0000805	Syat.g_01236	Syaa.g_01763
OG0000806	Syat.g_01234	Syaa.g_01765
OG0000807	Syat.g_01233	Syaa.g_01767
OG0000808	Syat.g_01232	Syaa.g_01768
OG0000809	Syat.g_01229	Syaa.g_01771
OG0000810	Syat.g_01228	Syaa.g_01772
OG0000811	Syat.g_01186	Syaa.g_01778
OG0000812	Syat.g_01182	Syaa.g_01780
OG0000813	Syat.g_01181	Syaa.g_01781
OG0000814	Syat.g_01179	Syaa.g_01783
OG0000815	Syat.g_01177	Syaa.g_01784
OG0000816	Syat.g_01175	Syaa.g_01785
OG0000817	Syat.g_01279	Syaa.g_01786
OG0000818	Syat.g_01325	Syaa.g_01792
OG0000819	Syat.g_01326	Syaa.g_01793
OG0000820	Syat.g_01327	Syaa.g_01794
OG0000821	Syat.g_01333	Syaa.g_01800
OG0000822	Syat.g_01335	Syaa.g_01802
OG0000823	Syat.g_01336	Syaa.g_01803
OG0000824	Syat.g_01342	Syaa.g_01807
OG0000825	Syat.g_01343	Syaa.g_01808
OG0000826	Syat.g_01344	Syaa.g_01809
OG0000827	Syat.g_01345	Syaa.g_01810
OG0000828	Syat.g_01348	Syaa.g_01813
OG0000829	Syat.g_01349	Syaa.g_01814
OG0000830	Syat.g_01350	Syaa.g_01815
OG0000831	Syat.g_01353	Syaa.g_01817
OG0000832	Syat.g_02982	Syaa.g_00627
OG0000833	Syat.g_03072	Syaa.g_00611
OG0000834	Syat.g_03073	Syaa.g_00608
OG0000835	Syat.g_03075	Syaa.g_00607
OG0000836	Syat.g_03078	Syaa.g_00603
OG0000837	Syat.g_03079	Syaa.g_00601
OG0000838	Syat.g_03083	Syaa.g_00597
OG0000839	Syat.g_03084	Syaa.g_00596
OG0000840	Syat.g_03085	Syaa.g_00595
OG0000841	Syat.g_03086	Syaa.g_00594
OG0000842	Syat.g_03087	Syaa.g_00593
OG0000843	Syat.g_03088	Syaa.g_00592
OG0000844	Syat.g_03090	Syaa.g_00590
OG0000845	Syat.g_03091	Syaa.g_00589
OG0000846	Syat.g_03092	Syaa.g_00588
OG0000847	Syat.g_03093	Syaa.g_00587
OG0000848	Syat.g_03095	Syaa.g_00585
OG0000849	Syat.g_03096	Syaa.g_00584
OG0000850	Syat.g_03098	Syaa.g_00582
OG0000851	Syat.g_03101	Syaa.g_00577
OG0000852	Syat.g_03102	Syaa.g_00576
OG0000853	Syat.g_03106	Syaa.g_00572
OG0000854	Syat.g_03108	Syaa.g_00570
OG0000855	Syat.g_03109	Syaa.g_00569
OG0000856	Syat.g_03305	Syaa.g_01650
OG0000857	Syat.g_00500	Syaa.g_01188
OG0000858	Syat.g_03114	Syaa.g_00563
OG0000859	Syat.g_03115	Syaa.g_00562
OG0000860	Syat.g_03126	Syaa.g_00549
OG0000861	Syat.g_03127	Syaa.g_00548
OG0000862	Syat.g_03136	Syaa.g_00547
OG0000863	Syat.g_03138	Syaa.g_00543
OG0000864	Syat.g_03139	Syaa.g_00542
OG0000865	Syat.g_03140	Syaa.g_00541
OG0000866	Syat.g_03141	Syaa.g_00540
OG0000867	Syat.g_03142	Syaa.g_00539
OG0000868	Syat.g_03067	Syaa.g_00536
OG0000869	Syat.g_03054	Syaa.g_00531
OG0000870	Syat.g_03049	Syaa.g_00526
OG0000871	Syat.g_03048	Syaa.g_00525
OG0000872	Syat.g_03042	Syaa.g_00511
OG0000873	Syat.g_03039	Syaa.g_00497
OG0000874	Syat.g_03037	Syaa.g_00519
OG0000875	Syat.g_03035	Syaa.g_00438
OG0000876	Syat.g_00745	Syaa.g_00682
OG0000877	Syat.g_03024	Syaa.g_00679
OG0000878	Syat.g_03023	Syaa.g_00678
OG0000879	Syat.g_03022	Syaa.g_00677
OG0000880	Syat.g_03021	Syaa.g_00676
OG0000881	Syat.g_03016	Syaa.g_00671
OG0000882	Syat.g_03011	Syaa.g_00666
OG0000883	Syat.g_03007	Syaa.g_00661
OG0000884	Syat.g_03005	Syaa.g_00659
OG0000885	Syat.g_03004	Syaa.g_00658
OG0000886	Syat.g_03003	Syaa.g_00657
OG0000887	Syat.g_03002	Syaa.g_00656
OG0000888	Syat.g_03000	Syaa.g_00654
OG0000889	Syat.g_02997	Syaa.g_00652
OG0000890	Syat.g_02994	Syaa.g_00644
OG0000891	Syat.g_02993	Syaa.g_00643
OG0000892	Syat.g_02992	Syaa.g_00640
OG0000893	Syat.g_01864	Syaa.g_02352
OG0000894	Syat.g_01860	Syaa.g_02349
OG0000895	Syat.g_01856	Syaa.g_02345
OG0000896	Syat.g_01855	Syaa.g_02344
OG0000897	Syat.g_01853	Syaa.g_02342
OG0000898	Syat.g_01852	Syaa.g_02341
OG0000899	Syat.g_01851	Syaa.g_02340
OG0000900	Syat.g_01850	Syaa.g_02339
OG0000901	Syat.g_01845	Syaa.g_02334
OG0000902	Syat.g_01843	Syaa.g_02332
OG0000903	Syat.g_01830	Syaa.g_02313
OG0000904	Syat.g_01834	Syaa.g_02318
OG0000905	Syat.g_01839	Syaa.g_02324
OG0000906	Syat.g_01841	Syaa.g_02327
OG0000907	Syat.g_01828	Syaa.g_02295
OG0000908	Syat.g_01825	Syaa.g_02292
OG0000909	Syat.g_01824	Syaa.g_02291
OG0000910	Syat.g_01823	Syaa.g_02290
OG0000911	Syat.g_01821	Syaa.g_02288
OG0000912	Syat.g_01820	Syaa.g_02287
OG0000913	Syat.g_01819	Syaa.g_02286
OG0000914	Syat.g_01818	Syaa.g_02285
OG0000915	Syat.g_01816	Syaa.g_02283
OG0000916	Syat.g_01815	Syaa.g_02282
OG0000917	Syat.g_01814	Syaa.g_02281
OG0000918	Syat.g_01813	Syaa.g_02280
OG0000919	Syat.g_01812	Syaa.g_02279
OG0000920	Syat.g_01811	Syaa.g_02278
OG0000921	Syat.g_01810	Syaa.g_02277
OG0000922	Syat.g_01809	Syaa.g_02276
OG0000923	Syat.g_01805	Syaa.g_02272
OG0000924	Syat.g_01804	Syaa.g_02271
OG0000925	Syat.g_01803	Syaa.g_02270
OG0000926	Syat.g_01802	Syaa.g_02269
OG0000927	Syat.g_01800	Syaa.g_02267
OG0000928	Syat.g_01799	Syaa.g_02266
OG0000929	Syat.g_01798	Syaa.g_02265
OG0000930	Syat.g_01797	Syaa.g_02264
OG0000931	Syat.g_01796	Syaa.g_02263
OG0000932	Syat.g_01794	Syaa.g_02262
OG0000933	Syat.g_01788	Syaa.g_02256
OG0000934	Syat.g_01786	Syaa.g_02254
OG0000935	Syat.g_01665	Syaa.g_02253
OG0000936	Syat.g_01664	Syaa.g_02252
OG0000937	Syat.g_01663	Syaa.g_02251
OG0000938	Syat.g_01659	Syaa.g_02248
OG0000939	Syat.g_01658	Syaa.g_02247
OG0000940	Syat.g_01651	Syaa.g_02240
OG0000941	Syat.g_01649	Syaa.g_02238
OG0000942	Syat.g_01647	Syaa.g_02236
OG0000943	Syat.g_01646	Syaa.g_02235
OG0000944	Syat.g_01644	Syaa.g_02233
OG0000945	Syat.g_01643	Syaa.g_02231
OG0000946	Syat.g_01633	Syaa.g_02225
OG0000947	Syat.g_01630	Syaa.g_02222
OG0000948	Syat.g_01629	Syaa.g_02221
OG0000949	Syat.g_02142	Syaa.g_00172
OG0000950	Syat.g_02152	Syaa.g_00159
OG0000951	Syat.g_02157	Syaa.g_00153
OG0000952	Syat.g_02162	Syaa.g_00149
OG0000953	Syat.g_02166	Syaa.g_00143
OG0000954	Syat.g_02187	Syaa.g_00138
OG0000955	Syat.g_02188	Syaa.g_00137
OG0000956	Syat.g_02191	Syaa.g_00135
OG0000957	Syat.g_02204	Syaa.g_00125
OG0000958	Syat.g_02205	Syaa.g_00124
OG0000959	Syat.g_02212	Syaa.g_00120
OG0000960	Syat.g_02213	Syaa.g_00119
OG0000961	Syat.g_02873	Syaa.g_00106
OG0000962	Syat.g_02223	Syaa.g_00102
OG0000963	Syat.g_02226	Syaa.g_00097
OG0000964	Syat.g_02227	Syaa.g_00096
OG0000965	Syat.g_02228	Syaa.g_00095
OG0000966	Syat.g_02259	Syaa.g_00083
OG0000967	Syat.g_02263	Syaa.g_00074
OG0000968	Syat.g_02269	Syaa.g_00078
OG0000969	Syat.g_02271	Syaa.g_00077
OG0000970	Syat.g_02272	Syaa.g_00076
OG0000971	Syat.g_02274	Syaa.g_00069
OG0000972	Syat.g_02275	Syaa.g_00068
OG0000973	Syat.g_02276	Syaa.g_00067
OG0000974	Syat.g_02277	Syaa.g_00066
OG0000975	Syat.g_02278	Syaa.g_00065
OG0000976	Syat.g_02279	Syaa.g_00064
OG0000977	Syat.g_02281	Syaa.g_00062
OG0000978	Syat.g_02283	Syaa.g_00061
OG0000979	Syat.g_02286	Syaa.g_00058
OG0000980	Syat.g_02289	Syaa.g_00055
OG0000981	Syat.g_02292	Syaa.g_00052
OG0000982	Syat.g_02691	Syaa.g_02593
OG0000983	Syat.g_02690	Syaa.g_02594
OG0000984	Syat.g_02689	Syaa.g_02595
OG0000985	Syat.g_02685	Syaa.g_02597
OG0000986	Syat.g_02680	Syaa.g_02601
OG0000987	Syat.g_02678	Syaa.g_02603
OG0000988	Syat.g_02672	Syaa.g_02608
OG0000989	Syat.g_02657	Syaa.g_02616
OG0000990	Syat.g_02500	Syaa.g_02647
OG0000991	Syat.g_02503	Syaa.g_02650
OG0000992	Syat.g_02507	Syaa.g_02653
OG0000993	Syat.g_02508	Syaa.g_02654
OG0000994	Syat.g_02512	Syaa.g_02657
OG0000995	Syat.g_02517	Syaa.g_02662
OG0000996	Syat.g_02446	Syaa.g_02705
OG0000997	Syat.g_02417	Syaa.g_02725
OG0000998	Syat.g_02415	Syaa.g_02727
OG0000999	Syat.g_02414	Syaa.g_02728
OG0001001	Syat.g_02400	Syaa.g_02738
OG0001002	Syat.g_02394	Syaa.g_02745
OG0001003	Syat.g_02392	Syaa.g_02747
OG0001004	Syat.g_02391	Syaa.g_02748
OG0001005	Syat.g_02390	Syaa.g_02749
OG0001006	Syat.g_02378	Syaa.g_02756
OG0001007	Syat.g_02376	Syaa.g_02758
OG0001008	Syat.g_02971	Syaa.g_00704
OG0001009	Syat.g_02311	Syaa.g_00034
OG0001010	Syat.g_02310	Syaa.g_00035
OG0001011	Syat.g_02308	Syaa.g_00037
OG0001012	Syat.g_01004	Syaa.g_02589
OG0001013	Syat.g_02716	Syaa.g_02576
OG0001014	Syat.g_02721	Syaa.g_02572
OG0001015	Syat.g_02722	Syaa.g_02571
OG0001016	Syat.g_01474	Syaa.g_00348
OG0001017	Syat.g_01480	Syaa.g_00342
OG0001018	Syat.g_01482	Syaa.g_00340
OG0001019	Syat.g_01532	Syaa.g_00323
OG0001020	Syat.g_01539	Syaa.g_02355
OG0001021	Syat.g_01552	Syaa.g_02359
OG0001022	Syat.g_01555	Syaa.g_02365
OG0001023	Syat.g_01556	Syaa.g_02366
OG0001024	Syat.g_01560	Syaa.g_02370
OG0001025	Syat.g_01566	Syaa.g_02377
OG0001026	Syat.g_01582	Syaa.g_02390
OG0001027	Syat.g_02947	Syaa.g_02397
OG0001028	Syat.g_02944	Syaa.g_02399
OG0001029	Syat.g_02942	Syaa.g_02401
OG0001030	Syat.g_02922	Syaa.g_02422
OG0001031	Syat.g_02836	Syaa.g_02500
OG0001032	Syat.g_02834	Syaa.g_02502
OG0001033	Syat.g_02784	Syaa.g_02539
OG0001034	Syat.g_01448	Syaa.g_02108
OG0001035	Syat.g_01885	Syaa.g_00298
OG0001036	Syat.g_01939	Syaa.g_00293
OG0001037	Syat.g_01941	Syaa.g_00291
OG0001038	Syat.g_02058	Syaa.g_00264
OG0001039	Syat.g_02061	Syaa.g_00261
OG0001040	Syat.g_02064	Syaa.g_00258
OG0001041	Syat.g_02070	Syaa.g_00253
OG0001042	Syat.g_02100	Syaa.g_00227
OG0001043	Syat.g_02103	Syaa.g_00223
OG0001044	Syat.g_01615	Syaa.g_02183
OG0001045	Syat.g_01602	Syaa.g_02170
OG0001046	Syat.g_00552	Syaa.g_01332
OG0001047	Syat.g_02973	Syaa.g_00706
OG0001048	Syat.g_02974	Syaa.g_00707
OG0001049	Syat.g_01290	Syaa.g_00710
OG0001050	Syat.g_01289	Syaa.g_00711
OG0001051	Syat.g_01288	Syaa.g_00712
OG0001052	Syat.g_01375	Syaa.g_01846
OG0001053	Syat.g_03173	Syaa.g_02048
OG0001054	Syat.g_03192	Syaa.g_02031
OG0001055	Syat.g_03224	Syaa.g_02010
OG0001056	Syat.g_03275	Syaa.g_01975
OG0001057	Syat.g_00102	Syaa.g_01966
OG0001058	Syat.g_00079	Syaa.g_01951
OG0001059	Syat.g_00075	Syaa.g_01947
OG0001061	Syat.g_00051	Syaa.g_01919
OG0001062	Syat.g_00048	Syaa.g_01917
OG0001063	Syat.g_00042	Syaa.g_01912
OG0001064	Syat.g_00041	Syaa.g_01911
OG0001065	Syat.g_00040	Syaa.g_01910
OG0001066	Syat.g_00039	Syaa.g_01909
OG0001067	Syat.g_00038	Syaa.g_01908
OG0001068	Syat.g_00037	Syaa.g_01907
OG0001069	Syat.g_00036	Syaa.g_01906
OG0001070	Syat.g_00032	Syaa.g_01903
OG0001071	Syat.g_00031	Syaa.g_01902
OG0001072	Syat.g_00028	Syaa.g_01898
OG0001073	Syat.g_00009	Syaa.g_01884
OG0001074	Syat.g_01015	Syaa.g_01678
OG0001075	Syat.g_01037	Syaa.g_01676
OG0001076	Syat.g_03315	Syaa.g_01659
OG0001077	Syat.g_03290	Syaa.g_01647
OG0001078	Syat.g_00118	Syaa.g_01632
OG0001079	Syat.g_00378	Syaa.g_01619
OG0001080	Syat.g_00368	Syaa.g_01443
OG0001081	Syat.g_00366	Syaa.g_01056
OG0001082	Syat.g_00365	Syaa.g_01057
OG0001083	Syat.g_00390	Syaa.g_01064
OG0001084	Syat.g_00391	Syaa.g_01065
OG0001085	Syat.g_00408	Syaa.g_01075
OG0001086	Syat.g_00410	Syaa.g_01077
OG0001087	Syat.g_03277	Syaa.g_00920
OG0001088	Syat.g_02496	Syaa.g_00916
OG0001089	Syat.g_00818	Syaa.g_00890
OG0001090	Syat.g_00659	Syaa.g_01237
OG0001091	Syat.g_00661	Syaa.g_01239
OG0001092	Syat.g_00663	Syaa.g_01242
OG0001093	Syat.g_00669	Syaa.g_01248
OG0001094	Syat.g_00473	Syaa.g_01148
OG0001095	Syat.g_00497	Syaa.g_01185
OG0001096	Syat.g_00516	Syaa.g_01200
OG0001097	Syat.g_00743	Syaa.g_00828
OG0001098	Syat.g_01672	Syaa.g_01441
OG0001099	Syat.g_02943	Syaa.g_02400
OG0001100	Syat.g_00418	Syaa.g_01086
OG0001101	Syat.g_00420	Syaa.g_01088
OG0001102	Syat.g_00423	Syaa.g_01091
OG0001103	Syat.g_00425	Syaa.g_01093
OG0001104	Syat.g_00458	Syaa.g_01133
OG0001105	Syat.g_00461	Syaa.g_01137
OG0001106	Syat.g_00598	Syaa.g_01372
OG0001107	Syat.g_00580	Syaa.g_01359
OG0001108	Syat.g_00570	Syaa.g_01350
OG0001109	Syat.g_00568	Syaa.g_01349
OG0001110	Syat.g_00566	Syaa.g_01347
OG0001111	Syat.g_00564	Syaa.g_01345
OG0001112	Syat.g_00562	Syaa.g_01343
OG0001113	Syat.g_00561	Syaa.g_01342
OG0001114	Syat.g_00560	Syaa.g_01341
OG0001115	Syat.g_00557	Syaa.g_01337
OG0001116	Syat.g_00555	Syaa.g_01335
OG0001117	Syat.g_00554	Syaa.g_01334
OG0001118	Syat.g_00553	Syaa.g_01333
OG0001119	Syat.g_00551	Syaa.g_01331
OG0001120	Syat.g_00546	Syaa.g_01328
OG0001122	Syat.g_00711	Syaa.g_01301
OG0001123	Syat.g_00704	Syaa.g_01294
OG0001124	Syat.g_00702	Syaa.g_01292
OG0001125	Syat.g_00700	Syaa.g_01290
OG0001126	Syat.g_00790	Syaa.g_00864
OG0001127	Syat.g_00789	Syaa.g_00865
OG0001128	Syat.g_00786	Syaa.g_00868
OG0001129	Syat.g_00784	Syaa.g_00870
OG0001130	Syat.g_00783	Syaa.g_00871
OG0001131	Syat.g_01674	Syaa.g_01108
OG0001132	Syat.g_00965	Syaa.g_01468
OG0001133	Syat.g_03311	Syaa.g_01656
OG0001136	Syat.g_03257	Syaa.g_00767
OG0001137	Syat.g_00306	Syaa.g_00786
OG0001138	Syat.g_00214	Syaa.g_01002
OG0001139	Syat.g_00209	Syaa.g_01000
OG0001140	Syat.g_00208	Syaa.g_00999
OG0001141	Syat.g_00207	Syaa.g_00998
OG0001142	Syat.g_00206	Syaa.g_00997
OG0001143	Syat.g_00925	Syaa.g_00987
OG0001144	Syat.g_00906	Syaa.g_00978
OG0001145	Syat.g_01117	Syaa.g_00748
OG0001146	Syat.g_01158	Syaa.g_00729
OG0001147	Syat.g_01368	Syaa.g_01837
OG0001148	Syat.g_01297	Syaa.g_02061
OG0001149	Syat.g_01298	Syaa.g_02062
OG0001150	Syat.g_01299	Syaa.g_02063
OG0001151	Syat.g_01420	Syaa.g_02076
OG0001152	Syat.g_01421	Syaa.g_02077
OG0001153	Syat.g_01346	Syaa.g_01811
OG0001154	Syat.g_01347	Syaa.g_01812
OG0001156	Syat.g_02978	Syaa.g_00623
OG0001157	Syat.g_02977	Syaa.g_00622
OG0001158	Syat.g_02976	Syaa.g_00619
OG0001159	Syat.g_02975	Syaa.g_00618
OG0001160	Syat.g_03104	Syaa.g_00574
OG0001161	Syat.g_02384	Syaa.g_02620
OG0001162	Syat.g_01528	Syaa.g_01203
OG0001163	Syat.g_03112	Syaa.g_00566
OG0001164	Syat.g_03116	Syaa.g_00560
OG0001165	Syat.g_03121	Syaa.g_00555
OG0001166	Syat.g_03050	Syaa.g_00527
OG0001167	Syat.g_03019	Syaa.g_00673
OG0001168	Syat.g_03017	Syaa.g_00672
OG0001169	Syat.g_03015	Syaa.g_00670
OG0001170	Syat.g_03013	Syaa.g_00668
OG0001171	Syat.g_03001	Syaa.g_00655
OG0001172	Syat.g_01858	Syaa.g_02347
OG0001173	Syat.g_01857	Syaa.g_02346
OG0001174	Syat.g_01849	Syaa.g_02338
OG0001175	Syat.g_01848	Syaa.g_02337
OG0001176	Syat.g_01831	Syaa.g_02314
OG0001178	Syat.g_03137	Syaa.g_00546
OG0001180	Syat.g_01654	Syaa.g_02243
OG0001181	Syat.g_01650	Syaa.g_02239
OG0001182	Syat.g_01642	Syaa.g_02230
OG0001183	Syat.g_01632	Syaa.g_02224
OG0001184	Syat.g_02160	Syaa.g_00151
OG0001186	Syat.g_02235	Syaa.g_00081
OG0001187	Syat.g_02256	Syaa.g_00082
OG0001188	Syat.g_02261	Syaa.g_00075
OG0001189	Syat.g_02287	Syaa.g_00057
OG0001190	Syat.g_02692	Syaa.g_02592
OG0001191	Syat.g_02675	Syaa.g_02605
OG0001192	Syat.g_02663	Syaa.g_02612
OG0001193	Syat.g_02513	Syaa.g_02658
OG0001194	Syat.g_02515	Syaa.g_02660
OG0001195	Syat.g_02516	Syaa.g_02661
OG0001196	Syat.g_02398	Syaa.g_02741
OG0001197	Syat.g_02396	Syaa.g_02743
OG0001199	Syat.g_01475	Syaa.g_00347
OG0001200	Syat.g_01477	Syaa.g_00345
OG0001201	Syat.g_01572	Syaa.g_02381
OG0001202	Syat.g_02812	Syaa.g_02528
OG0001203	Syat.g_01447	Syaa.g_02106
OG0001204	Syat.g_01867	Syaa.g_00316
OG0001205	Syat.g_01287	Syaa.g_00713
OG0001206	Syat.g_03268	Syaa.g_01855
OG0001207	Syat.g_03162	Syaa.g_02058
OG0001208	Syat.g_03172	Syaa.g_02049
OG0001209	Syat.g_03273	Syaa.g_01977
OG0001210	Syat.g_00103	Syaa.g_01967
OG0001211	Syat.g_00078	Syaa.g_01950
OG0001213	Syat.g_03289	Syaa.g_01646
OG0001214	Syat.g_00128	Syaa.g_01631
OG0001216	Syat.g_00660	Syaa.g_01238
OG0001217	Syat.g_02587	Syaa.g_01559
OG0001218	Syat.g_01356	Syaa.g_01820
OG0001219	Syat.g_00629	Syaa.g_01404
OG0001220	Syat.g_01534	Syaa.g_00812
OG0001222	Syat.g_00597	Syaa.g_01371
OG0001223	Syat.g_00544	Syaa.g_01326
OG0001224	Syat.g_00804	Syaa.g_00874
OG0001225	Syat.g_00806	Syaa.g_00876
OG0001226	Syat.g_01485	Syaa.g_01579
OG0001228	Syat.g_00938	Syaa.g_00695
OG0001229	Syat.g_00981	Syaa.g_00899
OG0001230	Syat.g_01235	Syaa.g_01764
OG0001231	Syat.g_02327	Syaa.g_00017
OG0001232	Syat.g_03041	Syaa.g_00508
OG0001233	Syat.g_03012	Syaa.g_00667
OG0001234	Syat.g_02092	Syaa.g_02333
OG0001235	Syat.g_01838	Syaa.g_02323
OG0001236	Syat.g_02156	Syaa.g_00154
OG0001238	Syat.g_02673	Syaa.g_02607
OG0001239	Syat.g_01472	Syaa.g_00350
OG0001240	Syat.g_01554	Syaa.g_02364
OG0001241	Syat.g_01564	Syaa.g_02374
OG0001242	Syat.g_02936	Syaa.g_02407
OG0001243	Syat.g_02928	Syaa.g_02415
OG0001244	Syat.g_02901	Syaa.g_02445
OG0001245	Syat.g_00212	Syaa.g_01492
OG0001246	Syat.g_03209	Syaa.g_02023
OG0001247	Syat.g_01019	Syaa.g_01207
OG0001248	Syat.g_03159	Syaa.g_01204
OG0001251	Syat.g_00963, Syat.g_00621	Syaa.g_02667
OG0001252	Syat.g_00787	Syaa.g_00867
OG0001255	Syat.g_00843	Syaa.g_01696
OG0001256	Syat.g_03111	Syaa.g_00567
OG0001257	Syat.g_01716, Syat.g_00346, Syat.g_00438, Syat.g_00729, Syat.g_00918	Syaa.g_01418
OG0001258	Syat.g_03119	Syaa.g_00557
OG0001259	Syat.g_03014	Syaa.g_00669
OG0001261	Syat.g_01791	Syaa.g_02259
OG0001262	Syat.g_02285	Syaa.g_00059
OG0001263	Syat.g_02926	Syaa.g_02418
OG0001265	Syat.g_02938	Syaa.g_02405
OG0001266	Syat.g_02808	Syaa.g_02532
OG0001267	Syat.g_02060	Syaa.g_00262
OG0001268	Syat.g_01608	Syaa.g_02176
OG0001269	Syat.g_02369	Syaa.g_01499
OG0001270	Syat.g_02968	Syaa.g_00701
OG0001271	Syat.g_01374	Syaa.g_01845
OG0001272	Syat.g_03176	Syaa.g_02045
OG0001274	Syat.g_02727	Syaa.g_02563
OG0001275	Syat.g_00529	Syaa.g_01311
OG0001276	Syat.g_00705	Syaa.g_01295
OG0001277	Syat.g_03312	Syaa.g_02724
OG0001278	Syat.g_00895	Syaa.g_00966
OG0001279	Syat.g_01252	Syaa.g_01749
OG0001281	Syat.g_01159	Syaa.g_00728
OG0001282	Syat.g_02780	Syaa.g_02060
OG0001283	Syat.g_02403	Syaa.g_02734
OG0001286	Syat.g_01656	Syaa.g_02245
OG0001287	Syat.g_02208	Syaa.g_00121
OG0001289	Syat.g_01527	Syaa.g_00327
OG0001290	Syat.g_01563	Syaa.g_02373
OG0001291	Syat.g_02916	Syaa.g_02428
OG0001292	Syat.g_01873	Syaa.g_00310
OG0001293	Syat.g_01995	Syaa.g_00288
OG0001294	Syat.g_00409	Syaa.g_01076
OG0001295	Syat.g_00945	Syaa.g_01964
OG0001296	Syat.g_03217	Syaa.g_02017
OG0001297	Syat.g_03221	Syaa.g_02013
OG0001298	Syat.g_00043	Syaa.g_01913
OG0001299	Syat.g_00401	Syaa.g_01070
OG0001300	Syat.g_01025	Syaa.g_00905
OG0001303	Syat.g_00628	Syaa.g_01402
OG0001304	Syat.g_00690	Syaa.g_01281
OG0001305	Syat.g_00813	Syaa.g_00885
OG0001306	Syat.g_03234	Syaa.g_00753
OG0001309	Syat.g_01113	Syaa.g_02005
OG0001310	Syat.g_03066	Syaa.g_00535
OG0001311	Syat.g_00703	Syaa.g_01293
OG0001312	Syat.g_00615	Syaa.g_01391
OG0001315	Syat.g_01634	Syaa.g_02226
OG0001317	Syat.g_01451	Syaa.g_02112
OG0001318	Syat.g_01888	Syaa.g_00296
OG0001319	Syat.g_02048	Syaa.g_00273
OG0001323	Syat.g_01111	Syaa.g_02002
OG0001325	Syat.g_00664	Syaa.g_01243
OG0001326	Syat.g_02525	Syaa.g_00396, Syaa.g_02672
OG0001327	Syat.g_00414	Syaa.g_01083
OG0001331	Syat.g_01301	Syaa.g_02065
OG0001336	Syat.g_02402	Syaa.g_02735
OG0001345	Syat.g_00290	Syaa.g_00803
OG0001347	Syat.g_02666	Syaa.g_00195
OG0001347	Syat.g_01136	Syaa.g_00445
OG0001348	Syat.g_03316	Syaa.g_00847
OG0001349	Syat.g_01220	Syaa.g_00437
OG0001351	Syat.g_01318	Syaa.g_01863
OG0001353	Syat.g_00717	Syaa.g_00841
OG0001354	Syat.g_00558	Syaa.g_01338
OG0001355	Syat.g_02589	Syaa.g_01524
OG0001356	Syat.g_01428	Syaa.g_00848
OG0001357	Syat.g_00135	Syaa.g_02307
OG0001358	Syat.g_03319	Syaa.g_01663
OG0001360	Syat.g_00256	Syaa.g_00805
OG0001361	Syat.g_00293	Syaa.g_00800
OG0001364	Syat.g_02143	Syaa.g_00171
OG0001366	Syat.g_03047	Syaa.g_00524
OG0001373	Syat.g_02524	Syaa.g_02671
OG0001374	Syat.g_02541	Syaa.g_02679
OG0001376	Syat.g_00841	Syaa.g_02614
OG0001377	Syat.g_00842	Syaa.g_02613
OG0001378	Syat.g_02967	Syaa.g_00700
OG0001379	Syat.g_01147	Syaa.g_00744
OG0001382	Syat.g_00101	Syaa.g_01866
OG0001385	Syat.g_02521	Syaa.g_02668
OG0001386	Syat.g_02522	Syaa.g_02669
OG0001387	Syat.g_02523	Syaa.g_02670
OG0001388	Syat.g_02526	Syaa.g_02673
OG0001389	Syat.g_02531	Syaa.g_02674
OG0001390	Syat.g_02532	Syaa.g_02675
OG0001391	Syat.g_02533	Syaa.g_02676
OG0001392	Syat.g_02539	Syaa.g_02677
OG0001393	Syat.g_02540	Syaa.g_02678
OG0001394	Syat.g_00450	Syaa.g_01118
OG0001396	Syat.g_01137	Syaa.g_00444
OG0001396	Syat.g_02665	Syaa.g_00196
OG0001401	Syat.g_00721	Syaa.g_00837
OG0001402	Syat.g_03314	Syaa.g_01658
OG0001406	Syat.g_00840	Syaa.g_02615
OG0001408	Syat.g_00211	Syaa.g_00953
OG0001411	Syat.g_01188	Syaa.g_00457
OG0001412	Syat.g_01135	Syaa.g_00442
OG0001412	Syat.g_02667	Syaa.g_00194
OG0001413	Syat.g_02775, Syat.g_00853	Syaa.g_01590
OG0001416	Syat.g_02491	Syaa.g_00731
OG0001417	Syat.g_01705	Syaa.g_01339
OG0001420	Syat.g_01099	Syaa.g_01991
OG0001421	Syat.g_03056	Syaa.g_01583, Syaa.g_01469
OG0001430	Syat.g_03343	Syaa.g_02584
OG0001432	Syat.g_00846	Syaa.g_00930
OG0001433	Syat.g_01429	Syaa.g_00849
OG0001434	Syat.g_00455	Syaa.g_01123
OG0001435	Syat.g_00422	Syaa.g_01090
OG0001438	Syat.g_02076	Syaa.g_00247
OG0001439	Syat.g_02105	Syaa.g_00221
OG0001441	Syat.g_01109	Syaa.g_02000
OG0001443	Syat.g_02649	Syaa.g_02617
OG0001444	Syat.g_01550	Syaa.g_02357
OG0001449	Syat.g_00800	Syaa.g_02098, Syaa.g_01042
OG0001452	Syat.g_01881	Syaa.g_00301
OG0001453	Syat.g_00538	Syaa.g_01319
OG0001454	Syat.g_00189	Syaa.g_01580
OG0001456	Syat.g_02545	Syaa.g_02687
OG0001457	Syat.g_02546	Syaa.g_02688
OG0001458	Syat.g_02547	Syaa.g_02689
OG0001459	Syat.g_03357, Syat.g_03358	Syaa.g_01040
OG0001460	Syat.g_01430	Syaa.g_00850
OG0001461	Syat.g_01945	Syaa.g_02328
OG0001467	Syat.g_02457	Syaa.g_01601
OG0001470	Syat.g_02252	Syaa.g_00693
OG0001473	Syat.g_00190	Syaa.g_01603
OG0001474	Syat.g_01607	Syaa.g_02175
OG0001475	Syat.g_01116	Syaa.g_00691
OG0001477	Syat.g_00321, Syat.g_00322, Syat.g_00318	Syaa.g_00893
OG0001479	Syat.g_01610	Syaa.g_02178
OG0001480	Syat.g_00100	Syaa.g_00810
OG0001482	Syat.g_00549	Syaa.g_01329
OG0001486	Syat.g_03258	Syaa.g_00768
OG0001487	Syat.g_01355	Syaa.g_01819
OG0001488	Syat.g_00301	Syaa.g_00791
OG0001489	Syat.g_01645	Syaa.g_02234
OG0001492	Syat.g_00898	Syaa.g_00969
OG0001493	Syat.g_00890	Syaa.g_00961
OG0001495	Syat.g_01833	Syaa.g_02317
OG0001496	Syat.g_00316	Syaa.g_00895
OG0001497	Syat.g_00317	Syaa.g_00894
OG0001498	Syat.g_02954	Syaa.g_02148
OG0001502	Syat.g_00757	Syaa.g_00819
OG0001504	Syat.g_03356	Syaa.g_01039
OG0001505	Syat.g_01215	Syaa.g_00495
OG0001507	Syat.g_03261	Syaa.g_02137
OG0001508	Syat.g_02258	Syaa.g_00694
OG0001509	Syat.g_01140	Syaa.g_00440
OG0001509	Syat.g_01296	Syaa.g_00197
OG0001510	Syat.g_02214	Syaa.g_00116
OG0001511	Syat.g_01580	Syaa.g_02389
OG0001512	Syat.g_01445	Syaa.g_02105
OG0001513	Syat.g_01083	Syaa.g_00150
OG0001514	Syat.g_00315	Syaa.g_00896
OG0001515	Syat.g_00927	Syaa.g_00909
OG0001516	Syat.g_00398	Syaa.g_01067
OG0001517	Syat.g_01613	Syaa.g_02181
OG0001518	Syat.g_02671	Syaa.g_02609
OG0001519	Syat.g_02646	Syaa.g_02619
OG0001520	Syat.g_00852	Syaa.g_01929
OG0001523	Syat.g_01089	Syaa.g_02713
OG0001524	Syat.g_01088	Syaa.g_02714
OG0001527	Syat.g_00064	Syaa.g_01936
OG0001528	Syat.g_01115	Syaa.g_00692
OG0001529	Syat.g_02294	Syaa.g_00050
OG0001530	Syat.g_01578	Syaa.g_02387
OG0001531	Syat.g_01444	Syaa.g_02104
OG0001532	Syat.g_00213	Syaa.g_01001
OG0001533	Syat.g_02786	Syaa.g_01857
OG0001533	Syat.g_02966	Syaa.g_01868
OG0001534	Syat.g_00689	Syaa.g_01280
OG0001535	Syat.g_00707	Syaa.g_01297
OG0001536	Syat.g_00589	Syaa.g_01362
OG0001537	Syat.g_00441	Syaa.g_01112
OG0001538	Syat.g_00484	Syaa.g_01159
OG0001539	Syat.g_00417	Syaa.g_01085
OG0001540	Syat.g_02924	Syaa.g_02420
OG0001541	Syat.g_02847	Syaa.g_02490
OG0001542	Syat.g_02837	Syaa.g_02499
OG0001543	Syat.g_03229	Syaa.g_02547
OG0001544	Syat.g_02647	Syaa.g_02618
OG0001545	Syat.g_02444, Syat.g_02433	Syaa.g_02723
OG0001547	Syat.g_00645	Syaa.g_01420
OG0001549	Syat.g_00799	Syaa.g_00806
OG0001554	Syat.g_01005	Syaa.g_02590
OG0001556	Syat.g_01046, Syat.g_03334, Syat.g_03147	Syaa.g_01008
OG0001557	Syat.g_00451	Syaa.g_01119
OG0001558	Syat.g_02323	Syaa.g_00022
OG0001559	Syat.g_01577	Syaa.g_02386
OG0001560	Syat.g_01562	Syaa.g_02372
OG0001561	Syat.g_00701	Syaa.g_01291
OG0001562	Syat.g_00523	Syaa.g_01305
OG0001563	Syat.g_01662	Syaa.g_02250
OG0001567	Syat.g_00651	Syaa.g_01421
OG0001568	Syat.g_00643	Syaa.g_01416
OG0001570	Syat.g_03269	Syaa.g_01693
OG0001573	Syat.g_01835	Syaa.g_00198
OG0001574	Syat.g_00066	Syaa.g_01938
OG0001575	Syat.g_00061	Syaa.g_01933
OG0001577	Syat.g_03255	Syaa.g_00765
OG0001578	Syat.g_00192	Syaa.g_00369
OG0001580	Syat.g_02701	Syaa.g_02580
OG0001588	Syat.g_03195	Syaa.g_00168
OG0001590	Syat.g_00112	Syaa.g_01640
OG0001591	Syat.g_00411	Syaa.g_01078
OG0001592	Syat.g_02699	Syaa.g_02581
OG0001594	Syat.g_01365	Syaa.g_01755
OG0001613	Syat.g_01635	Syaa.g_02227
OG0001614	Syat.g_02197	Syaa.g_00130
OG0001616	Syat.g_00249	Syaa.g_01024
OG0001617	Syat.g_03212, Syat.g_03299	Syaa.g_00901
OG0001618	Syat.g_00670, Syat.g_02510	Syaa.g_01254
OG0001619	Syat.g_00600	Syaa.g_01374
OG0001620	Syat.g_01601	Syaa.g_02169
OG0001621	Syat.g_01883	Syaa.g_00300
OG0001622	Syat.g_02404	Syaa.g_02733
OG0001623	Syat.g_01666	Syaa.g_02194
OG0001624	Syat.g_00188	Syaa.g_02623
OG0001625	Syat.g_01938	Syaa.g_00294
OG0001634	Syat.g_00404	Syaa.g_01073
OG0001635	Syat.g_02229, Syat.g_01993	Syaa.g_00094
OG0001636	Syat.g_02302	Syaa.g_00043
OG0001637	Syat.g_02788	Syaa.g_00650, Syaa.g_00649, Syaa.g_00651
OG0001638	Syat.g_03143	Syaa.g_00538
OG0001639	Syat.g_02981	Syaa.g_00626
OG0001640	Syat.g_00792	Syaa.g_00862
OG0001641	Syat.g_00540	Syaa.g_01321
OG0001642	Syat.g_00676	Syaa.g_00814
OG0001643	Syat.g_00131	Syaa.g_01628
OG0001644	Syat.g_00844	Syaa.g_01263
OG0001645	Syat.g_01719	Syaa.g_01491, Syaa.g_00938
OG0001647	Syat.g_02051	Syaa.g_00271
OG0001652	Syat.g_02326	Syaa.g_00018
OG0001653	Syat.g_01553	Syaa.g_02360
OG0001654	Syat.g_02983	Syaa.g_00628
OG0001657	Syat.g_02887	Syaa.g_02464
OG0001659	Syat.g_00219	Syaa.g_01006
OG0001660	Syat.g_01585, Syat.g_02948	Syaa.g_02158, Syaa.g_02395
OG0001666	Syat.g_03349	Syaa.g_01506, Syaa.g_00399
OG0001671	Syat.g_02742	Syaa.g_02552
OG0001672	Syat.g_01483	Syaa.g_00339
OG0001673	Syat.g_01454	Syaa.g_02114
OG0001675	Syat.g_00525	Syaa.g_01307
OG0001677	Syat.g_01631	Syaa.g_02223, Syaa.g_01003
OG0001678	Syat.g_01859	Syaa.g_02348
OG0001680	Syat.g_03064	Syaa.g_00533
OG0001682	Syat.g_00668	Syaa.g_01581, Syaa.g_01247
OG0001692	Syat.g_01231	Syaa.g_01769
OG0001694	Syat.g_02062	Syaa.g_00260
OG0001695	Syat.g_02434	Syaa.g_02708
OG0001700	Syat.g_01074	Syaa.g_01423
OG0001702	Syat.g_01533	Syaa.g_00322
OG0001703	Syat.g_03164	Syaa.g_02057
OG0001715	Syat.g_01717	Syaa.g_01563
OG0001716	Syat.g_02002	Syaa.g_00817
OG0001717	Syat.g_02860	Syaa.g_02476
OG0001729	Syat.g_01440	Syaa.g_02100
OG0001730	Syat.g_01676	Syaa.g_02090, Syaa.g_02091, Syaa.g_02092
OG0001731	Syat.g_03081	Syaa.g_00599
OG0001732	Syat.g_02387, Syat.g_00911	Syaa.g_00984
OG0001733	Syat.g_01048	Syaa.g_01080
OG0001734	Syat.g_00513, Syat.g_01308	Syaa.g_00816
OG0001735	Syat.g_00345	Syaa.g_01060
OG0001736	Syat.g_01254	Syaa.g_00191
OG0001737	Syat.g_02084	Syaa.g_00241
OG0001738	Syat.g_02127	Syaa.g_00204
OG0001739	Syat.g_02435, Syat.g_02445	Syaa.g_02706
OG0001750	Syat.g_01551	Syaa.g_02358
OG0001751	Syat.g_01455	Syaa.g_02115
OG0001752	Syat.g_02991	Syaa.g_00639
OG0001753	Syat.g_01542, Syat.g_01710	Syaa.g_00646
OG0001754	Syat.g_02790	Syaa.g_00647
OG0001755	Syat.g_03226	Syaa.g_02006
OG0001760	Syat.g_02005, Syat.g_00880	Syaa.g_01500
OG0001761	Syat.g_00819	Syaa.g_01679
OG0001762	Syat.g_00531	Syaa.g_01314
OG0001763	Syat.g_00545	Syaa.g_01327
OG0001764	Syat.g_00639	Syaa.g_01412
OG0001766	Syat.g_02711	Syaa.g_00230
OG0001767	Syat.g_01208, Syat.g_01199, Syat.g_02418, Syat.g_02419, Syat.g_02371	Syaa.g_00179
OG0001768	Syat.g_02831	Syaa.g_02505
OG0001769	Syat.g_00373	Syaa.g_01614
OG0001771	Syat.g_01094	Syaa.g_01514
OG0001783	Syat.g_02203	Syaa.g_00126
OG0001784	Syat.g_01536	Syaa.g_02354
OG0001786	Syat.g_03099	Syaa.g_00581
OG0001787	Syat.g_01076	Syaa.g_01981
OG0001788	Syat.g_03272	Syaa.g_01978
OG0001789	Syat.g_01152	Syaa.g_00736
OG0001790	Syat.g_03249	Syaa.g_00760
OG0001792	Syat.g_00905	Syaa.g_00977
OG0001796	Syat.g_00716	Syaa.g_01303
OG0001797	Syat.g_00605, Syat.g_01062	Syaa.g_01382
OG0001798	Syat.g_03310	Syaa.g_01655
OG0001799	Syat.g_00376	Syaa.g_01617
OG0001800	Syat.g_01091, Syat.g_01660	Syaa.g_01750
OG0001801	Syat.g_01240	Syaa.g_01759
OG0001803	Syat.g_01291	Syaa.g_00709
OG0001804	Syat.g_02955	Syaa.g_02147
OG0001805	Syat.g_02770, Syat.g_01090	Syaa.g_00305
OG0001806	Syat.g_02050, Syat.g_02049	Syaa.g_00272
OG0001807	Syat.g_02090	Syaa.g_00176
OG0001808	Syat.g_02145	Syaa.g_00163
OG0001811	Syat.g_02839	Syaa.g_02497
OG0001812	Syat.g_02698	Syaa.g_02582
OG0001813	Syat.g_02490	Syaa.g_02646
OG0001814	Syat.g_02395	Syaa.g_02744
OG0001815	Syat.g_01886, Syat.g_00954	Syaa.g_02753
OG0001816	Syat.g_00413	Syaa.g_01082
OG0001839	Syat.g_02305	Syaa.g_00039
OG0001840	Syat.g_02288	Syaa.g_00056
OG0001841	Syat.g_02280	Syaa.g_00063
OG0001842	Syat.g_02421	Syaa.g_00634
OG0001843	Syat.g_02196	Syaa.g_00131
OG0001844	Syat.g_02195	Syaa.g_00132
OG0001845	Syat.g_02193	Syaa.g_00133
OG0001846	Syat.g_03123, Syat.g_02935	Syaa.g_02408
OG0001847	Syat.g_02937	Syaa.g_02406
OG0001848	Syat.g_02941	Syaa.g_02402
OG0001849	Syat.g_01526	Syaa.g_00328
OG0001850	Syat.g_01486	Syaa.g_00337
OG0001851	Syat.g_01479	Syaa.g_00343
OG0001852	Syat.g_01478	Syaa.g_00344
OG0001853	Syat.g_01471	Syaa.g_00351
OG0001854	Syat.g_01449	Syaa.g_02109
OG0001856	Syat.g_03103	Syaa.g_00575
OG0001857	Syat.g_03100	Syaa.g_00578
OG0001858	Syat.g_03076	Syaa.g_00606
OG0001859	Syat.g_01305	Syaa.g_02069
OG0001860	Syat.g_03166	Syaa.g_02055
OG0001861	Syat.g_03177	Syaa.g_02044
OG0001862	Syat.g_03190	Syaa.g_02033
OG0001863	Syat.g_03203	Syaa.g_02028
OG0001864	Syat.g_03282	Syaa.g_01969
OG0001866	Syat.g_00002	Syaa.g_01878
OG0001867	Syat.g_03410	Syaa.g_01681
OG0001868	Syat.g_01156	Syaa.g_00732
OG0001869	Syat.g_03254	Syaa.g_00764
OG0001870	Syat.g_03264	Syaa.g_00773
OG0001871	Syat.g_00312	Syaa.g_00778
OG0001872	Syat.g_00899	Syaa.g_00970
OG0001873	Syat.g_00228	Syaa.g_01023
OG0001874	Syat.g_00251	Syaa.g_01026
OG0001877	Syat.g_00926	Syaa.g_00908
OG0001878	Syat.g_00528	Syaa.g_01310
OG0001879	Syat.g_00533	Syaa.g_01316
OG0001880	Syat.g_00574	Syaa.g_01352
OG0001881	Syat.g_00575	Syaa.g_01354
OG0001882	Syat.g_00602	Syaa.g_01379
OG0001883	Syat.g_00608	Syaa.g_01384
OG0001884	Syat.g_00617	Syaa.g_01393
OG0001885	Syat.g_00632	Syaa.g_01407
OG0001886	Syat.g_00638	Syaa.g_01411
OG0001888	Syat.g_00456	Syaa.g_01131
OG0001889	Syat.g_00498	Syaa.g_01186
OG0001890	Syat.g_00748	Syaa.g_00825
OG0001891	Syat.g_00756	Syaa.g_00821
OG0001892	Syat.g_00982	Syaa.g_00809
OG0001893	Syat.g_03309	Syaa.g_01654
OG0001894	Syat.g_00116	Syaa.g_01634, Syaa.g_01635
OG0001895	Syat.g_01244	Syaa.g_01756
OG0001896	Syat.g_02964	Syaa.g_00697
OG0001897	Syat.g_01604	Syaa.g_02172
OG0001898	Syat.g_01622	Syaa.g_02188
OG0001899	Syat.g_01793	Syaa.g_02261
OG0001900	Syat.g_01997	Syaa.g_00287
OG0001901	Syat.g_01998	Syaa.g_00286
OG0001902	Syat.g_02068	Syaa.g_00255
OG0001903	Syat.g_02077	Syaa.g_00246
OG0001904	Syat.g_02141	Syaa.g_00173
OG0001905	Syat.g_02147	Syaa.g_00161
OG0001906	Syat.g_02923	Syaa.g_02421
OG0001908	Syat.g_02845	Syaa.g_02492
OG0001909	Syat.g_02833	Syaa.g_02503
OG0001910	Syat.g_02736	Syaa.g_02555
OG0001912	Syat.g_02679	Syaa.g_02602
OG0001913	Syat.g_02677	Syaa.g_02604
OG0001914	Syat.g_03287	Syaa.g_01033
OG0001915	Syat.g_02389	Syaa.g_02750
OG0001924	Syat.g_02767	Syaa.g_01671
OG0001925	Syat.g_02766	Syaa.g_01672
OG0001926	Syat.g_02765	Syaa.g_01673
OG0001927	Syat.g_02764	Syaa.g_01674
OG0001929	Syat.g_02273	Syaa.g_00070
OG0001930	Syat.g_02422	Syaa.g_00633
OG0001931	Syat.g_02424	Syaa.g_00632
OG0001933	Syat.g_01573	Syaa.g_02383
OG0001934	Syat.g_01559	Syaa.g_02368
OG0001935	Syat.g_01476	Syaa.g_00346
OG0001936	Syat.g_00178	Syaa.g_01533
OG0001937	Syat.g_03089	Syaa.g_00591
OG0001940	Syat.g_00044	Syaa.g_01914
OG0001941	Syat.g_01160	Syaa.g_00727
OG0001943	Syat.g_00405	Syaa.g_01465
OG0001944	Syat.g_01250	Syaa.g_01433
OG0001946	Syat.g_00972	Syaa.g_00907
OG0001947	Syat.g_02750	Syaa.g_00859
OG0001948	Syat.g_00543	Syaa.g_01325
OG0001949	Syat.g_00563	Syaa.g_01344
OG0001950	Syat.g_00565	Syaa.g_01346
OG0001951	Syat.g_00576	Syaa.g_01355
OG0001952	Syat.g_00603	Syaa.g_01380
OG0001953	Syat.g_00604	Syaa.g_01381
OG0001957	Syat.g_03304	Syaa.g_01649
OG0001958	Syat.g_00343	Syaa.g_01062
OG0001960	Syat.g_01358	Syaa.g_01834
OG0001961	Syat.g_01376	Syaa.g_01847
OG0001964	Syat.g_01846	Syaa.g_02335
OG0001966	Syat.g_01940	Syaa.g_00292
OG0001967	Syat.g_01942	Syaa.g_00290
OG0001968	Syat.g_01943	Syaa.g_00289
OG0001969	Syat.g_02102	Syaa.g_00224
OG0001970	Syat.g_02921	Syaa.g_02423
OG0001971	Syat.g_02835	Syaa.g_02501
OG0001972	Syat.g_02723	Syaa.g_02567
OG0001975	Syat.g_03286	Syaa.g_01032
OG0001976	Syat.g_03288	Syaa.g_01034
OG0001979	Syat.g_03155	Syaa.g_00911
OG0001980	Syat.g_00836	Syaa.g_02192
OG0001991	Syat.g_01679	Syaa.g_01102
OG0001993	Syat.g_02769	Syaa.g_01669
OG0001995	Syat.g_02221	Syaa.g_00925
OG0001996	Syat.g_02309	Syaa.g_00036
OG0001997	Syat.g_01549	Syaa.g_02356
OG0001999	Syat.g_03020	Syaa.g_00675
OG0002000	Syat.g_01112	Syaa.g_02004
OG0002002	Syat.g_00900	Syaa.g_00971
OG0002005	Syat.g_01992, Syat.g_02596	Syaa.g_01873
OG0002006	Syat.g_02751	Syaa.g_00858
OG0002007	Syat.g_00984	Syaa.g_00857
OG0002008	Syat.g_03284	Syaa.g_01312
OG0002009	Syat.g_00446	Syaa.g_01114
OG0002010	Syat.g_01337	Syaa.g_01804
OG0002011	Syat.g_00868, Syat.g_01912	Syaa.g_02141
OG0002013	Syat.g_01504	Syaa.g_02151
OG0002016	Syat.g_02743	Syaa.g_02551
OG0002019	Syat.g_02199	Syaa.g_01419
OG0002020	Syat.g_02597	Syaa.g_02704
OG0002021	Syat.g_02450	Syaa.g_02703
OG0002022	Syat.g_02448	Syaa.g_02700
OG0002023	Syat.g_02447	Syaa.g_02699
OG0002024	Syat.g_02554	Syaa.g_02692
OG0002025	Syat.g_02463	Syaa.g_00610
OG0002038	Syat.g_01251	Syaa.g_00779
OG0002040	Syat.g_02427	Syaa.g_00793
OG0002045	Syat.g_01381	Syaa.g_01850
OG0002047	Syat.g_02951	Syaa.g_02152
OG0002048	Syat.g_01636	Syaa.g_02228
OG0002049	Syat.g_01840	Syaa.g_02325
OG0002050	Syat.g_02040	Syaa.g_00281
OG0002051	Syat.g_02848	Syaa.g_02489
OG0002054	Syat.g_02555	Syaa.g_02691
OG0002055	Syat.g_02428	Syaa.g_02695
OG0002056	Syat.g_02078	Syaa.g_00245
OG0002107	Syat.g_02014, Syat.g_03230, Syat.g_00994	Syaa.g_01544
OG0002107	Syat.g_00953, Syat.g_02429	Syaa.g_02716
OG0002116	Syat.g_03094	Syaa.g_00586
OG0002119	Syat.g_02752	Syaa.g_02546
OG0002120	Syat.g_02459	Syaa.g_01440
OG0002123	Syat.g_00662	Syaa.g_01241
OG0002129	Syat.g_01280	Syaa.g_01787
OG0002132	Syat.g_02553	Syaa.g_02696
OG0002134	Syat.g_02186	Syaa.g_00139
OG0002135	Syat.g_03043	Syaa.g_00520
OG0002136	Syat.g_03044	Syaa.g_00521
OG0002137	Syat.g_02464	Syaa.g_00609
OG0002138	Syat.g_02879, Syat.g_02880, Syat.g_00820	Syaa.g_00913
OG0002139	Syat.g_00884	Syaa.g_00956
OG0002142	Syat.g_01239	Syaa.g_01760
OG0002143	Syat.g_00973	Syaa.g_02144
OG0002144	Syat.g_03389	Syaa.g_02319
OG0002160	Syat.g_02996	Syaa.g_00923
OG0002166	Syat.g_03397	Syaa.g_00917
OG0002170	Syat.g_01618	Syaa.g_02186
OG0002173	Syat.g_02754	Syaa.g_02544
OG0002179	Syat.g_02153	Syaa.g_00158
OG0002180	Syat.g_02069	Syaa.g_00254
OG0002181	Syat.g_02001	Syaa.g_00284
OG0002182	Syat.g_03097	Syaa.g_00302
OG0002183	Syat.g_01529	Syaa.g_00326
OG0002184	Syat.g_01525	Syaa.g_00329
OG0002185	Syat.g_01487	Syaa.g_00336
OG0002186	Syat.g_03045	Syaa.g_00522
OG0002187	Syat.g_03046	Syaa.g_00523
OG0002188	Syat.g_03118	Syaa.g_00558
OG0002189	Syat.g_03117	Syaa.g_00559
OG0002190	Syat.g_03080	Syaa.g_00600
OG0002191	Syat.g_02668, Syat.g_01001	Syaa.g_00699
OG0002192	Syat.g_00298	Syaa.g_00795
OG0002194	Syat.g_00889	Syaa.g_00960
OG0002195	Syat.g_00434	Syaa.g_01099
OG0002196	Syat.g_00464	Syaa.g_01141
OG0002197	Syat.g_00541	Syaa.g_01322
OG0002198	Syat.g_02588	Syaa.g_01613
OG0002199	Syat.g_00393	Syaa.g_01618
OG0002200	Syat.g_01225	Syaa.g_01774
OG0002201	Syat.g_00004	Syaa.g_01880
OG0002202	Syat.g_00005	Syaa.g_01881
OG0002203	Syat.g_00006	Syaa.g_01882
OG0002204	Syat.g_00029	Syaa.g_01899
OG0002205	Syat.g_00047	Syaa.g_01916
OG0002206	Syat.g_00058, Syat.g_01056	Syaa.g_01930
OG0002207	Syat.g_00068	Syaa.g_01940
OG0002208	Syat.g_03165	Syaa.g_02056
OG0002209	Syat.g_01606	Syaa.g_02174
OG0002210	Syat.g_01627	Syaa.g_02220
OG0002211	Syat.g_01789	Syaa.g_02257
OG0002212	Syat.g_02702	Syaa.g_02579
OG0002213	Syat.g_02697	Syaa.g_02583
OG0002214	Syat.g_02401	Syaa.g_02736
OG0002225	Syat.g_00993	Syaa.g_01543
OG0002225	Syat.g_00950, Syat.g_02431	Syaa.g_02717
OG0002238	Syat.g_00491	Syaa.g_01053
OG0002244	Syat.g_00744	Syaa.g_02136
OG0002247	Syat.g_00054	Syaa.g_01923
OG0002248	Syat.g_00837	Syaa.g_00903
OG0002249	Syat.g_01310	Syaa.g_00374, Syaa.g_01171
OG0002250	Syat.g_01530	Syaa.g_00325
OG0002251	Syat.g_03077	Syaa.g_00604
OG0002252	Syat.g_02625	Syaa.g_00680
OG0002253	Syat.g_01145	Syaa.g_00747
OG0002254	Syat.g_00691	Syaa.g_01282
OG0002255	Syat.g_00556	Syaa.g_01336
OG0002257	Syat.g_01714	Syaa.g_01585
OG0002258	Syat.g_00030	Syaa.g_01900
OG0002259	Syat.g_03274	Syaa.g_01976
OG0002285	Syat.g_00612	Syaa.g_01388
OG0002286	Syat.g_00266	Syaa.g_02311
OG0002292	Syat.g_02822	Syaa.g_02517
OG0002296	Syat.g_01332	Syaa.g_01799
OG0002297	Syat.g_01433	Syaa.g_00932
OG0002298	Syat.g_00559	Syaa.g_01340
OG0002300	Syat.g_00977	Syaa.g_01435
OG0002302	Syat.g_01307	Syaa.g_02071
OG0002305	Syat.g_01576	Syaa.g_02385
OG0002306	Syat.g_02502	Syaa.g_02698
OG0002332	Syat.g_00492	Syaa.g_01052
OG0002333	Syat.g_00490	Syaa.g_01054
OG0002343	Syat.g_01871	Syaa.g_00312
OG0002347	Syat.g_03036	Syaa.g_00512
OG0002352	Syat.g_02986	Syaa.g_00781
OG0002354	Syat.g_00577	Syaa.g_01356
OG0002355	Syat.g_01013	Syaa.g_01517
OG0002357	Syat.g_02661	Syaa.g_02659
OG0002385	Syat.g_00268	Syaa.g_02312
OG0002386	Syat.g_01687	Syaa.g_01588, Syaa.g_01589
OG0002396	Syat.g_01817	Syaa.g_02284
OG0002401	Syat.g_00630	Syaa.g_00782
OG0002402	Syat.g_00791	Syaa.g_00863
OG0002403	Syat.g_00821	Syaa.g_00983
OG0002404	Syat.g_01875	Syaa.g_01255
OG0002409	Syat.g_02505	Syaa.g_02652
OG0002410	Syat.g_02412	Syaa.g_02729
OG0002443	Syat.g_00335	Syaa.g_02537
OG0002463	Syat.g_00337	Syaa.g_00112
OG0002464	Syat.g_01484	Syaa.g_00338
OG0002466	Syat.g_02995	Syaa.g_00645
OG0002469	Syat.g_00908	Syaa.g_00980
OG0002473	Syat.g_01498	Syaa.g_02494
OG0002496	Syat.g_02437	Syaa.g_02096
OG0002519	Syat.g_02425	Syaa.g_00155
OG0002522	Syat.g_02984	Syaa.g_00630
OG0002525	Syat.g_02650	Syaa.g_01444
OG0002527	Syat.g_00835	Syaa.g_01484
OG0002528	Syat.g_00833	Syaa.g_01486
OG0002529	Syat.g_01427	Syaa.g_01508
OG0002530	Syat.g_00990, Syat.g_03379	Syaa.g_01541
OG0002531	Syat.g_00992	Syaa.g_01542
OG0002537	Syat.g_02827	Syaa.g_02515
OG0002539	Syat.g_02674	Syaa.g_02606
OG0002578	Syat.g_02842	Syaa.g_01775
OG0002596	Syat.g_00220	Syaa.g_01175
OG0002598	Syat.g_00970	Syaa.g_01432
OG0002601	Syat.g_00834	Syaa.g_01485
OG0002602	Syat.g_02441	Syaa.g_01528
OG0002643	Syat.g_00854	Syaa.g_01830
OG0002664	Syat.g_00167	Syaa.g_01733
OG0002669	Syat.g_01119	Syaa.g_00613
OG0002670	Syat.g_02406	Syaa.g_00504
OG0002709	Syat.g_02484	Syaa.g_00946
OG0002721	Syat.g_03161	Syaa.g_00813
OG0002731	Syat.g_00687	Syaa.g_02655
OG0002732	Syat.g_02744	Syaa.g_00110, Syaa.g_00111
OG0002733	Syat.g_03323	Syaa.g_01732, Syaa.g_01731, Syaa.g_01276
OG0002735	Syat.g_01051, Syat.g_01785	Syaa.g_00147, Syaa.g_00146
OG0002739	Syat.g_02791	Syaa.g_01046
OG0002743	Syat.g_01050	Syaa.g_01383
OG0002747	Syat.g_01009	Syaa.g_01657
OG0002750	Syat.g_00763	Syaa.g_01972
OG0002751	Syat.g_00762	Syaa.g_01973
OG0002776	Syat.g_00949, Syat.g_02432	Syaa.g_02718
OG0002787	Syat.g_01946	Syaa.g_01554
OG0002788	Syat.g_01947	Syaa.g_01553
OG0002789	Syat.g_01948	Syaa.g_01552
OG0002790	Syat.g_01949	Syaa.g_01551
OG0002791	Syat.g_01950	Syaa.g_01550
OG0002792	Syat.g_01951	Syaa.g_01549
OG0002793	Syat.g_01952	Syaa.g_01548
OG0002808	Syat.g_02300	Syaa.g_00044
OG0002849	Syat.g_02023	Syaa.g_00509
OG0002849	Syat.g_02024	Syaa.g_00614
OG0002853	Syat.g_00136	Syaa.g_01206
OG0002855	Syat.g_01052	Syaa.g_01398
OG0002859	Syat.g_00995	Syaa.g_01545
OG0002892	Syat.g_01895	Syaa.g_01547
OG0002899	Syat.g_01972	Syaa.g_01824
OG0002908	Syat.g_01086, Syat.g_03303	Syaa.g_02711
OG0002932	Syat.g_02745	Syaa.g_00109
OG0002933	Syat.g_02746	Syaa.g_00108
OG0002952	Syat.g_02407	Syaa.g_00503
OG0002953	Syat.g_02093	Syaa.g_00580
OG0002969	Syat.g_00988	Syaa.g_01539
OG0002970	Syat.g_00989	Syaa.g_01540
OG0002971	Syat.g_00996	Syaa.g_01556
OG0003042	Syat.g_01085, Syat.g_02639	Syaa.g_02710
OG0003045	Syat.g_01541	Syaa.g_01610, Syaa.g_00936
OG0003099	Syat.g_02094	Syaa.g_01049
OG0003101	Syat.g_02022	Syaa.g_00615, Syaa.g_00510
OG0003104	Syat.g_01836	Syaa.g_02610, Syaa.g_00811
OG0003113	Syat.g_00997	Syaa.g_01555
OG0003191	Syat.g_01087	Syaa.g_02712
OG0003255	Syat.g_01390	Syaa.g_00105
OG0003258	Syat.g_01880	Syaa.g_00080
OG0003260	Syat.g_02363	Syaa.g_00500
OG0003261	Syat.g_00881	Syaa.g_00506
OG0003264	Syat.g_01118	Syaa.g_00612
OG0003511	Syat.g_01130	Syaa.g_00216
OG0003515	Syat.g_01139	Syaa.g_00441
OG0003522	Syat.g_01673	Syaa.g_01504
OG0003526	Syat.g_03068	Syaa.g_01599
OG0003834	Syat.g_01406	Syaa.g_00517
OG0003860	Syat.g_00847	Syaa.g_02132
OG0004298	Syat.g_01131	Syaa.g_00217
OG0004301	Syat.g_01138	Syaa.g_00443
OG0004303	Syat.g_02099	Syaa.g_00516
OG0004990	Syat.g_01002	Syaa.g_02588
OG0005729	Syat.g_02324	Syaa.g_00021
