Orthogroup	Prao	Pran
OG0000000	Prao.g_00116	Pran.g_01500
OG0000001	Prao.g_01029	Pran.g_00001, Pran.g_00602
OG0000001	Prao.g_01297, Prao.g_01528	Pran.g_00593
OG0000001	Prao.g_01514	Pran.g_00579
OG0000003	Prao.g_01296	Pran.g_00894
OG0000004	Prao.g_00673	Pran.g_00576
OG0000004	Prao.g_00679	Pran.g_01436
OG0000004	Prao.g_01301	Pran.g_00895
OG0000005	Prao.g_01515	Pran.g_00601
OG0000006	Prao.g_00603	Pran.g_01681
OG0000006	Prao.g_01552	Pran.g_00970
OG0000007	Prao.g_00111	Pran.g_01506
OG0000008	Prao.g_00517	Pran.g_01811
OG0000008	Prao.g_01333	Pran.g_00526
OG0000009	Prao.g_00720	Pran.g_01363
OG0000009	Prao.g_00387	Pran.g_01943
OG0000010	Prao.g_01142	Pran.g_00114
OG0000011	Prao.g_00466	Pran.g_01864
OG0000012	Prao.g_00036	Pran.g_01580
OG0000014	Prao.g_01293	Pran.g_00583
OG0000015	Prao.g_00515	Pran.g_01813
OG0000016	Prao.g_01243	Pran.g_00845
OG0000017	Prao.g_01417	Pran.g_00713
OG0000018	Prao.g_00379	Pran.g_01951
OG0000019	Prao.g_01346, Prao.g_00500	Pran.g_01829
OG0000020	Prao.g_00509	Pran.g_01820
OG0000021	Prao.g_00722	Pran.g_01361
OG0000022	Prao.g_01294	Pran.g_00582
OG0000023	Prao.g_01507	Pran.g_00615
OG0000024	Prao.g_01213	Pran.g_01888
OG0000025	Prao.g_01012	Pran.g_00149
OG0000026	Prao.g_00179	Pran.g_00391
OG0000027	Prao.g_01483, Prao.g_00675	Pran.g_01464
OG0000028	Prao.g_01397	Pran.g_00733
OG0000029	Prao.g_01508	Pran.g_00614
OG0000030	Prao.g_00015	Pran.g_01952
OG0000031	Prao.g_01304	Pran.g_00944, Pran.g_00898
OG0000034	Prao.g_01358	Pran.g_00777
OG0000035	Prao.g_01015	Pran.g_00145
OG0000035	Prao.g_00831	Pran.g_00415
OG0000036	Prao.g_00024	Pran.g_01593
OG0000037	Prao.g_00062	Pran.g_01555
OG0000038	Prao.g_00699	Pran.g_01401
OG0000039	Prao.g_00304	Pran.g_00266
OG0000040	Prao.g_00494	Pran.g_01834
OG0000041	Prao.g_00532	Pran.g_01778
OG0000042	Prao.g_00648	Pran.g_01460
OG0000043	Prao.g_00725	Pran.g_01358
OG0000044	Prao.g_01089	Pran.g_00060
OG0000045	Prao.g_01191	Pran.g_00807
OG0000046	Prao.g_01545	Pran.g_00963
OG0000047	Prao.g_01743	Pran.g_01160
OG0000048	Prao.g_01750	Pran.g_01167
OG0000050	Prao.g_00177	Pran.g_00393
OG0000051	Prao.g_00295	Pran.g_00275
OG0000052	Prao.g_00505	Pran.g_01824
OG0000054	Prao.g_00693	Pran.g_01408
OG0000055	Prao.g_00763	Pran.g_01321
OG0000056	Prao.g_01135	Pran.g_00108
OG0000057	Prao.g_00375, Prao.g_01537	Pran.g_00195
OG0000058	Prao.g_00581	Pran.g_01703
OG0000059	Prao.g_00136	Pran.g_01480
OG0000060	Prao.g_00677	Pran.g_00905
OG0000061	Prao.g_01124	Pran.g_00095
OG0000061	Prao.g_00922	Pran.g_00507
OG0000062	Prao.g_01122	Pran.g_00093
OG0000063	Prao.g_01332	Pran.g_01466
OG0000064	Prao.g_01538	Pran.g_01783
OG0000065	Prao.g_01276	Pran.g_00938, Pran.g_00876
OG0000066	Prao.g_01215	Pran.g_00752
OG0000068	Prao.g_01687	Pran.g_01105
OG0000071	Prao.g_00158	Pran.g_01268
OG0000072	Prao.g_00458	Pran.g_01872
OG0000073	Prao.g_00108	Pran.g_01509
OG0000074	Prao.g_00129	Pran.g_01487
OG0000075	Prao.g_00748	Pran.g_01336
OG0000076	Prao.g_00974	Pran.g_00568, Pran.g_00903
OG0000078	Prao.g_01214	Pran.g_00806
OG0000079	Prao.g_01474	Pran.g_00655
OG0000080	Prao.g_01522	Pran.g_00912, Pran.g_00575
OG0000081	Prao.g_01717	Pran.g_01135
OG0000082	Prao.g_01806	Pran.g_01222
OG0000083	Prao.g_01844	Pran.g_01260
OG0000084	Prao.g_01847	Pran.g_01263
OG0000085	Prao.g_00170	Pran.g_00401
OG0000086	Prao.g_00185	Pran.g_00386
OG0000087	Prao.g_00195	Pran.g_00376
OG0000088	Prao.g_00251	Pran.g_00320
OG0000089	Prao.g_00260	Pran.g_00312
OG0000090	Prao.g_00277	Pran.g_00295
OG0000091	Prao.g_00307	Pran.g_00263
OG0000092	Prao.g_00308	Pran.g_00262
OG0000093	Prao.g_00322	Pran.g_00248
OG0000094	Prao.g_00340	Pran.g_00230
OG0000095	Prao.g_00345	Pran.g_00225
OG0000096	Prao.g_00389	Pran.g_01941
OG0000097	Prao.g_01378	Pran.g_01920
OG0000098	Prao.g_00421	Pran.g_01910
OG0000099	Prao.g_00431	Pran.g_01900
OG0000100	Prao.g_00434	Pran.g_01897
OG0000101	Prao.g_00491	Pran.g_01838
OG0000102	Prao.g_00516	Pran.g_01812
OG0000103	Prao.g_00582	Pran.g_01702
OG0000104	Prao.g_00586	Pran.g_01698
OG0000105	Prao.g_00605	Pran.g_01679
OG0000106	Prao.g_01859	Pran.g_01646
OG0000107	Prao.g_01858	Pran.g_01645
OG0000108	Prao.g_01162	Pran.g_01635
OG0000109	Prao.g_01171	Pran.g_01626
OG0000110	Prao.g_01187	Pran.g_01609
OG0000111	Prao.g_00090	Pran.g_01527
OG0000112	Prao.g_00091	Pran.g_01526
OG0000113	Prao.g_00670	Pran.g_01438
OG0000114	Prao.g_00739	Pran.g_01345
OG0000115	Prao.g_00902	Pran.g_00487
OG0000116	Prao.g_00906	Pran.g_00491
OG0000117	Prao.g_00971	Pran.g_00565
OG0000118	Prao.g_01025	Pran.g_00135
OG0000119	Prao.g_01119	Pran.g_00090
OG0000120	Prao.g_01083	Pran.g_00054
OG0000121	Prao.g_01064	Pran.g_00035
OG0000122	Prao.g_01045	Pran.g_00016
OG0000123	Prao.g_01032	Pran.g_00003
OG0000124	Prao.g_00014	Pran.g_00918
OG0000125	Prao.g_01264	Pran.g_00864
OG0000126	Prao.g_01239	Pran.g_00841
OG0000127	Prao.g_01384	Pran.g_00746
OG0000128	Prao.g_01398	Pran.g_00732
OG0000129	Prao.g_01433	Pran.g_00696
OG0000130	Prao.g_01550	Pran.g_00968
OG0000131	Prao.g_01588	Pran.g_01006
OG0000132	Prao.g_01591	Pran.g_01009
OG0000133	Prao.g_01646	Pran.g_01063
OG0000134	Prao.g_01682	Pran.g_01100
OG0000135	Prao.g_01684	Pran.g_01102
OG0000136	Prao.g_01728	Pran.g_01145
OG0000137	Prao.g_01760	Pran.g_01177
OG0000138	Prao.g_01796	Pran.g_01212
OG0000139	Prao.g_01823	Pran.g_01239
OG0000140	Prao.g_01842	Pran.g_01258
OG0000141	Prao.g_01843	Pran.g_01259
OG0000142	Prao.g_01845	Pran.g_01261
OG0000143	Prao.g_01846	Pran.g_01262
OG0000144	Prao.g_01848	Pran.g_01264
OG0000145	Prao.g_01849	Pran.g_01265
OG0000146	Prao.g_01850	Pran.g_01266
OG0000147	Prao.g_00157	Pran.g_01267
OG0000148	Prao.g_00159	Pran.g_01269
OG0000149	Prao.g_00161	Pran.g_00410
OG0000150	Prao.g_00162	Pran.g_00409
OG0000151	Prao.g_00163	Pran.g_00408
OG0000152	Prao.g_00164	Pran.g_00407
OG0000153	Prao.g_00165	Pran.g_00406
OG0000154	Prao.g_00166	Pran.g_00405
OG0000155	Prao.g_00167	Pran.g_00404
OG0000156	Prao.g_00168	Pran.g_00403
OG0000157	Prao.g_00169	Pran.g_00402
OG0000158	Prao.g_00171	Pran.g_00400
OG0000159	Prao.g_00172	Pran.g_00399
OG0000160	Prao.g_00173	Pran.g_00398
OG0000161	Prao.g_00174	Pran.g_00397
OG0000162	Prao.g_00175	Pran.g_00396
OG0000163	Prao.g_00176	Pran.g_00395
OG0000164	Prao.g_00178	Pran.g_00392
OG0000165	Prao.g_00181	Pran.g_00389
OG0000166	Prao.g_00182	Pran.g_00388
OG0000167	Prao.g_00183	Pran.g_00387
OG0000168	Prao.g_00186	Pran.g_00385
OG0000169	Prao.g_00188	Pran.g_00383
OG0000170	Prao.g_00189	Pran.g_00382
OG0000171	Prao.g_00190	Pran.g_00381
OG0000172	Prao.g_00191	Pran.g_00380
OG0000173	Prao.g_00192	Pran.g_00379
OG0000174	Prao.g_00193	Pran.g_00378
OG0000175	Prao.g_00194	Pran.g_00377
OG0000176	Prao.g_00196	Pran.g_00375
OG0000177	Prao.g_00197	Pran.g_00374
OG0000178	Prao.g_00198	Pran.g_00373
OG0000179	Prao.g_00203	Pran.g_00368
OG0000180	Prao.g_00204	Pran.g_00367
OG0000181	Prao.g_00205	Pran.g_00366
OG0000182	Prao.g_00208	Pran.g_00363
OG0000183	Prao.g_00209	Pran.g_00362
OG0000184	Prao.g_00212	Pran.g_00359
OG0000185	Prao.g_00216	Pran.g_00355
OG0000186	Prao.g_00217	Pran.g_00354
OG0000187	Prao.g_00218	Pran.g_00353
OG0000188	Prao.g_00219	Pran.g_00352
OG0000189	Prao.g_00220	Pran.g_00351
OG0000190	Prao.g_00221	Pran.g_00350
OG0000191	Prao.g_00222	Pran.g_00349
OG0000192	Prao.g_00223	Pran.g_00348
OG0000193	Prao.g_00224	Pran.g_00347
OG0000194	Prao.g_00225	Pran.g_00346
OG0000195	Prao.g_00227	Pran.g_00344
OG0000196	Prao.g_00228	Pran.g_00343
OG0000197	Prao.g_00229	Pran.g_00342
OG0000198	Prao.g_00230	Pran.g_00341
OG0000199	Prao.g_00233	Pran.g_00339
OG0000200	Prao.g_00234	Pran.g_00338
OG0000201	Prao.g_00235	Pran.g_00337
OG0000202	Prao.g_00236	Pran.g_00336
OG0000203	Prao.g_00237	Pran.g_00335
OG0000204	Prao.g_00238	Pran.g_00334
OG0000205	Prao.g_00239	Pran.g_00333
OG0000206	Prao.g_00240	Pran.g_00332
OG0000207	Prao.g_00241	Pran.g_00331
OG0000208	Prao.g_00242	Pran.g_00330
OG0000209	Prao.g_00243	Pran.g_00329
OG0000210	Prao.g_00244	Pran.g_00327
OG0000211	Prao.g_00245	Pran.g_00326
OG0000212	Prao.g_00246	Pran.g_00325
OG0000213	Prao.g_00247	Pran.g_00324
OG0000214	Prao.g_00249	Pran.g_00322
OG0000215	Prao.g_00250	Pran.g_00321
OG0000216	Prao.g_00252	Pran.g_00319
OG0000217	Prao.g_00254	Pran.g_00318
OG0000218	Prao.g_00255	Pran.g_00317
OG0000219	Prao.g_00256	Pran.g_00316
OG0000220	Prao.g_00259	Pran.g_00313
OG0000221	Prao.g_00261	Pran.g_00311
OG0000222	Prao.g_00262	Pran.g_00310
OG0000223	Prao.g_00263	Pran.g_00309
OG0000224	Prao.g_00266	Pran.g_00307
OG0000225	Prao.g_00268	Pran.g_00305
OG0000226	Prao.g_00269	Pran.g_00304
OG0000227	Prao.g_00270	Pran.g_00303
OG0000228	Prao.g_00271	Pran.g_00302
OG0000229	Prao.g_00272	Pran.g_00301
OG0000230	Prao.g_00273	Pran.g_00300
OG0000231	Prao.g_00274	Pran.g_00298
OG0000232	Prao.g_00275	Pran.g_00297
OG0000233	Prao.g_00278	Pran.g_00294
OG0000234	Prao.g_00280	Pran.g_00292
OG0000235	Prao.g_00283	Pran.g_00288
OG0000236	Prao.g_00284	Pran.g_00287
OG0000237	Prao.g_00285	Pran.g_00286
OG0000238	Prao.g_00286	Pran.g_00285
OG0000239	Prao.g_00287	Pran.g_00283
OG0000240	Prao.g_00289	Pran.g_00281
OG0000241	Prao.g_00290	Pran.g_00280
OG0000242	Prao.g_00291	Pran.g_00279
OG0000243	Prao.g_00292	Pran.g_00278
OG0000244	Prao.g_00293	Pran.g_00277
OG0000245	Prao.g_00294	Pran.g_00276
OG0000246	Prao.g_00296	Pran.g_00274
OG0000247	Prao.g_00297	Pran.g_00273
OG0000248	Prao.g_00298	Pran.g_00272
OG0000249	Prao.g_00299	Pran.g_00271
OG0000250	Prao.g_00300	Pran.g_00270
OG0000251	Prao.g_00301	Pran.g_00269
OG0000252	Prao.g_00302	Pran.g_00268
OG0000253	Prao.g_00303	Pran.g_00267
OG0000254	Prao.g_00305	Pran.g_00265
OG0000255	Prao.g_00306	Pran.g_00264
OG0000256	Prao.g_00309	Pran.g_00261
OG0000257	Prao.g_00311	Pran.g_00259
OG0000258	Prao.g_00312	Pran.g_00258
OG0000259	Prao.g_00313	Pran.g_00257
OG0000260	Prao.g_00314	Pran.g_00256
OG0000261	Prao.g_00315	Pran.g_00255
OG0000262	Prao.g_00316	Pran.g_00254
OG0000263	Prao.g_00317	Pran.g_00253
OG0000264	Prao.g_00319	Pran.g_00251
OG0000265	Prao.g_00320	Pran.g_00250
OG0000266	Prao.g_00321	Pran.g_00249
OG0000267	Prao.g_00323	Pran.g_00247
OG0000268	Prao.g_00324	Pran.g_00246
OG0000269	Prao.g_00325	Pran.g_00245
OG0000270	Prao.g_00326	Pran.g_00244
OG0000271	Prao.g_00327	Pran.g_00243
OG0000272	Prao.g_00328	Pran.g_00242
OG0000273	Prao.g_00329	Pran.g_00241
OG0000274	Prao.g_00330	Pran.g_00240
OG0000275	Prao.g_00331	Pran.g_00239
OG0000276	Prao.g_00332	Pran.g_00238
OG0000277	Prao.g_00333	Pran.g_00237
OG0000278	Prao.g_00334	Pran.g_00236
OG0000279	Prao.g_00335	Pran.g_00235
OG0000280	Prao.g_00336	Pran.g_00234
OG0000281	Prao.g_00338	Pran.g_00232
OG0000282	Prao.g_00339	Pran.g_00231
OG0000283	Prao.g_00342	Pran.g_00228
OG0000284	Prao.g_00343	Pran.g_00227
OG0000285	Prao.g_00344	Pran.g_00226
OG0000286	Prao.g_00346	Pran.g_00224
OG0000287	Prao.g_00347	Pran.g_00223
OG0000288	Prao.g_00348	Pran.g_00222
OG0000289	Prao.g_00349	Pran.g_00221
OG0000290	Prao.g_00350	Pran.g_00220
OG0000291	Prao.g_00351	Pran.g_00219
OG0000292	Prao.g_00352	Pran.g_00218
OG0000293	Prao.g_00353	Pran.g_00217
OG0000294	Prao.g_00354	Pran.g_00216
OG0000295	Prao.g_00355	Pran.g_00215
OG0000296	Prao.g_00356	Pran.g_00214
OG0000297	Prao.g_00357	Pran.g_00213
OG0000298	Prao.g_00358	Pran.g_00212
OG0000299	Prao.g_00359	Pran.g_00211
OG0000300	Prao.g_00360	Pran.g_00210
OG0000301	Prao.g_00361	Pran.g_00209
OG0000302	Prao.g_00362	Pran.g_00208
OG0000303	Prao.g_00363	Pran.g_00207
OG0000304	Prao.g_00364	Pran.g_00206
OG0000305	Prao.g_00365	Pran.g_00205
OG0000306	Prao.g_00366	Pran.g_00204
OG0000307	Prao.g_00367	Pran.g_00203
OG0000308	Prao.g_00368	Pran.g_00202
OG0000309	Prao.g_00369	Pran.g_00201
OG0000310	Prao.g_00370	Pran.g_00200
OG0000311	Prao.g_00371	Pran.g_00199
OG0000312	Prao.g_00373	Pran.g_00197
OG0000313	Prao.g_00374	Pran.g_00196
OG0000314	Prao.g_00377	Pran.g_00194
OG0000315	Prao.g_00378	Pran.g_00193
OG0000316	Prao.g_00380	Pran.g_01950
OG0000317	Prao.g_00382	Pran.g_01948
OG0000318	Prao.g_00383	Pran.g_01947
OG0000319	Prao.g_00384	Pran.g_01946
OG0000320	Prao.g_00385	Pran.g_01945
OG0000321	Prao.g_00388	Pran.g_01942
OG0000322	Prao.g_00391	Pran.g_01939
OG0000323	Prao.g_00392	Pran.g_01938
OG0000324	Prao.g_00395	Pran.g_01935
OG0000325	Prao.g_00397	Pran.g_01934
OG0000326	Prao.g_00398	Pran.g_01933
OG0000327	Prao.g_00400	Pran.g_01931
OG0000328	Prao.g_00401	Pran.g_01930
OG0000329	Prao.g_00402	Pran.g_01929
OG0000330	Prao.g_00403	Pran.g_01928
OG0000331	Prao.g_00404	Pran.g_01927
OG0000332	Prao.g_00405	Pran.g_01926
OG0000333	Prao.g_00406	Pran.g_01925
OG0000334	Prao.g_00407	Pran.g_01924
OG0000335	Prao.g_00408	Pran.g_01923
OG0000336	Prao.g_00409	Pran.g_01922
OG0000337	Prao.g_00412	Pran.g_01919
OG0000338	Prao.g_00413	Pran.g_01918
OG0000339	Prao.g_00414	Pran.g_01917
OG0000340	Prao.g_00415	Pran.g_01916
OG0000341	Prao.g_00419	Pran.g_01912
OG0000342	Prao.g_00420	Pran.g_01911
OG0000343	Prao.g_00422	Pran.g_01909
OG0000344	Prao.g_00423	Pran.g_01908
OG0000345	Prao.g_00424	Pran.g_01907
OG0000346	Prao.g_00425	Pran.g_01906
OG0000347	Prao.g_00426	Pran.g_01905
OG0000348	Prao.g_00427	Pran.g_01904
OG0000349	Prao.g_00428	Pran.g_01903
OG0000350	Prao.g_00429	Pran.g_01902
OG0000351	Prao.g_00432	Pran.g_01899
OG0000352	Prao.g_00435	Pran.g_01896
OG0000353	Prao.g_00436	Pran.g_01895
OG0000354	Prao.g_00437	Pran.g_01894
OG0000355	Prao.g_00438	Pran.g_01893
OG0000356	Prao.g_00439	Pran.g_01892
OG0000357	Prao.g_00440	Pran.g_01891
OG0000358	Prao.g_00441	Pran.g_01890
OG0000359	Prao.g_00442	Pran.g_01889
OG0000360	Prao.g_00444	Pran.g_01886
OG0000361	Prao.g_00445	Pran.g_01885
OG0000362	Prao.g_00446	Pran.g_01884
OG0000363	Prao.g_00447	Pran.g_01883
OG0000364	Prao.g_00448	Pran.g_01882
OG0000365	Prao.g_00449	Pran.g_01881
OG0000366	Prao.g_00450	Pran.g_01880
OG0000367	Prao.g_00451	Pran.g_01879
OG0000368	Prao.g_00452	Pran.g_01878
OG0000369	Prao.g_00453	Pran.g_01877
OG0000370	Prao.g_00454	Pran.g_01876
OG0000371	Prao.g_00455	Pran.g_01875
OG0000372	Prao.g_00457	Pran.g_01873
OG0000373	Prao.g_00459	Pran.g_01871
OG0000374	Prao.g_00460	Pran.g_01870
OG0000375	Prao.g_00461	Pran.g_01869
OG0000376	Prao.g_00463	Pran.g_01867
OG0000377	Prao.g_00464	Pran.g_01866
OG0000378	Prao.g_00465	Pran.g_01865
OG0000379	Prao.g_00470	Pran.g_01860
OG0000380	Prao.g_00471	Pran.g_01859
OG0000381	Prao.g_00472	Pran.g_01858
OG0000382	Prao.g_00474	Pran.g_01857
OG0000383	Prao.g_00476	Pran.g_01854
OG0000384	Prao.g_00477	Pran.g_01853
OG0000385	Prao.g_00479	Pran.g_01850
OG0000386	Prao.g_00480	Pran.g_01849
OG0000387	Prao.g_00481	Pran.g_01848
OG0000388	Prao.g_00482	Pran.g_01847
OG0000389	Prao.g_00483	Pran.g_01846
OG0000390	Prao.g_00484	Pran.g_01845
OG0000391	Prao.g_00485	Pran.g_01844
OG0000392	Prao.g_00486	Pran.g_01843
OG0000393	Prao.g_00489	Pran.g_01840
OG0000394	Prao.g_00490	Pran.g_01839
OG0000395	Prao.g_00492	Pran.g_01837
OG0000396	Prao.g_00493	Pran.g_01835
OG0000397	Prao.g_00506	Pran.g_01823
OG0000398	Prao.g_00513	Pran.g_01816
OG0000399	Prao.g_00514	Pran.g_01815
OG0000400	Prao.g_00518	Pran.g_01808
OG0000401	Prao.g_00535	Pran.g_01749
OG0000402	Prao.g_00536	Pran.g_01748
OG0000403	Prao.g_00537	Pran.g_01747
OG0000404	Prao.g_00539	Pran.g_01745
OG0000405	Prao.g_00540	Pran.g_01744
OG0000406	Prao.g_00542	Pran.g_01742
OG0000407	Prao.g_00543	Pran.g_01741
OG0000408	Prao.g_00544	Pran.g_01740
OG0000409	Prao.g_00545	Pran.g_01739
OG0000410	Prao.g_00546	Pran.g_01738
OG0000411	Prao.g_00547	Pran.g_01737
OG0000412	Prao.g_00548	Pran.g_01736
OG0000413	Prao.g_00549	Pran.g_01735
OG0000414	Prao.g_00550	Pran.g_01734
OG0000415	Prao.g_00551	Pran.g_01733
OG0000416	Prao.g_00552	Pran.g_01729
OG0000417	Prao.g_00553	Pran.g_01728
OG0000418	Prao.g_00554	Pran.g_01727
OG0000419	Prao.g_00555	Pran.g_01726
OG0000420	Prao.g_00556	Pran.g_01725
OG0000421	Prao.g_00557	Pran.g_01724
OG0000422	Prao.g_00559	Pran.g_01723
OG0000423	Prao.g_00560	Pran.g_01722
OG0000424	Prao.g_00564	Pran.g_01720
OG0000425	Prao.g_00567	Pran.g_01717
OG0000426	Prao.g_00568	Pran.g_01716
OG0000427	Prao.g_00569	Pran.g_01715
OG0000428	Prao.g_00570	Pran.g_01714
OG0000429	Prao.g_00571	Pran.g_01713
OG0000430	Prao.g_00577	Pran.g_01707
OG0000431	Prao.g_00579	Pran.g_01705
OG0000432	Prao.g_00580	Pran.g_01704
OG0000433	Prao.g_00583	Pran.g_01701
OG0000434	Prao.g_00584	Pran.g_01700
OG0000435	Prao.g_00585	Pran.g_01699
OG0000436	Prao.g_00587	Pran.g_01697
OG0000437	Prao.g_00589	Pran.g_01695
OG0000438	Prao.g_00590	Pran.g_01694
OG0000439	Prao.g_00591	Pran.g_01693
OG0000440	Prao.g_00593	Pran.g_01691
OG0000441	Prao.g_00594	Pran.g_01690
OG0000442	Prao.g_00595	Pran.g_01689
OG0000443	Prao.g_00596	Pran.g_01688
OG0000444	Prao.g_00597	Pran.g_01687
OG0000445	Prao.g_00598	Pran.g_01686
OG0000446	Prao.g_00599	Pran.g_01685
OG0000447	Prao.g_00600	Pran.g_01684
OG0000448	Prao.g_00601	Pran.g_01683
OG0000449	Prao.g_00606	Pran.g_01678
OG0000450	Prao.g_00607	Pran.g_01677
OG0000451	Prao.g_00608	Pran.g_01676
OG0000452	Prao.g_00609	Pran.g_01675
OG0000453	Prao.g_00611	Pran.g_01673
OG0000454	Prao.g_00612	Pran.g_01672
OG0000455	Prao.g_00613	Pran.g_01671
OG0000456	Prao.g_00614	Pran.g_01670
OG0000457	Prao.g_00616	Pran.g_01668
OG0000458	Prao.g_00618	Pran.g_01666
OG0000459	Prao.g_00619	Pran.g_01665
OG0000460	Prao.g_00621	Pran.g_01663
OG0000461	Prao.g_00622	Pran.g_01662
OG0000462	Prao.g_00623	Pran.g_01661
OG0000463	Prao.g_00624	Pran.g_01660
OG0000464	Prao.g_00629	Pran.g_01655
OG0000465	Prao.g_00631	Pran.g_01653
OG0000466	Prao.g_00632	Pran.g_01652
OG0000467	Prao.g_00633	Pran.g_01651
OG0000468	Prao.g_00634	Pran.g_01650
OG0000469	Prao.g_00635	Pran.g_01649
OG0000470	Prao.g_01861	Pran.g_01648
OG0000471	Prao.g_01860	Pran.g_01647
OG0000472	Prao.g_01857	Pran.g_01644
OG0000473	Prao.g_01856	Pran.g_01643
OG0000474	Prao.g_01855	Pran.g_01642
OG0000475	Prao.g_01854	Pran.g_01641
OG0000476	Prao.g_01853	Pran.g_01640
OG0000477	Prao.g_01159	Pran.g_01638
OG0000478	Prao.g_01160	Pran.g_01637
OG0000479	Prao.g_01161	Pran.g_01636
OG0000480	Prao.g_01163	Pran.g_01634
OG0000481	Prao.g_01164	Pran.g_01633
OG0000482	Prao.g_01165	Pran.g_01632
OG0000483	Prao.g_01166	Pran.g_01631
OG0000484	Prao.g_01167	Pran.g_01630
OG0000485	Prao.g_01168	Pran.g_01629
OG0000486	Prao.g_01169	Pran.g_01628
OG0000487	Prao.g_01170	Pran.g_01627
OG0000488	Prao.g_01172	Pran.g_01625
OG0000489	Prao.g_01173	Pran.g_01624
OG0000490	Prao.g_01174	Pran.g_01623
OG0000491	Prao.g_01175	Pran.g_01622
OG0000492	Prao.g_01176	Pran.g_01621
OG0000493	Prao.g_01177	Pran.g_01620
OG0000494	Prao.g_01179	Pran.g_01618
OG0000495	Prao.g_01180	Pran.g_01617
OG0000496	Prao.g_01181	Pran.g_01616
OG0000497	Prao.g_01182	Pran.g_01614
OG0000498	Prao.g_01183	Pran.g_01613
OG0000499	Prao.g_01185	Pran.g_01611
OG0000500	Prao.g_01186	Pran.g_01610
OG0000501	Prao.g_01862	Pran.g_01608
OG0000502	Prao.g_01863	Pran.g_01607
OG0000503	Prao.g_01864	Pran.g_01606
OG0000504	Prao.g_01865	Pran.g_01605
OG0000505	Prao.g_01866	Pran.g_01604
OG0000506	Prao.g_01867	Pran.g_01603
OG0000507	Prao.g_01868	Pran.g_01602
OG0000508	Prao.g_01870	Pran.g_01600
OG0000509	Prao.g_00018	Pran.g_01599
OG0000510	Prao.g_00019	Pran.g_01598
OG0000511	Prao.g_00020	Pran.g_01597
OG0000512	Prao.g_00021	Pran.g_01596
OG0000513	Prao.g_00022	Pran.g_01595
OG0000514	Prao.g_00023	Pran.g_01594
OG0000515	Prao.g_00025	Pran.g_01592
OG0000516	Prao.g_00026	Pran.g_01591
OG0000517	Prao.g_00027	Pran.g_01590
OG0000518	Prao.g_00029	Pran.g_01587
OG0000519	Prao.g_00030	Pran.g_01586
OG0000520	Prao.g_00031	Pran.g_01585
OG0000521	Prao.g_00032	Pran.g_01584
OG0000522	Prao.g_00033	Pran.g_01583
OG0000523	Prao.g_00034	Pran.g_01582
OG0000524	Prao.g_00035	Pran.g_01581
OG0000525	Prao.g_00037	Pran.g_01579
OG0000526	Prao.g_00038	Pran.g_01578
OG0000527	Prao.g_00039	Pran.g_01577
OG0000528	Prao.g_00040	Pran.g_01576
OG0000529	Prao.g_00041	Pran.g_01575
OG0000530	Prao.g_00042	Pran.g_01574
OG0000531	Prao.g_00043	Pran.g_01573
OG0000532	Prao.g_00044	Pran.g_01572
OG0000533	Prao.g_00045	Pran.g_01571
OG0000534	Prao.g_00046	Pran.g_01570
OG0000535	Prao.g_00047	Pran.g_01569
OG0000536	Prao.g_00048	Pran.g_01568
OG0000537	Prao.g_00049	Pran.g_01567
OG0000538	Prao.g_00050	Pran.g_01566
OG0000539	Prao.g_00051	Pran.g_01565
OG0000540	Prao.g_00052	Pran.g_01564
OG0000541	Prao.g_00053	Pran.g_01563
OG0000542	Prao.g_00054	Pran.g_01562
OG0000543	Prao.g_00055	Pran.g_01561
OG0000544	Prao.g_00056	Pran.g_01560
OG0000545	Prao.g_00060	Pran.g_01557
OG0000546	Prao.g_00061	Pran.g_01556
OG0000547	Prao.g_00063	Pran.g_01554
OG0000548	Prao.g_00064	Pran.g_01553
OG0000549	Prao.g_00065	Pran.g_01552
OG0000550	Prao.g_00066	Pran.g_01551
OG0000551	Prao.g_00067	Pran.g_01550
OG0000552	Prao.g_00068	Pran.g_01549
OG0000553	Prao.g_00069	Pran.g_01548
OG0000554	Prao.g_00070	Pran.g_01547
OG0000555	Prao.g_00071	Pran.g_01546
OG0000556	Prao.g_00072	Pran.g_01545
OG0000557	Prao.g_00073	Pran.g_01544
OG0000558	Prao.g_00074	Pran.g_01543
OG0000559	Prao.g_00075	Pran.g_01542
OG0000560	Prao.g_00077	Pran.g_01540
OG0000561	Prao.g_00078	Pran.g_01539
OG0000562	Prao.g_00079	Pran.g_01538
OG0000563	Prao.g_00080	Pran.g_01537
OG0000564	Prao.g_00081	Pran.g_01536
OG0000565	Prao.g_00082	Pran.g_01535
OG0000566	Prao.g_00083	Pran.g_01534
OG0000567	Prao.g_00084	Pran.g_01533
OG0000568	Prao.g_00085	Pran.g_01532
OG0000569	Prao.g_00086	Pran.g_01531
OG0000570	Prao.g_00087	Pran.g_01530
OG0000571	Prao.g_00088	Pran.g_01529
OG0000572	Prao.g_00089	Pran.g_01528
OG0000573	Prao.g_00092	Pran.g_01525
OG0000574	Prao.g_00093	Pran.g_01524
OG0000575	Prao.g_00094	Pran.g_01523
OG0000576	Prao.g_00095	Pran.g_01522
OG0000577	Prao.g_00096	Pran.g_01521
OG0000578	Prao.g_00097	Pran.g_01520
OG0000579	Prao.g_00098	Pran.g_01519
OG0000580	Prao.g_00099	Pran.g_01518
OG0000581	Prao.g_00100	Pran.g_01517
OG0000582	Prao.g_00101	Pran.g_01516
OG0000583	Prao.g_00102	Pran.g_01515
OG0000584	Prao.g_00103	Pran.g_01514
OG0000585	Prao.g_00104	Pran.g_01513
OG0000586	Prao.g_00106	Pran.g_01511
OG0000587	Prao.g_00107	Pran.g_01510
OG0000588	Prao.g_00109	Pran.g_01508
OG0000589	Prao.g_00110	Pran.g_01507
OG0000590	Prao.g_00112	Pran.g_01505
OG0000591	Prao.g_00117	Pran.g_01499
OG0000592	Prao.g_00118	Pran.g_01498
OG0000593	Prao.g_00119	Pran.g_01497
OG0000594	Prao.g_00121	Pran.g_01495
OG0000595	Prao.g_00122	Pran.g_01494
OG0000596	Prao.g_00123	Pran.g_01493
OG0000597	Prao.g_00125	Pran.g_01491
OG0000598	Prao.g_00126	Pran.g_01490
OG0000599	Prao.g_00127	Pran.g_01489
OG0000600	Prao.g_00128	Pran.g_01488
OG0000601	Prao.g_00130	Pran.g_01486
OG0000602	Prao.g_00131	Pran.g_01485
OG0000603	Prao.g_00132	Pran.g_01484
OG0000604	Prao.g_00133	Pran.g_01483
OG0000605	Prao.g_00134	Pran.g_01482
OG0000606	Prao.g_00135	Pran.g_01481
OG0000607	Prao.g_00137	Pran.g_01479
OG0000608	Prao.g_00138	Pran.g_01478
OG0000609	Prao.g_00142	Pran.g_01472
OG0000610	Prao.g_00143	Pran.g_01471
OG0000611	Prao.g_00649	Pran.g_01459
OG0000612	Prao.g_00650	Pran.g_01458
OG0000613	Prao.g_00651	Pran.g_01457
OG0000614	Prao.g_00652	Pran.g_01456
OG0000615	Prao.g_00654	Pran.g_01454
OG0000616	Prao.g_00655	Pran.g_01453
OG0000617	Prao.g_00656	Pran.g_01452
OG0000618	Prao.g_00657	Pran.g_01451
OG0000619	Prao.g_00658	Pran.g_01450
OG0000620	Prao.g_00659	Pran.g_01449
OG0000621	Prao.g_00660	Pran.g_01448
OG0000622	Prao.g_00661	Pran.g_01447
OG0000623	Prao.g_00662	Pran.g_01446
OG0000624	Prao.g_00663	Pran.g_01445
OG0000625	Prao.g_00664	Pran.g_01444
OG0000626	Prao.g_00665	Pran.g_01443
OG0000627	Prao.g_00666	Pran.g_01442
OG0000628	Prao.g_00667	Pran.g_01441
OG0000629	Prao.g_00668	Pran.g_01440
OG0000630	Prao.g_00669	Pran.g_01439
OG0000631	Prao.g_00671	Pran.g_01437
OG0000632	Prao.g_00683	Pran.g_01420
OG0000633	Prao.g_00687	Pran.g_01415
OG0000634	Prao.g_00701	Pran.g_01400
OG0000635	Prao.g_00704	Pran.g_01378
OG0000636	Prao.g_00705	Pran.g_01377
OG0000637	Prao.g_00706	Pran.g_01376
OG0000638	Prao.g_00718	Pran.g_01365
OG0000639	Prao.g_00727	Pran.g_01356
OG0000640	Prao.g_00729	Pran.g_01354
OG0000641	Prao.g_00732	Pran.g_01352
OG0000642	Prao.g_00733	Pran.g_01351
OG0000643	Prao.g_00734	Pran.g_01350
OG0000644	Prao.g_00735	Pran.g_01349
OG0000645	Prao.g_00736	Pran.g_01348
OG0000646	Prao.g_00737	Pran.g_01347
OG0000647	Prao.g_00738	Pran.g_01346
OG0000648	Prao.g_00740	Pran.g_01344
OG0000649	Prao.g_00741	Pran.g_01343
OG0000650	Prao.g_00742	Pran.g_01342
OG0000651	Prao.g_00743	Pran.g_01341
OG0000652	Prao.g_00744	Pran.g_01340
OG0000653	Prao.g_00745	Pran.g_01339
OG0000654	Prao.g_00747	Pran.g_01337
OG0000655	Prao.g_00749	Pran.g_01335
OG0000656	Prao.g_00750	Pran.g_01334
OG0000657	Prao.g_00751	Pran.g_01333
OG0000658	Prao.g_00752	Pran.g_01332
OG0000659	Prao.g_00753	Pran.g_01331
OG0000660	Prao.g_00754	Pran.g_01330
OG0000661	Prao.g_00755	Pran.g_01329
OG0000662	Prao.g_00756	Pran.g_01328
OG0000663	Prao.g_00757	Pran.g_01327
OG0000664	Prao.g_00758	Pran.g_01326
OG0000665	Prao.g_00759	Pran.g_01325
OG0000666	Prao.g_00760	Pran.g_01324
OG0000667	Prao.g_00761	Pran.g_01323
OG0000668	Prao.g_00762	Pran.g_01322
OG0000669	Prao.g_00764	Pran.g_01320
OG0000670	Prao.g_00765	Pran.g_01319
OG0000671	Prao.g_00766	Pran.g_01318
OG0000672	Prao.g_00767	Pran.g_01317
OG0000673	Prao.g_00768	Pran.g_01316
OG0000674	Prao.g_00769	Pran.g_01315
OG0000675	Prao.g_00771	Pran.g_01313
OG0000676	Prao.g_00772	Pran.g_01312
OG0000677	Prao.g_00775	Pran.g_01310
OG0000678	Prao.g_00777	Pran.g_01308
OG0000679	Prao.g_00778	Pran.g_01307
OG0000680	Prao.g_00779	Pran.g_01306
OG0000681	Prao.g_00780	Pran.g_01305
OG0000682	Prao.g_00781	Pran.g_01304
OG0000683	Prao.g_00783	Pran.g_01302
OG0000684	Prao.g_00784	Pran.g_01301
OG0000685	Prao.g_00785	Pran.g_01300
OG0000686	Prao.g_00786	Pran.g_01299
OG0000687	Prao.g_00787	Pran.g_01298
OG0000688	Prao.g_00788	Pran.g_01297
OG0000689	Prao.g_00789	Pran.g_01296
OG0000690	Prao.g_00790	Pran.g_01295
OG0000691	Prao.g_00791	Pran.g_01294
OG0000692	Prao.g_00793	Pran.g_01292
OG0000693	Prao.g_00794	Pran.g_01291
OG0000694	Prao.g_00795	Pran.g_01290
OG0000695	Prao.g_00796	Pran.g_01289
OG0000696	Prao.g_00797	Pran.g_01287
OG0000697	Prao.g_00799	Pran.g_01285
OG0000698	Prao.g_00801	Pran.g_01283
OG0000699	Prao.g_00802	Pran.g_01282
OG0000700	Prao.g_00829	Pran.g_00413
OG0000701	Prao.g_00834	Pran.g_00418
OG0000702	Prao.g_00837	Pran.g_00421
OG0000703	Prao.g_00838	Pran.g_00422
OG0000704	Prao.g_00839	Pran.g_00423
OG0000705	Prao.g_00840	Pran.g_00424
OG0000706	Prao.g_00841	Pran.g_00425
OG0000707	Prao.g_00842	Pran.g_00426
OG0000708	Prao.g_00843	Pran.g_00427
OG0000709	Prao.g_00845	Pran.g_00429
OG0000710	Prao.g_00846	Pran.g_00430
OG0000711	Prao.g_00847	Pran.g_00431
OG0000712	Prao.g_00848	Pran.g_00432
OG0000713	Prao.g_00849	Pran.g_00433
OG0000714	Prao.g_00851	Pran.g_00435
OG0000715	Prao.g_00852	Pran.g_00436
OG0000716	Prao.g_00854	Pran.g_00438
OG0000717	Prao.g_00855	Pran.g_00439
OG0000718	Prao.g_00856	Pran.g_00440
OG0000719	Prao.g_00858	Pran.g_00442
OG0000720	Prao.g_00859	Pran.g_00443
OG0000721	Prao.g_00861	Pran.g_00445
OG0000722	Prao.g_00862	Pran.g_00446
OG0000723	Prao.g_00863	Pran.g_00447
OG0000724	Prao.g_00864	Pran.g_00449
OG0000725	Prao.g_00865	Pran.g_00450
OG0000726	Prao.g_00866	Pran.g_00451
OG0000727	Prao.g_00867	Pran.g_00452
OG0000728	Prao.g_00868	Pran.g_00453
OG0000729	Prao.g_00869	Pran.g_00454
OG0000730	Prao.g_00870	Pran.g_00455
OG0000731	Prao.g_00871	Pran.g_00456
OG0000732	Prao.g_00872	Pran.g_00457
OG0000733	Prao.g_00873	Pran.g_00458
OG0000734	Prao.g_00874	Pran.g_00459
OG0000735	Prao.g_00876	Pran.g_00461
OG0000736	Prao.g_00877	Pran.g_00462
OG0000737	Prao.g_00878	Pran.g_00463
OG0000738	Prao.g_00879	Pran.g_00464
OG0000739	Prao.g_00880	Pran.g_00465
OG0000740	Prao.g_00881	Pran.g_00466
OG0000741	Prao.g_00882	Pran.g_00467
OG0000742	Prao.g_00884	Pran.g_00469
OG0000743	Prao.g_00885	Pran.g_00470
OG0000744	Prao.g_00886	Pran.g_00471
OG0000745	Prao.g_00887	Pran.g_00472
OG0000746	Prao.g_00888	Pran.g_00473
OG0000747	Prao.g_00889	Pran.g_00474
OG0000748	Prao.g_00890	Pran.g_00475
OG0000749	Prao.g_00891	Pran.g_00476
OG0000750	Prao.g_00892	Pran.g_00477
OG0000751	Prao.g_00893	Pran.g_00478
OG0000752	Prao.g_00894	Pran.g_00479
OG0000753	Prao.g_00896	Pran.g_00481
OG0000754	Prao.g_00897	Pran.g_00482
OG0000755	Prao.g_00898	Pran.g_00483
OG0000756	Prao.g_00899	Pran.g_00484
OG0000757	Prao.g_00900	Pran.g_00485
OG0000758	Prao.g_00901	Pran.g_00486
OG0000759	Prao.g_00903	Pran.g_00488
OG0000760	Prao.g_00904	Pran.g_00489
OG0000761	Prao.g_00905	Pran.g_00490
OG0000762	Prao.g_00907	Pran.g_00492
OG0000763	Prao.g_00908	Pran.g_00493
OG0000764	Prao.g_00909	Pran.g_00494
OG0000765	Prao.g_00910	Pran.g_00495
OG0000766	Prao.g_00911	Pran.g_00496
OG0000767	Prao.g_00913	Pran.g_00498
OG0000768	Prao.g_00914	Pran.g_00499
OG0000769	Prao.g_00915	Pran.g_00500
OG0000770	Prao.g_00916	Pran.g_00501
OG0000771	Prao.g_00917	Pran.g_00502
OG0000772	Prao.g_00918	Pran.g_00503
OG0000773	Prao.g_00919	Pran.g_00504
OG0000774	Prao.g_00920	Pran.g_00505
OG0000775	Prao.g_00921	Pran.g_00506
OG0000776	Prao.g_00923	Pran.g_00508
OG0000777	Prao.g_00925	Pran.g_00510
OG0000778	Prao.g_00926	Pran.g_00511
OG0000779	Prao.g_00927	Pran.g_00512
OG0000780	Prao.g_00929	Pran.g_00514
OG0000781	Prao.g_00931	Pran.g_00516
OG0000782	Prao.g_00932	Pran.g_00517
OG0000783	Prao.g_00943	Pran.g_00537
OG0000784	Prao.g_00945	Pran.g_00539
OG0000785	Prao.g_00946	Pran.g_00540
OG0000786	Prao.g_00947	Pran.g_00541
OG0000787	Prao.g_00948	Pran.g_00542
OG0000788	Prao.g_00952	Pran.g_00546
OG0000789	Prao.g_00954	Pran.g_00548
OG0000790	Prao.g_00955	Pran.g_00549
OG0000791	Prao.g_00956	Pran.g_00550
OG0000792	Prao.g_00957	Pran.g_00551
OG0000793	Prao.g_00958	Pran.g_00552
OG0000794	Prao.g_00960	Pran.g_00554
OG0000795	Prao.g_00963	Pran.g_00557
OG0000796	Prao.g_00964	Pran.g_00558
OG0000797	Prao.g_00966	Pran.g_00560
OG0000798	Prao.g_00967	Pran.g_00561
OG0000799	Prao.g_00968	Pran.g_00562
OG0000800	Prao.g_00969	Pran.g_00563
OG0000801	Prao.g_00972	Pran.g_00566
OG0000802	Prao.g_00973	Pran.g_00567
OG0000803	Prao.g_00975	Pran.g_00569
OG0000804	Prao.g_00976	Pran.g_00570
OG0000805	Prao.g_00977	Pran.g_00571
OG0000806	Prao.g_00979	Pran.g_00573
OG0000807	Prao.g_01007	Pran.g_00154
OG0000808	Prao.g_01016	Pran.g_00144
OG0000809	Prao.g_01019	Pran.g_00141
OG0000810	Prao.g_01020	Pran.g_00140
OG0000811	Prao.g_01027	Pran.g_00133
OG0000812	Prao.g_01156	Pran.g_00129
OG0000813	Prao.g_01152	Pran.g_00125
OG0000814	Prao.g_01150	Pran.g_00123
OG0000815	Prao.g_01137	Pran.g_00110
OG0000816	Prao.g_01121	Pran.g_00092
OG0000817	Prao.g_01120	Pran.g_00091
OG0000818	Prao.g_01115	Pran.g_00085
OG0000819	Prao.g_01108	Pran.g_00078
OG0000820	Prao.g_01104	Pran.g_00075
OG0000821	Prao.g_01102	Pran.g_00073
OG0000822	Prao.g_01101	Pran.g_00072
OG0000823	Prao.g_01100	Pran.g_00071
OG0000824	Prao.g_01099	Pran.g_00070
OG0000825	Prao.g_01098	Pran.g_00069
OG0000826	Prao.g_01097	Pran.g_00068
OG0000827	Prao.g_01096	Pran.g_00067
OG0000828	Prao.g_01095	Pran.g_00066
OG0000829	Prao.g_01094	Pran.g_00065
OG0000830	Prao.g_01093	Pran.g_00064
OG0000831	Prao.g_01090	Pran.g_00061
OG0000832	Prao.g_01088	Pran.g_00059
OG0000833	Prao.g_01087	Pran.g_00058
OG0000834	Prao.g_01086	Pran.g_00057
OG0000835	Prao.g_01085	Pran.g_00056
OG0000836	Prao.g_01084	Pran.g_00055
OG0000837	Prao.g_01082	Pran.g_00053
OG0000838	Prao.g_01081	Pran.g_00052
OG0000839	Prao.g_01080	Pran.g_00051
OG0000840	Prao.g_01079	Pran.g_00050
OG0000841	Prao.g_01078	Pran.g_00049
OG0000842	Prao.g_01077	Pran.g_00048
OG0000843	Prao.g_01076	Pran.g_00047
OG0000844	Prao.g_01075	Pran.g_00046
OG0000845	Prao.g_01074	Pran.g_00045
OG0000846	Prao.g_01071	Pran.g_00042
OG0000847	Prao.g_01069	Pran.g_00040
OG0000848	Prao.g_01068	Pran.g_00039
OG0000849	Prao.g_01067	Pran.g_00038
OG0000850	Prao.g_01066	Pran.g_00037
OG0000851	Prao.g_01065	Pran.g_00036
OG0000852	Prao.g_01063	Pran.g_00034
OG0000853	Prao.g_01062	Pran.g_00033
OG0000854	Prao.g_01060	Pran.g_00031
OG0000855	Prao.g_01059	Pran.g_00030
OG0000856	Prao.g_01058	Pran.g_00029
OG0000857	Prao.g_01057	Pran.g_00028
OG0000858	Prao.g_01056	Pran.g_00027
OG0000859	Prao.g_01055	Pran.g_00026
OG0000860	Prao.g_01054	Pran.g_00025
OG0000861	Prao.g_01053	Pran.g_00024
OG0000862	Prao.g_01052	Pran.g_00023
OG0000863	Prao.g_01051	Pran.g_00022
OG0000864	Prao.g_01050	Pran.g_00021
OG0000865	Prao.g_01049	Pran.g_00020
OG0000866	Prao.g_01048	Pran.g_00019
OG0000867	Prao.g_01047	Pran.g_00018
OG0000868	Prao.g_01046	Pran.g_00017
OG0000869	Prao.g_01044	Pran.g_00015
OG0000870	Prao.g_01043	Pran.g_00014
OG0000871	Prao.g_01041	Pran.g_00012
OG0000872	Prao.g_01040	Pran.g_00011
OG0000873	Prao.g_01038	Pran.g_00009
OG0000874	Prao.g_01037	Pran.g_00008
OG0000875	Prao.g_01036	Pran.g_00007
OG0000876	Prao.g_01035	Pran.g_00006
OG0000877	Prao.g_01033	Pran.g_00004
OG0000878	Prao.g_01305	Pran.g_00899
OG0000879	Prao.g_01287	Pran.g_00887
OG0000880	Prao.g_01286	Pran.g_00886
OG0000881	Prao.g_01285	Pran.g_00885
OG0000882	Prao.g_01284	Pran.g_00884
OG0000883	Prao.g_01283	Pran.g_00883
OG0000884	Prao.g_01281	Pran.g_00881
OG0000885	Prao.g_01280	Pran.g_00880
OG0000886	Prao.g_01279	Pran.g_00879
OG0000887	Prao.g_01278	Pran.g_00878
OG0000888	Prao.g_01277	Pran.g_00877
OG0000889	Prao.g_01274	Pran.g_00874
OG0000890	Prao.g_01273	Pran.g_00873
OG0000891	Prao.g_01272	Pran.g_00872
OG0000892	Prao.g_01270	Pran.g_00870
OG0000893	Prao.g_01269	Pran.g_00869
OG0000894	Prao.g_01268	Pran.g_00868
OG0000895	Prao.g_01267	Pran.g_00867
OG0000896	Prao.g_01266	Pran.g_00866
OG0000897	Prao.g_01265	Pran.g_00865
OG0000898	Prao.g_01263	Pran.g_00863
OG0000899	Prao.g_01262	Pran.g_00862
OG0000900	Prao.g_01257	Pran.g_00855
OG0000901	Prao.g_01253	Pran.g_00854
OG0000902	Prao.g_01252	Pran.g_00853
OG0000903	Prao.g_01251	Pran.g_00852
OG0000904	Prao.g_01249	Pran.g_00850
OG0000905	Prao.g_01247	Pran.g_00848
OG0000906	Prao.g_01245	Pran.g_00847
OG0000907	Prao.g_01244	Pran.g_00846
OG0000908	Prao.g_01241	Pran.g_00843
OG0000909	Prao.g_01237	Pran.g_00839
OG0000910	Prao.g_01236	Pran.g_00838
OG0000911	Prao.g_01235	Pran.g_00837
OG0000912	Prao.g_01234	Pran.g_00836
OG0000913	Prao.g_01233	Pran.g_00835
OG0000914	Prao.g_01232	Pran.g_00834
OG0000915	Prao.g_01231	Pran.g_00833
OG0000916	Prao.g_01230	Pran.g_00832
OG0000917	Prao.g_01229	Pran.g_00831
OG0000918	Prao.g_01228	Pran.g_00830
OG0000919	Prao.g_01227	Pran.g_00829
OG0000920	Prao.g_01226	Pran.g_00828
OG0000921	Prao.g_01225	Pran.g_00827
OG0000922	Prao.g_01224	Pran.g_00826
OG0000923	Prao.g_01223	Pran.g_00825
OG0000924	Prao.g_01222	Pran.g_00824
OG0000925	Prao.g_01221	Pran.g_00823
OG0000926	Prao.g_01220	Pran.g_00822
OG0000927	Prao.g_01379	Pran.g_00751
OG0000928	Prao.g_01380	Pran.g_00750
OG0000929	Prao.g_01381	Pran.g_00749
OG0000930	Prao.g_01382	Pran.g_00748
OG0000931	Prao.g_01383	Pran.g_00747
OG0000932	Prao.g_01385	Pran.g_00745
OG0000933	Prao.g_01386	Pran.g_00744
OG0000934	Prao.g_01387	Pran.g_00743
OG0000935	Prao.g_01388	Pran.g_00742
OG0000936	Prao.g_01389	Pran.g_00741
OG0000937	Prao.g_01390	Pran.g_00740
OG0000938	Prao.g_01391	Pran.g_00739
OG0000939	Prao.g_01392	Pran.g_00738
OG0000940	Prao.g_01393	Pran.g_00737
OG0000941	Prao.g_01395	Pran.g_00735
OG0000942	Prao.g_01396	Pran.g_00734
OG0000943	Prao.g_01399	Pran.g_00731
OG0000944	Prao.g_01400	Pran.g_00730
OG0000945	Prao.g_01401	Pran.g_00729
OG0000946	Prao.g_01402	Pran.g_00728
OG0000947	Prao.g_01403	Pran.g_00727
OG0000948	Prao.g_01404	Pran.g_00726
OG0000949	Prao.g_01405	Pran.g_00725
OG0000950	Prao.g_01406	Pran.g_00724
OG0000951	Prao.g_01407	Pran.g_00723
OG0000952	Prao.g_01408	Pran.g_00722
OG0000953	Prao.g_01409	Pran.g_00721
OG0000954	Prao.g_01410	Pran.g_00720
OG0000955	Prao.g_01411	Pran.g_00719
OG0000956	Prao.g_01412	Pran.g_00718
OG0000957	Prao.g_01413	Pran.g_00717
OG0000958	Prao.g_01414	Pran.g_00716
OG0000959	Prao.g_01415	Pran.g_00715
OG0000960	Prao.g_01416	Pran.g_00714
OG0000961	Prao.g_01419	Pran.g_00710
OG0000962	Prao.g_01420	Pran.g_00709
OG0000963	Prao.g_01421	Pran.g_00708
OG0000964	Prao.g_01423	Pran.g_00706
OG0000965	Prao.g_01424	Pran.g_00705
OG0000966	Prao.g_01425	Pran.g_00704
OG0000967	Prao.g_01426	Pran.g_00703
OG0000968	Prao.g_01427	Pran.g_00702
OG0000969	Prao.g_01428	Pran.g_00701
OG0000970	Prao.g_01429	Pran.g_00700
OG0000971	Prao.g_01430	Pran.g_00699
OG0000972	Prao.g_01431	Pran.g_00698
OG0000973	Prao.g_01432	Pran.g_00697
OG0000974	Prao.g_01434	Pran.g_00695
OG0000975	Prao.g_01437	Pran.g_00692
OG0000976	Prao.g_01439	Pran.g_00690
OG0000977	Prao.g_01440	Pran.g_00689
OG0000978	Prao.g_01441	Pran.g_00688
OG0000979	Prao.g_01443	Pran.g_00686
OG0000980	Prao.g_01444	Pran.g_00685
OG0000981	Prao.g_01445	Pran.g_00684
OG0000982	Prao.g_01446	Pran.g_00683
OG0000983	Prao.g_01448	Pran.g_00681
OG0000984	Prao.g_01449	Pran.g_00680
OG0000985	Prao.g_01450	Pran.g_00679
OG0000986	Prao.g_01451	Pran.g_00678
OG0000987	Prao.g_01452	Pran.g_00677
OG0000988	Prao.g_01453	Pran.g_00676
OG0000989	Prao.g_01454	Pran.g_00675
OG0000990	Prao.g_01455	Pran.g_00674
OG0000991	Prao.g_01456	Pran.g_00673
OG0000992	Prao.g_01457	Pran.g_00672
OG0000993	Prao.g_01458	Pran.g_00671
OG0000994	Prao.g_01459	Pran.g_00670
OG0000995	Prao.g_01460	Pran.g_00669
OG0000996	Prao.g_01461	Pran.g_00668
OG0000997	Prao.g_01462	Pran.g_00667
OG0000998	Prao.g_01463	Pran.g_00666
OG0000999	Prao.g_01464	Pran.g_00665
OG0001000	Prao.g_01465	Pran.g_00664
OG0001001	Prao.g_01467	Pran.g_00662
OG0001002	Prao.g_01468	Pran.g_00661
OG0001003	Prao.g_01469	Pran.g_00660
OG0001004	Prao.g_01470	Pran.g_00659
OG0001005	Prao.g_01471	Pran.g_00658
OG0001006	Prao.g_01472	Pran.g_00657
OG0001007	Prao.g_01473	Pran.g_00656
OG0001008	Prao.g_01475	Pran.g_00654
OG0001009	Prao.g_01476	Pran.g_00653
OG0001010	Prao.g_01484	Pran.g_00646
OG0001011	Prao.g_01491	Pran.g_00636
OG0001012	Prao.g_01519	Pran.g_00598
OG0001013	Prao.g_01546	Pran.g_00964
OG0001014	Prao.g_01547	Pran.g_00965
OG0001015	Prao.g_01553	Pran.g_00971
OG0001016	Prao.g_01554	Pran.g_00972
OG0001017	Prao.g_01555	Pran.g_00973
OG0001018	Prao.g_01556	Pran.g_00974
OG0001019	Prao.g_01558	Pran.g_00976
OG0001020	Prao.g_01559	Pran.g_00977
OG0001021	Prao.g_01560	Pran.g_00978
OG0001022	Prao.g_01561	Pran.g_00979
OG0001023	Prao.g_01562	Pran.g_00980
OG0001024	Prao.g_01563	Pran.g_00981
OG0001025	Prao.g_01564	Pran.g_00982
OG0001026	Prao.g_01566	Pran.g_00984
OG0001027	Prao.g_01567	Pran.g_00985
OG0001028	Prao.g_01568	Pran.g_00986
OG0001029	Prao.g_01569	Pran.g_00987
OG0001030	Prao.g_01570	Pran.g_00988
OG0001031	Prao.g_01571	Pran.g_00989
OG0001032	Prao.g_01572	Pran.g_00990
OG0001033	Prao.g_01573	Pran.g_00991
OG0001034	Prao.g_01574	Pran.g_00992
OG0001035	Prao.g_01576	Pran.g_00994
OG0001036	Prao.g_01577	Pran.g_00995
OG0001037	Prao.g_01578	Pran.g_00996
OG0001038	Prao.g_01579	Pran.g_00997
OG0001039	Prao.g_01580	Pran.g_00998
OG0001040	Prao.g_01581	Pran.g_00999
OG0001041	Prao.g_01582	Pran.g_01000
OG0001042	Prao.g_01583	Pran.g_01001
OG0001043	Prao.g_01584	Pran.g_01002
OG0001044	Prao.g_01585	Pran.g_01003
OG0001045	Prao.g_01586	Pran.g_01004
OG0001046	Prao.g_01587	Pran.g_01005
OG0001047	Prao.g_01590	Pran.g_01008
OG0001048	Prao.g_01592	Pran.g_01010
OG0001049	Prao.g_01593	Pran.g_01011
OG0001050	Prao.g_01594	Pran.g_01012
OG0001051	Prao.g_01595	Pran.g_01013
OG0001052	Prao.g_01596	Pran.g_01014
OG0001053	Prao.g_01597	Pran.g_01015
OG0001054	Prao.g_01599	Pran.g_01017
OG0001055	Prao.g_01600	Pran.g_01018
OG0001056	Prao.g_01601	Pran.g_01019
OG0001057	Prao.g_01602	Pran.g_01020
OG0001058	Prao.g_01603	Pran.g_01021
OG0001059	Prao.g_01604	Pran.g_01022
OG0001060	Prao.g_01605	Pran.g_01023
OG0001061	Prao.g_01606	Pran.g_01024
OG0001062	Prao.g_01607	Pran.g_01025
OG0001063	Prao.g_01608	Pran.g_01026
OG0001064	Prao.g_01610	Pran.g_01028
OG0001065	Prao.g_01615	Pran.g_01032
OG0001066	Prao.g_01616	Pran.g_01033
OG0001067	Prao.g_01617	Pran.g_01034
OG0001068	Prao.g_01619	Pran.g_01036
OG0001069	Prao.g_01620	Pran.g_01037
OG0001070	Prao.g_01621	Pran.g_01038
OG0001071	Prao.g_01622	Pran.g_01039
OG0001072	Prao.g_01623	Pran.g_01040
OG0001073	Prao.g_01624	Pran.g_01041
OG0001074	Prao.g_01625	Pran.g_01042
OG0001075	Prao.g_01626	Pran.g_01044
OG0001076	Prao.g_01627	Pran.g_01045
OG0001077	Prao.g_01628	Pran.g_01046
OG0001078	Prao.g_01629	Pran.g_01047
OG0001079	Prao.g_01630	Pran.g_01048
OG0001080	Prao.g_01631	Pran.g_01049
OG0001081	Prao.g_01634	Pran.g_01052
OG0001082	Prao.g_01635	Pran.g_01053
OG0001083	Prao.g_01636	Pran.g_01054
OG0001084	Prao.g_01638	Pran.g_01055
OG0001085	Prao.g_01639	Pran.g_01056
OG0001086	Prao.g_01640	Pran.g_01057
OG0001087	Prao.g_01641	Pran.g_01058
OG0001088	Prao.g_01642	Pran.g_01059
OG0001089	Prao.g_01645	Pran.g_01062
OG0001090	Prao.g_01647	Pran.g_01064
OG0001091	Prao.g_01648	Pran.g_01065
OG0001092	Prao.g_01649	Pran.g_01066
OG0001093	Prao.g_01650	Pran.g_01067
OG0001094	Prao.g_01651	Pran.g_01069
OG0001095	Prao.g_01652	Pran.g_01070
OG0001096	Prao.g_01653	Pran.g_01071
OG0001097	Prao.g_01654	Pran.g_01072
OG0001098	Prao.g_01655	Pran.g_01073
OG0001099	Prao.g_01656	Pran.g_01074
OG0001100	Prao.g_01657	Pran.g_01075
OG0001101	Prao.g_01658	Pran.g_01076
OG0001102	Prao.g_01659	Pran.g_01077
OG0001103	Prao.g_01660	Pran.g_01078
OG0001104	Prao.g_01661	Pran.g_01079
OG0001105	Prao.g_01662	Pran.g_01080
OG0001106	Prao.g_01663	Pran.g_01081
OG0001107	Prao.g_01664	Pran.g_01082
OG0001108	Prao.g_01665	Pran.g_01083
OG0001109	Prao.g_01666	Pran.g_01084
OG0001110	Prao.g_01667	Pran.g_01085
OG0001111	Prao.g_01668	Pran.g_01086
OG0001112	Prao.g_01669	Pran.g_01087
OG0001113	Prao.g_01670	Pran.g_01088
OG0001114	Prao.g_01671	Pran.g_01089
OG0001115	Prao.g_01672	Pran.g_01090
OG0001116	Prao.g_01673	Pran.g_01091
OG0001117	Prao.g_01674	Pran.g_01092
OG0001118	Prao.g_01675	Pran.g_01093
OG0001119	Prao.g_01676	Pran.g_01094
OG0001120	Prao.g_01677	Pran.g_01095
OG0001121	Prao.g_01679	Pran.g_01097
OG0001122	Prao.g_01680	Pran.g_01098
OG0001123	Prao.g_01681	Pran.g_01099
OG0001124	Prao.g_01683	Pran.g_01101
OG0001125	Prao.g_01685	Pran.g_01103
OG0001126	Prao.g_01686	Pran.g_01104
OG0001127	Prao.g_01688	Pran.g_01106
OG0001128	Prao.g_01689	Pran.g_01107
OG0001129	Prao.g_01690	Pran.g_01108
OG0001130	Prao.g_01693	Pran.g_01111
OG0001131	Prao.g_01694	Pran.g_01112
OG0001132	Prao.g_01695	Pran.g_01113
OG0001133	Prao.g_01696	Pran.g_01114
OG0001134	Prao.g_01697	Pran.g_01115
OG0001135	Prao.g_01698	Pran.g_01116
OG0001136	Prao.g_01699	Pran.g_01117
OG0001137	Prao.g_01700	Pran.g_01118
OG0001138	Prao.g_01701	Pran.g_01119
OG0001139	Prao.g_01702	Pran.g_01120
OG0001140	Prao.g_01703	Pran.g_01121
OG0001141	Prao.g_01704	Pran.g_01122
OG0001142	Prao.g_01707	Pran.g_01125
OG0001143	Prao.g_01708	Pran.g_01126
OG0001144	Prao.g_01709	Pran.g_01127
OG0001145	Prao.g_01710	Pran.g_01128
OG0001146	Prao.g_01711	Pran.g_01129
OG0001147	Prao.g_01712	Pran.g_01130
OG0001148	Prao.g_01713	Pran.g_01131
OG0001149	Prao.g_01715	Pran.g_01133
OG0001150	Prao.g_01716	Pran.g_01134
OG0001151	Prao.g_01718	Pran.g_01136
OG0001152	Prao.g_01719	Pran.g_01137
OG0001153	Prao.g_01720	Pran.g_01138
OG0001154	Prao.g_01722	Pran.g_01139
OG0001155	Prao.g_01724	Pran.g_01141
OG0001156	Prao.g_01726	Pran.g_01143
OG0001157	Prao.g_01727	Pran.g_01144
OG0001158	Prao.g_01729	Pran.g_01146
OG0001159	Prao.g_01730	Pran.g_01147
OG0001160	Prao.g_01731	Pran.g_01148
OG0001161	Prao.g_01732	Pran.g_01149
OG0001162	Prao.g_01733	Pran.g_01150
OG0001163	Prao.g_01734	Pran.g_01151
OG0001164	Prao.g_01735	Pran.g_01152
OG0001165	Prao.g_01736	Pran.g_01153
OG0001166	Prao.g_01737	Pran.g_01154
OG0001167	Prao.g_01738	Pran.g_01155
OG0001168	Prao.g_01739	Pran.g_01156
OG0001169	Prao.g_01740	Pran.g_01157
OG0001170	Prao.g_01741	Pran.g_01158
OG0001171	Prao.g_01742	Pran.g_01159
OG0001172	Prao.g_01744	Pran.g_01161
OG0001173	Prao.g_01746	Pran.g_01163
OG0001174	Prao.g_01747	Pran.g_01164
OG0001175	Prao.g_01748	Pran.g_01165
OG0001176	Prao.g_01749	Pran.g_01166
OG0001177	Prao.g_01751	Pran.g_01168
OG0001178	Prao.g_01754	Pran.g_01171
OG0001179	Prao.g_01755	Pran.g_01172
OG0001180	Prao.g_01756	Pran.g_01173
OG0001181	Prao.g_01757	Pran.g_01174
OG0001182	Prao.g_01758	Pran.g_01175
OG0001183	Prao.g_01759	Pran.g_01176
OG0001184	Prao.g_01761	Pran.g_01178
OG0001185	Prao.g_01764	Pran.g_01182
OG0001186	Prao.g_01765	Pran.g_01183
OG0001187	Prao.g_01767	Pran.g_01184
OG0001188	Prao.g_01768	Pran.g_01185
OG0001189	Prao.g_01769	Pran.g_01186
OG0001190	Prao.g_01770	Pran.g_01187
OG0001191	Prao.g_01771	Pran.g_01188
OG0001192	Prao.g_01772	Pran.g_01189
OG0001193	Prao.g_01773	Pran.g_01190
OG0001194	Prao.g_01774	Pran.g_01191
OG0001195	Prao.g_01775	Pran.g_01192
OG0001196	Prao.g_01776	Pran.g_01193
OG0001197	Prao.g_01777	Pran.g_01194
OG0001198	Prao.g_01778	Pran.g_01195
OG0001199	Prao.g_01779	Pran.g_01196
OG0001200	Prao.g_01780	Pran.g_01197
OG0001201	Prao.g_01781	Pran.g_01198
OG0001202	Prao.g_01782	Pran.g_01199
OG0001203	Prao.g_01784	Pran.g_01201
OG0001204	Prao.g_01786	Pran.g_01202
OG0001205	Prao.g_01787	Pran.g_01203
OG0001206	Prao.g_01788	Pran.g_01204
OG0001207	Prao.g_01789	Pran.g_01205
OG0001208	Prao.g_01790	Pran.g_01206
OG0001209	Prao.g_01791	Pran.g_01207
OG0001210	Prao.g_01792	Pran.g_01208
OG0001211	Prao.g_01793	Pran.g_01209
OG0001212	Prao.g_01794	Pran.g_01210
OG0001213	Prao.g_01795	Pran.g_01211
OG0001214	Prao.g_01797	Pran.g_01213
OG0001215	Prao.g_01798	Pran.g_01214
OG0001216	Prao.g_01799	Pran.g_01215
OG0001217	Prao.g_01800	Pran.g_01216
OG0001218	Prao.g_01801	Pran.g_01217
OG0001219	Prao.g_01804	Pran.g_01220
OG0001220	Prao.g_01805	Pran.g_01221
OG0001221	Prao.g_01808	Pran.g_01224
OG0001222	Prao.g_01809	Pran.g_01225
OG0001223	Prao.g_01810	Pran.g_01226
OG0001224	Prao.g_01811	Pran.g_01227
OG0001225	Prao.g_01812	Pran.g_01228
OG0001226	Prao.g_01813	Pran.g_01229
OG0001227	Prao.g_01814	Pran.g_01230
OG0001228	Prao.g_01815	Pran.g_01231
OG0001229	Prao.g_01816	Pran.g_01232
OG0001230	Prao.g_01817	Pran.g_01233
OG0001231	Prao.g_01818	Pran.g_01234
OG0001232	Prao.g_01819	Pran.g_01235
OG0001233	Prao.g_01820	Pran.g_01236
OG0001234	Prao.g_01821	Pran.g_01237
OG0001235	Prao.g_01822	Pran.g_01238
OG0001236	Prao.g_01824	Pran.g_01240
OG0001237	Prao.g_01825	Pran.g_01241
OG0001238	Prao.g_01827	Pran.g_01243
OG0001239	Prao.g_01828	Pran.g_01244
OG0001240	Prao.g_01829	Pran.g_01245
OG0001241	Prao.g_01831	Pran.g_01247
OG0001242	Prao.g_01833	Pran.g_01249
OG0001243	Prao.g_01834	Pran.g_01250
OG0001244	Prao.g_01835	Pran.g_01251
OG0001245	Prao.g_01836	Pran.g_01252
OG0001246	Prao.g_01837	Pran.g_01253
OG0001247	Prao.g_01838	Pran.g_01254
OG0001248	Prao.g_01839	Pran.g_01255
OG0001249	Prao.g_01840	Pran.g_01256
OG0001250	Prao.g_01841	Pran.g_01257
OG0001252	Prao.g_00276	Pran.g_00296
OG0001253	Prao.g_00288	Pran.g_00282
OG0001254	Prao.g_00418	Pran.g_01913
OG0001255	Prao.g_00469	Pran.g_01861
OG0001256	Prao.g_01307, Prao.g_00529	Pran.g_00925
OG0001257	Prao.g_00588	Pran.g_01696
OG0001258	Prao.g_00604	Pran.g_01680
OG0001259	Prao.g_00028	Pran.g_01588
OG0001260	Prao.g_00686	Pran.g_01417
OG0001261	Prao.g_00776	Pran.g_01309
OG0001262	Prao.g_00792	Pran.g_01293
OG0001263	Prao.g_00812	Pran.g_00179
OG0001264	Prao.g_00844	Pran.g_00428
OG0001265	Prao.g_00950	Pran.g_00544
OG0001266	Prao.g_01001	Pran.g_00159
OG0001267	Prao.g_01105	Pran.g_00076
OG0001268	Prao.g_01092	Pran.g_00063
OG0001270	Prao.g_01436	Pran.g_00693
OG0001271	Prao.g_01447	Pran.g_00682
OG0001272	Prao.g_01489	Pran.g_00638
OG0001273	Prao.g_01490	Pran.g_00637
OG0001274	Prao.g_01495	Pran.g_00632
OG0001275	Prao.g_01511	Pran.g_00607
OG0001277	Prao.g_01531	Pran.g_00923
OG0001278	Prao.g_01544	Pran.g_00962
OG0001279	Prao.g_01548	Pran.g_00966
OG0001280	Prao.g_01551	Pran.g_00969
OG0001281	Prao.g_01618	Pran.g_01035
OG0001282	Prao.g_01643	Pran.g_01060
OG0001284	Prao.g_01753	Pran.g_01170
OG0001286	Prao.g_01830	Pran.g_01246
OG0001288	Prao.g_00541	Pran.g_01743
OG0001291	Prao.g_00210	Pran.g_00361
OG0001292	Prao.g_00213	Pran.g_00358
OG0001293	Prao.g_00215	Pran.g_00356
OG0001294	Prao.g_00232	Pran.g_00340
OG0001295	Prao.g_00258	Pran.g_00314
OG0001297	Prao.g_00337	Pran.g_00233
OG0001298	Prao.g_00381	Pran.g_01949
OG0001299	Prao.g_00390	Pran.g_01940
OG0001300	Prao.g_00508	Pran.g_01821
OG0001301	Prao.g_00076	Pran.g_01541
OG0001302	Prao.g_00690	Pran.g_01410
OG0001303	Prao.g_00694	Pran.g_01407
OG0001304	Prao.g_00965	Pran.g_00559
OG0001306	Prao.g_01009	Pran.g_00152
OG0001307	Prao.g_01018	Pran.g_00142
OG0001308	Prao.g_01145	Pran.g_00117
OG0001309	Prao.g_01143	Pran.g_00115
OG0001310	Prao.g_01132	Pran.g_00105
OG0001311	Prao.g_01061	Pran.g_00032
OG0001313	Prao.g_01493	Pran.g_00634
OG0001314	Prao.g_01575	Pran.g_00993
OG0001315	Prao.g_01609	Pran.g_01027
OG0001318	Prao.g_00279	Pran.g_00293
OG0001320	Prao.g_00573	Pran.g_01711
OG0001321	Prao.g_00696	Pran.g_01405
OG0001322	Prao.g_00721	Pran.g_01362
OG0001323	Prao.g_00993	Pran.g_00167
OG0001324	Prao.g_01026	Pran.g_00134
OG0001325	Prao.g_01139	Pran.g_00112
OG0001328	Prao.g_01271	Pran.g_00871
OG0001329	Prao.g_01216	Pran.g_00820
OG0001330	Prao.g_01486	Pran.g_00641
OG0001331	Prao.g_01549	Pran.g_00967
OG0001332	Prao.g_01598	Pran.g_01016
OG0001333	Prao.g_01691	Pran.g_01109
OG0001334	Prao.g_01745	Pran.g_01162
OG0001335	Prao.g_01783	Pran.g_01200
OG0001337	Prao.g_00257	Pran.g_00315
OG0001338	Prao.g_00282	Pran.g_00289
OG0001339	Prao.g_00341	Pran.g_00229
OG0001340	Prao.g_00386	Pran.g_01944
OG0001341	Prao.g_00399	Pran.g_01932
OG0001342	Prao.g_00417	Pran.g_01914
OG0001343	Prao.g_00475	Pran.g_01856
OG0001344	Prao.g_00512	Pran.g_01817
OG0001345	Prao.g_00538	Pran.g_01746
OG0001346	Prao.g_00578	Pran.g_01706
OG0001347	Prao.g_00592	Pran.g_01692
OG0001348	Prao.g_00610	Pran.g_01674
OG0001349	Prao.g_00615	Pran.g_01669
OG0001350	Prao.g_00620	Pran.g_01664
OG0001351	Prao.g_01869	Pran.g_01601
OG0001352	Prao.g_00120	Pran.g_01496
OG0001353	Prao.g_00141	Pran.g_01473
OG0001354	Prao.g_00724	Pran.g_01359
OG0001355	Prao.g_00782	Pran.g_01303
OG0001356	Prao.g_00826	Pran.g_00411
OG0001357	Prao.g_00930	Pran.g_00515
OG0001358	Prao.g_00949	Pran.g_00543
OG0001359	Prao.g_01118	Pran.g_00089
OG0001360	Prao.g_01117	Pran.g_00088
OG0001361	Prao.g_01039	Pran.g_00010
OG0001364	Prao.g_01466	Pran.g_00663
OG0001365	Prao.g_01613	Pran.g_01030
OG0001366	Prao.g_01589	Pran.g_01007
OG0001367	Prao.g_01632	Pran.g_01050
OG0001368	Prao.g_01752	Pran.g_01169
OG0001369	Prao.g_00951	Pran.g_00545
OG0001371	Prao.g_00206	Pran.g_00365
OG0001372	Prao.g_00207	Pran.g_00364
OG0001373	Prao.g_00214	Pran.g_00357
OG0001374	Prao.g_00226	Pran.g_00345
OG0001376	Prao.g_00372	Pran.g_00198
OG0001377	Prao.g_00394	Pran.g_01936
OG0001378	Prao.g_00410	Pran.g_01921
OG0001379	Prao.g_00497	Pran.g_01832
OG0001382	Prao.g_00566	Pran.g_01718
OG0001383	Prao.g_00617	Pran.g_01667
OG0001384	Prao.g_00625	Pran.g_01659
OG0001385	Prao.g_00105	Pran.g_01512
OG0001386	Prao.g_00113	Pran.g_01504
OG0001387	Prao.g_00115	Pran.g_01502
OG0001388	Prao.g_00124	Pran.g_01492
OG0001389	Prao.g_00653	Pran.g_01455
OG0001390	Prao.g_00685	Pran.g_01418
OG0001391	Prao.g_00726	Pran.g_01357
OG0001392	Prao.g_00825	Pran.g_00192
OG0001393	Prao.g_00828	Pran.g_00412
OG0001394	Prao.g_00850	Pran.g_00434
OG0001395	Prao.g_00853	Pran.g_00437
OG0001397	Prao.g_00959	Pran.g_00553
OG0001398	Prao.g_00978	Pran.g_00572
OG0001399	Prao.g_00991	Pran.g_00169
OG0001400	Prao.g_00999	Pran.g_00161
OG0001401	Prao.g_01336	Pran.g_00904
OG0001402	Prao.g_01103	Pran.g_00074
OG0001403	Prao.g_01275	Pran.g_00875
OG0001404	Prao.g_01248	Pran.g_00849
OG0001405	Prao.g_01238	Pran.g_00840
OG0001406	Prao.g_01435	Pran.g_00694
OG0001407	Prao.g_01438	Pran.g_00691
OG0001408	Prao.g_01487	Pran.g_00640
OG0001409	Prao.g_01499	Pran.g_00626
OG0001411	Prao.g_00004	Pran.g_01428
OG0001412	Prao.g_00883	Pran.g_00468
OG0001414	Prao.g_00200	Pran.g_00371
OG0001415	Prao.g_00462	Pran.g_01868
OG0001416	Prao.g_00627	Pran.g_01657
OG0001417	Prao.g_00114	Pran.g_01503
OG0001418	Prao.g_00697	Pran.g_01404
OG0001419	Prao.g_00730	Pran.g_01353
OG0001420	Prao.g_00830	Pran.g_00414
OG0001421	Prao.g_00835	Pran.g_00419
OG0001422	Prao.g_00996	Pran.g_00164
OG0001423	Prao.g_01116	Pran.g_00087
OG0001424	Prao.g_00016	Pran.g_00920
OG0001425	Prao.g_01505	Pran.g_00618
OG0001426	Prao.g_01826	Pran.g_01242
OG0001427	Prao.g_00507	Pran.g_01822
OG0001429	Prao.g_00912	Pran.g_00497
OG0001430	Prao.g_00942	Pran.g_00536
OG0001431	Prao.g_00997	Pran.g_00163
OG0001432	Prao.g_01000	Pran.g_00160
OG0001433	Prao.g_01330	Pran.g_00520
OG0001435	Prao.g_01498	Pran.g_00628
OG0001438	Prao.g_00059	Pran.g_01558
OG0001439	Prao.g_00773	Pran.g_01311
OG0001440	Prao.g_00953	Pran.g_00547
OG0001441	Prao.g_01151	Pran.g_00124
OG0001442	Prao.g_01129	Pran.g_00101
OG0001444	Prao.g_01070	Pran.g_00041
OG0001449	Prao.g_01360	Pran.g_00792
OG0001451	Prao.g_01368	Pran.g_01777
OG0001452	Prao.g_01803	Pran.g_01219
OG0001454	Prao.g_00502	Pran.g_01827
OG0001457	Prao.g_00140	Pran.g_01476
OG0001458	Prao.g_00684	Pran.g_01419
OG0001460	Prao.g_00804	Pran.g_01281
OG0001461	Prao.g_00875	Pran.g_00460
OG0001462	Prao.g_00941	Pran.g_00535
OG0001463	Prao.g_00990	Pran.g_00170
OG0001464	Prao.g_00995	Pran.g_00165
OG0001466	Prao.g_01298	Pran.g_01414
OG0001467	Prao.g_01394	Pran.g_00736
OG0001468	Prao.g_01714	Pran.g_01132
OG0001469	Prao.g_01091	Pran.g_00062
OG0001470	Prao.g_00456	Pran.g_01874
OG0001473	Prao.g_00811	Pran.g_00178
OG0001474	Prao.g_00813	Pran.g_00180
OG0001475	Prao.g_00986	Pran.g_00174
OG0001476	Prao.g_00987	Pran.g_00173
OG0001477	Prao.g_00988	Pran.g_00172
OG0001478	Prao.g_00994	Pran.g_00166
OG0001479	Prao.g_01021	Pran.g_00139
OG0001480	Prao.g_01157	Pran.g_00130
OG0001481	Prao.g_01073	Pran.g_00044
OG0001483	Prao.g_01282	Pran.g_00882
OG0001484	Prao.g_01218	Pran.g_00809
OG0001485	Prao.g_01611	Pran.g_01029
OG0001488	Prao.g_00310	Pran.g_00260
OG0001490	Prao.g_00528	Pran.g_01793
OG0001491	Prao.g_00716	Pran.g_01367
OG0001493	Prao.g_00814	Pran.g_00181
OG0001494	Prao.g_00815	Pran.g_00182
OG0001495	Prao.g_00816	Pran.g_00183
OG0001496	Prao.g_00817	Pran.g_00184
OG0001497	Prao.g_00818	Pran.g_00185
OG0001498	Prao.g_00819	Pran.g_00186
OG0001499	Prao.g_00820	Pran.g_00187
OG0001500	Prao.g_00821	Pran.g_00188
OG0001501	Prao.g_00822	Pran.g_00189
OG0001502	Prao.g_00823	Pran.g_00190
OG0001503	Prao.g_00824	Pran.g_00191
OG0001506	Prao.g_01013	Pran.g_00147
OG0001507	Prao.g_01107	Pran.g_00077
OG0001509	Prao.g_01633	Pran.g_01051
OG0001510	Prao.g_01706	Pran.g_01124
OG0001514	Prao.g_01295	Pran.g_00581
OG0001515	Prao.g_00688	Pran.g_01412
OG0001516	Prao.g_00924	Pran.g_00509
OG0001517	Prao.g_01005	Pran.g_00156
OG0001521	Prao.g_01614	Pran.g_01031
OG0001523	Prao.g_00199	Pran.g_00372
OG0001524	Prao.g_00511	Pran.g_01819
OG0001525	Prao.g_00565	Pran.g_01719
OG0001526	Prao.g_00833	Pran.g_00417
OG0001527	Prao.g_01153	Pran.g_00126
OG0001528	Prao.g_01334	Pran.g_00525
OG0001529	Prao.g_01329	Pran.g_01784
OG0001532	Prao.g_00180	Pran.g_00390
OG0001534	Prao.g_01503	Pran.g_00622
OG0001536	Prao.g_01155	Pran.g_00128
OG0001537	Prao.g_01337	Pran.g_00521
OG0001539	Prao.g_01290, Prao.g_00012	Pran.g_00890
OG0001540	Prao.g_01289	Pran.g_01432, Pran.g_00889
OG0001542	Prao.g_01501	Pran.g_00624
OG0001543	Prao.g_01512	Pran.g_00606
OG0001549	Prao.g_00265	Pran.g_00308
OG0001550	Prao.g_00443	Pran.g_01887
OG0001551	Prao.g_00467	Pran.g_01863
OG0001552	Prao.g_00504	Pran.g_01826
OG0001553	Prao.g_00520	Pran.g_01801
OG0001554	Prao.g_00521	Pran.g_01800
OG0001555	Prao.g_00561	Pran.g_01721
OG0001556	Prao.g_00575	Pran.g_01709
OG0001559	Prao.g_00689	Pran.g_01411
OG0001560	Prao.g_00708	Pran.g_01375
OG0001561	Prao.g_00805	Pran.g_01280
OG0001562	Prao.g_00940	Pran.g_00534
OG0001563	Prao.g_01002	Pran.g_00158
OG0001564	Prao.g_01004	Pran.g_00157
OG0001565	Prao.g_01006	Pran.g_00155
OG0001566	Prao.g_01008	Pran.g_00153
OG0001567	Prao.g_01014	Pran.g_00146
OG0001568	Prao.g_01158	Pran.g_00131
OG0001569	Prao.g_01154	Pran.g_00127
OG0001570	Prao.g_01148	Pran.g_00121
OG0001571	Prao.g_01136	Pran.g_00109
OG0001572	Prao.g_01126	Pran.g_00097
OG0001573	Prao.g_01123	Pran.g_00094
OG0001575	Prao.g_01315	Pran.g_01468
OG0001576	Prao.g_01303	Pran.g_00897
OG0001577	Prao.g_01242	Pran.g_00844
OG0001578	Prao.g_01240	Pran.g_00842
OG0001582	Prao.g_01479	Pran.g_00650
OG0001583	Prao.g_01481	Pran.g_00648
OG0001584	Prao.g_01482	Pran.g_00647
OG0001585	Prao.g_01492	Pran.g_00635
OG0001586	Prao.g_01762	Pran.g_01180
OG0001590	Prao.g_00430	Pran.g_01901
OG0001591	Prao.g_00498	Pran.g_01831
OG0001592	Prao.g_00527	Pran.g_01794
OG0001594	Prao.g_00574	Pran.g_01710
OG0001595	Prao.g_00144	Pran.g_01470
OG0001597	Prao.g_00806	Pran.g_01278
OG0001598	Prao.g_00832	Pran.g_00416
OG0001599	Prao.g_01113	Pran.g_00083
OG0001600	Prao.g_01112	Pran.g_00082
OG0001601	Prao.g_01111	Pran.g_00081
OG0001602	Prao.g_01110	Pran.g_00080
OG0001603	Prao.g_01532	Pran.g_00613
OG0001604	Prao.g_01565	Pran.g_00983
OG0001610	Prao.g_00139	Pran.g_01477
OG0001611	Prao.g_00674	Pran.g_01435, Pran.g_00577
OG0001612	Prao.g_00717	Pran.g_01366
OG0001613	Prao.g_00810	Pran.g_00177
OG0001614	Prao.g_00928	Pran.g_00513
OG0001615	Prao.g_01323	Pran.g_00954
OG0001619	Prao.g_01250	Pran.g_00851
OG0001624	Prao.g_00808	Pran.g_01275
OG0001625	Prao.g_00935	Pran.g_00529
OG0001628	Prao.g_01520	Pran.g_00590
OG0001639	Prao.g_00248	Pran.g_00323
OG0001640	Prao.g_00318	Pran.g_00252
OG0001641	Prao.g_00499	Pran.g_01830
OG0001642	Prao.g_00501	Pran.g_01828
OG0001643	Prao.g_00523	Pran.g_01799
OG0001644	Prao.g_00524	Pran.g_01798
OG0001645	Prao.g_00526	Pran.g_01796
OG0001647	Prao.g_00572	Pran.g_01712
OG0001648	Prao.g_01178	Pran.g_01619
OG0001649	Prao.g_01184	Pran.g_01612
OG0001650	Prao.g_00647	Pran.g_01461
OG0001651	Prao.g_00681	Pran.g_01424
OG0001652	Prao.g_00682	Pran.g_01421
OG0001653	Prao.g_00709	Pran.g_01374
OG0001654	Prao.g_00715	Pran.g_01368
OG0001655	Prao.g_00723	Pran.g_01360
OG0001656	Prao.g_00746	Pran.g_01338
OG0001657	Prao.g_00798	Pran.g_01286
OG0001658	Prao.g_00809	Pran.g_01274
OG0001659	Prao.g_00857	Pran.g_00441
OG0001660	Prao.g_00936	Pran.g_00530
OG0001661	Prao.g_00939	Pran.g_00533
OG0001662	Prao.g_00944	Pran.g_00538
OG0001663	Prao.g_00961	Pran.g_00555
OG0001664	Prao.g_00962	Pran.g_00556
OG0001665	Prao.g_00985	Pran.g_00175
OG0001666	Prao.g_00989	Pran.g_00171
OG0001667	Prao.g_00992	Pran.g_00168
OG0001668	Prao.g_00998	Pran.g_00162
OG0001669	Prao.g_01010	Pran.g_00151
OG0001670	Prao.g_01011	Pran.g_00150
OG0001671	Prao.g_01017	Pran.g_00143
OG0001672	Prao.g_01022	Pran.g_00138
OG0001673	Prao.g_01023	Pran.g_00137
OG0001674	Prao.g_01024	Pran.g_00136
OG0001675	Prao.g_01138	Pran.g_00111
OG0001676	Prao.g_01133	Pran.g_00106
OG0001677	Prao.g_01114	Pran.g_00084
OG0001678	Prao.g_01042	Pran.g_00013
OG0001679	Prao.g_01034	Pran.g_00005
OG0001680	Prao.g_00981	Pran.g_00907
OG0001681	Prao.g_01302	Pran.g_00896
OG0001682	Prao.g_01292	Pran.g_00893
OG0001684	Prao.g_01478	Pran.g_00651
OG0001685	Prao.g_01485	Pran.g_00645
OG0001686	Prao.g_01488	Pran.g_00639
OG0001687	Prao.g_01494	Pran.g_00633
OG0001688	Prao.g_01497	Pran.g_00630
OG0001689	Prao.g_01500	Pran.g_00625
OG0001690	Prao.g_01502	Pran.g_00623
OG0001691	Prao.g_01504	Pran.g_00621
OG0001692	Prao.g_01557	Pran.g_00975
OG0001693	Prao.g_01802	Pran.g_01218
OG0001698	Prao.g_00602	Pran.g_01682
OG0001699	Prao.g_00145	Pran.g_01469
OG0001700	Prao.g_00676	Pran.g_01426
OG0001701	Prao.g_00678	Pran.g_01431
OG0001702	Prao.g_00695	Pran.g_01406
OG0001703	Prao.g_00710	Pran.g_01373
OG0001704	Prao.g_00937	Pran.g_01427
OG0001705	Prao.g_01146	Pran.g_00118
OG0001706	Prao.g_01134	Pran.g_00107
OG0001707	Prao.g_01109	Pran.g_00079
OG0001708	Prao.g_01313	Pran.g_00902
OG0001710	Prao.g_00938	Pran.g_00531
OG0001711	Prao.g_00184	Pran.g_00910
OG0001723	Prao.g_00680	Pran.g_00900
OG0001724	Prao.g_00728	Pran.g_01355
OG0001726	Prao.g_01149	Pran.g_00122
OG0001727	Prao.g_01341	Pran.g_01433
OG0001728	Prao.g_01291	Pran.g_00892
OG0001731	Prao.g_01509	Pran.g_00612
OG0001732	Prao.g_01525	Pran.g_00527
OG0001733	Prao.g_00519	Pran.g_01805
OG0001734	Prao.g_00149	Pran.g_01462
OG0001784	Prao.g_00630	Pran.g_01654
OG0001785	Prao.g_00692	Pran.g_01409
OG0001786	Prao.g_00770	Pran.g_01314
OG0001789	Prao.g_01321	Pran.g_00597
OG0001796	Prao.g_01127	Pran.g_00098
OG0001798	Prao.g_01339	Pran.g_00934
OG0001808	Prao.g_00530	Pran.g_01782
OG0001809	Prao.g_00698	Pran.g_01402
OG0001810	Prao.g_00711	Pran.g_01372
OG0001811	Prao.g_00712	Pran.g_01371
OG0001812	Prao.g_00713	Pran.g_01370
OG0001813	Prao.g_00714	Pran.g_01369
OG0001814	Prao.g_00807	Pran.g_01276
OG0001816	Prao.g_00984	Pran.g_00176
OG0001817	Prao.g_01147	Pran.g_00119
OG0001818	Prao.g_01144	Pran.g_00116
OG0001821	Prao.g_01299	Pran.g_00591
OG0001824	Prao.g_01496	Pran.g_00631
OG0001826	Prao.g_01530	Pran.g_00924
OG0001827	Prao.g_01300	Pran.g_00096
OG0001829	Prao.g_01523	Pran.g_00600
OG0001838	Prao.g_00525	Pran.g_01797
OG0001840	Prao.g_01326	Pran.g_00957
OG0001842	Prao.g_01288	Pran.g_00888
OG0001846	Prao.g_01480	Pran.g_00649
OG0001847	Prao.g_01506	Pran.g_00617
OG0001849	Prao.g_01510	Pran.g_00611
OG0001861	Prao.g_01141	Pran.g_00113
OG0001863	Prao.g_01131	Pran.g_00104
OG0001864	Prao.g_01533	Pran.g_00943
OG0001865	Prao.g_00002	Pran.g_01761
OG0001867	Prao.g_01324	Pran.g_00955
OG0001907	Prao.g_01343	Pran.g_01766
OG0001951	Prao.g_01354	Pran.g_00795
OG0001953	Prao.g_00201	Pran.g_00370
OG0001958	Prao.g_01128	Pran.g_00100
OG0001992	Prao.g_01540	Pran.g_01271
OG0002024	Prao.g_01325	Pran.g_00956
OG0002026	Prao.g_00010	Pran.g_01475
OG0002131	Prao.g_00562	Pran.g_01387
OG0002181	Prao.g_00531	Pran.g_01781
OG0002352	Prao.g_00563	Pran.g_01382, Pran.g_00940
OG0002355	Prao.g_01536	Pran.g_00585
OG0002525	Prao.g_01361	Pran.g_00791
